2023-01-03,112.00,125.00,125.00,110.60,58692,697123493.00,12.79,11.06,12.45,2.16
2023-01-04,124.25,122.50,124.99,120.82,40839,499849560.00,3.34,-2.00,-2.50,1.50
2023-01-05,122.19,125.00,127.01,121.60,34143,424735996.00,4.42,2.04,2.50,1.26
2023-01-06,125.01,129.21,129.60,122.30,31073,389394769.00,5.84,3.37,4.21,1.14
2023-01-09,127.50,134.56,136.58,126.10,44810,589222477.00,8.11,4.14,5.35,1.65
2023-01-10,132.98,136.20,138.50,130.50,32774,437267522.00,5.95,1.22,1.64,1.21
2023-01-11,134.99,125.71,135.93,124.29,44121,564647369.00,8.55,-7.70,-10.49,1.62
2023-01-12,125.70,128.50,129.50,124.30,25289,322050368.00,4.14,2.22,2.79,0.93
2023-01-13,129.00,129.48,131.60,127.37,22440,290451481.00,3.29,0.76,0.98,0.83
2023-01-16,130.25,135.23,140.54,130.25,41612,567500707.00,7.95,4.44,5.75,1.53
2023-01-17,141.00,137.00,142.60,135.10,28456,394049987.00,5.55,1.31,1.77,1.05
2023-01-18,137.17,153.60,153.66,137.00,64686,954706762.00,12.16,12.12,16.60,2.38
2023-01-19,150.00,155.00,161.00,148.50,53531,833382091.00,8.14,0.91,1.40,1.97
2023-01-20,156.00,153.57,158.00,146.77,59870,904013376.00,7.25,-0.92,-1.43,2.20
2023-01-30,152.01,161.01,163.65,145.21,62144,942630595.00,12.01,4.84,7.44,2.29
2023-01-31,156.89,151.00,157.20,148.56,45730,696585029.92,5.37,-6.22,-10.01,1.68