2022-01-04,11.49,11.72,11.83,11.42,55629,78181739.00,3.57,2.00,0.23,2.35
2022-01-05,11.71,11.65,11.71,11.53,37334,52302548.00,1.54,-0.60,-0.07,1.58
2022-01-06,11.58,11.55,11.63,11.51,26189,36631206.00,1.03,-0.86,-0.10,1.11
2022-01-07,11.55,11.49,11.68,11.45,35158,49022192.00,1.99,-0.52,-0.06,1.49
2022-01-10,11.51,11.60,11.65,11.48,25196,35298041.00,1.48,0.96,0.11,1.07
2022-01-11,11.62,11.73,11.88,11.62,53081,75546893.00,2.24,1.12,0.13,2.25
2022-01-12,11.73,11.79,11.80,11.61,30320,42929357.00,1.62,0.51,0.06,1.28
2022-01-13,11.79,11.48,11.91,11.48,60952,85960036.00,3.65,-2.63,-0.31,2.58
2022-01-14,11.48,11.22,11.48,11.17,36190,49507136.00,2.70,-2.26,-0.26,1.53
2022-01-17,11.16,11.31,11.33,11.11,22652,30827932.00,1.96,0.80,0.09,0.96
2022-01-18,11.13,10.82,11.16,10.75,73559,96704863.00,3.63,-4.33,-0.49,3.11
2022-01-19,10.75,10.83,10.88,10.75,24226,31699491.00,1.20,0.09,0.01,1.03
2022-01-20,10.79,10.65,10.86,10.63,27540,35664271.00,2.12,-1.66,-0.18,1.17
2022-01-21,10.62,10.51,10.64,10.48,20887,26609928.00,1.50,-1.31,-0.14,0.88
2022-01-24,10.51,10.43,10.51,10.23,20564,25664181.00,2.66,-0.76,-0.08,0.87
2022-01-25,10.33,9.77,10.40,9.77,37363,45294123.00,6.04,-6.33,-0.66,1.58
2022-01-26,9.83,9.91,10.01,9.78,23083,27681978.00,2.35,1.43,0.14,0.98
2022-01-27,9.90,9.65,9.98,9.63,17662,20989663.00,3.53,-2.62,-0.26,0.75
2022-01-28,9.70,9.84,9.99,9.52,19771,23419416.00,4.87,1.97,0.19,0.84
2022-02-07,9.93,10.09,10.18,9.93,17211,21010008.00,2.54,2.54,0.25,0.73
2022-02-08,10.10,10.29,10.29,10.02,21061,25934026.00,2.68,1.98,0.20,0.89
2022-02-09,10.35,10.34,10.37,10.20,20087,25002967.00,1.65,0.49,0.05,0.85
2022-02-10,10.32,10.33,10.34,10.26,15586,19423452.00,0.77,-0.10,-0.01,0.66
2022-02-11,10.33,10.11,10.33,10.08,20032,24705598.00,2.42,-2.13,-0.22,0.85
2022-02-14,10.08,10.11,10.18,9.98,15725,19217577.00,1.98,0.00,0.00,0.67
2022-02-15,10.12,9.98,10.19,9.92,21114,25541716.00,2.67,-1.29,-0.13,0.89
2022-02-16,10.16,10.45,10.48,10.16,42855,53808191.00,3.21,4.71,0.47,1.81
2022-02-17,10.37,10.35,10.44,10.31,26837,33666514.00,1.24,-0.96,-0.10,1.14
2022-02-18,10.21,10.43,10.48,10.20,18894,23762647.00,2.71,0.77,0.08,0.80
2022-02-21,10.43,10.45,10.45,10.33,15066,18943553.00,1.15,0.19,0.02,0.64
2022-02-22,10.37,10.30,10.38,10.23,19957,24886629.00,1.44,-1.44,-0.15,0.84
2022-02-23,10.32,10.48,10.57,10.32,26140,33034562.00,2.43,1.75,0.18,1.11
2022-02-24,10.48,10.21,10.53,10.09,32712,40869374.00,4.20,-2.58,-0.27,1.38
2022-02-25,10.24,10.30,10.43,10.24,18695,23397114.00,1.86,0.88,0.09,0.79
2022-02-28,10.28,10.23,10.31,10.10,15942,19649798.00,2.04,-0.68,-0.07,0.67
2022-03-01,10.23,10.31,10.37,10.23,12634,15793279.00,1.37,0.78,0.08,0.53
2022-03-02,10.23,10.38,10.40,10.23,15802,19765600.00,1.65,0.68,0.07,0.67
2022-03-03,10.38,10.39,10.47,10.34,18420,23196985.00,1.25,0.10,0.01,0.78
2022-03-04,10.37,10.27,10.40,10.25,18161,22675419.00,1.44,-1.15,-0.12,0.77
2022-03-07,10.14,9.95,10.24,9.87,25238,30596600.00,3.60,-3.12,-0.32,1.07
2022-03-08,9.80,9.55,9.99,9.52,22119,25925845.00,4.72,-4.02,-0.40,0.94
2022-03-09,9.58,9.22,9.64,8.82,27793,31136915.00,8.59,-3.46,-0.33,1.18
2022-03-10,9.53,9.55,9.63,9.45,24054,27806080.00,1.95,3.58,0.33,1.02
2022-03-11,9.41,9.60,9.63,9.22,13246,15112954.00,4.29,0.52,0.05,0.56
2022-03-14,9.55,9.34,9.60,9.33,11336,12981624.00,2.81,-2.71,-0.26,0.48
2022-03-15,9.31,9.02,9.49,9.01,25815,28961660.00,5.14,-3.43,-0.32,1.09
2022-03-16,9.17,9.31,9.35,8.91,19077,21245624.00,4.88,3.22,0.29,0.81
2022-03-17,9.41,9.50,9.69,9.39,25938,29959608.00,3.22,2.04,0.19,1.10
2022-03-18,9.51,9.71,9.78,9.46,19618,22996194.00,3.37,2.21,0.21,0.83
2022-03-21,9.79,9.73,9.79,9.59,18065,21208423.00,2.06,0.21,0.02,0.76
2022-03-22,9.66,9.73,9.85,9.64,17307,20437618.00,2.16,0.00,0.00,0.73
2022-03-23,9.82,9.86,9.94,9.68,17341,20730674.00,2.67,1.34,0.13,0.73
2022-03-24,9.80,9.74,9.85,9.70,12496,14767964.00,1.52,-1.22,-0.12,0.53
2022-03-25,9.74,9.75,9.90,9.74,13817,16441639.00,1.64,0.10,0.01,0.58
2022-03-28,9.84,10.16,10.19,9.75,38986,47521146.00,4.51,4.21,0.41,1.65
2022-03-29,10.17,10.01,10.21,9.93,23575,28597427.00,2.76,-1.48,-0.15,1.00
2022-03-30,10.02,10.09,10.24,10.02,28438,34786846.00,2.20,0.80,0.08,1.20
2022-03-31,10.21,10.30,10.34,10.10,44969,55693774.00,2.38,2.08,0.21,1.90
2022-04-01,10.23,10.42,10.44,10.15,33840,42268473.00,2.82,1.17,0.12,1.43
2022-04-06,10.41,10.48,10.54,10.33,27192,34360809.00,2.02,0.58,0.06,1.15
2022-04-07,10.40,10.55,10.85,10.39,55025,70972074.00,4.39,0.67,0.07,2.33
2022-04-08,10.55,10.63,10.68,10.27,42225,53565383.00,3.89,0.76,0.08,1.79
2022-04-11,10.65,10.38,10.70,10.31,32092,40765233.00,3.67,-2.35,-0.25,1.36
2022-04-12,10.37,10.38,10.46,10.15,25091,31344654.00,2.99,0.00,0.00,1.06
2022-04-13,10.40,10.15,10.40,10.12,24564,30354961.00,2.70,-2.22,-0.23,1.04
2022-04-14,10.15,10.23,10.29,10.05,20497,25252045.00,2.36,0.79,0.08,0.87
2022-04-15,10.17,10.06,10.27,10.00,20878,25551981.00,2.64,-1.66,-0.17,0.88
2022-04-18,9.96,10.21,10.28,9.66,28333,34421134.00,6.16,1.49,0.15,1.20
2022-04-19,10.21,10.57,10.68,10.13,48438,61781626.00,5.39,3.53,0.36,2.05
2022-04-20,10.51,10.41,10.63,10.36,28739,36516371.00,2.55,-1.51,-0.16,1.22
2022-04-21,10.38,9.84,10.47,9.78,33814,41232055.00,6.63,-5.48,-0.57,1.43
2022-04-22,9.90,9.84,9.99,9.59,18512,21989653.00,4.07,0.00,0.00,0.78
2022-04-25,9.68,9.01,9.73,8.89,28296,31789084.00,8.54,-8.43,-0.83,1.20
2022-04-26,9.03,9.08,9.35,8.95,30566,33778981.00,4.44,0.78,0.07,1.29
2022-04-27,9.03,9.53,9.53,9.01,27286,30656629.00,5.73,4.96,0.45,1.15
2022-04-28,9.40,9.53,9.66,9.33,25064,28883675.00,3.46,0.00,0.00,1.06
2022-04-29,9.52,9.85,9.89,9.49,26752,31525547.00,4.20,3.36,0.32,1.13
2022-05-05,9.87,10.23,10.28,9.81,41824,50992249.00,4.77,3.86,0.38,1.77
2022-05-06,9.99,10.23,10.28,9.92,38467,47323701.00,3.52,0.00,0.00,1.63
2022-05-09,10.28,10.21,10.29,10.14,25487,31538414.00,1.47,-0.20,-0.02,1.08
2022-05-10,10.30,10.06,10.36,9.99,47570,48233554.00,3.62,-1.47,-0.15,1.68
2022-05-11,10.26,10.06,10.29,10.03,44295,45089994.00,2.58,0.00,0.00,1.56
2022-05-12,10.03,9.90,10.13,9.79,38490,38244211.00,3.38,-1.59,-0.16,1.36
2022-05-13,9.91,10.09,10.48,9.90,42513,43182107.00,5.86,1.92,0.19,1.50
2022-05-16,10.09,10.01,10.17,9.96,29098,29292592.00,2.08,-0.79,-0.08,1.03
2022-05-17,9.95,9.83,10.06,9.79,29005,28607967.00,2.70,-1.80,-0.18,1.02
2022-05-18,9.83,9.78,9.89,9.76,22252,21812694.00,1.32,-0.51,-0.05,0.78
2022-05-19,9.68,9.76,9.77,9.52,32553,31281937.00,2.56,-0.20,-0.02,1.15
2022-05-20,9.77,10.09,10.12,9.70,42003,41915810.00,4.30,3.38,0.33,1.48
2022-05-23,10.04,10.12,10.17,10.00,25199,25420132.00,1.68,0.30,0.03,0.89
2022-05-24,10.12,9.63,10.18,9.63,32346,32073914.00,5.43,-4.84,-0.49,1.14
2022-05-25,9.67,10.06,10.06,9.67,27064,26773883.00,4.05,4.47,0.43,0.95
2022-05-26,10.16,10.08,10.17,9.89,22542,22601740.00,2.78,0.20,0.02,0.79
2022-05-27,10.05,10.00,10.15,9.94,21866,21941647.00,2.08,-0.79,-0.08,0.77
2022-05-30,10.07,10.05,10.07,9.92,22360,22389170.00,1.50,0.50,0.05,0.79
2022-05-31,10.05,10.12,10.15,9.96,26581,26714302.00,1.89,0.70,0.07,0.94
2022-06-01,10.11,10.22,10.25,10.03,32385,32973071.00,2.17,0.99,0.10,1.14
2022-06-02,10.25,10.18,10.25,10.06,26956,27378528.00,1.86,-0.39,-0.04,0.95
2022-06-06,10.15,10.32,10.32,10.15,34953,35884715.00,1.67,1.38,0.14,1.23
2022-06-07,10.33,10.79,10.86,10.32,106337,113446117.00,5.23,4.55,0.47,3.75
2022-06-08,10.78,10.51,10.78,10.33,67137,70627697.00,4.17,-2.59,-0.28,2.37
2022-06-09,10.52,10.35,10.52,10.21,33053,34153838.00,2.95,-1.52,-0.16,1.17
2022-06-10,10.26,10.43,10.45,10.25,27857,28940990.00,1.93,0.77,0.08,0.98
2022-06-13,10.36,10.59,10.59,10.28,38790,40587961.00,2.97,1.53,0.16,1.37
2022-06-14,10.54,10.95,11.11,10.40,105045,114210452.00,6.70,3.40,0.36,3.70
2022-06-15,10.98,10.72,11.03,10.70,74541,80518232.00,3.01,-2.10,-0.23,2.63
2022-06-16,10.69,10.65,10.78,10.55,46506,49689743.00,2.15,-0.65,-0.07,1.64
2022-06-17,10.58,10.79,10.87,10.50,50137,53974982.00,3.47,1.31,0.14,1.77
2022-06-20,10.80,10.91,10.98,10.63,53897,58422940.00,3.24,1.11,0.12,1.90
2022-06-21,10.87,10.68,10.87,10.56,48875,52364570.00,2.84,-2.11,-0.23,1.72
2022-06-22,10.77,10.48,10.77,10.45,27472,29051237.00,3.00,-1.87,-0.20,0.97
2022-06-23,10.48,10.62,10.65,10.36,32829,34525979.00,2.77,1.34,0.14,1.16
2022-06-24,10.83,11.10,11.34,10.75,145941,162294832.00,5.56,4.52,0.48,5.15
2022-06-27,11.19,11.73,11.73,11.13,178650,204307368.00,5.41,5.68,0.63,6.30
2022-06-28,11.70,11.52,11.71,11.37,114474,131350520.00,2.90,-1.79,-0.21,4.04
2022-06-29,11.52,11.47,11.71,11.37,105239,121585499.00,2.95,-0.43,-0.05,3.71
2022-06-30,11.50,11.45,11.53,11.29,72387,82606645.00,2.09,-0.17,-0.02,2.55
2022-07-01,11.45,11.34,11.52,11.34,54249,61870664.00,1.57,-0.96,-0.11,1.91
2022-07-04,11.38,11.36,11.46,11.30,48637,55342299.00,1.41,0.18,0.02,1.72
2022-07-05,11.36,11.24,11.47,11.14,59226,66692006.00,2.90,-1.06,-0.12,2.09
2022-07-06,11.17,11.00,11.24,10.88,55149,60937317.00,3.20,-2.14,-0.24,1.94
2022-07-07,11.12,11.04,11.14,10.98,31776,35115235.00,1.45,0.36,0.04,1.12
2022-07-08,11.12,10.91,11.20,10.89,47428,52310148.00,2.81,-1.18,-0.13,1.67
2022-07-11,10.91,10.60,10.96,10.48,65048,69076566.00,4.40,-2.84,-0.31,2.29
2022-07-12,10.60,10.34,10.66,10.30,41308,43130301.00,3.40,-2.45,-0.26,1.46
2022-07-13,10.35,10.62,10.62,10.35,42638,44809177.00,2.61,2.71,0.28,1.50
2022-07-14,10.53,10.50,10.60,10.44,28597,30050999.00,1.51,-1.13,-0.12,1.01
2022-07-15,10.44,10.31,10.49,10.31,35724,37028037.00,1.71,-1.81,-0.19,1.26
2022-07-18,10.32,10.52,10.52,10.32,27780,29041601.00,1.94,2.04,0.21,0.98
2022-07-19,10.45,10.59,10.60,10.45,31953,33702305.00,1.43,0.67,0.07,1.13
2022-07-20,10.60,10.79,10.85,10.54,42043,45051172.00,2.93,1.89,0.20,1.48
2022-07-21,10.79,10.57,10.79,10.53,36797,39165092.00,2.41,-2.04,-0.22,1.30
2022-07-22,10.62,10.53,10.69,10.42,28489,30075790.00,2.55,-0.38,-0.04,1.00
2022-07-25,10.48,10.25,10.60,10.16,33138,34242769.00,4.18,-2.66,-0.28,1.17
2022-07-26,10.34,10.30,10.36,10.12,26125,26710691.00,2.34,0.49,0.05,0.92
2022-07-27,10.29,10.19,10.29,10.17,22279,22741477.00,1.17,-1.07,-0.11,0.79
2022-07-28,10.24,10.24,10.29,10.20,25243,25862599.00,0.88,0.49,0.05,0.89
2022-07-29,10.27,10.52,10.88,10.27,87135,92438510.00,5.96,2.73,0.28,3.07
2022-08-01,10.41,10.25,10.60,10.17,60478,62047319.00,4.09,-2.57,-0.27,2.13
2022-08-02,10.12,9.84,10.14,9.80,52673,52222321.00,3.32,-4.00,-0.41,1.86
2022-08-03,9.86,9.82,10.04,9.80,26289,26083477.00,2.44,-0.20,-0.02,0.93
2022-08-04,9.82,9.96,9.97,9.81,20038,19783412.00,1.63,1.43,0.14,0.71
2022-08-05,10.01,10.00,10.01,9.88,21097,20990084.00,1.31,0.40,0.04,0.74
2022-08-08,10.00,10.04,10.05,9.92,18685,18703002.00,1.30,0.40,0.04,0.66
2022-08-09,10.04,10.00,10.06,9.95,22545,22501463.00,1.10,-0.40,-0.04,0.80
2022-08-10,9.99,10.15,10.15,9.93,36123,36283599.00,2.20,1.50,0.15,1.27
2022-08-11,10.15,10.24,10.26,10.10,28872,29413291.00,1.58,0.89,0.09,1.02
2022-08-12,10.24,10.21,10.32,10.19,23563,24154244.00,1.27,-0.29,-0.03,0.83
2022-08-15,10.21,10.20,10.24,10.11,21455,21852958.00,1.27,-0.10,-0.01,0.76
2022-08-16,10.22,10.22,10.27,10.17,23550,24042536.00,0.98,0.20,0.02,0.83
2022-08-17,10.22,10.22,10.26,10.14,18786,19149906.00,1.17,0.00,0.00,0.66
2022-08-18,10.24,10.06,10.24,10.04,23588,23815994.00,1.96,-1.57,-0.16,0.83
2022-08-19,10.08,9.96,10.13,9.95,21679,21713828.00,1.79,-0.99,-0.10,0.76
2022-08-22,9.98,10.07,10.07,9.87,18423,18415845.00,2.01,1.10,0.11,0.65
2022-08-23,10.05,10.11,10.11,9.96,19902,19970533.00,1.49,0.40,0.04,0.70
2022-08-24,10.13,10.01,10.18,9.97,34206,34388225.00,2.08,-0.99,-0.10,1.21
2022-08-25,9.96,10.02,10.03,9.88,23921,23814135.00,1.50,0.10,0.01,0.84
2022-08-26,9.99,9.91,10.05,9.89,22476,22367612.00,1.60,-1.10,-0.11,0.79
2022-08-29,9.81,9.88,9.89,9.75,18785,18453816.00,1.41,-0.30,-0.03,0.66
2022-08-30,9.89,9.76,9.94,9.74,27889,27332364.00,2.02,-1.21,-0.12,0.98
2022-08-31,9.75,9.53,9.75,9.50,37373,35782986.00,2.56,-2.36,-0.23,1.32
2022-09-01,9.50,9.43,9.56,9.41,22795,21641855.00,1.57,-1.05,-0.10,0.80
2022-09-02,9.48,9.55,9.63,9.45,18935,18044553.00,1.91,1.27,0.12,0.67
2022-09-05,9.56,9.64,9.70,9.56,15913,15351376.00,1.47,0.94,0.09,0.56
2022-09-06,9.60,9.87,9.88,9.60,31458,30749713.00,2.90,2.39,0.23,1.11
2022-09-07,9.87,9.82,9.90,9.78,16442,16160570.00,1.22,-0.51,-0.05,0.58
2022-09-08,9.90,9.76,9.91,9.74,14037,13721448.00,1.73,-0.61,-0.06,0.50
2022-09-09,9.75,9.81,9.81,9.71,16480,16088341.00,1.02,0.51,0.05,0.58
2022-09-13,9.82,9.76,9.86,9.71,12654,12362302.00,1.53,-0.51,-0.05,0.45
2022-09-14,9.65,9.61,9.65,9.53,15706,15058022.00,1.23,-1.54,-0.15,0.55
2022-09-15,9.60,9.39,9.66,9.32,24923,23582122.00,3.54,-2.29,-0.22,0.88
2022-09-16,9.39,9.14,9.45,9.12,19378,17904420.00,3.51,-2.66,-0.25,0.68
2022-09-19,9.13,8.98,9.13,8.91,18140,16332620.00,2.41,-1.75,-0.16,0.64
2022-09-20,9.03,9.07,9.15,9.02,9289,8434794.00,1.45,1.00,0.09,0.33
2022-09-21,9.02,9.17,9.21,8.91,13628,12379828.00,3.31,1.10,0.10,0.48
2022-09-22,9.18,9.06,9.18,9.05,12539,11408471.00,1.42,-1.20,-0.11,0.44
2022-09-23,9.00,8.86,9.10,8.82,21386,19102561.00,3.09,-2.21,-0.20,0.75
2022-09-26,8.81,8.73,9.02,8.62,18464,16277552.00,4.51,-1.47,-0.13,0.65
2022-09-27,8.78,8.83,8.86,8.69,16705,14632273.00,1.95,1.15,0.10,0.59
2022-09-28,8.81,8.60,8.81,8.60,18207,15767655.00,2.38,-2.60,-0.23,0.64
2022-09-29,8.68,8.60,8.74,8.52,12423,10747178.00,2.56,0.00,0.00,0.44
2022-09-30,8.65,8.59,8.68,8.53,8603,7413544.00,1.74,-0.12,-0.01,0.30
2022-10-10,8.80,8.46,8.83,8.43,13716,11786093.00,4.66,-1.51,-0.13,0.48
2022-10-11,8.50,8.53,8.55,8.41,8952,7602596.00,1.65,0.83,0.07,0.32
2022-10-12,8.57,8.70,8.70,8.41,13977,11962089.00,3.40,1.99,0.17,0.49
2022-10-13,8.62,8.71,8.78,8.60,13942,12147641.00,2.07,0.11,0.01,0.49
2022-10-14,8.72,8.90,8.94,8.71,22992,20390595.00,2.64,2.18,0.19,0.81
2022-10-17,8.89,9.02,9.08,8.84,15172,13619955.00,2.70,1.35,0.12,0.54
2022-10-18,9.02,8.95,9.06,8.91,13123,11782797.00,1.66,-0.78,-0.07,0.46
2022-10-19,8.95,8.90,9.08,8.84,16776,14999738.00,2.68,-0.56,-0.05,0.59
2022-10-20,8.88,8.88,8.93,8.74,14604,12908841.00,2.13,-0.22,-0.02,0.52
2022-10-21,8.88,8.81,8.91,8.78,9250,8177661.00,1.46,-0.79,-0.07,0.33
2022-10-24,8.82,8.65,8.89,8.54,19980,17405385.00,3.97,-1.82,-0.16,0.70
2022-10-25,8.65,8.72,8.74,8.56,17536,15194773.00,2.08,0.81,0.07,0.62
2022-10-26,8.58,8.77,8.84,8.58,22259,19445064.00,2.98,0.57,0.05,0.78
2022-10-27,8.70,8.76,8.79,8.69,12490,10920394.00,1.14,-0.11,-0.01,0.44
2022-10-28,8.70,8.28,8.75,8.28,30670,25988149.00,5.37,-5.48,-0.48,1.08
2022-10-31,8.30,8.41,8.49,8.20,19634,16426321.00,3.50,1.57,0.13,0.69
2022-11-01,8.40,8.56,8.59,8.35,18297,15507874.00,2.85,1.78,0.15,0.65
2022-11-02,8.55,8.60,8.69,8.51,15815,13583056.00,2.10,0.47,0.04,0.56
2022-11-03,8.55,8.53,8.57,8.48,14761,12583860.00,1.05,-0.81,-0.07,0.52
2022-11-04,8.53,8.81,8.85,8.51,35998,31335923.00,3.99,3.28,0.28,1.27
2022-11-07,8.80,8.84,8.94,8.74,27165,23969570.00,2.27,0.34,0.03,0.96
2022-11-08,8.80,8.76,8.81,8.72,19182,16784652.00,1.02,-0.90,-0.08,0.68
2022-11-09,8.77,8.72,8.81,8.71,16650,14585898.00,1.14,-0.46,-0.04,0.59
2022-11-10,8.71,8.66,8.73,8.60,15417,13355343.00,1.49,-0.69,-0.06,0.54
2022-11-11,8.80,8.84,8.88,8.75,26880,23663625.00,1.50,2.08,0.18,0.95
2022-11-14,8.88,8.79,8.95,8.75,29970,26561635.00,2.26,-0.57,-0.05,1.06
2022-11-15,8.79,8.92,8.93,8.73,30415,26988326.00,2.28,1.48,0.13,1.07
2022-11-16,8.92,8.88,8.98,8.85,21530,19171248.00,1.46,-0.45,-0.04,0.76
2022-11-17,8.87,8.89,8.91,8.82,14856,13169868.00,1.01,0.11,0.01,0.52
2022-11-18,8.89,8.78,8.91,8.73,20098,17743992.00,2.02,-1.24,-0.11,0.71
2022-11-21,8.75,8.82,8.84,8.67,10865,9508993.00,1.94,0.46,0.04,0.38
2022-11-22,8.80,8.78,8.90,8.77,17288,15274657.00,1.47,-0.45,-0.04,0.61
2022-11-23,8.79,8.79,8.82,8.72,13581,11914368.00,1.14,0.11,0.01,0.48
2022-11-24,8.79,8.78,8.88,8.76,12905,11364291.00,1.37,-0.11,-0.01,0.46
2022-11-25,8.83,8.80,8.83,8.75,10765,9473225.00,0.91,0.23,0.02,0.38
2022-11-28,8.77,8.77,8.79,8.56,16917,14707763.00,2.61,-0.34,-0.03,0.60
2022-11-29,8.77,8.93,8.94,8.77,26483,23519983.00,1.94,1.82,0.16,0.93
2022-11-30,9.11,8.97,9.24,8.94,55728,50647090.00,3.36,0.45,0.04,1.97
2022-12-01,9.03,9.01,9.12,8.98,29174,26380796.00,1.56,0.45,0.04,1.03
2022-12-02,9.06,9.02,9.06,8.95,20985,18888914.00,1.22,0.11,0.01,0.74
2022-12-05,9.06,9.20,9.22,9.03,38362,35066888.00,2.11,2.00,0.18,1.35
2022-12-06,9.17,9.15,9.20,9.12,22856,20913738.00,0.87,-0.54,-0.05,0.81
2022-12-07,9.13,9.08,9.15,9.05,24929,22654941.00,1.09,-0.77,-0.07,0.88
2022-12-08,9.08,9.04,9.13,9.00,23392,21183413.00,1.43,-0.44,-0.04,0.82
2022-12-09,9.06,9.05,9.09,8.97,17853,16080265.00,1.33,0.11,0.01,0.63
2022-12-12,9.00,8.90,9.04,8.87,18732,16710676.00,1.88,-1.66,-0.15,0.66
2022-12-13,8.89,8.88,8.94,8.87,13537,12047426.00,0.79,-0.22,-0.02,0.48
2022-12-14,8.94,8.87,8.94,8.85,13242,11763355.00,1.01,-0.11,-0.01,0.47
2022-12-15,8.87,8.83,8.92,8.82,13739,12154019.00,1.13,-0.45,-0.04,0.48
2022-12-16,8.81,8.83,8.91,8.75,16616,14642966.00,1.81,0.00,0.00,0.59
2022-12-19,8.83,8.56,8.91,8.50,20937,18133253.00,4.64,-3.06,-0.27,0.74
2022-12-20,8.51,8.52,8.61,8.44,14813,12635571.00,1.99,-0.47,-0.04,0.52
2022-12-21,8.52,8.46,8.58,8.43,10017,8501309.00,1.76,-0.70,-0.06,0.35
2022-12-22,8.49,8.29,8.52,8.25,14722,12291879.00,3.19,-2.01,-0.17,0.52
2022-12-23,8.29,8.27,8.37,8.17,11426,9436840.00,2.41,-0.24,-0.02,0.40
2022-12-26,8.27,8.30,8.35,8.24,11839,9810360.00,1.33,0.36,0.03,0.42
2022-12-27,8.30,8.33,8.34,8.26,11751,9761838.00,0.96,0.36,0.03,0.41
2022-12-28,8.33,8.17,8.33,8.15,16315,13407364.00,2.16,-1.92,-0.16,0.58
2022-12-29,8.20,8.13,8.20,8.09,13910,11302602.00,1.35,-0.49,-0.04,0.49
2022-12-30,8.13,8.15,8.19,8.11,8418,6851393.00,0.98,0.25,0.02,0.30