2020-01-02,6.66,6.92,7.03,6.66,311814,246088768.00,5.58,4.37,0.29,0.71
2020-01-03,6.98,6.99,7.11,6.94,212965,171530839.00,2.46,1.01,0.07,0.48
2020-01-06,6.95,6.86,6.98,6.84,175796,139913215.00,2.00,-1.86,-0.13,0.40
2020-01-07,6.90,6.96,6.97,6.88,120524,96257231.00,1.31,1.46,0.10,0.27
2020-01-08,6.96,6.83,6.96,6.80,109457,86663222.00,2.30,-1.87,-0.13,0.25
2020-01-09,6.90,6.90,6.94,6.83,86562,68648815.00,1.61,1.02,0.07,0.20
2020-01-10,6.93,6.87,6.95,6.84,63930,50656966.00,1.59,-0.43,-0.03,0.14
2020-01-13,6.86,6.88,6.88,6.81,70988,56116008.00,1.02,0.15,0.01,0.16
2020-01-14,6.89,6.90,6.92,6.88,104093,82734852.00,0.58,0.29,0.02,0.24
2020-01-15,6.91,6.85,6.92,6.80,81879,64706344.00,1.74,-0.72,-0.05,0.19
2020-01-16,6.89,6.79,6.89,6.79,55643,43890230.00,1.46,-0.88,-0.06,0.13
2020-01-17,6.81,6.79,6.84,6.75,57127,44787996.00,1.33,0.00,0.00,0.13
2020-01-20,6.77,6.78,6.83,6.73,80698,63172867.00,1.47,-0.15,-0.01,0.18
2020-01-21,6.78,6.64,6.78,6.64,76033,58841163.00,2.06,-2.06,-0.14,0.17
2020-01-22,6.58,6.58,6.60,6.47,92360,70120746.00,1.96,-0.90,-0.06,0.21
2020-01-23,6.54,6.39,6.55,6.35,129544,97061005.00,3.04,-2.89,-0.19,0.29
2020-02-03,5.65,5.65,5.75,5.65,127777,85644055.00,1.56,-11.58,-0.74,0.29
2020-02-04,5.55,5.65,5.79,5.50,183452,123378101.00,5.13,0.00,0.00,0.42
2020-02-05,5.70,5.74,5.83,5.65,127897,86969565.00,3.19,1.59,0.09,0.29
2020-02-06,5.77,5.81,5.83,5.71,108047,73684496.00,2.09,1.22,0.07,0.24
2020-02-07,5.78,5.84,5.85,5.70,112298,76466695.00,2.58,0.52,0.03,0.25
2020-02-10,5.80,5.88,5.89,5.74,83532,57534508.00,2.57,0.68,0.04,0.19
2020-02-11,5.89,5.86,5.94,5.84,107839,74757192.00,1.70,-0.34,-0.02,0.24
2020-02-12,5.87,5.88,5.90,5.79,62348,43031309.00,1.88,0.34,0.02,0.14
2020-02-13,5.85,5.94,5.98,5.80,114623,79530105.00,3.06,1.02,0.06,0.26
2020-02-14,5.92,6.01,6.13,5.89,84252,59666926.00,4.04,1.18,0.07,0.19
2020-02-17,6.04,6.10,6.11,6.02,65213,46427369.00,1.50,1.50,0.09,0.15
2020-02-18,6.10,6.07,6.17,6.05,66686,47598537.00,1.97,-0.49,-0.03,0.15
2020-02-19,6.08,6.06,6.11,6.02,66323,47185914.00,1.48,-0.16,-0.01,0.15
2020-02-20,6.06,6.18,6.19,6.04,88814,63692246.00,2.48,1.98,0.12,0.20
2020-02-21,6.18,6.14,6.23,6.13,83157,60031244.00,1.62,-0.65,-0.04,0.19
2020-02-24,6.13,6.03,6.14,5.99,129517,91856467.00,2.44,-1.79,-0.11,0.29
2020-02-25,5.89,5.89,5.94,5.79,128584,89053273.00,2.49,-2.32,-0.14,0.29
2020-02-26,5.81,6.06,6.20,5.80,162411,114845286.00,6.79,2.89,0.17,0.37
2020-02-27,6.00,5.96,6.10,5.95,103140,72745393.00,2.48,-1.65,-0.10,0.23
2020-02-28,5.86,5.76,5.89,5.71,100843,69010610.00,3.02,-3.36,-0.20,0.23
2020-03-02,5.81,5.88,5.91,5.78,117894,81452198.00,2.26,2.08,0.12,0.27
2020-03-03,5.94,5.87,5.98,5.86,104474,72688454.00,2.04,-0.17,-0.01,0.24
2020-03-04,5.87,5.95,5.97,5.84,85800,59765730.00,2.21,1.36,0.08,0.19
2020-03-05,6.01,6.02,6.10,5.97,142444,101000931.00,2.18,1.18,0.07,0.32
2020-03-06,6.01,6.07,6.14,5.97,131933,93776248.00,2.82,0.83,0.05,0.30
2020-03-09,6.03,5.82,6.03,5.82,131398,91285149.00,3.46,-4.12,-0.25,0.30
2020-03-10,5.75,5.89,5.92,5.74,114141,78612613.00,3.09,1.20,0.07,0.26
2020-03-11,5.89,5.87,5.99,5.85,90400,62865604.00,2.38,-0.34,-0.02,0.20
2020-03-12,5.78,5.75,5.86,5.72,93494,63760875.00,2.39,-2.04,-0.12,0.21
2020-03-13,5.55,5.59,5.64,5.47,133765,88302565.00,2.96,-2.78,-0.16,0.30
2020-03-16,5.65,5.43,5.65,5.42,143853,94942078.00,4.11,-2.86,-0.16,0.33
2020-03-17,5.43,5.33,5.54,5.20,146820,93676687.00,6.26,-1.84,-0.10,0.33
2020-03-18,5.34,5.18,5.42,5.18,118890,75413610.00,4.50,-2.81,-0.15,0.27
2020-03-19,5.17,5.13,5.32,5.07,126598,78719846.00,4.83,-0.97,-0.05,0.29
2020-03-20,5.18,5.26,5.28,5.13,87944,55045026.00,2.92,2.53,0.13,0.20
2020-03-23,5.13,5.04,5.16,5.04,104147,63959598.00,2.28,-4.18,-0.22,0.24
2020-03-24,5.13,5.07,5.13,4.98,105599,64556862.00,2.98,0.60,0.03,0.24
2020-03-25,5.15,5.21,5.25,5.12,123660,77062875.00,2.56,2.76,0.14,0.28
2020-03-26,5.16,5.19,5.25,5.14,67184,41993791.00,2.11,-0.38,-0.02,0.15
2020-03-27,5.25,5.36,5.59,5.23,150695,97678069.00,6.94,3.28,0.17,0.34
2020-03-30,5.25,5.36,5.42,5.23,97448,62019699.00,3.54,0.00,0.00,0.22
2020-03-31,5.41,5.28,5.41,5.25,71827,45738393.00,2.99,-1.49,-0.08,0.16
2020-04-01,5.25,5.22,5.32,5.20,64730,40819370.00,2.27,-1.14,-0.06,0.15
2020-04-02,5.19,5.25,5.29,5.12,69310,43329821.00,3.26,0.57,0.03,0.16
2020-04-03,5.25,5.25,5.33,5.18,51433,32474476.00,2.86,0.00,0.00,0.12
2020-04-07,5.33,5.44,5.48,5.31,87225,56338595.00,3.24,3.62,0.19,0.20
2020-04-08,5.38,5.49,5.51,5.36,75758,49246648.00,2.76,0.92,0.05,0.17
2020-04-09,5.50,5.43,5.51,5.41,43324,28112182.00,1.82,-1.09,-0.06,0.10
2020-04-10,5.43,5.30,5.48,5.26,69379,44393048.00,4.05,-2.39,-0.13,0.16
2020-04-13,5.30,5.23,5.31,5.21,52258,32868805.00,1.89,-1.32,-0.07,0.12
2020-04-14,5.26,5.25,5.32,5.21,85414,53775638.00,2.10,0.38,0.02,0.19
2020-04-15,5.25,5.33,5.38,5.23,73346,46683506.00,2.86,1.52,0.08,0.17
2020-04-16,5.31,5.36,5.41,5.29,82034,52576253.00,2.25,0.56,0.03,0.19
2020-04-17,5.37,5.36,5.42,5.33,80954,51987034.00,1.68,0.00,0.00,0.18
2020-04-20,5.36,5.33,5.39,5.31,42233,27008825.00,1.49,-0.56,-0.03,0.10
2020-04-21,5.26,5.21,5.33,5.16,65174,40893923.00,3.19,-2.25,-0.12,0.15
2020-04-22,5.16,5.20,5.24,5.14,41025,25593504.00,1.92,-0.19,-0.01,0.09
2020-04-23,5.24,5.18,5.26,5.17,62615,39222657.00,1.73,-0.38,-0.02,0.14
2020-04-24,5.18,5.16,5.21,5.11,55648,34560657.00,1.93,-0.39,-0.02,0.13
2020-04-27,5.17,5.15,5.24,5.12,61549,38403968.00,2.33,-0.19,-0.01,0.14
2020-04-28,5.16,5.07,5.19,4.99,82454,50551930.00,3.88,-1.55,-0.08,0.19
2020-04-29,5.08,5.22,5.31,5.05,98761,61986670.00,5.13,2.96,0.15,0.22
2020-04-30,5.25,5.35,5.40,5.20,111115,70863128.00,3.83,2.49,0.13,0.25
2020-05-06,5.33,5.21,5.40,5.07,272170,170431779.00,6.17,-2.62,-0.14,0.62
2020-05-07,5.19,5.08,5.19,5.07,159459,97995368.00,2.30,-2.50,-0.13,0.36
2020-05-08,5.10,5.12,5.13,5.08,96023,59082753.00,0.98,0.79,0.04,0.22
2020-05-11,5.13,5.13,5.17,5.09,68272,42168711.00,1.56,0.20,0.01,0.15
2020-05-12,5.15,5.14,5.19,5.11,66755,41374043.00,1.56,0.19,0.01,0.15
2020-05-13,5.13,5.09,5.17,5.07,81545,50178005.00,1.95,-0.97,-0.05,0.18
2020-05-14,5.06,5.01,5.07,5.00,102538,62319433.00,1.38,-1.57,-0.08,0.23
2020-05-15,5.04,5.03,5.10,5.00,87144,53049976.00,2.00,0.40,0.02,0.20
2020-05-18,5.03,4.99,5.05,4.96,85787,51803219.00,1.79,-0.80,-0.04,0.19
2020-05-19,5.04,5.00,5.04,4.97,80253,48524830.00,1.40,0.20,0.01,0.18
2020-05-20,4.98,4.98,5.01,4.96,86314,52014459.00,1.00,-0.40,-0.02,0.20
2020-05-21,4.99,4.96,5.00,4.96,60790,36620880.00,0.80,-0.40,-0.02,0.14
2020-05-22,4.95,4.91,5.01,4.91,73914,44394691.00,2.02,-1.01,-0.05,0.17
2020-05-25,4.90,4.92,4.97,4.87,65075,38849263.00,2.04,0.20,0.01,0.15
2020-05-26,4.91,4.95,4.95,4.90,45829,27424697.00,1.02,0.61,0.03,0.10
2020-05-27,4.95,5.08,5.14,4.93,125696,76683025.00,4.24,2.63,0.13,0.28
2020-05-28,5.10,5.02,5.12,5.00,81608,49711192.00,2.36,-1.18,-0.06,0.18
2020-05-29,5.00,5.04,5.05,4.98,68909,41868992.00,1.39,0.40,0.02,0.16
2020-06-01,5.07,5.11,5.11,5.04,91412,56111725.00,1.39,1.39,0.07,0.21
2020-06-02,5.16,5.15,5.16,5.10,75060,46466390.00,1.17,0.78,0.04,0.17
2020-06-03,5.16,5.10,5.19,5.10,72467,44830362.00,1.75,-0.97,-0.05,0.16
2020-06-04,5.11,5.11,5.16,5.08,54513,33603541.00,1.57,0.20,0.01,0.12
2020-06-05,5.13,5.10,5.14,5.07,44713,27473729.00,1.37,-0.20,-0.01,0.10
2020-06-08,5.15,5.12,5.17,5.09,54216,33466146.00,1.57,0.39,0.02,0.12
2020-06-09,5.11,5.12,5.14,5.07,44901,27681672.00,1.37,0.00,0.00,0.10
2020-06-10,5.13,5.30,5.37,5.10,199679,126282680.00,5.27,3.52,0.18,0.45
2020-06-11,5.28,5.16,5.29,5.14,127450,79636287.00,2.83,-2.64,-0.14,0.29
2020-06-12,5.00,5.02,5.08,4.96,181888,110447591.00,2.33,-2.71,-0.14,0.41
2020-06-15,4.95,4.86,5.05,4.86,267510,160316625.00,3.78,-3.19,-0.16,0.61
2020-06-16,4.91,4.88,4.95,4.84,150403,89134808.00,2.26,0.41,0.02,0.34
2020-06-17,4.88,4.87,4.90,4.83,116281,68760519.00,1.43,-0.20,-0.01,0.26
2020-06-18,4.84,4.86,4.88,4.84,91679,54163348.00,0.82,-0.21,-0.01,0.21
2020-06-19,4.87,4.90,4.91,4.86,98192,58252886.00,1.03,0.82,0.04,0.22
2020-06-22,4.92,4.89,4.95,4.89,104864,62499920.00,1.22,-0.20,-0.01,0.24
2020-06-23,4.91,4.86,4.92,4.85,105383,62392959.00,1.43,-0.61,-0.03,0.24
2020-06-24,4.87,4.86,4.88,4.84,61706,36429622.00,0.82,0.00,0.00,0.14
2020-06-29,4.85,4.73,4.85,4.72,121430,70775492.00,2.67,-2.67,-0.13,0.27
2020-06-30,4.75,4.77,4.79,4.73,107144,62228411.00,1.27,0.85,0.04,0.24
2020-07-01,4.77,4.80,4.81,4.75,82459,48078594.00,1.26,0.63,0.03,0.19
2020-07-02,4.82,4.95,4.96,4.81,168334,100247804.00,3.13,3.13,0.15,0.38
2020-07-03,4.97,5.32,5.41,4.97,385969,240700786.00,8.89,7.47,0.37,0.87
2020-07-06,5.36,5.55,5.57,5.35,289377,187795516.00,4.14,4.32,0.23,0.65
2020-07-07,5.57,5.43,5.65,5.37,260014,170219684.00,5.05,-2.16,-0.12,0.59
2020-07-08,5.49,5.44,5.50,5.33,204480,126181769.00,3.13,0.18,0.01,0.46
2020-07-09,5.45,5.52,5.54,5.40,234163,146553690.00,2.57,1.47,0.08,0.53
2020-07-10,5.48,5.39,5.51,5.37,188401,116875756.00,2.54,-2.36,-0.13,0.43
2020-07-13,5.38,5.49,5.51,5.35,248946,154786652.00,2.97,1.86,0.10,0.56
2020-07-14,5.50,5.45,5.54,5.36,197311,122740078.00,3.28,-0.73,-0.04,0.45
2020-07-15,5.49,5.37,5.54,5.34,154334,95647889.00,3.67,-1.47,-0.08,0.35
2020-07-16,5.36,5.24,5.39,5.23,171322,104140500.00,2.98,-2.42,-0.13,0.39
2020-07-17,5.24,5.23,5.33,5.17,118047,70871684.00,3.05,-0.19,-0.01,0.27
2020-07-20,5.28,5.38,5.40,5.20,134836,82059445.00,3.82,2.87,0.15,0.31
2020-07-21,5.40,5.41,5.48,5.36,135420,83777562.00,2.23,0.56,0.03,0.31
2020-07-22,5.41,5.55,5.61,5.38,287714,181358280.00,4.25,2.59,0.14,0.65
2020-07-23,5.50,5.60,5.68,5.43,199620,125888591.00,4.50,0.90,0.05,0.45
2020-07-24,5.60,5.33,5.61,5.32,184875,114537826.00,5.18,-4.82,-0.27,0.42
2020-07-27,5.33,5.31,5.38,5.24,82380,49987317.00,2.63,-0.38,-0.02,0.19
2020-07-28,5.32,5.33,5.40,5.28,68898,42048540.00,2.26,0.38,0.02,0.16
2020-07-29,5.33,5.40,5.45,5.25,105475,64753528.00,3.75,1.31,0.07,0.24
2020-07-30,5.39,5.34,5.41,5.33,88970,54490869.00,1.48,-1.11,-0.06,0.20
2020-07-31,5.32,5.32,5.42,5.27,91344,55831766.00,2.81,-0.37,-0.02,0.21
2020-08-03,5.35,5.42,5.49,5.34,141356,87339950.00,2.82,1.88,0.10,0.32
2020-08-04,5.45,5.52,5.59,5.38,186724,116672096.00,3.87,1.85,0.10,0.42
2020-08-05,5.52,5.47,5.52,5.43,112624,70203667.00,1.63,-0.91,-0.05,0.25
2020-08-06,5.48,5.43,5.48,5.37,88782,54921885.00,2.01,-0.73,-0.04,0.20
2020-08-07,5.41,5.40,5.53,5.37,141811,88159351.00,2.95,-0.55,-0.03,0.32
2020-08-10,5.43,5.52,5.56,5.38,143016,89379214.00,3.33,2.22,0.12,0.32
2020-08-11,5.55,5.53,5.59,5.48,166658,105093885.00,1.99,0.18,0.01,0.39
2020-08-12,5.54,5.70,5.83,5.53,227493,146923072.00,5.42,3.07,0.17,0.53
2020-08-13,5.74,5.65,5.78,5.61,147753,95414008.00,2.98,-0.88,-0.05,0.34
2020-08-14,5.66,5.73,5.77,5.56,147289,95156170.00,3.72,1.42,0.08,0.34
2020-08-17,5.73,5.93,6.02,5.70,235984,157075760.00,5.58,3.49,0.20,0.55
2020-08-18,5.91,5.89,5.92,5.84,123232,81858625.00,1.35,-0.67,-0.04,0.29
2020-08-19,5.83,5.77,5.93,5.72,143210,94447268.00,3.57,-2.04,-0.12,0.33
2020-08-20,5.72,6.06,6.09,5.67,413360,278515680.00,7.28,5.03,0.29,0.96
2020-08-21,6.09,6.51,6.63,6.00,494270,352090192.00,10.40,7.43,0.45,1.14
2020-08-24,6.43,6.36,6.50,6.24,268956,191728985.00,3.99,-2.30,-0.15,0.62
2020-08-25,6.36,6.28,6.47,6.17,208576,147160802.00,4.72,-1.26,-0.08,0.48
2020-08-26,6.21,6.17,6.44,6.10,207427,146313005.00,5.41,-1.75,-0.11,0.48
2020-08-27,6.19,6.23,6.27,6.08,152801,106269226.00,3.08,0.97,0.06,0.35
2020-08-28,6.21,6.22,6.27,6.09,138275,96113749.00,2.89,-0.16,-0.01,0.32
2020-08-31,6.22,6.27,6.35,6.15,185728,130668249.00,3.22,0.80,0.05,0.43
2020-09-01,6.27,6.38,6.45,6.26,124613,88729124.00,3.03,1.75,0.11,0.29
2020-09-02,6.38,6.34,6.56,6.32,156431,112342731.00,3.76,-0.63,-0.04,0.36
2020-09-03,6.34,6.05,6.37,6.01,176808,122332961.00,5.68,-4.57,-0.29,0.41
2020-09-04,5.91,5.85,5.98,5.82,125320,83125008.00,2.64,-3.31,-0.20,0.29
2020-09-07,5.85,5.96,6.05,5.83,136363,91304260.00,3.76,1.88,0.11,0.32
2020-09-08,5.94,6.04,6.04,5.89,83880,56551300.00,2.52,1.34,0.08,0.19
2020-09-09,6.01,5.98,6.11,5.86,87657,59081200.00,4.14,-0.99,-0.06,0.20
2020-09-10,6.05,5.83,6.07,5.82,82506,55465798.00,4.18,-2.51,-0.15,0.19
2020-09-11,5.85,5.99,6.01,5.79,85225,56951295.00,3.77,2.74,0.16,0.20
2020-09-14,5.99,5.93,6.05,5.87,70547,47357004.00,3.01,-1.00,-0.06,0.16
2020-09-15,5.98,5.89,6.00,5.85,51273,34175641.00,2.53,-0.67,-0.04,0.12
2020-09-16,5.91,5.94,5.97,5.81,94044,62661998.00,2.72,0.85,0.05,0.22
2020-09-17,5.94,5.87,5.95,5.81,78080,51876640.00,2.36,-1.18,-0.07,0.18
2020-09-18,5.87,5.91,5.93,5.83,56711,37798066.00,1.70,0.68,0.04,0.13
2020-09-21,5.93,5.90,5.99,5.61,235643,154060461.00,6.43,-0.17,-0.01,0.55
2020-09-22,5.63,5.76,5.97,5.62,164651,107737374.00,5.93,-2.37,-0.14,0.38
2020-09-23,5.80,5.69,5.82,5.66,88119,57101687.00,2.78,-1.22,-0.07,0.20
2020-09-24,5.70,5.48,5.72,5.47,85395,54015257.00,4.39,-3.69,-0.21,0.20
2020-09-25,5.53,5.45,5.55,5.39,52968,32987754.00,2.92,-0.55,-0.03,0.12
2020-09-28,5.47,5.47,5.50,5.39,45389,28248972.00,2.02,0.37,0.02,0.11
2020-09-29,5.49,5.61,5.66,5.48,65048,41486001.00,3.29,2.56,0.14,0.15
2020-09-30,5.63,5.46,5.70,5.43,73337,46366345.00,4.81,-2.67,-0.15,0.17
2020-10-09,5.58,5.86,5.88,5.48,116883,75692366.00,7.33,7.33,0.40,0.27
2020-10-12,5.87,5.97,6.18,5.87,125240,85099429.00,5.29,1.88,0.11,0.29
2020-10-13,6.00,6.48,6.58,5.91,318804,226963358.00,11.22,8.54,0.51,0.74
2020-10-14,6.47,6.77,6.89,6.41,357164,267380253.00,7.41,4.48,0.29,0.83
2020-10-15,6.69,6.79,6.92,6.52,219933,164838549.00,5.91,0.30,0.02,0.51
2020-10-16,6.79,6.71,6.90,6.67,155036,116801761.00,3.39,-1.18,-0.08,0.36
2020-10-19,6.78,6.63,6.92,6.59,168121,125997962.00,4.92,-1.19,-0.08,0.39
2020-10-20,6.71,6.62,6.72,6.57,151805,112265358.00,2.26,-0.15,-0.01,0.35
2020-10-21,6.67,6.64,6.73,6.48,102931,75903171.00,3.78,0.30,0.02,0.24
2020-10-22,6.64,6.67,6.82,6.55,147446,109750573.00,4.07,0.45,0.03,0.34
2020-10-23,6.67,6.51,6.85,6.49,150946,111903126.00,5.40,-2.40,-0.16,0.35
2020-10-26,6.54,6.37,6.57,6.27,116173,82723400.00,4.61,-2.15,-0.14,0.27
2020-10-27,6.33,6.27,6.37,6.23,70661,49760176.00,2.20,-1.57,-0.10,0.16
2020-10-28,6.32,6.27,6.39,6.19,84593,59582603.00,3.19,0.00,0.00,0.20
2020-10-29,6.22,6.28,6.46,6.02,181057,126290340.00,7.02,0.16,0.01,0.42
2020-10-30,6.26,5.96,6.28,5.94,109556,74947874.00,5.41,-5.10,-0.32,0.25
2020-11-02,5.96,5.81,5.99,5.76,152462,100726224.00,3.86,-2.52,-0.15,0.35
2020-11-03,5.89,5.90,5.97,5.79,111249,73938675.00,3.10,1.55,0.09,0.26
2020-11-04,5.88,6.05,6.17,5.81,154227,104599976.00,6.10,2.54,0.15,0.36
2020-11-05,6.09,6.02,6.13,5.96,120517,81736201.00,2.81,-0.50,-0.03,0.28
2020-11-06,6.02,6.05,6.14,5.89,108763,73668289.00,4.15,0.50,0.03,0.25
2020-11-09,6.06,6.06,6.15,6.03,147513,101012324.00,1.98,0.17,0.01,0.34
2020-11-10,6.08,5.94,6.12,5.92,107268,72292777.00,3.30,-1.98,-0.12,0.25
2020-11-11,5.94,6.35,6.49,5.87,249680,173903385.00,10.44,6.90,0.41,0.58
2020-11-12,6.35,6.20,6.37,6.05,181081,125481529.00,5.04,-2.36,-0.15,0.42
2020-11-13,6.13,6.12,6.30,6.05,83808,57884674.00,4.03,-1.29,-0.08,0.19
2020-11-16,6.15,6.18,6.21,6.07,92843,64046486.00,2.29,0.98,0.06,0.21
2020-11-17,6.18,6.10,6.18,6.05,110612,75934552.00,2.10,-1.29,-0.08,0.26
2020-11-18,6.10,6.01,6.14,5.95,106689,72533259.00,3.11,-1.48,-0.09,0.25
2020-11-19,6.02,6.06,6.08,5.97,58921,40080777.00,1.83,0.83,0.05,0.14
2020-11-20,6.07,6.13,6.21,6.02,80880,55675723.00,3.14,1.16,0.07,0.19
2020-11-23,6.14,6.10,6.27,6.00,171584,118496714.00,4.40,-0.49,-0.03,0.40
2020-11-24,6.04,6.00,6.07,5.86,175473,117806812.00,3.44,-1.64,-0.10,0.41
2020-11-25,5.94,5.88,5.97,5.88,91140,60852662.00,1.50,-2.00,-0.12,0.21
2020-11-26,5.91,6.02,6.30,5.91,244487,168198117.00,6.63,2.38,0.14,0.57
2020-11-27,6.01,5.98,6.02,5.89,94640,63462663.00,2.16,-0.66,-0.04,0.22
2020-11-30,5.98,5.93,6.18,5.93,149246,101688689.00,4.18,-0.84,-0.05,0.35
2020-12-01,5.92,5.96,5.97,5.91,86348,57879926.00,1.01,0.51,0.03,0.20
2020-12-02,5.95,5.95,6.01,5.89,75884,50893030.00,2.01,-0.17,-0.01,0.18
2020-12-03,5.95,5.97,5.98,5.91,70140,47105244.00,1.18,0.34,0.02,0.16
2020-12-04,5.97,5.94,5.99,5.90,57140,38278280.00,1.51,-0.50,-0.03,0.13
2020-12-07,5.93,5.97,5.98,5.87,84625,56581250.00,1.85,0.51,0.03,0.20
2020-12-08,5.93,5.87,5.97,5.87,68538,45792721.00,1.68,-1.68,-0.10,0.16
2020-12-09,5.87,5.87,5.91,5.78,88514,58721559.00,2.21,0.00,0.00,0.20
2020-12-10,5.88,5.85,5.91,5.77,89756,59347295.00,2.39,-0.34,-0.02,0.21
2020-12-11,5.85,5.95,5.95,5.77,162582,107602460.00,3.08,1.71,0.10,0.38
2020-12-14,5.91,5.93,6.03,5.84,127588,85243509.00,3.19,-0.34,-0.02,0.30
2020-12-15,5.87,5.87,5.91,5.84,42764,28378238.00,1.18,-1.01,-0.06,0.10
2020-12-16,5.88,5.81,5.90,5.80,53097,35103999.00,1.70,-1.02,-0.06,0.12
2020-12-17,5.86,5.68,5.86,5.58,123050,79600804.00,4.82,-2.24,-0.13,0.28
2020-12-18,5.68,5.61,5.68,5.58,55669,35570674.00,1.76,-1.23,-0.07,0.13
2020-12-21,5.61,5.66,5.66,5.51,74529,47432742.00,2.67,0.89,0.05,0.17
2020-12-22,5.65,5.68,5.70,5.58,73184,47029358.00,2.12,0.35,0.02,0.17
2020-12-23,5.66,5.50,5.70,5.49,104750,66464973.00,3.70,-3.17,-0.18,0.24
2020-12-24,5.50,5.41,5.50,5.37,79069,48917309.00,2.36,-1.64,-0.09,0.18
2020-12-25,5.40,5.40,5.46,5.33,73280,45200208.00,2.40,-0.18,-0.01,0.17
2020-12-28,5.43,5.25,5.46,5.19,162287,97499612.00,5.00,-2.78,-0.15,0.38
2020-12-29,5.22,5.34,5.35,5.21,90545,54690860.00,2.67,1.71,0.09,0.21
2020-12-30,5.34,5.27,5.34,5.24,56807,34390807.00,1.87,-1.31,-0.07,0.13
2020-12-31,5.26,5.65,5.83,5.25,189648,119988166.00,11.01,7.21,0.38,0.44