2014-01-02,3.96,3.97,3.99,3.91,24415,10256188.00,2.02,0.00,0.00,0.30
2014-01-03,3.96,3.91,3.99,3.91,20166,8454654.00,2.02,-1.51,-0.06,0.25
2014-01-06,3.94,3.84,3.94,3.83,24742,10168459.00,2.81,-1.79,-0.07,0.30
2014-01-07,3.85,3.87,3.88,3.80,12282,5035175.00,2.08,0.78,0.03,0.15
2014-01-08,3.87,3.84,3.88,3.83,16416,6722623.00,1.29,-0.78,-0.03,0.20
2014-01-09,3.83,3.76,3.85,3.75,19051,7728907.00,2.60,-2.08,-0.08,0.23
2014-01-10,3.76,3.69,3.77,3.66,17600,6951817.00,2.93,-1.86,-0.07,0.22
2014-01-13,3.70,3.65,3.70,3.63,16872,6590768.00,1.90,-1.08,-0.04,0.21
2014-01-14,3.65,3.71,3.71,3.57,25442,9890090.00,3.84,1.64,0.06,0.31
2014-01-15,3.71,3.74,3.75,3.66,17738,6992066.00,2.43,0.81,0.03,0.22
2014-01-16,3.74,3.79,3.79,3.70,13306,5335394.00,2.41,1.34,0.05,0.16
2014-01-17,3.79,3.72,3.79,3.70,12587,5003485.00,2.37,-1.85,-0.07,0.15
2014-01-20,3.70,3.69,3.72,3.66,11756,4630699.00,1.61,-0.81,-0.03,0.14
2014-01-21,3.71,3.72,3.74,3.67,10755,4262420.00,1.90,0.81,0.03,0.13
2014-01-22,3.70,3.83,3.86,3.70,26611,10804099.00,4.30,2.96,0.11,0.33
2014-01-23,3.84,3.83,3.87,3.81,19864,8123415.00,1.57,0.00,0.00,0.24
2014-01-24,3.81,3.87,3.90,3.81,21215,8736386.00,2.35,1.04,0.04,0.26
2014-01-27,3.87,3.87,3.89,3.84,16547,6812320.00,1.29,0.00,0.00,0.20
2014-01-28,3.87,3.86,3.91,3.83,21758,8977407.00,2.07,-0.26,-0.01,0.27
2014-01-29,3.85,3.79,3.85,3.76,34370,13910592.00,2.33,-1.81,-0.07,0.42
2014-01-30,3.77,3.75,3.79,3.73,15697,6273033.00,1.58,-1.06,-0.04,0.19
2014-02-07,3.75,3.76,3.77,3.71,19209,7664601.00,1.60,0.27,0.01,0.24
2014-02-10,3.76,3.90,3.91,3.75,51958,21433004.00,4.26,3.72,0.14,0.64
2014-02-11,3.89,4.02,4.08,3.89,76731,32537202.00,4.87,3.08,0.12,0.94
2014-02-12,4.02,4.20,4.32,4.00,140251,61848706.00,7.96,4.48,0.18,1.72
2014-02-13,4.23,4.31,4.47,4.17,195013,88546170.00,7.14,2.62,0.11,2.39
2014-02-14,4.26,4.26,4.37,4.18,77368,35012388.00,4.41,-1.16,-0.05,0.95
2014-02-17,4.26,4.25,4.32,4.19,57656,25844079.00,3.05,-0.23,-0.01,0.71
2014-02-18,4.24,4.30,4.35,4.19,91063,41218614.00,3.76,1.18,0.05,1.12
2014-02-19,4.28,4.27,4.30,4.20,50621,22781212.00,2.33,-0.70,-0.03,0.62
2014-02-20,4.27,4.23,4.29,4.19,46557,20828376.00,2.34,-0.94,-0.04,0.57
2014-02-21,4.23,4.08,4.24,4.01,65198,28413877.00,5.44,-3.55,-0.15,0.80
2014-02-24,4.05,4.13,4.15,4.01,35874,15517938.00,3.43,1.23,0.05,0.44
2014-02-25,4.13,4.01,4.15,4.00,57261,24806941.00,3.63,-2.91,-0.12,0.70
2014-02-26,3.96,4.10,4.11,3.92,48392,20691595.00,4.74,2.24,0.09,0.59
2014-02-27,4.13,3.99,4.15,3.97,32795,14192935.00,4.39,-2.68,-0.11,0.40
2014-02-28,3.98,4.05,4.05,3.97,21446,9116099.00,2.01,1.50,0.06,0.26
2014-03-03,4.06,4.10,4.13,4.04,27144,11800830.00,2.22,1.23,0.05,0.33
2014-03-04,4.08,4.09,4.12,4.03,35913,15477914.00,2.20,-0.24,-0.01,0.44
2014-03-05,4.09,4.04,4.14,4.04,32656,14194185.00,2.44,-1.22,-0.05,0.40
2014-03-06,4.04,4.04,4.09,4.01,39187,16819117.00,1.98,0.00,0.00,0.48
2014-03-07,4.00,3.99,4.07,3.97,30242,12887865.00,2.48,-1.24,-0.05,0.37
2014-03-10,3.95,3.77,3.97,3.77,50770,20810614.00,5.01,-5.51,-0.22,0.62
2014-03-11,3.79,3.82,3.84,3.77,22929,9299173.00,1.86,1.33,0.05,0.28
2014-03-12,3.82,3.83,3.86,3.71,32769,13276448.00,3.93,0.26,0.01,0.40
2014-03-13,3.83,3.84,3.85,3.80,22470,9170193.00,1.31,0.26,0.01,0.28
2014-03-14,3.84,3.82,3.84,3.75,27184,10971096.00,2.34,-0.52,-0.02,0.33
2014-03-17,3.81,3.86,3.86,3.78,29511,12039740.00,2.09,1.05,0.04,0.36
2014-03-18,3.86,3.91,3.94,3.85,36089,14964667.00,2.33,1.30,0.05,0.44
2014-03-19,3.91,3.90,3.92,3.84,24023,9927922.00,2.05,-0.26,-0.01,0.29
2014-03-20,3.90,3.81,3.92,3.80,32405,13325167.00,3.08,-2.31,-0.09,0.40
2014-03-21,3.80,3.89,3.89,3.76,36801,15010198.00,3.41,2.10,0.08,0.45
2014-03-24,3.88,4.02,4.04,3.86,70155,29717109.00,4.63,3.34,0.13,0.86
2014-03-25,4.10,4.13,4.32,4.09,142670,63383577.00,5.72,2.74,0.11,1.75
2014-03-26,4.16,4.11,4.25,4.04,90821,39590281.00,5.08,-0.48,-0.02,1.12
2014-03-27,4.06,4.00,4.08,3.96,59157,25214232.00,2.92,-2.68,-0.11,0.73
2014-03-28,4.00,3.93,4.04,3.92,40760,17182348.00,3.00,-1.75,-0.07,0.50
2014-03-31,3.91,3.92,3.97,3.89,26770,11158887.00,2.04,-0.25,-0.01,0.33
2014-04-01,3.90,3.98,4.00,3.90,24897,10464445.00,2.55,1.53,0.06,0.31
2014-04-02,3.99,3.96,4.00,3.93,30564,12876930.00,1.76,-0.50,-0.02,0.38
2014-04-03,3.95,3.92,3.97,3.90,25942,10851373.00,1.77,-1.01,-0.04,0.32
2014-04-04,3.93,3.99,3.99,3.90,21936,9246088.00,2.30,1.79,0.07,0.27
2014-04-08,3.97,4.04,4.04,3.94,33672,14361941.00,2.51,1.25,0.05,0.41
2014-04-09,4.04,4.03,4.07,3.99,33094,14175172.00,1.98,-0.25,-0.01,0.41
2014-04-10,4.03,4.02,4.06,4.00,33061,14145046.00,1.49,-0.25,-0.01,0.41
2014-04-11,4.02,3.99,4.02,3.95,27856,11792148.00,1.74,-0.75,-0.03,0.34
2014-04-14,3.97,3.99,4.00,3.95,30942,13062655.00,1.25,0.00,0.00,0.38
2014-04-15,3.98,3.98,4.01,3.95,26693,11299761.00,1.50,-0.25,-0.01,0.33
2014-04-16,3.97,4.04,4.06,3.96,40751,17439407.00,2.51,1.51,0.06,0.50
2014-04-17,4.05,4.12,4.19,4.05,122831,53946825.00,3.47,1.98,0.08,1.51
2014-04-18,4.09,4.14,4.16,4.07,54237,23751790.00,2.18,0.49,0.02,0.67
2014-04-21,4.13,4.08,4.15,4.07,39089,17051395.00,1.93,-1.45,-0.06,0.48
2014-04-22,4.09,4.10,4.13,3.99,50354,21739072.00,3.43,0.49,0.02,0.62
2014-04-23,4.10,4.12,4.16,4.08,66868,29224565.00,1.95,0.49,0.02,0.75
2014-04-24,4.11,4.09,4.14,4.03,46781,20259218.00,2.67,-0.73,-0.03,0.52
2014-04-25,4.09,4.03,4.09,3.96,37375,15981371.00,3.18,-1.47,-0.06,0.42
2014-04-28,3.98,4.01,4.04,3.86,32289,13476687.00,4.47,-0.50,-0.02,0.36
2014-04-29,3.95,4.01,4.01,3.93,39605,16688000.00,2.00,0.00,0.00,0.44
2014-04-30,4.00,4.02,4.03,3.95,17444,7376568.00,2.00,0.25,0.01,0.20
2014-05-05,4.00,4.05,4.07,4.00,30228,12968994.00,1.74,0.75,0.03,0.34
2014-05-06,4.07,4.08,4.10,4.05,29115,12588577.00,1.23,0.74,0.03,0.33
2014-05-07,4.04,4.00,4.09,3.97,46687,20060804.00,2.94,-1.96,-0.08,0.52
2014-05-08,4.03,4.09,4.11,3.96,40430,17431608.00,3.75,2.25,0.09,0.45
2014-05-09,4.11,4.10,4.12,4.04,33047,14333292.00,1.96,0.24,0.01,0.37
2014-05-12,4.12,4.15,4.17,4.10,54857,24102022.00,1.71,1.22,0.05,0.61
2014-05-13,4.16,4.12,4.17,4.11,29048,12744843.00,1.45,-0.72,-0.03,0.33
2014-05-14,4.12,4.21,4.22,4.09,57387,25377324.00,3.16,2.18,0.09,0.64
2014-05-15,4.22,4.09,4.23,4.07,37367,16372127.00,3.80,-2.85,-0.12,0.42
2014-05-16,4.09,4.19,4.27,4.07,57630,25547230.00,4.89,2.44,0.10,0.65
2014-05-19,4.16,4.15,4.20,4.12,32953,14565070.00,1.91,-0.95,-0.04,0.37
2014-05-20,4.15,4.03,4.19,3.95,73160,31467623.00,5.78,-2.89,-0.12,0.82
2014-05-21,4.02,4.04,4.05,3.97,27782,11782801.00,1.99,0.25,0.01,0.31
2014-05-22,4.02,3.95,4.05,3.95,52999,22328812.00,2.48,-2.23,-0.09,0.59
2014-05-23,3.97,3.97,3.99,3.94,25693,10779693.00,1.27,0.51,0.02,0.29
2014-05-26,3.99,4.01,4.03,3.95,38725,16356732.00,2.02,1.01,0.04,0.43
2014-05-27,3.99,4.01,4.02,3.99,11945,5058091.00,0.75,0.00,0.00,0.13
2014-05-28,4.00,3.99,4.02,3.95,41819,17538213.00,1.75,-0.50,-0.02,0.47
2014-05-29,3.98,3.95,3.98,3.90,40371,16863475.00,2.01,-1.00,-0.04,0.45
2014-05-30,3.96,3.96,3.97,3.90,29319,12177880.00,1.77,0.25,0.01,0.33
2014-06-03,3.95,3.91,3.96,3.91,15164,6310802.00,1.26,-1.26,-0.05,0.17
2014-06-04,3.91,3.94,3.95,3.89,16796,6966449.00,1.53,0.77,0.03,0.19
2014-06-05,3.94,3.97,3.97,3.91,19263,8053500.00,1.52,0.76,0.03,0.22
2014-06-06,3.96,3.92,3.96,3.90,23902,9918478.00,1.51,-1.26,-0.05,0.27
2014-06-09,3.91,3.87,3.93,3.87,21100,8694560.00,1.53,-1.28,-0.05,0.24
2014-06-10,3.87,3.95,3.97,3.86,26952,11201711.00,2.84,2.07,0.08,0.30
2014-06-11,3.94,3.94,3.96,3.91,16522,6878021.00,1.27,-0.25,-0.01,0.19
2014-06-12,3.94,3.91,3.95,3.89,14551,6020678.00,1.52,-0.76,-0.03,0.16
2014-06-13,3.92,3.92,3.95,3.89,20228,8394147.00,1.53,0.26,0.01,0.23
2014-06-16,3.93,3.96,3.97,3.91,28244,11800647.00,1.53,1.02,0.04,0.32
2014-06-17,3.95,3.98,4.00,3.94,36386,15304792.00,1.52,0.51,0.02,0.41
2014-06-18,3.99,3.95,3.99,3.89,21292,8905141.00,2.51,-0.75,-0.03,0.24
2014-06-19,3.94,3.87,3.96,3.86,24464,10101365.00,2.53,-2.03,-0.08,0.27
2014-06-20,3.87,3.90,3.91,3.85,12926,5321627.00,1.55,0.78,0.03,0.14
2014-06-23,3.89,3.92,3.95,3.88,17214,7147709.00,1.79,0.51,0.02,0.19
2014-06-24,3.91,4.03,4.07,3.90,64402,27229213.00,4.34,2.81,0.11,0.72
2014-06-25,4.02,4.09,4.13,4.00,63252,27330929.00,3.23,1.49,0.06,0.71
2014-06-26,4.10,4.09,4.12,4.07,48001,20757765.00,1.22,0.00,0.00,0.54
2014-06-27,4.07,4.10,4.13,4.05,26038,11295487.00,1.96,0.24,0.01,0.29
2014-06-30,4.10,4.10,4.15,4.07,34418,14990342.00,1.95,0.00,0.00,0.39
2014-07-01,4.10,4.20,4.24,4.10,82050,36297777.00,3.41,2.44,0.10,0.92
2014-07-02,4.21,4.18,4.21,4.15,27285,12030455.00,1.43,-0.48,-0.02,0.31
2014-07-03,4.18,4.24,4.29,4.15,81546,36498791.00,3.35,1.44,0.06,0.91
2014-07-04,4.23,4.18,4.46,4.14,117870,52803500.00,7.55,-1.42,-0.06,1.32
2014-07-07,4.17,4.19,4.22,4.14,58848,25847800.00,1.91,0.24,0.01,0.66
2014-07-08,4.18,4.23,4.30,4.14,56618,25272513.00,3.82,0.95,0.04,0.63
2014-07-09,4.23,4.22,4.27,4.18,29517,13136806.00,2.13,-0.24,-0.01,0.33
2014-07-10,4.22,4.33,4.37,4.21,82568,37586776.00,3.79,2.61,0.11,0.93
2014-07-11,4.33,4.33,4.37,4.28,46511,21209953.00,2.08,0.00,0.00,0.52
2014-07-14,4.36,4.62,4.69,4.34,231806,110897408.00,8.08,6.70,0.29,2.60
2014-07-15,4.61,4.66,4.76,4.56,276950,135561018.00,4.33,0.87,0.04,3.10
2014-07-16,4.66,4.68,4.76,4.63,184984,91287071.00,2.79,0.43,0.02,2.07
2014-07-17,4.71,4.67,4.72,4.61,57083,27873721.00,2.35,-0.21,-0.01,0.64
2014-07-18,4.64,4.63,4.70,4.60,67126,32813662.00,2.14,-0.86,-0.04,0.75
2014-07-21,4.62,4.69,4.79,4.61,99439,49194479.00,3.89,1.30,0.06,1.11
2014-07-22,4.67,4.94,4.95,4.66,208158,105539207.00,6.18,5.33,0.25,2.33
2014-07-23,4.91,4.77,4.95,4.69,157276,79171810.00,5.26,-3.44,-0.17,1.76
2014-07-24,4.76,4.63,4.77,4.61,73365,35872668.00,3.35,-2.94,-0.14,0.82
2014-07-25,4.63,4.63,4.71,4.53,77368,37375690.00,3.89,0.00,0.00,0.87
2014-07-28,4.62,4.76,4.81,4.59,189760,93218017.00,4.75,2.81,0.13,2.13
2014-07-29,4.74,4.88,4.91,4.73,169148,85691579.00,3.78,2.52,0.12,1.90
2014-07-30,4.88,4.84,4.92,4.79,148795,75649147.00,2.66,-0.82,-0.04,1.67
2014-07-31,4.82,4.85,4.99,4.79,108556,55423824.00,4.13,0.21,0.01,1.22
2014-08-01,4.84,4.84,4.94,4.77,147967,75188173.00,3.51,-0.21,-0.01,1.66
2014-08-04,4.86,4.87,4.90,4.73,183983,92393773.00,3.51,0.62,0.03,2.06
2014-08-05,4.97,4.82,4.97,4.77,134617,68073081.00,4.11,-1.03,-0.05,1.51
2014-08-06,4.80,4.84,4.87,4.72,126407,63726013.00,3.11,0.41,0.02,1.42
2014-08-07,4.83,4.77,4.88,4.75,72264,36449436.00,2.69,-1.45,-0.07,0.81
2014-08-08,4.76,4.77,4.81,4.72,44620,22292282.00,1.89,0.00,0.00,0.50
2014-08-11,4.76,4.74,4.79,4.69,136119,67420939.00,2.10,-0.63,-0.03,1.53
2014-08-12,4.74,4.65,4.74,4.62,192559,94207406.00,2.53,-1.90,-0.09,2.16
2014-08-13,4.64,4.70,4.72,4.63,110685,54334750.00,1.94,1.08,0.05,1.24
2014-08-14,4.68,4.71,4.84,4.67,151088,75449432.00,3.62,0.21,0.01,1.69
2014-08-15,4.72,4.78,4.83,4.66,163080,81562938.00,3.61,1.49,0.07,1.83
2014-08-18,4.80,4.80,4.84,4.76,73519,36884865.00,1.67,0.42,0.02,0.82
2014-08-19,4.80,4.81,4.83,4.77,94896,47641070.00,1.25,0.21,0.01,1.06
2014-08-20,4.82,4.82,4.85,4.80,85641,43268367.00,1.04,0.21,0.01,0.96
2014-08-21,4.82,4.79,4.85,4.77,63553,31997578.00,1.66,-0.62,-0.03,0.71
2014-08-22,4.78,4.80,4.82,4.75,58475,29343578.00,1.46,0.21,0.01,0.66
2014-08-25,4.83,4.93,4.95,4.75,155641,79147039.00,4.17,2.71,0.13,1.74
2014-08-26,4.90,4.82,4.97,4.80,113438,58133664.00,3.45,-2.23,-0.11,1.27
2014-08-27,4.82,4.80,4.83,4.75,44650,22373427.00,1.66,-0.41,-0.02,0.50
2014-08-28,4.79,4.74,4.79,4.69,62064,30819222.00,2.08,-1.25,-0.06,0.70
2014-08-29,4.75,4.77,4.80,4.73,37421,18682268.00,1.48,0.63,0.03,0.42
2014-09-01,4.78,4.90,4.96,4.76,125933,64257157.00,4.19,2.73,0.13,1.41
2014-09-02,4.90,4.91,4.93,4.81,103567,52960843.00,2.45,0.20,0.01,1.16
2014-09-03,4.91,5.14,5.19,4.87,328833,174664944.00,6.52,4.68,0.23,3.69
2014-09-04,5.16,5.19,5.37,5.03,356412,193465487.00,6.61,0.97,0.05,3.99
2014-09-05,5.19,5.15,5.25,5.13,186288,100817160.00,2.31,-0.77,-0.04,2.09
2014-09-09,5.15,5.04,5.21,5.01,259494,137882874.00,3.88,-2.14,-0.11,2.91
2014-09-10,5.03,5.05,5.08,4.93,251320,131567802.00,2.98,0.20,0.01,2.82
2014-09-11,5.02,5.00,5.06,4.95,232736,122001417.00,2.18,-0.99,-0.05,2.61
2014-09-12,5.00,5.01,5.02,4.94,184162,96045919.00,1.60,0.20,0.01,2.06
2014-09-15,5.00,5.11,5.13,4.99,271843,143620181.00,2.79,2.00,0.10,3.05
2014-09-16,5.11,4.95,5.16,4.95,198139,104896490.00,4.11,-3.13,-0.16,2.22
2014-09-17,4.97,5.06,5.07,4.90,139149,72585819.00,3.43,2.22,0.11,1.56
2014-09-18,5.04,5.14,5.15,4.99,163548,86917799.00,3.16,1.58,0.08,1.83
2014-09-19,5.13,5.53,5.61,5.10,490361,273385088.00,9.92,7.59,0.39,5.50
2014-09-22,5.50,5.29,5.55,5.26,330171,185242330.00,5.24,-4.34,-0.24,3.70
2014-09-23,5.30,5.32,5.43,5.29,185172,103365324.00,2.65,0.57,0.03,2.08
2014-09-24,5.29,5.34,5.38,5.26,157196,87237297.00,2.26,0.38,0.02,1.76
2014-09-25,5.38,5.33,5.45,5.30,176175,98818129.00,2.81,-0.19,-0.01,1.97
2014-09-26,5.29,5.32,5.33,5.22,129034,71282282.00,2.06,-0.19,-0.01,1.45
2014-09-29,5.35,5.42,5.47,5.28,185591,104232807.00,3.57,1.88,0.10,2.08
2014-09-30,5.42,5.49,5.50,5.38,142343,80668366.00,2.21,1.29,0.07,1.60
2014-10-08,5.51,5.66,5.69,5.44,193100,112375403.00,4.55,3.10,0.17,2.16
2014-10-09,5.66,5.65,5.71,5.55,186847,109521849.00,2.83,-0.18,-0.01,2.09
2014-10-10,5.63,5.53,5.63,5.46,160014,92441222.00,3.01,-2.12,-0.12,1.79
2014-10-13,5.48,5.66,5.67,5.46,212271,123549390.00,3.80,2.35,0.13,2.38
2014-10-14,5.70,5.77,5.95,5.67,327558,197725978.00,4.95,1.94,0.11,3.67
2014-10-15,5.75,6.10,6.24,5.67,471279,293780464.00,9.88,5.72,0.33,5.28
2014-10-16,6.06,5.99,6.43,5.92,580156,372281408.00,8.36,-1.80,-0.11,6.50
2014-10-17,5.93,5.68,5.99,5.56,321196,191996256.00,7.18,-5.18,-0.31,3.60
2014-10-20,5.72,5.79,5.88,5.72,184819,111473438.00,2.82,1.94,0.11,2.07
2014-10-21,5.78,5.57,5.78,5.57,223516,131140806.00,3.63,-3.80,-0.22,2.50
2014-10-22,5.57,5.44,5.63,5.42,142995,82497572.00,3.77,-2.33,-0.13,1.60
2014-10-23,5.38,5.26,5.48,5.23,208409,115240050.00,4.60,-3.31,-0.18,2.34
2014-10-24,5.27,5.34,5.35,5.24,97655,53997668.00,2.09,1.52,0.08,1.09
2014-10-27,5.32,5.39,5.46,5.26,100215,56271131.00,3.75,0.94,0.05,1.12
2014-10-28,5.38,5.58,5.59,5.38,132670,76684565.00,3.90,3.53,0.19,1.49
2014-10-29,5.64,5.65,5.76,5.60,180413,106367922.00,2.87,1.25,0.07,2.02
2014-10-30,5.65,5.67,5.76,5.61,189908,112238732.00,2.65,0.35,0.02,2.13
2014-10-31,5.68,5.63,5.71,5.58,151995,89136104.00,2.29,-0.71,-0.04,1.70
2014-11-03,5.63,5.67,5.69,5.58,156184,91618282.00,1.95,0.71,0.04,1.75
2014-11-04,5.69,5.64,5.70,5.60,100277,58766107.00,1.76,-0.53,-0.03,1.12
2014-11-05,5.64,5.59,5.64,5.53,129685,75192308.00,1.95,-0.89,-0.05,1.45
2014-11-06,5.58,5.54,5.59,5.47,120013,68994514.00,2.15,-0.89,-0.05,1.35
2014-11-07,5.55,5.49,5.56,5.44,158872,90977149.00,2.17,-0.90,-0.05,1.78
2014-11-10,5.48,5.54,5.54,5.45,121833,69643905.00,1.64,0.91,0.05,1.37
2014-11-11,5.53,5.35,5.54,5.30,159315,89765907.00,4.33,-3.43,-0.19,1.79
2014-11-12,5.35,5.47,5.48,5.29,78764,44420372.00,3.55,2.24,0.12,0.88
2014-11-13,5.46,5.38,5.55,5.34,238393,134435665.00,3.84,-1.65,-0.09,2.67
2014-11-14,5.38,5.40,5.42,5.33,67164,37697315.00,1.67,0.37,0.02,0.75
2014-11-17,5.41,5.44,5.48,5.33,88373,50010177.00,2.78,0.74,0.04,0.99
2014-11-18,5.38,5.49,5.50,5.38,82565,47011914.00,2.21,0.92,0.05,0.93
2014-11-19,5.48,5.56,5.56,5.46,125727,72349506.00,1.82,1.28,0.07,1.41
2014-11-20,5.54,5.50,5.54,5.48,84104,48229360.00,1.08,-1.08,-0.06,0.94
2014-11-21,5.45,5.54,5.57,5.45,119214,68350399.00,2.18,0.73,0.04,1.34
2014-11-24,5.56,5.62,5.66,5.52,184231,107339359.00,2.53,1.44,0.08,2.06
2014-11-25,5.64,5.73,5.73,5.62,224832,132792282.00,1.96,1.96,0.11,2.52
2014-11-26,5.74,5.84,5.89,5.69,308751,185340457.00,3.49,1.92,0.11,3.46
2014-11-27,5.86,5.84,5.90,5.74,323585,195702911.00,2.74,0.00,0.00,3.63
2014-11-28,5.84,5.76,5.85,5.67,207523,123928991.00,3.08,-1.37,-0.08,2.33
2014-12-01,5.75,5.76,5.79,5.68,123096,73349763.00,1.91,0.00,0.00,1.38
2014-12-02,5.74,5.83,5.83,5.73,178757,107891038.00,1.74,1.22,0.07,2.00
2014-12-03,5.83,5.86,5.86,5.75,236443,143087932.00,1.89,0.51,0.03,2.65
2014-12-04,5.86,5.95,6.03,5.83,280851,173513266.00,3.41,1.54,0.09,3.15
2014-12-05,5.95,5.77,5.95,5.61,419715,252072850.00,5.71,-3.03,-0.18,4.70
2014-12-08,5.74,5.91,5.97,5.68,395601,242184435.00,5.03,2.43,0.14,4.43
2014-12-09,5.88,5.63,5.96,5.62,353632,214084900.00,5.75,-4.74,-0.28,3.96
2014-12-10,5.61,5.79,5.80,5.55,177806,105451424.00,4.44,2.84,0.16,1.99
2014-12-11,5.77,5.87,5.87,5.72,169581,102362884.00,2.59,1.38,0.08,1.90
2014-12-12,5.86,5.90,5.92,5.83,163032,99566775.00,1.53,0.51,0.03,1.83
2014-12-15,5.95,6.04,6.04,5.87,294987,182695228.00,2.88,2.37,0.14,3.31
2014-12-16,6.04,5.97,6.09,5.94,178217,110729215.00,2.48,-1.16,-0.07,2.00
2014-12-17,5.97,5.87,5.97,5.77,196776,119590539.00,3.35,-1.68,-0.10,2.21
2014-12-18,5.86,5.79,5.86,5.77,161626,97492879.00,1.53,-1.36,-0.08,1.81
2014-12-19,5.79,5.72,5.79,5.64,148825,88211160.00,2.59,-1.21,-0.07,1.67
2014-12-22,5.64,5.55,5.72,5.49,192341,111842923.00,4.02,-2.97,-0.17,2.16
2014-12-23,5.55,5.54,5.64,5.53,83448,48533023.00,1.98,-0.18,-0.01,0.94
2014-12-24,5.53,5.62,5.63,5.53,67182,39105426.00,1.81,1.44,0.08,0.75
2014-12-25,5.61,5.80,5.81,5.61,145771,86906936.00,3.56,3.20,0.18,1.63
2014-12-26,5.80,5.80,5.82,5.75,91098,54810416.00,1.21,0.00,0.00,1.02
2014-12-29,5.77,5.69,5.78,5.67,109934,65279264.00,1.90,-1.90,-0.11,1.23
2014-12-30,5.66,5.73,5.76,5.62,90073,53331237.00,2.46,0.70,0.04,1.01
2014-12-31,5.71,5.67,5.73,5.57,80579,47299023.00,2.79,-1.05,-0.06,0.90