2012-01-04,0.89,0.81,0.89,0.81,13046,4940171.00,9.30,-5.81,-0.05,0.54
2012-01-05,0.81,0.71,0.82,0.70,10801,3913534.25,14.81,-12.35,-0.10,0.45
2012-01-06,0.71,0.73,0.74,0.62,11599,4033251.00,16.90,2.82,0.02,0.48
2012-01-09,0.75,0.79,0.79,0.70,15352,5589558.00,12.33,8.22,0.06,0.63
2012-01-10,0.79,0.88,0.91,0.79,32218,12259518.00,15.19,11.39,0.09,1.33
2012-01-11,0.88,0.87,0.90,0.85,22800,8790265.00,5.68,-1.14,-0.01,0.94
2012-01-12,0.85,0.88,0.94,0.84,35778,14065244.00,11.49,1.15,0.01,1.48
2012-01-13,0.90,0.77,0.90,0.77,30124,11247595.00,14.77,-12.50,-0.11,1.25
2012-01-16,0.76,0.74,0.79,0.73,10726,3884646.50,7.79,-3.90,-0.03,0.44
2012-01-17,0.75,0.83,0.84,0.73,17899,6615129.00,14.86,12.16,0.09,0.74
2012-01-18,0.83,0.80,0.88,0.79,16108,6076090.50,10.84,-3.61,-0.03,0.67
2012-01-19,0.80,0.81,0.83,0.79,16695,6227765.00,5.00,1.25,0.01,0.69
2012-01-20,0.82,0.83,0.85,0.81,12783,4815065.00,4.94,2.47,0.02,0.53
2012-01-30,0.85,0.83,0.86,0.82,10636,4023127.25,4.82,0.00,0.00,0.44
2012-01-31,0.84,0.86,0.86,0.81,10830,4087076.75,6.02,3.61,0.03,0.45
2012-02-01,0.86,0.85,0.88,0.84,15082,5763044.50,4.65,-1.16,-0.01,0.62
2012-02-02,0.85,0.88,0.88,0.84,12344,4725079.50,4.71,3.53,0.03,0.51
2012-02-03,0.87,0.92,0.93,0.87,24509,9623888.00,6.82,4.55,0.04,1.01
2012-02-06,0.91,0.92,0.93,0.90,16747,6587349.00,3.26,0.00,0.00,0.69
2012-02-07,0.92,0.86,0.92,0.85,16292,6270378.00,7.61,-6.52,-0.06,0.67
2012-02-08,0.87,0.91,0.92,0.86,18146,7079054.00,6.98,5.81,0.05,0.75
2012-02-09,0.92,0.95,1.03,0.90,37909,15299509.00,14.29,4.40,0.04,1.57
2012-02-10,0.94,1.09,1.13,0.94,111948,47610652.00,20.00,14.74,0.14,4.63
2012-02-13,1.04,1.05,1.07,1.02,60201,25300372.00,4.59,-3.67,-0.04,2.49
2012-02-14,1.04,1.08,1.10,1.02,51103,21792532.00,7.62,2.86,0.03,2.11
2012-02-15,1.08,1.09,1.11,1.05,47266,20257604.00,5.56,0.93,0.01,1.95
2012-02-16,1.11,1.15,1.27,1.09,71872,32172220.00,16.51,5.50,0.06,2.97
2012-02-17,1.14,1.10,1.17,1.07,35586,15428021.00,8.70,-4.35,-0.05,1.47
2012-02-20,1.13,1.10,1.14,1.08,41326,17990840.00,5.45,0.00,0.00,1.71
2012-02-21,1.09,1.12,1.13,1.06,27845,12000108.00,6.36,1.82,0.02,1.15
2012-02-22,1.12,1.21,1.25,1.12,87734,39890752.00,11.61,8.04,0.09,3.63
2012-02-23,1.19,1.39,1.43,1.19,165604,80535824.00,19.83,14.88,0.18,6.85
2012-02-24,1.47,1.63,1.63,1.43,248549,131440120.00,14.39,17.27,0.24,10.27
2012-02-27,1.66,1.61,1.68,1.57,238175,128721912.00,6.75,-1.23,-0.02,9.85
2012-02-28,1.60,1.56,1.60,1.53,106193,55960716.00,4.35,-3.11,-0.05,4.39
2012-02-29,1.53,1.46,1.53,1.44,101732,51971988.00,5.77,-6.41,-0.10,4.21
2012-03-01,1.44,1.46,1.49,1.43,81050,41217204.00,4.11,0.00,0.00,3.35
2012-03-02,1.46,1.55,1.60,1.46,107415,56021012.00,9.59,6.16,0.09,4.44
2012-03-05,1.55,1.51,1.57,1.49,70720,36951176.00,5.16,-2.58,-0.04,2.92
2012-03-06,1.50,1.48,1.51,1.42,50712,25736082.00,5.96,-1.99,-0.03,2.10
2012-03-07,1.47,1.47,1.52,1.44,31935,16307109.00,5.41,-0.68,-0.01,1.32
2012-03-08,1.48,1.50,1.54,1.46,51825,26829272.00,5.44,2.04,0.03,2.14
2012-03-09,1.49,1.50,1.54,1.48,32276,16687584.00,4.00,0.00,0.00,1.33
2012-03-12,1.52,1.46,1.52,1.45,37565,19119630.00,4.67,-2.67,-0.04,1.55
2012-03-13,1.46,1.50,1.51,1.46,37126,19022296.00,3.42,2.74,0.04,1.53
2012-03-14,1.52,1.31,1.54,1.25,70264,35246644.00,19.33,-12.67,-0.19,2.90
2012-03-15,1.31,1.15,1.33,1.12,48208,21839808.00,16.03,-12.21,-0.16,1.99
2012-03-16,1.16,1.23,1.24,1.16,42485,19235024.00,6.96,6.96,0.08,1.76
2012-03-19,1.22,1.23,1.25,1.18,23854,10872646.00,5.69,0.00,0.00,0.99
2012-03-20,1.23,1.46,1.46,1.22,126754,63027049.00,19.51,18.70,0.23,5.24
2012-03-21,1.42,1.37,1.43,1.32,107968,52994915.00,7.53,-6.16,-0.09,4.46
2012-03-22,1.38,1.48,1.56,1.32,99351,50128325.00,17.52,8.03,0.11,4.11
2012-03-23,1.45,1.37,1.46,1.35,53567,26498494.00,7.43,-7.43,-0.11,2.21
2012-03-26,1.37,1.41,1.44,1.37,28994,14353853.00,5.11,2.92,0.04,1.20
2012-03-27,1.43,1.36,1.45,1.35,23533,11570732.00,7.09,-3.55,-0.05,0.97
2012-03-28,1.34,1.40,1.49,1.28,100260,49915575.00,15.44,2.94,0.04,4.14
2012-03-29,1.36,1.55,1.63,1.19,157155,79856160.00,31.43,10.71,0.15,6.50
2012-03-30,1.51,1.57,1.62,1.48,146646,77008504.00,9.03,1.29,0.02,6.06
2012-04-05,1.57,1.69,1.78,1.52,165785,91301684.00,16.56,7.64,0.12,6.85
2012-04-06,1.67,1.67,1.76,1.60,106299,58594872.00,9.47,-1.18,-0.02,4.39
2012-04-09,1.66,1.65,1.69,1.62,89931,49264847.00,4.19,-1.20,-0.02,3.72
2012-04-10,1.62,1.72,1.75,1.57,112950,61562664.00,10.91,4.24,0.07,4.67
2012-04-11,1.67,1.69,1.84,1.65,107170,60622520.00,11.05,-1.74,-0.03,4.43
2012-04-12,1.67,1.72,1.73,1.63,73267,40504946.00,5.92,1.78,0.03,3.03
2012-04-13,1.73,1.71,1.81,1.65,81942,46215148.00,9.30,-0.58,-0.01,3.39
2012-04-16,1.65,1.67,1.76,1.60,74921,41094502.00,9.36,-2.34,-0.04,3.10
2012-04-18,1.65,1.78,1.85,1.61,97267,54795740.00,14.37,6.59,0.11,4.02
2012-04-19,1.76,1.87,1.89,1.74,112874,66071422.00,8.43,5.06,0.09,4.67
2012-04-20,1.87,1.88,1.90,1.81,67461,39734408.00,4.81,0.53,0.01,2.79
2012-04-23,1.87,1.77,1.88,1.76,69036,39795521.00,6.38,-5.85,-0.11,2.85
2012-04-24,1.72,1.84,1.84,1.65,83082,47307768.00,10.73,3.95,0.07,3.43
2012-04-25,1.83,2.03,2.10,1.82,157374,97052545.00,15.22,10.33,0.19,6.51
2012-04-26,2.01,1.95,2.05,1.93,87299,53690528.00,5.91,-3.94,-0.08,3.61
2012-04-27,1.95,1.94,1.99,1.91,44781,27242441.00,4.10,-0.51,-0.01,1.85
2012-05-02,1.96,2.01,2.04,1.96,57622,35654773.00,4.12,3.61,0.07,2.38
2012-05-03,1.99,1.93,2.01,1.87,83742,50481907.00,6.97,-3.98,-0.08,3.46
2012-05-04,1.90,1.94,1.96,1.88,52191,31390887.00,4.15,0.52,0.01,2.16
2012-05-07,1.94,1.91,1.94,1.88,38658,23070442.00,3.09,-1.55,-0.03,1.60
2012-05-08,1.91,1.90,1.91,1.86,29646,17642147.00,2.62,-0.52,-0.01,1.23
2012-05-09,1.86,1.90,1.90,1.84,35756,21199468.00,3.16,0.00,0.00,1.48
2012-05-10,1.88,1.87,1.90,1.82,36092,21266107.00,4.21,-1.58,-0.03,1.49
2012-05-11,1.85,1.76,1.87,1.76,39905,23196141.00,5.88,-5.88,-0.11,1.65
2012-05-14,1.82,1.76,1.86,1.76,42323,24621305.00,5.68,0.00,0.00,1.75
2012-05-15,1.70,1.78,1.78,1.68,34129,19169475.00,5.68,1.14,0.02,1.41
2012-05-16,1.77,1.72,1.77,1.70,22432,12620612.00,3.93,-3.37,-0.06,0.93
2012-05-17,1.72,1.75,1.76,1.69,19254,10868582.00,4.07,1.74,0.03,0.80
2012-05-18,1.72,1.66,1.74,1.66,21293,11846987.00,4.57,-5.14,-0.09,0.88
2012-05-21,1.65,1.64,1.70,1.61,19245,10551702.00,5.42,-1.20,-0.02,0.80
2012-05-22,1.66,1.77,1.79,1.66,35746,20161085.00,7.93,7.93,0.13,1.48
2012-05-23,1.76,1.90,1.93,1.76,86531,51162583.00,9.60,7.34,0.13,3.58
2012-05-24,1.90,1.86,1.90,1.81,36244,21380981.00,4.74,-2.11,-0.04,1.50
2012-05-25,1.89,1.85,1.89,1.80,26744,15712922.00,4.84,-0.54,-0.01,1.11
2012-05-28,1.86,1.92,1.92,1.73,47660,27962021.00,10.27,3.78,0.07,1.97
2012-05-29,1.94,1.92,1.98,1.91,57343,34713851.00,3.65,0.00,0.00,2.37
2012-05-30,1.95,1.92,2.01,1.91,50767,30796730.00,5.21,0.00,0.00,2.10
2012-05-31,1.91,1.88,1.91,1.86,31941,18795521.00,2.60,-2.08,-0.04,1.32
2012-06-01,1.89,1.80,1.90,1.74,42976,24767919.00,8.51,-4.26,-0.08,1.78
2012-06-04,1.77,1.72,1.77,1.71,29056,16271214.00,3.33,-4.44,-0.08,1.20
2012-06-05,1.73,1.71,1.76,1.66,26841,14849468.00,5.81,-0.58,-0.01,1.11
2012-06-06,1.73,1.66,1.73,1.65,16046,8822050.00,4.68,-2.92,-0.05,0.66
2012-06-07,1.70,1.69,1.75,1.67,27260,15129284.00,4.82,1.81,0.03,1.13
2012-06-08,1.78,1.71,1.78,1.70,29454,16589024.00,4.73,1.18,0.02,1.22
2012-06-11,1.70,1.88,1.90,1.69,47996,27750406.00,12.28,9.94,0.17,1.98
2012-06-12,1.86,1.88,1.94,1.86,55181,32726470.00,4.26,0.00,0.00,2.28
2012-06-13,1.90,1.90,1.94,1.86,34877,20674008.00,4.26,1.06,0.02,1.44
2012-06-14,1.89,1.85,1.90,1.85,18593,10944305.00,2.63,-2.63,-0.05,0.77
2012-06-15,1.85,1.74,1.85,1.68,62311,34972911.00,9.19,-5.95,-0.11,2.58
2012-06-18,1.73,1.76,1.77,1.72,19658,11065469.00,2.87,1.15,0.02,0.19
2012-06-19,1.76,1.75,1.76,1.73,10458,5875160.00,1.70,-0.57,-0.01,0.10
2012-06-20,1.74,1.69,1.76,1.66,29971,16606094.00,5.71,-3.43,-0.06,0.29
2012-06-21,1.68,1.69,1.72,1.67,12044,6629868.00,2.96,0.00,0.00,0.12
2012-06-25,1.69,1.49,1.69,1.49,32014,16928606.00,11.83,-11.83,-0.20,0.31
2012-06-26,1.50,1.52,1.55,1.48,24663,12711412.00,4.70,2.01,0.03,0.24
2012-06-27,1.49,1.55,1.57,1.49,16201,8392825.00,5.26,1.97,0.03,0.15
2012-06-28,1.55,1.52,1.58,1.51,12498,6509569.00,4.52,-1.94,-0.03,0.12
2012-06-29,1.50,1.52,1.52,1.44,21152,10768916.00,5.26,0.00,0.00,0.20
2012-07-02,1.53,1.48,1.54,1.48,21652,11081637.00,3.95,-2.63,-0.04,0.21
2012-07-03,1.48,1.52,1.59,1.47,37373,19419255.00,8.11,2.70,0.04,0.36
2012-07-04,1.51,1.52,1.56,1.50,11050,5709592.00,3.95,0.00,0.00,0.11
2012-07-05,1.49,1.47,1.50,1.45,15864,8047362.00,3.29,-3.29,-0.05,0.15
2012-07-06,1.52,1.60,1.62,1.51,36897,19410864.00,7.48,8.84,0.13,0.35
2012-07-09,1.54,1.52,1.61,1.52,18180,9518918.00,5.63,-5.00,-0.08,0.17
2012-07-10,1.53,1.49,1.54,1.43,27759,14036636.00,7.24,-1.97,-0.03,0.27
2012-07-11,1.46,1.47,1.50,1.44,16227,8185051.00,4.03,-1.34,-0.02,0.16
2012-07-12,1.47,1.51,1.52,1.47,18735,9572537.00,3.40,2.72,0.04,0.18
2012-07-13,1.50,1.48,1.52,1.47,11443,5810042.00,3.31,-1.99,-0.03,0.11
2012-07-16,1.48,1.36,1.48,1.36,19496,9598619.00,8.11,-8.11,-0.12,0.19
2012-07-17,1.37,1.42,1.44,1.35,11787,5784905.00,6.62,4.41,0.06,0.11
2012-07-18,1.41,1.35,1.43,1.23,23171,11009627.00,14.08,-4.93,-0.07,0.22
2012-07-19,1.35,1.39,1.40,1.32,13566,6597305.00,5.93,2.96,0.04,0.13
2012-07-20,1.37,1.37,1.38,1.33,9669,4660925.00,3.60,-1.44,-0.02,0.09
2012-07-23,1.34,1.35,1.37,1.33,5769,2772789.00,2.92,-1.46,-0.02,0.06
2012-07-24,1.34,1.37,1.41,1.33,8689,4216520.00,5.93,1.48,0.02,0.08
2012-07-25,1.34,1.33,1.37,1.33,5322,2548457.00,2.92,-2.92,-0.04,0.05
2012-07-26,1.33,1.29,1.35,1.28,5082,2408588.00,5.26,-3.01,-0.04,0.05
2012-07-27,1.30,1.31,1.32,1.26,6354,2976478.00,4.65,1.55,0.02,0.06
2012-07-30,1.28,1.29,1.33,1.25,6954,3237533.00,6.11,-1.53,-0.02,0.07
2012-07-31,1.30,1.25,1.30,1.22,6419,2963832.00,6.20,-3.10,-0.04,0.06
2012-08-01,1.25,1.28,1.30,1.24,4280,1992852.00,4.80,2.40,0.03,0.04
2012-08-02,1.28,1.23,1.31,1.23,7822,3611114.00,6.25,-3.91,-0.05,0.07
2012-08-03,1.24,1.26,1.26,1.21,9899,4518897.00,4.07,2.44,0.03,0.09
2012-08-06,1.25,1.32,1.33,1.25,12487,5831034.00,6.35,4.76,0.06,0.12
2012-08-07,1.33,1.35,1.35,1.30,13892,6603759.00,3.79,2.27,0.03,0.13
2012-08-08,1.35,1.34,1.36,1.32,14722,7030607.00,2.96,-0.74,-0.01,0.14
2012-08-09,1.34,1.36,1.36,1.33,13475,6469199.00,2.24,1.49,0.02,0.13
2012-08-10,1.36,1.42,1.44,1.35,28544,14054967.00,6.62,4.41,0.06,0.27
2012-08-13,1.42,1.32,1.42,1.32,14921,7195109.00,7.04,-7.04,-0.10,0.14
2012-08-14,1.31,1.37,1.37,1.24,14990,7087183.00,9.85,3.79,0.05,0.14
2012-08-15,1.38,1.41,1.49,1.37,23642,11762753.00,8.76,2.92,0.04,0.23
2012-08-16,1.41,1.36,1.49,1.35,28311,13950946.00,9.93,-3.55,-0.05,0.27
2012-08-17,1.35,1.34,1.35,1.30,13626,6458506.00,3.68,-1.47,-0.02,0.13
2012-08-20,1.34,1.34,1.35,1.28,13163,6202172.00,5.22,0.00,0.00,0.13
2012-08-21,1.36,1.36,1.37,1.33,17285,8308980.00,2.99,1.49,0.02,0.17
2012-08-22,1.35,1.30,1.38,1.29,20832,9888085.00,6.62,-4.41,-0.06,0.20
2012-08-23,1.29,1.31,1.34,1.29,15644,7389560.00,3.85,0.77,0.01,0.15
2012-08-24,1.30,1.25,1.32,1.24,14565,6754910.00,6.11,-4.58,-0.06,0.14
2012-08-27,1.23,1.20,1.26,1.19,11991,5444441.00,5.60,-4.00,-0.05,0.11
2012-08-28,1.22,1.18,1.23,1.15,18689,8301201.00,6.67,-1.67,-0.02,0.18
2012-08-29,1.18,1.13,1.18,1.11,15089,6600003.00,5.93,-4.24,-0.05,0.14
2012-08-30,1.13,1.13,1.17,1.09,17871,7752303.00,7.08,0.00,0.00,0.17
2012-08-31,1.13,1.14,1.16,1.13,12302,5387571.00,2.65,0.88,0.01,0.12
2012-09-03,1.14,1.20,1.22,1.13,25763,11488094.00,7.89,5.26,0.06,0.25
2012-09-04,1.20,1.11,1.20,1.10,30611,13341672.00,8.33,-7.50,-0.09,0.29
2012-09-05,1.10,1.11,1.13,1.10,15472,6669191.00,2.70,0.00,0.00,0.15
2012-09-06,1.12,1.11,1.13,1.09,21039,9053171.00,3.60,0.00,0.00,0.20
2012-09-07,1.13,1.19,1.23,1.12,39557,17615885.00,9.91,7.21,0.08,0.38
2012-09-10,1.20,1.21,1.22,1.19,29466,13253841.00,2.52,1.68,0.02,0.28
2012-09-11,1.21,1.19,1.21,1.17,19162,8543606.00,3.31,-1.65,-0.02,0.18
2012-09-12,1.20,1.23,1.24,1.20,38479,17435991.00,3.36,3.36,0.04,0.37
2012-09-13,1.22,1.19,1.22,1.19,18058,8143814.00,2.44,-3.25,-0.04,0.17
2012-09-14,1.21,1.19,1.21,1.16,23347,10385895.00,4.20,0.00,0.00,0.22
2012-09-17,1.18,1.06,1.19,1.06,23915,10361453.00,10.92,-10.92,-0.13,0.23
2012-09-18,1.06,1.06,1.07,1.03,19931,8340893.00,3.77,0.00,0.00,0.19
2012-09-19,1.06,1.06,1.07,1.05,16229,6806438.00,1.89,0.00,0.00,0.16
2012-09-20,1.06,1.00,1.06,1.00,12447,5135409.00,5.66,-5.66,-0.06,0.12
2012-09-21,1.01,0.96,1.02,0.96,14072,5680930.00,6.00,-4.00,-0.04,0.13
2012-09-24,0.95,0.96,0.98,0.93,13832,5498270.00,5.21,0.00,0.00,0.13
2012-09-25,0.95,0.94,0.96,0.94,12034,4777663.00,2.08,-2.08,-0.02,0.12
2012-09-26,0.94,0.93,0.98,0.93,21172,8428629.00,5.32,-1.06,-0.01,0.20
2012-09-27,0.93,0.98,1.00,0.93,23259,9297546.00,7.53,5.38,0.05,0.22
2012-09-28,0.97,1.04,1.04,0.97,24442,9966017.00,7.14,6.12,0.06,0.23
2012-10-08,1.02,1.01,1.05,0.99,17088,7006843.00,5.77,-2.88,-0.03,0.16
2012-10-09,1.02,1.05,1.05,1.01,16186,6725323.00,3.96,3.96,0.04,0.15
2012-10-10,1.04,1.08,1.09,1.03,22766,9573864.00,5.71,2.86,0.03,0.22
2012-10-11,1.08,1.04,1.08,1.03,16838,7077231.00,4.63,-3.70,-0.04,0.16
2012-10-12,1.05,1.04,1.08,1.01,13236,5529278.00,6.73,0.00,0.00,0.13
2012-10-15,1.03,1.08,1.08,1.01,27088,11358678.00,6.73,3.85,0.04,0.26
2012-10-16,1.08,1.10,1.18,1.08,30689,13156246.00,9.26,1.85,0.02,0.29
2012-10-17,1.09,1.10,1.12,1.07,19648,8395056.00,4.55,0.00,0.00,0.19
2012-10-18,1.10,1.20,1.20,1.09,44613,19727077.00,10.00,9.09,0.10,0.43
2012-10-19,1.18,1.20,1.25,1.18,36576,16535849.00,5.83,0.00,0.00,0.35
2012-10-22,1.19,1.23,1.24,1.15,30930,13825620.00,7.50,2.50,0.03,0.30
2012-10-23,1.22,1.23,1.33,1.21,72979,34036309.00,9.76,0.00,0.00,0.70
2012-10-24,1.23,1.25,1.28,1.22,30331,13937299.00,4.88,1.63,0.02,0.29
2012-10-25,1.22,1.20,1.26,1.17,37081,16783495.00,7.20,-4.00,-0.05,0.35
2012-10-26,1.23,1.22,1.24,1.16,43351,19516849.00,6.67,1.67,0.02,0.41
2012-10-29,1.23,1.30,1.30,1.20,50566,23396659.00,8.20,6.56,0.08,0.48
2012-10-30,1.32,1.23,1.36,1.23,55527,26115129.00,10.00,-5.38,-0.07,0.53
2012-10-31,1.27,1.23,1.28,1.19,56668,25661652.00,7.32,0.00,0.00,0.54
2012-11-01,1.23,1.46,1.46,1.20,106156,51872980.00,21.14,18.70,0.23,1.02
2012-11-02,1.70,1.70,1.70,1.70,94751,52302518.00,0.00,16.44,0.24,0.91
2012-11-05,1.87,1.96,1.96,1.84,234357,139901089.00,7.06,15.29,0.26,2.24
2012-11-06,1.93,2.26,2.26,1.90,634848,401228688.00,18.37,15.31,0.30,6.07
2012-11-07,2.16,2.07,2.18,2.01,400538,253439041.00,7.52,-8.41,-0.19,3.83
2012-11-08,2.06,1.94,2.25,1.91,439459,277339728.00,16.43,-6.28,-0.13,4.20
2012-11-09,1.89,1.85,1.92,1.81,278859,163706281.00,5.67,-4.64,-0.09,2.67
2012-11-12,1.86,1.92,1.92,1.82,240146,140834498.00,5.41,3.78,0.07,2.30
2012-11-13,1.83,1.63,1.86,1.63,292086,162461151.00,11.98,-15.10,-0.29,2.79
2012-11-14,1.63,1.63,1.66,1.58,134862,72448310.00,4.91,0.00,0.00,1.29
2012-11-15,1.60,1.54,1.68,1.52,170103,91067737.00,9.82,-5.52,-0.09,1.63
2012-11-16,1.53,1.57,1.61,1.51,119912,62944467.00,6.49,1.95,0.03,1.15
2012-11-19,1.54,1.61,1.64,1.51,119869,63005642.00,8.28,2.55,0.04,1.15
2012-11-20,1.61,1.52,1.64,1.50,151010,79457486.00,8.70,-5.59,-0.09,1.44
2012-11-21,1.49,1.63,1.71,1.48,202078,107136558.00,15.13,7.24,0.11,1.93
2012-11-22,1.59,1.52,1.59,1.50,121449,63197134.00,5.52,-6.75,-0.11,1.16
2012-11-23,1.51,1.52,1.61,1.51,95302,49864286.00,6.58,0.00,0.00,0.91
2012-11-26,1.51,1.46,1.53,1.44,92398,46590317.00,5.92,-3.95,-0.06,0.88
2012-11-27,1.43,1.33,1.45,1.33,94460,45730702.00,8.22,-8.90,-0.13,0.90
2012-11-28,1.31,1.34,1.36,1.30,73675,35151471.00,4.51,0.75,0.01,0.70
2012-11-29,1.34,1.34,1.41,1.33,101191,48985043.00,5.97,0.00,0.00,0.97
2012-11-30,1.37,1.57,1.57,1.35,137843,69921253.00,16.42,17.16,0.23,1.32
2012-12-03,1.66,1.82,1.83,1.64,522076,295537712.00,12.10,15.92,0.25,4.99
2012-12-04,1.69,1.72,1.75,1.58,275881,151634097.00,9.34,-5.49,-0.10,2.64
2012-12-05,1.74,1.75,1.91,1.66,351098,199664890.00,14.53,1.74,0.03,3.36
2012-12-06,1.72,1.82,1.89,1.68,362155,208112751.00,12.00,4.00,0.07,3.46
2012-12-07,1.79,1.87,1.92,1.72,340624,197320436.00,10.99,2.75,0.05,3.26
2012-12-10,1.83,1.87,1.92,1.79,256925,150060722.00,6.95,0.00,0.00,2.46
2012-12-11,1.85,1.80,2.02,1.79,281419,168359024.00,12.30,-3.74,-0.07,2.69
2012-12-12,1.76,1.82,1.85,1.73,169390,96515390.00,6.67,1.11,0.02,1.62
2012-12-13,1.78,1.83,1.97,1.78,201498,118803689.00,10.44,0.55,0.01,1.93
2012-12-14,1.81,1.93,1.98,1.79,243564,145195069.00,10.38,5.46,0.10,2.33
2012-12-17,1.95,1.90,2.05,1.88,202189,122193514.00,8.81,-1.55,-0.03,1.93
2012-12-18,1.88,1.83,1.94,1.80,145557,85767927.00,7.37,-3.68,-0.07,1.39
2012-12-19,1.79,1.85,1.90,1.76,123241,71278542.00,7.65,1.09,0.02,1.18
2012-12-20,1.83,1.82,1.88,1.76,102524,59224326.00,6.49,-1.62,-0.03,0.98
2012-12-21,1.82,1.79,1.89,1.77,83647,48353447.00,6.59,-1.65,-0.03,0.80
2012-12-24,1.77,1.86,1.86,1.75,95456,55099374.00,6.15,3.91,0.07,0.91
2012-12-25,1.84,2.14,2.14,1.84,212767,133841337.00,16.13,15.05,0.28,2.04
2012-12-26,2.34,2.28,2.41,2.20,503364,341835584.00,9.81,6.54,0.14,4.81
2012-12-27,2.27,2.18,2.36,2.16,299426,199410229.00,8.77,-4.39,-0.10,2.86
2012-12-28,2.17,2.49,2.49,2.16,451230,313815616.00,15.14,14.22,0.31,4.32
2012-12-31,2.56,2.53,2.77,2.38,443808,324184720.00,15.66,1.61,0.04,4.24