2021-01-04,93.76,96.90,97.99,93.71,17607,172348844.00,4.56,3.27,3.07,2.91
2021-01-05,96.54,99.70,99.97,96.18,17479,174211514.00,3.91,2.89,2.80,2.89
2021-01-06,98.42,100.37,102.48,97.78,21049,214479754.00,4.71,0.67,0.67,3.48
2021-01-07,99.63,100.34,102.09,98.01,18069,183938114.00,4.06,-0.03,-0.03,2.99
2021-01-08,99.31,106.16,107.60,99.31,20474,217641457.00,8.26,5.80,5.82,3.38
2021-01-11,106.33,104.19,106.69,101.75,14241,149746387.00,4.65,-1.86,-1.97,2.35
2021-01-12,104.64,100.53,105.97,99.46,12486,128497581.00,6.25,-3.51,-3.66,2.06
2021-01-13,100.20,96.41,100.57,94.60,16088,157642075.00,5.94,-4.10,-4.12,2.66
2021-01-14,95.90,103.43,105.60,95.63,15536,160664009.00,10.34,7.28,7.02,2.57
2021-01-15,105.60,100.03,106.60,99.10,11321,116438764.00,7.25,-3.29,-3.40,1.87
2021-01-18,100.04,97.92,101.69,97.42,16260,163494679.00,4.27,-2.11,-2.11,2.69
2021-01-19,97.40,97.71,99.30,96.17,18948,187842486.00,3.20,-0.21,-0.21,3.13
2021-01-20,97.72,97.86,100.38,96.40,19059,190274363.00,4.07,0.15,0.15,3.15
2021-01-21,98.94,96.21,100.95,95.10,17505,172152400.00,5.98,-1.69,-1.65,2.89
2021-01-22,96.21,97.79,100.50,93.20,19658,191582762.00,7.59,1.64,1.58,3.25
2021-01-25,98.60,117.63,117.63,97.30,48441,537997600.00,20.79,20.29,19.84,8.00
2021-01-26,117.10,101.10,117.10,98.97,61769,648231008.00,15.41,-14.05,-16.53,10.21
2021-01-27,100.68,97.40,102.46,95.10,31284,309926784.00,7.28,-3.66,-3.70,5.17
2021-01-28,95.59,91.75,96.53,91.40,28828,272933008.00,5.27,-5.80,-5.65,4.76
2021-01-29,92.75,93.10,94.49,86.60,30218,277317040.00,8.60,1.47,1.35,4.99
2021-02-01,92.10,89.10,92.60,88.60,19689,180275119.00,4.30,-4.30,-4.00,3.25
2021-02-02,85.89,86.40,88.58,84.56,25519,224093537.00,4.51,-3.03,-2.70,4.22
2021-02-03,85.84,82.80,86.45,82.80,16965,144849904.00,4.22,-4.17,-3.60,2.80
2021-02-04,81.70,79.30,83.13,77.77,16655,135730042.00,6.47,-4.23,-3.50,2.75
2021-02-05,79.63,78.48,82.92,78.00,16464,134619652.00,6.20,-1.03,-0.82,2.72
2021-02-08,80.00,77.59,80.85,76.88,13856,110702138.00,5.06,-1.13,-0.89,2.29
2021-02-09,77.97,83.16,83.98,76.43,20561,169834228.00,9.73,7.18,5.57,3.40
2021-02-10,82.66,91.30,93.29,82.33,32884,297808800.00,13.18,9.79,8.14,5.43
2021-02-18,90.60,97.69,100.80,90.52,29424,289241056.00,11.26,7.00,6.39,4.86
2021-02-19,100.60,101.83,104.60,97.88,26549,274358912.00,6.88,4.24,4.14,4.39
2021-02-22,104.30,100.10,106.90,99.60,25599,267921487.00,7.17,-1.70,-1.73,4.23
2021-02-23,98.48,112.23,112.96,98.48,32501,355253360.00,14.47,12.12,12.13,5.37
2021-02-24,110.89,101.82,110.91,100.29,33133,348274624.00,9.46,-9.28,-10.41,5.47
2021-02-25,102.91,107.39,109.28,102.91,21115,227841756.00,6.26,5.47,5.57,3.49
2021-02-26,104.70,106.40,111.81,103.90,18592,203859975.00,7.37,-0.92,-0.99,3.07
2021-03-01,107.60,105.37,110.00,103.77,16072,171790475.00,5.86,-0.97,-1.03,2.66
2021-03-02,105.58,103.11,107.10,101.71,12346,129974022.00,5.12,-2.14,-2.26,2.04
2021-03-03,102.38,100.58,103.26,98.60,20247,206023925.00,4.52,-2.45,-2.53,3.35
2021-03-04,101.58,98.46,105.60,97.05,18178,185487606.00,8.50,-2.11,-2.12,3.00
2021-03-05,97.51,98.48,100.90,95.60,13168,131452005.00,5.38,0.02,0.02,2.18
2021-03-08,101.00,93.20,101.00,92.18,15521,149666953.00,8.96,-5.36,-5.28,2.56
2021-03-09,93.31,87.30,94.20,85.60,18871,170233546.00,9.23,-6.33,-5.90,3.12
2021-03-10,88.50,86.60,90.28,85.90,10625,94213988.00,5.02,-0.80,-0.70,1.76
2021-03-11,86.80,88.06,89.78,86.20,13504,120437958.00,4.13,1.69,1.46,2.23
2021-03-12,88.73,87.10,88.73,85.10,14599,128109392.00,4.12,-1.09,-0.96,2.41
2021-03-15,87.86,85.73,88.14,84.37,9020,79007089.00,4.33,-1.57,-1.37,1.49
2021-03-16,87.04,86.15,87.11,84.19,8367,73103633.00,3.41,0.49,0.42,1.38
2021-03-17,86.60,87.40,88.17,85.26,9759,85913624.00,3.38,1.45,1.25,1.61
2021-03-18,87.59,87.20,89.48,85.91,12530,111172091.00,4.08,-0.23,-0.20,2.07
2021-03-19,86.09,83.54,86.89,83.44,9715,83722640.00,3.96,-4.20,-3.66,1.61
2021-03-22,83.49,85.74,85.80,81.60,14516,123960753.00,5.03,2.63,2.20,2.40
2021-03-23,85.65,83.13,86.15,82.60,8891,76300867.00,4.14,-3.04,-2.61,1.47
2021-03-24,82.26,82.90,84.15,81.30,8196,68848271.00,3.43,-0.28,-0.23,1.35
2021-03-25,81.68,83.47,83.99,80.61,6791,56938148.00,4.08,0.69,0.57,1.12
2021-03-26,84.49,85.81,86.35,82.30,8473,72764855.00,4.85,2.80,2.34,1.40
2021-03-29,85.82,87.10,88.70,85.42,11713,103673414.00,3.82,1.50,1.29,1.94
2021-03-30,86.27,88.80,91.10,85.91,15002,135637596.00,5.96,1.95,1.70,2.48
2021-03-31,88.36,88.20,90.56,87.76,9445,85447315.00,3.15,-0.68,-0.60,1.56
2021-04-01,88.16,96.28,98.26,87.55,21930,210546090.00,12.14,9.16,8.08,3.62
2021-04-02,96.29,99.41,101.60,96.29,19976,201898635.00,5.52,3.25,3.13,3.30
2021-04-06,98.61,103.41,104.95,98.61,17830,186252789.00,6.38,4.02,4.00,2.95
2021-04-07,103.41,106.09,106.60,102.61,15734,167861544.00,3.86,2.59,2.68,2.60
2021-04-08,105.60,109.39,111.20,105.03,18523,205378986.00,5.82,3.11,3.30,3.06
2021-04-09,109.73,110.14,112.10,108.61,16364,182654054.00,3.19,0.69,0.75,2.70
2021-04-12,111.73,109.42,115.76,108.60,20097,227048198.00,6.50,-0.65,-0.72,3.32
2021-04-13,107.61,111.93,114.78,107.61,18489,210510210.00,6.55,2.29,2.51,3.05
2021-04-14,111.28,111.37,113.19,109.60,10922,123491061.00,3.21,-0.50,-0.56,1.80
2021-04-15,111.87,109.60,112.10,108.10,11529,128213315.00,3.59,-1.59,-1.77,1.91
2021-04-16,110.92,108.59,111.43,107.38,11505,127090933.00,3.70,-0.92,-1.01,1.90
2021-04-19,107.74,112.25,113.93,106.84,12782,144756910.00,6.53,3.37,3.66,2.10
2021-04-20,112.25,125.52,128.17,111.61,36619,454857712.00,14.75,11.82,13.27,6.03
2021-04-21,126.74,138.70,139.57,125.70,39831,533194736.00,11.05,10.50,13.18,6.55
2021-04-22,137.36,134.32,137.37,129.90,28410,383402320.00,5.39,-3.16,-4.38,4.67
2021-04-23,134.91,133.28,135.10,130.70,17137,230167544.00,3.28,-0.77,-1.04,2.82
2021-04-26,135.11,134.43,137.90,129.60,26160,355977024.00,6.23,0.86,1.15,4.30
2021-04-27,133.20,139.49,143.40,128.70,39824,549867728.00,10.94,3.76,5.06,6.55
2021-04-28,139.09,143.20,145.40,137.20,25971,371775664.00,5.88,2.66,3.71,4.27
2021-04-29,141.10,137.35,144.00,136.72,19977,281501120.00,5.08,-4.09,-5.85,3.24
2021-04-30,138.49,137.98,142.59,136.34,14406,201993067.00,4.55,0.46,0.63,2.34
2021-05-06,139.62,146.17,154.10,137.61,32026,475117824.00,11.95,5.94,8.19,5.20
2021-05-07,145.64,134.64,150.55,134.48,23729,332143616.00,10.99,-7.89,-11.53,3.85
2021-05-10,136.68,137.59,141.60,134.82,17369,242276903.00,5.04,2.19,2.95,2.82
2021-05-11,137.78,140.60,142.60,133.71,12639,177534382.00,6.46,2.19,3.01,2.05
2021-05-12,140.16,138.20,140.59,136.10,12767,177612571.00,3.19,-1.71,-2.40,2.07
2021-05-13,135.76,140.12,143.58,135.76,12405,175481639.00,5.66,1.39,1.92,2.01
2021-05-14,139.60,153.60,154.60,139.24,24236,368533184.00,10.96,9.62,13.48,3.93
2021-05-17,151.60,147.40,153.19,142.60,26849,403264992.00,6.89,-4.04,-6.20,4.36
2021-05-18,146.53,145.08,148.45,140.34,19222,278348768.00,5.50,-1.57,-2.32,3.12
2021-05-19,144.34,143.90,146.46,141.90,11833,171781568.00,3.14,-0.81,-1.18,1.92
2021-05-20,142.32,148.61,149.70,141.63,17604,259779442.00,5.61,3.27,4.71,2.86
2021-05-21,148.61,147.73,148.61,141.65,15606,228354120.00,4.68,-0.59,-0.88,2.53
2021-05-24,149.51,147.65,151.85,143.30,10898,161304693.00,5.79,-0.05,-0.08,1.77
2021-05-25,147.64,150.27,151.63,146.11,12047,180619600.00,3.74,1.77,2.62,1.95
2021-05-26,150.94,156.85,162.02,149.19,22403,356083072.00,8.54,4.38,6.58,3.63
2021-05-27,157.40,154.85,158.49,153.50,12842,200668642.00,3.18,-1.28,-2.00,2.08
2021-05-28,154.86,153.71,158.55,152.21,9528,148856036.00,4.09,-0.74,-1.14,1.55
2021-05-31,154.02,161.81,163.35,153.98,12902,208794467.00,6.10,5.27,8.10,2.09
2021-06-01,162.63,164.94,167.82,158.35,11701,191374335.00,5.85,1.93,3.13,1.90
2021-06-02,165.35,156.66,167.85,154.88,17456,281055280.00,7.86,-5.02,-8.28,2.83
2021-06-03,157.36,155.83,160.65,153.35,10057,159095069.00,4.66,-0.53,-0.83,1.63
2021-06-04,155.87,164.00,165.35,155.87,14084,230630867.00,6.08,5.24,8.17,2.28
2021-06-07,164.33,165.33,166.54,159.85,9540,157058123.00,4.08,0.81,1.33,1.55
2021-06-08,163.75,164.09,172.35,162.85,14080,237664997.00,5.75,-0.75,-1.24,2.28
2021-06-09,164.10,165.10,168.03,162.23,7106,118266595.00,3.53,0.62,1.01,1.15
2021-06-10,163.85,162.85,166.54,162.22,7893,130463464.00,2.62,-1.36,-2.25,1.28
2021-06-11,162.85,162.27,163.85,156.97,10310,167232182.00,4.22,-0.36,-0.58,1.67
2021-06-15,161.79,158.14,162.90,157.93,6924,111006290.00,3.06,-2.55,-4.13,1.12
2021-06-16,159.14,145.65,160.81,145.41,17827,269453472.00,9.74,-7.90,-12.49,2.89
2021-06-17,146.60,148.85,152.81,146.60,10835,163188900.00,4.26,2.20,3.20,1.76
2021-06-18,148.63,151.29,158.65,147.45,10870,166512884.00,7.52,1.64,2.44,1.76
2021-06-21,150.32,159.35,160.65,149.10,9689,153189988.00,7.63,5.33,8.06,1.57
2021-06-22,157.85,166.74,167.35,157.85,13636,225861337.00,5.96,4.64,7.39,2.21
2021-06-23,169.20,165.46,170.85,164.35,7462,125082128.00,3.90,-0.77,-1.28,1.21
2021-06-24,166.28,157.29,167.13,156.49,13386,215167911.00,6.43,-4.94,-8.17,2.17
2021-06-25,156.60,158.65,161.63,156.60,7041,112933723.00,3.20,0.86,1.36,1.14
2021-06-28,158.68,169.17,170.25,157.35,16048,268576960.00,8.13,6.63,10.52,2.60
2021-06-29,170.86,167.85,171.85,162.86,10686,179083360.00,5.31,-0.78,-1.32,1.73
2021-06-30,165.85,139.88,166.68,134.05,77864,1099368384.00,19.44,-16.66,-27.97,12.67
2021-07-01,137.74,135.58,140.85,129.85,44869,616876896.00,7.86,-3.07,-4.30,7.30
2021-07-02,130.96,126.62,133.85,119.85,51926,659200288.00,10.33,-6.61,-8.96,8.45
2021-07-05,123.23,125.33,127.24,121.85,23668,297131360.00,4.26,-1.02,-1.29,3.85
2021-07-06,126.45,117.65,126.45,115.80,33793,404964720.00,8.50,-6.13,-7.68,5.50
2021-07-07,118.04,119.25,124.35,116.43,25889,315164752.00,6.73,1.36,1.60,4.21
2021-07-08,120.73,117.38,120.73,116.32,15612,185459349.00,3.70,-1.57,-1.87,2.54
2021-07-09,115.85,116.95,118.35,113.35,12377,145141068.00,4.26,-0.37,-0.43,2.01
2021-07-12,117.20,117.33,118.73,113.65,14078,165826362.00,4.34,0.32,0.38,2.29
2021-07-13,117.84,116.35,117.84,114.68,11403,133482723.00,2.69,-0.84,-0.98,1.86
2021-07-14,115.47,114.93,116.39,113.41,15135,175874524.00,2.56,-1.22,-1.42,2.46
2021-07-15,114.84,113.85,116.34,110.65,21618,247413143.00,4.95,-0.94,-1.08,3.52
2021-07-16,115.76,111.98,115.76,110.15,17856,201743829.00,4.93,-1.64,-1.87,2.91
2021-07-19,111.31,115.18,117.83,110.69,17866,207594055.00,6.38,2.86,3.20,2.91
2021-07-20,115.20,112.53,117.41,111.62,14506,166370633.00,5.03,-2.30,-2.65,2.36
2021-07-21,113.43,113.55,116.53,112.22,18005,207472097.00,3.83,0.91,1.02,2.93
2021-07-22,113.29,109.54,114.31,108.42,18573,207113855.00,5.19,-3.53,-4.01,3.02
2021-07-23,109.16,105.85,110.19,105.56,12987,140848500.00,4.23,-3.37,-3.69,2.11
2021-07-26,107.35,103.82,107.35,100.93,15602,163197374.00,6.07,-1.92,-2.03,2.54
2021-07-27,103.71,97.45,104.05,97.36,17448,176335014.00,6.44,-6.14,-6.37,2.84
2021-07-28,98.55,89.68,98.55,86.77,45766,419745024.00,12.09,-7.97,-7.77,7.45
2021-07-29,91.57,97.85,99.51,91.25,33732,327631520.00,9.21,9.11,8.17,5.49
2021-07-30,96.85,96.74,97.74,93.05,18418,178068106.00,4.79,-1.13,-1.11,3.00
2021-08-02,96.86,97.16,97.85,91.76,19199,184916406.00,6.30,0.43,0.42,3.12
2021-08-03,97.74,99.13,102.68,96.01,24060,242792837.00,6.86,2.03,1.97,3.92
2021-08-04,98.85,97.29,99.75,94.85,18355,180293234.00,4.94,-1.86,-1.84,2.99
2021-08-05,98.35,95.85,98.35,94.56,13998,136052723.00,3.90,-1.48,-1.44,2.28
2021-08-06,94.85,92.95,96.42,91.85,12947,122216349.00,4.77,-3.03,-2.90,2.11
2021-08-09,93.69,98.72,99.85,93.03,18500,183274486.00,7.34,6.21,5.77,3.01
2021-08-10,99.81,97.65,99.81,95.16,15564,151994232.00,4.71,-1.08,-1.07,2.53
2021-08-11,99.79,98.00,101.47,95.18,19319,191966980.00,6.44,0.36,0.35,3.14
2021-08-12,97.82,98.81,100.34,96.48,13931,139085647.00,3.94,0.83,0.81,2.27
2021-08-13,98.31,96.55,98.81,95.96,11821,116163961.00,2.88,-2.29,-2.26,1.92
2021-08-16,96.82,95.65,98.27,95.11,9734,94584016.00,3.27,-0.93,-0.90,1.58
2021-08-17,95.35,91.80,96.03,91.35,10215,96134375.00,4.89,-4.03,-3.85,1.66
2021-08-18,92.68,92.13,93.64,90.45,9558,88940120.00,3.47,0.36,0.33,1.56
2021-08-19,92.13,91.95,93.80,90.87,8292,77610714.00,3.18,-0.20,-0.18,1.35
2021-08-20,91.68,88.51,92.34,87.91,13686,123866828.00,4.82,-3.74,-3.44,2.23
2021-08-23,89.07,91.72,92.65,87.73,16215,148060470.00,5.56,3.63,3.21,2.64
2021-08-24,90.85,90.55,91.62,88.91,12902,117640572.00,2.95,-1.28,-1.17,2.10
2021-08-25,91.52,96.55,99.85,88.65,33360,324063760.00,12.37,6.63,6.00,5.43
2021-08-26,97.71,89.56,97.72,88.95,27868,257649576.00,9.08,-7.24,-6.99,4.53
2021-08-27,97.85,98.94,105.84,97.55,57497,592343184.00,9.26,10.47,9.38,9.36
2021-08-30,97.37,93.27,102.62,91.13,50342,484097728.00,11.61,-5.73,-5.67,8.19
2021-08-31,91.83,89.55,93.01,89.05,24379,222634744.00,4.25,-3.99,-3.72,3.97
2021-09-01,89.16,107.69,107.69,87.47,62101,627286544.00,22.58,20.26,18.14,10.11
2021-09-02,109.65,108.73,113.53,102.85,63443,691947936.00,9.92,0.97,1.04,10.32
2021-09-03,106.85,108.25,114.95,103.87,36025,399470736.00,10.19,-0.44,-0.48,5.86
2021-09-06,107.20,109.84,114.23,105.85,32023,357946432.00,7.74,1.47,1.59,5.21
2021-09-07,109.84,107.11,110.85,105.35,26479,286753008.00,5.01,-2.49,-2.73,4.31
2021-09-08,106.85,104.37,106.95,102.87,20943,221004548.00,3.81,-2.56,-2.74,3.41
2021-09-09,103.93,101.57,104.82,100.85,17212,177552545.00,3.80,-2.68,-2.80,2.80
2021-09-10,100.25,100.70,105.35,99.15,20702,213155219.00,6.10,-0.86,-0.87,3.37
2021-09-13,100.23,103.35,105.22,99.45,17719,184251508.00,5.73,2.63,2.65,2.88
2021-09-14,102.92,103.25,108.32,102.80,19550,208453655.00,5.34,-0.10,-0.10,3.18
2021-09-15,102.18,103.01,106.73,100.18,17264,179886216.00,6.34,-0.23,-0.24,2.81
2021-09-16,102.67,106.07,107.35,101.84,26512,283247248.00,5.35,2.97,3.06,4.31
2021-09-17,106.08,114.85,117.85,101.85,45394,508033648.00,15.08,8.28,8.78,7.39
2021-09-22,112.65,121.21,121.21,112.65,39860,472635136.00,7.45,5.54,6.36,6.49
2021-09-23,118.85,119.78,121.33,116.85,20316,245251058.00,3.70,-1.18,-1.43,3.31
2021-09-24,120.65,115.84,122.33,113.25,25131,296851696.00,7.58,-3.29,-3.94,4.09
2021-09-27,116.94,127.85,133.63,115.11,46872,590742480.00,15.99,10.37,12.01,7.63
2021-09-28,126.85,128.12,130.88,123.82,28711,369970112.00,5.52,0.21,0.27,4.67
2021-09-29,128.10,123.90,132.39,123.90,28408,366154528.00,6.63,-3.29,-4.22,4.62
2021-09-30,127.10,126.80,131.14,124.24,19774,252630664.00,5.57,2.34,2.90,3.22
2021-10-08,127.10,128.96,132.42,125.12,18820,243449118.00,5.76,1.70,2.16,3.06
2021-10-11,127.37,116.62,128.73,115.90,37470,452013088.00,9.95,-9.57,-12.34,6.10
2021-10-12,116.57,116.10,118.66,113.58,21418,251022321.00,4.36,-0.45,-0.52,3.49
2021-10-13,114.36,114.11,117.57,109.10,21984,249773236.00,7.30,-1.71,-1.99,3.58
2021-10-14,115.07,117.51,121.91,114.58,26333,313256816.00,6.42,2.98,3.40,4.29
2021-10-15,116.30,116.36,118.79,112.93,18742,219263732.00,4.99,-0.98,-1.15,3.05
2021-10-18,115.50,115.10,115.94,110.21,22215,252951336.00,4.92,-1.08,-1.26,3.61
2021-10-19,113.64,113.59,115.69,112.45,13545,155138760.00,2.81,-1.31,-1.51,2.20
2021-10-20,113.20,110.61,114.00,107.67,20740,230970867.00,5.57,-2.62,-2.98,3.37
2021-10-21,110.21,108.34,111.10,107.23,14899,163733295.00,3.50,-2.05,-2.27,2.42
2021-10-22,110.50,106.11,110.50,105.91,13966,151661593.00,4.24,-2.06,-2.23,2.27
2021-10-25,106.69,108.65,111.09,106.20,13735,150131333.00,4.61,2.39,2.54,2.24
2021-10-26,108.64,110.87,113.96,107.65,18414,205459724.00,5.81,2.04,2.22,3.00
2021-10-27,110.97,109.21,112.07,106.00,13986,152862860.00,5.47,-1.50,-1.66,2.28
2021-10-28,115.60,119.88,122.31,111.10,48710,574261648.00,10.26,9.77,10.67,7.93
2021-10-29,120.90,124.91,126.00,116.10,36201,443925760.00,8.26,4.20,5.03,5.89
2021-11-01,124.91,125.01,128.90,121.10,27306,346047888.00,6.24,0.08,0.10,4.44
2021-11-02,124.75,127.82,132.63,122.26,24943,322683872.00,8.30,2.25,2.81,4.06
2021-11-03,126.82,127.86,131.40,126.50,17514,227082308.00,3.83,0.03,0.04,2.85
2021-11-04,127.58,130.43,133.60,126.76,16660,219484097.00,5.35,2.01,2.57,2.71
2021-11-05,133.10,127.19,133.10,125.77,17025,219955812.00,5.62,-2.48,-3.24,2.77
2021-11-08,126.60,127.09,128.07,124.12,16812,213723516.00,3.11,-0.08,-0.10,2.74
2021-11-09,126.67,127.85,131.96,126.00,14836,191022225.00,4.69,0.60,0.76,2.41
2021-11-10,128.10,129.72,131.66,126.20,14367,186622157.00,4.27,1.46,1.87,2.34
2021-11-11,131.10,131.54,132.70,127.58,13164,172860088.00,3.95,1.40,1.82,2.14
2021-11-12,131.89,129.50,131.98,126.10,11783,153293140.00,4.47,-1.55,-2.04,1.92
2021-11-15,127.10,140.80,146.37,126.13,31603,442420432.00,15.63,8.73,11.30,5.14
2021-11-16,141.10,143.13,146.09,138.65,19692,283010160.00,5.28,1.65,2.33,3.20
2021-11-17,143.65,143.76,145.10,139.10,15049,215755734.00,4.19,0.44,0.63,2.45
2021-11-18,143.87,145.66,148.90,141.63,16517,241808795.00,5.06,1.32,1.90,2.69
2021-11-19,146.12,144.20,146.45,142.44,11154,161818404.00,2.75,-1.00,-1.46,1.82
2021-11-22,144.19,141.21,148.18,138.30,20340,289299616.00,6.85,-2.07,-2.99,3.31
2021-11-23,140.60,125.97,141.09,125.22,39379,512667216.00,11.24,-10.79,-15.24,6.41
2021-11-24,125.86,116.15,127.10,114.10,45121,533443120.00,10.32,-7.80,-9.82,7.34
2021-11-25,116.49,114.70,116.60,110.25,44462,506151520.00,5.47,-1.25,-1.45,7.24
2021-11-26,113.10,119.77,121.88,112.46,36437,435543536.00,8.21,4.42,5.07,5.93
2021-11-29,118.00,122.10,123.77,116.64,24155,294148528.00,5.95,1.95,2.33,3.93
2021-11-30,122.05,120.30,123.55,119.50,16646,202222537.00,3.32,-1.47,-1.80,2.71
2021-12-01,121.10,119.56,121.65,116.87,13270,159254070.00,3.97,-0.62,-0.74,2.16
2021-12-02,119.56,116.10,119.56,115.70,11705,137535382.00,3.23,-2.89,-3.46,1.90
2021-12-03,121.10,128.18,130.41,119.40,40407,505865664.00,9.48,10.40,12.08,6.58
2021-12-06,128.38,121.76,131.95,121.70,21406,271611120.00,8.00,-5.01,-6.42,3.48
2021-12-07,121.76,120.30,122.97,118.30,13694,165460494.00,3.84,-1.20,-1.46,2.23
2021-12-08,121.51,125.56,126.60,121.11,14518,181819435.00,4.56,4.37,5.26,2.36
2021-12-09,125.56,124.96,127.32,122.74,12812,160631729.00,3.65,-0.48,-0.60,2.08
2021-12-10,126.38,127.10,133.45,125.10,26478,344653712.00,6.68,1.71,2.14,4.31
2021-12-13,127.10,127.13,128.88,123.40,14777,188142280.00,4.31,0.02,0.03,2.40
2021-12-14,126.07,128.30,131.05,126.07,12359,160216743.00,3.92,0.92,1.17,2.01
2021-12-15,129.85,125.32,129.85,124.28,11608,148405690.00,4.34,-2.32,-2.98,1.89
2021-12-16,125.32,126.82,128.98,124.73,11761,150221197.00,3.39,1.20,1.50,1.91
2021-12-17,126.06,122.17,126.10,119.18,14373,177017344.00,5.46,-3.67,-4.65,2.34
2021-12-20,122.53,116.58,122.54,116.54,16481,195939451.00,4.91,-4.58,-5.59,2.68
2021-12-21,118.60,119.18,120.08,116.38,12880,153954272.00,3.17,2.23,2.60,2.10
2021-12-22,119.61,120.30,122.49,117.50,9539,114873413.00,4.19,0.94,1.12,1.55
2021-12-23,120.19,121.10,122.00,119.50,7948,96743919.00,2.08,0.67,0.80,1.29
2021-12-24,121.60,120.60,121.77,118.46,6822,82531878.00,2.73,-0.41,-0.50,1.11
2021-12-27,119.20,120.28,121.96,118.65,6610,79840977.00,2.74,-0.27,-0.32,1.08
2021-12-28,120.46,119.71,121.10,117.92,9444,113241548.00,2.64,-0.47,-0.57,1.54
2021-12-29,119.01,125.23,127.48,118.60,20409,254732858.00,7.42,4.61,5.52,3.32
2021-12-30,125.10,130.87,131.70,122.10,28361,365818080.00,7.67,4.50,5.64,4.62
2021-12-31,132.10,135.90,136.07,129.60,26747,357753584.00,4.94,3.84,5.03,4.35