2018-01-02,8.37,8.44,8.45,8.33,42403,51279870.00,1.44,1.08,0.09,0.55
2018-01-03,8.42,8.57,8.63,8.42,62037,76189725.00,2.49,1.54,0.13,0.80
2018-01-04,8.59,8.55,8.68,8.53,53098,65634293.00,1.75,-0.23,-0.02,0.68
2018-01-05,8.54,8.62,8.64,8.50,49786,61375634.00,1.64,0.82,0.07,0.64
2018-01-08,8.59,8.53,8.62,8.45,60403,73989675.00,1.97,-1.04,-0.09,0.78
2018-01-09,8.53,8.76,8.76,8.50,117141,145769963.00,3.05,2.70,0.23,1.51
2018-01-10,8.75,8.61,8.75,8.54,80470,99980637.00,2.40,-1.71,-0.15,1.03
2018-01-11,8.61,8.62,8.65,8.52,59805,73927532.00,1.51,0.12,0.01,0.77
2018-01-12,8.59,8.52,8.64,8.49,47148,57920605.00,1.74,-1.16,-0.10,0.61
2018-01-15,8.48,8.11,8.51,8.09,91800,109248033.00,4.93,-4.81,-0.41,1.18
2018-01-16,8.11,8.12,8.16,8.04,52898,61718553.00,1.48,0.12,0.01,0.68
2018-01-17,8.10,8.17,8.23,8.00,58254,68001461.00,2.83,0.62,0.05,0.75
2018-01-18,8.16,8.16,8.20,8.13,25752,30257018.00,0.86,-0.12,-0.01,0.33
2018-01-19,8.24,8.23,8.40,8.21,53390,63783275.00,2.33,0.86,0.07,0.69
2018-01-22,8.18,8.27,8.33,8.16,33903,40208144.00,2.07,0.49,0.04,0.44
2018-01-23,8.34,8.30,8.35,8.25,36402,43464602.00,1.21,0.36,0.03,0.47
2018-01-24,8.28,8.34,8.37,8.27,42347,50786351.00,1.20,0.48,0.04,0.54
2018-01-25,8.27,8.39,8.57,8.27,83509,101651557.00,3.60,0.60,0.05,1.07
2018-01-26,8.39,8.37,8.47,8.34,42271,50994661.00,1.55,-0.24,-0.02,0.54
2018-01-29,8.34,8.22,8.38,8.20,40302,47990735.00,2.15,-1.79,-0.15,0.52
2018-01-30,8.22,8.22,8.27,8.17,19936,23580388.00,1.22,0.00,0.00,0.26
2018-01-31,8.19,7.97,8.19,7.91,62041,71749370.00,3.41,-3.04,-0.25,0.80
2018-02-01,7.97,7.53,8.00,7.47,105160,116058253.00,6.65,-5.52,-0.44,1.35
2018-02-02,7.52,7.39,7.52,7.28,63332,67716794.00,3.19,-1.86,-0.14,0.81
2018-02-05,7.23,7.34,7.34,7.10,47237,49364864.00,3.25,-0.68,-0.05,0.61
2018-02-06,7.14,6.58,7.19,6.58,119467,117987445.00,8.31,-10.35,-0.76,1.54
2018-02-07,6.72,6.56,6.74,6.30,67148,63998061.00,6.69,-0.30,-0.02,0.86
2018-02-08,6.54,6.67,6.77,6.54,39299,38072283.00,3.51,1.68,0.11,0.51
2018-02-09,6.46,6.24,6.53,6.17,94371,86593027.00,5.40,-6.45,-0.43,1.21
2018-02-12,6.34,6.38,6.41,6.27,38012,35103511.00,2.24,2.24,0.14,0.49
2018-02-13,6.40,6.51,6.75,6.40,70602,67340307.00,5.49,2.04,0.13,0.91
2018-02-14,6.48,6.54,6.62,6.47,37185,35208138.00,2.30,0.46,0.03,0.48
2018-02-22,6.62,6.64,6.67,6.57,32162,30909303.00,1.53,1.53,0.10,0.41
2018-02-23,6.62,6.71,6.80,6.59,46147,44799174.00,3.16,1.05,0.07,0.59
2018-02-26,6.75,6.90,6.94,6.69,66667,65908032.00,3.73,2.83,0.19,0.86
2018-02-27,6.93,7.39,7.52,6.86,174295,182498035.00,9.57,7.10,0.49,2.24
2018-02-28,7.27,7.20,7.50,7.19,130575,138054440.00,4.19,-2.57,-0.19,1.68
2018-03-01,7.14,7.24,7.34,7.09,74101,77551499.00,3.47,0.56,0.04,0.95
2018-03-02,7.19,7.25,7.36,6.91,62398,65388422.00,6.22,0.14,0.01,0.80
2018-03-05,7.30,7.34,7.47,7.29,63761,67821754.00,2.48,1.24,0.09,0.82
2018-03-06,7.37,7.38,7.46,7.25,74636,79317023.00,2.86,0.54,0.04,0.96
2018-03-07,7.37,7.20,7.39,7.19,50706,53356838.00,2.71,-2.44,-0.18,0.65
2018-03-08,7.17,7.30,7.33,7.17,45394,47766783.00,2.22,1.39,0.10,0.58
2018-03-09,7.30,7.47,7.57,7.30,87072,93535291.00,3.70,2.33,0.17,1.12
2018-03-12,7.37,7.54,7.55,7.34,124565,133777703.00,2.81,0.94,0.07,1.60
2018-03-13,7.52,7.35,7.54,7.34,84168,90406786.00,2.65,-2.52,-0.19,1.08
2018-03-14,7.32,7.11,7.37,7.07,89610,92920230.00,4.08,-3.27,-0.24,1.15
2018-03-15,7.10,7.14,7.27,7.05,64076,66328745.00,3.09,0.42,0.03,0.82
2018-03-16,7.14,7.02,7.18,6.99,52740,54145515.00,2.66,-1.68,-0.12,0.68
2018-03-19,7.05,7.04,7.14,7.02,41882,42990052.00,1.71,0.28,0.02,0.54
2018-03-20,7.02,7.12,7.19,6.94,55135,56362397.00,3.55,1.14,0.08,0.71
2018-03-21,7.09,7.20,7.39,7.09,110366,115824355.00,4.21,1.12,0.08,1.42
2018-03-22,7.20,7.20,7.30,7.14,62458,65135380.00,2.22,0.00,0.00,0.80
2018-03-23,6.98,6.77,7.12,6.63,118211,117974211.00,6.81,-5.97,-0.43,1.52
2018-03-26,6.76,7.11,7.12,6.68,112906,113369939.00,6.50,5.02,0.34,1.45
2018-03-27,7.19,7.30,7.35,7.08,123787,129483783.00,3.80,2.67,0.19,1.59
2018-03-28,7.19,7.34,7.48,7.15,143042,152008155.00,4.52,0.55,0.04,1.84
2018-03-29,7.42,7.28,7.44,7.18,106493,112114164.00,3.54,-0.82,-0.06,1.37
2018-03-30,7.28,7.49,7.53,7.26,154567,166031538.00,3.71,2.88,0.21,1.99
2018-04-02,7.49,7.52,7.69,7.45,132015,144215573.00,3.20,0.40,0.03,1.70
2018-04-03,7.38,7.37,7.52,7.24,122323,130190791.00,3.72,-1.99,-0.15,1.57
2018-04-04,7.43,7.54,7.80,7.36,211641,233447553.00,5.97,2.31,0.17,2.72
2018-04-09,7.59,7.85,7.96,7.51,190533,213462483.00,5.97,4.11,0.31,2.45
2018-04-10,7.90,7.59,7.90,7.48,153876,169289395.00,5.35,-3.31,-0.26,1.98
2018-04-11,7.60,7.64,7.66,7.51,91990,100698448.00,1.98,0.66,0.05,1.18
2018-04-12,7.60,7.50,7.71,7.49,85493,93986991.00,2.88,-1.83,-0.14,1.10
2018-04-13,7.55,7.47,7.73,7.44,85732,93864428.00,3.87,-0.40,-0.03,1.10
2018-04-16,7.54,7.50,7.57,7.41,63593,68676488.00,2.14,0.40,0.03,0.82
2018-04-17,7.52,7.26,7.65,7.22,89444,96137687.00,5.73,-3.20,-0.24,1.15
2018-04-18,7.34,7.39,7.43,7.11,81436,85457963.00,4.41,1.79,0.13,1.05
2018-04-19,7.37,7.63,7.71,7.34,142656,156178323.00,5.01,3.25,0.24,1.83
2018-04-20,7.57,7.33,7.69,7.31,109147,118159105.00,4.98,-3.93,-0.30,1.40
2018-04-23,7.32,7.05,7.48,6.98,96610,100545465.00,6.82,-3.82,-0.28,1.24
2018-04-24,7.07,7.22,7.22,6.99,51487,53106700.00,3.26,2.41,0.17,0.66
2018-04-25,7.14,7.23,7.27,7.12,50495,52637103.00,2.08,0.14,0.01,0.65
2018-04-26,7.12,6.91,7.12,6.89,93188,94319716.00,3.18,-4.43,-0.32,1.20
2018-04-27,6.96,6.94,6.97,6.79,36675,36680998.00,2.60,0.43,0.03,0.47
2018-05-02,6.93,6.71,6.97,6.68,59764,58977771.00,4.18,-3.31,-0.23,0.77
2018-05-03,6.73,6.81,6.82,6.59,54330,52825878.00,3.43,1.49,0.10,0.70
2018-05-04,6.81,6.83,6.86,6.77,35777,35315596.00,1.32,0.29,0.02,0.46
2018-05-07,6.91,6.94,6.97,6.84,32956,32986639.00,1.90,1.61,0.11,0.42
2018-05-08,6.95,6.99,7.10,6.95,49412,50192990.00,2.16,0.72,0.05,0.64
2018-05-09,7.01,6.94,7.01,6.90,29236,29355091.00,1.57,-0.72,-0.05,0.38
2018-05-10,6.93,6.89,6.96,6.79,32696,32554326.00,2.45,-0.72,-0.05,0.42
2018-05-11,6.89,6.81,6.91,6.79,24399,24178620.00,1.74,-1.16,-0.08,0.31
2018-05-14,6.85,6.72,6.87,6.69,36860,36210800.00,2.64,-1.32,-0.09,0.47
2018-05-15,6.72,6.79,6.80,6.70,25691,25157415.00,1.49,1.04,0.07,0.33
2018-05-16,6.79,6.77,6.87,6.73,31150,30677651.00,2.06,-0.29,-0.02,0.40
2018-05-17,6.74,6.68,6.82,6.67,25754,25182351.00,2.22,-1.33,-0.09,0.33
2018-05-18,6.72,6.77,6.79,6.64,32920,32110970.00,2.25,1.35,0.09,0.42
2018-05-21,6.81,6.86,6.89,6.81,34671,34462529.00,1.18,1.33,0.09,0.45
2018-05-22,6.89,6.84,6.89,6.80,29173,28877198.00,1.31,-0.29,-0.02,0.37
2018-05-23,6.82,6.79,6.89,6.77,40738,40265280.00,1.75,-0.73,-0.05,0.52
2018-05-24,6.72,6.62,6.79,6.57,53140,51473796.00,3.24,-2.50,-0.17,0.68
2018-05-25,6.64,6.66,6.73,6.58,36163,34926173.00,2.27,0.60,0.04,0.46
2018-05-28,6.63,6.44,6.65,6.41,42774,40342496.00,3.60,-3.30,-0.22,0.55
2018-05-29,6.42,6.33,6.49,6.29,40529,37541314.00,3.11,-1.71,-0.11,0.52
2018-05-30,6.29,6.04,6.29,6.04,54954,49390699.00,3.95,-4.58,-0.29,0.71
2018-05-31,6.12,6.12,6.19,6.04,47403,42007194.00,2.48,1.32,0.08,0.61
2018-06-01,6.10,6.02,6.24,5.94,58786,51946767.00,4.90,-1.63,-0.10,0.76
2018-06-04,6.08,6.12,6.16,6.04,48239,42866958.00,1.99,1.66,0.10,0.62
2018-06-20,5.48,5.69,5.84,5.48,103794,84593102.00,5.88,-7.03,-0.43,1.33
2018-06-21,5.62,5.09,5.66,5.09,130601,101469611.00,10.02,-10.54,-0.60,1.68
2018-06-22,4.92,5.06,5.16,4.92,68697,50913028.00,4.72,-0.59,-0.03,0.88
2018-06-25,5.09,4.79,5.12,4.76,139646,100660691.00,7.11,-5.34,-0.27,1.79
2018-06-26,4.75,4.92,4.92,4.67,92698,65753678.00,5.22,2.71,0.13,1.19
2018-06-27,4.93,4.95,5.02,4.88,84782,61625992.00,2.85,0.61,0.03,1.09
2018-06-28,4.99,4.84,5.03,4.79,64912,46843042.00,4.85,-2.22,-0.11,0.83
2018-06-29,4.85,5.09,5.12,4.84,78223,57201101.00,5.79,5.17,0.25,1.01
2018-07-02,5.06,5.04,5.14,4.97,59989,44447868.00,3.34,-0.98,-0.05,0.77
2018-07-03,5.02,5.35,5.37,4.98,134982,102785990.00,7.74,6.15,0.31,1.73
2018-07-04,5.29,5.31,5.35,5.21,92371,70921503.00,2.62,-0.75,-0.04,1.19
2018-07-05,5.23,5.14,5.30,5.12,56376,42858153.00,3.39,-3.20,-0.17,0.72
2018-07-06,5.12,5.26,5.33,5.09,58117,44492023.00,4.67,2.33,0.12,0.75
2018-07-09,5.27,5.32,5.35,5.24,38504,29873943.00,2.09,1.14,0.06,0.49
2018-07-10,5.32,5.34,5.38,5.27,48233,37404977.00,2.07,0.38,0.02,0.62
2018-07-11,5.29,5.14,5.30,5.04,71943,54049891.00,4.87,-3.75,-0.20,0.92
2018-07-12,5.17,5.32,5.34,5.14,64341,49392831.00,3.89,3.50,0.18,0.83
2018-07-13,5.32,5.29,5.42,5.25,44175,34235577.00,3.20,-0.56,-0.03,0.57
2018-07-16,5.30,5.32,5.37,5.26,45544,35313404.00,2.08,0.57,0.03,0.59
2018-07-17,5.31,5.24,5.31,5.17,56515,43082384.00,2.63,-1.50,-0.08,0.73
2018-07-18,5.24,5.24,5.34,5.22,48905,37668928.00,2.29,0.00,0.00,0.63
2018-07-19,5.28,5.15,5.29,5.09,34738,26209355.00,3.82,-1.72,-0.09,0.45
2018-07-20,5.18,5.27,5.29,5.07,43623,33155850.00,4.27,2.33,0.12,0.56
2018-07-23,5.27,5.47,5.52,5.27,80931,64222601.00,4.74,3.80,0.20,1.04
2018-07-24,5.49,5.55,5.63,5.42,72105,58146454.00,3.84,1.46,0.08,0.93
2018-07-25,5.52,5.59,5.67,5.52,65578,53589154.00,2.70,0.72,0.04,0.84
2018-07-26,5.59,5.61,5.72,5.57,51495,42198210.00,2.68,0.36,0.02,0.66
2018-07-27,5.63,5.72,5.80,5.57,79252,65721600.00,4.10,1.96,0.11,1.02
2018-07-30,5.72,5.68,5.78,5.60,74545,61706888.00,3.15,-0.70,-0.04,0.96
2018-07-31,5.65,5.57,5.70,5.50,62398,50613238.00,3.52,-1.94,-0.11,0.80
2018-08-01,5.55,5.36,5.61,5.33,63337,50792497.00,5.03,-3.77,-0.21,0.81
2018-08-02,5.42,5.07,5.42,4.94,101167,75680740.00,8.96,-5.41,-0.29,1.30
2018-08-03,5.09,5.10,5.19,5.04,57179,42832390.00,2.96,0.59,0.03,0.73
2018-08-06,5.03,5.12,5.24,5.03,60759,45609276.00,4.12,0.39,0.02,0.78
2018-08-07,5.14,5.24,5.27,4.98,72016,54006334.00,5.66,2.34,0.12,0.93
2018-08-08,5.21,5.12,5.24,5.08,56778,42853754.00,3.05,-2.29,-0.12,0.73
2018-08-09,5.11,5.24,5.29,5.04,55154,41919846.00,4.88,2.34,0.12,0.71
2018-08-10,5.21,5.29,5.30,5.21,35191,26968604.00,1.72,0.95,0.05,0.45
2018-08-13,5.22,5.42,5.47,5.18,64042,49503530.00,5.48,2.46,0.13,0.82
2018-08-14,5.41,5.42,5.44,5.29,43126,33785192.00,2.77,0.00,0.00,0.55
2018-08-15,5.42,5.27,5.47,5.24,48261,37473223.00,4.24,-2.77,-0.15,0.62
2018-08-16,5.23,5.25,5.31,5.12,26501,20289777.00,3.61,-0.38,-0.02,0.34
2018-08-17,5.26,5.09,5.32,5.05,39783,30043745.00,5.14,-3.05,-0.16,0.51
2018-08-20,5.05,5.09,5.11,4.96,34361,25296201.00,2.95,0.00,0.00,0.44
2018-08-21,5.07,5.20,5.24,5.07,39181,29609680.00,3.34,2.16,0.11,0.50
2018-08-22,5.22,5.27,5.33,5.18,45012,34666080.00,2.88,1.35,0.07,0.58
2018-08-23,5.27,5.28,5.34,5.24,34864,26939233.00,1.90,0.19,0.01,0.45
2018-08-24,5.29,5.24,5.34,5.22,30172,23249010.00,2.27,-0.76,-0.04,0.39
2018-08-27,5.26,5.41,5.43,5.26,48376,37917400.00,3.24,3.24,0.17,0.62
2018-08-28,5.39,5.44,5.53,5.38,51187,40673983.00,2.77,0.55,0.03,0.66
2018-08-29,5.42,5.45,5.49,5.38,37259,29482374.00,2.02,0.18,0.01,0.48
2018-08-30,5.43,5.32,5.46,5.32,31725,24827832.00,2.57,-2.39,-0.13,0.41
2018-08-31,5.34,5.29,5.37,5.23,30170,23260522.00,2.63,-0.56,-0.03,0.39
2018-09-03,5.29,5.30,5.32,5.17,41078,31368185.00,2.84,0.19,0.01,0.53
2018-09-04,5.32,5.54,5.56,5.28,83244,66542799.00,5.28,4.53,0.24,1.07
2018-09-05,5.51,5.47,5.59,5.46,64884,52124483.00,2.35,-1.26,-0.07,0.83
2018-09-06,5.47,5.54,5.65,5.44,72020,58069614.00,3.84,1.28,0.07,0.93
2018-09-07,5.53,5.41,5.59,5.40,82170,65659011.00,3.43,-2.35,-0.13,1.06
2018-09-10,5.42,5.29,5.44,5.29,50868,39731588.00,2.77,-2.22,-0.12,0.65
2018-09-11,5.29,5.34,5.44,5.26,43397,33903598.00,3.40,0.95,0.05,0.56
2018-09-12,5.34,5.60,5.71,5.34,128315,104049877.00,6.93,4.87,0.26,1.65
2018-09-13,5.65,5.87,5.88,5.55,174945,145377304.00,5.89,4.82,0.27,2.25
2018-09-14,5.83,5.77,5.91,5.69,123780,104072677.00,3.75,-1.70,-0.10,1.59
2018-09-17,5.74,5.69,5.77,5.64,68489,56701219.00,2.25,-1.39,-0.08,0.88
2018-09-18,5.64,5.73,5.74,5.59,66037,54438808.00,2.64,0.70,0.04,0.85
2018-09-19,5.70,5.90,5.95,5.64,130779,111118837.00,5.41,2.97,0.17,1.68
2018-09-20,5.87,5.77,5.88,5.72,63538,53465468.00,2.71,-2.20,-0.13,0.82
2018-09-21,5.77,5.82,5.82,5.70,42044,35284145.00,2.08,0.87,0.05,0.54
2018-09-25,5.77,5.74,5.87,5.72,47970,40448390.00,2.58,-1.37,-0.08,0.62
2018-09-26,5.77,5.84,5.89,5.71,61636,51950387.00,3.14,1.74,0.10,0.79
2018-09-27,5.83,5.63,5.84,5.63,51356,42662217.00,3.60,-3.60,-0.21,0.66
2018-09-28,5.62,5.67,5.72,5.62,34847,28726517.00,1.78,0.71,0.04,0.45
2018-10-08,5.64,5.38,5.64,5.36,78242,62627077.00,4.94,-5.11,-0.29,1.01
2018-10-09,5.40,5.44,5.54,5.40,58304,46468902.00,2.60,1.12,0.06,0.75
2018-10-10,5.52,5.49,5.53,5.43,25120,20042464.00,1.84,0.92,0.05,0.32
2018-10-11,5.22,4.92,5.48,4.92,113530,85802329.00,10.20,-10.38,-0.57,1.46
2018-10-12,4.92,4.97,5.05,4.67,80061,57109206.00,7.72,1.02,0.05,1.03
2018-10-15,4.97,4.81,5.07,4.81,52390,37797032.00,5.23,-3.22,-0.16,0.67
2018-10-16,4.89,4.70,4.97,4.68,41103,28932564.00,6.03,-2.29,-0.11,0.53
2018-10-17,4.79,4.77,4.82,4.61,39867,27666676.00,4.47,1.49,0.07,0.51
2018-10-18,4.74,4.60,4.74,4.59,44590,30448543.00,3.14,-3.56,-0.17,0.57
2018-10-19,4.59,4.70,4.72,4.49,44213,29970296.00,5.00,2.17,0.10,0.57
2018-10-22,4.72,4.95,5.04,4.72,56924,40856755.00,6.81,5.32,0.25,0.73
2018-10-23,4.96,4.87,5.00,4.84,45603,32804781.00,3.23,-1.62,-0.08,0.59
2018-10-24,4.83,4.87,4.92,4.78,35795,25480232.00,2.87,0.00,0.00,0.46
2018-10-25,4.72,4.84,4.84,4.70,35403,24652640.00,2.87,-0.62,-0.03,0.46
2018-10-26,4.92,4.95,5.09,4.92,50470,36902093.00,3.51,2.27,0.11,0.65
2018-10-29,4.92,5.28,5.41,4.90,114015,86026391.00,10.30,6.67,0.33,1.47
2018-10-30,5.27,5.29,5.37,5.09,82783,63194719.00,5.30,0.19,0.01,1.06
2018-10-31,5.26,5.29,5.35,5.22,47506,36737959.00,2.46,0.00,0.00,0.61
2018-11-01,5.31,5.41,5.42,5.27,65338,51002017.00,2.84,2.27,0.12,0.84
2018-11-02,5.44,5.47,5.53,5.39,60685,48157347.00,2.59,1.11,0.06,0.78
2018-11-05,5.45,5.47,5.52,5.35,46491,36812762.00,3.11,0.00,0.00,0.60
2018-11-06,5.44,5.51,5.55,5.39,40332,32092395.00,2.93,0.73,0.04,0.52
2018-11-07,5.53,5.43,5.56,5.41,42208,33665956.00,2.72,-1.45,-0.08,0.54
2018-11-08,5.48,5.44,5.55,5.44,48437,38728731.00,2.03,0.18,0.01,0.62
2018-11-09,5.41,5.52,5.54,5.39,45315,36259074.00,2.76,1.47,0.08,0.58
2018-11-12,5.49,5.66,5.70,5.46,58975,48222442.00,4.35,2.54,0.14,0.76
2018-11-13,5.58,5.72,5.76,5.56,53061,43853449.00,3.53,1.06,0.06,0.68
2018-11-14,5.72,5.64,5.78,5.59,58735,48363956.00,3.32,-1.40,-0.08,0.75
2018-11-15,5.67,5.76,5.79,5.64,60181,50120058.00,2.66,2.13,0.12,0.77
2018-11-16,5.77,5.80,5.90,5.73,63283,53397243.00,2.95,0.69,0.04,0.81
2018-11-19,5.80,5.86,5.89,5.71,59513,50211257.00,3.10,1.03,0.06,0.76
2018-11-20,5.81,5.71,6.04,5.68,81845,69970958.00,6.14,-2.56,-0.15,1.05
2018-11-21,5.57,5.84,5.87,5.51,67729,56712105.00,6.30,2.28,0.13,0.87
2018-11-22,5.84,5.77,5.89,5.74,39985,33727314.00,2.57,-1.20,-0.07,0.51
2018-11-23,5.61,5.55,5.76,5.52,49273,40305108.00,4.16,-3.81,-0.22,0.63
2018-11-26,5.55,5.53,5.68,5.47,37484,30406098.00,3.78,-0.36,-0.02,0.48
2018-11-27,5.53,5.64,5.67,5.53,42898,35092872.00,2.53,1.99,0.11,0.55
2018-11-28,5.67,5.82,5.84,5.56,56143,46663677.00,4.96,3.19,0.18,0.72
2018-11-29,5.87,5.62,5.89,5.60,44432,37294282.00,4.98,-3.44,-0.20,0.57
2018-11-30,5.60,5.82,5.82,5.60,50004,41720670.00,3.91,3.56,0.20,0.64
2018-12-03,5.97,5.87,5.99,5.81,77446,66356698.00,3.09,0.86,0.05,1.00
2018-12-04,5.88,5.87,5.91,5.79,49583,42119492.00,2.04,0.00,0.00,0.64
2018-12-05,5.80,5.69,5.80,5.64,61452,51012987.00,2.73,-3.07,-0.18,0.79
2018-12-06,5.69,5.67,5.79,5.59,59481,49160306.00,3.51,-0.35,-0.02,0.76
2018-12-07,5.66,5.59,5.67,5.58,38173,31198130.00,1.59,-1.41,-0.08,0.49
2018-12-10,5.53,5.54,5.64,5.51,39322,31942524.00,2.33,-0.89,-0.05,0.51
2018-12-11,5.53,5.53,5.59,5.49,33824,27245826.00,1.81,-0.18,-0.01,0.43
2018-12-12,5.56,5.53,5.57,5.48,31542,25355105.00,1.63,0.00,0.00,0.41
2018-12-13,5.54,5.64,5.65,5.49,59202,48186297.00,2.89,1.99,0.11,0.76
2018-12-14,5.59,5.36,5.62,5.29,72907,58170045.00,5.85,-4.96,-0.28,0.94
2018-12-17,5.36,5.39,5.42,5.31,49687,38919840.00,2.05,0.56,0.03,0.64
2018-12-18,5.37,5.39,5.46,5.27,44850,35047121.00,3.53,0.00,0.00,0.58
2018-12-19,5.39,5.27,5.42,5.19,57436,44453956.00,4.27,-2.23,-0.12,0.74
2018-12-20,5.28,5.14,5.31,5.09,60953,46291289.00,4.17,-2.47,-0.13,0.78
2018-12-21,5.14,5.23,5.27,5.10,62535,47508057.00,3.31,1.75,0.09,0.80
2018-12-24,5.21,5.31,5.34,5.17,46919,36067710.00,3.25,1.53,0.08,0.60
2018-12-25,5.24,5.20,5.24,5.04,54498,40772114.00,3.77,-2.07,-0.11,0.70
2018-12-26,5.17,5.14,5.24,5.12,29521,22207338.00,2.31,-1.15,-0.06,0.38
2018-12-27,5.22,5.05,5.26,5.02,51850,38811832.00,4.67,-1.75,-0.09,0.67
2018-12-28,5.07,5.09,5.17,5.07,47068,35127557.00,1.98,0.79,0.04,0.60