2023-01-03,6.99,7.03,7.04,6.92,17785,12442861.00,1.73,1.30,0.09,0.48
2023-01-04,7.03,7.32,7.47,7.01,58762,42873938.00,6.54,4.13,0.29,1.58
2023-01-05,7.32,7.38,7.43,7.26,32824,24129801.00,2.32,0.82,0.06,0.88
2023-01-06,7.35,7.52,7.66,7.35,51123,38604017.00,4.20,1.90,0.14,1.38
2023-01-09,7.59,7.70,7.80,7.48,41006,31386590.00,4.26,2.39,0.18,1.10
2023-01-10,7.76,7.66,7.76,7.60,24771,19032822.00,2.08,-0.52,-0.04,0.67
2023-01-11,7.77,7.76,7.85,7.66,31883,24779239.00,2.48,1.31,0.10,0.86
2023-01-12,7.65,7.74,7.88,7.65,24953,19396854.00,2.96,-0.26,-0.02,0.67
2023-01-13,7.74,7.93,8.05,7.71,37938,29930990.00,4.39,2.45,0.19,1.02
2023-01-16,7.91,7.89,7.96,7.83,25217,19892116.00,1.64,-0.50,-0.04,0.68
2023-01-17,7.90,7.91,7.98,7.89,17810,14133561.00,1.14,0.25,0.02,0.48
2023-01-18,7.97,7.87,8.00,7.80,19054,14986892.00,2.53,-0.51,-0.04,0.51
2023-01-19,7.87,7.87,7.93,7.82,17534,13792673.00,1.40,0.00,0.00,0.47
2023-01-20,7.85,7.85,7.96,7.84,14816,11672164.00,1.52,-0.25,-0.02,0.40
2023-01-30,7.88,7.87,8.00,7.84,17776,14063605.00,2.04,0.25,0.02,0.48
2023-01-31,7.88,7.85,7.90,7.77,13952,10918753.00,1.65,-0.25,-0.02,0.38
2023-02-01,7.81,7.90,7.93,7.76,24520,19242625.00,2.17,0.64,0.05,0.66
2023-02-02,7.90,7.83,7.93,7.81,14377,11279799.00,1.52,-0.89,-0.07,0.39
2023-02-03,7.84,7.79,7.86,7.69,13341,10348749.00,2.17,-0.51,-0.04,0.36
2023-02-06,7.76,7.73,7.79,7.71,15165,11751282.00,1.03,-0.77,-0.06,0.41
2023-02-07,7.78,7.85,7.86,7.74,22766,17769050.00,1.55,1.55,0.12,0.61
2023-02-08,7.83,7.80,7.90,7.74,14559,11367601.00,2.04,-0.64,-0.05,0.39
2023-02-09,7.80,7.86,7.88,7.76,13911,10901064.00,1.54,0.77,0.06,0.37
2023-02-10,7.88,7.97,7.99,7.84,25840,20536638.00,1.91,1.40,0.11,0.70
2023-02-13,8.00,8.13,8.18,7.92,30385,24586202.00,3.26,2.01,0.16,0.82
2023-02-14,8.16,8.94,8.94,8.10,105884,92952236.00,10.33,9.96,0.81,2.85
2023-02-15,8.90,8.86,8.96,8.70,146017,129059279.00,2.91,-0.89,-0.08,3.93
2023-02-16,8.89,8.53,9.14,8.45,106117,93186289.00,7.79,-3.72,-0.33,2.86
2023-02-17,8.53,8.70,8.81,8.48,94500,81843315.00,3.87,1.99,0.17,2.54
2023-02-20,8.73,9.15,9.20,8.63,132527,120335737.00,6.55,5.17,0.45,3.57
2023-02-21,9.13,9.23,9.40,8.99,67010,61239461.00,4.48,0.87,0.08,1.80
2023-02-22,9.22,9.31,9.39,9.06,44124,40656713.00,3.58,0.87,0.08,1.19
2023-02-23,9.39,9.22,9.62,9.17,44175,41230581.00,4.83,-0.97,-0.09,1.19
2023-02-24,9.28,9.21,9.31,9.10,28928,26667018.00,2.28,-0.11,-0.01,0.78
2023-02-27,9.22,9.04,9.28,8.99,31627,28764491.00,3.15,-1.85,-0.17,0.85
2023-02-28,9.00,9.02,9.14,8.90,25613,22977716.00,2.65,-0.22,-0.02,0.69
2023-03-01,9.03,8.96,9.03,8.89,23210,20769635.00,1.55,-0.67,-0.06,0.63
2023-03-02,8.94,8.95,9.11,8.90,23594,21203667.00,2.34,-0.11,-0.01,0.64
2023-03-03,8.91,8.87,9.04,8.82,19659,17454065.00,2.46,-0.89,-0.08,0.53
2023-03-06,8.88,8.80,8.90,8.73,24356,21382295.00,1.92,-0.79,-0.07,0.66