2023-01-03,2.90,2.90,2.91,2.86,151909,43899350.25,1.73,0.35,0.01,0.32
2023-01-04,2.91,2.93,2.94,2.89,183248,53599461.88,1.72,1.03,0.03,0.38
2023-01-05,2.94,2.92,2.95,2.91,139598,40803450.43,1.37,-0.34,-0.01,0.29
2023-01-06,2.92,2.90,2.93,2.89,127173,36908662.49,1.37,-0.68,-0.02,0.26
2023-01-09,2.91,2.88,2.92,2.88,125770,36417214.40,1.38,-0.69,-0.02,0.26
2023-01-10,2.88,2.85,2.89,2.85,106195,30442607.75,1.39,-1.04,-0.03,0.22
2023-01-11,2.87,2.86,2.89,2.85,129773,37225986.64,1.40,0.35,0.01,0.27
2023-01-12,2.86,2.85,2.87,2.84,106975,30503088.00,1.05,-0.35,-0.01,0.22
2023-01-13,2.85,2.88,2.89,2.84,101623,29166392.66,1.75,1.05,0.03,0.21
2023-01-16,2.89,2.91,2.95,2.88,225632,65813031.06,2.43,1.04,0.03,0.47
2023-01-17,2.93,2.94,2.95,2.91,213113,62458704.61,1.37,1.03,0.03,0.44
2023-01-18,2.94,2.96,2.99,2.92,221118,65373888.05,2.38,0.68,0.02,0.46
2023-01-19,2.96,2.97,2.97,2.93,159549,47070865.70,1.35,0.34,0.01,0.33
2023-01-20,2.98,2.97,2.98,2.96,135836,40299623.20,0.67,0.00,0.00,0.28
2023-01-30,2.99,2.96,3.00,2.95,229793,68177747.34,1.68,-0.34,-0.01,0.48
2023-01-31,2.95,2.95,2.97,2.94,143374,42379587.40,1.01,-0.34,-0.01,0.30
2023-02-01,2.96,2.96,2.97,2.93,158132,46715463.82,1.36,0.34,0.01,0.33
2023-02-02,2.97,2.96,2.97,2.94,148918,43966527.95,1.01,0.00,0.00,0.31
2023-02-03,2.96,2.93,2.96,2.92,162367,47583073.49,1.35,-1.01,-0.03,0.34
2023-02-06,2.92,2.91,2.93,2.90,124935,36413497.00,1.02,-0.68,-0.02,0.26