2023-01-03,10.11,10.14,10.17,10.10,786,796069.97,0.69,0.20,0.02,0.74
2023-01-04,10.14,10.04,10.14,9.99,1064,1068625.32,1.48,-0.99,-0.10,1.00
2023-01-05,10.02,10.13,10.16,10.02,880,890668.15,1.39,0.90,0.09,0.83
2023-01-06,10.04,10.18,10.39,10.04,439,446432.25,3.46,0.49,0.05,0.41
2023-01-09,10.14,10.14,10.18,10.11,693,702633.78,0.69,-0.39,-0.04,0.65
2023-01-10,10.07,10.15,10.20,10.07,416,422003.00,1.28,0.10,0.01,0.39
2023-01-11,10.20,10.13,10.20,10.13,496,502595.74,0.69,-0.20,-0.02,0.47
2023-01-12,10.14,10.10,10.14,10.08,598,604178.20,0.59,-0.30,-0.03,0.56
2023-01-13,10.10,10.10,10.21,10.07,605,610997.44,1.39,0.00,0.00,0.57
2023-01-16,10.10,10.13,10.19,10.10,647,655454.65,0.89,0.30,0.03,0.61
2023-01-17,10.20,10.15,10.20,10.10,450,456832.95,0.99,0.20,0.02,0.42
2023-01-18,10.10,10.13,10.17,10.10,532,539208.33,0.69,-0.20,-0.02,0.50
2023-01-19,10.13,10.16,10.18,10.12,415,421285.40,0.59,0.30,0.03,0.39
2023-01-20,10.15,10.22,10.23,10.15,1199,1224105.75,0.79,0.59,0.06,1.13
2023-01-30,10.31,10.25,10.31,10.22,683,699644.92,0.88,0.29,0.03,0.64
2023-01-31,10.23,10.86,10.88,10.23,8603,9170979.76,6.34,5.95,0.61,8.07
2023-02-01,11.03,11.00,11.29,10.80,9096,10020111.08,4.51,1.29,0.14,8.54
2023-02-02,10.88,10.60,10.88,10.50,4152,4402184.23,3.45,-3.64,-0.40,3.90
2023-02-03,10.60,10.63,10.79,10.48,3002,3166806.98,2.92,0.28,0.03,2.82
2023-02-06,10.52,10.42,10.65,10.42,1756,1833242.72,2.16,-1.98,-0.21,1.65
2023-02-07,10.41,10.46,10.54,10.36,1401,1458006.30,1.73,0.38,0.04,1.31
2023-02-08,10.40,10.41,10.45,10.38,946,984177.43,0.67,-0.48,-0.05,0.89