2016-01-04,17.09,15.57,17.09,15.49,62915,104548372.00,9.29,-9.63,-1.66,3.35
2016-01-05,14.75,16.85,16.85,14.05,104844,157009032.00,17.98,8.22,1.28,5.58
2016-01-06,15.86,17.35,17.41,15.75,134922,228177866.00,9.85,2.97,0.50,7.18
2016-01-07,17.10,15.60,17.12,15.60,25300,41375488.00,8.76,-10.09,-1.75,1.35
2016-01-08,16.09,16.75,17.03,14.10,105096,171981931.00,18.78,7.37,1.15,5.59
2016-01-11,16.75,15.06,17.80,15.06,157895,261844523.00,16.36,-10.09,-1.69,8.40
2016-01-12,14.15,13.54,14.53,13.54,134503,187208577.00,6.57,-10.09,-1.52,7.16
2016-01-13,13.21,12.20,13.43,12.17,87188,112749459.00,9.31,-9.90,-1.34,4.64
2016-01-14,11.37,12.33,12.65,10.97,85186,100406430.00,13.77,1.07,0.13,4.53
2016-01-15,12.73,11.85,12.77,11.71,73255,91050316.00,8.60,-3.89,-0.48,3.90
2016-01-18,11.85,11.75,12.35,11.40,63594,76391978.00,8.02,-0.84,-0.10,3.38
2016-01-19,11.84,12.94,12.94,11.45,134251,170910332.00,12.68,10.13,1.19,7.14
2016-01-20,12.90,12.82,13.03,12.54,87790,114104310.00,3.79,-0.93,-0.12,4.67
2016-01-21,12.49,11.68,12.65,11.65,81253,101089086.00,7.80,-8.89,-1.14,4.32
2016-01-22,11.43,11.90,12.04,11.26,55546,65773445.00,6.68,1.88,0.22,2.95
2016-01-25,11.98,12.35,12.61,11.98,58979,73631222.00,5.29,3.78,0.45,3.14
2016-01-26,12.15,11.10,12.20,11.10,53863,63248785.00,8.91,-10.12,-1.25,2.87
2016-01-27,10.95,10.68,11.30,9.98,73574,78249283.00,11.89,-3.78,-0.42,3.91
2016-01-28,10.49,10.11,10.83,10.10,44996,48002148.00,6.84,-5.34,-0.57,2.39
2016-01-29,10.12,10.70,10.87,10.12,48767,52529725.00,7.42,5.84,0.59,2.59
2016-02-01,10.57,10.80,11.26,10.50,37720,41591464.00,7.10,0.93,0.10,2.01
2016-02-02,10.84,11.32,11.41,10.70,40248,45854269.00,6.57,4.81,0.52,2.14
2016-02-03,11.35,11.61,11.83,11.22,47396,55466043.00,5.39,2.56,0.29,2.52
2016-02-04,11.45,11.73,12.02,11.45,46424,55568743.00,4.91,1.03,0.12,2.47
2016-02-05,12.00,11.38,12.02,11.30,32821,38619619.00,6.14,-2.98,-0.35,1.75
2016-02-15,10.80,11.40,11.56,10.66,32209,36571469.00,7.91,0.18,0.02,1.71
2016-02-16,11.65,11.95,12.02,11.41,29769,35736297.00,5.35,4.82,0.55,1.58
2016-02-17,12.03,12.44,12.45,11.88,43066,53115674.00,4.77,4.10,0.49,2.29
2016-02-18,13.70,13.00,13.70,12.85,98540,133104551.00,6.83,4.50,0.56,5.24
2016-02-19,13.01,12.78,13.01,12.35,65479,83790136.00,5.08,-1.69,-0.22,3.48
2016-02-22,12.91,12.88,13.00,12.73,52290,68136667.00,2.11,0.78,0.10,2.78
2016-02-23,12.99,13.21,13.50,12.93,77915,103531069.00,4.43,2.56,0.33,4.14
2016-02-24,13.22,13.51,13.95,13.21,94377,130276357.00,5.60,2.27,0.30,5.02
2016-02-25,13.63,12.21,13.80,12.21,82826,109107376.00,11.77,-9.62,-1.30,4.41
2016-02-26,12.51,12.23,12.75,11.71,56266,69673762.00,8.52,0.16,0.02,2.99
2016-02-29,12.13,10.99,12.13,10.99,67244,76261114.00,9.32,-10.14,-1.24,3.58
2016-03-01,11.13,11.31,11.44,10.66,53219,60048729.00,7.10,2.91,0.32,2.83
2016-03-02,11.40,12.00,12.32,11.26,70985,84556961.00,9.37,6.10,0.69,3.78
2016-03-03,12.10,12.06,12.47,11.86,65363,80668675.00,5.08,0.50,0.06,3.48
2016-03-04,12.05,11.53,12.06,11.12,56782,66971239.00,7.79,-4.39,-0.53,3.02
2016-03-07,11.56,11.40,11.94,11.25,71859,83856744.00,5.98,-1.13,-0.13,3.82
2016-03-08,11.40,11.64,11.70,10.83,60365,68796648.00,7.63,2.11,0.24,3.21
2016-03-09,11.30,11.06,11.47,10.87,42954,48571916.00,5.15,-4.98,-0.58,2.29
2016-03-10,11.13,10.68,11.25,10.57,52606,57965981.00,6.15,-3.44,-0.38,2.80
2016-03-11,10.50,10.45,10.55,10.15,63771,67082178.00,3.75,-2.15,-0.23,3.39
2016-03-14,10.62,10.88,11.04,10.58,78021,85845710.00,4.40,4.11,0.43,4.15
2016-03-15,10.88,10.95,11.05,10.78,42733,47247914.00,2.48,0.64,0.07,2.27
2016-03-16,11.15,10.91,11.40,10.88,47446,53357599.00,4.75,-0.37,-0.04,2.52
2016-03-17,10.69,11.37,11.49,10.69,71097,81177107.00,7.33,4.22,0.46,3.78
2016-03-18,11.54,11.84,11.98,11.54,75652,90429065.00,3.87,4.13,0.47,4.02
2016-03-21,12.03,12.23,12.25,11.86,82280,100578994.00,3.29,3.29,0.39,4.38
2016-03-22,12.23,12.48,12.83,11.95,117273,146494081.00,7.20,2.04,0.25,6.24
2016-03-23,12.46,12.64,12.76,12.33,66169,83721330.00,3.45,1.28,0.16,3.52
2016-03-24,12.47,12.84,12.99,12.25,108055,138835289.00,5.85,1.58,0.20,5.75
2016-03-25,12.46,13.27,13.73,12.44,170601,228302176.00,10.05,3.35,0.43,9.08
2016-03-28,13.00,12.71,13.36,12.66,156081,205293458.00,5.28,-4.22,-0.56,8.30
2016-03-29,12.64,12.77,13.11,12.34,83362,107590830.00,6.06,0.47,0.06,4.43
2016-03-30,12.79,13.12,13.33,12.65,80299,105542694.00,5.32,2.74,0.35,4.27
2016-03-31,13.13,13.05,13.23,12.89,64314,85055286.00,2.59,-0.53,-0.07,3.42
2016-04-01,13.04,12.68,13.12,12.35,70666,90751086.00,5.90,-2.84,-0.37,3.76
2016-04-05,12.75,13.09,13.22,12.56,83870,110189347.00,5.21,3.23,0.41,4.46
2016-04-06,13.05,13.22,13.40,12.89,54134,72361901.00,3.90,0.99,0.13,2.88
2016-04-07,13.35,13.01,13.37,12.89,54551,72161952.00,3.63,-1.59,-0.21,2.90
2016-04-08,12.75,12.68,12.91,12.35,74988,95681306.00,4.30,-2.54,-0.33,3.99
2016-04-11,12.77,12.98,13.13,12.76,61732,81181552.00,2.92,2.37,0.30,3.28
2016-04-12,13.15,13.65,13.99,13.03,122312,167457993.00,7.40,5.16,0.67,6.51
2016-04-13,13.75,13.51,13.95,13.41,100402,139046148.00,3.96,-1.03,-0.14,5.34
2016-04-14,13.68,14.56,14.85,13.35,146923,209907994.00,11.10,7.77,1.05,7.82
2016-04-15,14.50,14.70,14.85,14.22,157954,232236629.00,4.33,0.96,0.14,8.40
2016-04-18,14.65,14.14,14.65,14.02,86237,124197849.00,4.29,-3.81,-0.56,4.59
2016-04-19,14.23,14.80,14.82,14.15,90361,132416268.00,4.74,4.67,0.66,4.81
2016-04-20,14.80,13.60,14.95,13.31,161107,224394499.00,11.08,-8.11,-1.20,8.57
2016-04-21,13.62,14.98,14.98,13.43,213631,315893584.00,11.40,10.15,1.38,11.36
2016-04-22,14.98,14.42,14.98,14.11,214713,315531008.00,5.81,-3.74,-0.56,11.42
2016-04-25,13.85,13.90,14.30,13.62,107108,150793674.00,4.72,-3.61,-0.52,5.70
2016-04-26,13.83,14.00,14.15,13.51,96205,134313334.00,4.60,0.72,0.10,5.12
2016-04-27,13.90,14.05,14.60,13.75,112367,160853276.00,6.07,0.36,0.05,5.98
2016-04-28,13.86,13.75,14.00,13.30,81083,111895367.00,4.98,-2.14,-0.30,4.31
2016-04-29,13.65,13.63,13.85,13.53,45616,63244924.00,2.33,-0.87,-0.12,2.43
2016-05-03,13.86,14.08,14.24,13.85,78733,111672829.00,2.86,3.30,0.45,4.19
2016-05-04,14.00,14.15,14.28,13.88,62882,89659382.00,2.84,0.50,0.07,3.35
2016-05-05,14.17,14.23,14.43,14.00,62051,89296465.00,3.04,0.57,0.08,3.30
2016-05-06,14.29,13.30,14.29,13.20,133533,184057020.00,7.66,-6.54,-0.93,7.10
2016-05-09,12.85,11.96,12.86,11.96,114248,141461528.00,6.77,-10.08,-1.34,6.08
2016-05-10,11.94,11.94,12.15,11.75,48666,58886298.00,3.34,-0.17,-0.02,2.59
2016-05-11,12.10,11.82,12.14,11.80,42668,51550246.00,2.85,-1.01,-0.12,2.27
2016-05-12,11.70,11.45,11.70,11.07,63715,73369553.00,5.33,-3.13,-0.37,3.39
2016-05-13,11.51,11.45,11.69,11.40,36263,42354906.00,2.53,0.00,0.00,1.93
2016-05-16,11.63,11.80,11.83,11.42,46623,55124828.00,3.58,3.06,0.35,2.48
2016-05-17,11.92,11.65,11.93,11.53,43612,51799149.00,3.39,-1.27,-0.15,2.32
2016-05-18,11.35,11.06,11.45,10.85,50230,56537360.00,5.15,-5.06,-0.59,2.67
2016-05-19,11.10,11.17,11.51,11.08,51960,59153336.00,3.89,0.99,0.11,2.76
2016-05-20,11.15,11.35,11.42,10.76,50422,57034860.00,5.91,1.61,0.18,2.68
2016-05-23,11.27,11.47,11.71,11.27,47127,54948057.00,3.88,1.06,0.12,2.51
2016-05-24,11.44,11.32,11.44,11.18,29209,33437065.00,2.27,-1.31,-0.15,1.55
2016-05-25,11.38,11.42,11.65,11.22,33455,38755597.00,3.80,0.88,0.10,1.78
2016-05-26,11.25,11.37,11.44,10.85,30014,34025523.00,5.17,-0.44,-0.05,1.60
2016-05-27,11.43,11.52,11.59,11.30,37918,44018671.00,2.55,1.32,0.15,2.02
2016-05-30,11.37,11.49,11.71,11.25,53795,62719906.00,3.99,-0.26,-0.03,2.86
2016-05-31,11.53,12.01,12.14,11.50,88084,106269129.00,5.57,4.53,0.52,4.69
2016-06-01,12.06,11.98,12.10,11.86,60223,73058428.00,2.00,-0.25,-0.03,3.20
2016-06-02,12.00,12.14,12.15,11.93,46015,56109038.00,1.84,1.34,0.16,2.45
2016-06-03,12.32,12.16,12.53,12.08,60748,75246062.00,3.71,0.16,0.02,3.23
2016-06-06,12.11,12.04,12.20,11.98,47144,57468707.00,1.81,-0.99,-0.12,2.51
2016-06-07,12.07,11.98,12.07,11.88,33637,40711231.00,1.58,-0.50,-0.06,1.79
2016-06-08,11.90,11.97,12.10,11.78,37223,45056668.00,2.67,-0.08,-0.01,1.98
2016-06-13,11.80,10.95,11.80,10.94,57751,67021112.00,7.18,-8.52,-1.02,3.07
2016-06-14,10.97,11.02,11.15,10.90,39373,43872154.00,2.28,0.64,0.07,2.09
2016-06-15,10.70,11.30,11.37,10.66,48982,55601852.00,6.44,2.54,0.28,2.61
2016-06-16,11.27,11.25,11.32,11.13,30430,34597767.00,1.68,-0.44,-0.05,1.62
2016-06-17,11.19,11.36,11.50,11.16,39329,45388171.00,3.02,0.98,0.11,2.09
2016-06-20,11.36,11.15,11.36,10.92,36524,41106623.00,3.87,-1.85,-0.21,1.94
2016-06-21,11.25,11.08,11.49,11.03,38595,43948263.00,4.13,-0.63,-0.07,2.05
2016-06-22,11.12,11.29,11.32,11.06,35721,40664833.00,2.35,1.90,0.21,1.90
2016-06-23,11.33,12.10,12.27,11.26,83785,98458436.00,8.95,7.17,0.81,4.46
2016-06-24,12.95,13.33,13.33,12.65,244645,326479120.00,5.62,10.17,1.23,13.01
2016-06-27,13.35,13.73,13.73,12.88,306943,411115200.00,6.38,3.00,0.40,16.33
2016-06-28,13.25,13.24,13.50,13.05,218353,293205328.00,3.28,-3.57,-0.49,11.62
2016-06-29,13.16,13.26,13.71,13.00,162369,218963131.00,5.36,0.15,0.02,8.64
2016-06-30,13.05,13.08,13.14,12.86,100660,132541590.00,2.11,-1.36,-0.18,5.35
2016-07-01,13.10,13.02,13.22,12.94,63989,84644864.00,2.14,-0.46,-0.06,3.40
2016-07-04,12.90,13.06,13.20,12.81,75116,99403701.00,3.00,0.31,0.04,4.00
2016-07-05,13.01,13.16,13.30,13.01,69769,92579605.00,2.22,0.77,0.10,3.71
2016-07-06,13.13,13.00,13.18,12.94,64229,84556587.00,1.82,-1.22,-0.16,3.42
2016-07-07,13.01,13.22,13.50,12.90,128609,171584361.00,4.62,1.69,0.22,6.84
2016-07-08,13.14,13.00,13.28,12.96,61636,81401477.00,2.42,-1.66,-0.22,3.28
2016-07-11,12.99,13.00,13.15,12.95,47864,63144040.00,1.54,0.00,0.00,2.55
2016-07-12,13.02,12.97,13.11,12.61,59030,77064088.00,3.85,-0.23,-0.03,3.14
2016-07-13,13.02,13.41,13.44,12.91,107260,143443390.00,4.09,3.39,0.44,5.71
2016-07-14,13.53,13.20,13.74,13.11,88461,119639804.00,4.70,-1.57,-0.21,4.71
2016-07-15,13.26,13.21,13.32,13.00,51069,68018583.00,2.42,0.08,0.01,2.72
2016-07-18,13.21,13.38,13.51,13.15,87136,117992122.00,2.73,1.29,0.17,4.64
2016-07-19,13.34,13.29,13.42,13.01,57664,76743016.00,3.06,-0.67,-0.09,3.07
2016-07-20,13.24,13.02,13.24,12.98,58821,77709358.00,1.96,-2.03,-0.27,3.13
2016-07-21,12.96,12.88,13.11,12.83,59683,78451088.00,2.15,-1.08,-0.14,3.17
2016-07-22,12.84,12.82,12.94,12.62,51103,66040940.00,2.48,-0.47,-0.06,2.72
2016-07-25,12.81,13.08,13.08,12.70,49412,64199518.00,2.96,2.03,0.26,2.63
2016-07-26,13.03,13.25,13.29,13.00,54364,72360190.00,2.22,1.30,0.17,2.89
2016-07-27,13.30,11.95,13.30,11.91,114642,143937687.00,10.49,-9.81,-1.30,6.10
2016-07-28,12.00,12.06,12.14,11.80,43373,52800370.00,2.85,0.92,0.11,2.31
2016-07-29,12.06,12.08,12.18,11.90,25164,30730990.00,2.32,0.17,0.02,1.34
2016-08-01,12.08,11.83,12.08,11.55,40940,48629558.00,4.39,-2.07,-0.25,2.18
2016-08-02,11.83,11.92,11.95,11.67,22760,27363004.00,2.37,0.76,0.09,1.21
2016-08-03,11.93,12.46,12.73,11.93,65173,81597611.00,6.71,4.53,0.54,3.47
2016-08-04,12.36,12.44,12.54,12.30,44325,55689982.00,1.93,-0.16,-0.02,2.36
2016-08-05,12.43,12.54,12.72,12.28,46366,58878108.00,3.54,0.80,0.10,2.47
2016-08-08,12.47,12.73,12.84,12.37,47202,60447379.00,3.75,1.52,0.19,2.51
2016-08-09,12.65,12.70,12.81,12.56,46381,59386841.00,1.96,-0.24,-0.03,2.47
2016-08-10,12.70,12.41,12.77,12.40,44513,56612580.00,2.91,-2.28,-0.29,2.37
2016-08-11,12.42,12.56,12.70,12.41,48215,61327733.00,2.34,1.21,0.15,2.56
2016-08-12,12.56,12.66,12.75,12.41,44172,56329748.00,2.71,0.80,0.10,2.35
2016-08-15,12.68,12.99,13.00,12.60,77413,100540183.00,3.16,2.61,0.33,4.12
2016-08-16,12.99,13.22,13.50,12.83,88013,117452298.00,5.16,1.77,0.23,4.68
2016-08-17,13.11,13.06,13.20,12.97,45447,60135999.00,1.74,-1.21,-0.16,2.42
2016-08-18,13.15,13.12,13.30,13.02,59036,78682837.00,2.14,0.46,0.06,3.14
2016-08-19,13.02,12.82,13.08,12.69,62927,81791519.00,2.97,-2.29,-0.30,3.35
2016-08-22,12.83,13.69,14.12,12.72,179191,245680212.00,10.92,6.79,0.87,9.53
2016-08-23,13.48,13.33,13.77,13.16,101620,137674453.00,4.46,-2.63,-0.36,5.41
2016-08-24,13.43,13.15,13.51,13.05,70920,95141990.00,3.45,-1.35,-0.18,3.77
2016-08-25,13.01,13.04,13.09,12.77,66104,86510572.00,2.43,-0.84,-0.11,3.52
2016-08-26,13.14,13.47,13.55,13.02,87043,117226964.00,4.06,3.30,0.43,4.63
2016-08-29,13.46,13.60,13.60,13.33,56606,77113281.00,2.00,0.97,0.13,3.01
2016-08-30,13.57,13.26,13.67,13.24,77839,105274227.00,3.16,-2.50,-0.34,4.14
2016-08-31,13.31,13.28,13.42,13.11,51187,68467776.00,2.34,0.15,0.02,2.72
2016-09-01,13.65,13.35,13.94,13.35,121130,166903879.00,4.44,0.53,0.07,6.44
2016-09-02,13.23,13.27,13.37,13.14,57990,77630476.00,1.72,-0.60,-0.08,3.08
2016-09-05,13.27,13.20,13.39,13.16,38974,52341174.00,1.73,-0.53,-0.07,2.07
2016-09-06,13.24,13.21,13.24,12.86,46857,61798427.00,2.88,0.08,0.01,2.49
2016-09-07,13.15,13.45,13.74,13.15,96000,131221031.00,4.47,1.82,0.24,5.11
2016-09-08,13.44,13.89,14.11,13.37,123522,172429762.00,5.50,3.27,0.44,6.57
2016-09-09,13.78,13.69,14.09,13.63,84354,118056860.00,3.31,-1.44,-0.20,4.49
2016-09-12,13.36,14.16,15.07,13.29,198435,287594672.00,13.00,3.43,0.47,10.56
2016-09-13,14.34,14.99,15.21,14.10,187867,280095040.00,7.84,5.86,0.83,9.99
2016-09-14,14.76,14.47,14.76,14.27,130841,191525840.00,3.27,-3.47,-0.52,6.96
2016-09-19,14.44,14.53,14.63,14.35,72738,106324612.00,1.94,0.41,0.06,3.87
2016-09-20,14.57,14.58,14.83,13.99,100902,146972067.00,5.78,0.34,0.05,5.37
2016-09-21,14.45,14.76,14.84,14.31,88147,130179284.00,3.64,1.23,0.18,4.69
2016-09-22,14.80,14.63,15.04,14.59,80194,119913557.00,3.05,-0.88,-0.13,4.27
2016-09-23,14.55,14.64,14.81,14.45,47721,70318015.00,2.46,0.07,0.01,2.54
2016-09-26,14.55,13.72,14.55,13.70,86255,123261548.00,5.81,-6.28,-0.92,4.59
2016-09-27,13.63,14.54,14.55,13.37,89723,127439808.00,8.60,5.98,0.82,4.77
2016-09-28,14.58,14.33,14.88,14.23,86906,127969591.00,4.47,-1.44,-0.21,4.62
2016-09-29,14.28,14.28,14.61,14.28,39118,56946789.00,2.30,-0.35,-0.05,2.08
2016-09-30,14.25,14.35,14.59,14.24,46684,67890199.00,2.45,0.49,0.07,2.48
2016-10-10,14.32,14.65,14.83,14.32,68382,101207222.00,3.55,2.09,0.30,3.64
2016-10-11,14.93,15.58,16.05,14.71,169225,264100223.00,9.15,6.35,0.93,9.00
2016-10-12,15.43,15.42,15.55,15.17,94524,146741922.00,2.44,-1.03,-0.16,5.03
2016-10-13,15.41,15.39,15.63,15.25,80947,126259856.00,2.46,-0.19,-0.03,4.31
2016-10-14,15.30,15.20,15.49,14.96,69650,106502883.00,3.44,-1.23,-0.19,3.71
2016-10-17,15.35,15.07,15.43,14.97,56756,86646842.00,3.03,-0.86,-0.13,3.02
2016-10-18,15.05,15.34,15.40,15.01,59395,91283703.00,2.59,1.79,0.27,3.16
2016-10-19,15.28,15.54,15.61,15.23,78152,122073478.00,2.48,1.30,0.20,4.16
2016-10-20,15.67,15.13,15.83,15.02,77334,119712043.00,5.21,-2.64,-0.41,4.11
2016-10-21,15.18,14.98,15.20,14.60,82274,123650087.00,3.97,-0.99,-0.15,4.38
2016-10-24,14.98,15.31,15.34,14.85,69350,105861672.00,3.27,2.20,0.33,3.69
2016-10-25,15.30,15.27,15.63,15.21,63721,98983190.00,2.74,-0.26,-0.04,3.39
2016-10-26,15.30,15.25,15.40,15.05,44434,68279508.00,2.29,-0.13,-0.02,2.36
2016-10-27,15.50,15.30,15.50,15.21,44085,68177141.00,1.90,0.33,0.05,2.35
2016-10-28,15.11,15.45,15.51,15.11,60260,93504115.00,2.61,0.98,0.15,3.21
2016-10-31,15.46,15.38,15.60,15.16,52093,80649776.00,2.85,-0.45,-0.07,2.77
2016-11-01,15.35,15.52,15.53,15.18,65638,102111222.00,2.28,0.91,0.14,3.49
2016-11-02,15.48,15.86,15.95,15.41,99788,158416129.00,3.48,2.19,0.34,5.31
2016-11-03,15.71,15.81,15.92,15.57,86496,137274694.00,2.21,-0.32,-0.05,4.60
2016-11-04,15.70,15.42,15.79,15.39,69140,108566763.00,2.53,-2.47,-0.39,3.68
2016-11-07,15.44,15.18,15.44,15.10,42530,65409320.00,2.20,-1.56,-0.24,2.26
2016-11-08,15.30,15.20,15.42,15.15,35009,53851880.00,1.78,0.13,0.02,1.86
2016-11-09,15.20,15.00,15.23,14.55,74812,112933827.00,4.47,-1.32,-0.20,3.98
2016-11-10,15.06,15.06,15.23,15.05,36985,56442274.00,1.20,0.40,0.06,1.97
2016-11-11,15.14,14.84,15.14,14.75,64889,97573991.00,2.59,-1.46,-0.22,3.45
2016-11-14,14.85,15.25,15.31,14.83,68463,104832622.00,3.23,2.76,0.41,3.64
2016-11-15,15.26,15.23,15.29,15.08,32514,49821282.00,1.38,-0.13,-0.02,1.73
2016-11-16,15.22,15.07,15.22,14.95,55423,84099312.00,1.77,-1.05,-0.16,2.95
2016-11-17,15.08,15.01,15.10,14.92,27317,41339422.00,1.19,-0.40,-0.06,1.45
2016-11-18,14.96,15.00,15.12,14.92,32038,48591021.00,1.33,-0.07,-0.01,1.70
2016-11-21,14.99,15.10,15.14,14.90,35726,54205549.00,1.60,0.67,0.10,1.90
2016-11-22,15.13,15.34,15.45,15.03,52076,79977213.00,2.78,1.59,0.24,2.77
2016-11-23,15.36,15.28,15.41,15.17,37744,58250829.00,1.56,-0.39,-0.06,2.01
2016-11-24,15.25,15.63,15.94,15.16,90551,143431474.00,5.10,2.29,0.35,4.82
2016-11-25,15.50,15.70,15.85,14.85,78802,123664016.00,6.40,0.45,0.07,4.19
2016-11-28,15.76,15.39,16.03,15.39,79049,125166125.00,4.08,-1.97,-0.31,4.21
2016-11-29,15.35,14.94,15.39,14.89,64135,97794504.00,3.25,-2.92,-0.45,3.41
2016-11-30,14.92,15.00,15.09,14.90,30188,45699231.00,1.27,0.40,0.06,1.61
2016-12-01,14.94,14.97,15.05,14.56,46282,69447046.00,3.27,-0.20,-0.03,2.46
2016-12-02,14.85,14.62,15.06,14.62,39563,59307540.00,2.94,-2.34,-0.35,2.10
2016-12-05,14.43,14.11,14.52,14.05,33993,49111974.00,3.21,-3.49,-0.51,1.81
2016-12-06,14.12,14.34,14.50,14.12,27691,40089578.00,2.69,1.63,0.23,1.47
2016-12-07,14.35,14.40,14.48,14.17,23869,34604491.00,2.16,0.42,0.06,1.27
2016-12-08,14.46,14.37,14.64,14.35,26217,38350840.00,2.01,-0.21,-0.03,1.39
2016-12-09,14.44,14.22,14.44,14.20,22915,33096351.00,1.67,-1.04,-0.15,1.22
2016-12-12,14.30,13.48,14.30,13.45,42906,60092845.00,5.98,-5.20,-0.74,2.28
2016-12-13,13.45,13.37,13.54,13.15,29064,39187690.00,2.89,-0.82,-0.11,1.55
2016-12-14,13.30,13.47,13.56,13.23,20858,28365198.00,2.47,0.75,0.10,1.11
2016-12-15,13.47,13.81,14.04,13.36,30168,42014426.00,5.05,2.52,0.34,1.60
2016-12-16,13.78,13.97,14.17,13.72,19228,27165396.00,3.26,1.16,0.16,1.02
2016-12-19,14.18,13.96,14.43,13.92,30715,43689046.00,3.65,-0.07,-0.01,1.63
2016-12-20,13.95,14.03,14.23,13.73,28416,40101972.00,3.58,0.50,0.07,1.51
2016-12-21,14.09,14.25,14.45,14.05,29142,42066003.00,2.85,1.57,0.22,1.55
2016-12-22,14.25,14.25,14.49,13.97,31601,45680134.00,3.65,0.00,0.00,1.68
2016-12-23,14.15,13.91,14.21,13.82,30951,43630800.00,2.74,-2.39,-0.34,1.65
2016-12-26,13.91,14.04,14.13,13.65,26256,36783884.00,3.45,0.93,0.13,1.40
2016-12-27,14.01,14.11,14.22,14.01,21403,30556509.00,1.50,0.50,0.07,1.14
2016-12-28,14.17,14.03,14.18,14.02,22665,32309403.00,1.13,-0.57,-0.08,1.21
2016-12-29,13.95,14.11,14.17,13.93,17373,24701548.00,1.71,0.57,0.08,0.92
2016-12-30,14.10,14.10,14.20,14.00,18339,26151794.00,1.42,-0.07,-0.01,0.98