2015-01-05,4.87,4.98,4.99,4.85,48056,55963770.00,2.89,2.68,0.13,1.15
2015-01-06,4.95,5.21,5.23,4.95,59762,71647597.00,5.62,4.62,0.23,1.43
2015-01-07,5.13,5.18,5.30,5.13,61231,74819602.00,3.26,-0.58,-0.03,1.46
2015-01-08,5.18,5.14,5.23,5.12,42095,50739864.00,2.12,-0.77,-0.04,1.00
2015-01-09,5.13,5.15,5.26,5.13,37939,46212609.00,2.53,0.19,0.01,0.91
2015-01-12,5.15,5.20,5.36,5.12,57480,70398156.00,4.66,0.97,0.05,1.37
2015-01-13,5.21,5.28,5.29,5.17,55821,68372414.00,2.31,1.54,0.08,1.33
2015-01-14,5.30,5.19,5.30,5.13,41752,50822274.00,3.22,-1.70,-0.09,1.00
2015-01-15,5.16,5.21,5.24,5.15,42405,51524753.00,1.73,0.39,0.02,1.01
2015-01-16,5.19,5.31,5.36,5.18,76959,94738816.00,3.45,1.92,0.10,1.84
2015-01-19,5.23,5.38,5.56,5.13,97825,122937964.00,8.10,1.32,0.07,2.34
2015-01-20,5.37,5.52,5.54,5.32,66664,84830583.00,4.09,2.60,0.14,1.59
2015-01-21,5.52,5.53,5.59,5.48,68488,87794102.00,1.99,0.18,0.01,1.63
2015-01-22,5.53,5.56,5.59,5.49,59126,76036443.00,1.81,0.54,0.03,1.41
2015-01-23,5.57,5.46,5.57,5.42,57185,72623131.00,2.70,-1.80,-0.10,1.37
2015-01-26,5.42,5.51,5.54,5.39,37729,48061754.00,2.75,0.92,0.05,0.90
2015-01-27,5.57,5.54,5.58,5.47,52318,67014376.00,2.00,0.54,0.03,1.25
2015-01-28,5.56,5.49,5.56,5.48,34954,44798453.00,1.44,-0.90,-0.05,0.83
2015-01-29,5.46,5.34,5.46,5.33,46709,58416100.00,2.37,-2.73,-0.15,1.11
2015-01-30,5.34,5.35,5.42,5.29,28916,36009552.00,2.43,0.19,0.01,0.69
2015-02-02,5.28,5.35,5.41,5.28,28584,35583877.00,2.43,0.00,0.00,0.68
2015-02-03,5.36,5.41,5.42,5.36,31361,39365563.00,1.12,1.12,0.06,0.75
2015-02-04,5.41,5.31,5.44,5.29,30214,37725030.00,2.77,-1.85,-0.10,0.72
2015-02-05,5.41,5.30,5.42,5.30,33301,41604088.00,2.26,-0.19,-0.01,0.79
2015-02-06,5.30,5.16,5.37,5.13,27465,33488752.00,4.53,-2.64,-0.14,0.66
2015-02-09,5.23,5.14,5.24,5.13,19576,23734051.00,2.13,-0.39,-0.02,0.47
2015-02-10,5.15,5.16,5.19,5.10,23761,28645220.00,1.75,0.39,0.02,0.57
2015-02-11,5.14,5.27,5.28,5.14,21285,26056291.00,2.71,2.13,0.11,0.51
2015-02-12,5.28,5.52,5.54,5.26,62406,78758430.00,5.31,4.74,0.25,1.49
2015-02-13,5.55,5.89,6.00,5.55,190454,256722261.00,8.15,6.70,0.37,4.55
2015-02-16,5.90,6.05,6.12,5.82,116961,160939354.00,5.09,2.72,0.16,2.79
2015-02-17,6.40,6.24,6.47,6.16,180751,259369726.00,5.12,3.14,0.19,4.31
2015-02-25,6.22,6.43,6.51,6.22,120498,175688225.00,4.65,3.04,0.19,2.88
2015-02-26,6.43,6.35,6.48,6.25,87639,126943373.00,3.58,-1.24,-0.08,2.09
2015-02-27,6.31,6.36,6.49,6.30,77268,112678205.00,2.99,0.16,0.01,1.84
2015-03-02,6.41,6.73,6.78,6.41,132538,199852314.00,5.82,5.82,0.37,3.16
2015-03-03,6.62,6.73,6.89,6.58,107302,163598049.00,4.61,0.00,0.00,2.56
2015-03-04,6.75,6.73,6.82,6.57,86161,130061433.00,3.71,0.00,0.00,2.06
2015-03-05,6.73,6.79,6.80,6.58,83963,127108517.00,3.27,0.89,0.06,2.00
2015-03-06,6.80,6.67,6.87,6.61,63676,96254919.00,3.83,-1.77,-0.12,1.52
2015-03-09,6.67,6.75,6.78,6.57,73154,111181435.00,3.15,1.20,0.08,1.62
2015-03-10,6.76,6.99,7.10,6.71,107942,169883190.00,5.78,3.56,0.24,2.38
2015-03-11,7.03,7.04,7.12,6.92,63015,99620287.00,2.86,0.72,0.05,1.39
2015-03-12,7.26,7.45,7.60,7.26,120338,200513378.00,4.83,5.82,0.41,2.66
2015-03-13,7.50,7.60,7.73,7.38,101793,171976187.00,4.70,2.01,0.15,2.25
2015-03-16,7.78,8.26,8.26,7.78,148830,265188340.00,6.32,8.68,0.66,3.29
2015-03-17,8.36,8.52,8.70,8.09,260514,485782208.00,7.38,3.15,0.26,5.75
2015-03-18,8.55,8.55,8.61,8.30,193733,363917040.00,3.64,0.35,0.03,4.28
2015-03-19,8.71,8.84,8.96,8.44,542857,509122688.00,6.08,3.39,0.29,6.00
2015-06-16,9.80,9.80,9.80,9.80,5021,5291649.00,0.00,10.86,0.96,0.06
2015-06-17,10.85,10.85,10.85,10.85,8123,9414139.00,0.00,10.71,1.05,0.09
2015-06-18,12.01,12.01,12.01,12.01,5154,6571962.00,0.00,10.69,1.16,0.06
2015-06-19,13.29,13.29,13.29,13.29,17122,24022334.00,0.00,10.66,1.28,0.19
2015-06-23,14.19,13.19,14.19,11.96,978983,1351945440.00,16.78,-0.75,-0.10,10.81
2015-06-24,13.12,14.58,14.58,12.91,942215,1419509392.00,12.66,10.54,1.39,10.41
2015-06-25,14.64,14.93,15.63,14.36,909603,1435351072.00,8.71,2.40,0.35,10.05
2015-06-26,14.06,13.36,14.71,13.36,406769,587518640.00,9.04,-10.52,-1.57,4.49
2015-06-29,13.76,11.95,13.77,11.95,462482,601360192.00,13.62,-10.55,-1.41,5.11
2015-06-30,11.26,12.08,12.76,10.68,511700,632403840.00,17.41,1.09,0.13,5.65
2015-07-01,11.91,11.43,12.76,11.26,452113,581409744.00,12.42,-5.38,-0.65,4.99
2015-07-02,11.48,10.21,11.71,10.21,340042,383653328.00,13.12,-10.67,-1.22,3.76
2015-07-03,9.56,9.12,10.13,9.12,293887,297276816.00,9.89,-10.68,-1.09,3.25
2015-07-06,10.11,8.13,10.11,8.13,479508,456289536.00,21.71,-10.86,-0.99,5.30
2015-07-07,7.76,7.24,7.76,7.24,248104,199462877.00,6.40,-10.95,-0.89,2.74
2015-07-08,6.44,8.04,8.04,6.44,1230414,990711344.00,22.10,11.05,0.80,13.59
2015-07-09,8.04,8.92,8.92,8.04,334894,315616512.00,10.95,10.95,0.88,3.70
2015-07-10,9.89,9.89,9.89,9.89,76909,81754702.00,0.00,10.87,0.97,0.85
2015-07-13,10.95,10.95,10.95,10.95,36892,43127075.00,0.00,10.72,1.06,0.41
2015-07-14,12.12,12.12,12.12,11.44,973239,1238235120.00,6.21,10.68,1.17,10.75
2015-07-15,11.87,11.16,12.76,10.96,721659,909642368.00,14.85,-7.92,-0.96,7.97
2015-07-16,11.16,12.35,12.35,10.32,769564,982767360.00,18.19,10.66,1.19,8.50
2015-07-17,12.76,13.27,13.59,12.64,741813,1021932592.00,7.69,7.45,0.92,8.19
2015-07-20,12.74,13.56,14.10,12.57,685729,972191216.00,11.53,2.19,0.29,7.57
2015-07-21,13.23,13.30,14.24,12.86,569481,816856352.00,10.18,-1.92,-0.26,6.29
2015-07-22,12.88,13.45,13.61,12.87,484727,679093184.00,5.56,1.13,0.15,5.35
2015-07-23,13.37,13.69,14.54,12.91,549760,790092224.00,12.12,1.78,0.24,6.07
2015-07-24,13.70,13.93,14.53,13.37,564934,842054352.00,8.47,1.75,0.24,6.24
2015-07-27,12.76,12.46,13.76,12.46,442537,615623776.00,9.33,-10.55,-1.47,4.89
2015-07-28,11.16,11.25,12.55,11.14,530243,648609104.00,11.32,-9.71,-1.21,5.86
2015-07-29,11.66,12.45,12.45,11.12,403658,500652016.00,11.82,10.67,1.20,4.46
2015-07-30,12.69,12.93,13.55,12.44,478866,662077872.00,8.92,3.86,0.48,5.29
2015-07-31,12.44,12.11,12.93,11.66,353914,464161296.00,9.82,-6.34,-0.82,3.91
2015-08-03,12.12,11.76,12.12,10.83,309879,374694752.00,10.65,-2.89,-0.35,3.42
2015-08-04,11.74,12.96,12.96,11.66,333489,433985664.00,11.05,10.20,1.20,3.68
2015-08-05,13.43,13.13,13.51,12.51,442297,612823632.00,7.72,1.31,0.17,4.89
2015-08-06,12.74,13.56,14.21,12.57,531298,766868704.00,12.49,3.27,0.43,5.87
2015-08-07,13.67,13.65,13.99,13.39,403442,579563296.00,4.42,0.66,0.09,4.46
2015-08-10,14.05,14.31,14.63,13.59,514711,762239024.00,7.62,4.84,0.66,5.69
2015-08-11,14.55,15.79,15.82,14.29,900217,1463131376.00,10.69,10.34,1.48,9.94
2015-08-12,15.26,14.69,15.76,14.68,590543,936805920.00,6.84,-6.97,-1.10,6.52
2015-08-13,14.57,14.97,15.17,14.16,387451,598930160.00,6.88,1.91,0.28,4.28
2015-08-14,15.11,14.66,15.25,14.46,328488,512230368.00,5.28,-2.07,-0.31,3.63
2015-08-17,14.48,14.37,14.48,13.46,410034,607463936.00,6.96,-1.98,-0.29,4.53
2015-08-18,14.31,12.86,14.74,12.86,465679,680898656.00,13.08,-10.51,-1.51,5.14
2015-08-19,12.36,13.76,13.96,11.92,391728,537298272.00,15.86,7.00,0.90,4.33
2015-08-20,13.31,12.76,13.70,12.76,232887,325897040.00,6.83,-7.27,-1.00,2.57
2015-08-21,12.63,12.06,12.73,11.68,250848,324030784.00,8.23,-5.49,-0.70,2.77
2015-08-24,11.48,10.79,11.48,10.79,383607,440204224.00,5.72,-10.53,-1.27,4.24
2015-08-25,9.67,9.65,10.43,9.65,260196,273957680.00,7.23,-10.57,-1.14,2.87
2015-08-26,9.77,9.90,10.65,9.39,366267,390841104.00,13.06,2.59,0.25,4.05
2015-08-27,10.37,10.95,10.95,10.11,324613,362963744.00,8.48,10.61,1.05,3.59
2015-08-28,11.58,11.79,11.90,11.26,410842,502952800.00,5.84,7.67,0.84,4.54
2015-08-31,11.62,11.72,12.22,11.38,284242,354558032.00,7.12,-0.59,-0.07,3.14
2015-09-01,11.58,10.49,11.68,10.49,240728,275904144.00,10.15,-10.49,-1.23,2.66
2015-09-02,9.51,10.84,11.03,9.51,323625,357169168.00,14.49,3.34,0.35,3.57
2015-09-07,10.93,9.78,11.66,9.69,629155,685212608.00,18.17,-9.78,-1.06,6.95
2015-09-08,9.57,10.22,10.34,8.91,297460,306364912.00,14.62,4.50,0.44,3.29
2015-09-09,10.37,10.51,11.03,9.88,647520,716404176.00,11.25,2.84,0.29,7.15
2015-09-10,10.18,9.96,10.41,9.93,276516,297621056.00,4.57,-5.23,-0.55,3.05
2015-09-11,9.96,9.84,10.18,9.60,225173,235575138.00,5.82,-1.20,-0.12,2.49
2015-09-14,9.93,8.79,10.04,8.79,263293,258455682.00,12.70,-10.67,-1.05,2.91
2015-09-15,8.38,7.85,8.73,7.85,308030,267969729.00,10.01,-10.69,-0.94,3.40
2015-09-16,7.85,8.63,8.70,7.75,299795,265016821.00,12.10,9.94,0.78,3.31
2015-09-17,8.53,8.26,8.99,8.26,313150,289996400.00,8.46,-4.29,-0.37,3.46
2015-09-18,8.38,8.82,8.99,8.38,319828,297768624.00,7.38,6.78,0.56,3.53
2015-09-21,8.76,9.41,9.58,8.55,327673,319559184.00,11.68,6.69,0.59,3.62
2015-09-22,9.44,9.30,9.75,9.10,327315,328958752.00,6.91,-1.17,-0.11,3.62
2015-09-23,9.03,9.64,10.05,8.90,469255,480971760.00,12.37,3.66,0.34,5.18
2015-09-24,9.93,9.62,10.09,9.40,295874,303347088.00,7.16,-0.21,-0.02,3.27
2015-09-25,9.48,9.41,9.71,8.97,267139,267476068.00,7.69,-2.18,-0.21,2.95
2015-09-28,9.48,9.70,9.78,9.18,221455,226297217.00,6.38,3.08,0.29,2.45
2015-09-29,9.38,9.57,9.98,9.33,199206,205417044.00,6.70,-1.34,-0.13,2.20
2015-09-30,9.88,9.68,10.17,9.48,194019,202644315.00,7.21,1.15,0.11,2.14
2015-10-08,10.04,10.26,10.43,9.88,242073,262867990.00,5.68,5.99,0.58,2.67
2015-10-09,10.59,10.66,10.88,10.49,324408,365903216.00,3.80,3.90,0.40,3.58
2015-10-12,10.63,11.05,11.50,10.63,295817,347452208.00,8.16,3.66,0.39,3.27
2015-10-13,11.17,11.18,11.38,10.98,220781,259903503.00,3.62,1.18,0.13,2.44
2015-10-14,11.17,11.64,12.36,11.02,444047,550828960.00,11.99,4.11,0.46,4.90
2015-10-15,11.71,11.92,12.17,11.41,311431,384634480.00,6.53,2.41,0.28,3.44
2015-10-16,11.92,11.82,12.14,11.49,299838,371217120.00,5.45,-0.84,-0.10,3.31
2015-10-19,11.88,11.85,12.08,11.35,366790,450285824.00,6.18,0.25,0.03,4.05
2015-10-20,11.67,12.48,12.63,11.41,497239,621371024.00,10.30,5.32,0.63,5.49
2015-10-29,12.88,12.17,13.18,11.98,455632,594933456.00,9.62,-2.48,-0.31,5.03
2015-10-30,11.98,11.54,12.00,11.48,282804,348315344.00,4.27,-5.18,-0.63,3.12
2015-11-02,11.08,10.94,11.68,10.90,240489,284568752.00,6.76,-5.20,-0.60,2.66
2015-11-03,10.89,10.85,11.18,10.66,175432,201849165.00,4.75,-0.82,-0.09,1.94
2015-11-04,10.96,11.86,11.86,10.96,285114,344485936.00,8.29,9.31,1.01,3.15
2015-11-05,11.85,11.56,12.14,11.46,329416,405904304.00,5.73,-2.53,-0.30,3.64
2015-11-06,11.58,11.89,11.98,11.58,255104,317246432.00,3.46,2.85,0.33,2.82
2015-11-09,11.69,12.21,12.68,11.48,361546,460256528.00,10.09,2.69,0.32,3.99
2015-11-10,12.08,12.26,12.60,11.93,314497,408018208.00,5.49,0.41,0.05,3.47
2015-11-11,12.43,12.55,12.86,12.41,313506,415298288.00,3.67,2.37,0.29,3.46
2015-11-12,12.56,12.19,12.66,12.06,295595,381717280.00,4.78,-2.87,-0.36,3.26
2015-11-13,12.04,12.53,13.23,11.63,467117,610818304.00,13.13,2.79,0.34,5.16
2015-11-16,12.29,13.16,13.18,12.15,398038,536992800.00,8.22,5.03,0.63,4.40
2015-11-17,13.47,12.67,13.48,12.63,370886,505824512.00,6.46,-3.72,-0.49,4.10
2015-11-18,12.68,12.23,12.83,12.13,198699,261226211.00,5.52,-3.47,-0.44,2.19
2015-11-19,12.28,12.58,12.58,12.18,170982,222985361.00,3.27,2.86,0.35,1.89
2015-11-20,12.59,12.53,12.78,12.38,184739,243734679.00,3.18,-0.40,-0.05,2.04
2015-11-23,12.43,12.16,12.52,12.08,209250,269583200.00,3.51,-2.95,-0.37,2.31
2015-11-24,12.18,12.33,12.35,12.04,120876,155257888.00,2.55,1.40,0.17,1.34
2015-11-25,12.25,12.46,12.47,12.16,168247,217782860.00,2.51,1.05,0.13,1.86
2015-11-26,12.38,12.22,12.51,12.18,155244,200725520.00,2.65,-1.93,-0.24,1.71
2015-11-27,12.20,11.23,12.27,11.12,198974,245886161.00,9.41,-8.10,-0.99,2.20
2015-11-30,11.12,11.02,11.36,10.24,193847,222508133.00,9.97,-1.87,-0.21,2.14
2015-12-01,11.08,11.35,11.67,11.06,157222,188438049.00,5.54,2.99,0.33,1.74
2015-12-02,11.32,11.07,11.32,10.71,148111,171979486.00,5.37,-2.47,-0.28,1.64
2015-12-03,11.17,11.31,11.46,11.17,126375,150473567.00,2.62,2.17,0.24,1.40
2015-12-04,11.28,11.38,11.63,11.19,155372,186919497.00,3.89,0.62,0.07,1.72
2015-12-07,11.38,11.45,11.53,11.26,102839,123660825.00,2.37,0.62,0.07,1.14
2015-12-08,11.48,11.53,11.76,11.38,177751,217299463.00,3.32,0.70,0.08,1.96
2015-12-09,11.45,11.79,11.94,11.19,214540,264655040.00,6.50,2.25,0.26,2.37
2015-12-10,11.91,12.30,12.45,11.91,298211,383898480.00,4.58,4.33,0.51,3.29
2015-12-11,12.21,11.78,12.46,11.74,222542,282591184.00,5.85,-4.23,-0.52,2.46
2015-12-14,11.55,11.74,11.77,11.31,164348,199330628.00,3.90,-0.34,-0.04,1.82
2015-12-15,12.04,12.16,12.38,11.81,228513,290594208.00,4.86,3.58,0.42,2.52
2015-12-16,12.25,12.03,12.36,11.98,165671,211426093.00,3.13,-1.07,-0.13,1.83
2015-12-17,12.06,12.36,12.56,12.06,252368,327296192.00,4.16,2.74,0.33,2.79
2015-12-18,12.46,12.10,12.46,12.09,182840,234877422.00,2.99,-2.10,-0.26,2.02
2015-12-21,12.15,12.25,12.41,12.03,190423,246157938.00,3.14,1.24,0.15,2.10
2015-12-22,12.28,12.22,12.38,12.08,138149,176720833.00,2.45,-0.24,-0.03,1.53
2015-12-23,12.35,12.29,12.55,12.09,268419,348557264.00,3.76,0.57,0.07,2.96
2015-12-24,12.30,12.04,12.33,11.94,131728,167499027.00,3.17,-2.03,-0.25,1.45
2015-12-25,12.04,12.11,12.31,12.04,95377,121886018.00,2.24,0.58,0.07,1.05
2015-12-28,12.11,11.80,12.31,11.78,162537,206705959.00,4.38,-2.56,-0.31,1.80
2015-12-29,11.78,12.07,12.13,11.61,99454,124131157.00,4.41,2.29,0.27,1.10
2015-12-30,12.09,12.06,12.19,11.88,110879,140391380.00,2.57,-0.08,-0.01,1.22
2015-12-31,12.09,12.64,13.02,11.88,379907,499256112.00,9.45,4.81,0.58,4.20