2005-01-04,0.61,0.61,0.62,0.56,2920,829525.38,9.84,0.00,0.00,0.14
2005-01-05,0.61,0.65,0.68,0.57,3537,1027473.62,18.03,6.56,0.04,0.17
2005-01-06,0.64,0.64,0.65,0.61,2283,660355.62,6.15,-1.54,-0.01,0.11
2005-01-07,0.64,0.66,0.67,0.64,2218,649066.06,4.69,3.13,0.02,0.11
2005-01-10,0.64,0.67,0.68,0.62,1741,511034.62,9.09,1.52,0.01,0.09
2005-01-11,0.65,0.72,0.74,0.64,5818,1738956.50,14.93,7.46,0.05,0.28
2005-01-12,0.71,0.70,0.71,0.65,3983,1179709.00,8.33,-2.78,-0.02,0.20
2005-01-13,0.67,0.71,0.74,0.67,4456,1333770.62,10.00,1.43,0.01,0.22
2005-01-14,0.68,0.67,0.72,0.67,2118,629641.31,7.04,-5.63,-0.04,0.10
2005-01-17,0.67,0.62,0.67,0.61,3716,1073667.00,8.96,-7.46,-0.05,0.18
2005-01-18,0.60,0.64,0.67,0.60,2912,839725.19,11.29,3.23,0.02,0.14
2005-01-19,0.64,0.87,0.87,0.62,45558,14341668.00,39.06,35.94,0.23,2.23
2005-01-20,0.84,0.81,0.84,0.70,34076,10490663.00,16.09,-6.90,-0.06,1.67
2005-01-21,0.80,0.84,0.84,0.75,27289,8534134.00,11.11,3.70,0.03,1.34
2005-01-24,0.89,0.84,0.93,0.81,18128,5736819.50,14.29,0.00,0.00,0.89
2005-01-25,0.84,0.83,0.84,0.77,9810,3062542.50,8.33,-1.19,-0.01,0.48
2005-01-26,0.81,0.80,0.81,0.75,6684,2061545.75,7.23,-3.61,-0.03,0.33
2005-01-27,0.81,0.83,0.84,0.79,15655,4911094.50,6.25,3.75,0.03,0.77
2005-01-28,0.81,0.63,0.83,0.62,17816,5282241.00,25.30,-24.10,-0.20,0.87
2005-01-31,0.62,0.54,0.62,0.48,8140,2269144.25,22.22,-14.29,-0.09,0.40
2005-02-01,0.54,0.54,0.59,0.52,6735,1887515.00,12.96,0.00,0.00,0.33
2005-02-02,0.52,0.66,0.69,0.52,7743,2210646.50,31.48,22.22,0.12,0.38
2005-02-03,0.66,0.61,0.67,0.58,7676,2216969.25,13.64,-7.58,-0.05,0.38
2005-02-04,0.61,0.63,0.65,0.57,5816,1676790.38,13.11,3.28,0.02,0.28
2005-02-16,0.62,0.67,0.69,0.62,5587,1637840.88,11.11,6.35,0.04,0.27
2005-02-17,0.64,0.67,0.67,0.64,2890,844873.00,4.48,0.00,0.00,0.14
2005-02-18,0.68,0.64,0.68,0.64,2745,802206.19,5.97,-4.48,-0.03,0.13
2005-02-21,0.64,0.66,0.68,0.64,4129,1211555.75,6.25,3.13,0.02,0.20
2005-02-22,0.66,0.72,0.72,0.65,12187,3623248.75,10.61,9.09,0.06,0.60
2005-02-23,0.71,0.77,0.79,0.69,17716,5394699.50,13.89,6.94,0.05,0.87
2005-02-24,0.74,0.77,0.77,0.71,14411,4366771.00,7.79,0.00,0.00,0.71
2005-02-25,0.80,0.77,0.82,0.77,24392,7551342.50,6.49,0.00,0.00,1.19
2005-02-28,0.77,0.74,0.77,0.72,7872,2387392.50,6.49,-3.90,-0.03,0.39
2005-03-01,0.74,0.74,0.74,0.71,4474,1351038.88,4.05,0.00,0.00,0.22
2005-03-02,0.73,0.74,0.77,0.71,8440,2563552.75,8.11,0.00,0.00,0.41
2005-03-03,0.74,0.72,0.74,0.68,5649,1693783.50,8.11,-2.70,-0.02,0.28
2005-03-04,0.75,0.74,0.75,0.69,8963,2689433.75,8.33,2.78,0.02,0.44
2005-03-07,0.75,0.77,0.77,0.71,12101,3685864.25,8.11,4.05,0.03,0.59
2005-03-08,0.77,0.77,0.77,0.73,11041,3379317.25,5.19,0.00,0.00,0.54
2005-03-09,0.77,0.74,0.79,0.73,6249,1907807.88,7.79,-3.90,-0.03,0.31
2005-03-10,0.74,0.64,0.74,0.64,13570,4006127.25,13.51,-13.51,-0.10,0.66
2005-03-11,0.64,0.66,0.67,0.64,5939,1734403.62,4.69,3.13,0.02,0.29
2005-03-14,0.65,0.63,0.67,0.62,6806,1971614.25,7.58,-4.55,-0.03,0.33
2005-03-15,0.64,0.59,0.64,0.57,5577,1599918.75,11.11,-6.35,-0.04,0.27
2005-03-16,0.59,0.58,0.60,0.56,4304,1211764.00,6.78,-1.69,-0.01,0.21
2005-03-17,0.58,0.55,0.60,0.54,4468,1252560.00,10.34,-5.17,-0.03,0.22
2005-03-18,0.55,0.51,0.58,0.50,4721,1304051.88,14.55,-7.27,-0.04,0.23
2005-03-21,0.51,0.48,0.54,0.48,5449,1480135.38,11.76,-5.88,-0.03,0.27
2005-03-22,0.48,0.41,0.53,0.41,5663,1505209.38,25.00,-14.58,-0.07,0.28
2005-03-23,0.41,0.42,0.44,0.33,8156,2095168.50,26.83,2.44,0.01,0.40
2005-03-24,0.41,0.44,0.45,0.40,4642,1222166.25,11.90,4.76,0.02,0.23
2005-03-25,0.43,0.44,0.46,0.41,2249,594519.50,11.36,0.00,0.00,0.11
2005-03-28,0.44,0.40,0.44,0.37,3206,829451.38,15.91,-9.09,-0.04,0.16
2005-03-29,0.40,0.40,0.42,0.39,2023,525580.06,7.50,0.00,0.00,0.10
2005-03-30,0.37,0.32,0.37,0.32,4600,1157851.12,12.50,-20.00,-0.08,0.23
2005-03-31,0.31,0.33,0.34,0.27,5367,1323838.38,21.88,3.13,0.01,0.26
2005-04-01,0.34,0.39,0.44,0.29,6030,1532308.50,45.45,18.18,0.06,0.30
2005-04-04,0.37,0.34,0.38,0.33,3073,777286.38,12.82,-12.82,-0.05,0.15
2005-04-05,0.33,0.34,0.36,0.31,5866,1476893.00,14.71,0.00,0.00,0.29
2005-04-06,0.37,0.41,0.41,0.35,10830,2778950.00,17.65,20.59,0.07,0.53
2005-04-07,0.41,0.41,0.45,0.38,12597,3294861.25,17.07,0.00,0.00,0.62
2005-04-08,0.41,0.43,0.44,0.37,7063,1844539.75,17.07,4.88,0.02,0.35
2005-04-11,0.43,0.42,0.44,0.39,6036,1580173.38,11.63,-2.33,-0.01,0.30
2005-04-12,0.41,0.36,0.42,0.35,4344,1116217.88,16.67,-14.29,-0.06,0.21
2005-04-13,0.42,0.39,0.42,0.36,6353,1643490.88,16.67,8.33,0.03,0.31
2005-04-14,0.39,0.40,0.45,0.37,13084,3427367.00,20.51,2.56,0.01,0.64
2005-04-15,0.35,0.21,0.35,0.20,18323,4418368.50,37.50,-47.50,-0.19,0.90
2005-04-18,0.18,0.21,0.21,0.15,7666,1761966.25,28.57,0.00,0.00,0.38
2005-04-19,0.21,0.22,0.23,0.17,6910,1619020.12,28.57,4.76,0.01,0.34
2005-04-20,0.22,0.18,0.22,0.17,3378,784108.50,22.73,-18.18,-0.04,0.17
2005-04-21,0.18,0.11,0.19,0.11,6535,1487739.62,44.44,-38.89,-0.07,0.32
2005-04-22,0.12,0.04,0.12,-0.04,12145,2563788.00,145.45,-63.64,-0.07,0.59
2005-04-25,0.21,0.21,0.21,0.21,12060,2822063.50,0.00,425.00,0.17,0.59
2005-04-26,0.34,0.38,0.38,0.26,40800,10274175.00,57.14,80.95,0.17,2.00
2005-04-27,0.44,0.38,0.48,0.31,88115,22829424.00,44.74,0.00,0.00,4.31
2005-04-28,0.36,0.40,0.43,0.27,42338,10770074.00,42.11,5.26,0.02,2.07
2005-04-29,0.39,0.42,0.46,0.34,28284,7390060.50,30.00,5.00,0.02,1.38
2005-05-09,0.41,0.31,0.43,0.27,18420,4583721.00,38.10,-26.19,-0.11,0.90
2005-05-10,0.29,0.43,0.45,0.26,31116,8008721.00,61.29,38.71,0.12,1.52
2005-05-11,0.48,0.42,0.50,0.40,25457,6753853.50,23.26,-2.33,-0.01,1.25
2005-05-12,0.41,0.44,0.45,0.35,16189,4202311.50,23.81,4.76,0.02,0.79
2005-05-13,0.46,0.51,0.55,0.41,33163,8949100.00,31.82,15.91,0.07,1.62
2005-05-16,0.50,0.47,0.51,0.45,17680,4762234.00,11.76,-7.84,-0.04,0.87
2005-05-18,0.47,0.47,0.50,0.39,22098,5847570.00,23.40,0.00,0.00,1.08
2005-05-19,0.45,0.45,0.47,0.41,15434,4072773.25,12.77,-4.26,-0.02,0.76
2005-05-20,0.47,0.40,0.47,0.39,14127,3727283.75,17.78,-11.11,-0.05,0.69
2005-05-23,0.37,0.34,0.37,0.34,9202,2333960.75,7.50,-15.00,-0.06,0.45
2005-05-24,0.33,0.41,0.44,0.31,12334,3192639.75,38.24,20.59,0.07,0.60
2005-05-25,0.39,0.40,0.44,0.37,10998,2860617.25,17.07,-2.44,-0.01,0.54
2005-05-26,0.41,0.40,0.42,0.37,7225,1859717.75,12.50,0.00,0.00,0.35
2005-05-27,0.40,0.39,0.44,0.38,8111,2117595.00,15.00,-2.50,-0.01,0.40
2005-05-30,0.37,0.41,0.42,0.34,9004,2320043.00,20.51,5.13,0.02,0.44
2005-05-31,0.41,0.45,0.51,0.40,26626,7101181.00,26.83,9.76,0.04,1.30
2005-06-01,0.45,0.38,0.45,0.37,13627,3529842.00,17.78,-15.56,-0.07,0.67
2005-06-02,0.38,0.39,0.42,0.37,8237,2128329.50,13.16,2.63,0.01,0.40
2005-06-03,0.38,0.36,0.43,0.33,8867,2273410.75,25.64,-7.69,-0.03,0.43
2005-06-06,0.35,0.36,0.37,0.17,22789,5504859.00,55.56,0.00,0.00,1.12
2005-06-07,0.34,0.32,0.38,0.31,18914,4777010.50,19.44,-11.11,-0.04,0.93
2005-06-08,0.32,0.48,0.51,0.32,39712,10481803.00,59.38,50.00,0.16,1.94
2005-06-09,0.47,0.54,0.61,0.41,59355,16386189.00,41.67,12.50,0.06,2.91
2005-06-10,0.54,0.51,0.54,0.46,24463,6651772.00,14.81,-5.56,-0.03,1.20
2005-06-13,0.51,0.57,0.59,0.50,22902,6381036.00,17.65,11.76,0.06,1.12
2005-06-14,0.57,0.50,0.60,0.48,18464,5126365.00,21.05,-12.28,-0.07,0.90
2005-06-15,0.49,0.41,0.50,0.41,11087,2941962.25,18.00,-18.00,-0.09,0.54
2005-06-16,0.41,0.46,0.47,0.40,11444,3019039.75,17.07,12.20,0.05,0.56
2005-06-17,0.47,0.46,0.51,0.42,13045,3498232.00,19.57,0.00,0.00,0.64
2005-06-20,0.41,0.51,0.51,0.41,17372,4660628.50,21.74,10.87,0.05,0.85
2005-06-21,0.51,0.51,0.55,0.48,15397,4229689.50,13.73,0.00,0.00,0.75
2005-06-22,0.51,0.55,0.57,0.49,17950,4965600.00,15.69,7.84,0.04,0.88
2005-06-23,0.56,0.51,0.62,0.51,35588,10035586.00,20.00,-7.27,-0.04,1.74
2005-06-24,0.51,0.58,0.59,0.47,28668,8009278.50,23.53,13.73,0.07,1.40
2005-06-27,0.61,0.61,0.67,0.60,50098,14496401.00,12.07,5.17,0.03,2.45
2005-06-28,0.61,0.64,0.67,0.56,38469,11147795.00,18.03,4.92,0.03,1.88
2005-06-29,0.63,0.70,0.74,0.61,52905,15733515.00,20.31,9.38,0.06,2.59
2005-06-30,0.69,0.61,0.71,0.59,47789,13938594.00,17.14,-12.86,-0.09,2.34
2005-07-01,0.58,0.61,0.66,0.54,37181,10643825.00,19.67,0.00,0.00,1.82
2005-07-04,0.58,0.57,0.60,0.47,27134,7485878.50,21.31,-6.56,-0.04,1.33
2005-07-05,0.52,0.54,0.59,0.50,15079,4184766.50,15.79,-5.26,-0.03,0.74
2005-07-06,0.55,0.54,0.57,0.51,11889,3301425.25,11.11,0.00,0.00,0.58
2005-07-07,0.53,0.63,0.63,0.52,23373,6632206.50,20.37,16.67,0.09,1.14
2005-07-08,0.60,0.57,0.61,0.56,15018,4251084.00,7.94,-9.52,-0.06,0.74
2005-07-11,0.60,0.61,0.68,0.59,40583,11747320.00,15.79,7.02,0.04,1.99
2005-07-12,0.61,0.71,0.73,0.59,61343,18191582.00,22.95,16.39,0.10,3.00
2005-07-13,0.69,0.70,0.75,0.67,38546,11525216.00,11.27,-1.41,-0.01,1.89
2005-07-14,0.67,0.67,0.73,0.67,24971,7430810.50,8.57,-4.29,-0.03,1.22
2005-07-15,0.67,0.73,0.73,0.66,35500,10590181.00,10.45,8.96,0.06,1.74
2005-07-18,0.71,0.72,0.73,0.68,18323,5465796.50,6.85,-1.37,-0.01,0.90
2005-07-19,0.71,0.70,0.72,0.67,20811,6184316.50,6.94,-2.78,-0.02,1.02
2005-07-20,0.70,0.73,0.73,0.67,19642,5875843.00,8.57,4.29,0.03,0.96
2005-07-21,0.71,0.71,0.75,0.70,13424,4039422.25,6.85,-2.74,-0.02,0.66
2005-07-22,0.74,0.74,0.77,0.67,40526,12224110.00,14.08,4.23,0.03,1.98
2005-07-25,0.73,0.78,0.78,0.71,25878,7886562.00,9.46,5.41,0.04,1.27
2005-07-26,0.77,0.78,0.85,0.77,39315,12285234.00,10.26,0.00,0.00,1.92
2005-07-27,0.80,0.82,0.82,0.75,27315,8428613.00,8.97,5.13,0.04,1.34
2005-07-28,0.79,0.81,0.84,0.77,22438,6999957.50,8.54,-1.22,-0.01,1.10
2005-07-29,0.77,0.74,0.82,0.71,17341,5326438.00,13.58,-8.64,-0.07,0.85
2005-08-01,0.74,0.75,0.77,0.72,10800,3285702.75,6.76,1.35,0.01,0.53
2005-08-02,0.75,0.82,0.82,0.74,20526,6369103.50,10.67,9.33,0.07,1.00
2005-08-03,0.82,0.81,0.85,0.81,28470,8977282.00,4.88,-1.22,-0.01,1.39
2005-08-04,0.81,0.81,0.81,0.77,14474,4486265.50,4.94,0.00,0.00,0.71
2005-08-05,0.81,0.85,0.85,0.80,21039,6658307.50,6.17,4.94,0.04,1.03
2005-08-08,0.85,0.88,0.93,0.83,24353,7829662.00,11.76,3.53,0.03,1.19
2005-08-09,0.88,1.01,1.02,0.86,29699,9819198.00,18.18,14.77,0.13,1.45
2005-08-10,1.04,1.06,1.13,1.01,59369,20476828.00,11.88,4.95,0.05,2.91
2005-08-11,1.06,1.04,1.09,1.01,30847,10565680.00,7.55,-1.89,-0.02,1.51
2005-08-12,0.99,1.09,1.10,0.94,43495,14679535.00,15.38,4.81,0.05,2.13
2005-08-15,1.04,1.08,1.10,0.98,29696,10269143.00,11.01,-0.92,-0.01,1.45
2005-08-16,1.08,1.01,1.12,1.01,22912,7905221.50,10.19,-6.48,-0.07,1.12
2005-08-17,1.01,1.01,1.04,0.90,23544,7816233.00,13.86,0.00,0.00,1.15
2005-08-18,1.01,0.92,1.01,0.91,30202,10058333.00,9.90,-8.91,-0.09,1.48
2005-08-19,0.90,0.93,0.94,0.87,22203,7163193.00,7.61,1.09,0.01,1.09
2005-08-22,0.91,1.01,1.01,0.89,17143,5716261.50,12.90,8.60,0.08,0.84
2005-08-23,1.01,1.02,1.04,0.95,15350,5170440.00,8.91,0.99,0.01,0.75
2005-08-24,1.02,1.02,1.05,0.98,12791,4358070.00,6.86,0.00,0.00,0.63
2005-08-25,1.01,1.04,1.04,0.99,9721,3300637.00,4.90,1.96,0.02,0.48
2005-08-26,1.04,1.02,1.04,0.99,8238,2797827.00,4.81,-1.92,-0.02,0.40
2005-08-29,1.01,0.99,1.01,0.96,8702,2906789.75,4.90,-2.94,-0.03,0.43
2005-08-30,0.98,0.98,1.00,0.94,7561,2517899.50,6.06,-1.01,-0.01,0.37
2005-08-31,0.96,1.09,1.11,0.96,17499,6045953.00,15.31,11.22,0.11,0.86
2005-09-01,1.08,1.09,1.13,1.04,18295,6389017.00,8.26,0.00,0.00,0.90
2005-09-02,1.08,1.21,1.22,1.07,34828,12508701.00,13.76,11.01,0.12,1.70
2005-09-05,1.21,1.24,1.25,1.15,17619,6425283.50,8.26,2.48,0.03,0.86
2005-09-06,1.24,1.15,1.24,1.10,26804,9630350.00,11.29,-7.26,-0.09,1.31
2005-09-07,1.13,1.28,1.29,1.11,29594,10924306.00,15.65,11.30,0.13,1.45
2005-09-08,1.28,1.30,1.33,1.24,18914,7081535.00,7.03,1.56,0.02,0.93
2005-09-09,1.29,1.25,1.31,1.21,15436,5695788.00,7.69,-3.85,-0.05,0.76
2005-09-12,1.25,1.27,1.28,1.20,11021,4067218.75,6.40,1.60,0.02,0.54
2005-09-13,1.25,1.31,1.32,1.23,14388,5394213.00,7.09,3.15,0.04,0.70
2005-09-14,1.32,1.31,1.33,1.24,14292,5348837.00,6.87,0.00,0.00,0.70
2005-09-15,1.31,1.27,1.31,1.25,10170,3796934.75,4.58,-3.05,-0.04,0.50
2005-09-16,1.27,1.24,1.28,1.20,14593,5367818.50,6.30,-2.36,-0.03,0.71
2005-09-19,1.25,1.31,1.32,1.24,15721,5894572.50,6.45,5.65,0.07,0.77
2005-09-20,1.29,1.24,1.31,1.22,14494,5362898.00,6.87,-5.34,-0.07,0.71
2005-09-21,1.23,1.22,1.24,1.19,15918,5803617.50,4.03,-1.61,-0.02,0.78
2005-09-22,1.22,1.01,1.22,0.94,26935,9259712.00,22.95,-17.21,-0.21,1.32
2005-09-23,1.01,0.96,1.04,0.95,12754,4273249.50,8.91,-4.95,-0.05,0.62
2005-09-26,0.94,1.07,1.07,0.94,15537,5288407.00,13.54,11.46,0.11,0.76
2005-09-27,1.04,1.03,1.09,0.99,11070,3786962.25,9.35,-3.74,-0.04,0.54
2005-09-28,1.03,1.08,1.12,1.02,15335,5360231.50,9.71,4.85,0.05,0.75
2005-09-29,1.10,1.12,1.17,1.07,13369,4709405.50,9.26,3.70,0.04,0.65
2005-09-30,1.12,1.05,1.14,1.03,7484,2591122.50,9.82,-6.25,-0.07,0.37
2005-10-10,1.03,0.89,1.03,0.81,21237,6916602.50,20.95,-15.24,-0.16,1.04
2005-10-11,0.88,0.96,0.96,0.87,10115,3323663.50,10.11,7.87,0.07,0.50
2005-10-12,0.92,1.02,1.06,0.92,14267,4832471.00,14.58,6.25,0.06,0.70
2005-10-13,1.02,1.04,1.07,0.99,10479,3584670.50,7.84,1.96,0.02,0.51
2005-10-14,1.01,1.04,1.05,1.00,8542,2902085.50,4.81,0.00,0.00,0.42
2005-10-17,1.03,0.97,1.03,0.91,6100,2021413.12,11.54,-6.73,-0.07,0.30
2005-10-18,0.95,1.07,1.08,0.95,10157,3479210.25,13.40,10.31,0.10,0.50
2005-10-19,1.08,1.06,1.12,1.04,11025,3838180.50,7.48,-0.93,-0.01,0.54
2005-10-20,1.02,1.06,1.06,0.94,7794,2631863.75,11.32,0.00,0.00,0.38
2005-10-21,1.05,1.07,1.13,1.05,13318,4647628.50,7.55,0.94,0.01,0.65
2005-10-24,1.04,1.06,1.12,1.01,10644,3644024.50,10.28,-0.93,-0.01,0.52
2005-10-25,1.07,1.03,1.10,0.98,6538,2224107.25,11.32,-2.83,-0.03,0.32
2005-10-26,1.03,0.97,1.08,0.93,8861,2953492.00,14.56,-5.83,-0.06,0.43
2005-10-27,0.97,0.84,1.00,0.84,8159,2644144.00,16.49,-13.40,-0.13,0.40
2005-10-28,0.85,0.87,0.89,0.81,6193,1956250.00,9.52,3.57,0.03,0.30
2005-10-31,0.90,0.91,1.02,0.90,4317,1417178.00,13.79,4.60,0.04,0.21
2005-11-01,0.93,0.90,0.94,0.83,3616,1159090.62,12.09,-1.10,-0.01,0.18
2005-11-02,0.92,0.93,0.95,0.87,11371,3717238.25,8.89,3.33,0.03,0.56
2005-11-03,0.93,0.91,0.93,0.87,4078,1319309.00,6.45,-2.15,-0.02,0.20
2005-11-04,0.87,0.88,0.91,0.84,3300,1059922.75,7.69,-3.30,-0.03,0.16
2005-11-07,0.88,0.91,0.91,0.84,3574,1148736.50,7.95,3.41,0.03,0.17
2005-11-08,0.91,0.93,0.93,0.86,6172,2003803.62,7.69,2.20,0.02,0.30
2005-11-09,0.91,0.91,0.94,0.89,4632,1506476.50,5.38,-2.15,-0.02,0.23
2005-11-10,0.90,0.84,0.91,0.84,6704,2142944.50,7.69,-7.69,-0.07,0.33
2005-11-11,0.84,0.79,0.84,0.73,8761,2701089.50,13.10,-5.95,-0.05,0.43
2005-11-14,0.79,0.80,0.85,0.74,4905,1510864.62,13.92,1.27,0.01,0.24
2005-11-15,0.81,0.80,0.83,0.76,3596,1113447.88,8.75,0.00,0.00,0.18
2005-11-16,0.80,0.83,0.83,0.75,5343,1651524.50,10.00,3.75,0.03,0.26
2005-11-17,0.83,0.81,0.85,0.79,2771,870357.31,7.23,-2.41,-0.02,0.14
2005-11-18,0.77,0.84,0.85,0.77,6242,1964990.75,9.88,3.70,0.03,0.31
2005-11-21,0.83,0.83,0.86,0.81,4523,1426357.75,5.95,-1.19,-0.01,0.22
2005-11-22,0.81,0.91,0.92,0.79,14202,4566936.00,15.66,9.64,0.08,0.70
2005-11-23,0.91,0.95,0.97,0.86,14223,4656997.50,12.09,4.40,0.04,0.70
2005-11-24,0.94,0.94,0.96,0.87,14806,4825591.00,9.47,-1.05,-0.01,0.72
2005-11-25,0.91,0.91,0.92,0.88,5196,1692042.00,4.26,-3.19,-0.03,0.25
2005-11-28,0.91,1.00,1.01,0.91,16042,5345025.00,10.99,9.89,0.09,0.79
2005-11-29,0.99,0.98,1.01,0.97,8406,2812591.50,4.00,-2.00,-0.02,0.41
2005-11-30,0.98,0.97,0.98,0.94,3793,1258174.25,4.08,-1.02,-0.01,0.19
2005-12-01,0.97,1.07,1.08,0.94,16111,5484978.00,14.43,10.31,0.10,0.79
2005-12-02,1.06,1.06,1.10,1.04,16388,5678989.50,5.61,-0.93,-0.01,0.80
2005-12-05,1.07,1.06,1.13,1.05,19929,6949465.50,7.55,0.00,0.00,0.98
2005-12-06,1.06,1.10,1.10,0.98,6972,2406432.75,11.32,3.77,0.04,0.34
2005-12-07,1.06,1.10,1.12,1.06,5959,2078600.50,5.45,0.00,0.00,0.29
2005-12-08,1.10,1.04,1.10,1.02,8156,2799885.75,7.27,-5.45,-0.06,0.40
2005-12-09,1.00,1.02,1.04,0.98,7833,2654081.00,5.77,-1.92,-0.02,0.38
2005-12-12,1.03,1.03,1.08,1.02,5477,1881931.00,5.88,0.98,0.01,0.27
2005-12-13,1.01,1.03,1.04,0.98,3871,1311852.25,5.83,0.00,0.00,0.19
2005-12-14,1.04,1.04,1.05,0.99,4935,1676575.12,5.83,0.97,0.01,0.24
2005-12-15,1.04,1.07,1.07,1.00,9103,3119731.00,6.73,2.88,0.03,0.45
2005-12-16,1.07,1.09,1.11,1.04,11140,3872306.00,6.54,1.87,0.02,0.55
2005-12-19,1.09,1.11,1.11,1.06,7798,2723800.00,4.59,1.83,0.02,0.38
2005-12-20,1.11,1.11,1.11,1.07,8693,3034373.00,3.60,0.00,0.00,0.43
2005-12-21,1.10,1.07,1.10,1.07,6208,2157542.75,2.70,-3.60,-0.04,0.30
2005-12-22,1.04,1.05,1.07,1.01,6495,2225049.50,5.61,-1.87,-0.02,0.32
2005-12-23,1.05,1.06,1.06,1.01,7388,2531919.75,4.76,0.95,0.01,0.36
2005-12-26,1.05,1.07,1.11,1.05,18400,6409713.50,5.66,0.94,0.01,0.90
2005-12-27,1.07,1.07,1.11,1.05,16458,5717838.00,5.61,0.00,0.00,0.81
2005-12-28,1.10,1.07,1.10,1.05,5532,1916388.38,4.67,0.00,0.00,0.27
2005-12-29,1.07,1.18,1.19,1.07,17223,6087849.50,11.21,10.28,0.11,0.84
2005-12-30,1.18,1.15,1.23,1.14,19962,7237979.00,7.63,-2.54,-0.03,0.98