2012-01-04,3.28,3.17,3.34,3.17,42144,16555752.00,5.23,-2.46,-0.08,1.02
2012-01-05,3.17,3.03,3.20,3.01,34820,13163754.00,5.99,-4.42,-0.14,0.84
2012-01-06,2.97,3.22,3.22,2.97,34252,12915981.00,8.25,6.27,0.19,0.83
2012-01-09,3.23,3.38,3.39,3.19,63729,25543740.00,6.21,4.97,0.16,1.54
2012-01-10,3.36,3.48,3.50,3.33,59720,24600454.00,5.03,2.96,0.10,1.44
2012-01-11,3.48,3.48,3.57,3.42,56313,23470312.00,4.31,0.00,0.00,1.36
2012-01-12,3.48,3.47,3.53,3.45,40063,16713196.00,2.30,-0.29,-0.01,0.97
2012-01-13,3.46,3.27,3.49,3.26,60578,24301004.00,6.63,-5.76,-0.20,1.46
2012-01-16,3.20,3.22,3.36,3.19,44514,17642494.00,5.20,-1.53,-0.05,1.08
2012-01-17,3.23,3.39,3.41,3.15,46350,18484210.00,8.07,5.28,0.17,1.12
2012-01-18,3.37,3.38,3.47,3.33,45470,18545392.00,4.13,-0.29,-0.01,1.10
2012-01-19,3.39,3.39,3.45,3.34,31362,12804478.00,3.25,0.30,0.01,0.76
2012-01-20,3.42,3.51,3.54,3.40,47165,19646764.00,4.13,3.54,0.12,1.14
2012-01-30,3.54,3.53,3.63,3.48,38895,16497763.00,4.27,0.57,0.02,0.94
2012-01-31,3.53,3.66,3.69,3.52,47309,20330274.00,4.82,3.68,0.13,1.14
2012-02-01,3.66,3.60,3.70,3.59,49126,21161210.00,3.01,-1.64,-0.06,1.19
2012-02-02,3.60,3.68,3.73,3.58,49805,21665594.00,4.17,2.22,0.08,1.20
2012-02-03,3.74,3.81,3.84,3.70,59703,26707942.00,3.80,3.53,0.13,1.44
2012-02-06,3.81,3.79,3.88,3.74,59262,26654682.00,3.67,-0.52,-0.02,1.43
2012-02-07,3.79,3.64,3.79,3.59,52350,22709280.00,5.28,-3.96,-0.15,1.27
2012-02-08,3.62,3.75,3.75,3.61,54220,23672380.00,3.85,3.02,0.11,1.31
2012-02-09,3.75,3.77,3.85,3.73,48668,21777518.00,3.20,0.53,0.02,1.18
2012-02-10,3.77,3.81,3.83,3.72,45368,20253330.00,2.92,1.06,0.04,1.10
2012-02-13,3.78,3.90,3.98,3.72,53107,24294456.00,6.82,2.36,0.09,1.28
2012-02-14,3.92,4.13,4.13,3.92,133690,63440156.00,5.38,5.90,0.23,3.23
2012-02-15,4.13,4.24,4.35,4.08,133786,65431848.00,6.54,2.66,0.11,3.23
2012-02-16,4.22,4.24,4.29,4.12,75425,36821752.00,4.01,0.00,0.00,1.82
2012-02-17,4.23,4.38,4.45,4.23,105533,53125840.00,5.19,3.30,0.14,2.55
2012-02-20,4.42,4.32,4.51,4.32,114142,58123468.00,4.34,-1.37,-0.06,2.76
2012-02-22,4.42,4.57,4.57,4.38,213474,111308648.00,4.40,5.79,0.25,5.16
2012-02-23,4.51,4.47,4.55,4.42,115571,59564228.00,2.84,-2.19,-0.10,2.79
2012-02-24,4.45,4.47,4.60,4.45,91282,47387312.00,3.36,0.00,0.00,2.21
2012-02-27,4.47,4.42,4.51,4.42,88452,45592592.00,2.01,-1.12,-0.05,2.14
2012-02-28,4.42,4.64,4.68,4.38,188346,99585976.00,6.79,4.98,0.22,4.55
2012-02-29,4.69,4.56,4.87,4.53,214898,116016552.00,7.33,-1.72,-0.08,5.19
2012-03-01,4.48,4.54,4.64,4.30,139430,71867840.00,7.46,-0.44,-0.02,3.37
2012-03-02,4.55,4.68,4.74,4.55,105714,56419192.00,4.19,3.08,0.14,2.55
2012-03-05,4.68,4.92,4.95,4.65,172941,95777824.00,6.41,5.13,0.24,4.18
2012-03-06,4.87,4.93,5.00,4.79,132333,73653552.00,4.27,0.20,0.01,3.20
2012-03-07,4.85,4.65,4.93,4.65,164760,89991704.00,5.68,-5.68,-0.28,3.98
2012-03-08,4.67,4.74,4.79,4.64,109584,58961040.00,3.23,1.94,0.09,2.65
2012-03-09,4.74,4.81,4.82,4.63,96499,52200456.00,4.01,1.48,0.07,2.33
2012-03-13,5.20,4.99,5.20,4.82,460977,262324512.00,7.90,3.74,0.18,11.14
2012-03-14,4.96,5.12,5.50,4.83,487542,284517536.00,13.43,2.61,0.13,11.78
2012-03-15,5.02,4.80,5.08,4.65,252703,141025392.00,8.40,-6.25,-0.32,6.11
2012-03-16,4.79,4.89,4.96,4.69,154240,85056584.00,5.63,1.88,0.09,3.73
2012-03-19,4.82,4.81,4.90,4.69,111417,60913112.00,4.29,-1.64,-0.08,2.69
2012-03-20,4.77,4.53,4.85,4.51,145659,78568504.00,7.07,-5.82,-0.28,3.52
2012-03-21,4.55,4.45,4.59,4.34,136947,70212491.00,5.52,-1.77,-0.08,3.31
2012-03-22,4.47,4.29,4.49,4.21,137636,68802070.00,6.29,-3.60,-0.16,3.33
2012-03-23,4.26,4.20,4.29,4.13,81795,39974923.00,3.73,-2.10,-0.09,1.98
2012-03-26,4.20,4.26,4.32,4.17,59188,29202935.00,3.57,1.43,0.06,1.43
2012-03-27,4.28,4.18,4.32,4.17,61701,30310540.00,3.52,-1.88,-0.08,1.49
2012-03-28,4.16,3.82,4.16,3.82,89305,41461635.00,8.13,-8.61,-0.36,2.16
2012-03-29,3.82,3.83,3.92,3.74,64125,28904515.00,4.71,0.26,0.01,1.55
2012-03-30,3.84,3.77,3.92,3.70,60804,27250256.00,5.74,-1.57,-0.06,1.47
2012-04-05,3.77,3.90,3.91,3.74,56493,25629601.00,4.51,3.45,0.13,1.37
2012-04-06,3.89,3.92,3.96,3.86,53512,24573786.00,2.56,0.51,0.02,1.29
2012-04-09,3.90,3.84,3.92,3.82,38865,17682341.00,2.55,-2.04,-0.08,0.94
2012-04-10,3.84,3.89,3.92,3.72,57868,26099361.00,5.21,1.30,0.05,1.40
2012-04-11,3.82,4.01,4.07,3.81,74760,34682679.00,6.68,3.08,0.12,1.81
2012-04-12,3.98,4.07,4.09,3.97,79143,37355741.00,2.99,1.50,0.06,1.91
2012-04-13,4.08,4.21,4.24,4.06,86534,41740803.00,4.42,3.44,0.14,2.09
2012-04-16,4.13,4.15,4.20,4.09,57281,27598037.00,2.61,-1.43,-0.06,1.38
2012-04-17,4.13,4.04,4.21,4.01,48878,23359395.00,4.82,-2.65,-0.11,1.18
2012-04-18,3.99,4.11,4.16,3.99,75558,35830041.00,4.21,1.73,0.07,1.83
2012-04-19,4.10,4.11,4.16,4.04,73546,35149772.00,2.92,0.00,0.00,1.78
2012-04-20,4.17,4.15,4.33,4.12,145127,71467253.00,5.11,0.97,0.04,3.51
2012-04-23,4.10,3.86,4.11,3.84,120726,56365574.00,6.51,-6.99,-0.29,2.92
2012-04-24,3.82,3.84,3.91,3.75,74494,33578769.00,4.15,-0.52,-0.02,1.80
2012-04-25,3.82,3.96,3.97,3.81,62371,28533099.00,4.17,3.13,0.12,1.51
2012-04-26,3.95,4.00,4.08,3.94,62749,29468556.00,3.54,1.01,0.04,1.52
2012-04-27,3.99,3.89,4.00,3.88,36784,16954584.00,3.00,-2.75,-0.11,0.89
2012-05-02,3.89,3.96,3.99,3.89,46172,21394880.00,2.57,1.80,0.07,1.12
2012-05-03,3.97,4.08,4.08,3.82,51138,23992441.00,6.57,3.03,0.12,1.24
2012-05-04,4.07,4.05,4.09,4.01,42891,20279053.00,1.96,-0.74,-0.03,1.04
2012-05-08,4.12,4.09,4.14,4.03,60444,28820931.00,2.72,0.99,0.04,1.46
2012-05-09,4.07,3.91,4.07,3.88,53335,24709601.00,4.65,-4.40,-0.18,1.29
2012-05-10,3.88,3.92,3.95,3.88,37331,17177171.00,1.79,0.26,0.01,0.90
2012-05-11,3.90,3.82,3.92,3.82,43585,19786333.00,2.55,-2.55,-0.10,1.05
2012-05-14,3.89,3.81,3.89,3.81,35142,15903552.00,2.09,-0.26,-0.01,0.85
2012-05-15,3.75,3.79,3.79,3.72,32856,14555750.00,1.84,-0.52,-0.02,0.79
2012-05-16,3.77,3.71,3.80,3.70,32213,14249664.00,2.64,-2.11,-0.08,0.78
2012-05-17,3.70,3.76,3.77,3.67,42554,18751775.00,2.70,1.35,0.05,1.03
2012-05-18,3.71,3.66,3.75,3.64,40463,17727173.00,2.93,-2.66,-0.10,0.98
2012-05-21,3.65,3.65,3.69,3.60,26470,11467612.00,2.46,-0.27,-0.01,0.64
2012-05-22,3.67,3.73,3.75,3.66,35193,15430394.00,2.47,2.19,0.08,0.85
2012-05-23,3.69,3.85,3.92,3.67,91206,41075635.00,6.70,3.22,0.12,2.20
2012-05-24,3.82,3.74,3.83,3.72,50366,22421592.00,2.86,-2.86,-0.11,1.22
2012-05-25,3.74,3.54,3.75,3.53,55001,23681889.00,5.88,-5.35,-0.20,1.33
2012-05-28,3.54,3.58,3.59,3.41,44338,18466400.00,5.08,1.13,0.04,1.07
2012-05-30,3.64,3.61,3.68,3.60,41491,17898691.00,2.23,0.84,0.03,1.00
2012-05-31,3.60,3.64,3.65,3.54,31384,13482056.00,3.05,0.83,0.03,0.76
2012-06-01,3.62,3.65,3.71,3.62,31852,13842694.00,2.47,0.27,0.01,0.77
2012-06-04,3.55,3.47,3.62,3.45,38524,16172914.00,4.66,-4.93,-0.18,0.93
2012-06-05,3.49,3.43,3.50,3.40,31271,12902060.00,2.88,-1.15,-0.04,0.76
2012-06-06,3.48,3.40,3.48,3.37,25274,10368633.00,3.21,-0.87,-0.03,0.61
2012-06-07,3.42,3.34,3.47,3.32,33752,13720478.00,4.41,-1.76,-0.06,0.82
2012-06-08,3.37,3.30,3.40,3.27,28705,11490121.00,3.89,-1.20,-0.04,0.69
2012-06-11,3.31,3.38,3.41,3.27,26967,10870709.00,4.24,2.42,0.08,0.65
2012-06-12,3.32,3.39,3.40,3.32,27218,11037289.00,2.37,0.30,0.01,0.66
2012-06-13,3.38,3.47,3.49,3.38,36089,14889104.00,3.24,2.36,0.08,0.87
2012-06-14,3.46,3.41,3.47,3.40,28187,11627011.00,2.02,-1.73,-0.06,0.68
2012-06-15,3.40,3.40,3.45,3.32,25517,10406969.00,3.81,-0.29,-0.01,0.62
2012-06-18,3.42,3.42,3.44,3.35,40951,16716771.00,2.65,0.59,0.02,0.99
2012-06-19,3.41,3.38,3.41,3.35,31196,12641181.00,1.75,-1.17,-0.04,0.75
2012-06-20,3.37,3.47,3.47,3.37,51729,21242948.00,2.96,2.66,0.09,1.25
2012-06-21,3.48,3.43,3.49,3.37,42069,17216971.00,3.46,-1.15,-0.04,1.02
2012-06-25,3.42,3.47,3.56,3.39,156282,64764625.00,4.96,1.17,0.04,3.78
2012-06-26,3.52,3.56,3.69,3.46,163763,69289299.00,6.63,2.59,0.09,3.96
2012-06-27,3.58,3.38,3.58,3.35,93649,38640886.00,6.46,-5.06,-0.18,2.26
2012-06-28,3.35,3.18,3.39,3.18,68619,27142657.00,6.21,-5.92,-0.20,1.66
2012-06-29,3.18,3.19,3.23,3.03,54530,20748511.00,6.29,0.31,0.01,1.32
2012-07-02,3.21,3.22,3.26,3.18,33189,12942894.00,2.51,0.94,0.03,0.80
2012-07-03,3.21,3.19,3.25,3.17,29469,11467615.00,2.48,-0.93,-0.03,0.71
2012-07-04,3.18,3.18,3.23,3.17,32206,12485289.00,1.88,-0.31,-0.01,0.78
2012-07-05,3.15,3.11,3.16,3.07,29840,11314777.00,2.83,-2.20,-0.07,0.72
2012-07-06,3.14,3.14,3.17,3.03,27999,10564715.00,4.50,0.96,0.03,0.68
2012-07-09,3.12,3.03,3.12,2.98,24490,9156637.00,4.46,-3.50,-0.11,0.59
2012-07-10,2.99,3.06,3.07,2.98,25262,9367861.00,2.97,0.99,0.03,0.61
2012-07-11,3.06,3.17,3.20,3.03,32024,12150176.00,5.56,3.59,0.11,0.77
2012-07-12,3.13,3.17,3.22,3.09,31883,12230958.00,4.10,0.00,0.00,0.77
2012-07-13,3.15,3.15,3.21,3.14,18314,7053279.00,2.21,-0.63,-0.02,0.44
2012-07-16,3.12,2.84,3.12,2.84,52440,19022014.00,8.89,-9.84,-0.31,1.27
2012-07-17,2.83,2.88,2.89,2.81,23182,8210303.00,2.82,1.41,0.04,0.56
2012-07-18,2.88,2.93,2.93,2.84,23742,8488090.00,3.13,1.74,0.05,0.57
2012-07-19,2.93,2.96,2.99,2.87,30196,10969132.00,4.10,1.02,0.03,0.73
2012-07-20,2.95,3.00,3.10,2.92,44022,16235098.00,6.08,1.35,0.04,1.06
2012-07-23,2.95,2.91,2.98,2.85,31221,11225162.00,4.33,-3.00,-0.09,0.75
2012-07-24,2.90,2.97,3.00,2.87,37058,13496317.00,4.47,2.06,0.06,0.90
2012-07-25,2.94,2.93,3.00,2.92,24646,8969092.00,2.69,-1.35,-0.04,0.60
2012-07-26,2.93,2.87,2.97,2.85,24590,8845702.00,4.10,-2.05,-0.06,0.59
2012-07-27,2.88,2.86,2.93,2.83,25138,8924520.00,3.48,-0.35,-0.01,0.61
2012-07-30,2.84,2.79,2.88,2.77,25840,9029724.00,3.85,-2.45,-0.07,0.62
2012-07-31,2.79,2.69,2.79,2.68,19811,6763954.00,3.94,-3.58,-0.10,0.48
2012-08-01,2.69,2.75,2.77,2.66,19886,6810187.00,4.09,2.23,0.06,0.48
2012-08-02,2.75,2.70,2.78,2.68,16527,5637446.00,3.64,-1.82,-0.05,0.40
2012-08-03,2.70,3.04,3.04,2.70,97964,35913333.00,12.59,12.59,0.34,2.37
2012-08-06,3.12,3.41,3.41,3.06,279890,110682126.00,11.51,12.17,0.37,6.76
2012-08-07,3.47,3.47,3.53,3.29,263622,107721531.00,7.04,1.76,0.06,6.37
2012-08-08,3.39,3.44,3.47,3.34,155973,63688052.00,3.75,-0.86,-0.03,3.77
2012-08-09,3.40,3.46,3.60,3.38,173862,72162775.00,6.40,0.58,0.02,4.20
2012-08-10,3.42,3.43,3.45,3.34,109276,44511064.00,3.18,-0.87,-0.03,2.64
2012-08-13,3.53,3.45,3.80,3.44,223908,96370915.00,10.50,0.58,0.02,5.41
2012-08-14,3.35,3.52,3.53,3.28,149114,61095874.00,7.25,2.03,0.07,3.60
2012-08-15,3.48,3.37,3.52,3.34,92625,37846658.00,5.11,-4.26,-0.15,2.24
2012-08-16,3.32,3.21,3.37,3.17,98912,38968326.00,5.93,-4.75,-0.16,2.39
2012-08-17,3.18,3.29,3.31,3.13,79057,30987393.00,5.61,2.49,0.08,1.91
2012-08-20,3.23,3.36,3.38,3.22,88849,35586448.00,4.86,2.13,0.07,2.15
2012-08-21,3.36,3.47,3.58,3.33,141562,59086370.00,7.44,3.27,0.11,3.42
2012-08-22,3.44,3.34,3.47,3.32,80582,32735020.00,4.32,-3.75,-0.13,1.95
2012-08-23,3.38,3.38,3.42,3.33,53797,21850093.00,2.69,1.20,0.04,1.30
2012-08-24,3.36,3.18,3.38,3.16,71753,28278373.00,6.51,-5.92,-0.20,1.73
2012-08-27,3.18,3.03,3.20,2.96,56475,21076300.00,7.55,-4.72,-0.15,1.36
2012-08-28,3.02,3.10,3.12,3.00,38363,14407401.00,3.96,2.31,0.07,0.93
2012-08-29,3.07,3.06,3.17,3.04,35945,13629810.00,4.19,-1.29,-0.04,0.87
2012-08-30,3.06,3.11,3.17,2.98,50611,19046853.00,6.21,1.63,0.05,1.22
2012-08-31,3.08,3.06,3.14,3.05,32837,12380321.00,2.89,-1.61,-0.05,0.79
2012-09-03,3.06,3.11,3.14,3.03,45790,17286990.00,3.59,1.63,0.05,1.11
2012-09-04,3.13,3.06,3.19,3.05,46735,17745389.00,4.50,-1.61,-0.05,1.13
2012-09-05,3.03,3.09,3.11,3.03,27315,10231198.00,2.61,0.98,0.03,0.66
2012-09-06,3.09,3.15,3.15,3.06,43607,16523243.00,2.91,1.94,0.06,1.05
2012-09-07,3.17,3.32,3.37,3.16,97929,38796659.00,6.67,5.40,0.17,2.37
2012-09-10,3.31,3.38,3.38,3.27,84227,33847702.00,3.31,1.81,0.06,2.04
2012-09-11,3.40,3.37,3.40,3.29,59519,23931478.00,3.25,-0.30,-0.01,1.44
2012-09-12,3.40,3.37,3.44,3.30,59164,23906114.00,4.15,0.00,0.00,1.43
2012-09-13,3.39,3.27,3.39,3.26,49583,19753767.00,3.86,-2.97,-0.10,1.20
2012-09-14,3.28,3.29,3.34,3.23,39373,15590945.00,3.36,0.61,0.02,0.95
2012-09-17,3.31,3.10,3.32,3.09,41228,16008197.00,6.99,-5.78,-0.19,1.00
2012-09-18,3.06,3.15,3.24,3.06,56762,21890565.00,5.81,1.61,0.05,1.37
2012-09-19,3.15,3.16,3.18,3.09,31683,12116329.00,2.86,0.32,0.01,0.77
2012-09-20,3.14,3.00,3.16,2.98,35911,13430222.00,5.70,-5.06,-0.16,0.87
2012-09-21,3.00,3.00,3.05,2.92,22396,8252316.00,4.33,0.00,0.00,0.54
2012-09-24,3.00,2.99,3.01,2.73,33354,12009548.00,9.33,-0.33,-0.01,0.81
2012-09-25,2.93,3.13,3.27,2.93,66733,25489763.00,11.37,4.68,0.14,1.61
2012-09-26,3.08,2.94,3.11,2.94,37367,13795907.00,5.43,-6.07,-0.19,0.90
2012-09-27,2.94,3.30,3.30,2.94,153939,60249535.00,12.24,12.24,0.36,3.72
2012-09-28,3.34,3.38,3.50,3.23,220716,88759166.00,8.18,2.42,0.08,5.33
2012-10-08,3.35,3.42,3.53,3.27,207732,85348692.00,7.69,1.18,0.04,5.02
2012-10-09,3.38,3.50,3.50,3.32,185100,76376157.00,5.26,2.34,0.08,4.47
2012-10-10,3.47,3.46,3.50,3.41,111111,45857496.00,2.57,-1.14,-0.04,2.68
2012-10-11,3.50,3.48,3.73,3.47,249338,106230930.00,7.51,0.58,0.02,6.03
2012-10-12,3.38,3.73,3.90,3.37,501988,222780561.00,15.23,7.18,0.25,12.13
2012-10-15,3.60,3.40,3.66,3.30,337066,139173467.00,9.65,-8.85,-0.33,8.15
2012-10-16,3.33,3.40,3.46,3.32,135353,55098900.00,4.12,0.00,0.00,3.27
2012-10-17,3.38,3.48,3.58,3.35,215268,89410007.00,6.76,2.35,0.08,5.20
2012-10-18,3.48,3.52,3.66,3.42,197528,83477258.00,6.90,1.15,0.04,4.77
2012-10-19,3.49,3.40,3.60,3.39,126406,52021835.00,5.97,-3.41,-0.12,3.05
2012-10-22,3.42,3.43,3.45,3.36,67083,27439213.00,2.65,0.88,0.03,1.62
2012-10-23,3.43,3.41,3.47,3.37,93565,38458819.00,2.92,-0.58,-0.02,2.26
2012-10-24,3.40,3.54,3.57,3.37,153897,64450212.00,5.87,3.81,0.13,3.72
2012-10-25,3.49,3.42,3.62,3.41,122980,51489189.00,5.93,-3.39,-0.12,2.97
2012-10-26,3.40,3.19,3.42,3.19,111097,43942650.00,6.73,-6.73,-0.23,2.68
2012-10-29,3.13,3.20,3.23,3.13,50033,19390898.00,3.13,0.31,0.01,1.21
2012-10-30,3.20,3.18,3.24,3.15,37881,14640702.00,2.81,-0.63,-0.02,0.92
2012-10-31,3.20,3.19,3.20,3.10,38119,14605495.00,3.14,0.31,0.01,0.92
2012-11-01,3.19,3.28,3.29,3.17,56813,22339930.00,3.76,2.82,0.09,1.37
2012-11-02,3.29,3.29,3.34,3.25,39710,15759989.00,2.74,0.30,0.01,0.96
2012-11-05,3.28,3.24,3.32,3.22,40887,16113230.00,3.04,-1.52,-0.05,0.99
2012-11-06,3.24,3.16,3.24,3.10,49409,18919812.00,4.32,-2.47,-0.08,1.19
2012-11-07,3.17,3.17,3.21,3.12,47945,18396868.00,2.85,0.32,0.01,1.16
2012-11-08,3.14,3.03,3.15,3.02,46264,17449794.00,4.10,-4.42,-0.14,1.12
2012-11-09,3.03,3.03,3.10,3.02,24319,9074339.00,2.64,0.00,0.00,0.59
2012-11-12,3.00,3.07,3.08,3.00,21255,7923380.00,2.64,1.32,0.04,0.51
2012-11-13,3.08,3.13,3.25,3.05,82151,31602837.00,6.51,1.95,0.06,1.99
2012-11-14,3.11,3.08,3.11,3.03,45259,16933806.00,2.56,-1.60,-0.05,1.09
2012-11-15,3.06,2.98,3.08,2.95,23475,8671236.00,4.22,-3.25,-0.10,0.57
2012-11-16,2.96,3.02,3.03,2.87,33497,12142394.00,5.37,1.34,0.04,0.81
2012-11-19,3.02,3.04,3.06,2.96,32945,12173009.00,3.31,0.66,0.02,0.80
2012-11-20,3.06,3.02,3.08,3.02,22850,8532478.00,1.97,-0.66,-0.02,0.55
2012-11-21,3.00,3.08,3.10,2.98,27448,10262053.00,3.97,1.99,0.06,0.66
2012-11-22,3.08,3.08,3.12,3.04,29389,11080227.00,2.60,0.00,0.00,0.71
2012-11-23,3.08,3.08,3.13,3.07,31128,11781904.00,1.95,0.00,0.00,0.75
2012-11-26,3.07,2.97,3.09,2.94,27572,10164094.00,4.87,-3.57,-0.11,0.67
2012-11-27,2.97,2.81,2.97,2.81,23841,8448262.00,5.39,-5.39,-0.16,0.58
2012-11-28,2.81,2.74,2.82,2.70,19895,6813372.00,4.27,-2.49,-0.07,0.48
2012-11-29,2.80,2.72,2.80,2.70,15399,5269491.00,3.65,-0.73,-0.02,0.37
2012-11-30,2.74,2.76,2.78,2.69,19337,6617180.00,3.31,1.47,0.04,0.47
2012-12-03,2.72,2.72,2.81,2.71,21507,7401174.00,3.62,-1.45,-0.04,0.52
2012-12-04,2.70,2.76,2.76,2.59,30985,10370862.00,6.25,1.47,0.04,0.75
2012-12-05,2.73,2.84,2.93,2.73,62984,22236976.00,7.25,2.90,0.08,1.52
2012-12-06,2.82,2.80,2.86,2.79,28004,9786785.00,2.46,-1.41,-0.04,0.68
2012-12-07,2.82,2.90,2.95,2.77,51939,18420397.00,6.43,3.57,0.10,1.26
2012-12-10,2.95,2.96,2.99,2.88,61430,22295817.00,3.79,2.07,0.06,1.48
2012-12-11,2.95,2.94,2.97,2.90,49517,17884217.00,2.36,-0.68,-0.02,1.20
2012-12-12,2.92,2.98,3.12,2.91,100290,36819102.00,7.14,1.36,0.04,2.42
2012-12-13,2.97,2.87,3.07,2.86,69591,25289976.00,7.05,-3.69,-0.11,1.68
2012-12-14,2.85,2.98,3.02,2.83,80954,29409677.00,6.62,3.83,0.11,1.96
2012-12-17,2.97,3.00,3.07,2.97,71800,26519864.00,3.36,0.67,0.02,1.74
2012-12-18,3.00,2.98,3.06,2.96,60829,22449913.00,3.33,-0.67,-0.02,1.47
2012-12-19,3.01,3.01,3.05,2.95,49959,18413322.00,3.36,1.01,0.03,1.21
2012-12-20,3.00,2.95,3.00,2.89,64805,23473308.00,3.65,-1.99,-0.06,1.57
2012-12-21,2.96,2.91,2.99,2.89,60324,21792132.00,3.39,-1.36,-0.04,1.46
2012-12-24,2.88,2.89,2.93,2.86,37668,13471555.00,2.41,-0.69,-0.02,0.91
2012-12-25,2.91,3.00,3.04,2.89,90362,33020302.00,5.19,3.81,0.11,2.18
2012-12-26,3.00,3.04,3.04,2.98,78150,28857997.00,2.00,1.33,0.04,1.89
2012-12-27,3.03,3.04,3.13,2.99,115945,43344224.00,4.61,0.00,0.00,2.80
2012-12-28,3.04,3.13,3.29,3.00,152707,58346558.00,9.54,2.96,0.09,3.69
2012-12-31,3.15,3.11,3.15,3.03,103009,38802087.00,3.83,-0.64,-0.02,2.49