2021-01-04,8.01,8.04,8.07,7.88,80150,64324249.00,2.36,-0.12,-0.01,1.67
2021-01-05,8.00,7.85,8.00,7.81,62935,49987155.00,2.36,-2.36,-0.19,1.32
2021-01-06,7.80,7.79,7.85,7.64,68990,53736848.00,2.68,-0.76,-0.06,1.44
2021-01-07,7.73,7.53,7.75,7.47,69522,53195700.00,3.59,-3.34,-0.26,1.45
2021-01-08,7.48,7.54,7.56,7.40,36323,27470054.00,2.12,0.13,0.01,0.76
2021-01-11,7.53,7.34,7.53,7.34,38527,28941603.00,2.52,-2.65,-0.20,0.81
2021-01-12,7.35,7.40,7.41,7.33,24116,17951228.00,1.09,0.82,0.06,0.50
2021-01-13,7.34,7.20,7.38,7.06,53071,38624351.00,4.32,-2.70,-0.20,1.11
2021-01-14,7.20,7.26,7.27,7.09,31706,23062528.00,2.50,0.83,0.06,0.66
2021-01-15,7.21,7.28,7.33,7.21,21102,15547972.00,1.65,0.28,0.02,0.44
2021-01-18,7.27,7.29,7.31,7.23,23013,16946010.00,1.10,0.14,0.01,0.48
2021-01-19,7.28,7.25,7.29,7.23,19916,14609890.00,0.82,-0.55,-0.04,0.42
2021-01-20,7.23,7.19,7.27,7.18,23118,16858269.00,1.24,-0.83,-0.06,0.48
2021-01-21,7.21,7.18,7.22,7.13,26551,19261348.00,1.25,-0.14,-0.01,0.55
2021-01-22,7.20,7.02,7.20,7.00,51876,37131124.00,2.79,-2.23,-0.16,1.08
2021-01-25,7.01,6.92,7.01,6.89,40124,28108281.00,1.71,-1.42,-0.10,0.84
2021-01-26,6.92,6.84,6.94,6.83,25221,17554746.00,1.59,-1.16,-0.08,0.53
2021-01-27,6.87,6.87,6.97,6.84,23885,16680061.00,1.90,0.44,0.03,0.50
2021-01-28,6.72,6.43,6.72,6.42,97785,64163201.00,4.37,-6.40,-0.44,2.04
2021-01-29,6.45,6.26,6.49,6.19,43593,27872730.00,4.67,-2.64,-0.17,0.91
2021-02-01,5.92,6.23,6.30,5.89,21090,13132939.00,6.55,-0.48,-0.03,0.44
2021-02-02,6.17,6.33,6.37,6.13,23563,15017077.00,3.85,1.61,0.10,0.49
2021-02-03,6.35,6.22,6.35,6.22,14058,8903738.00,2.05,-1.74,-0.11,0.29
2021-02-04,6.19,6.10,6.24,6.06,20859,12929880.00,2.89,-1.93,-0.12,0.44
2021-02-05,6.09,6.18,6.19,6.09,20695,12917013.00,1.64,1.31,0.08,0.43
2021-02-08,6.18,6.19,6.24,6.17,16401,10299236.00,1.13,0.16,0.01,0.34
2021-02-09,6.19,6.21,6.27,6.13,46504,29091682.00,2.26,0.32,0.02,0.97
2021-02-10,6.21,6.24,6.28,6.19,20380,12849762.00,1.45,0.48,0.03,0.43
2021-02-18,6.27,6.33,6.37,6.27,31736,20298229.00,1.60,1.44,0.09,0.66
2021-02-19,6.33,6.52,6.54,6.29,37014,24078682.00,3.95,3.00,0.19,0.77
2021-02-22,6.52,6.64,6.77,6.52,50764,34278976.00,3.83,1.84,0.12,1.06
2021-02-23,6.61,6.63,6.68,6.60,21985,14746351.00,1.20,-0.15,-0.01,0.46
2021-02-24,6.63,6.59,6.66,6.55,21759,14544937.00,1.66,-0.60,-0.04,0.45
2021-02-25,6.62,6.62,6.66,6.54,19748,13203538.00,1.82,0.46,0.03,0.41
2021-02-26,6.58,6.56,6.61,6.53,17031,11333119.00,1.21,-0.91,-0.06,0.36
2021-03-01,6.58,6.59,6.60,6.54,15937,10598376.00,0.91,0.46,0.03,0.33
2021-03-02,6.59,6.75,6.93,6.59,65436,44945994.00,5.16,2.43,0.16,1.37
2021-03-03,6.75,6.79,6.85,6.68,37395,25510339.00,2.52,0.59,0.04,0.78
2021-03-04,6.77,6.77,6.80,6.72,25416,17409349.00,1.18,-0.29,-0.02,0.53
2021-03-05,6.78,6.78,6.88,6.75,23403,16102302.00,1.92,0.15,0.01,0.49
2021-03-08,6.79,6.84,6.94,6.78,46978,32576094.00,2.36,0.88,0.06,0.98
2021-03-09,6.82,6.61,6.82,6.48,47722,31965357.00,4.97,-3.36,-0.23,1.00
2021-03-10,6.57,6.58,6.68,6.53,21092,14107074.00,2.27,-0.45,-0.03,0.44
2021-03-11,6.58,6.89,7.12,6.58,69259,47962162.00,8.21,4.71,0.31,1.45
2021-03-12,6.89,7.59,7.59,6.89,194846,144250338.00,10.16,10.16,0.70,4.07
2021-03-15,7.79,7.43,7.79,7.29,231855,176706902.00,6.59,-2.11,-0.16,4.85
2021-03-16,7.30,7.84,8.10,7.23,223327,173292946.00,11.71,5.52,0.41,4.67
2021-03-17,7.63,7.47,7.67,7.34,134426,101418202.00,4.21,-4.72,-0.37,2.81
2021-03-18,7.39,7.74,8.08,7.33,218713,172705239.00,10.04,3.61,0.27,4.57
2021-03-19,7.58,7.88,8.20,7.53,225423,180081974.00,8.66,1.81,0.14,4.71
2021-03-22,7.88,8.23,8.28,7.82,256476,211203787.00,5.84,4.44,0.35,5.36
2021-03-23,8.13,7.70,8.13,7.62,208060,164335536.00,6.20,-6.44,-0.53,4.35
2021-03-24,7.54,7.72,7.86,7.52,119144,92919889.00,4.42,0.26,0.02,2.49
2021-03-25,7.64,7.27,7.64,7.21,120505,89093751.00,5.57,-5.83,-0.45,2.52
2021-03-26,7.28,7.44,7.60,7.10,137255,102630230.00,6.88,2.34,0.17,2.87
2021-03-29,7.39,7.46,7.69,7.32,93505,70711392.00,4.97,0.27,0.02,1.95
2021-03-30,7.38,7.07,7.44,6.92,138604,99436620.00,6.97,-5.23,-0.39,2.90
2021-03-31,7.06,7.22,7.39,7.00,101682,74052303.00,5.52,2.12,0.15,2.12
2021-04-01,7.16,7.42,7.42,7.02,155168,114153949.00,5.54,2.77,0.20,3.24
2021-04-02,7.32,7.12,7.32,7.04,122067,87858562.00,3.77,-4.04,-0.30,2.55
2021-04-06,7.11,7.14,7.22,6.98,80383,57718188.00,3.37,0.28,0.02,1.68
2021-04-07,7.07,7.22,7.27,7.03,89926,65271853.00,3.36,1.12,0.08,1.88
2021-04-08,7.17,6.94,7.18,6.92,104021,73479354.00,3.60,-3.88,-0.28,2.17
2021-04-09,6.92,6.91,7.03,6.85,59588,41774815.00,2.59,-0.43,-0.03,1.25
2021-04-12,6.92,6.96,7.13,6.82,78873,55645188.00,4.49,0.72,0.05,1.65
2021-04-13,6.91,6.66,6.91,6.65,76432,51889669.00,3.74,-4.31,-0.30,1.60
2021-04-14,6.62,6.70,6.73,6.60,28845,19483978.00,1.95,0.60,0.04,0.60
2021-04-15,6.71,6.63,6.71,6.60,33047,22161989.00,1.64,-1.04,-0.07,0.69
2021-04-16,6.64,6.71,6.71,6.63,30288,20441979.00,1.21,1.21,0.08,0.63
2021-04-19,6.71,6.78,6.80,6.69,33886,23168787.00,1.64,1.04,0.07,0.71
2021-04-20,6.78,6.75,6.84,6.70,43886,30000961.00,2.06,-0.44,-0.03,0.92
2021-04-21,6.71,6.69,6.71,6.64,26061,17594296.00,1.04,-0.89,-0.06,0.54
2021-04-22,6.70,6.63,6.73,6.62,32244,21726437.00,1.64,-0.90,-0.06,0.67
2021-04-23,6.65,6.57,6.65,6.52,27802,18522565.00,1.96,-0.90,-0.06,0.58
2021-04-26,6.52,6.58,6.60,6.52,20543,13649177.00,1.22,0.15,0.01,0.43
2021-04-27,6.54,6.49,6.58,6.46,21422,14086033.00,1.82,-1.37,-0.09,0.45
2021-04-28,6.49,6.55,6.57,6.47,16242,10740341.00,1.54,0.92,0.06,0.34
2021-04-29,6.56,6.60,6.67,6.53,21475,14363597.00,2.14,0.76,0.05,0.45
2021-04-30,6.66,6.70,6.72,6.59,33614,22610525.00,1.97,1.52,0.10,0.70
2021-05-06,6.70,6.83,6.84,6.68,41400,28348752.00,2.39,1.94,0.13,0.87
2021-05-07,6.82,6.83,6.90,6.74,49625,34157197.00,2.34,0.00,0.00,1.04
2021-05-10,6.82,7.25,7.31,6.75,123901,88436540.00,8.20,6.15,0.42,2.59
2021-05-11,7.17,7.10,7.30,7.06,85379,61821270.00,3.31,-2.07,-0.15,1.78
2021-05-12,7.05,7.11,7.24,7.03,62603,45087628.00,2.96,0.14,0.01,1.31
2021-05-13,7.07,7.02,7.16,6.96,40217,28675307.00,2.81,-1.27,-0.09,0.84
2021-05-14,7.00,7.07,7.11,6.99,32897,23501373.00,1.71,0.71,0.05,0.69
2021-05-17,7.05,7.07,7.13,7.02,29166,20874108.00,1.56,0.00,0.00,0.61
2021-05-18,7.07,7.11,7.13,7.03,25580,18324479.00,1.41,0.57,0.04,0.53
2021-05-19,7.08,7.16,7.20,7.07,41189,29788762.00,1.83,0.70,0.05,0.86
2021-05-20,7.17,7.21,7.42,7.10,79180,58031633.00,4.47,0.70,0.05,1.65
2021-05-21,7.20,7.31,7.36,7.08,91225,66646890.00,3.88,1.39,0.10,1.91
2021-05-24,7.24,7.40,7.71,7.13,130102,97293872.00,7.93,1.23,0.09,2.72
2021-05-25,7.32,7.29,7.43,7.18,80769,59516927.00,3.38,-1.49,-0.11,1.69
2021-05-26,7.30,7.20,7.30,7.14,72306,52692074.00,2.19,-1.23,-0.09,1.51
2021-05-27,7.16,7.20,7.31,7.12,73417,53451458.00,2.64,0.00,0.00,1.53
2021-05-28,7.18,7.16,7.27,7.15,41634,30329466.00,1.67,-0.56,-0.04,0.87
2021-05-31,7.14,7.13,7.14,7.02,69582,49765946.00,1.68,-0.42,-0.03,1.45
2021-06-01,7.09,7.08,7.11,7.02,38371,27393601.00,1.26,-0.70,-0.05,0.80
2021-06-02,7.08,7.27,7.29,7.06,86174,62602480.00,3.25,2.68,0.19,1.80
2021-06-03,7.26,7.23,7.28,7.17,53530,39097721.00,1.51,-0.55,-0.04,1.12
2021-06-04,7.21,7.19,7.27,7.17,34773,25324984.00,1.38,-0.55,-0.04,0.73
2021-06-07,7.17,7.22,7.25,7.16,32338,23532127.00,1.25,0.42,0.03,0.68
2021-06-08,7.24,7.20,7.26,7.13,42801,31174570.00,1.80,-0.28,-0.02,0.89
2021-06-09,7.19,7.30,7.34,7.17,54893,40283078.00,2.36,1.39,0.10,1.15
2021-06-10,7.33,7.28,7.33,7.25,34015,25036656.00,1.10,-0.27,-0.02,0.71
2021-06-11,7.28,7.21,7.36,7.20,46332,34155157.00,2.20,-0.96,-0.07,0.97
2021-06-15,7.20,6.96,7.21,6.95,50597,36057848.00,3.61,-3.47,-0.25,1.06
2021-06-16,6.96,6.89,7.01,6.87,23431,16368354.00,2.01,-1.01,-0.07,0.49
2021-06-17,6.89,6.91,6.94,6.87,11860,8295307.00,1.02,0.29,0.02,0.25
2021-06-18,6.94,7.00,7.01,6.89,15992,11152294.00,1.74,1.30,0.09,0.33
2021-06-21,7.00,7.08,7.09,6.99,19636,13879801.00,1.43,1.14,0.08,0.41
2021-06-22,7.09,7.09,7.11,7.02,31539,22300545.00,1.27,0.14,0.01,0.66
2021-06-23,7.10,7.09,7.13,7.05,26803,19015860.00,1.13,0.00,0.00,0.56
2021-06-24,7.11,7.08,7.14,7.04,29399,20867389.00,1.41,-0.14,-0.01,0.61
2021-06-25,7.07,7.04,7.07,6.97,28776,20241675.00,1.41,-0.56,-0.04,0.60
2021-06-28,7.10,7.29,7.37,7.10,91093,66349423.00,3.84,3.55,0.25,1.90
2021-06-29,7.29,7.14,7.29,7.13,44369,31898408.00,2.19,-2.06,-0.15,0.93
2021-06-30,7.12,7.11,7.16,7.05,28816,20463465.00,1.54,-0.42,-0.03,0.60
2021-07-01,7.11,7.00,7.11,7.00,23871,16852722.00,1.55,-1.55,-0.11,0.50
2021-07-02,7.00,6.95,7.00,6.93,23662,16480065.00,1.00,-0.71,-0.05,0.49
2021-07-05,6.95,6.96,6.96,6.89,18468,12817234.00,1.01,0.14,0.01,0.39
2021-07-06,6.96,7.02,7.05,6.92,21237,14890453.00,1.87,0.86,0.06,0.44
2021-07-07,6.98,6.97,7.01,6.91,20376,14197957.00,1.42,-0.71,-0.05,0.43
2021-07-08,6.98,6.91,7.06,6.89,26512,18454979.00,2.44,-0.86,-0.06,0.55
2021-07-09,6.90,6.93,6.93,6.86,32519,22428616.00,1.01,0.29,0.02,0.68
2021-07-12,6.93,6.88,6.99,6.87,48502,33580165.00,1.73,-0.72,-0.05,1.01
2021-07-13,6.89,6.98,6.98,6.79,49177,33934448.00,2.76,1.45,0.10,1.03
2021-07-14,6.97,7.01,7.16,6.96,66685,47111060.00,2.87,0.43,0.03,1.39
2021-07-15,6.97,6.90,6.98,6.83,34664,23883435.00,2.14,-1.57,-0.11,0.72
2021-07-16,6.90,6.88,6.93,6.86,30309,20891762.00,1.01,-0.29,-0.02,0.63
2021-07-19,6.87,6.85,6.91,6.82,19854,13622506.00,1.31,-0.44,-0.03,0.41
2021-07-20,6.83,6.85,6.85,6.79,20151,13743554.00,0.88,0.00,0.00,0.42
2021-07-21,6.86,6.85,6.90,6.84,19517,13414288.00,0.88,0.00,0.00,0.41
2021-07-22,6.85,6.85,6.89,6.81,23407,16046682.00,1.17,0.00,0.00,0.49
2021-07-23,6.85,6.74,6.87,6.71,34079,23108712.00,2.34,-1.61,-0.11,0.71
2021-07-26,6.71,6.70,6.73,6.61,25283,16935999.00,1.78,-0.59,-0.04,0.53
2021-07-27,6.69,6.67,6.73,6.64,27459,18404916.00,1.34,-0.45,-0.03,0.57
2021-07-28,6.65,6.53,6.72,6.45,27721,18220870.00,4.05,-2.10,-0.14,0.58
2021-07-29,6.57,6.59,6.62,6.57,20045,13231263.00,0.77,0.92,0.06,0.42
2021-07-30,6.64,6.77,6.80,6.64,37653,25376265.00,2.43,2.73,0.18,0.79
2021-08-02,6.77,6.84,6.84,6.71,33896,23021750.00,1.92,1.03,0.07,0.71
2021-08-03,6.81,6.81,6.87,6.78,27551,18830279.00,1.32,-0.44,-0.03,0.58
2021-08-04,6.80,6.80,6.83,6.76,18509,12588851.00,1.03,-0.15,-0.01,0.39
2021-08-05,6.80,6.72,6.80,6.70,23042,15561451.00,1.47,-1.18,-0.08,0.48
2021-08-06,6.70,6.74,6.74,6.66,16231,10889056.00,1.19,0.30,0.02,0.34
2021-08-09,6.75,6.87,6.88,6.75,32324,22132685.00,1.93,1.93,0.13,0.68
2021-08-10,6.88,6.87,6.89,6.84,25221,17327802.00,0.73,0.00,0.00,0.53
2021-08-11,6.85,6.92,6.94,6.85,28661,19822789.00,1.31,0.73,0.05,0.60
2021-08-12,6.92,6.88,6.92,6.86,24922,17179745.00,0.87,-0.58,-0.04,0.52
2021-08-13,6.88,6.88,6.89,6.81,28428,19487266.00,1.16,0.00,0.00,0.59
2021-08-16,6.88,6.84,6.92,6.81,25698,17662259.00,1.60,-0.58,-0.04,0.54
2021-08-17,6.86,6.74,6.94,6.74,35367,24205698.00,2.92,-1.46,-0.10,0.74
2021-08-18,6.74,6.78,6.82,6.72,23051,15629924.00,1.48,0.59,0.04,0.48
2021-08-19,6.78,6.87,6.90,6.75,39672,27092483.00,2.21,1.33,0.09,0.83
2021-08-20,6.86,6.78,6.88,6.73,46351,31522449.00,2.18,-1.31,-0.09,0.97
2021-08-23,6.73,6.91,6.95,6.73,59561,41146492.00,3.24,1.92,0.13,1.24
2021-08-24,6.93,7.03,7.08,6.90,66834,46891541.00,2.60,1.74,0.12,1.40
2021-08-25,6.98,7.05,7.14,6.96,45265,31864923.00,2.56,0.28,0.02,0.95
2021-08-26,7.03,7.11,7.16,7.00,64368,45797965.00,2.27,0.85,0.06,1.35
2021-08-27,7.05,7.05,7.14,7.00,35036,24770375.00,1.97,-0.84,-0.06,0.73
2021-08-30,7.05,7.11,7.16,7.00,57531,40805193.00,2.27,0.85,0.06,1.20
2021-08-31,6.94,6.91,7.18,6.84,80501,55814217.00,4.78,-2.81,-0.20,1.68
2021-09-01,6.94,6.97,7.11,6.89,84158,58903764.00,3.18,0.87,0.06,1.76
2021-09-02,6.96,7.21,7.22,6.91,107487,76924141.00,4.45,3.44,0.24,2.25
2021-09-03,7.19,7.32,7.34,7.12,127425,92829565.00,3.05,1.53,0.11,2.66
2021-09-06,7.34,7.34,7.44,7.21,110068,80712547.00,3.14,0.27,0.02,2.30
2021-09-07,7.33,7.39,7.47,7.26,107515,79726994.00,2.86,0.68,0.05,2.25
2021-09-08,7.50,7.70,7.74,7.49,197219,150894296.00,3.38,4.19,0.31,4.12
2021-09-09,7.69,7.59,7.69,7.50,117031,88814362.00,2.47,-1.43,-0.11,2.45
2021-09-10,7.54,7.39,7.64,7.37,126340,94659450.00,3.56,-2.64,-0.20,2.64
2021-09-13,7.48,7.47,7.48,7.28,71237,52817069.00,2.71,1.08,0.08,1.49
2021-09-14,7.46,7.25,7.53,7.23,82296,60544497.00,4.02,-2.95,-0.22,1.72
2021-09-15,7.28,7.39,7.48,7.24,76222,56327794.00,3.31,1.93,0.14,1.59
2021-09-16,7.41,7.30,7.54,7.26,68975,51074282.00,3.79,-1.22,-0.09,1.44
2021-09-17,7.30,7.48,7.63,7.20,135184,101248880.00,5.89,2.47,0.18,2.83
2021-09-22,7.49,7.98,8.04,7.45,282013,221100543.00,7.89,6.68,0.50,5.89
2021-09-23,7.94,8.12,8.34,7.86,287406,232542801.00,6.02,1.75,0.14,6.01
2021-09-24,8.16,7.95,8.22,7.87,161061,128778077.00,4.31,-2.09,-0.17,3.37
2021-10-18,8.75,8.75,8.75,8.75,25208,22081858.00,0.00,10.06,0.80,0.53
2021-10-19,9.63,9.63,9.63,9.63,8382,8080258.00,0.00,10.06,0.88,0.18
2021-10-20,10.59,10.59,10.59,10.59,21179,22449613.00,0.00,9.97,0.96,0.44
2021-10-21,11.65,11.65,11.65,11.65,25910,30211142.00,0.00,10.01,1.06,0.54
2021-10-22,12.82,12.82,12.82,12.82,26651,34192758.00,0.00,10.04,1.17,0.56
2021-10-25,14.10,14.10,14.10,14.10,13267,18719793.00,0.00,9.98,1.28,0.28
2021-10-26,15.51,15.51,15.51,15.51,21798,33829720.00,0.00,10.00,1.41,0.46
2021-10-27,17.06,17.06,17.06,17.06,58552,99948093.00,0.00,9.99,1.55,1.22
2021-10-28,18.77,18.77,18.77,18.77,50877,95547870.00,0.00,10.02,1.71,1.06
2021-10-29,20.65,20.65,20.65,20.30,1162352,2401070160.00,1.86,10.02,1.88,24.29
2021-11-01,20.79,18.70,20.89,18.58,1438134,2789053424.00,11.19,-9.44,-1.95,30.05
2021-11-02,18.35,18.10,19.30,18.07,984724,1829169184.00,6.58,-3.21,-0.60,20.58
2021-11-03,17.84,18.38,18.38,17.01,887202,1564851536.00,7.57,1.55,0.28,18.54
2021-11-04,17.99,18.66,19.29,17.79,934191,1734183904.00,8.16,1.52,0.28,19.52
2021-11-05,18.19,18.93,19.58,17.49,932779,1732969392.00,11.20,1.45,0.27,19.49
2021-11-08,18.62,18.27,18.65,17.09,688641,1233267920.00,8.24,-3.49,-0.66,14.39
2021-11-09,18.66,17.91,19.65,17.79,728085,1366972576.00,10.18,-1.97,-0.36,15.22
2021-11-10,17.30,19.24,19.70,17.13,829872,1517079872.00,14.35,7.43,1.33,17.34
2021-11-11,18.49,18.89,20.33,18.14,955544,1827822960.00,11.38,-1.82,-0.35,19.97
2021-11-12,18.80,20.19,20.78,18.66,1042716,2085529312.00,11.22,6.88,1.30,21.79
2021-11-15,19.89,19.26,21.75,19.09,980872,2013683168.00,13.17,-4.61,-0.93,20.50
2021-11-16,18.91,18.30,19.87,18.27,618256,1173312576.00,8.31,-4.98,-0.96,12.92
2021-11-17,18.14,18.44,18.78,17.80,478342,872811008.00,5.36,0.77,0.14,10.00
2021-11-18,18.43,17.79,18.43,17.46,477697,856312752.00,5.26,-3.52,-0.65,9.98
2021-11-19,17.80,17.82,17.98,17.28,343461,606642944.00,3.93,0.17,0.03,7.18
2021-11-22,17.82,18.09,18.22,17.33,378728,675685536.00,4.99,1.52,0.27,7.91
2021-11-23,17.97,17.24,18.20,17.19,429361,756634720.00,5.58,-4.70,-0.85,8.97
2021-11-24,17.44,16.99,17.77,16.37,488472,836164816.00,8.12,-1.45,-0.25,10.21
2021-11-25,17.09,17.05,17.54,16.87,350798,603824992.00,3.94,0.35,0.06,7.33
2021-11-26,16.80,16.44,16.83,15.51,645067,1042526240.00,7.74,-3.58,-0.61,13.48
2021-11-29,15.99,16.23,16.60,15.91,298550,484584688.00,4.20,-1.28,-0.21,6.24
2021-11-30,16.34,16.38,16.86,16.22,299675,496640240.00,3.94,0.92,0.15,6.26
2021-12-01,15.99,16.44,16.63,15.96,262350,427316816.00,4.09,0.37,0.06,5.48
2021-12-02,16.35,15.98,16.61,15.87,243880,396056736.00,4.50,-2.80,-0.46,5.10
2021-12-03,15.99,17.06,17.56,15.90,635622,1080101360.00,10.39,6.76,1.08,13.28
2021-12-06,17.06,17.54,18.17,16.89,548027,961162192.00,7.50,2.81,0.48,11.45
2021-12-07,17.71,17.23,17.99,16.51,428912,741126192.00,8.44,-1.77,-0.31,8.96
2021-12-08,18.49,18.95,18.95,18.49,174419,329113632.00,2.67,9.98,1.72,3.64
2021-12-09,19.28,19.29,19.90,18.32,751773,1440712976.00,8.34,1.79,0.34,15.71
2021-12-10,19.09,18.71,19.54,18.39,425177,800761200.00,5.96,-3.01,-0.58,8.89
2021-12-13,18.49,20.23,20.58,18.37,641488,1264043328.00,11.81,8.12,1.52,13.41
2021-12-14,19.98,20.27,20.83,19.29,477198,956304848.00,7.61,0.20,0.04,9.97
2021-12-15,19.98,19.27,21.49,19.21,656842,1350751376.00,11.25,-4.93,-1.00,13.73
2021-12-16,19.25,19.09,19.52,18.60,433862,824522544.00,4.77,-0.93,-0.18,9.07
2021-12-17,18.89,18.79,19.62,18.78,337365,648188064.00,4.40,-1.57,-0.30,7.05
2021-12-20,18.99,18.46,19.06,17.76,327133,601083088.00,6.92,-1.76,-0.33,6.84
2021-12-21,18.27,18.44,18.69,18.05,203886,374882784.00,3.47,-0.11,-0.02,4.26
2021-12-22,18.36,18.84,20.29,18.21,378886,727644464.00,11.28,2.17,0.40,7.92
2021-12-23,18.79,19.63,19.79,18.19,330682,632674160.00,8.49,4.19,0.79,6.91
2021-12-24,19.30,20.16,21.10,19.19,496315,1006266176.00,9.73,2.70,0.53,10.37
2021-12-27,20.35,21.49,22.18,20.00,677684,1452775840.00,10.81,6.60,1.33,14.16
2021-12-28,20.99,20.17,21.09,19.58,450002,910684928.00,7.03,-6.14,-1.32,9.40
2021-12-29,20.13,20.70,20.93,18.99,343775,687523200.00,9.62,2.63,0.53,7.18
2021-12-30,20.29,20.07,20.95,19.88,209917,425676784.00,5.17,-3.04,-0.63,4.39
2021-12-31,19.90,19.86,20.78,19.70,201726,408256176.00,5.38,-1.05,-0.21,4.22