2023-01-03,75.99,80.50,81.22,75.50,15655,124239499.00,7.53,5.92,4.50,9.63
2023-01-04,80.49,80.39,80.60,78.14,7238,57712945.00,3.06,-0.14,-0.11,4.45
2023-01-05,80.00,84.24,85.45,79.68,16001,133534814.00,7.18,4.79,3.85,9.84
2023-01-06,83.50,84.25,85.34,82.56,9434,79290012.00,3.30,0.01,0.01,5.80
2023-01-09,84.33,83.54,84.87,83.00,5462,45587303.00,2.22,-0.84,-0.71,3.36
2023-01-10,83.44,82.71,83.90,82.22,6223,51592658.00,2.01,-0.99,-0.83,3.83
2023-01-11,82.61,81.70,84.50,81.51,5402,44791452.00,3.62,-1.22,-1.01,3.32
2023-01-12,81.48,82.45,82.97,81.48,5658,46603414.00,1.82,0.92,0.75,3.48
2023-01-13,83.01,85.90,86.96,82.10,9721,83306408.00,5.89,4.18,3.45,5.98
2023-01-16,85.30,89.81,91.75,85.30,14281,128411580.00,7.51,4.55,3.91,8.78
2023-01-17,88.83,87.08,89.89,87.00,8776,77382293.00,3.22,-3.04,-2.73,5.40
2023-01-18,87.09,85.40,87.77,85.18,4560,39369580.00,2.97,-1.93,-1.68,2.80
2023-01-19,86.01,87.84,88.28,84.76,5381,46875009.00,4.12,2.86,2.44,3.31
2023-01-20,87.30,86.61,88.47,86.17,5159,44911186.00,2.62,-1.40,-1.23,3.17
2023-01-30,87.80,85.05,87.80,84.54,5860,50174211.00,3.76,-1.80,-1.56,3.60
2023-01-31,84.97,83.30,85.44,82.80,6646,55665487.00,3.10,-2.06,-1.75,4.09
2023-02-01,83.26,84.86,84.95,82.90,4766,40010826.00,2.46,1.87,1.56,2.93
2023-02-02,84.86,85.18,86.98,84.22,6730,57579603.00,3.25,0.38,0.32,4.14
2023-02-03,85.00,86.30,87.55,84.11,7099,60772993.00,4.04,1.31,1.12,4.36
2023-02-06,85.78,84.20,85.78,83.33,5277,44394658.00,2.84,-2.43,-2.10,3.24
2023-02-07,84.00,82.50,85.22,82.03,6847,56766086.00,3.79,-2.02,-1.70,4.21
2023-02-08,83.00,82.94,84.00,82.04,3393,28218888.00,2.38,0.53,0.44,2.09