2017-11-10,7.74,9.55,9.55,7.74,242,314089.00,29.01,53.04,3.31,0.03
2017-11-13,10.63,10.63,10.63,10.63,120,171480.00,0.00,11.31,1.08,0.02
2017-11-14,11.82,11.82,11.82,11.82,80,125760.00,0.00,11.19,1.19,0.01
2017-11-15,13.13,13.13,13.13,13.13,195,336671.00,0.00,11.08,1.31,0.03
2017-11-16,14.57,14.57,14.57,14.57,312,593424.00,0.00,10.97,1.44,0.04
2017-11-17,16.16,16.16,16.16,16.16,1446,3023986.00,0.00,10.91,1.59,0.19
2017-11-20,17.90,17.90,17.90,17.90,2242,5157853.00,0.00,10.77,1.74,0.29
2017-11-21,19.46,16.48,19.46,16.16,365925,821734816.00,18.44,-7.93,-1.42,48.15
2017-11-22,16.08,18.26,18.26,15.47,317523,694987856.00,16.93,10.80,1.78,41.78
2017-11-23,17.89,18.24,20.21,17.33,443405,1052273232.00,15.77,-0.11,-0.02,58.34
2017-11-24,16.72,16.29,18.22,16.29,264700,576737408.00,10.58,-10.69,-1.95,34.83
2017-11-27,15.66,14.53,16.06,14.53,210451,415885136.00,9.39,-10.80,-1.76,27.69
2017-11-28,14.39,14.65,15.17,14.36,142772,273737056.00,5.57,0.83,0.12,18.79
2017-11-29,14.56,14.46,14.81,13.47,188163,349262272.00,9.15,-1.30,-0.19,24.76
2017-11-30,14.53,14.97,15.54,14.36,207291,406563520.00,8.16,3.53,0.51,27.28
2017-12-01,14.56,14.54,14.81,13.90,132071,249421642.00,6.08,-2.87,-0.43,17.38
2017-12-04,14.06,13.12,14.37,12.98,140154,249924655.00,9.56,-9.77,-1.42,18.44
2017-12-05,12.95,12.68,13.27,12.46,87702,148278369.00,6.17,-3.35,-0.44,11.54
2017-12-06,12.62,12.97,13.05,12.43,75718,127685312.00,4.89,2.29,0.29,9.96
2017-12-07,12.85,12.62,12.95,12.58,60926,102423391.00,2.85,-2.70,-0.35,8.02
2017-12-08,12.56,12.87,13.17,12.47,87841,149900713.00,5.55,1.98,0.25,11.56
2017-12-11,12.90,12.93,13.01,12.75,66481,112914512.00,2.02,0.47,0.06,8.75
2017-12-12,12.84,12.09,12.85,12.06,86423,142067762.00,6.11,-6.50,-0.84,11.37
2017-12-13,12.05,12.17,12.30,11.96,40651,65505453.00,2.81,0.66,0.08,5.35
2017-12-14,12.23,12.45,12.64,12.07,74656,122742731.00,4.68,2.30,0.28,9.82
2017-12-15,12.32,12.43,12.66,12.15,61444,100887188.00,4.10,-0.16,-0.02,8.08
2017-12-18,12.35,12.38,12.53,12.11,47106,76821531.00,3.38,-0.40,-0.05,6.20
2017-12-19,12.23,12.54,12.69,12.23,53037,87495809.00,3.72,1.29,0.16,6.98
2017-12-20,12.46,12.12,12.52,12.07,49493,80392328.00,3.59,-3.35,-0.42,6.51
2017-12-21,12.05,11.87,12.06,11.66,55154,87068034.00,3.30,-2.06,-0.25,7.26
2017-12-22,11.96,11.85,12.19,11.84,39172,62442557.00,2.95,-0.17,-0.02,5.15
2017-12-25,11.70,11.82,11.88,11.25,68632,105864954.00,5.32,-0.25,-0.03,9.03
2017-12-26,11.68,12.77,13.06,11.61,134277,222147301.00,12.27,8.04,0.95,17.67
2017-12-27,12.52,12.92,13.33,12.52,152407,259913464.00,6.34,1.17,0.15,20.05
2017-12-28,12.67,13.38,13.45,12.62,155360,269461744.00,6.42,3.56,0.46,20.44
2017-12-29,13.20,13.02,13.42,12.91,93878,162333603.00,3.81,-2.69,-0.36,12.35