2019-01-02,8.62,8.45,8.81,8.44,50608,58981601.00,4.51,2.92,0.24,3.92
2019-01-03,8.27,8.31,8.44,8.24,20220,22866454.00,2.37,-1.66,-0.14,1.57
2019-01-04,8.13,8.47,8.51,8.12,21900,24907325.00,4.69,1.93,0.16,1.70
2019-01-07,8.50,8.61,8.61,8.45,21348,24733073.00,1.89,1.65,0.14,1.66
2019-01-08,8.61,8.52,8.61,8.50,13440,15544751.00,1.28,-1.05,-0.09,1.04
2019-01-09,8.52,8.55,8.68,8.51,22738,26524978.00,2.00,0.35,0.03,1.76
2019-01-10,8.56,8.47,8.62,8.45,14635,16909119.00,1.99,-0.94,-0.08,1.13
2019-01-11,8.52,8.60,8.60,8.45,17188,19866808.00,1.77,1.53,0.13,1.33
2019-01-14,8.60,8.51,8.63,8.48,15614,18084797.00,1.74,-1.05,-0.09,1.21
2019-01-15,8.52,8.73,8.77,8.50,27488,32196802.00,3.17,2.59,0.22,2.13
2019-01-16,8.73,8.68,8.74,8.63,16792,19722025.00,1.26,-0.57,-0.05,1.30
2019-01-17,8.72,8.50,8.72,8.49,16371,19017229.00,2.65,-2.07,-0.18,1.27
2019-01-18,8.51,8.70,8.71,8.51,19547,22844239.00,2.35,2.35,0.20,1.52
2019-01-21,8.77,8.70,8.77,8.64,17047,20076543.00,1.49,0.00,0.00,1.32
2019-01-22,8.72,8.67,8.77,8.62,15986,18795141.00,1.72,-0.34,-0.03,1.24
2019-01-23,8.62,8.85,8.86,8.62,32079,38025173.00,2.77,2.08,0.18,2.49
2019-01-24,8.79,8.82,8.84,8.75,19936,23699586.00,1.02,-0.34,-0.03,1.55
2019-01-25,8.77,8.67,8.83,8.66,20092,23712262.00,1.93,-1.70,-0.15,1.56
2019-01-28,8.77,8.65,8.87,8.62,16481,19458138.00,2.88,-0.23,-0.02,1.28
2019-01-29,8.59,8.50,8.68,8.30,15666,18065732.00,4.39,-1.73,-0.15,1.21
2019-01-30,8.51,8.51,8.63,8.47,12537,14532024.00,1.88,0.12,0.01,0.97
2019-01-31,8.41,8.18,8.51,8.12,26229,29593104.00,4.58,-3.88,-0.33,2.03
2019-02-01,8.20,8.33,8.37,8.20,13354,15098977.00,2.08,1.83,0.15,1.04
2019-02-11,8.38,8.53,8.57,8.37,19756,22764931.00,2.40,2.40,0.20,1.53
2019-02-12,8.61,8.63,8.66,8.52,21341,24855295.00,1.64,1.17,0.10,1.65
2019-02-13,8.70,8.72,8.76,8.65,32103,37865664.00,1.27,1.04,0.09,2.49
2019-02-14,8.72,8.78,8.82,8.70,26475,31339505.00,1.38,0.69,0.06,2.05
2019-02-15,8.78,8.70,8.78,8.66,23811,28048632.00,1.37,-0.91,-0.08,1.85
2019-02-18,8.77,8.95,8.97,8.75,44032,52710386.00,2.53,2.87,0.25,3.41
2019-02-19,8.97,8.94,9.03,8.83,35936,43263895.00,2.23,-0.11,-0.01,2.79
2019-02-20,8.92,9.15,9.27,8.90,69667,85603294.00,4.14,2.35,0.21,5.40
2019-02-21,9.07,8.96,9.17,8.92,48004,58551637.00,2.73,-2.08,-0.19,3.72
2019-02-22,8.99,9.05,9.06,8.84,39396,47515539.00,2.46,1.00,0.09,3.06
2019-02-25,9.08,9.39,9.42,9.07,82070,102106504.00,3.87,3.76,0.34,6.36
2019-02-26,9.38,9.31,9.51,9.22,65268,81986775.00,3.09,-0.85,-0.08,5.06
2019-02-27,9.32,9.23,9.39,9.16,40910,51016153.00,2.47,-0.86,-0.08,3.17
2019-02-28,9.23,9.26,9.35,9.20,25564,31812600.00,1.63,0.33,0.03,1.98
2019-03-01,9.24,9.33,9.47,9.22,32858,41199392.00,2.70,0.76,0.07,2.55
2019-03-04,9.38,9.37,9.61,9.32,59598,75326024.00,3.11,0.43,0.04,4.62
2019-03-05,9.59,9.95,10.00,9.55,103888,136413030.00,4.80,6.19,0.58,8.06
2019-03-06,9.97,9.95,10.02,9.69,80374,105560788.00,3.32,0.00,0.00,6.23
2019-03-07,9.88,10.02,10.13,9.72,80972,107101930.00,4.12,0.70,0.07,6.28
2019-03-08,9.82,9.43,9.89,9.42,72173,93619057.00,4.69,-5.89,-0.59,5.60
2019-03-11,9.47,9.77,9.78,9.47,39637,51209896.00,3.29,3.61,0.34,3.07
2019-03-12,9.82,9.86,9.92,9.67,63305,83233027.00,2.56,0.92,0.09,4.91
2019-03-13,9.86,9.77,9.97,9.71,54733,72041231.00,2.64,-0.91,-0.09,4.24
2019-03-14,9.77,9.58,9.86,9.49,39582,51007182.00,3.79,-1.94,-0.19,3.07
2019-03-15,9.59,9.72,9.77,9.59,27441,35604901.00,1.88,1.46,0.14,2.13
2019-03-18,9.72,9.99,10.00,9.67,48972,64623239.00,3.40,2.78,0.27,3.80
2019-03-19,10.04,10.45,10.52,9.93,113785,155545208.00,5.91,4.60,0.46,8.82
2019-03-20,10.49,10.55,10.62,10.17,87012,120183874.00,4.31,0.96,0.10,6.75
2019-03-21,10.47,10.45,10.70,10.40,64096,89555934.00,2.84,-0.95,-0.10,4.97
2019-03-22,10.47,10.63,10.76,10.38,60014,84455508.00,3.64,1.72,0.18,4.65
2019-03-25,10.44,10.45,10.86,10.27,70455,98885536.00,5.55,-1.69,-0.18,5.46
2019-03-26,10.56,10.39,10.71,10.35,43807,61055590.00,3.44,-0.57,-0.06,3.40
2019-03-27,10.50,10.76,10.80,10.36,65657,92284459.00,4.23,3.56,0.37,5.09
2019-03-28,10.39,10.26,10.52,10.08,86006,117817195.00,4.09,-4.65,-0.50,6.67
2019-03-29,10.22,10.35,10.41,10.06,50661,69271405.00,3.41,0.88,0.09,3.93
2019-04-01,10.43,11.17,11.31,10.43,164370,237243049.00,8.50,7.92,0.82,12.75
2019-04-02,11.47,11.84,12.12,11.38,156921,241420712.00,6.62,6.00,0.67,12.17
2019-04-03,11.72,11.92,12.18,11.65,77503,121047967.00,4.48,0.68,0.08,6.01
2019-04-04,12.18,11.74,12.22,11.72,53030,82590013.00,4.19,-1.51,-0.18,4.11
2019-04-08,11.96,11.57,12.10,11.21,73160,111863197.00,7.58,-1.45,-0.17,5.67
2019-04-09,11.60,11.34,11.64,11.22,44140,65905035.00,3.63,-1.99,-0.23,3.42
2019-04-10,11.24,11.38,11.43,11.20,32294,48139954.00,2.03,0.35,0.04,2.50
2019-04-11,11.37,11.02,11.47,11.02,40191,59422739.00,3.95,-3.16,-0.36,3.12
2019-04-12,11.02,11.03,11.14,10.92,21538,31310023.00,2.00,0.09,0.01,1.67
2019-04-15,11.31,10.97,11.31,10.97,26099,38412319.00,3.08,-0.54,-0.06,2.02
2019-04-16,10.97,11.06,11.08,10.57,31175,44750997.00,4.65,0.82,0.09,2.42
2019-04-17,11.07,11.28,11.39,11.07,34606,51344003.00,2.89,1.99,0.22,2.68
2019-04-18,11.22,11.77,11.87,11.12,69479,106137714.00,6.65,4.34,0.49,5.39
2019-04-19,11.79,11.52,11.89,11.32,39121,59094218.00,4.84,-2.12,-0.25,3.03
2019-04-22,11.49,11.37,11.63,11.28,21438,32245803.00,3.04,-1.30,-0.15,1.66
2019-04-23,11.39,10.97,11.39,10.97,26648,39079010.00,3.69,-3.52,-0.40,2.07
2019-04-24,10.97,11.15,11.17,10.92,17078,24867174.00,2.28,1.64,0.18,1.32
2019-04-25,11.16,10.55,11.22,10.54,27525,39420257.00,6.10,-5.38,-0.60,2.13
2019-04-26,10.47,10.25,10.59,10.21,27530,37723132.00,3.60,-2.84,-0.30,2.13
2019-04-29,10.22,9.64,10.33,9.62,40304,53112433.00,6.93,-5.95,-0.61,3.13
2019-04-30,9.64,9.74,9.85,9.64,19550,25474178.00,2.18,1.04,0.10,1.52
2019-05-06,9.32,9.26,9.55,9.16,30632,38453748.00,4.00,-4.93,-0.48,2.38
2019-05-07,9.29,9.44,9.44,9.16,22682,28366493.00,3.02,1.94,0.18,1.76
2019-05-08,9.22,9.55,9.62,9.14,19583,24814753.00,5.08,1.17,0.11,1.52
2019-05-09,9.45,9.48,9.62,9.37,15816,20144671.00,2.62,-0.73,-0.07,1.23
2019-05-10,9.61,9.78,9.82,9.28,24821,32131750.00,5.70,3.16,0.30,1.92
2019-05-13,9.73,9.80,10.02,9.60,19958,26185975.00,4.29,0.20,0.02,1.55
2019-05-14,9.72,9.69,9.81,9.50,15157,19680432.00,3.16,-1.12,-0.11,1.18
2019-05-15,9.83,9.74,9.83,9.60,19806,25248244.00,2.37,0.52,0.05,1.54
2019-05-16,9.74,9.72,9.84,9.71,20088,25721080.00,1.33,-0.21,-0.02,1.56
2019-05-17,9.76,9.22,9.80,9.19,20053,24981604.00,6.28,-5.14,-0.50,1.56
2019-05-20,9.25,9.42,9.50,9.19,14381,17720003.00,3.36,2.17,0.20,1.12
2019-05-21,9.42,9.47,9.53,9.35,12576,15650091.00,1.91,0.53,0.05,0.98
2019-05-22,9.48,9.40,9.51,9.37,10336,12812547.00,1.48,-0.74,-0.07,0.80
2019-05-23,9.35,9.17,9.40,9.17,15243,18660663.00,2.45,-2.45,-0.23,1.18
2019-05-24,9.17,9.47,9.67,9.16,20390,25288427.00,5.56,3.27,0.30,1.58
2019-05-27,9.49,9.62,9.63,9.29,22966,28675168.00,3.59,1.58,0.15,1.78
2019-05-28,9.62,9.48,9.72,9.44,15441,19478545.00,2.91,-1.46,-0.14,1.20
2019-05-29,9.61,9.59,9.67,9.50,11028,13915559.00,1.79,1.16,0.11,0.86
2019-05-30,9.47,9.54,9.63,9.39,10779,13428525.00,2.50,-0.52,-0.05,0.84
2019-05-31,9.46,9.76,9.78,9.46,17650,22488677.00,3.35,2.31,0.22,1.37
2019-06-03,9.87,9.49,9.87,9.37,14779,18561327.00,5.12,-2.77,-0.27,1.15
2019-06-04,9.55,9.27,9.56,9.20,12867,15876799.00,3.79,-2.32,-0.22,1.00
2019-06-05,9.33,9.31,9.47,9.28,7257,8951848.00,2.05,0.43,0.04,0.56
2019-06-06,9.35,9.05,9.39,9.04,13930,16869199.00,3.76,-2.79,-0.26,1.08
2019-06-10,9.07,9.14,9.21,9.04,8919,10735022.00,1.88,0.99,0.09,0.69
2019-06-11,9.17,9.67,9.82,9.14,34586,43477013.00,7.44,5.80,0.53,2.68
2019-06-12,9.64,9.73,9.98,9.64,27322,35150683.00,3.52,0.62,0.06,2.12
2019-06-13,9.73,9.80,9.85,9.62,16149,20681713.00,2.36,0.72,0.07,1.25
2019-06-14,9.72,9.55,9.89,9.52,12482,15894778.00,3.78,-2.55,-0.25,0.97
2019-06-17,9.65,9.58,9.68,9.56,8163,10307258.00,1.26,0.31,0.03,0.63
2019-06-18,9.63,9.69,9.74,9.54,9795,12425191.00,2.09,1.15,0.11,0.76
2019-06-19,9.82,9.72,9.92,9.68,14886,19110347.00,2.48,0.31,0.03,1.15
2019-06-20,9.72,9.83,9.91,9.65,18358,23613104.00,2.67,1.13,0.11,1.42
2019-06-21,9.87,10.04,10.07,9.82,26204,34241791.00,2.54,2.14,0.21,2.03
2019-06-24,9.99,9.96,10.07,9.93,10703,13968552.00,1.39,-0.80,-0.08,0.83
2019-06-25,9.98,9.90,10.01,9.70,14931,19312342.00,3.11,-0.60,-0.06,1.16
2019-06-26,9.81,9.83,9.95,9.74,8541,11039412.00,2.12,-0.71,-0.07,0.66
2019-06-27,9.92,10.08,10.09,9.87,23546,30968233.00,2.24,2.54,0.25,1.83
2019-06-28,10.16,9.84,10.16,9.83,14658,19051985.00,3.27,-2.38,-0.24,1.14
2019-07-01,10.02,10.08,10.09,9.96,15657,20556006.00,1.32,2.44,0.24,1.21
2019-07-02,10.08,10.22,10.32,10.04,24185,32329210.00,2.78,1.39,0.14,1.88
2019-07-03,10.25,10.16,10.25,10.09,11199,14847187.00,1.57,-0.59,-0.06,0.87
2019-07-04,10.14,10.16,10.22,10.06,9517,12617191.00,1.57,0.00,0.00,0.74
2019-07-05,10.21,10.04,10.21,10.01,8804,11593477.00,1.97,-1.18,-0.12,0.68
2019-07-08,10.05,9.65,10.07,9.56,14545,18581842.00,5.08,-3.88,-0.39,1.13
2019-07-09,9.57,9.62,9.72,9.56,8557,10830162.00,1.66,-0.31,-0.03,0.66
2019-07-10,9.66,9.67,9.82,9.62,8883,11345347.00,2.08,0.52,0.05,0.69
2019-07-11,9.82,9.63,9.83,9.58,9336,11881716.00,2.59,-0.41,-0.04,0.72
2019-07-12,9.73,9.97,10.01,9.59,20210,26161668.00,4.36,3.53,0.34,1.57
2019-07-15,9.88,9.94,9.97,9.61,16245,20921435.00,3.61,-0.30,-0.03,1.26
2019-07-16,9.94,10.02,10.07,9.86,17071,22296891.00,2.11,0.80,0.08,1.32
2019-07-17,9.96,9.89,10.01,9.87,13755,17869574.00,1.40,-1.30,-0.13,1.07
2019-07-18,9.89,9.61,9.89,9.61,18361,23378142.00,2.83,-2.83,-0.28,1.42
2019-07-19,9.62,9.62,9.77,9.62,8969,11393864.00,1.56,0.10,0.01,0.70
2019-07-22,9.62,9.28,9.68,9.26,16585,20502509.00,4.37,-3.53,-0.34,1.29
2019-07-23,9.51,9.26,9.51,9.15,12954,15795865.00,3.88,-0.22,-0.02,1.00
2019-07-24,9.26,9.37,9.41,9.20,11980,14744437.00,2.27,1.19,0.11,0.93
2019-07-25,9.39,9.40,9.41,9.28,8397,10352840.00,1.39,0.32,0.03,0.65
2019-07-26,9.33,9.39,9.42,9.25,7165,8811170.00,1.81,-0.11,-0.01,0.56
2019-07-29,9.42,9.31,9.42,9.28,8913,10939601.00,1.49,-0.85,-0.08,0.69
2019-07-30,9.32,9.87,9.89,9.28,43470,55447144.00,6.55,6.02,0.56,3.37
2019-07-31,9.85,9.84,9.98,9.72,18973,24431718.00,2.63,-0.30,-0.03,1.47
2019-08-01,9.76,9.82,9.90,9.71,9615,12371526.00,1.93,-0.20,-0.02,0.75
2019-08-02,9.67,9.73,9.77,9.52,13172,16726287.00,2.55,-0.92,-0.09,1.02
2019-08-05,9.67,9.73,9.80,9.62,9649,12273337.00,1.85,0.00,0.00,0.75
2019-08-06,9.59,9.25,9.59,9.08,21940,26825728.00,5.24,-4.93,-0.48,1.70
2019-08-07,9.27,9.01,9.34,9.01,15966,19275102.00,3.57,-2.59,-0.24,1.24
2019-08-08,8.97,9.06,9.08,8.96,13093,15615979.00,1.33,0.55,0.05,1.02
2019-08-09,9.09,8.90,9.22,8.89,8142,9671921.00,3.64,-1.77,-0.16,0.63
2019-08-12,8.91,9.05,9.05,8.88,6471,7666962.00,1.91,1.69,0.15,0.50
2019-08-13,8.92,8.87,8.97,8.78,10845,12696162.00,2.10,-1.99,-0.18,0.84
2019-08-14,8.96,8.97,9.11,8.92,6128,7292327.00,2.14,1.13,0.10,0.48
2019-08-15,8.75,8.93,8.97,8.68,7062,8261525.00,3.23,-0.45,-0.04,0.55
2019-08-16,8.95,8.98,9.05,8.89,5768,6854635.00,1.79,0.56,0.05,0.45
2019-08-19,9.01,9.24,9.26,9.01,14114,17034385.00,2.78,2.90,0.26,1.09
2019-08-20,9.24,9.17,9.30,9.14,9037,10981119.00,1.73,-0.76,-0.07,0.70
2019-08-21,9.22,9.12,9.22,9.08,13160,15854688.00,1.53,-0.55,-0.05,1.02
2019-08-22,9.16,8.99,9.21,8.95,16380,19535880.00,2.85,-1.43,-0.13,1.27
2019-08-23,8.98,9.26,9.27,8.92,22170,26765023.00,3.89,3.00,0.27,1.72
2019-08-26,8.97,9.12,9.14,8.93,19129,22823001.00,2.27,-1.51,-0.14,1.48
2019-08-27,9.17,9.12,9.26,9.08,32272,38973357.00,1.97,0.00,0.00,2.50
2019-08-28,9.12,8.95,9.17,8.89,29222,34618360.00,3.07,-1.86,-0.17,2.27
2019-08-29,8.99,8.92,9.02,8.90,10375,12262087.00,1.34,-0.34,-0.03,0.79
2019-08-30,8.98,8.64,9.00,8.58,32104,37303484.00,4.71,-3.14,-0.28,2.45
2019-09-02,8.75,8.91,8.93,8.68,21835,25563528.00,2.89,3.13,0.27,1.67
2019-09-03,8.89,8.93,8.99,8.82,12720,15009923.00,1.91,0.22,0.02,0.97
2019-09-04,8.98,9.12,9.15,8.92,25538,30528336.00,2.58,2.13,0.19,1.95
2019-09-05,9.17,9.14,9.25,9.11,26448,31977356.00,1.54,0.22,0.02,2.02
2019-09-06,9.12,9.15,9.18,9.10,12350,14876818.00,0.88,0.11,0.01,0.94
2019-09-09,9.26,9.26,9.28,9.13,29800,36144010.00,1.64,1.20,0.11,2.27
2019-09-10,9.26,9.29,9.32,9.19,18634,22741572.00,1.40,0.32,0.03,1.42
2019-09-11,9.33,9.18,9.38,9.17,23554,28720240.00,2.26,-1.18,-0.11,1.80
2019-09-12,9.27,9.31,9.33,9.22,17568,21499576.00,1.20,1.42,0.13,1.34
2019-09-16,9.32,9.33,9.41,9.31,19189,23634456.00,1.07,0.21,0.02,1.46
2019-09-17,9.29,9.15,9.32,9.07,18273,22150381.00,2.68,-1.93,-0.18,1.39
2019-09-18,9.12,9.13,9.21,9.12,11050,13349470.00,0.98,-0.22,-0.02,0.84
2019-09-19,9.15,9.22,9.23,9.09,14546,17591260.00,1.53,0.99,0.09,1.11
2019-09-20,9.22,9.32,9.45,9.17,27137,33438280.00,3.04,1.08,0.10,2.07
2019-09-23,9.26,9.47,9.59,9.26,38967,48369121.00,3.54,1.61,0.15,2.97
2019-09-24,9.47,9.47,9.56,9.42,25087,31279297.00,1.48,0.00,0.00,1.91
2019-09-25,9.42,9.50,9.64,9.42,27633,34653791.00,2.32,0.32,0.03,2.11
2019-09-26,9.51,9.21,9.53,9.17,23230,28479950.00,3.79,-3.05,-0.29,1.77
2019-09-27,9.22,9.30,9.33,9.19,13587,16619136.00,1.52,0.98,0.09,1.04
2019-09-30,9.26,9.35,9.48,9.24,14625,18098938.00,2.58,0.54,0.05,1.12
2019-10-08,9.38,9.48,9.62,9.27,28830,35963515.00,3.74,1.39,0.13,2.20
2019-10-09,10.01,10.52,10.52,9.93,53459,72830057.00,6.22,10.97,1.04,4.08
2019-10-10,10.87,10.81,11.57,10.68,239820,342181584.00,8.46,2.76,0.29,18.30
2019-10-11,10.49,10.11,10.70,10.10,143674,193172739.00,5.55,-6.48,-0.70,10.96
2019-10-14,10.11,10.13,10.41,10.11,85743,114533091.00,2.97,0.20,0.02,6.54
2019-10-15,10.13,10.51,10.59,10.00,90217,122097372.00,5.82,3.75,0.38,6.88
2019-10-16,10.44,10.57,10.59,10.30,68467,93392491.00,2.76,0.57,0.06,5.22
2019-10-17,10.51,10.52,10.75,10.37,68136,93935774.00,3.60,-0.47,-0.05,5.20
2019-10-18,10.50,10.72,10.82,10.42,67448,93331641.00,3.80,1.90,0.20,5.15
2019-10-21,10.77,10.47,10.86,10.26,60792,84201074.00,5.60,-2.33,-0.25,4.64
2019-10-22,10.38,10.32,10.51,10.16,56741,76304584.00,3.34,-1.43,-0.15,4.33
2019-10-23,10.32,10.56,10.67,10.19,58498,80069534.00,4.65,2.33,0.24,4.46
2019-10-24,10.50,10.72,10.86,10.40,60485,84039907.00,4.36,1.52,0.16,4.61
2019-10-25,10.84,10.75,11.17,10.68,78300,110999349.00,4.57,0.28,0.03,5.97
2019-10-28,10.69,10.92,11.04,10.52,71929,101350050.00,4.84,1.58,0.17,5.49
2019-10-29,10.92,11.06,11.12,10.72,74827,106402921.00,3.66,1.28,0.14,5.71
2019-10-30,11.10,10.91,11.32,10.90,65504,94296422.00,3.80,-1.36,-0.15,5.00
2019-10-31,10.97,11.02,11.12,10.72,57581,81819007.00,3.67,1.01,0.11,4.39
2019-11-01,10.95,10.86,11.12,10.77,53756,76522216.00,3.18,-1.45,-0.16,4.10
2019-11-04,10.85,11.41,11.49,10.82,92796,135349321.00,6.17,5.06,0.55,7.08
2019-11-05,11.38,11.32,11.54,11.17,70554,103925649.00,3.24,-0.79,-0.09,5.38
2019-11-06,11.32,12.07,12.31,11.32,139817,216811867.00,8.75,6.63,0.75,10.67
2019-11-07,11.94,12.19,12.42,11.92,113157,178071409.00,4.14,0.99,0.12,8.63
2019-11-08,12.24,12.12,12.32,12.04,62512,98108204.00,2.30,-0.57,-0.07,4.77
2019-11-11,12.07,11.82,12.09,11.68,79854,122098142.00,3.38,-2.48,-0.30,6.09
2019-11-12,11.79,11.80,11.91,11.57,67767,102721161.00,2.88,-0.17,-0.02,5.17
2019-11-13,11.76,11.65,11.77,11.49,48068,72269549.00,2.37,-1.27,-0.15,3.67
2019-11-14,11.79,11.57,11.92,11.53,45620,68855954.00,3.35,-0.69,-0.08,3.48
2019-11-15,11.57,11.37,11.68,11.34,52150,77473760.00,2.94,-1.73,-0.20,3.98
2019-11-18,11.42,11.40,11.47,11.15,46094,67571258.00,2.81,0.26,0.03,3.52
2019-11-19,11.40,11.57,11.75,11.29,49114,73634032.00,4.04,1.49,0.17,3.75
2019-11-20,11.57,11.05,11.61,10.98,78867,114835882.00,5.45,-4.49,-0.52,6.02
2019-11-21,10.97,11.03,11.16,10.88,42631,61095152.00,2.53,-0.18,-0.02,3.25
2019-11-22,11.09,10.72,11.22,10.62,46735,66347333.00,5.44,-2.81,-0.31,3.57
2019-11-25,10.77,10.82,11.02,10.67,36132,50980066.00,3.26,0.93,0.10,2.76
2019-11-26,10.89,10.96,11.07,10.80,28687,40754881.00,2.50,1.29,0.14,2.19
2019-11-27,10.84,10.96,11.05,10.83,21910,31210224.00,2.01,0.00,0.00,1.67
2019-11-28,10.97,10.85,11.07,10.82,20708,29456534.00,2.28,-1.00,-0.11,1.58
2019-11-29,10.88,10.98,11.00,10.68,22442,31669822.00,2.95,1.20,0.13,1.71
2019-12-02,11.02,11.15,11.16,10.92,27596,39647460.00,2.19,1.55,0.17,2.11
2019-12-03,11.09,10.98,11.09,10.77,29202,41461104.00,2.87,-1.52,-0.17,2.23
2019-12-04,10.90,11.07,11.13,10.85,20613,29531331.00,2.55,0.82,0.09,1.57
2019-12-05,11.09,11.45,11.52,11.06,54556,80002163.00,4.16,3.43,0.38,4.16
2019-12-06,11.53,11.47,11.57,11.30,31254,46197894.00,2.36,0.17,0.02,2.38
2019-12-09,11.62,11.63,11.81,11.44,40305,60661725.00,3.23,1.39,0.16,3.08
2019-12-10,11.57,11.56,11.68,11.47,21885,32808244.00,1.81,-0.60,-0.07,1.67
2019-12-11,11.54,11.47,11.87,11.47,35020,52715227.00,3.46,-0.78,-0.09,2.67
2019-12-12,11.51,11.40,11.67,11.37,34202,50881234.00,2.62,-0.61,-0.07,2.61
2019-12-13,11.52,11.63,11.70,11.47,28237,42361622.00,2.02,2.02,0.23,2.15
2019-12-16,11.63,11.89,11.99,11.62,44307,67905035.00,3.18,2.24,0.26,3.38
2019-12-17,11.98,11.90,11.98,11.84,45581,70074758.00,1.18,0.08,0.01,3.48
2019-12-18,11.84,12.13,12.25,11.72,52826,82500173.00,4.45,1.93,0.23,4.03
2019-12-19,12.13,12.22,12.24,11.97,35969,56208468.00,2.23,0.74,0.09,2.74
2019-12-20,12.17,12.79,12.94,12.13,94998,154371334.00,6.63,4.66,0.57,7.25
2019-12-23,12.72,12.78,13.55,12.68,115169,193324834.00,6.80,-0.08,-0.01,8.79
2019-12-24,12.81,12.90,13.05,12.59,57813,94961900.00,3.60,0.94,0.12,4.41
2019-12-25,12.90,12.77,12.97,12.67,40261,66138087.00,2.33,-1.01,-0.13,3.07
2019-12-26,12.67,12.67,12.89,12.57,43806,71543617.00,2.51,-0.78,-0.10,3.34
2019-12-27,12.66,12.60,12.84,12.59,33045,53859644.00,1.97,-0.55,-0.07,2.52
2019-12-30,12.47,12.62,12.91,12.47,42809,69616675.00,3.49,0.16,0.02,3.27
2019-12-31,12.75,13.16,13.32,12.64,65022,108114812.00,5.39,4.28,0.54,4.96