2013-01-04,-0.46,-0.48,-0.45,-0.49,15628,5323001.00,-8.33,0.00,0.00,0.11
2013-01-07,-0.47,-0.48,-0.46,-0.50,11494,3905311.00,-8.33,0.00,0.00,0.08
2013-01-08,-0.48,-0.49,-0.47,-0.54,24458,8246908.00,-14.58,-2.08,-0.01,0.17
2013-01-09,-0.49,-0.45,-0.42,-0.52,24334,8312600.00,-20.41,8.16,0.04,0.17
2013-01-10,-0.47,-0.43,-0.38,-0.48,28960,10031848.00,-22.22,4.44,0.02,0.20
2013-01-11,-0.40,-0.51,-0.40,-0.53,15788,5392225.00,-30.23,-18.60,-0.08,0.11
2013-01-14,-0.53,-0.43,-0.43,-0.54,29868,10166422.00,-21.57,15.69,0.08,0.21
2013-01-15,-0.43,-0.43,-0.42,-0.46,31796,10949501.00,-9.30,0.00,0.00,0.22
2013-01-16,-0.43,-0.49,-0.43,-0.52,24543,8362112.00,-20.93,-13.95,-0.06,0.17
2013-01-17,-0.48,-0.49,-0.47,-0.51,13142,4449830.00,-8.16,0.00,0.00,0.09
2013-01-18,-0.49,-0.46,-0.46,-0.50,16480,5605429.00,-8.16,6.12,0.03,0.11
2013-01-21,-0.46,-0.42,-0.41,-0.47,28399,9796254.00,-13.04,8.70,0.04,0.20
2013-01-22,-0.42,-0.43,-0.39,-0.46,28780,9943425.00,-16.67,-2.38,-0.01,0.20
2013-01-23,-0.45,-0.43,-0.40,-0.47,15017,5173835.00,-16.28,0.00,0.00,0.10
2013-01-24,-0.43,-0.48,-0.41,-0.50,28749,9850231.00,-20.93,-11.63,-0.05,0.20
2013-01-25,-0.49,-0.54,-0.46,-0.58,26930,9049132.00,-25.00,-12.50,-0.06,0.19
2013-01-28,-0.54,-0.48,-0.47,-0.55,18912,6376738.00,-14.81,11.11,0.06,0.13
2013-01-29,-0.48,-0.46,-0.45,-0.50,17608,5999514.00,-10.42,4.17,0.02,0.12
2013-01-30,-0.47,-0.34,-0.31,-0.48,105563,37093543.00,-36.96,26.09,0.12,0.74
2013-01-31,-0.35,-0.37,-0.33,-0.41,45104,15827582.00,-23.53,-8.82,-0.03,0.31
2013-02-01,-0.31,-0.34,-0.28,-0.36,45882,16288458.00,-21.62,8.11,0.03,0.32
2013-02-04,-0.33,-0.34,-0.30,-0.35,34702,12325339.00,-14.71,0.00,0.00,0.24
2013-02-05,-0.35,-0.33,-0.33,-0.39,23823,8396730.00,-17.65,2.94,0.01,0.17
2013-02-06,-0.35,-0.34,-0.32,-0.36,16465,5826557.00,-12.12,-3.03,-0.01,0.11
2013-02-07,-0.35,-0.31,-0.31,-0.38,22132,7826353.00,-20.59,8.82,0.03,0.15
2013-02-08,-0.32,-0.32,-0.29,-0.34,19539,6968162.00,-16.13,-3.23,-0.01,0.14
2013-02-18,-0.30,-0.31,-0.29,-0.33,18619,6647755.00,-12.50,3.13,0.01,0.13
2013-02-19,-0.32,-0.36,-0.30,-0.39,19947,7031843.00,-29.03,-16.13,-0.05,0.14
2013-02-20,-0.38,-0.35,-0.35,-0.38,9516,3345473.00,-8.33,2.78,0.01,0.07
2013-02-21,-0.35,-0.42,-0.34,-0.45,21749,7536879.00,-31.43,-20.00,-0.07,0.15
2013-02-22,-0.38,-0.43,-0.38,-0.44,15608,5419821.00,-14.29,-2.38,-0.01,0.11
2013-02-25,-0.43,-0.40,-0.40,-0.43,6688,2317979.00,-6.98,6.98,0.03,0.05
2013-02-26,-0.41,-0.49,-0.40,-0.51,17425,5961754.00,-27.50,-22.50,-0.09,0.12
2013-02-27,-0.43,-0.48,-0.43,-0.51,14350,4896911.00,-16.33,2.04,0.01,0.10
2013-02-28,-0.48,-0.44,-0.44,-0.49,31537,10770113.00,-10.42,8.33,0.04,0.22
2013-03-01,-0.46,-0.43,-0.43,-0.47,30027,10299493.00,-9.09,2.27,0.01,0.21
2013-03-04,-0.45,-0.53,-0.45,-0.57,25401,8550197.00,-27.91,-23.26,-0.10,0.18
2013-03-05,-0.53,-0.51,-0.50,-0.55,19562,6559597.00,-9.43,3.77,0.02,0.14
2013-03-06,-0.50,-0.46,-0.46,-0.54,27219,9233212.00,-15.69,9.80,0.05,0.19
2013-03-07,-0.47,-0.49,-0.45,-0.50,14503,4941043.00,-10.87,-6.52,-0.03,0.10
2013-03-08,-0.50,-0.50,-0.47,-0.50,8101,2746103.00,-6.12,-2.04,-0.01,0.06
2013-03-11,-0.48,-0.49,-0.48,-0.51,9640,3258141.00,-6.00,2.00,0.01,0.07
2013-03-12,-0.49,-0.55,-0.47,-0.58,21474,7170069.00,-22.45,-12.24,-0.06,0.15
2013-03-13,-0.56,-0.61,-0.55,-0.61,13454,4428571.00,-10.91,-10.91,-0.06,0.09
2013-03-14,-0.59,-0.60,-0.58,-0.62,6326,2075697.00,-6.56,1.64,0.01,0.04
2013-03-15,-0.59,-0.61,-0.56,-0.64,14382,4709322.00,-13.33,-1.67,-0.01,0.10
2013-03-18,-0.61,-0.63,-0.60,-0.64,7746,2519130.00,-6.56,-3.28,-0.02,0.05
2013-03-19,-0.61,-0.60,-0.60,-0.64,7094,2312859.00,-6.35,4.76,0.03,0.05
2013-03-20,-0.62,-0.54,-0.53,-0.62,16859,5598166.00,-15.00,10.00,0.06,0.12
2013-03-21,-0.54,-0.53,-0.51,-0.55,10684,3577679.00,-7.41,1.85,0.01,0.07
2013-03-22,-0.53,-0.51,-0.51,-0.54,7778,2613377.00,-5.66,3.77,0.02,0.05
2013-03-25,-0.52,-0.52,-0.50,-0.54,6087,2039424.00,-7.84,-1.96,-0.01,0.04
2013-03-26,-0.52,-0.56,-0.52,-0.57,9497,3158248.00,-9.62,-7.69,-0.04,0.07
2013-03-27,-0.56,-0.56,-0.53,-0.57,5316,1764955.00,-7.14,0.00,0.00,0.04
2013-03-28,-0.57,-0.62,-0.57,-0.63,12202,3994829.00,-10.71,-10.71,-0.06,0.09
2013-03-29,-0.61,-0.60,-0.59,-0.63,4000,1308377.00,-6.45,3.23,0.02,0.03
2013-04-01,-0.60,-0.60,-0.59,-0.62,7849,2572796.00,-5.00,0.00,0.00,0.05
2013-04-02,-0.61,-0.62,-0.57,-0.64,6907,2264693.00,-11.67,-3.33,-0.02,0.05
2013-04-03,-0.63,-0.64,-0.61,-0.64,5227,1701868.00,-4.84,-3.23,-0.02,0.04
2013-04-08,-0.63,-0.65,-0.63,-0.68,9124,2935766.00,-7.81,-1.56,-0.01,0.06
2013-04-09,-0.65,-0.59,-0.58,-0.67,13306,4337441.00,-13.85,9.23,0.06,0.09
2013-04-10,-0.54,-0.48,-0.42,-0.54,58565,19847505.00,-20.34,18.64,0.11,0.41
2013-04-11,-0.51,-0.57,-0.49,-0.58,21774,7259035.00,-18.75,-18.75,-0.09,0.15
2013-04-12,-0.58,-0.62,-0.58,-0.64,12648,4134822.00,-10.53,-8.77,-0.05,0.09
2013-04-15,-0.63,-0.65,-0.61,-0.68,10088,3256936.00,-11.29,-4.84,-0.03,0.07
2013-04-16,-0.65,-0.62,-0.62,-0.67,6982,2265803.00,-7.69,4.62,0.03,0.05
2013-04-17,-0.62,-0.63,-0.59,-0.64,6620,2159675.00,-8.06,-1.61,-0.01,0.05
2013-04-18,-0.65,-0.64,-0.62,-0.66,5246,1699507.00,-6.35,-1.59,-0.01,0.04
2013-04-19,-0.65,-0.59,-0.59,-0.65,9248,3027425.00,-9.38,7.81,0.05,0.06
2013-04-22,-0.59,-0.60,-0.59,-0.63,11296,3690342.00,-6.78,-1.69,-0.01,0.08
2013-04-23,-0.60,-0.64,-0.60,-0.66,9096,2947652.00,-10.00,-6.67,-0.04,0.06
2013-04-24,-0.65,-0.64,-0.61,-0.66,5074,1647192.00,-7.81,0.00,0.00,0.04
2013-04-25,-0.62,-0.66,-0.61,-0.67,8201,2653975.00,-9.38,-3.13,-0.02,0.06
2013-04-26,-0.65,-0.63,-0.57,-0.67,21923,7148823.00,-15.15,4.55,0.03,0.15
2013-05-02,-0.65,-0.66,-0.63,-0.70,11150,3587109.00,-11.11,-4.76,-0.03,0.08
2013-05-03,-0.66,-0.64,-0.62,-0.67,9652,3125245.00,-7.58,3.03,0.02,0.07
2013-05-06,-0.64,-0.62,-0.61,-0.64,9497,3092835.00,-4.69,3.13,0.02,0.07
2013-05-07,-0.62,-0.62,-0.61,-0.64,7122,2320996.00,-4.84,0.00,0.00,0.05
2013-05-08,-0.62,-0.62,-0.59,-0.63,10192,3325199.00,-6.45,0.00,0.00,0.07
2013-05-09,-0.60,-0.63,-0.60,-0.66,7319,2379130.00,-9.68,-1.61,-0.01,0.05
2013-05-10,-0.63,-0.63,-0.62,-0.65,6936,2251670.00,-4.76,0.00,0.00,0.05
2013-05-13,-0.62,-0.61,-0.60,-0.64,8601,2809483.00,-6.35,3.17,0.02,0.06
2013-05-14,-0.62,-0.62,-0.59,-0.64,5457,1778094.00,-8.20,-1.64,-0.01,0.04
2013-05-15,-0.62,-0.62,-0.60,-0.63,4102,1338119.00,-4.84,0.00,0.00,0.03
2013-05-16,-0.61,-0.59,-0.58,-0.65,12740,4161858.00,-11.29,4.84,0.03,0.09
2013-05-17,-0.60,-0.56,-0.55,-0.61,18752,6188488.00,-10.17,5.08,0.03,0.13
2013-05-20,-0.56,-0.48,-0.46,-0.58,68071,22898419.00,-21.43,14.29,0.08,0.47
2013-05-21,-0.48,-0.50,-0.40,-0.53,69932,23746502.00,-27.08,-4.17,-0.02,0.49
2013-05-22,-0.49,-0.50,-0.47,-0.52,29197,9881539.00,-10.00,0.00,0.00,0.20
2013-05-23,-0.50,-0.52,-0.50,-0.53,12110,4069301.00,-6.00,-4.00,-0.02,0.08
2013-05-24,-0.53,-0.51,-0.50,-0.54,11315,3803585.00,-7.69,1.92,0.01,0.08
2013-05-27,-0.50,-0.51,-0.49,-0.53,20631,6939906.00,-7.84,0.00,0.00,0.14
2013-05-28,-0.51,-0.49,-0.49,-0.53,13376,4332004.00,-7.84,3.92,0.02,0.09
2013-05-29,-0.49,-0.49,-0.49,-0.52,10853,3521446.00,-6.12,0.00,0.00,0.08
2013-05-30,-0.52,-0.52,-0.50,-0.52,9593,3106196.00,-4.08,-6.12,-0.03,0.07
2013-05-31,-0.51,-0.51,-0.50,-0.52,12014,3890185.00,-3.85,1.92,0.01,0.08
2013-06-03,-0.50,-0.51,-0.50,-0.53,13598,4398893.00,-5.88,0.00,0.00,0.09
2013-06-04,-0.55,-0.53,-0.51,-0.55,22588,7255604.00,-7.84,-3.92,-0.02,0.16
2013-06-05,-0.55,-0.53,-0.51,-0.55,13989,4502718.00,-7.55,0.00,0.00,0.10
2013-06-06,-0.53,-0.55,-0.52,-0.56,11819,3796196.00,-7.55,-3.77,-0.02,0.08
2013-06-07,-0.54,-0.61,-0.54,-0.62,10652,3373021.00,-14.55,-10.91,-0.06,0.07
2013-06-13,-0.60,-0.58,-0.47,-0.71,49919,15753476.00,-39.34,4.92,0.03,0.35
2013-06-14,-0.59,-0.56,-0.54,-0.64,29475,9300528.00,-17.24,3.45,0.02,0.21
2013-06-17,-0.57,-0.59,-0.56,-0.60,9876,3120579.00,-7.14,-5.36,-0.03,0.07
2013-06-18,-0.60,-0.56,-0.49,-0.61,16532,5271572.00,-20.34,5.08,0.03,0.12
2013-06-19,-0.57,-0.61,-0.57,-0.62,9063,2853665.00,-8.93,-8.93,-0.05,0.06
2013-06-20,-0.62,-0.67,-0.61,-0.75,12830,3923135.00,-22.95,-9.84,-0.06,0.09
2013-06-21,-0.73,-0.73,-0.70,-0.75,11872,3585302.00,-7.46,-8.96,-0.06,0.08
2013-06-24,-0.74,-0.84,-0.72,-0.87,16489,4842578.00,-20.55,-15.07,-0.11,0.12
2013-06-25,-0.86,-0.87,-0.82,-1.00,12635,3595654.00,-21.43,-3.57,-0.03,0.09
2013-06-26,-0.87,-0.89,-0.87,-0.92,9750,2781405.00,-5.75,-2.30,-0.02,0.07
2013-06-27,-0.85,-0.90,-0.84,-0.93,12849,3673625.00,-10.11,-1.12,-0.01,0.09
2013-06-28,-0.90,-0.88,-0.84,-0.92,5568,1601420.00,-8.89,2.22,0.02,0.04
2013-07-01,-0.88,-0.85,-0.84,-0.90,5351,1541573.00,-6.82,3.41,0.03,0.04
2013-07-02,-0.84,-0.87,-0.84,-0.93,8562,2466194.00,-10.59,-2.35,-0.02,0.06
2013-07-03,-0.89,-0.94,-0.87,-0.99,17492,4891809.00,-13.79,-8.05,-0.07,0.12
2013-07-04,-0.96,-0.97,-0.92,-1.02,130271,36155450.00,-10.64,-3.19,-0.03,0.91
2013-07-05,-1.00,-0.98,-0.96,-1.02,59592,16458377.00,-6.19,-1.03,-0.01,0.42
2013-07-08,-1.01,-1.09,-1.00,-1.10,37381,10097829.00,-10.20,-11.22,-0.11,0.26
2013-07-09,-1.09,-1.10,-1.08,-1.12,10672,2829383.00,-3.67,-0.92,-0.01,0.07
2013-07-10,-1.11,-1.05,-1.04,-1.11,16604,4444749.00,-6.36,4.55,0.05,0.12
2013-07-11,-1.05,-0.98,-0.95,-1.05,46275,12732638.00,-9.52,6.67,0.07,0.32
2013-07-12,-0.98,-1.00,-0.97,-1.01,25631,7081116.00,-4.08,-2.04,-0.02,0.18
2013-07-15,-1.00,-0.99,-0.96,-1.00,12662,3503253.00,-4.00,1.00,0.01,0.09
2013-07-16,-0.97,-0.99,-0.97,-1.01,14633,4041791.00,-4.04,0.00,0.00,0.10
2013-07-17,-1.00,-1.01,-0.97,-1.01,19842,5469914.00,-4.04,-2.02,-0.02,0.14
2013-07-18,-1.02,-1.04,-1.01,-1.05,9926,2698259.00,-3.96,-2.97,-0.03,0.07
2013-07-19,-1.04,-1.09,-1.02,-1.09,11105,2997856.00,-6.73,-4.81,-0.05,0.08
2013-07-22,-1.09,-1.10,-1.07,-1.11,11166,2962404.00,-3.67,-0.92,-0.01,0.08
2013-07-23,-1.09,-1.04,-1.03,-1.10,11495,3096558.00,-6.36,5.45,0.06,0.08
2013-07-24,-1.04,-1.06,-1.04,-1.09,9420,2528449.00,-4.81,-1.92,-0.02,0.07
2013-07-25,-1.05,-1.05,-1.03,-1.06,8593,2320785.00,-2.83,0.94,0.01,0.06
2013-07-26,-1.06,-1.08,-1.05,-1.09,7133,1906973.00,-3.81,-2.86,-0.03,0.05
2013-07-29,-1.10,-1.12,-1.09,-1.12,13171,3477236.00,-2.78,-3.70,-0.04,0.09
2013-07-30,-1.11,-1.09,-1.07,-1.12,7054,1874789.00,-4.46,2.68,0.03,0.05
2013-07-31,-1.08,-1.09,-1.06,-1.10,7111,1897473.00,-3.67,0.00,0.00,0.05
2013-08-01,-1.10,-1.05,-1.03,-1.10,24565,6562942.00,-6.42,3.67,0.04,0.17
2013-08-02,-1.05,-1.05,-1.00,-1.07,23863,6472674.00,-6.67,0.00,0.00,0.17
2013-08-05,-1.05,-1.02,-1.00,-1.06,13678,3726071.00,-5.71,2.86,0.03,0.10
2013-08-06,-1.01,-1.00,-1.00,-1.04,13766,3758056.00,-3.92,1.96,0.02,0.10
2013-08-07,-1.00,-1.02,-1.00,-1.03,13782,3770171.00,-3.00,-2.00,-0.02,0.10
2013-08-08,-1.01,-1.03,-1.01,-1.04,6154,1678150.00,-2.94,-0.98,-0.01,0.04
2013-08-09,-1.02,-1.01,-1.00,-1.04,9130,2493014.00,-3.88,1.94,0.02,0.06
2013-08-12,-1.02,-0.94,-0.93,-1.02,24674,6856397.00,-8.91,6.93,0.07,0.17
2013-08-13,-0.95,-0.93,-0.92,-0.95,24164,6808071.00,-3.19,1.06,0.01,0.17
2013-08-14,-0.92,-0.95,-0.87,-0.95,30220,8579487.00,-8.60,-2.15,-0.02,0.21
2013-08-15,-0.97,-0.92,-0.89,-0.98,19434,5463784.00,-9.47,3.16,0.03,0.14
2013-08-16,-0.83,-0.89,-0.80,-0.90,108123,31299384.00,-10.87,3.26,0.03,0.75
2013-08-19,-0.93,-0.93,-0.90,-0.98,49283,13848474.00,-8.99,-4.49,-0.04,0.34
2013-08-20,-0.94,-0.95,-0.91,-0.95,30621,8643865.00,-4.30,-2.15,-0.02,0.21
2013-08-21,-0.95,-0.97,-0.95,-0.98,14832,4126988.00,-3.16,-2.11,-0.02,0.10
2013-08-22,-0.97,-0.97,-0.95,-0.99,15477,4309802.00,-4.12,0.00,0.00,0.11
2013-08-23,-0.97,-0.90,-0.87,-0.97,50675,14324921.00,-10.31,7.22,0.07,0.35
2013-08-26,-0.90,-0.90,-0.88,-0.92,33656,9584305.00,-4.44,0.00,0.00,0.23
2013-08-27,-0.90,-0.84,-0.83,-0.92,50130,14385252.00,-10.00,6.67,0.06,0.35
2013-08-28,-0.87,-0.85,-0.83,-0.89,35333,10212401.00,-7.14,-1.19,-0.01,0.25
2013-08-29,-0.85,-0.75,-0.69,-0.87,88289,26287790.00,-21.18,11.76,0.10,0.62
2013-08-30,-0.76,-0.70,-0.64,-0.78,85182,25977936.00,-18.67,6.67,0.05,0.59
2013-09-02,-0.68,-0.79,-0.68,-0.80,47044,14112790.00,-17.14,-12.86,-0.09,0.33
2013-09-03,-0.79,-0.75,-0.74,-0.80,24520,7303029.00,-7.59,5.06,0.04,0.17
2013-09-04,-0.75,-0.77,-0.75,-0.79,19867,5918848.00,-5.33,-2.67,-0.02,0.14
2013-09-05,-0.78,-0.82,-0.77,-0.83,19003,5592199.00,-7.79,-6.49,-0.05,0.13
2013-09-06,-0.85,-0.81,-0.79,-0.85,21570,6318593.00,-7.32,1.22,0.01,0.15
2013-09-09,-0.81,-0.72,-0.70,-0.82,42177,12723992.00,-14.81,11.11,0.09,0.29
2013-09-10,-0.73,-0.63,-0.58,-0.75,71319,22212733.00,-23.61,12.50,0.09,0.50
2013-09-11,-0.62,-0.61,-0.51,-0.64,72710,23063227.00,-20.63,3.17,0.02,0.51
2013-09-12,-0.61,-0.49,-0.33,-0.66,111139,36243269.00,-54.10,19.67,0.12,0.78
2013-09-13,-0.50,-0.51,-0.40,-0.60,59443,19294832.00,-40.82,-4.08,-0.02,0.41
2013-09-16,-0.53,-0.59,-0.50,-0.65,36690,11656564.00,-29.41,-15.69,-0.08,0.26
2013-09-17,-0.57,-0.66,-0.53,-0.67,32269,10110774.00,-23.73,-11.86,-0.07,0.23
2013-09-18,-0.62,-0.63,-0.62,-0.70,19864,6142030.00,-12.12,4.55,0.03,0.14
2013-09-23,-0.63,-0.55,-0.46,-0.66,29879,9505900.00,-31.75,12.70,0.08,0.21
2013-09-24,-0.54,-0.59,-0.52,-0.62,21066,6670743.00,-18.18,-7.27,-0.04,0.15
2013-09-25,-0.59,-0.59,-0.57,-0.63,23117,7268683.00,-10.17,0.00,0.00,0.16
2013-09-26,-0.60,-0.69,-0.60,-0.69,24963,7749130.00,-15.25,-16.95,-0.10,0.17
2013-09-27,-0.70,-0.67,-0.66,-0.72,18390,5611790.00,-8.70,2.90,0.02,0.13
2013-09-30,-0.67,-0.63,-0.60,-0.70,23763,7377237.00,-14.93,5.97,0.04,0.17
2013-10-08,-0.64,-0.57,-0.56,-0.69,29954,9444440.00,-20.63,9.52,0.06,0.21
2013-10-09,-0.58,-0.25,-0.25,-0.60,187729,63666229.00,-61.40,56.14,0.32,1.31
2013-10-10,-0.24,-0.25,-0.24,-0.33,73789,25503380.00,-36.00,0.00,0.00,0.51
2013-10-11,-0.25,-0.03,0.00,-0.30,104094,37231917.00,0.00,88.00,0.22,0.73
2013-10-14,-0.11,-0.06,0.00,-0.13,69381,25513488.00,0.00,-100.00,-0.03,0.48
2013-10-15,-0.02,0.05,0.23,-0.08,95740,36014629.00,-516.67,183.33,0.11,0.67
2013-10-16,0.08,-0.06,0.08,-0.13,61702,22661585.00,420.00,-220.00,-0.11,0.43
2013-10-17,-0.07,-0.11,-0.03,-0.16,35568,12925986.00,-216.67,-83.33,-0.05,0.25
2013-10-18,-0.11,-0.09,-0.08,-0.15,16785,6095703.00,-63.64,18.18,0.02,0.12
2013-10-21,-0.08,-0.04,0.01,-0.09,37479,13898902.00,-111.11,55.56,0.05,0.26
2013-10-22,-0.03,-0.12,-0.03,-0.15,34272,12465514.00,-300.00,-200.00,-0.08,0.24
2013-10-23,-0.11,-0.10,-0.04,-0.16,27328,9923172.00,-100.00,16.67,0.02,0.19
2013-10-24,-0.13,-0.13,-0.09,-0.19,32077,11587650.00,-100.00,-30.00,-0.03,0.22
2013-10-25,-0.16,-0.18,-0.11,-0.24,20560,7326143.00,-100.00,-38.46,-0.05,0.14
2013-10-28,-0.18,-0.21,-0.17,-0.23,13624,4823342.00,-33.33,-16.67,-0.03,0.10
2013-10-29,-0.18,-0.26,-0.16,-0.31,31389,11006532.00,-71.43,-23.81,-0.05,0.22
2013-10-30,-0.26,-0.22,-0.21,-0.30,17957,6299425.00,-34.62,15.38,0.04,0.13
2013-10-31,-0.22,-0.27,-0.16,-0.32,27001,9493909.00,-72.73,-22.73,-0.05,0.19
2013-11-01,-0.27,-0.32,-0.27,-0.35,24144,8294091.00,-29.63,-18.52,-0.05,0.17
2013-11-04,-0.34,-0.27,-0.26,-0.34,20190,6977758.00,-25.00,15.63,0.05,0.14
2013-11-05,-0.28,-0.26,-0.26,-0.35,10132,3497226.00,-33.33,3.70,0.01,0.07
2013-11-06,-0.28,-0.26,-0.23,-0.29,7941,2771659.00,-23.08,0.00,0.00,0.06
2013-11-07,-0.25,-0.25,-0.22,-0.28,16489,5773986.00,-23.08,3.85,0.01,0.12
2013-11-08,-0.25,-0.21,-0.19,-0.27,12305,4317652.00,-32.00,16.00,0.04,0.09
2013-11-11,-0.17,-0.23,-0.17,-0.28,12194,4308746.00,-52.38,-9.52,-0.02,0.09
2013-11-12,-0.23,-0.28,-0.22,-0.29,16900,5901398.00,-30.43,-21.74,-0.05,0.12
2013-11-13,-0.28,-0.33,-0.26,-0.36,11940,4084481.00,-35.71,-17.86,-0.05,0.08
2013-11-14,-0.38,-0.32,-0.32,-0.38,9138,3107144.00,-18.18,3.03,0.01,0.06
2013-11-15,-0.30,-0.29,-0.23,-0.34,18565,6437217.00,-34.38,9.38,0.03,0.13
2013-11-18,-0.30,-0.24,-0.24,-0.30,24827,8631119.00,-20.69,17.24,0.05,0.17
2013-11-19,-0.26,-0.23,-0.22,-0.27,25962,9096543.00,-20.83,4.17,0.01,0.18
2013-11-20,-0.23,-0.24,-0.23,-0.27,19270,6727152.00,-17.39,-4.35,-0.01,0.13
2013-11-21,-0.26,-0.25,-0.22,-0.28,20407,7115943.00,-25.00,-4.17,-0.01,0.14
2013-11-22,-0.25,-0.23,-0.22,-0.28,30743,10770670.00,-24.00,8.00,0.02,0.21
2013-11-25,-0.23,-0.19,-0.15,-0.24,43994,15711605.00,-39.13,17.39,0.04,0.31
2013-11-26,-0.21,-0.19,-0.18,-0.23,20029,7093050.00,-26.32,0.00,0.00,0.14
2013-11-27,-0.21,0.06,0.08,-0.21,180464,66895357.00,-152.63,131.58,0.25,1.26
2013-11-28,0.06,0.07,0.13,-0.05,99013,37385440.00,300.00,16.67,0.01,0.69
2013-11-29,0.05,0.09,0.13,0.01,58016,22212528.00,171.43,28.57,0.02,0.40
2013-12-02,0.07,-0.04,0.07,-0.06,40854,15246505.00,144.44,-144.44,-0.13,0.29
2013-12-03,-0.08,0.06,0.06,-0.08,19710,7398983.00,-350.00,250.00,0.10,0.14
2013-12-04,0.06,0.16,0.21,0.03,85562,33388214.00,300.00,166.67,0.10,0.60
2013-12-05,0.15,0.11,0.15,0.09,23305,8997589.00,37.50,-31.25,-0.05,0.16
2013-12-06,0.15,0.21,0.31,0.15,86805,34781253.00,145.45,90.91,0.10,0.61
2013-12-09,0.21,0.18,0.21,0.11,30993,12086335.00,47.62,-14.29,-0.03,0.22
2013-12-10,0.18,0.15,0.18,0.12,17325,6734562.00,33.33,-16.67,-0.03,0.12
2013-12-11,0.14,0.10,0.15,0.09,15674,6045002.00,40.00,-33.33,-0.05,0.11
2013-12-12,0.10,0.08,0.11,0.06,11972,4588248.00,50.00,-20.00,-0.02,0.08
2013-12-13,0.08,0.10,0.11,0.06,12423,4760719.00,62.50,25.00,0.02,0.09
2013-12-16,0.10,-0.07,0.12,-0.13,26640,9974371.00,250.00,-170.00,-0.17,0.19
2013-12-17,-0.07,-0.07,-0.06,-0.11,8789,3218494.00,-71.43,0.00,0.00,0.06
2013-12-18,-0.09,-0.05,-0.01,-0.09,7826,2898615.00,-114.29,28.57,0.02,0.05
2013-12-19,-0.05,-0.13,-0.02,-0.20,13108,4778606.00,-360.00,-160.00,-0.08,0.09
2013-12-20,-0.15,-0.34,-0.10,-0.42,131129,44867463.00,-246.15,-161.54,-0.21,0.91
2013-12-23,-0.36,-0.38,-0.35,-0.43,31471,10583900.00,-23.53,-11.76,-0.04,0.22
2013-12-24,-0.39,-0.36,-0.33,-0.39,21870,7435970.00,-15.79,5.26,0.02,0.15
2013-12-25,-0.36,-0.35,-0.29,-0.38,8540,2901985.00,-25.00,2.78,0.01,0.06
2013-12-26,-0.33,-0.45,-0.33,-0.47,27829,9278940.00,-40.00,-28.57,-0.10,0.19
2013-12-27,-0.42,-0.39,-0.34,-0.44,39996,13459741.00,-22.22,13.33,0.06,0.28
2013-12-30,-0.35,-0.52,-0.31,-0.54,66430,21931992.00,-58.97,-33.33,-0.13,0.46
2013-12-31,-0.51,-0.38,-0.38,-0.52,51562,17057850.00,-26.92,26.92,0.14,0.36