2021-01-04,5.22,5.37,5.71,5.17,1905193,1062036544.00,10.04,-0.19,-0.01,3.50
2021-01-05,5.36,5.92,5.92,5.25,1756739,1010225344.00,12.48,10.24,0.55,3.23
2021-01-06,5.92,5.99,6.31,5.82,2351332,1454816432.00,8.28,1.18,0.07,4.32
2021-01-07,5.84,5.81,6.17,5.80,1314930,794798688.00,6.18,-3.01,-0.18,2.42
2021-01-08,5.78,5.88,6.04,5.61,1184552,709936848.00,7.40,1.20,0.07,2.18
2021-01-11,5.78,5.96,5.97,5.61,1139118,674566608.00,6.12,1.36,0.08,2.09
2021-01-12,5.86,5.77,6.07,5.73,872637,522356416.00,5.70,-3.19,-0.19,1.60
2021-01-13,5.69,5.51,5.75,5.42,1070365,608356384.00,5.72,-4.51,-0.26,1.97
2021-01-14,5.46,5.41,5.52,5.29,647966,359019600.00,4.17,-1.81,-0.10,1.19
2021-01-15,5.43,5.37,5.58,5.35,600802,335284192.00,4.25,-0.74,-0.04,1.10
2021-01-18,5.37,5.37,5.59,5.25,933896,518527216.00,6.33,0.00,0.00,1.72
2021-01-19,5.35,5.51,5.71,5.29,1131114,639197920.00,7.82,2.61,0.14,2.08
2021-01-20,5.47,5.39,5.55,5.35,654310,362120240.00,3.63,-2.18,-0.12,1.20
2021-01-21,5.40,5.31,5.46,5.28,647214,354776480.00,3.34,-1.48,-0.08,1.19
2021-01-22,5.28,5.05,5.28,5.04,727540,380740272.00,4.52,-4.90,-0.26,1.34
2021-01-25,4.95,5.00,5.14,4.90,491832,252786540.00,4.75,-0.99,-0.05,0.90
2021-01-26,5.00,4.98,5.15,4.92,483155,249060634.00,4.60,-0.40,-0.02,0.89
2021-01-27,4.98,4.93,5.02,4.89,305816,155622656.00,2.61,-1.00,-0.05,0.56
2021-01-28,4.88,4.84,4.99,4.83,380083,191174567.00,3.25,-1.83,-0.09,0.70
2021-01-29,4.90,5.01,5.12,4.85,666772,341952496.00,5.58,3.51,0.17,1.22
2021-02-01,5.05,5.03,5.23,4.98,490632,255439505.00,4.99,0.40,0.02,0.90
2021-02-02,4.99,4.87,4.99,4.86,454024,228547865.00,2.58,-3.18,-0.16,0.83
2021-02-03,4.84,5.07,5.18,4.64,840013,423223744.00,11.09,4.11,0.20,1.54
2021-02-04,5.00,4.98,5.16,4.96,486270,252409724.00,3.94,-1.78,-0.09,0.89
2021-02-05,4.98,4.84,5.08,4.84,348605,176129725.00,4.82,-2.81,-0.14,0.64
2021-02-08,4.84,4.83,4.94,4.80,309684,154059996.00,2.89,-0.21,-0.01,0.57
2021-02-09,4.77,4.86,4.89,4.74,290754,144147782.00,3.11,0.62,0.03,0.53
2021-02-10,4.84,4.83,4.90,4.83,241628,120296399.00,1.44,-0.62,-0.03,0.44
2021-02-18,4.85,4.83,4.90,4.79,540286,268282103.00,2.28,0.00,0.00,0.99
2021-02-19,4.81,5.11,5.11,4.80,709772,363869536.00,6.42,5.80,0.28,1.30
2021-02-22,5.10,5.32,5.55,5.08,1079036,586716464.00,9.20,4.11,0.21,1.98
2021-02-23,5.26,5.20,5.37,5.19,586031,315938656.00,3.38,-2.26,-0.12,1.08
2021-02-24,5.24,5.12,5.28,5.08,424225,225233509.00,3.85,-1.54,-0.08,0.78
2021-02-25,5.17,5.07,5.26,5.06,453352,239306719.00,3.91,-0.98,-0.05,0.83
2021-02-26,5.02,4.95,5.06,4.92,364290,186066863.00,2.76,-2.37,-0.12,0.67
2021-03-01,4.95,4.95,5.00,4.94,376031,191310261.00,1.21,0.00,0.00,0.69
2021-03-02,4.97,4.88,4.97,4.86,310952,156228435.00,2.22,-1.41,-0.07,0.57
2021-03-03,4.89,4.88,4.94,4.87,442051,221730923.00,1.43,0.00,0.00,0.81
2021-03-04,4.87,5.00,5.01,4.85,621162,315669744.00,3.28,2.46,0.12,1.14
2021-03-05,4.98,5.01,5.03,4.93,357012,182269330.00,2.00,0.20,0.01,0.66
2021-03-08,5.03,4.98,5.12,4.97,415568,214641853.00,2.99,-0.60,-0.03,0.76
2021-03-09,4.97,4.88,5.01,4.77,385623,193501020.00,4.82,-2.01,-0.10,0.71
2021-03-10,4.90,4.85,4.95,4.84,209610,105118424.00,2.25,-0.61,-0.03,0.39
2021-03-11,4.90,4.88,4.90,4.81,234370,116898894.00,1.86,0.62,0.03,0.43
2021-03-12,4.87,4.83,4.87,4.79,276998,137204972.00,1.64,-1.02,-0.05,0.51
2021-03-15,4.83,4.90,4.96,4.78,295537,148253653.00,3.73,1.45,0.07,0.54
2021-03-16,4.88,4.91,4.92,4.84,201344,100890675.00,1.63,0.20,0.01,0.37
2021-03-17,4.90,5.05,5.08,4.87,405630,207066886.00,4.28,2.85,0.14,0.75
2021-03-18,5.02,4.95,5.04,4.94,266575,136405099.00,1.98,-1.98,-0.10,0.49
2021-03-19,4.93,5.02,5.02,4.89,320090,162650491.00,2.63,1.41,0.07,0.59
2021-03-22,4.97,5.05,5.09,4.96,277094,143050657.00,2.59,0.60,0.03,0.51
2021-03-23,5.05,4.96,5.06,4.94,205225,104926704.00,2.38,-1.78,-0.09,0.38
2021-03-24,4.95,4.97,5.00,4.91,184667,94114137.00,1.81,0.20,0.01,0.34
2021-03-25,4.95,4.96,5.05,4.91,194523,99256025.00,2.82,-0.20,-0.01,0.36
2021-03-26,4.94,4.96,5.00,4.93,217438,110534465.00,1.41,0.00,0.00,0.40
2021-03-29,4.96,4.90,4.96,4.89,213245,107468973.00,1.41,-1.21,-0.06,0.39
2021-03-30,4.89,4.89,4.92,4.87,153133,76808522.00,1.02,-0.20,-0.01,0.28
2021-03-31,4.86,4.88,4.89,4.85,162963,81461864.00,0.82,-0.20,-0.01,0.30
2021-04-01,4.87,4.82,4.90,4.81,228466,113568304.00,1.84,-1.23,-0.06,0.42
2021-04-02,4.83,4.86,4.86,4.82,129398,64242175.00,0.83,0.83,0.04,0.24
2021-04-06,4.85,4.84,4.86,4.82,122193,60733405.00,0.82,-0.41,-0.02,0.22
2021-04-07,4.84,4.90,4.91,4.80,223232,111194590.00,2.27,1.24,0.06,0.41
2021-04-08,4.90,4.84,4.90,4.83,145980,72767378.00,1.43,-1.22,-0.06,0.27
2021-04-09,4.84,4.85,4.86,4.82,114125,56746777.00,0.83,0.21,0.01,0.21
2021-04-12,4.95,4.90,5.00,4.88,312352,157707908.00,2.47,1.03,0.05,0.57
2021-04-13,4.85,4.75,4.89,4.71,317396,155821826.00,3.67,-3.06,-0.15,0.58
2021-04-14,4.73,4.88,5.01,4.73,294819,147989260.00,5.89,2.74,0.13,0.54
2021-04-15,4.83,4.85,4.88,4.81,178302,88531882.00,1.43,-0.61,-0.03,0.33
2021-04-16,4.84,4.89,4.90,4.82,188821,94489275.00,1.65,0.82,0.04,0.35
2021-04-19,4.94,4.88,4.94,4.87,220450,110584804.00,1.43,-0.20,-0.01,0.41
2021-04-20,4.87,4.84,4.90,4.84,165059,82445771.00,1.23,-0.82,-0.04,0.30
2021-04-21,4.82,4.82,4.85,4.80,133313,65964364.00,1.03,-0.41,-0.02,0.24
2021-04-22,4.82,4.79,4.84,4.78,140433,69226351.00,1.24,-0.62,-0.03,0.26
2021-04-23,4.79,4.78,4.80,4.74,191971,93924848.00,1.25,-0.21,-0.01,0.35
2021-04-26,4.78,4.79,4.83,4.77,145508,71645950.00,1.26,0.21,0.01,0.27
2021-04-27,4.79,4.72,4.81,4.71,157643,76773199.00,2.09,-1.46,-0.07,0.29
2021-04-28,4.73,4.75,4.82,4.69,137513,67243844.00,2.75,0.64,0.03,0.25
2021-04-29,4.75,4.82,4.85,4.73,221715,109514469.00,2.53,1.47,0.07,0.41
2021-04-30,4.84,4.76,4.84,4.73,183728,89880777.00,2.28,-1.24,-0.06,0.34
2021-05-06,4.73,4.65,4.75,4.62,276096,132613710.00,2.73,-2.31,-0.11,0.51
2021-05-07,4.65,4.66,4.72,4.57,229562,109137163.00,3.23,0.22,0.01,0.42
2021-05-10,4.65,4.60,4.65,4.60,141613,67223682.00,1.07,-1.29,-0.06,0.26
2021-05-11,4.58,4.62,4.63,4.56,125527,59346610.00,1.52,0.43,0.02,0.23
2021-05-12,4.61,4.68,4.70,4.58,158306,75855307.00,2.60,1.30,0.06,0.29
2021-05-13,4.65,4.90,5.01,4.63,658063,330292992.00,8.12,4.70,0.22,1.21
2021-05-14,4.86,4.94,5.16,4.83,1266547,648184912.00,6.73,0.82,0.04,2.33
2021-05-17,4.97,5.02,5.15,4.90,908077,470924176.00,5.06,1.62,0.08,1.67
2021-05-18,5.02,5.10,5.12,4.99,499464,259317431.00,2.59,1.59,0.08,0.92
2021-05-19,5.07,5.06,5.15,5.03,395667,206181908.00,2.35,-0.78,-0.04,0.73
2021-05-20,5.04,5.10,5.14,5.02,320427,167386741.00,2.37,0.79,0.04,0.59
2021-05-21,5.12,5.06,5.15,5.05,218943,113902248.00,1.96,-0.78,-0.04,0.40
2021-05-24,5.03,5.05,5.09,5.01,272493,141037914.00,1.58,-0.20,-0.01,0.50
2021-05-25,5.10,5.09,5.15,5.04,297311,155587388.00,2.18,0.79,0.04,0.55
2021-05-26,5.10,5.09,5.12,5.05,258511,134547617.00,1.38,0.00,0.00,0.47
2021-05-27,5.08,5.07,5.14,5.04,463668,241402005.00,1.96,-0.39,-0.02,0.85
2021-05-28,5.07,5.07,5.13,4.92,470047,242052294.00,4.14,0.00,0.00,0.86
2021-05-31,5.05,4.98,5.06,4.95,338659,173828368.00,2.17,-1.78,-0.09,0.62
2021-06-01,4.97,5.33,5.46,4.92,997590,534073488.00,10.84,7.03,0.35,1.83
2021-06-02,5.29,5.20,5.43,5.17,512954,276432400.00,4.88,-2.44,-0.13,0.94
2021-06-03,5.23,5.37,5.49,5.17,852417,468543968.00,6.15,3.27,0.17,1.57
2021-06-04,5.38,5.38,5.40,5.28,422327,231669147.00,2.23,0.19,0.01,0.78
2021-06-07,5.35,5.54,5.67,5.25,888551,497152880.00,7.81,2.97,0.16,1.63
2021-06-08,5.48,5.41,5.56,5.40,398931,223086141.00,2.89,-2.35,-0.13,0.73
2021-06-09,5.44,5.34,5.49,5.32,298667,164902039.00,3.14,-1.29,-0.07,0.55
2021-06-10,5.37,5.38,5.54,5.33,416597,231191869.00,3.93,0.75,0.04,0.77
2021-06-11,5.57,5.30,5.57,5.28,532617,294750112.00,5.39,-1.49,-0.08,0.98
2021-06-15,5.27,5.32,5.43,5.11,462740,249617763.00,6.04,0.38,0.02,0.85
2021-06-16,5.37,5.87,5.87,5.27,1437300,829084176.00,11.28,10.34,0.55,2.64
2021-06-17,5.81,5.58,5.84,5.51,1380931,794256624.00,5.62,-4.94,-0.29,2.54
2021-06-18,5.59,5.40,5.59,5.33,799273,436620416.00,4.66,-3.23,-0.18,1.47
2021-06-21,5.33,5.42,5.50,5.26,624754,340528400.00,4.44,0.37,0.02,1.15
2021-06-22,5.40,5.43,5.52,5.32,562965,308522000.00,3.69,0.18,0.01,1.03
2021-06-23,5.40,5.45,5.50,5.33,459017,252474567.00,3.13,0.37,0.02,0.84
2021-06-24,5.48,5.42,5.50,5.39,324725,179169178.00,2.02,-0.55,-0.03,0.60
2021-06-25,5.38,5.22,5.40,5.21,546530,292443536.00,3.51,-3.69,-0.20,1.00
2021-06-28,5.20,5.17,5.25,5.15,254660,133856506.00,1.92,-0.96,-0.05,0.47
2021-06-29,5.17,5.12,5.25,5.11,274613,143969703.00,2.71,-0.97,-0.05,0.50
2021-06-30,5.13,5.08,5.16,5.05,263492,135846374.00,2.15,-0.78,-0.04,0.48
2021-07-01,5.08,5.06,5.13,5.06,210701,108805881.00,1.38,-0.39,-0.02,0.39
2021-07-02,5.10,5.01,5.10,4.96,283180,143841274.00,2.77,-0.99,-0.05,0.52
2021-07-05,5.03,4.94,5.04,4.90,325866,163871873.00,2.79,-1.40,-0.07,0.60
2021-07-06,4.94,4.96,4.98,4.89,306784,153494147.00,1.82,0.40,0.02,0.56
2021-07-07,4.94,4.88,4.96,4.85,363926,180715638.00,2.22,-1.61,-0.08,0.67
2021-07-08,4.89,4.79,4.91,4.77,353600,172720076.00,2.87,-1.84,-0.09,0.65
2021-07-09,4.76,4.79,4.83,4.74,248600,120524999.00,1.88,0.00,0.00,0.46
2021-07-12,4.86,4.79,4.88,4.79,325118,159104323.00,1.88,0.00,0.00,0.60
2021-07-13,4.79,4.83,4.87,4.76,284222,138801966.00,2.30,0.84,0.04,0.52
2021-07-14,4.83,4.74,4.87,4.73,362236,175515146.00,2.90,-1.86,-0.09,0.67
2021-07-15,4.74,4.71,4.75,4.65,263391,125387525.00,2.11,-0.63,-0.03,0.48
2021-07-16,4.71,4.77,4.77,4.70,188239,90531262.00,1.49,1.27,0.06,0.35
2021-07-19,4.77,4.74,4.78,4.69,160205,76796501.00,1.89,-0.63,-0.03,0.29
2021-07-20,4.74,4.76,4.78,4.72,153084,73790486.00,1.27,0.42,0.02,0.28
2021-07-21,4.76,4.75,4.79,4.72,180127,86865261.00,1.47,-0.21,-0.01,0.33
2021-07-22,4.75,4.70,4.76,4.66,247567,118125920.00,2.11,-1.05,-0.05,0.45
2021-07-23,4.71,4.62,4.71,4.58,340420,160170981.00,2.77,-1.70,-0.08,0.63
2021-07-26,4.61,4.47,4.62,4.43,309307,141303251.00,4.11,-3.25,-0.15,0.57
2021-07-27,4.48,4.47,4.52,4.43,230983,104972247.00,2.01,0.00,0.00,0.42
2021-07-28,4.46,4.46,4.55,4.43,252167,114756309.00,2.68,-0.22,-0.01,0.46
2021-07-29,4.49,4.45,4.50,4.42,219936,99580239.00,1.79,-0.22,-0.01,0.40
2021-07-30,4.46,4.34,4.46,4.34,269112,119489577.00,2.70,-2.47,-0.11,0.49
2021-08-02,4.34,4.52,4.55,4.29,383674,173082978.00,5.99,4.15,0.18,0.70
2021-08-03,4.50,4.52,4.57,4.47,196073,89995615.00,2.21,0.00,0.00,0.36
2021-08-04,4.51,4.55,4.59,4.46,230928,106291479.00,2.88,0.66,0.03,0.42
2021-08-05,4.52,4.57,4.59,4.49,252581,116958155.00,2.20,0.44,0.02,0.46
2021-08-06,4.56,4.47,4.56,4.46,212182,96686385.00,2.19,-2.19,-0.10,0.39
2021-08-09,4.51,4.73,4.83,4.49,547116,259878664.00,7.61,5.82,0.26,1.01
2021-08-10,4.75,4.74,4.76,4.68,216504,103403039.00,1.69,0.21,0.01,0.40
2021-08-11,4.74,4.66,4.78,4.64,295586,141004647.00,2.95,-1.69,-0.08,0.54
2021-08-12,4.67,4.64,4.69,4.64,185181,87630197.00,1.07,-0.43,-0.02,0.34
2021-08-13,4.63,4.56,4.63,4.53,220319,102283597.00,2.16,-1.72,-0.08,0.40
2021-08-16,4.56,4.63,4.65,4.55,181450,85121926.00,2.19,1.54,0.07,0.33
2021-08-17,4.62,4.51,4.66,4.48,218362,101322084.00,3.89,-2.59,-0.12,0.40
2021-08-18,4.48,4.54,4.56,4.45,166433,76157776.00,2.44,0.67,0.03,0.31
2021-08-19,4.53,4.49,4.56,4.48,126586,57907283.00,1.76,-1.10,-0.05,0.23
2021-08-20,4.51,4.49,4.51,4.43,134177,60792502.00,1.78,0.00,0.00,0.25
2021-08-23,4.49,4.49,4.57,4.48,235903,108057223.00,2.00,0.00,0.00,0.43
2021-08-24,4.50,4.45,4.51,4.44,213736,96683001.00,1.56,-0.89,-0.04,0.39
2021-08-25,4.46,4.44,4.46,4.40,165644,74480029.00,1.35,-0.22,-0.01,0.30
2021-08-26,4.42,4.49,4.54,4.40,282502,128674931.00,3.15,1.13,0.05,0.52
2021-08-27,4.48,4.44,4.49,4.42,171764,77591720.00,1.56,-1.11,-0.05,0.32
2021-08-30,4.43,4.39,4.45,4.38,215446,96318714.00,1.58,-1.13,-0.05,0.40
2021-08-31,4.40,4.44,4.47,4.38,179761,80723297.00,2.05,1.14,0.05,0.33
2021-09-01,4.44,4.52,4.53,4.41,298700,136080830.00,2.70,1.80,0.08,0.55
2021-09-02,4.49,4.54,4.57,4.49,214808,98601409.00,1.77,0.44,0.02,0.39
2021-09-03,4.55,4.54,4.58,4.50,216060,99580853.00,1.76,0.00,0.00,0.40
2021-09-06,4.54,4.67,4.71,4.53,435172,205036488.00,3.96,2.86,0.13,0.80
2021-09-07,4.65,4.69,4.75,4.64,379969,181357818.00,2.36,0.43,0.02,0.70
2021-09-08,4.69,4.71,4.74,4.65,338371,161562642.00,1.92,0.43,0.02,0.62
2021-09-09,4.71,4.76,4.81,4.69,424590,204405034.00,2.55,1.06,0.05,0.78
2021-09-10,4.76,4.79,4.85,4.75,376057,182973866.00,2.10,0.63,0.03,0.69
2021-09-13,4.82,4.92,4.95,4.74,580701,286743248.00,4.38,2.71,0.13,1.07
2021-09-14,4.93,4.89,5.12,4.87,703317,355389584.00,5.08,-0.61,-0.03,1.29
2021-09-15,4.87,4.81,4.95,4.80,367104,180764303.00,3.07,-1.64,-0.08,0.67
2021-09-16,4.83,4.76,4.95,4.76,378516,186695611.00,3.95,-1.04,-0.05,0.70
2021-09-17,4.77,4.76,4.86,4.68,329764,159269859.00,3.78,0.00,0.00,0.61
2021-09-22,4.70,4.77,4.82,4.65,312783,149751842.00,3.57,0.21,0.01,0.57
2021-09-23,4.77,4.86,4.86,4.77,346658,169506960.00,1.89,1.89,0.09,0.64
2021-09-24,4.86,4.76,4.90,4.75,281129,136971309.00,3.09,-2.06,-0.10,0.52
2021-09-27,4.76,4.75,4.80,4.66,317441,152403199.00,2.94,-0.21,-0.01,0.58
2021-09-28,4.73,4.72,4.76,4.69,176178,84505526.00,1.47,-0.63,-0.03,0.32
2021-09-29,4.70,4.61,4.71,4.59,241988,113796668.00,2.54,-2.33,-0.11,0.44
2021-09-30,4.61,4.63,4.65,4.59,176320,82592168.00,1.30,0.43,0.02,0.32
2021-10-08,4.66,4.74,4.76,4.65,209461,100373909.00,2.38,2.38,0.11,0.38
2021-10-11,4.74,4.75,4.81,4.72,169604,82009603.00,1.90,0.21,0.01,0.31
2021-10-12,4.73,4.66,4.76,4.64,181728,86434568.00,2.53,-1.89,-0.09,0.33
2021-10-13,4.66,4.64,4.68,4.60,136251,64124076.00,1.72,-0.43,-0.02,0.25
2021-10-14,4.64,4.58,4.65,4.55,171593,79973116.00,2.16,-1.29,-0.06,0.32
2021-10-15,4.58,4.57,4.61,4.55,156787,72925164.00,1.31,-0.22,-0.01,0.29
2021-10-18,4.58,4.48,4.58,4.47,223014,101903283.00,2.41,-1.97,-0.09,0.41
2021-10-19,4.47,4.44,4.50,4.43,252632,114445801.00,1.56,-0.89,-0.04,0.46
2021-10-20,4.44,4.42,4.47,4.41,179475,80950483.00,1.35,-0.45,-0.02,0.33
2021-10-21,4.42,4.43,4.46,4.40,159646,71798659.00,1.36,0.23,0.01,0.29
2021-10-22,4.45,4.59,4.72,4.43,589564,276494992.00,6.55,3.61,0.16,1.08
2021-10-25,4.51,4.45,4.53,4.41,368317,166631603.00,2.61,-3.05,-0.14,0.68
2021-10-26,4.42,4.41,4.45,4.40,205834,92472877.00,1.12,-0.90,-0.04,0.38
2021-10-27,4.43,4.37,4.44,4.34,162421,72031409.00,2.27,-0.91,-0.04,0.30
2021-10-28,4.37,4.46,4.49,4.36,315939,142493171.00,2.97,2.06,0.09,0.58
2021-10-29,4.47,4.81,4.86,4.46,853015,408487392.00,8.97,7.85,0.35,1.57
2021-11-01,4.79,5.02,5.07,4.75,894240,450123312.00,6.65,4.37,0.21,1.64
2021-11-02,5.02,5.03,5.08,4.93,730420,371982432.00,2.99,0.20,0.01,1.34
2021-11-03,5.06,5.08,5.11,4.99,470987,242266050.00,2.39,0.99,0.05,0.87
2021-11-04,5.12,5.03,5.12,4.98,427215,217650947.00,2.76,-0.98,-0.05,0.78
2021-11-05,5.05,4.85,5.05,4.83,446284,221299375.00,4.37,-3.58,-0.18,0.82
2021-11-08,4.86,4.77,4.89,4.77,277751,135290128.00,2.47,-1.65,-0.08,0.51
2021-11-09,4.80,4.73,4.85,4.72,260584,125873683.00,2.73,-0.84,-0.04,0.48
2021-11-10,4.74,4.72,4.77,4.68,263777,126371114.00,1.90,-0.21,-0.01,0.48
2021-11-11,4.70,4.71,4.74,4.68,249342,119290567.00,1.27,-0.21,-0.01,0.46
2021-11-12,4.74,4.65,4.75,4.61,304750,143951595.00,2.97,-1.27,-0.06,0.56
2021-11-15,4.62,4.62,4.71,4.58,317010,148773700.00,2.80,-0.65,-0.03,0.58
2021-11-16,4.62,4.62,4.73,4.61,364654,172796406.00,2.60,0.00,0.00,0.67
2021-11-17,4.63,4.57,4.64,4.53,288169,133733003.00,2.38,-1.08,-0.05,0.53
2021-11-18,4.56,4.54,4.62,4.53,273512,127023136.00,1.97,-0.66,-0.03,0.50
2021-11-19,4.55,4.57,4.60,4.54,215034,99735059.00,1.32,0.66,0.03,0.40
2021-11-22,4.68,4.57,4.69,4.57,316056,147493474.00,2.63,0.00,0.00,0.58
2021-11-23,4.57,4.60,4.68,4.55,277645,129994064.00,2.84,0.66,0.03,0.51
2021-11-24,4.67,4.61,4.67,4.60,219659,103189305.00,1.52,0.22,0.01,0.40
2021-11-25,4.60,4.62,4.64,4.59,177084,82986219.00,1.08,0.22,0.01,0.33
2021-11-26,4.61,4.57,4.62,4.55,213844,99378491.00,1.52,-1.08,-0.05,0.39
2021-11-29,4.51,4.54,4.56,4.46,205236,94293511.00,2.19,-0.66,-0.03,0.38
2021-11-30,4.54,4.53,4.57,4.52,175064,80746782.00,1.10,-0.22,-0.01,0.32
2021-12-01,4.51,4.61,4.61,4.49,192752,89332242.00,2.65,1.77,0.08,0.35
2021-12-02,4.59,4.59,4.63,4.58,201303,94138350.00,1.08,-0.43,-0.02,0.37
2021-12-03,4.61,4.64,4.65,4.58,206055,96594947.00,1.53,1.09,0.05,0.38
2021-12-06,4.68,4.63,4.70,4.62,242236,114415122.00,1.72,-0.22,-0.01,0.45
2021-12-07,4.68,4.59,4.68,4.57,214368,100391358.00,2.38,-0.86,-0.04,0.39
2021-12-08,4.59,4.62,4.65,4.56,194244,91018286.00,1.96,0.65,0.03,0.36
2021-12-09,4.62,4.69,4.71,4.60,336117,159371357.00,2.38,1.52,0.07,0.62
2021-12-10,4.69,4.65,4.73,4.64,217355,103076212.00,1.92,-0.85,-0.04,0.40
2021-12-13,4.65,4.65,4.68,4.64,182655,86477929.00,0.86,0.00,0.00,0.34
2021-12-14,4.64,4.66,4.69,4.61,195228,92022056.00,1.72,0.22,0.01,0.36
2021-12-15,4.67,4.62,4.67,4.61,179327,84271744.00,1.29,-0.86,-0.04,0.33
2021-12-16,4.62,4.60,4.63,4.57,191655,89488603.00,1.30,-0.43,-0.02,0.35
2021-12-17,4.60,4.59,4.61,4.56,168653,78362041.00,1.09,-0.22,-0.01,0.31
2021-12-20,4.53,4.57,4.58,4.53,209092,96672845.00,1.09,-0.44,-0.02,0.38
2021-12-21,4.55,4.65,4.66,4.54,283063,132900029.00,2.63,1.75,0.08,0.52
2021-12-22,4.66,4.68,4.70,4.64,253134,120092059.00,1.29,0.65,0.03,0.47
2021-12-23,4.67,4.65,4.70,4.63,188785,89130498.00,1.50,-0.64,-0.03,0.35
2021-12-24,4.65,4.68,4.70,4.59,273007,128876602.00,2.37,0.65,0.03,0.50
2021-12-27,4.67,4.66,4.70,4.64,189868,89933145.00,1.28,-0.43,-0.02,0.35
2021-12-28,4.65,4.65,4.66,4.61,131021,61696295.00,1.07,-0.21,-0.01,0.24
2021-12-29,4.63,4.69,4.69,4.60,212825,100545066.00,1.94,0.86,0.04,0.39
2021-12-30,4.69,4.72,4.81,4.67,286312,137585989.00,2.99,0.64,0.03,0.53
2021-12-31,4.74,4.78,4.80,4.70,282683,136504813.00,2.12,1.27,0.06,0.52