2023-01-03,13.65,14.02,14.13,13.42,7459,10314456.00,5.25,3.70,0.50,1.31
2023-01-04,13.99,14.08,14.16,13.98,6769,9525095.00,1.28,0.43,0.06,1.19
2023-01-05,14.13,14.22,14.23,13.95,6209,8757418.00,1.99,0.99,0.14,1.09
2023-01-06,14.22,15.47,16.86,14.16,56087,87005792.00,18.99,8.79,1.25,9.84
2023-01-09,15.27,15.97,15.98,15.06,56330,87781291.00,5.95,3.23,0.50,9.88
2023-01-10,15.78,15.66,15.95,15.60,28658,45073687.00,2.19,-1.94,-0.31,5.03
2023-01-11,15.52,15.55,15.87,15.50,21083,32962121.00,2.36,-0.70,-0.11,3.70
2023-01-12,15.55,15.25,15.55,15.14,19153,29353201.00,2.64,-1.93,-0.30,3.36
2023-01-13,15.16,15.20,15.39,15.04,8878,13455029.00,2.30,-0.33,-0.05,1.56
2023-01-16,15.20,15.33,15.38,15.13,8970,13714433.00,1.64,0.86,0.13,1.57
2023-01-17,15.34,15.36,15.51,15.15,10057,15403169.00,2.35,0.20,0.03,1.76
2023-01-18,15.36,15.45,15.50,15.21,10331,15921737.00,1.89,0.59,0.09,1.81
2023-01-19,15.39,15.26,15.46,15.19,11462,17517483.00,1.75,-1.23,-0.19,2.01
2023-01-20,15.20,15.29,15.42,15.20,9006,13766099.00,1.44,0.20,0.03,1.58