2011-01-04,5.84,5.96,6.02,5.76,68664,63589396.00,4.44,1.71,0.10,2.91
2011-01-05,5.88,5.83,5.96,5.80,40826,37518144.00,2.68,-2.18,-0.13,1.73
2011-01-06,5.86,5.74,5.88,5.71,37606,33750815.00,2.92,-1.54,-0.09,1.59
2011-01-07,5.76,5.82,5.92,5.71,47496,43320003.00,3.66,1.39,0.08,2.01
2011-01-10,5.82,5.59,5.83,5.59,33430,29655450.00,4.12,-3.95,-0.23,1.42
2011-01-11,5.57,5.60,5.70,5.52,17524,15249533.00,3.22,0.18,0.01,0.74
2011-01-12,5.60,5.65,5.70,5.54,12857,11246325.00,2.86,0.89,0.05,0.54
2011-01-13,5.63,5.59,5.70,5.56,13323,11634004.00,2.48,-1.06,-0.06,0.56
2011-01-14,5.54,5.50,5.58,5.49,12605,10781542.00,1.61,-1.61,-0.09,0.53
2011-01-17,5.48,5.25,5.50,5.22,24509,20214650.00,5.09,-4.55,-0.25,1.04
2011-01-18,5.20,5.23,5.26,5.14,11085,8856799.00,2.29,-0.38,-0.02,0.47
2011-01-19,5.21,5.30,5.31,5.18,14467,11692364.00,2.49,1.34,0.07,0.61
2011-01-20,5.31,5.15,5.31,4.98,18936,15057797.00,6.23,-2.83,-0.15,0.80
2011-01-21,5.18,5.19,5.25,5.11,14650,11669115.00,2.72,0.78,0.04,0.62
2011-01-24,5.19,5.13,5.29,5.11,10929,8691414.00,3.47,-1.16,-0.06,0.46
2011-01-25,5.13,5.06,5.19,4.85,11058,8571285.00,6.63,-1.36,-0.07,0.47
2011-01-26,5.10,5.09,5.11,5.03,5589,4361952.00,1.58,0.59,0.03,0.24
2011-01-27,5.09,5.14,5.18,5.09,8855,6997217.00,1.77,0.98,0.05,0.38
2011-01-28,5.09,5.23,5.24,5.09,10817,8644125.00,2.92,1.75,0.09,0.46
2011-01-31,5.22,5.26,5.29,5.15,11030,8899213.00,2.68,0.57,0.03,0.47
2011-02-01,5.26,5.31,5.37,5.23,16235,13303937.00,2.66,0.95,0.05,0.69
2011-02-09,5.25,5.32,5.42,5.25,15568,12819749.00,3.20,0.19,0.01,0.66
2011-02-10,5.33,5.42,5.47,5.29,25614,21379665.00,3.38,1.88,0.10,1.09
2011-02-11,5.42,5.46,5.49,5.37,24584,20675962.00,2.21,0.74,0.04,1.04
2011-02-14,5.49,5.60,5.61,5.47,44609,38364961.00,2.56,2.56,0.14,1.89
2011-02-15,5.77,5.80,6.08,5.73,108794,100512157.00,6.25,3.57,0.20,4.61
2011-02-16,5.82,5.87,5.90,5.78,54706,50015300.00,2.07,1.21,0.07,2.32
2011-02-17,5.86,5.84,5.88,5.78,36604,33269166.00,1.70,-0.51,-0.03,1.55
2011-02-18,5.86,5.86,5.89,5.80,29842,27279285.00,1.54,0.34,0.02,1.26
2011-02-21,5.86,5.92,5.98,5.82,69093,63736339.00,2.73,1.02,0.06,2.93
2011-02-22,5.92,5.75,5.94,5.73,50817,46065705.00,3.55,-2.87,-0.17,2.15
2011-02-23,5.74,5.82,5.83,5.74,34438,31126015.00,1.57,1.22,0.07,1.46
2011-02-24,5.79,5.90,5.91,5.76,36420,33318046.00,2.58,1.37,0.08,1.54
2011-02-25,5.90,5.90,5.92,5.83,32873,30256348.00,1.53,0.00,0.00,1.39
2011-02-28,5.91,5.90,5.91,5.86,38014,34945155.00,0.85,0.00,0.00,1.61
2011-03-01,5.92,5.95,6.02,5.90,61635,57523207.00,2.03,0.85,0.05,2.61
2011-03-02,5.94,6.03,6.04,5.90,48883,45755981.00,2.35,1.34,0.08,2.07
2011-03-03,6.06,5.86,6.07,5.84,37576,35050633.00,3.81,-2.82,-0.17,1.59
2011-03-04,5.88,5.91,5.94,5.83,26631,24502741.00,1.88,0.85,0.05,1.13
2011-03-07,5.99,5.98,6.02,5.90,37792,35333665.00,2.03,1.18,0.07,1.60
2011-03-09,6.03,6.15,6.21,6.00,65432,63020064.00,3.51,2.84,0.17,2.77
2011-03-10,6.11,6.06,6.23,6.03,33189,31851617.00,3.25,-1.46,-0.09,1.41
2011-03-11,6.06,6.07,6.19,6.01,35081,33607711.00,2.97,0.17,0.01,1.49
2011-03-14,6.04,6.09,6.11,6.03,31546,30109879.00,1.32,0.33,0.02,1.34
2011-03-15,6.07,5.92,6.08,5.83,44514,41228212.00,4.11,-2.79,-0.17,1.89
2011-03-16,5.91,5.94,6.00,5.86,45954,42592290.00,2.36,0.34,0.02,1.95
2011-03-17,5.89,5.86,5.95,5.82,31874,29296576.00,2.19,-1.35,-0.08,1.35
2011-03-18,5.93,5.99,6.11,5.90,64145,60442762.00,3.58,2.22,0.13,2.72
2011-03-21,5.98,5.99,6.05,5.94,24680,23179766.00,1.84,0.00,0.00,1.05
2011-03-22,6.01,6.06,6.07,5.95,30645,28841873.00,2.00,1.17,0.07,1.30
2011-03-23,6.06,6.32,6.39,5.98,115028,112127756.00,6.77,4.29,0.26,4.87
2011-03-24,6.29,6.36,6.62,6.26,80677,60350926.00,5.70,0.63,0.04,2.53
2011-03-25,6.27,6.28,6.31,6.14,92050,66394997.00,2.67,-1.26,-0.08,2.89
2011-03-28,6.22,6.27,6.35,6.21,68086,49569812.00,2.23,-0.16,-0.01,2.14
2011-03-29,6.29,6.12,6.32,6.09,76035,54436317.00,3.67,-2.39,-0.15,2.39
2011-03-30,6.13,6.12,6.18,6.07,36833,26132773.00,1.80,0.00,0.00,1.16
2011-03-31,6.13,6.20,6.26,6.10,44350,31711927.00,2.61,1.31,0.08,1.39
2011-04-01,6.25,6.21,6.27,6.13,26924,19331546.00,2.26,0.16,0.01,0.85
2011-04-06,6.22,6.18,6.23,6.12,36062,25838554.00,1.77,-0.48,-0.03,1.13
2011-04-07,6.19,6.34,6.36,6.18,63571,46483435.00,2.91,2.59,0.16,2.00
2011-04-08,6.34,6.44,6.46,6.28,73254,54157502.00,2.84,1.58,0.10,2.30
2011-04-11,6.44,6.32,6.56,6.31,70093,52385328.00,3.88,-1.86,-0.12,2.20
2011-04-12,6.35,6.32,6.39,6.26,44263,32435320.00,2.06,0.00,0.00,1.39
2011-04-13,6.30,6.39,6.39,6.26,33365,24608322.00,2.06,1.11,0.07,1.05
2011-04-14,6.38,6.56,6.57,6.32,79173,59718104.00,3.91,2.66,0.17,2.49
2011-04-15,6.50,6.55,6.59,6.46,62951,47895068.00,1.98,-0.15,-0.01,1.98
2011-04-18,6.48,6.55,6.59,6.44,43568,33164468.00,2.29,0.00,0.00,1.37
2011-04-19,6.54,6.32,6.54,6.29,70441,52215528.00,3.82,-3.51,-0.23,2.21
2011-04-20,6.33,6.39,6.46,6.29,37977,28148200.00,2.69,1.11,0.07,1.19
2011-04-21,6.40,6.64,6.66,6.39,82400,62965478.00,4.23,3.91,0.25,2.59
2011-04-22,6.59,6.59,6.74,6.50,87174,67588585.00,3.61,-0.75,-0.05,2.74
2011-04-25,6.56,7.19,7.19,6.39,263641,217424788.00,12.14,9.10,0.60,8.27
2011-04-26,7.20,7.33,7.73,6.94,367055,314078151.00,10.99,1.95,0.14,11.52
2011-04-27,7.19,7.33,7.56,7.07,256694,221656790.00,6.68,0.00,0.00,8.06
2011-04-28,7.24,6.99,7.49,6.81,169884,142203676.00,9.28,-4.64,-0.34,5.33
2011-04-29,6.96,6.96,7.04,6.67,107995,87346902.00,5.29,-0.43,-0.03,3.39
2011-05-03,6.96,7.32,7.39,6.92,139210,117794264.00,6.75,5.17,0.36,4.37
2011-05-04,7.22,7.36,7.39,7.06,121177,103199596.00,4.51,0.55,0.04,3.80
2011-05-05,7.30,7.26,7.67,7.22,158612,139753446.00,6.11,-1.36,-0.10,4.98
2011-05-06,7.09,7.10,7.25,6.94,101880,84821758.00,4.27,-2.20,-0.16,3.20
2011-05-09,7.13,7.48,7.57,7.06,155073,135615166.00,7.18,5.35,0.38,4.87
2011-05-11,7.36,7.67,7.81,7.29,184132,166026364.00,6.95,2.54,0.19,5.78
2011-05-12,7.56,7.45,7.84,7.36,149556,135565902.00,6.26,-2.87,-0.22,4.69
2011-05-13,7.41,7.97,8.06,7.31,194526,178656926.00,10.07,6.98,0.52,6.11
2011-05-16,7.92,8.12,8.31,7.85,246333,238241716.00,5.77,1.88,0.15,7.73
2011-05-17,8.06,7.91,8.35,7.88,173564,168589493.00,5.79,-2.59,-0.21,5.45
2011-05-18,7.75,7.82,8.17,7.72,115056,108386604.00,5.69,-1.14,-0.09,3.61
2011-05-19,7.74,7.86,8.04,7.74,88660,83174185.00,3.84,0.51,0.04,2.78
2011-05-20,7.80,7.65,7.96,7.45,106350,97452246.00,6.49,-2.67,-0.21,3.34
2011-05-23,7.59,7.24,7.66,7.11,109761,95162933.00,7.19,-5.36,-0.41,3.45
2011-05-24,7.15,7.38,7.40,7.13,51735,44578489.00,3.73,1.93,0.14,1.62
2011-05-25,7.39,7.14,7.41,7.08,47971,40872782.00,4.47,-3.25,-0.24,1.51
2011-05-26,7.14,6.99,7.29,6.96,49410,41060856.00,4.62,-2.10,-0.15,1.55
2011-05-27,7.00,6.72,7.06,6.71,48092,38328108.00,5.01,-3.86,-0.27,1.51
2011-05-30,6.66,6.66,6.86,6.61,40072,31597309.00,3.72,-0.89,-0.06,1.26
2011-05-31,6.66,6.86,6.92,6.66,34560,27472290.00,3.90,3.00,0.20,1.08
2011-06-01,6.83,6.88,6.97,6.79,30671,24700671.00,2.62,0.29,0.02,0.96
2011-06-02,6.79,6.59,6.81,6.44,58663,45268526.00,5.38,-4.22,-0.29,1.84
2011-06-03,6.59,6.60,6.69,6.56,35894,27772395.00,1.97,0.15,0.01,1.13
2011-06-07,6.59,6.67,6.72,6.57,28712,22371283.00,2.27,1.06,0.07,0.90
2011-06-08,6.68,6.85,6.86,6.52,45505,35595853.00,5.10,2.70,0.18,1.43
2011-06-09,6.80,6.69,6.86,6.68,36427,28830453.00,2.63,-2.34,-0.16,1.14
2011-06-10,6.68,6.94,6.97,6.63,53144,42540127.00,5.08,3.74,0.25,1.67
2011-06-13,6.91,7.04,7.16,6.79,68418,56595255.00,5.33,1.44,0.10,2.15
2011-06-14,7.06,7.06,7.19,6.99,39266,32812546.00,2.84,0.28,0.02,1.23
2011-06-15,7.03,6.82,7.12,6.73,68540,55492027.00,5.52,-3.40,-0.24,2.15
2011-06-16,6.74,6.62,6.77,6.59,26975,21053200.00,2.64,-2.93,-0.20,0.85
2011-06-17,6.59,6.45,6.69,6.42,29718,22638433.00,4.08,-2.57,-0.17,0.93
2011-06-20,6.48,6.43,6.52,6.36,15023,11270843.00,2.48,-0.31,-0.02,0.47
2011-06-21,6.44,6.59,6.64,6.44,23528,18035580.00,3.11,2.49,0.16,0.74
2011-06-22,6.60,6.54,6.62,6.53,10214,7813210.00,1.37,-0.76,-0.05,0.32
2011-06-23,6.56,6.66,6.71,6.46,24610,19041899.00,3.82,1.83,0.12,0.77
2011-06-24,6.65,6.74,6.85,6.63,52023,41214845.00,3.30,1.20,0.08,1.63
2011-06-27,6.69,6.86,6.98,6.69,41919,33732499.00,4.30,1.78,0.12,1.32
2011-06-28,6.87,6.89,6.92,6.78,24460,19665881.00,2.04,0.44,0.03,0.77
2011-06-29,6.89,6.72,6.89,6.68,36793,29168364.00,3.05,-2.47,-0.17,1.15
2011-06-30,6.74,6.80,6.81,6.69,26484,20925747.00,1.79,1.19,0.08,0.83
2011-07-01,6.81,6.88,6.90,6.75,41349,33117609.00,2.21,1.18,0.08,1.30
2011-07-04,7.00,7.03,7.06,6.88,68679,56160835.00,2.62,2.18,0.15,2.16
2011-07-05,7.21,7.32,7.59,7.21,155047,135417265.00,5.41,4.13,0.29,4.87
2011-07-06,7.22,7.31,7.40,7.14,83791,71686823.00,3.55,-0.14,-0.01,2.63
2011-07-07,7.25,7.21,7.37,7.19,58996,50553780.00,2.46,-1.37,-0.10,1.85
2011-07-08,7.22,7.21,7.28,7.11,36402,30670490.00,2.36,0.00,0.00,1.14
2011-07-11,7.16,7.30,7.32,7.15,45458,38971997.00,2.36,1.25,0.09,1.43
2011-07-12,7.25,7.09,7.25,7.09,42771,35916734.00,2.19,-2.88,-0.21,1.34
2011-07-13,7.06,7.16,7.21,7.06,42441,35696235.00,2.12,0.99,0.07,1.33
2011-07-14,7.16,7.18,7.23,7.13,37232,31518870.00,1.40,0.28,0.02,1.17
2011-07-15,7.22,7.16,7.23,7.11,43305,36538140.00,1.67,-0.28,-0.02,1.36
2011-07-18,7.18,7.29,7.30,7.12,80519,68525132.00,2.51,1.82,0.13,2.53
2011-07-19,7.25,7.18,7.25,7.14,26750,22681309.00,1.51,-1.51,-0.11,0.84
2011-07-20,7.19,7.27,7.29,7.13,56088,47932802.00,2.23,1.25,0.09,1.76
2011-07-21,7.29,7.27,7.31,7.16,50965,43574813.00,2.06,0.00,0.00,1.60
2011-07-22,7.24,7.17,7.30,7.15,35495,30248387.00,2.06,-1.38,-0.10,1.11
2011-07-25,7.18,6.76,7.27,6.69,67059,54227888.00,8.09,-5.72,-0.41,2.10
2011-07-26,6.67,6.69,6.78,6.59,45504,35427181.00,2.81,-1.04,-0.07,1.43
2011-07-27,6.69,6.73,6.79,6.60,37992,29763490.00,2.84,0.60,0.04,1.19
2011-07-28,6.67,6.71,6.72,6.62,21489,16752242.00,1.49,-0.30,-0.02,0.67
2011-07-29,6.70,6.84,7.32,6.67,41786,33986015.00,9.69,1.94,0.13,1.31
2011-08-01,6.78,6.85,6.92,6.77,23089,18590085.00,2.19,0.15,0.01,0.72
2011-08-02,6.86,6.91,6.94,6.81,42042,33934379.00,1.90,0.88,0.06,1.32
2011-08-03,6.83,6.77,6.87,6.62,30579,24227853.00,3.62,-2.03,-0.14,0.96
2011-08-04,6.81,6.76,6.90,6.75,28975,23118370.00,2.22,-0.15,-0.01,0.91
2011-08-05,6.59,6.56,6.63,6.46,42819,32742189.00,2.51,-2.96,-0.20,1.34
2011-08-08,6.50,6.03,6.50,5.97,57802,41458313.00,8.08,-8.08,-0.53,1.81
2011-08-09,5.95,5.92,6.01,5.67,46884,31553030.00,5.64,-1.82,-0.11,1.47
2011-08-10,6.05,6.02,6.16,6.02,32406,22787865.00,2.36,1.69,0.10,1.02
2011-08-11,5.81,6.09,6.12,5.81,29647,20614830.00,5.15,1.16,0.07,0.93
2011-08-12,6.14,6.19,6.22,6.12,33319,23792621.00,1.64,1.64,0.10,1.05
2011-08-15,6.19,6.57,6.59,6.19,60791,45067996.00,6.46,6.14,0.38,1.91
2011-08-16,6.52,6.53,6.62,6.45,48964,37390085.00,2.59,-0.61,-0.04,1.54
2011-08-17,6.62,6.52,6.80,6.46,84623,64854733.00,5.21,-0.15,-0.01,2.66
2011-08-18,6.50,6.25,6.55,6.24,44290,32697830.00,4.75,-4.14,-0.27,1.39
2011-08-19,6.14,6.19,6.19,6.06,25362,18025477.00,2.08,-0.96,-0.06,0.80
2011-08-23,6.24,6.26,6.26,6.13,27045,19419906.00,2.10,1.13,0.07,0.85
2011-08-24,6.26,6.19,6.32,6.18,40450,29311736.00,2.24,-1.12,-0.07,1.27
2011-08-25,6.19,6.29,6.30,6.16,32979,23866485.00,2.26,1.62,0.10,1.04
2011-08-26,6.26,6.28,6.31,6.21,23312,16938527.00,1.59,-0.16,-0.01,0.73
2011-08-29,6.27,6.12,6.27,6.12,25252,18047556.00,2.39,-2.55,-0.16,0.79
2011-08-30,6.16,6.16,6.22,6.12,18470,13191438.00,1.63,0.65,0.04,0.58
2011-08-31,6.14,6.12,6.16,6.06,12291,8688525.00,1.62,-0.65,-0.04,0.39
2011-09-01,6.14,6.09,6.19,6.08,13988,9927181.00,1.80,-0.49,-0.03,0.44
2011-09-02,6.09,6.04,6.09,5.97,18231,12649311.00,1.97,-0.82,-0.05,0.57
2011-09-05,5.96,5.95,5.98,5.88,15112,10341496.00,1.66,-1.49,-0.09,0.47
2011-09-06,5.89,5.92,5.96,5.82,11363,7714696.00,2.35,-0.50,-0.03,0.36
2011-09-07,5.94,6.01,6.02,5.91,13282,9173136.00,1.86,1.52,0.09,0.42
2011-09-08,6.03,5.99,6.09,5.98,15790,11027143.00,1.83,-0.33,-0.02,0.50
2011-09-09,6.01,5.93,6.03,5.88,8775,6023650.00,2.50,-1.00,-0.06,0.28
2011-09-13,5.84,5.86,5.89,5.82,8908,6003993.00,1.18,-1.18,-0.07,0.28
2011-09-14,5.89,5.92,5.92,5.81,10176,6862460.00,1.88,1.02,0.06,0.32
2011-09-15,5.92,6.01,6.02,5.91,15808,10888520.00,1.86,1.52,0.09,0.50
2011-09-16,6.01,5.97,6.07,5.96,11792,8174751.00,1.83,-0.67,-0.04,0.37
2011-09-19,5.96,5.84,5.97,5.84,8061,5456342.00,2.18,-2.18,-0.13,0.25
2011-09-20,5.84,5.82,5.88,5.78,14464,9700201.00,1.71,-0.34,-0.02,0.45
2011-09-21,5.82,5.98,5.99,5.79,14367,9823701.00,3.44,2.75,0.16,0.45
2011-09-22,5.95,5.84,5.95,5.82,12820,8678118.00,2.17,-2.34,-0.14,0.40
2011-09-23,5.79,5.77,5.81,5.71,12888,8546256.00,1.71,-1.20,-0.07,0.40
2011-09-26,5.70,5.60,5.80,5.56,12808,8386003.00,4.16,-2.95,-0.17,0.40
2011-09-27,5.60,5.83,5.84,5.60,42873,28311433.00,4.29,4.11,0.23,1.35
2011-09-28,5.86,5.94,6.12,5.86,62722,43312433.00,4.46,1.89,0.11,1.97
2011-09-29,5.90,5.95,5.96,5.76,34269,23097108.00,3.37,0.17,0.01,1.08
2011-09-30,5.92,5.86,5.96,5.81,20693,14015380.00,2.52,-1.51,-0.09,0.65
2011-10-10,5.86,5.84,5.96,5.75,16074,10764451.00,3.58,-0.34,-0.02,0.50
2011-10-11,5.93,5.59,5.96,5.59,94973,62606228.00,6.34,-4.28,-0.25,2.98
2011-10-12,5.49,5.65,5.76,5.32,36832,23542913.00,7.87,1.07,0.06,1.16
2011-10-13,5.63,5.66,5.74,5.59,23029,14964284.00,2.65,0.18,0.01,0.72
2011-10-14,5.68,5.57,5.70,5.52,19344,12360951.00,3.18,-1.59,-0.09,0.61
2011-10-17,5.56,5.63,5.65,5.56,15391,9899294.00,1.62,1.08,0.06,0.48
2011-10-18,5.62,5.42,5.62,5.42,21940,13739794.00,3.55,-3.73,-0.21,0.69
2011-10-19,5.46,5.38,5.52,5.36,17775,10989528.00,2.95,-0.74,-0.04,0.56
2011-10-20,5.36,5.16,5.39,5.05,30661,17924627.00,6.32,-4.09,-0.22,0.96
2011-10-21,5.16,5.05,5.17,5.01,11182,6403475.00,3.10,-2.13,-0.11,0.35
2011-10-24,5.05,5.12,5.17,5.00,17499,10074323.00,3.37,1.39,0.07,0.55
2011-10-25,5.14,5.22,5.22,5.09,30130,17644449.00,2.54,1.95,0.10,0.95
2011-10-26,5.18,5.22,5.28,5.16,26658,15790926.00,2.30,0.00,0.00,0.84
2011-10-27,5.22,5.24,5.36,5.21,31883,19155590.00,2.87,0.38,0.02,1.00
2011-10-28,5.29,5.35,5.39,5.29,34660,21042505.00,1.91,2.10,0.11,1.09
2011-10-31,5.35,5.35,5.42,5.32,21883,13360309.00,1.87,0.00,0.00,0.69
2011-11-01,5.32,5.33,5.40,5.30,24200,14690201.00,1.87,-0.37,-0.02,0.76
2011-11-02,5.26,5.34,5.34,5.17,30731,18312267.00,3.19,0.19,0.01,0.96
2011-11-03,5.36,5.39,5.46,5.35,48056,29603981.00,2.06,0.94,0.05,1.51
2011-11-04,5.40,5.41,5.44,5.33,29850,18317994.00,2.04,0.37,0.02,0.94
2011-11-07,5.41,5.46,5.49,5.39,29057,18033491.00,1.85,0.92,0.05,0.91
2011-11-08,5.45,5.34,5.47,5.32,23751,14534803.00,2.75,-2.20,-0.12,0.75
2011-11-09,5.38,5.41,5.42,5.31,16526,10089910.00,2.06,1.31,0.07,0.52
2011-11-10,5.37,5.37,5.41,5.32,24450,14934885.00,1.66,-0.74,-0.04,0.77
2011-11-11,5.36,5.46,5.50,5.35,41900,26008685.00,2.79,1.68,0.09,1.32
2011-11-14,5.47,5.51,5.53,5.46,31165,19578914.00,1.28,0.92,0.05,0.98
2011-11-15,5.50,5.58,5.59,5.48,34591,21789686.00,2.00,1.27,0.07,1.09
2011-11-16,5.58,5.43,5.58,5.39,31369,19551114.00,3.41,-2.69,-0.15,0.98
2011-11-17,5.45,5.49,5.53,5.39,21562,13395123.00,2.58,1.10,0.06,0.68
2011-11-18,5.48,5.66,5.70,5.46,136600,87539219.00,4.37,3.10,0.17,4.29
2011-11-21,5.68,5.66,5.97,5.60,144322,95606485.00,6.54,0.00,0.00,4.53
2011-11-22,5.53,5.46,5.57,5.36,62886,39171205.00,3.71,-3.53,-0.20,1.97
2011-11-23,5.46,5.49,5.63,5.46,43044,27288514.00,3.11,0.55,0.03,1.35
2011-11-24,5.44,5.32,5.44,5.30,39577,24072529.00,2.55,-3.10,-0.17,1.24
2011-11-25,5.36,5.21,5.36,5.16,36310,21584438.00,3.76,-2.07,-0.11,1.14
2011-11-28,5.21,5.19,5.25,5.16,18665,10968110.00,1.73,-0.38,-0.02,0.59
2011-11-29,5.23,5.32,5.38,5.17,25647,15283900.00,4.05,2.50,0.13,0.80
2011-11-30,5.30,5.08,5.32,5.04,30675,17869940.00,5.26,-4.51,-0.24,0.96
2011-12-01,5.20,5.12,5.25,5.09,27259,16024755.00,3.15,0.79,0.04,0.86
2011-12-02,5.12,5.02,5.12,4.96,15860,8954182.00,3.13,-1.95,-0.10,0.50
2011-12-05,5.02,4.87,5.02,4.86,14575,8084708.00,3.19,-2.99,-0.15,0.46
2011-12-06,4.86,4.93,4.97,4.85,11787,6524981.00,2.46,1.23,0.06,0.37
2011-12-07,4.95,4.99,5.02,4.92,9452,5296344.00,2.03,1.22,0.06,0.30
2011-12-08,4.99,4.94,5.00,4.87,8861,4916663.00,2.61,-1.00,-0.05,0.28
2011-12-09,4.91,4.90,4.96,4.88,8575,4721880.00,1.62,-0.81,-0.04,0.27
2011-12-12,4.91,4.74,4.91,4.72,20859,11201315.00,3.88,-3.27,-0.16,0.65
2011-12-13,4.72,4.56,4.72,4.54,16315,8320108.00,3.80,-3.80,-0.18,0.51
2011-12-14,4.58,4.56,4.59,4.52,12364,6230590.00,1.54,0.00,0.00,0.39
2011-12-15,4.56,4.48,4.56,4.40,12415,6125564.00,3.51,-1.75,-0.08,0.39
2011-12-16,4.46,4.63,4.64,4.45,22136,11206403.00,4.24,3.35,0.15,0.69
2011-12-19,4.62,4.59,4.62,4.50,10855,5482035.00,2.59,-0.86,-0.04,0.34
2011-12-20,4.56,4.59,4.66,4.56,9855,5056198.00,2.18,0.00,0.00,0.31
2011-12-21,4.63,4.49,4.65,4.48,8521,4324002.00,3.70,-2.18,-0.10,0.27
2011-12-22,4.39,4.39,4.46,4.26,13060,6270985.00,4.45,-2.23,-0.10,0.41
2011-12-23,4.39,4.44,4.49,4.34,8287,4048032.00,3.42,1.14,0.05,0.26
2011-12-27,4.41,4.24,4.41,4.21,10539,4974351.00,4.50,-4.50,-0.20,0.33
2011-12-28,4.18,4.17,4.22,4.08,10521,4751245.00,3.30,-1.65,-0.07,0.33
2011-12-29,4.14,4.15,4.19,4.09,7122,3227748.00,2.40,-0.48,-0.02,0.22
2011-12-30,4.16,4.19,4.22,4.16,6525,2980737.00,1.45,0.96,0.04,0.20