2021-01-04,31.03,32.18,32.18,31.00,19143,61378507.00,3.80,3.71,1.15,3.93
2021-01-05,31.84,31.68,32.08,31.17,17232,55176195.00,2.83,-1.55,-0.50,3.54
2021-01-06,31.94,31.12,31.94,31.00,13605,43120831.00,2.97,-1.77,-0.56,2.80
2021-01-07,31.08,28.37,31.17,28.13,32004,96145180.00,9.77,-8.84,-2.75,6.58
2021-01-08,28.37,28.22,28.37,27.41,18898,53540835.00,3.38,-0.53,-0.15,3.88
2021-01-11,28.05,27.19,28.05,26.92,18915,52818294.00,4.00,-3.65,-1.03,3.89
2021-01-12,27.55,27.29,27.89,26.81,14158,39278809.00,3.97,0.37,0.10,2.91
2021-01-13,27.26,25.76,27.26,25.63,26152,69288601.00,5.97,-5.61,-1.53,5.38
2021-01-14,25.76,26.30,27.20,25.63,22489,60501940.00,6.09,2.10,0.54,4.62
2021-01-15,26.42,27.30,27.43,26.25,16794,46081788.00,4.49,3.80,1.00,3.45
2021-01-18,27.15,27.79,27.88,26.93,20315,56652875.00,3.48,1.79,0.49,4.18
2021-01-19,27.89,27.82,28.22,27.55,12163,34383790.00,2.41,0.11,0.03,2.50
2021-01-20,27.56,27.78,28.08,27.28,8892,24897542.00,2.88,-0.14,-0.04,1.83
2021-01-21,27.63,27.48,27.82,27.28,10428,29233096.00,1.94,-1.08,-0.30,2.14
2021-01-22,27.53,26.88,27.77,26.68,10157,27882930.00,3.97,-2.18,-0.60,2.09
2021-01-25,26.91,26.26,26.95,26.13,10808,28942405.00,3.05,-2.31,-0.62,2.22
2021-01-26,26.11,26.92,27.60,26.06,11275,31012627.00,5.86,2.51,0.66,2.32
2021-01-27,26.95,27.02,27.50,26.63,8964,24707692.00,3.23,0.37,0.10,1.84
2021-01-28,27.01,26.81,27.35,26.76,5106,14006885.00,2.18,-0.78,-0.21,1.05
2021-01-29,27.01,25.61,27.01,25.28,13256,35002806.00,6.45,-4.48,-1.20,2.72
2021-02-01,25.37,25.86,25.97,25.36,5615,14707710.00,2.38,0.98,0.25,1.15
2021-02-02,26.05,25.73,26.14,25.66,5304,13956859.00,1.86,-0.50,-0.13,1.09
2021-02-03,25.73,24.56,25.92,24.49,12621,32144316.00,5.56,-4.55,-1.17,2.59
2021-02-04,24.55,25.12,25.43,23.01,19587,48182757.00,9.85,2.28,0.56,4.03
2021-02-05,24.76,24.25,25.05,23.84,11199,27904896.00,4.82,-3.46,-0.87,2.30
2021-02-08,24.23,23.51,24.23,23.45,6725,16356733.00,3.22,-3.05,-0.74,1.38
2021-02-09,23.46,23.86,24.05,23.46,6072,14750357.00,2.51,1.49,0.35,1.25
2021-02-10,23.88,23.75,24.19,23.75,6651,16236690.00,1.84,-0.46,-0.11,1.37
2021-02-18,23.76,24.44,24.54,22.93,21917,53547445.00,6.78,2.91,0.69,4.31
2021-02-19,24.41,25.02,25.08,24.11,13186,33284122.00,3.97,2.37,0.58,2.59
2021-02-22,25.12,25.85,26.19,25.05,17794,46628078.00,4.56,3.32,0.83,3.50
2021-02-23,26.28,25.53,26.28,25.25,10723,27833505.00,3.98,-1.24,-0.32,2.11
2021-02-24,25.54,25.76,26.00,25.54,11071,29094634.00,1.80,0.90,0.23,2.18
2021-02-25,25.81,25.60,25.81,25.42,8395,21829404.00,1.51,-0.62,-0.16,1.65
2021-02-26,25.15,27.58,27.83,24.86,33234,90279746.00,11.60,7.73,1.98,6.53
2021-03-01,28.05,30.63,31.13,28.05,58666,178508877.00,11.17,11.06,3.05,11.53
2021-03-02,30.62,29.29,30.92,29.15,27803,83907982.00,5.78,-4.37,-1.34,5.46
2021-03-03,28.95,31.67,32.23,28.95,49713,156804368.00,11.20,8.13,2.38,9.77
2021-03-04,31.17,30.55,32.43,30.41,37554,119078415.00,6.38,-3.54,-1.12,7.38
2021-03-05,30.55,30.06,31.00,30.01,19354,59770162.00,3.24,-1.60,-0.49,3.80
2021-03-08,30.38,30.16,32.30,30.09,30647,97366264.00,7.35,0.33,0.10,6.02
2021-03-09,30.54,29.26,31.08,28.98,21547,65329686.00,6.96,-2.98,-0.90,4.23
2021-03-10,29.72,29.18,29.73,28.20,17849,52442160.00,5.23,-0.27,-0.08,3.51
2021-03-11,29.44,29.36,30.33,28.83,11860,35669282.00,5.14,0.62,0.18,2.33
2021-03-12,29.15,29.37,29.60,28.26,16899,49534883.00,4.56,0.03,0.01,3.32
2021-03-15,30.03,29.38,30.15,28.88,13942,41630546.00,4.32,0.03,0.01,2.74
2021-03-16,29.55,29.21,29.80,28.57,6790,20109019.00,4.19,-0.58,-0.17,1.33
2021-03-17,29.20,29.46,29.70,28.87,7351,21917054.00,2.84,0.86,0.25,1.44
2021-03-18,29.73,29.48,29.91,28.94,13302,39699307.00,3.29,0.07,0.02,2.61
2021-03-19,28.97,28.96,29.44,28.85,6635,19612424.00,2.00,-1.76,-0.52,1.30
2021-03-22,28.85,29.17,29.42,28.85,6397,18976007.00,1.97,0.73,0.21,1.26
2021-03-23,29.17,28.45,29.31,28.25,7341,21367971.00,3.63,-2.47,-0.72,1.44
2021-03-24,28.45,27.89,28.48,27.70,6313,17980394.00,2.74,-1.97,-0.56,1.24
2021-03-25,28.07,27.25,28.07,27.23,7283,20334266.00,3.01,-2.29,-0.64,1.43
2021-03-26,27.31,27.95,28.01,26.99,7978,22270483.00,3.74,2.57,0.70,1.57
2021-03-29,27.90,28.47,29.22,27.82,11367,33103029.00,5.01,1.86,0.52,2.23
2021-03-30,28.45,27.59,28.60,27.44,8797,24770106.00,4.07,-3.09,-0.88,1.73
2021-03-31,27.32,27.65,28.10,27.32,4476,12634385.00,2.83,0.22,0.06,0.88
2021-04-01,27.96,27.62,28.22,27.60,4615,13057711.00,2.24,-0.11,-0.03,0.91
2021-04-02,27.69,28.67,28.84,27.69,10717,30961762.00,4.16,3.80,1.05,2.11
2021-04-06,28.87,28.68,29.34,28.60,8632,25355172.00,2.58,0.03,0.01,1.70
2021-04-07,28.40,28.14,28.54,27.89,7215,20619983.00,2.27,-1.88,-0.54,1.42
2021-04-08,27.93,29.75,30.41,27.89,21612,65035032.00,8.96,5.72,1.61,4.25
2021-04-09,29.66,29.35,29.79,28.65,12260,36325825.00,3.83,-1.34,-0.40,2.41
2021-04-12,28.95,28.62,29.66,28.27,11695,34368379.00,4.74,-2.49,-0.73,2.30
2021-04-13,28.40,27.86,28.59,27.85,6062,17315447.00,2.59,-2.66,-0.76,1.19
2021-04-14,28.18,28.34,28.67,27.85,3953,11400849.00,2.94,1.72,0.48,0.78
2021-04-15,28.64,28.54,29.53,28.23,6290,18262848.00,4.59,0.71,0.20,1.24
2021-04-16,28.45,28.75,29.05,28.42,7589,22152224.00,2.21,0.74,0.21,1.49
2021-04-19,28.75,30.00,30.42,28.70,12116,36513556.00,5.98,4.35,1.25,2.38
2021-04-20,29.90,30.76,32.13,29.72,21615,68537219.00,8.03,2.53,0.76,4.25
2021-04-21,30.76,30.38,31.04,30.16,10139,31445325.00,2.86,-1.24,-0.38,1.99
2021-04-22,30.47,30.36,31.05,30.05,8403,26104730.00,3.29,-0.07,-0.02,1.65
2021-04-23,30.36,30.26,30.72,29.72,10782,32978211.00,3.29,-0.33,-0.10,2.12
2021-04-26,30.11,31.49,31.85,30.03,16627,52339096.00,6.01,4.06,1.23,3.27
2021-04-27,31.49,30.35,31.65,29.95,14927,46179938.00,5.40,-3.62,-1.14,2.93
2021-04-28,30.35,30.99,31.43,30.33,12268,38604303.00,3.62,2.11,0.64,2.41
2021-04-29,31.36,30.23,31.41,30.16,8138,25255734.00,4.03,-2.45,-0.76,1.60
2021-04-30,30.15,29.35,30.55,29.35,9136,27417206.00,3.97,-2.91,-0.88,1.79
2021-05-06,29.81,29.42,29.81,28.95,5696,16955834.00,2.93,0.24,0.07,1.12
2021-05-07,29.32,29.09,29.57,28.86,7779,22943115.00,2.41,-1.12,-0.33,1.53
2021-05-10,29.22,28.08,29.54,28.05,18413,53496009.00,5.12,-3.47,-1.01,3.62
2021-05-11,28.40,27.96,28.42,27.55,6748,19172675.00,3.10,-0.43,-0.12,1.33
2021-05-12,27.99,28.20,28.27,27.65,6220,17723558.00,2.22,0.86,0.24,1.22
2021-05-13,28.28,27.52,28.59,27.46,14002,39591488.00,4.01,-2.41,-0.68,2.75
2021-05-14,27.46,27.81,27.85,27.37,5628,15796800.00,1.74,1.05,0.29,1.11
2021-05-17,27.54,27.89,28.39,27.54,5837,16608514.00,3.06,0.29,0.08,1.15
2021-05-18,28.12,28.19,28.25,27.76,5569,15852548.00,1.76,1.08,0.30,1.09
2021-05-19,28.23,28.84,28.93,27.91,6896,19941466.00,3.62,2.31,0.65,1.35
2021-05-20,28.90,28.53,29.12,28.36,6535,18993040.00,2.64,-1.07,-0.31,1.28
2021-05-21,28.46,28.45,28.75,28.41,4517,13116629.00,1.19,-0.28,-0.08,0.89
2021-05-24,28.44,28.56,28.81,28.20,4885,14177281.00,2.14,0.39,0.11,0.96
2021-05-25,28.57,29.20,29.33,28.45,8135,23935469.00,3.08,2.24,0.64,1.60
2021-05-26,29.20,29.77,30.00,28.90,9723,29258711.00,3.77,1.95,0.57,1.91
2021-05-27,29.57,31.93,32.31,29.57,31996,102758667.00,9.20,7.26,2.16,6.29
2021-05-28,31.93,32.15,33.08,31.72,28773,94602284.00,4.26,0.69,0.22,5.65
2021-05-31,32.18,32.70,32.84,32.11,15003,49539570.00,2.27,1.71,0.55,2.95
2021-06-01,32.45,34.40,34.95,32.45,32880,113723908.00,7.65,5.20,1.70,6.46
2021-06-02,34.05,33.64,35.23,33.43,20266,70291162.00,5.23,-2.21,-0.76,3.98
2021-06-03,33.64,33.48,34.66,33.15,13817,47627861.00,4.49,-0.48,-0.16,2.71
2021-06-04,33.45,34.23,34.63,33.45,20171,70006325.00,3.52,2.24,0.75,3.96
2021-06-07,34.23,35.95,36.75,33.91,27921,100812576.00,8.30,5.02,1.72,5.49
2021-06-08,36.15,35.56,36.61,35.22,13301,48248354.00,3.87,-1.08,-0.39,2.61
2021-06-09,35.45,35.00,35.88,34.75,11563,41099498.00,3.18,-1.57,-0.56,2.27
2021-06-10,35.23,35.53,35.75,34.74,11136,39979535.00,2.89,1.51,0.53,2.19
2021-06-11,35.64,33.63,35.64,33.40,16529,57413334.00,6.30,-5.35,-1.90,3.25
2021-06-15,33.85,34.37,35.21,33.58,14171,49534025.00,4.85,2.20,0.74,2.78
2021-06-16,34.48,33.75,35.35,33.75,9270,32308446.00,4.66,-1.80,-0.62,1.82
2021-06-17,34.21,35.17,35.20,33.74,9998,34903682.00,4.33,4.21,1.42,1.96
2021-06-18,35.13,34.42,35.40,34.14,12677,44361189.00,3.58,-2.13,-0.75,2.49
2021-06-21,34.34,36.16,36.93,33.76,20025,72343396.00,9.21,5.06,1.74,3.93
2021-06-22,36.45,35.40,36.63,35.25,9733,34914771.00,3.82,-2.10,-0.76,1.91
2021-06-23,35.90,35.49,36.13,35.13,9150,32770501.00,2.82,0.25,0.09,1.80
2021-06-24,35.99,34.74,36.21,34.74,18508,65985477.00,4.14,-2.11,-0.75,3.64
2021-06-25,34.45,34.14,35.64,33.99,12241,42653841.00,4.75,-1.73,-0.60,2.41
2021-06-28,34.20,36.45,36.61,34.15,23085,83469963.00,7.21,6.77,2.31,4.54
2021-06-29,36.15,35.55,36.33,35.40,10916,39322708.00,2.55,-2.47,-0.90,2.14
2021-06-30,35.83,37.51,37.60,35.41,22337,83470975.00,6.16,5.51,1.96,4.39
2021-07-01,37.61,36.11,37.74,36.05,21633,80109947.00,4.51,-3.73,-1.40,4.25
2021-07-02,35.75,35.34,36.28,35.28,10647,38166590.00,2.77,-2.13,-0.77,2.09
2021-07-05,35.55,35.93,36.35,35.03,17521,62882645.00,3.74,1.67,0.59,3.44
2021-07-06,36.30,37.25,38.63,35.93,30456,114803345.00,7.51,3.67,1.32,5.98
2021-07-07,37.63,39.80,40.06,36.54,42283,164611506.00,9.45,6.85,2.55,8.31
2021-07-08,39.55,41.55,42.43,39.51,40246,168147425.00,7.34,4.40,1.75,7.91
2021-07-09,41.64,41.82,42.20,40.75,29944,125362951.00,3.49,0.65,0.27,5.88
2021-07-12,41.69,41.81,43.12,41.50,23114,97813113.00,3.87,-0.02,-0.01,4.54
2021-07-13,42.49,40.71,43.73,40.53,25637,107595792.00,7.65,-2.63,-1.10,5.04
2021-07-14,40.75,39.27,41.23,39.13,18199,73223067.00,5.16,-3.54,-1.44,3.58
2021-07-15,39.08,38.73,39.46,37.63,18225,70385015.00,4.66,-1.38,-0.54,3.58
2021-07-16,39.03,37.48,39.25,37.43,13653,52247428.00,4.70,-3.23,-1.25,2.68
2021-07-19,37.80,37.45,37.88,36.45,12980,48605917.00,3.82,-0.08,-0.03,2.55
2021-07-20,37.23,36.85,37.61,36.76,12065,44936672.00,2.27,-1.60,-0.60,2.37
2021-07-21,36.95,38.46,38.69,36.85,13924,53480309.00,4.99,4.37,1.61,2.74
2021-07-22,38.46,38.00,39.12,37.60,15653,59890569.00,3.95,-1.20,-0.46,3.08
2021-07-23,38.03,35.40,38.94,34.90,33545,122907335.00,10.63,-6.84,-2.60,6.59
2021-07-26,35.16,35.98,37.01,34.81,19492,70295633.00,6.21,1.64,0.58,3.83
2021-07-27,36.11,36.65,38.15,36.11,22345,83532478.00,5.67,1.86,0.67,4.39
2021-07-28,36.35,35.25,36.41,34.93,19981,71595153.00,4.04,-3.82,-1.40,3.93
2021-07-29,35.76,35.78,36.70,35.31,34295,123932360.00,3.94,1.50,0.53,6.74
2021-07-30,35.80,37.67,37.75,35.65,32030,118947993.00,5.87,5.28,1.89,6.29
2021-08-02,38.25,39.98,40.21,37.52,39662,155868976.00,7.14,6.13,2.31,7.79
2021-08-03,39.50,38.60,41.23,38.25,43396,173921347.00,7.45,-3.45,-1.38,8.53
2021-08-04,39.14,46.37,46.37,39.11,68102,295758736.00,18.81,20.13,7.77,13.38
2021-08-05,46.75,43.75,46.84,41.75,116488,510974304.00,10.98,-5.65,-2.62,22.89
2021-08-06,43.53,46.30,48.15,43.48,70829,327670160.00,10.67,5.83,2.55,13.92
2021-08-09,46.15,44.91,48.01,44.31,57281,264877807.00,7.99,-3.00,-1.39,11.25
2021-08-10,44.25,44.05,45.10,43.50,45163,199937759.00,3.56,-1.91,-0.86,8.87
2021-08-11,43.45,48.13,50.16,43.45,91718,437190848.00,15.23,9.26,4.08,18.02
2021-08-12,48.56,48.19,50.25,47.78,57109,280316800.00,5.13,0.12,0.06,11.22
2021-08-13,47.35,45.39,48.61,44.83,45587,209123952.00,7.84,-5.81,-2.80,8.96
2021-08-16,45.80,43.71,45.84,42.27,39435,173454669.00,7.87,-3.70,-1.68,7.75
2021-08-17,44.09,42.23,44.52,41.65,34012,147034085.00,6.57,-3.39,-1.48,6.68
2021-08-18,42.06,42.93,43.63,41.96,30489,131385156.00,3.95,1.66,0.70,3.65
2021-08-19,42.95,44.10,44.50,41.75,27264,118687266.00,6.41,2.73,1.17,3.26
2021-08-20,44.13,42.95,44.13,42.30,20471,88272610.00,4.15,-2.61,-1.15,2.45
2021-08-23,43.04,44.05,44.39,42.37,21182,93087226.00,4.70,2.56,1.10,2.54
2021-08-24,43.75,43.15,44.01,42.38,27667,119935191.00,3.70,-2.04,-0.90,3.31
2021-08-25,44.74,46.39,48.50,43.75,55169,257204571.00,11.01,7.51,3.24,6.60
2021-08-26,45.76,48.82,51.05,45.35,66912,325731216.00,12.29,5.24,2.43,8.01
2021-08-27,48.70,49.11,51.02,47.81,43566,217175809.00,6.58,0.59,0.29,5.21
2021-08-30,49.35,48.08,50.16,46.61,62062,297171616.00,7.23,-2.10,-1.03,7.43
2021-08-31,47.33,48.81,49.98,46.35,48723,235389218.00,7.55,1.52,0.73,5.83
2021-09-01,50.65,46.52,50.65,46.39,35138,168375895.00,8.73,-4.69,-2.29,4.21
2021-09-02,46.52,46.45,47.15,45.35,20221,94057652.00,3.87,-0.15,-0.07,2.42
2021-09-03,46.00,45.73,47.17,45.40,16806,78093758.00,3.81,-1.55,-0.72,2.01
2021-09-06,45.50,48.59,48.84,45.42,24473,117230803.00,7.48,6.25,2.86,2.93
2021-09-07,48.72,48.41,48.74,47.00,21897,105624241.00,3.58,-0.37,-0.18,2.62
2021-09-08,48.35,45.99,48.63,45.91,25674,120560632.00,5.62,-5.00,-2.42,3.07
2021-09-09,45.91,46.88,47.20,45.77,20299,95352023.00,3.11,1.94,0.89,2.43
2021-09-10,46.17,47.70,49.01,45.75,25163,120055817.00,6.95,1.75,0.82,3.01
2021-09-13,47.00,47.05,49.55,46.58,24562,119170624.00,6.23,-1.36,-0.65,2.94
2021-09-14,47.75,50.13,53.02,46.83,50553,256806526.00,13.16,6.55,3.08,6.05
2021-09-15,49.75,48.69,51.75,48.35,28015,138259694.00,6.78,-2.87,-1.44,3.35
2021-09-16,48.75,47.75,50.34,47.25,27052,131787094.00,6.35,-1.93,-0.94,3.24
2021-09-17,47.54,48.61,49.20,46.15,23565,112690442.00,6.39,1.80,0.86,2.82
2021-09-22,48.24,47.25,48.70,45.55,19311,91261658.00,6.48,-2.80,-1.36,2.31
2021-09-23,47.37,48.21,50.75,46.87,29647,146371517.00,8.21,2.03,0.96,3.55
2021-09-24,47.91,47.36,49.00,47.25,13487,64793093.00,3.63,-1.76,-0.85,1.61
2021-09-27,48.25,46.42,49.50,46.17,16122,77266029.00,7.03,-1.98,-0.94,1.93
2021-09-28,46.31,44.75,47.05,44.75,17217,79667719.00,4.95,-3.60,-1.67,2.06
2021-09-29,44.75,43.87,45.51,43.28,16302,72401629.00,4.98,-1.97,-0.88,1.95
2021-09-30,45.12,44.95,46.11,43.20,14642,65425067.00,6.63,2.46,1.08,1.75
2021-10-08,45.65,45.46,46.08,44.80,7744,35384693.00,2.85,1.13,0.51,0.93
2021-10-11,45.34,44.00,45.54,43.43,14776,65841903.00,4.64,-3.21,-1.46,1.77
2021-10-12,44.30,40.73,44.50,40.45,22556,94708536.00,9.20,-7.43,-3.27,2.70
2021-10-13,40.70,40.24,41.33,39.45,21745,88355062.00,4.62,-1.20,-0.49,2.60
2021-10-14,40.23,40.15,40.60,39.25,14062,56511041.00,3.35,-0.22,-0.09,1.68
2021-10-15,40.05,39.50,40.74,39.12,15470,61923283.00,4.03,-1.62,-0.65,1.85
2021-10-18,39.25,39.83,40.41,38.52,11003,43982686.00,4.78,0.84,0.33,1.32
2021-10-19,39.90,39.65,40.47,39.41,10435,41808616.00,2.66,-0.45,-0.18,1.25
2021-10-20,39.66,39.67,40.59,39.41,10980,44125322.00,2.98,0.05,0.02,1.31
2021-10-21,39.68,38.94,40.00,38.83,12033,47637862.00,2.95,-1.84,-0.73,1.44
2021-10-22,39.06,38.72,39.42,38.67,7808,30686558.00,1.93,-0.56,-0.22,0.93
2021-10-25,38.78,37.89,38.78,37.48,27640,105491730.00,3.36,-2.14,-0.83,3.31
2021-10-26,37.95,38.34,39.65,37.87,29678,116200547.00,4.70,1.19,0.45,3.55
2021-10-27,39.05,36.55,39.10,35.85,39516,148118677.00,8.48,-4.67,-1.79,4.73
2021-10-28,36.86,34.92,37.04,34.55,35891,127733197.00,6.81,-4.46,-1.63,4.30
2021-10-29,34.94,35.12,35.66,34.79,20624,72994349.00,2.49,0.57,0.20,2.47
2021-11-01,35.61,37.42,38.15,35.60,36583,137028661.00,7.26,6.55,2.30,4.38
2021-11-02,38.11,37.38,38.25,36.66,27331,102548504.00,4.25,-0.11,-0.04,3.27
2021-11-03,37.95,37.50,38.73,36.46,23208,87372773.00,6.07,0.32,0.12,2.78
2021-11-04,37.73,37.95,38.01,37.28,14456,54806513.00,1.95,1.20,0.45,1.73
2021-11-05,38.03,37.93,38.50,37.57,18058,68965046.00,2.45,-0.05,-0.02,2.16
2021-11-08,37.93,37.45,38.06,36.54,28088,105136096.00,4.01,-1.27,-0.48,3.36
2021-11-09,38.15,38.75,39.65,38.03,32468,126613939.00,4.33,3.47,1.30,3.89
2021-11-10,38.58,38.75,39.14,38.16,30516,118798594.00,2.53,0.00,0.00,3.65
2021-11-11,38.99,39.14,39.99,38.32,30149,118302346.00,4.31,1.01,0.39,3.61
2021-11-12,38.75,39.16,39.55,37.84,39661,155482179.00,4.37,0.05,0.02,4.75
2021-11-15,39.26,39.17,40.41,38.87,31790,126335860.00,3.93,0.03,0.01,3.80
2021-11-16,39.35,37.75,39.45,37.48,25716,99377186.00,5.03,-3.63,-1.42,3.08
2021-11-17,37.81,38.83,38.92,37.69,17767,68618358.00,3.26,2.86,1.08,2.13
2021-11-18,38.65,39.65,40.08,38.50,30593,121929266.00,4.07,2.11,0.82,3.66
2021-11-19,39.65,39.85,40.19,39.10,23050,92178349.00,2.75,0.50,0.20,2.76
2021-11-22,39.93,41.66,42.03,39.93,28862,119864324.00,5.27,4.54,1.81,3.45
2021-11-23,41.78,42.58,43.04,41.49,27962,119032057.00,3.72,2.21,0.92,3.35
2021-11-24,42.55,43.59,43.65,42.06,31011,133910313.00,3.73,2.37,1.01,3.71
2021-11-25,43.25,43.95,44.25,42.57,31607,138040920.00,3.85,0.83,0.36,3.78
2021-11-26,43.76,45.47,46.04,43.35,37103,167506879.00,6.12,3.46,1.52,4.44
2021-11-29,44.90,45.49,45.90,44.52,29531,134263152.00,3.03,0.04,0.02,3.53
2021-11-30,45.15,46.30,47.24,44.88,32334,150226573.00,5.19,1.78,0.81,3.87
2021-12-01,46.75,48.74,49.03,46.24,49044,237275419.00,6.03,5.27,2.44,5.87
2021-12-02,49.74,46.28,50.70,46.04,56391,267813627.00,9.56,-5.05,-2.46,6.75
2021-12-03,46.21,47.09,49.14,45.75,55681,267917773.00,7.32,1.75,0.81,6.66
2021-12-06,47.02,45.67,47.74,44.96,33074,153450356.00,5.90,-3.02,-1.42,3.96
2021-12-07,45.54,45.55,46.55,43.45,39896,179110188.00,6.79,-0.26,-0.12,4.78
2021-12-08,46.24,45.46,46.43,44.80,19989,91846635.00,3.58,-0.20,-0.09,2.39
2021-12-09,45.63,47.05,47.59,44.90,26684,124638532.00,5.92,3.50,1.59,3.19
2021-12-10,47.07,47.99,48.60,46.55,22252,106724817.00,4.36,2.00,0.94,2.66
2021-12-13,47.65,48.56,49.13,46.92,23898,115741266.00,4.61,1.19,0.57,2.86
2021-12-14,48.43,47.68,49.00,47.40,16950,81866932.00,3.29,-1.81,-0.88,2.03
2021-12-15,47.31,45.86,47.65,45.78,21623,100662228.00,3.92,-3.82,-1.82,2.59
2021-12-16,45.86,46.51,47.04,45.65,15327,71434736.00,3.03,1.42,0.65,1.83
2021-12-17,46.09,46.51,47.75,44.80,20733,95875629.00,6.34,0.00,0.00,2.48
2021-12-20,46.23,46.03,46.71,45.32,15482,71923534.00,2.99,-1.03,-0.48,1.85
2021-12-21,46.52,48.50,48.70,46.06,26226,126171451.00,5.74,5.37,2.47,3.14
2021-12-22,48.39,49.61,50.04,48.05,37901,187729685.00,4.10,2.29,1.11,4.54
2021-12-23,49.60,48.75,49.96,48.58,15086,74459203.00,2.78,-1.73,-0.86,1.81
2021-12-24,48.55,49.14,50.55,48.55,21747,108930988.00,4.10,0.80,0.39,2.60
2021-12-27,48.77,50.31,50.74,48.13,27057,134270901.00,5.31,2.38,1.17,3.24
2021-12-28,49.87,49.39,51.62,49.25,16909,85186843.00,4.71,-1.83,-0.92,2.02
2021-12-29,48.86,49.55,49.72,47.75,18669,91555324.00,3.99,0.32,0.16,2.23
2021-12-30,49.29,48.48,50.13,48.35,23109,114100441.00,3.59,-2.16,-1.07,2.77
2021-12-31,48.85,50.16,51.40,46.55,42364,208739213.00,10.00,3.47,1.68,5.07