2014-01-02,9.93,10.32,10.44,9.72,36327,81428489.00,7.24,3.72,0.37,9.80
2014-01-09,11.46,11.44,11.46,11.21,74037,185053218.00,2.42,10.85,1.12,19.97
2014-01-10,10.86,10.68,10.98,10.41,73389,171957622.00,4.98,-6.64,-0.76,19.79
2014-01-13,10.13,10.61,10.93,10.01,53378,122477416.00,8.61,-0.66,-0.07,14.40
2014-01-14,10.79,10.52,10.89,10.26,50796,116844831.00,5.94,-0.85,-0.09,13.70
2014-01-15,10.52,10.57,11.06,10.40,58833,138204549.00,6.27,0.48,0.05,15.87
2014-01-16,10.47,10.36,11.02,10.34,49102,114763035.00,6.43,-1.99,-0.21,13.24
2014-01-17,10.13,10.07,10.30,9.90,32152,71778409.00,3.86,-2.80,-0.29,8.67
2014-01-20,10.06,9.86,10.26,9.77,18368,40464325.00,4.87,-2.09,-0.21,4.95
2014-01-21,9.78,10.38,10.38,9.78,28733,64520651.00,6.09,5.27,0.52,7.75
2014-01-22,10.38,10.74,10.85,10.28,43363,101239310.00,5.49,3.47,0.36,11.69
2014-01-23,10.66,10.67,10.90,10.61,31861,75193064.00,2.70,-0.65,-0.07,8.59
2014-01-24,10.61,10.91,11.04,10.52,33141,78666499.00,4.87,2.25,0.24,8.94
2014-01-27,10.96,10.47,11.07,10.44,30830,72667648.00,5.77,-4.03,-0.44,8.31
2014-01-28,10.56,10.19,10.56,10.05,20546,46466853.00,4.87,-2.67,-0.28,5.54
2014-01-29,10.20,10.61,10.68,10.20,21575,49590721.00,4.71,4.12,0.42,5.82
2014-01-30,10.56,10.21,10.66,10.20,14302,32620193.00,4.34,-3.77,-0.40,3.86
2014-02-07,10.12,10.76,10.76,10.01,19692,45732878.00,7.35,5.39,0.55,5.31
2014-02-10,10.78,11.25,11.45,10.61,40512,98269389.00,7.81,4.55,0.49,10.93
2014-02-11,11.19,11.17,11.56,10.82,35737,87561409.00,6.58,-0.71,-0.08,9.64
2014-02-12,11.25,12.14,12.39,11.06,49788,127607024.00,11.91,8.68,0.97,13.43
2014-02-13,11.96,11.46,12.05,11.41,37758,96742857.00,5.27,-5.60,-0.68,10.18
2014-02-14,11.46,11.74,11.93,11.36,23015,58455439.00,4.97,2.44,0.28,6.21
2014-02-17,11.74,11.96,12.13,11.64,24177,62638669.00,4.17,1.87,0.22,6.52
2014-02-18,11.96,11.77,12.05,11.51,24851,63787452.00,4.52,-1.59,-0.19,6.70
2014-02-19,11.66,11.48,11.80,11.33,20702,51933390.00,3.99,-2.46,-0.29,5.58
2014-02-20,11.37,11.01,11.45,11.00,17198,42015353.00,3.92,-4.09,-0.47,4.64
2014-02-21,10.96,11.21,11.30,10.96,10814,26397220.00,3.09,1.82,0.20,2.92
2014-02-24,11.21,11.60,11.66,11.12,21545,53676091.00,4.82,3.48,0.39,5.81
2014-02-25,11.63,10.81,12.06,10.40,39034,97582710.00,14.31,-6.81,-0.79,10.53
2014-02-26,10.61,10.86,10.93,10.28,19845,46405413.00,6.01,0.46,0.05,5.35
2014-02-27,10.95,10.29,11.12,10.09,18705,43932316.00,9.48,-5.25,-0.57,5.04
2014-02-28,10.31,10.85,10.88,10.22,18120,42103286.00,6.41,5.44,0.56,4.89
2014-03-03,10.80,11.23,11.25,10.68,15910,38411769.00,5.25,3.50,0.38,4.29
2014-03-04,11.24,11.38,11.42,11.01,11605,28584176.00,3.65,1.34,0.15,3.13
2014-03-05,11.38,11.28,11.64,11.21,10791,26907813.00,3.78,-0.88,-0.10,2.91
2014-03-06,11.26,11.13,11.26,10.21,11905,28492305.00,9.31,-1.33,-0.15,3.21
2014-03-07,10.78,10.87,11.09,10.72,8873,21214110.00,3.32,-2.34,-0.26,2.39
2014-03-10,10.84,10.48,10.87,10.21,9993,23097520.00,6.07,-3.59,-0.39,2.70
2014-03-11,10.48,10.25,10.54,10.14,8360,19031549.00,3.82,-2.19,-0.23,2.25
2014-03-12,10.25,10.55,10.62,10.16,9870,22607135.00,4.49,2.93,0.30,2.66
2014-03-13,10.30,10.96,11.00,10.30,12003,28388739.00,6.64,3.89,0.41,3.24
2014-03-14,10.90,10.96,10.98,10.74,10293,24530558.00,2.19,0.00,0.00,2.78
2014-03-17,10.96,11.47,11.58,10.93,16579,41198976.00,5.93,4.65,0.51,4.47
2014-03-18,11.40,11.58,11.80,11.40,19280,48887299.00,3.49,0.96,0.11,5.20
2014-03-19,11.57,11.56,11.59,11.31,12308,30775577.00,2.42,-0.17,-0.02,3.32
2014-03-20,11.56,10.91,11.56,10.71,11684,28775693.00,7.35,-5.62,-0.65,3.15
2014-03-21,10.78,11.50,11.56,10.72,12678,31061501.00,7.70,5.41,0.59,3.42
2014-03-24,11.55,11.34,11.55,11.24,9115,22674484.00,2.70,-1.39,-0.16,2.46
2014-03-25,11.23,11.07,11.45,10.87,11667,28506848.00,5.11,-2.38,-0.27,3.15
2014-03-26,10.88,11.10,11.28,10.64,16972,40727986.00,5.78,0.27,0.03,4.58
2014-03-27,10.98,10.41,11.03,10.36,16034,37513234.00,6.04,-6.22,-0.69,4.32
2014-03-28,10.36,9.86,10.52,9.70,13275,29430299.00,7.88,-5.28,-0.55,3.58
2014-03-31,9.92,9.91,10.13,9.76,6992,15392245.00,3.75,0.51,0.05,1.89
2014-04-01,9.91,10.31,10.38,9.71,7804,17558192.00,6.76,4.04,0.40,2.10
2014-04-02,10.31,10.31,10.44,10.09,9370,21068276.00,3.39,0.00,0.00,2.53
2014-04-03,10.31,10.36,10.48,10.17,6792,15485715.00,3.01,0.48,0.05,1.83
2014-04-04,10.42,10.46,10.53,10.31,5681,13052389.00,2.12,0.97,0.10,1.53
2014-04-08,10.42,10.52,10.65,10.36,4989,11499974.00,2.77,0.57,0.06,1.35
2014-04-09,10.46,10.61,10.77,10.46,5095,11917613.00,2.95,0.86,0.09,1.37
2014-04-10,10.61,10.92,11.27,10.61,18326,44288990.00,6.22,2.92,0.31,4.94
2014-04-11,10.76,10.73,10.91,10.61,7529,17718784.00,2.75,-1.74,-0.19,2.03
2014-04-14,10.82,10.94,11.07,10.76,5725,13714837.00,2.89,1.96,0.21,1.54
2014-04-15,10.97,10.73,10.97,10.70,5750,13632070.00,2.47,-1.92,-0.21,1.55
2014-04-16,10.71,10.69,10.74,10.46,4335,10111684.00,2.61,-0.37,-0.04,1.17
2014-04-17,10.70,10.92,11.00,10.70,5843,13951260.00,2.81,2.15,0.23,1.58
2014-04-18,10.92,11.34,11.39,10.81,19655,48256900.00,5.31,3.85,0.42,5.30
2014-04-21,11.27,11.61,11.83,11.21,21646,54846203.00,5.47,2.38,0.27,5.84
2014-04-22,11.51,11.46,11.69,11.13,14631,36248796.00,4.82,-1.29,-0.15,3.95
2014-04-23,11.26,11.46,11.50,11.26,8636,21451820.00,2.09,0.00,0.00,2.33
2014-04-24,11.46,11.37,11.46,11.12,8913,21985868.00,2.97,-0.79,-0.09,2.40
2014-04-25,11.26,10.66,11.35,10.62,11780,28287978.00,6.42,-6.24,-0.71,3.18
2014-04-28,10.26,10.21,10.60,10.16,6183,14076807.00,4.13,-4.22,-0.45,1.67
2014-04-29,10.30,10.46,10.51,10.30,4632,10622374.00,2.06,2.45,0.25,1.25
2014-04-30,10.49,10.69,10.76,10.46,6061,14168644.00,2.87,2.20,0.23,1.63
2014-05-05,10.68,10.79,10.79,10.61,3403,7986155.00,1.68,0.94,0.10,0.92
2014-05-06,10.76,10.95,11.09,10.66,5736,13733742.00,3.99,1.48,0.16,1.55
2014-05-07,10.86,10.51,10.89,10.51,4076,9571775.00,3.47,-4.02,-0.44,1.10
2014-05-08,10.51,10.72,10.91,10.51,4703,11084394.00,3.81,2.00,0.21,1.27
2014-05-09,10.80,10.63,10.85,10.53,4531,10596349.00,2.99,-0.84,-0.09,1.22
2014-05-12,10.73,10.98,11.00,10.66,4692,11174651.00,3.20,3.29,0.35,1.27
2014-05-13,11.03,10.58,11.07,10.52,8487,19950800.00,5.01,-3.64,-0.40,2.29
2014-05-14,10.57,10.65,10.73,10.51,2901,6762574.00,2.08,0.66,0.07,0.78
2014-05-15,10.72,10.38,10.77,10.36,4775,11013155.00,3.85,-2.54,-0.27,1.29
2014-05-16,10.36,10.43,10.47,10.16,5164,11734136.00,2.99,0.48,0.05,1.39
2014-05-19,10.40,10.26,10.43,10.12,4478,10106297.00,2.97,-1.63,-0.17,1.21
2014-05-20,10.37,10.26,10.56,10.21,5455,12468261.00,3.41,0.00,0.00,1.47
2014-05-21,10.30,10.36,10.46,9.96,5999,13648672.00,4.87,0.97,0.10,1.62
2014-05-22,10.45,10.47,10.69,10.34,8515,19770056.00,3.38,1.06,0.11,2.30
2014-05-23,10.37,10.66,10.70,10.31,6175,14381999.00,3.72,1.81,0.19,1.67
2014-05-26,10.90,10.90,10.98,10.71,5809,13853430.00,2.53,2.25,0.24,1.57
2014-05-27,10.87,11.04,11.28,10.87,10663,25913343.00,3.76,1.28,0.14,2.88
2014-05-28,11.04,11.18,11.29,10.87,10709,26091069.00,3.80,1.27,0.14,2.89
2014-05-29,11.21,11.07,11.33,11.05,6696,16388442.00,2.50,-0.98,-0.11,1.81
2014-05-30,11.16,11.09,11.17,10.89,3620,8735255.00,2.53,0.18,0.02,0.98
2014-06-03,11.16,11.08,11.31,10.97,3964,9637658.00,3.07,-0.09,-0.01,1.07
2014-06-04,11.08,11.35,11.38,10.89,8818,21458202.00,4.42,2.44,0.27,2.38
2014-06-05,11.36,11.62,11.83,11.25,20825,52904087.00,5.11,2.38,0.27,5.62
2014-06-06,11.65,11.57,11.77,11.38,8276,20637359.00,3.36,-0.43,-0.05,2.23
2014-06-09,11.57,11.44,11.59,11.31,7983,19756796.00,2.42,-1.12,-0.13,2.15
2014-06-10,11.48,11.83,12.16,11.48,32519,83313281.00,5.94,3.41,0.39,8.77
2014-06-11,11.83,11.95,12.16,11.77,24002,62017928.00,3.30,1.01,0.12,6.47
2014-06-12,11.92,11.53,11.92,11.50,18963,47637078.00,3.51,-3.51,-0.42,5.11
2014-06-13,11.50,11.62,11.76,11.48,13271,33280704.00,2.43,0.78,0.09,3.58
2014-06-16,11.61,12.17,12.21,11.49,18267,46876001.00,6.20,4.73,0.55,4.93
2014-06-17,12.18,12.09,12.34,11.95,11898,31018001.00,3.20,-0.66,-0.08,3.21
2014-06-18,12.17,12.32,12.53,12.03,24473,64923538.00,4.14,1.90,0.23,6.60
2014-06-19,12.42,11.66,12.42,11.22,20295,51551716.00,9.74,-5.36,-0.66,5.47
2014-06-20,11.66,12.66,12.71,11.44,28262,74858944.00,10.89,8.58,1.00,7.62
2014-06-23,12.66,12.57,13.01,12.54,21485,58762631.00,3.71,-0.71,-0.09,5.79
2014-06-24,12.57,12.63,12.80,12.42,10176,27566932.00,3.02,0.48,0.06,2.74
2014-06-25,12.64,12.64,13.11,12.60,17536,48283610.00,4.04,0.08,0.01,4.73
2014-06-26,12.64,13.20,13.25,12.51,17417,48423010.00,5.85,4.43,0.56,4.70
2014-06-27,13.11,13.07,13.27,12.95,12033,33737109.00,2.42,-0.98,-0.13,3.25
2014-06-30,13.07,13.27,13.31,13.01,11293,31864294.00,2.30,1.53,0.20,3.05
2014-07-01,13.22,13.29,13.56,13.07,10755,30572799.00,3.69,0.15,0.02,2.90
2014-07-02,13.22,13.10,13.34,12.72,15659,43549455.00,4.67,-1.43,-0.19,4.22
2014-07-03,13.10,12.95,13.14,12.83,7014,19505570.00,2.37,-1.15,-0.15,1.89
2014-07-04,12.91,12.75,13.10,12.66,8895,24455347.00,3.40,-1.54,-0.20,2.40
2014-07-07,12.91,12.94,12.97,12.58,6900,18939526.00,3.06,1.49,0.19,1.86
2014-07-08,12.98,13.36,13.36,12.83,8401,23647765.00,4.10,3.25,0.42,2.27
2014-07-09,13.47,12.95,13.80,12.95,17545,50266095.00,6.36,-3.07,-0.41,4.73
2014-07-10,12.91,12.86,13.22,12.75,12549,34831026.00,3.63,-0.69,-0.09,3.38
2014-07-11,12.89,12.90,13.13,12.80,9364,26058686.00,2.57,0.31,0.04,2.53
2014-07-14,13.05,13.20,13.20,12.58,10474,28849441.00,4.81,2.33,0.30,2.82
2014-07-15,13.09,12.92,13.31,12.51,14420,39823668.00,6.06,-2.12,-0.28,3.89
2014-07-16,12.87,12.52,12.88,12.33,9200,24871309.00,4.26,-3.10,-0.40,2.48
2014-07-17,12.52,12.39,12.52,12.16,9167,24250160.00,2.88,-1.04,-0.13,2.47
2014-07-18,12.27,12.36,12.55,12.27,3663,9770709.00,2.26,-0.24,-0.03,0.99
2014-07-21,12.44,12.54,12.61,12.36,5446,14631257.00,2.02,1.46,0.18,1.47
2014-07-22,12.59,12.77,12.89,12.46,8193,22369714.00,3.43,1.83,0.23,2.21
2014-07-23,12.87,12.77,13.05,12.72,8927,24639408.00,2.58,0.00,0.00,2.41
2014-07-24,12.76,12.32,12.91,12.12,13769,36698083.00,6.19,-3.52,-0.45,3.71
2014-07-25,12.32,12.38,12.45,12.17,4139,10980314.00,2.27,0.49,0.06,1.12
2014-07-28,12.39,12.50,12.54,12.16,9021,23998943.00,3.07,0.97,0.12,2.43
2014-07-29,12.50,12.64,12.80,12.49,7435,20252391.00,2.48,1.12,0.14,2.01
2014-07-30,12.72,12.66,12.72,12.42,8258,22255182.00,2.37,0.16,0.02,2.23
2014-07-31,12.70,12.57,12.70,12.43,5687,15294589.00,2.13,-0.71,-0.09,1.53
2014-08-01,12.61,12.26,12.61,12.22,8876,23596860.00,3.10,-2.47,-0.31,2.39
2014-08-04,12.26,12.18,12.36,12.00,18108,47095763.00,2.94,-0.65,-0.08,4.88
2014-08-05,12.18,12.21,12.35,12.08,17856,46858355.00,2.22,0.25,0.03,4.82
2014-08-06,12.21,12.57,12.63,12.18,21149,56395254.00,3.69,2.95,0.36,5.70
2014-08-07,12.51,12.29,12.62,12.27,12181,32558128.00,2.78,-2.23,-0.28,3.29
2014-08-08,12.29,12.54,12.54,12.26,10727,28610343.00,2.28,2.03,0.25,2.89
2014-08-11,12.62,12.87,12.98,12.51,14487,39821116.00,3.75,2.63,0.33,3.91
2014-08-12,12.84,12.84,12.96,12.74,7769,21347148.00,1.71,-0.23,-0.03,2.10
2014-08-13,12.82,12.74,12.91,12.58,8478,23126651.00,2.57,-0.78,-0.10,2.29
2014-08-14,12.72,12.68,12.90,12.67,10014,27431002.00,1.81,-0.47,-0.06,2.70
2014-08-15,12.68,12.64,12.71,12.47,9941,26848763.00,1.89,-0.32,-0.04,2.68
2014-08-18,12.67,12.87,12.87,12.64,10588,29046589.00,1.82,1.82,0.23,2.86
2014-08-19,12.89,13.03,13.24,12.83,14842,41592978.00,3.19,1.24,0.16,4.00
2014-08-20,13.05,12.98,13.21,12.91,11008,30831002.00,2.30,-0.38,-0.05,2.97
2014-08-21,13.06,13.40,13.41,12.93,17050,48174323.00,3.70,3.24,0.42,4.60
2014-08-22,13.42,13.38,13.51,13.20,14092,40167041.00,2.31,-0.15,-0.02,3.80
2014-08-25,13.38,13.21,13.39,13.13,5358,15188190.00,1.94,-1.27,-0.17,1.45
2014-08-26,13.26,12.70,13.26,12.62,13158,36252896.00,4.84,-3.86,-0.51,3.55
2014-08-27,12.77,12.70,12.88,12.62,6072,16619705.00,2.05,0.00,0.00,1.64
2014-08-28,12.70,12.67,12.79,12.52,6873,18674754.00,2.13,-0.24,-0.03,1.85
2014-08-29,12.67,12.81,12.83,12.59,6133,16754317.00,1.89,1.10,0.14,1.65
2014-09-01,12.77,13.02,13.04,12.76,11125,30781424.00,2.19,1.64,0.21,3.00
2014-09-02,13.07,13.47,13.62,13.02,23785,68066257.00,4.61,3.46,0.45,6.41
2014-09-03,13.57,13.42,13.57,13.27,13727,39331029.00,2.23,-0.37,-0.05,3.70
2014-09-04,13.39,13.48,13.55,13.39,9602,27619059.00,1.19,0.45,0.06,2.59
2014-09-05,13.51,13.57,13.67,13.43,9094,26296016.00,1.78,0.67,0.09,2.45
2014-09-09,13.57,13.62,13.70,13.41,8429,24409854.00,2.14,0.37,0.05,2.27
2014-09-10,13.61,13.74,13.81,13.42,14760,42987569.00,2.86,0.88,0.12,3.98
2014-09-11,13.82,13.56,14.15,13.50,12285,36282644.00,4.73,-1.31,-0.18,3.31
2014-09-12,13.52,13.97,13.99,13.47,9233,27078978.00,3.83,3.02,0.41,2.49
2014-09-15,14.02,14.34,14.36,13.97,14509,43926539.00,2.79,2.65,0.37,3.91
2014-09-16,14.41,13.60,14.41,13.55,15136,44941179.00,6.00,-5.16,-0.74,4.08
2014-09-17,13.64,13.64,13.71,13.37,11257,32516850.00,2.50,0.29,0.04,3.04
2014-09-18,13.61,13.98,14.01,13.37,12485,36657531.00,4.69,2.49,0.34,3.37
2014-09-19,14.03,14.07,14.26,13.92,8326,24969150.00,2.43,0.64,0.09,2.25
2014-09-22,14.07,13.74,14.11,13.67,7391,21776327.00,3.13,-2.35,-0.33,1.99
2014-09-23,13.78,14.04,14.19,13.67,7014,20855027.00,3.78,2.18,0.30,1.89
2014-09-24,14.12,14.20,14.35,14.02,9897,29969114.00,2.35,1.14,0.16,2.67
2014-09-25,14.19,14.20,14.37,14.08,6897,20868824.00,2.04,0.00,0.00,1.86
2014-09-26,14.15,14.10,14.32,13.82,8630,25857600.00,3.52,-0.70,-0.10,2.33
2014-09-29,14.11,14.62,14.62,14.05,12113,36986250.00,4.04,3.69,0.52,3.27
2014-09-30,14.57,14.79,14.82,14.45,11282,35166477.00,2.53,1.16,0.17,3.04
2014-10-08,14.80,16.00,16.26,14.79,16461,54920446.00,9.94,8.18,1.21,4.44
2014-10-09,16.00,16.61,16.66,15.75,15997,54858536.00,5.69,3.81,0.61,4.31
2014-10-10,16.56,16.17,16.60,15.92,11810,40587545.00,4.09,-2.65,-0.44,3.19
2014-10-13,16.04,16.08,16.21,15.62,9700,32490181.00,3.65,-0.56,-0.09,2.62
2014-10-14,15.82,15.66,16.01,15.47,11001,36690925.00,3.36,-2.61,-0.42,2.97
2014-10-15,15.73,15.93,15.95,15.48,6510,21735701.00,3.00,1.72,0.27,1.76
2014-10-16,15.77,15.50,15.95,15.50,7276,24187056.00,2.82,-2.70,-0.43,1.96
2014-10-17,15.56,15.05,15.61,14.82,9694,31187537.00,5.10,-2.90,-0.45,2.61
2014-10-20,15.40,15.06,15.40,14.88,8976,28660704.00,3.46,0.07,0.01,2.42
2014-10-21,15.09,15.20,15.31,14.99,7468,24081751.00,2.12,0.93,0.14,2.01
2014-10-22,15.24,14.82,15.47,14.77,7832,25169808.00,4.61,-2.50,-0.38,2.11
2014-10-23,14.82,14.97,15.07,14.82,10312,32752472.00,1.69,1.01,0.15,2.78
2014-10-24,14.89,14.97,15.02,14.87,5330,16955486.00,1.00,0.00,0.00,1.44
2014-10-27,14.94,15.29,15.40,14.84,6459,20840992.00,3.74,2.14,0.32,1.74
2014-10-28,15.32,15.76,16.05,15.32,8361,27920434.00,4.77,3.07,0.47,2.25
2014-10-29,15.77,15.80,15.99,15.69,7106,23805209.00,1.90,0.25,0.04,1.92
2014-10-30,15.80,15.62,16.05,15.62,7315,24563317.00,2.72,-1.14,-0.18,1.97
2014-10-31,15.62,15.25,15.90,15.07,8878,28919900.00,5.31,-2.37,-0.37,2.39
2014-11-03,15.13,15.23,15.41,15.07,9577,30813524.00,2.23,-0.13,-0.02,2.58
2014-11-04,15.23,14.69,15.38,14.67,11186,35602924.00,4.66,-3.55,-0.54,3.02
2014-11-05,14.60,14.71,14.79,14.49,6712,20947323.00,2.04,0.14,0.02,1.81
2014-11-06,14.89,15.17,15.27,14.60,7975,25304375.00,4.55,3.13,0.46,2.15
2014-11-07,15.32,14.77,15.32,14.77,12484,39773763.00,3.63,-2.64,-0.40,3.37
2014-11-10,14.87,14.92,14.92,14.57,6261,19593473.00,2.37,1.02,0.15,1.69
2014-11-11,14.92,14.39,14.96,14.33,6914,21423951.00,4.22,-3.55,-0.53,1.86
2014-11-12,14.42,14.73,14.77,14.36,6436,19996922.00,2.85,2.36,0.34,1.74
2014-11-13,14.65,14.14,14.68,14.02,8235,24985768.00,4.48,-4.01,-0.59,2.22
2014-11-14,14.14,13.93,14.21,13.76,7818,23298872.00,3.18,-1.49,-0.21,2.11
2014-11-17,14.07,13.99,14.21,13.83,13997,41915528.00,2.73,0.43,0.06,3.77
2014-11-18,13.84,14.12,14.19,13.84,7620,22786831.00,2.50,0.93,0.13,2.05
2014-11-19,14.08,14.42,14.63,14.07,8268,25406291.00,3.97,2.12,0.30,2.23
2014-11-20,14.39,14.23,14.42,14.08,6510,19772229.00,2.36,-1.32,-0.19,1.76
2014-11-21,14.08,14.35,14.45,14.07,6563,20031316.00,2.67,0.84,0.12,1.77
2014-11-24,14.55,14.61,14.67,14.36,11042,34107781.00,2.16,1.81,0.26,2.98
2014-11-25,14.49,14.94,15.00,14.47,9425,29755849.00,3.63,2.26,0.33,2.54
2014-11-26,14.94,15.02,15.46,14.94,9164,29592443.00,3.48,0.54,0.08,2.47
2014-11-27,15.06,15.07,15.32,14.83,10302,32959490.00,3.26,0.33,0.05,2.78
2014-11-28,15.23,15.17,15.39,15.07,10270,33148070.00,2.12,0.66,0.10,2.77
2014-12-01,15.18,15.23,15.42,14.69,12533,40272859.00,4.81,0.40,0.06,3.38
2014-12-02,15.24,15.78,15.80,15.07,13326,44026100.00,4.79,3.61,0.55,3.59
2014-12-03,15.76,17.09,17.33,15.29,27997,96418789.00,12.93,8.30,1.31,7.55
2014-12-04,17.11,17.15,17.65,16.99,23625,85686740.00,3.86,0.35,0.06,6.37
2014-12-05,17.16,16.15,17.16,16.07,24416,85041736.00,6.36,-5.83,-1.00,6.58
2014-12-08,16.00,15.47,16.00,15.36,20213,66999965.00,3.96,-4.21,-0.68,5.45
2014-12-09,15.32,13.83,15.51,13.83,32102,99205051.00,10.86,-10.60,-1.64,8.66
2014-12-10,13.92,14.22,14.51,13.87,13370,40422492.00,4.63,2.82,0.39,3.61
2014-12-11,14.17,14.50,14.53,13.94,14955,45471694.00,4.15,1.97,0.28,4.03
2014-12-12,14.57,14.62,14.69,14.32,9529,29387565.00,2.55,0.83,0.12,2.57
2014-12-15,14.49,14.80,14.90,14.49,12485,39153417.00,2.80,1.23,0.18,3.37
2014-12-16,14.82,14.29,14.84,14.07,18829,57445286.00,5.20,-3.45,-0.51,5.08
2014-12-17,14.25,13.99,14.25,13.87,15071,45031546.00,2.66,-2.10,-0.30,4.06
2014-12-18,14.02,13.60,14.04,13.51,17118,50367950.00,3.79,-2.79,-0.39,4.62
2014-12-19,13.61,12.82,13.72,12.81,20592,57696765.00,6.69,-5.74,-0.78,5.55
2014-12-22,12.82,11.84,12.83,11.56,23729,61506551.00,9.91,-7.64,-0.98,6.40
2014-12-23,11.84,11.97,12.27,11.67,13930,35974017.00,5.07,1.10,0.13,3.76
2014-12-24,11.99,12.39,12.51,11.99,13574,36006290.00,4.34,3.51,0.42,3.66
2014-12-25,12.44,12.44,12.51,12.21,10341,27495151.00,2.42,0.40,0.05,2.79
2014-12-26,12.44,12.32,12.52,12.26,8965,23828863.00,2.09,-0.96,-0.12,2.42
2014-12-29,12.26,11.59,12.26,11.53,13180,33394836.00,5.93,-5.93,-0.73,3.55
2014-12-30,11.71,11.47,11.72,11.33,7556,18705564.00,3.36,-1.04,-0.12,2.04
2014-12-31,11.48,11.69,11.82,11.47,8718,21905259.00,3.05,1.92,0.22,2.35