2022-01-04,12.58,12.77,12.82,12.46,108463,140192242.00,2.86,1.51,0.19,2.42
2022-01-05,12.78,13.06,13.20,12.47,227370,300764432.00,5.72,2.27,0.29,5.07
2022-01-06,12.97,12.96,13.16,12.80,125202,165859815.00,2.76,-0.77,-0.10,2.79
2022-01-07,12.86,13.28,13.57,12.76,195176,263196773.00,6.25,2.47,0.32,4.36
2022-01-10,13.27,13.16,13.27,12.95,99685,133661344.00,2.41,-0.90,-0.12,2.22
2022-01-11,13.16,12.62,13.20,12.60,116511,152854767.00,4.56,-4.10,-0.54,2.60
2022-01-12,12.61,12.76,12.87,12.56,62223,81022531.00,2.46,1.11,0.14,1.39
2022-01-13,12.70,13.08,13.15,12.58,110288,145340762.00,4.47,2.51,0.32,2.46
2022-01-14,12.92,12.67,12.95,12.55,99619,129789241.00,3.06,-3.13,-0.41,2.22
2022-01-17,12.61,12.80,12.85,12.55,65027,84677569.00,2.37,1.03,0.13,1.45
2022-01-18,12.71,12.44,12.78,12.35,84782,108596727.00,3.36,-2.81,-0.36,1.89
2022-01-19,12.34,12.49,12.56,12.21,70445,89301223.00,2.81,0.40,0.05,1.57
2022-01-20,12.50,12.07,12.52,12.05,58751,73670464.00,3.76,-3.36,-0.42,1.31
2022-01-21,12.05,12.10,12.20,11.81,49935,61523692.00,3.23,0.25,0.03,1.11
2022-01-24,12.09,11.75,12.09,11.73,50207,61024282.00,2.98,-2.89,-0.35,1.12
2022-01-25,11.74,11.51,11.84,11.41,60069,71288113.00,3.66,-2.04,-0.24,1.34
2022-01-26,11.60,11.47,11.69,11.36,36362,42851851.00,2.87,-0.35,-0.04,0.81
2022-01-27,11.41,10.97,11.49,10.97,46080,52796318.00,4.53,-4.36,-0.50,1.03
2022-01-28,11.04,11.00,11.18,10.86,34864,39562006.00,2.92,0.27,0.03,0.78
2022-02-07,11.22,11.28,11.38,11.01,34608,39889202.00,3.36,2.55,0.28,0.77
2022-02-08,11.41,11.39,11.47,11.15,30420,35424455.00,2.84,0.98,0.11,0.68
2022-02-09,11.38,11.46,11.49,11.26,34909,40884356.00,2.02,0.61,0.07,0.78
2022-02-10,11.53,11.43,11.53,11.27,67873,79308748.00,2.27,-0.26,-0.03,1.51
2022-02-11,11.37,11.10,11.42,11.05,47268,54303406.00,3.24,-2.89,-0.33,1.05
2022-02-14,11.01,11.07,11.20,10.97,23455,26721946.00,2.07,-0.27,-0.03,0.52
2022-02-15,11.08,11.02,11.14,10.89,30826,34867874.00,2.26,-0.45,-0.05,0.69
2022-02-16,11.03,11.05,11.11,10.95,29228,33089754.00,1.45,0.27,0.03,0.65
2022-02-17,11.05,11.07,11.12,10.96,26576,30109302.00,1.45,0.18,0.02,0.59
2022-02-18,10.98,10.89,11.02,10.70,69002,76732390.00,2.89,-1.63,-0.18,1.54
2022-02-21,10.91,11.26,11.35,10.80,60092,68741835.00,5.05,3.40,0.37,1.34
2022-02-22,11.56,11.20,11.60,11.09,61771,71689014.00,4.53,-0.53,-0.06,1.38
2022-02-23,11.11,11.19,11.24,11.03,44250,50668433.00,1.88,-0.09,-0.01,0.99
2022-02-24,11.18,10.88,11.26,10.76,51769,58374319.00,4.47,-2.77,-0.31,1.16
2022-02-25,10.90,10.85,11.06,10.82,38911,43687452.00,2.21,-0.28,-0.03,0.87
2022-02-28,10.80,10.58,10.90,10.50,55390,60355654.00,3.69,-2.49,-0.27,1.24
2022-03-01,10.58,10.48,10.69,10.38,61342,66145353.00,2.93,-0.95,-0.10,1.37
2022-03-02,10.42,10.61,10.63,10.36,31706,34335225.00,2.58,1.24,0.13,0.71
2022-03-03,10.67,10.53,10.68,10.48,29128,31593295.00,1.89,-0.75,-0.08,0.65
2022-03-04,10.52,10.40,10.52,10.38,34840,37335352.00,1.33,-1.23,-0.13,0.78
2022-03-07,10.35,10.03,10.36,9.99,49358,51387348.00,3.56,-3.56,-0.37,1.10
2022-03-08,10.01,9.63,10.03,9.56,59367,59439570.00,4.69,-3.99,-0.40,1.32
2022-03-09,9.64,9.39,9.72,8.91,48258,46647252.00,8.41,-2.49,-0.24,1.08
2022-03-10,9.57,9.60,9.74,9.55,33226,33011746.00,2.02,2.24,0.21,0.74
2022-03-11,9.60,9.74,9.75,9.32,41712,40996759.00,4.48,1.46,0.14,0.93
2022-03-14,9.61,9.51,9.74,9.51,28924,28736157.00,2.36,-2.36,-0.23,0.65
2022-03-15,9.42,8.77,9.50,8.77,57176,53849159.00,7.68,-7.78,-0.74,1.28
2022-03-16,8.95,9.10,9.15,8.59,56387,51631331.00,6.39,3.76,0.33,1.26
2022-03-17,9.30,9.32,9.48,9.17,50928,49193002.00,3.41,2.42,0.22,1.14
2022-03-18,9.32,9.40,9.44,9.24,41858,40425104.00,2.15,0.86,0.08,0.93
2022-03-21,9.45,9.42,9.48,9.27,30154,29205029.00,2.23,0.21,0.02,0.67
2022-03-22,9.41,9.45,9.55,9.26,40141,38966908.00,3.08,0.32,0.03,0.90
2022-03-23,9.45,9.45,9.47,9.35,53551,52111101.00,1.27,0.00,0.00,1.20
2022-03-24,9.42,9.27,9.42,9.26,35404,34128420.00,1.69,-1.90,-0.18,0.79
2022-03-25,9.40,9.38,9.93,9.35,119079,117636102.00,6.26,1.19,0.11,2.66
2022-03-28,9.23,9.12,9.34,9.00,74369,70489087.00,3.62,-2.77,-0.26,1.66
2022-03-29,9.21,9.01,9.23,9.00,47576,44645247.00,2.52,-1.21,-0.11,1.06
2022-03-30,9.15,9.26,9.29,9.01,51691,48895168.00,3.11,2.77,0.25,1.15
2022-03-31,9.23,9.26,9.41,9.20,42369,40718247.00,2.27,0.00,0.00,0.95
2022-04-01,9.25,9.28,9.32,9.07,34360,32746261.00,2.70,0.22,0.02,0.77
2022-04-06,9.28,9.39,9.53,9.27,53318,51717411.00,2.80,1.19,0.11,1.19
2022-04-07,9.36,9.05,9.46,9.02,50680,48145352.00,4.69,-3.62,-0.34,1.13
2022-04-08,9.10,8.94,9.10,8.87,38777,35840032.00,2.54,-1.22,-0.11,0.87
2022-04-11,8.98,8.66,9.01,8.61,55731,50556347.00,4.47,-3.13,-0.28,1.24
2022-04-12,8.66,8.80,8.82,8.44,52460,46739325.00,4.39,1.62,0.14,1.17
2022-04-13,8.80,8.47,8.80,8.42,49838,44293579.00,4.32,-3.75,-0.33,1.11
2022-04-14,8.54,8.60,8.71,8.49,39990,35676104.00,2.60,1.53,0.13,0.89
2022-04-15,8.54,8.55,8.61,8.45,33870,29925919.00,1.86,-0.58,-0.05,0.76
2022-04-18,8.53,8.59,8.66,8.37,31051,27449836.00,3.39,0.47,0.04,0.69
2022-04-19,8.57,8.69,8.77,8.55,37791,33938744.00,2.56,1.16,0.10,0.84
2022-04-20,8.68,8.85,9.09,8.65,99253,91379665.00,5.06,1.84,0.16,2.22
2022-04-21,8.86,8.61,8.95,8.58,56829,51460894.00,4.18,-2.71,-0.24,1.27
2022-04-22,8.57,8.88,9.00,8.41,85464,77469685.00,6.85,3.14,0.27,1.91
2022-04-25,8.78,8.09,8.85,8.02,120209,104392061.00,9.35,-8.90,-0.79,2.68
2022-04-26,8.06,7.74,8.12,7.70,71856,58868995.00,5.19,-4.33,-0.35,1.60
2022-04-27,7.61,7.78,7.84,7.33,73986,58109726.00,6.59,0.52,0.04,1.65
2022-04-28,7.70,7.73,8.15,7.64,81952,66540767.00,6.56,-0.64,-0.05,1.83
2022-04-29,7.76,7.99,8.17,7.76,146404,121725801.00,5.30,3.36,0.26,3.27
2022-05-05,8.00,8.08,8.16,7.82,65929,54866445.00,4.26,1.13,0.09,1.47
2022-05-06,8.12,7.93,8.24,7.89,57533,47553345.00,4.33,-1.86,-0.15,1.28
2022-05-09,8.22,8.11,8.75,7.95,278701,242874388.00,10.09,2.27,0.18,6.22
2022-05-10,7.85,7.88,7.92,7.70,160096,130074710.00,2.71,-2.84,-0.23,3.57
2022-05-11,7.85,7.87,8.18,7.83,151833,126100535.00,4.44,-0.13,-0.01,3.39
2022-05-12,7.87,8.08,8.11,7.79,114164,94367515.00,4.07,2.67,0.21,2.55
2022-05-13,8.08,8.08,8.27,7.96,79796,67062341.00,3.84,0.00,0.00,1.78
2022-05-16,8.10,7.95,8.17,7.88,70173,58164654.00,3.59,-1.61,-0.13,1.57
2022-05-17,7.91,7.83,7.99,7.73,63973,51912178.00,3.27,-1.51,-0.12,1.43
2022-05-18,7.90,8.04,8.08,7.81,112672,92916591.00,3.45,2.68,0.21,2.51
2022-05-19,7.99,8.00,8.17,7.85,146433,121761934.00,3.98,-0.50,-0.04,3.27
2022-05-20,8.02,8.02,8.08,7.96,109656,91065335.00,1.50,0.25,0.02,2.45
2022-05-23,8.03,8.19,8.23,8.00,93587,78962395.00,2.87,2.12,0.17,2.09
2022-05-24,8.19,7.66,8.26,7.65,142870,117244442.00,7.45,-6.47,-0.53,3.19
2022-05-25,7.70,7.84,7.84,7.66,54342,43766513.00,2.35,2.35,0.18,1.21
2022-05-26,7.88,8.01,8.05,7.73,86104,70877594.00,4.08,2.17,0.17,1.92
2022-05-27,8.06,7.93,8.10,7.85,67107,55539833.00,3.12,-1.00,-0.08,1.50
2022-05-30,7.96,8.08,8.12,7.86,76285,63494195.00,3.28,1.89,0.15,1.70
2022-05-31,8.14,8.53,8.57,8.08,133929,111625657.00,6.06,5.57,0.45,2.99
2022-06-01,8.60,8.54,8.80,8.43,136635,117621018.00,4.34,0.12,0.01,3.05
2022-06-02,8.48,8.45,8.54,8.38,70620,59636146.00,1.87,-1.05,-0.09,1.58
2022-06-06,8.40,8.56,8.63,8.40,73224,62388806.00,2.72,1.30,0.11,1.63
2022-06-07,8.56,8.46,8.59,8.40,57856,49029583.00,2.22,-1.17,-0.10,1.29
2022-06-08,8.47,8.45,8.49,8.27,64630,54287436.00,2.60,-0.12,-0.01,1.44
2022-06-09,8.45,8.30,8.45,8.28,47329,39474836.00,2.01,-1.78,-0.15,1.06
2022-06-10,8.26,8.35,8.39,8.26,44518,37136899.00,1.57,0.60,0.05,0.99
2022-06-13,8.28,8.31,8.42,8.23,56010,46511007.00,2.28,-0.48,-0.04,1.25
2022-06-14,8.28,8.38,8.38,8.20,61383,50881843.00,2.17,0.84,0.07,1.37
2022-06-15,8.49,8.47,8.60,8.38,99084,84370329.00,2.63,1.07,0.09,2.21
2022-06-16,8.53,8.55,8.60,8.45,77704,66403224.00,1.77,0.94,0.08,1.73
2022-06-17,8.48,8.70,8.74,8.43,107159,92438484.00,3.63,1.75,0.15,2.39
2022-06-20,8.72,8.77,8.87,8.65,119293,104522044.00,2.53,0.80,0.07,2.66
2022-06-21,8.78,8.79,8.88,8.66,91646,80537633.00,2.51,0.23,0.02,2.05
2022-06-22,8.79,8.57,8.84,8.57,70704,61326402.00,3.07,-2.50,-0.22,1.58
2022-06-23,8.54,8.67,8.68,8.53,51347,44254179.00,1.75,1.17,0.10,1.15
2022-06-24,8.73,8.83,8.91,8.68,79787,70392566.00,2.65,1.85,0.16,1.78
2022-06-27,8.85,8.76,8.88,8.72,85401,75039231.00,1.81,-0.79,-0.07,1.91
2022-06-28,8.79,8.78,8.79,8.67,84878,74163573.00,1.37,0.23,0.02,1.89
2022-06-29,8.81,8.62,9.07,8.58,134033,117541951.00,5.58,-1.82,-0.16,2.99
2022-06-30,8.60,8.66,8.92,8.59,95629,83372186.00,3.83,0.46,0.04,2.13
2022-07-01,8.67,8.54,8.71,8.50,77947,67086288.00,2.42,-1.39,-0.12,1.74
2022-07-04,8.52,8.45,8.58,8.38,97415,82332156.00,2.34,-1.05,-0.09,2.17
2022-07-05,8.50,8.41,8.64,8.32,88665,75099641.00,3.79,-0.47,-0.04,1.98
2022-07-06,8.41,8.32,8.43,8.25,61950,51519523.00,2.14,-1.07,-0.09,1.38
2022-07-07,8.30,8.30,8.35,8.24,55246,45794868.00,1.32,-0.24,-0.02,1.23
2022-07-08,8.26,8.37,8.46,8.26,67990,57019427.55,2.41,0.84,0.07,1.52
2022-07-11,8.33,8.36,8.38,8.21,51676,42796375.86,2.03,-0.12,-0.01,1.15
2022-07-12,8.35,8.15,8.35,8.12,64227,52700930.56,2.75,-2.51,-0.21,1.43
2022-07-13,8.15,8.15,8.22,8.11,45700,37270532.44,1.35,0.00,0.00,1.02
2022-07-14,8.20,8.10,8.33,8.08,72782,59466534.29,3.07,-0.61,-0.05,1.62
2022-07-15,7.77,7.80,7.94,7.70,102134,79842477.44,2.96,-3.70,-0.30,2.28
2022-07-18,7.79,7.87,7.95,7.79,61746,48689610.79,2.05,0.90,0.07,1.38
2022-07-19,7.91,7.87,7.92,7.80,57942,45502297.00,1.52,0.00,0.00,1.29
2022-07-20,7.90,7.90,7.91,7.84,44032,34669948.10,0.89,0.38,0.03,0.98
2022-07-21,7.90,7.90,7.95,7.86,49743,39344886.00,1.14,0.00,0.00,1.11
2022-07-22,7.90,7.80,7.94,7.71,66530,51972441.00,2.91,-1.27,-0.10,1.48
2022-07-25,7.80,7.77,7.90,7.72,41617,32441068.12,2.31,-0.38,-0.03,0.93
2022-07-26,7.76,7.84,7.85,7.69,39052,30307856.24,2.06,0.90,0.07,0.87
2022-07-27,7.79,7.94,7.94,7.79,48861,38579030.28,1.91,1.28,0.10,1.09
2022-07-28,8.00,8.01,8.14,7.97,70693,56932301.00,2.14,0.88,0.07,1.58
2022-07-29,8.09,8.01,8.11,7.98,51451,41385144.00,1.62,0.00,0.00,1.15
2022-08-01,8.02,8.07,8.08,7.96,47537,38220826.00,1.50,0.75,0.06,1.06
2022-08-02,8.02,8.03,8.16,7.69,139114,110310817.77,5.82,-0.50,-0.04,3.10
2022-08-03,8.10,7.81,8.35,7.77,134868,108468081.05,7.22,-2.74,-0.22,3.01
2022-08-04,7.72,7.79,7.87,7.65,88380,68414290.10,2.82,-0.26,-0.02,1.97
2022-08-05,7.77,7.85,7.87,7.71,47303,36848119.33,2.05,0.77,0.06,1.06
2022-08-08,7.85,7.85,7.86,7.76,39191,30643254.57,1.27,0.00,0.00,0.87
2022-08-09,7.86,7.78,7.87,7.76,42184,32893629.32,1.40,-0.89,-0.07,0.94
2022-08-10,7.76,7.70,7.78,7.69,38155,29449966.74,1.16,-1.03,-0.08,0.85
2022-08-11,7.74,7.97,7.97,7.73,88267,69491355.66,3.12,3.51,0.27,1.97
2022-08-12,7.99,7.93,7.99,7.90,41000,32566196.00,1.13,-0.50,-0.04,0.92
2022-08-15,7.92,7.90,7.93,7.81,40843,32085059.02,1.51,-0.38,-0.03,0.91
2022-08-16,7.90,7.96,7.98,7.87,47476,37657329.00,1.39,0.76,0.06,1.06
2022-08-17,7.95,8.02,8.06,7.93,46423,37112509.52,1.63,0.75,0.06,1.04
2022-08-18,7.97,7.92,8.02,7.86,41333,32685940.46,2.00,-1.25,-0.10,0.92
2022-08-19,7.93,8.00,8.07,7.90,68203,54670558.90,2.15,1.01,0.08,1.52
2022-08-22,8.04,8.00,8.06,7.92,41049,32853954.24,1.75,0.00,0.00,0.92
2022-08-23,7.99,7.89,8.03,7.87,51672,40842572.00,2.00,-1.38,-0.11,1.15
2022-08-24,7.88,7.73,7.93,7.70,57536,44766789.98,2.92,-2.03,-0.16,1.28
2022-08-25,7.70,7.56,7.76,7.51,84072,64136323.02,3.23,-2.20,-0.17,1.88
2022-08-26,7.55,7.45,7.59,7.43,60102,45135109.00,2.12,-1.46,-0.11,1.34
2022-08-29,7.38,7.49,7.50,7.31,39516,29351086.90,2.55,0.54,0.04,0.88
2022-08-30,7.47,7.53,7.63,7.46,38903,29321630.10,2.27,0.53,0.04,0.87
2022-08-31,7.54,7.48,7.56,7.43,36387,27267851.40,1.73,-0.66,-0.05,0.81
2022-09-01,7.48,7.43,7.54,7.41,32230,24044549.84,1.74,-0.67,-0.05,0.72
2022-09-02,7.42,7.51,7.51,7.42,26126,19499830.55,1.21,1.08,0.08,0.58
2022-09-05,7.52,7.47,7.54,7.43,27341,20385118.48,1.46,-0.53,-0.04,0.61
2022-09-06,7.47,7.50,7.50,7.43,31572,23612953.92,0.94,0.40,0.03,0.70
2022-09-07,7.54,7.46,7.55,7.44,30491,22802346.07,1.47,-0.53,-0.04,0.68
2022-09-08,7.45,7.36,7.47,7.36,34359,25448019.74,1.47,-1.34,-0.10,0.78
2022-09-09,7.36,7.46,7.46,7.30,32977,24396879.70,2.17,1.36,0.10,0.75
2022-09-13,7.47,7.45,7.52,7.42,30072,22466875.00,1.34,-0.13,-0.01,0.68
2022-09-14,7.38,7.40,7.42,7.34,29888,22057598.76,1.07,-0.67,-0.05,0.68
2022-09-15,7.41,7.42,7.55,7.33,57299,42742941.00,2.97,0.27,0.02,1.30
2022-09-16,7.41,7.00,7.41,6.96,102900,73549392.64,6.06,-5.66,-0.42,2.33
2022-09-19,7.00,6.92,7.00,6.76,65264,44757267.78,3.43,-1.14,-0.08,1.48
2022-09-20,6.91,6.91,7.00,6.87,29823,20622167.61,1.88,-0.14,-0.01,0.68
2022-09-21,6.91,7.00,7.04,6.79,41716,28890528.31,3.62,1.30,0.09,0.95
2022-09-22,7.00,6.88,7.02,6.88,29005,20145055.00,2.00,-1.71,-0.12,0.66
2022-09-23,6.88,6.73,6.88,6.68,40398,27337676.00,2.91,-2.18,-0.15,0.92
2022-09-26,6.71,6.55,6.73,6.55,36063,23944636.90,2.67,-2.67,-0.18,0.82
2022-09-27,6.56,6.88,6.89,6.55,60315,40697563.76,5.19,5.04,0.33,1.37
2022-09-28,6.86,6.86,7.03,6.82,55115,38159862.95,3.05,-0.29,-0.02,1.25
2022-09-29,6.90,6.95,6.98,6.79,65893,45319423.20,2.77,1.31,0.09,1.49
2022-09-30,6.85,7.65,7.65,6.75,142560,104323451.53,12.95,10.07,0.70,3.23
2022-10-10,8.16,8.42,8.42,8.03,684212,570998018.92,5.10,10.07,0.77,15.52
2022-10-11,8.25,8.71,9.25,8.11,932841,821790892.87,13.54,3.44,0.29,21.16
2022-10-12,8.59,9.07,9.36,8.38,877176,778277007.00,11.25,4.13,0.36,19.90
2022-10-13,8.80,9.00,9.11,8.62,719936,638537014.60,5.40,-0.77,-0.07,16.33
2022-10-14,8.63,8.55,8.92,8.40,683368,592846328.00,5.78,-5.00,-0.45,15.50
2022-10-17,8.48,8.79,8.79,8.26,610533,518414813.75,6.20,2.81,0.24,13.85
2022-10-18,8.62,8.68,8.79,8.53,448356,387325162.30,2.96,-1.25,-0.11,10.17
2022-10-19,8.55,7.83,8.59,7.82,571542,466513409.14,8.87,-9.79,-0.85,12.97
2022-10-20,7.84,8.61,8.61,7.84,353607,294412451.31,9.83,9.96,0.78,8.02
2022-10-21,8.87,8.71,9.17,8.51,833739,736350319.40,7.67,1.16,0.10,18.91
2022-10-24,8.58,8.27,8.62,8.12,454105,379454331.13,5.74,-5.05,-0.44,10.30
2022-10-25,8.14,7.80,8.14,7.66,374842,293433960.16,5.80,-5.68,-0.47,8.50
2022-10-26,7.70,7.96,8.32,7.66,344776,275792905.05,8.46,2.05,0.16,7.82
2022-10-27,7.82,7.84,7.97,7.75,222004,174345217.43,2.76,-1.51,-0.12,5.04
2022-10-28,7.85,8.10,8.47,7.83,439464,358814323.93,8.16,3.32,0.26,9.97
2022-10-31,7.85,8.14,8.17,7.76,263775,211791884.30,5.06,0.49,0.04,5.98
2022-11-01,8.10,8.18,8.18,7.84,268486,214953371.48,4.18,0.49,0.04,6.09
2022-11-02,8.13,8.21,8.51,8.09,320584,265371511.83,5.13,0.37,0.03,7.27
2022-11-03,8.04,8.14,8.29,7.97,200597,162986672.52,3.90,-0.85,-0.07,4.55
2022-11-04,8.16,8.16,8.25,8.03,203253,165211699.51,2.70,0.25,0.02,4.61
2022-11-07,8.17,8.64,8.88,8.09,422621,356204376.56,9.68,5.88,0.48,9.59
2022-11-08,8.60,8.65,8.74,8.44,324905,278135043.32,3.47,0.12,0.01,7.37
2022-11-09,8.68,8.47,8.68,8.45,200829,171426729.38,2.66,-2.08,-0.18,4.56
2022-11-10,8.35,8.67,8.76,8.34,278550,239377351.83,4.96,2.36,0.20,6.32
2022-11-11,8.86,8.45,8.87,8.42,300396,258709182.82,5.19,-2.54,-0.22,6.82
2022-11-14,8.47,8.29,8.63,8.23,246081,207482149.44,4.73,-1.89,-0.16,5.58
2022-11-15,8.26,8.49,8.59,8.26,222592,187303919.02,3.98,2.41,0.20,5.05
2022-11-16,8.42,8.40,8.58,8.35,176090,148693979.06,2.71,-1.06,-0.09,3.99
2022-11-17,8.41,8.37,8.44,8.23,159124,132519997.90,2.50,-0.36,-0.03,3.61
2022-11-18,8.36,8.39,8.60,8.30,202780,171891401.00,3.58,0.24,0.02,4.60
2022-11-21,8.45,8.15,8.45,8.06,169511,138545043.63,4.65,-2.86,-0.24,3.85
2022-11-22,8.19,7.94,8.26,7.92,157125,126504486.00,4.17,-2.58,-0.21,3.56
2022-11-23,7.92,8.04,8.05,7.72,144543,114035946.70,4.16,1.26,0.10,3.28
2022-11-24,8.00,8.07,8.18,7.95,90418,72685022.19,2.86,0.37,0.03,2.05
2022-11-25,8.04,7.94,8.09,7.90,88110,70301918.50,2.35,-1.61,-0.13,2.00
2022-11-28,7.82,7.97,8.00,7.76,84838,66911012.80,3.02,0.38,0.03,1.92
2022-11-29,7.93,8.35,8.40,7.91,238673,197387881.21,6.15,4.77,0.38,5.41
2022-11-30,8.36,8.37,8.55,8.33,162867,137160592.60,2.63,0.24,0.02,3.69
2022-12-01,8.47,8.47,8.52,8.31,152093,128163485.44,2.51,1.19,0.10,3.45
2022-12-02,8.49,8.57,8.60,8.43,188823,161112062.25,2.01,1.18,0.10,4.28
2022-12-05,8.69,8.65,8.78,8.58,234365,203312175.76,2.33,0.93,0.08,5.32
2022-12-06,8.66,8.64,8.76,8.55,164004,141634072.80,2.43,-0.12,-0.01,3.72
2022-12-07,8.68,8.76,8.85,8.57,185777,162277550.20,3.24,1.39,0.12,4.21
2022-12-08,8.68,8.65,8.80,8.54,161165,139346675.20,2.97,-1.26,-0.11,3.66
2022-12-09,8.66,8.71,8.84,8.62,154052,134244091.08,2.54,0.69,0.06,3.49
2022-12-12,8.71,8.68,9.07,8.68,227520,200598523.61,4.48,-0.34,-0.03,5.16
2022-12-13,8.86,8.53,8.90,8.50,179300,154927266.76,4.61,-1.73,-0.15,4.07
2022-12-14,8.57,8.47,8.60,8.43,132037,112299919.52,1.99,-0.70,-0.06,3.00
2022-12-15,8.53,8.34,8.58,8.30,111464,93570563.00,3.31,-1.53,-0.13,2.53
2022-12-16,8.26,8.69,9.00,8.22,274746,237072236.59,9.35,4.20,0.35,6.23
2022-12-19,9.20,8.70,9.51,8.69,483895,434429865.95,9.44,0.12,0.01,10.98
2022-12-20,8.70,8.37,8.80,8.26,258560,217467195.68,6.21,-3.79,-0.33,5.87
2022-12-21,8.42,8.26,8.71,8.17,205558,172900998.33,6.45,-1.31,-0.11,4.66
2022-12-22,8.24,8.11,8.45,8.10,158208,130901867.30,4.24,-1.82,-0.15,3.59
2022-12-23,8.04,8.92,8.92,7.93,349168,300361571.36,12.21,9.99,0.81,7.92
2022-12-26,9.38,8.94,9.48,8.75,654961,594274560.56,8.18,0.22,0.02,14.86
2022-12-27,8.95,9.10,9.25,8.66,541441,486495899.00,6.60,1.79,0.16,12.28
2022-12-28,9.08,10.01,10.01,9.05,389584,375218825.17,10.55,10.00,0.91,8.84
2022-12-29,11.01,10.37,11.01,10.13,1519816,1645148782.15,8.79,3.60,0.36,34.48
2022-12-30,9.81,9.33,10.11,9.33,952461,906736652.37,7.52,-10.03,-1.04,21.60