2022-06-02,8.00,8.95,10.00,8.00,154323,135810242.00,28.57,27.86,1.95,52.02
2022-06-06,7.90,7.26,7.97,6.95,85127,62469133.00,11.40,-18.88,-1.69,28.69
2022-06-07,7.11,7.01,7.19,6.97,42297,29741179.00,3.03,-3.44,-0.25,14.26
2022-06-08,7.08,6.99,7.08,6.70,34380,23639512.00,5.42,-0.29,-0.02,11.59
2022-06-09,6.92,6.98,7.03,6.85,25117,17489576.00,2.58,-0.14,-0.01,8.47
2022-06-10,6.93,7.00,7.01,6.90,20286,14139032.00,1.58,0.29,0.02,6.84
2022-06-13,6.96,6.92,7.00,6.90,14099,9793531.00,1.43,-1.14,-0.08,4.75
2022-06-14,6.90,6.73,6.96,6.61,15356,10375491.00,5.06,-2.75,-0.19,5.18
2022-06-15,6.79,6.72,6.79,6.68,9732,6538445.00,1.63,-0.15,-0.01,3.28
2022-06-16,6.73,6.66,6.74,6.63,10409,6927370.00,1.64,-0.89,-0.06,3.51
2022-06-17,6.66,6.56,6.66,6.53,7844,5157123.00,1.95,-1.50,-0.10,2.64
2022-06-20,6.60,6.67,6.76,6.55,8444,5627041.00,3.20,1.68,0.11,2.85
2022-06-21,6.67,6.60,6.68,6.55,4525,2996296.00,1.95,-1.05,-0.07,1.53
2022-06-22,6.59,6.42,6.61,6.40,8076,5249592.00,3.18,-2.73,-0.18,2.72
2022-06-23,6.42,6.39,6.48,6.37,7280,4667976.00,1.71,-0.47,-0.03,2.45
2022-06-24,6.50,6.42,6.66,6.41,5057,3267848.00,3.91,0.47,0.03,1.70
2022-06-27,6.47,6.48,6.48,6.35,7038,4530294.00,2.02,0.93,0.06,2.37
2022-06-28,6.49,6.82,6.89,6.46,19985,13538479.00,6.64,5.25,0.34,6.74
2022-06-29,6.90,6.71,6.91,6.71,14735,10056300.00,2.93,-1.61,-0.11,4.97
2022-06-30,6.68,6.67,6.77,6.59,9915,6616652.00,2.68,-0.60,-0.04,3.34
2022-07-01,6.58,6.60,6.69,6.58,4082,2697457.00,1.65,-1.05,-0.07,1.38
2022-07-04,6.65,6.62,6.65,6.60,5834,3859306.00,0.76,0.30,0.02,1.97
2022-07-05,6.61,6.66,6.78,6.59,6292,4200880.00,2.87,0.60,0.04,2.12
2022-07-06,6.66,6.66,6.73,6.62,4313,2868750.00,1.65,0.00,0.00,1.45
2022-07-07,6.66,6.55,6.66,6.47,6243,4085112.00,2.85,-1.65,-0.11,2.10
2022-07-08,6.57,6.53,6.58,6.51,3081,2012696.54,1.07,-0.31,-0.02,1.04
2022-07-11,6.55,6.46,6.55,6.40,3550,2288694.69,2.30,-1.07,-0.07,1.20
2022-07-12,6.40,6.42,6.50,6.38,1996,1283548.29,1.86,-0.62,-0.04,0.67
2022-07-13,6.42,6.41,6.43,6.35,1973,1260203.95,1.25,-0.16,-0.01,0.66
2022-07-14,6.41,6.35,6.41,6.33,2678,1699955.88,1.25,-0.94,-0.06,0.90
2022-07-15,6.33,6.26,6.36,6.26,2329,1471593.89,1.57,-1.42,-0.09,0.79
2022-07-18,6.55,6.46,6.68,6.39,4539,2958618.89,4.63,3.19,0.20,1.53
2022-07-19,6.45,6.40,6.45,6.32,3477,2224648.00,2.01,-0.93,-0.06,1.17
2022-07-20,6.40,6.58,6.62,6.40,5853,3813467.35,3.44,2.81,0.18,1.97
2022-07-21,6.51,6.56,6.58,6.46,3591,2339936.78,1.82,-0.30,-0.02,1.21
2022-07-22,6.56,6.51,6.58,6.41,2165,1401657.23,2.59,-0.76,-0.05,0.73
2022-07-25,6.43,6.44,6.51,6.42,2047,1321083.92,1.38,-1.08,-0.07,0.69
2022-07-26,6.40,6.70,6.70,6.39,9848,6498662.50,4.81,4.04,0.26,3.32
2022-07-27,6.67,7.02,7.11,6.67,32140,22371375.77,6.57,4.78,0.32,10.83
2022-07-28,6.97,7.38,7.50,6.91,38359,28082425.05,8.40,5.13,0.36,12.93
2022-07-29,7.25,7.12,7.59,7.10,27339,19980932.52,6.64,-3.52,-0.26,9.21
2022-08-01,7.15,7.12,7.23,6.94,11899,8416707.68,4.07,0.00,0.00,4.01
2022-08-02,7.08,6.66,7.08,6.52,16693,11290790.44,7.87,-6.46,-0.46,5.63
2022-08-03,6.67,6.75,6.80,6.66,11079,7443597.71,2.10,1.35,0.09,3.73
2022-08-04,6.69,6.81,6.96,6.69,7158,4869869.29,4.00,0.89,0.06,2.41
2022-08-05,6.75,6.79,6.84,6.66,7127,4792981.94,2.64,-0.29,-0.02,2.40
2022-08-08,6.77,6.77,6.84,6.71,5134,3484816.69,1.91,-0.29,-0.02,1.73
2022-08-09,6.82,6.75,6.82,6.70,4057,2729273.96,1.77,-0.30,-0.02,1.37
2022-08-10,6.76,7.37,7.45,6.60,28865,20516198.15,12.59,9.19,0.62,9.73
2022-08-11,7.41,8.84,9.30,7.39,58397,48890055.63,25.92,19.95,1.47,19.68
2022-08-12,8.60,7.95,8.60,7.88,26757,21822065.26,8.14,-10.07,-0.89,9.02
2022-08-15,7.96,7.99,8.30,7.71,19560,15679348.10,7.42,0.50,0.04,6.59
2022-08-16,8.03,8.00,8.35,7.88,13195,10636922.12,5.88,0.13,0.01,4.45
2022-08-17,7.92,7.63,7.99,7.44,14688,11337265.37,6.88,-4.63,-0.37,4.95
2022-08-18,7.66,7.57,7.68,7.44,10040,7580627.25,3.15,-0.79,-0.06,3.38
2022-08-19,7.65,7.56,7.65,7.45,9572,7197402.23,2.64,-0.13,-0.01,3.23
2022-08-22,7.56,7.55,7.56,7.38,5836,4354267.98,2.38,-0.13,-0.01,1.97
2022-08-23,7.60,7.63,7.80,7.46,5393,4121225.87,4.50,1.06,0.08,1.82
2022-08-24,7.62,7.50,7.78,7.20,4097,3059719.71,7.60,-1.70,-0.13,1.38
2022-08-25,7.55,7.46,7.62,7.33,4264,3163236.61,3.87,-0.53,-0.04,1.44
2022-08-26,7.45,7.54,7.59,7.42,3267,2459371.81,2.28,1.07,0.08,1.10
2022-08-29,7.55,7.45,7.55,7.36,1874,1398903.48,2.52,-1.19,-0.09,0.63
2022-08-30,7.43,7.44,7.54,7.34,1635,1213717.07,2.68,-0.13,-0.01,0.55
2022-08-31,7.47,7.28,7.47,7.22,2766,2022329.20,3.36,-2.15,-0.16,0.93
2022-09-01,7.40,7.24,7.42,7.13,2739,1986419.40,3.98,-0.55,-0.04,0.92
2022-09-02,7.25,7.26,7.35,7.16,1584,1151411.54,2.62,0.28,0.02,0.53
2022-09-05,7.32,7.33,7.38,7.26,1537,1123942.09,1.65,0.96,0.07,0.52
2022-09-06,7.35,7.30,7.35,7.27,1972,1440787.98,1.09,-0.41,-0.03,0.66
2022-09-07,7.26,7.39,7.48,7.26,2988,2201515.04,3.01,1.23,0.09,1.01
2022-09-08,7.32,7.31,7.39,7.30,1509,1106287.91,1.22,-1.08,-0.08,0.51
2022-09-09,7.24,7.25,7.36,7.15,2716,1964441.76,2.87,-0.82,-0.06,0.92
2022-09-13,7.16,7.26,7.32,7.16,1255,904589.83,2.21,0.14,0.01,0.42
2022-09-14,7.21,7.79,7.87,7.15,12496,9419439.29,9.92,7.30,0.53,4.21
2022-09-15,7.81,8.05,8.26,7.50,27992,22292678.45,9.76,3.34,0.26,9.44
2022-09-16,8.19,10.46,10.46,8.16,63786,63272138.97,28.57,29.94,2.41,21.50
2022-09-19,12.17,13.59,13.59,10.60,94839,114350862.57,28.59,29.92,3.13,31.97
2022-09-20,11.50,13.72,13.72,11.41,52716,66923650.23,17.00,0.96,0.13,17.77
2022-09-21,14.20,13.17,17.20,12.70,74370,112151606.01,32.80,-4.01,-0.55,25.07
2022-09-22,12.99,12.40,14.37,12.16,59297,78596489.65,16.78,-5.85,-0.77,19.99
2022-09-23,12.26,13.23,13.23,11.42,54542,67488200.68,14.60,6.69,0.83,18.38
2022-09-26,12.50,15.00,15.50,12.50,60688,86039949.31,22.68,13.38,1.77,20.46
2022-09-27,14.50,13.55,15.94,13.48,47440,68221270.66,16.40,-9.67,-1.45,15.99
2022-09-28,13.12,13.40,14.18,12.34,43647,57969901.15,13.58,-1.11,-0.15,14.71
2022-09-29,13.00,11.15,13.52,11.10,47818,58663488.55,18.06,-16.79,-2.25,16.12
2022-09-30,10.70,9.50,11.29,9.31,44566,44685912.64,17.76,-14.80,-1.65,15.02
2022-10-10,9.60,8.86,9.60,8.82,27213,24745399.60,8.21,-6.74,-0.64,9.17
2022-10-11,9.00,11.00,11.00,8.67,47732,46917014.07,26.30,24.15,2.14,16.09
2022-10-12,10.92,10.81,11.57,10.33,39629,43413868.83,11.27,-1.73,-0.19,13.36
2022-10-13,10.55,10.35,11.35,10.03,28903,31153263.02,12.21,-4.26,-0.46,9.74
2022-10-14,10.55,10.05,11.08,10.05,35160,36725572.91,9.95,-2.90,-0.30,11.85
2022-10-17,10.45,10.27,10.68,10.09,21896,22519269.44,5.87,2.19,0.22,7.38
2022-10-18,10.20,11.73,12.70,10.15,46318,51695218.45,24.83,14.22,1.46,15.61
2022-10-19,11.43,11.68,12.30,11.10,33408,39119945.84,10.23,-0.43,-0.05,11.26
2022-10-20,11.50,12.27,12.49,11.50,34092,41141484.77,8.48,5.05,0.59,11.49
2022-10-21,12.30,12.42,12.88,12.03,30035,37469641.98,6.93,1.22,0.15,10.12
2022-10-24,12.99,11.70,12.99,11.66,28659,35404786.57,10.71,-5.80,-0.72,9.66
2022-10-25,11.69,11.50,11.77,10.96,23132,26139359.59,6.92,-1.71,-0.20,7.80
2022-10-26,11.58,11.50,11.90,11.37,17494,20224649.68,4.61,0.00,0.00,5.90
2022-10-27,11.69,11.31,11.69,11.11,16944,19314473.57,5.04,-1.65,-0.19,5.71
2022-10-28,11.31,10.76,11.59,10.62,14880,16688632.80,8.58,-4.86,-0.55,5.02
2022-10-31,10.75,10.16,10.81,10.16,18984,19805780.94,6.04,-5.58,-0.60,6.40
2022-11-01,10.11,10.30,10.39,10.11,10916,11205658.79,2.76,1.38,0.14,3.68
2022-11-02,10.35,11.50,11.50,10.10,29567,31794437.51,13.59,11.65,1.20,9.97
2022-11-03,11.10,11.19,11.50,11.05,13380,15090028.02,3.91,-2.70,-0.31,4.51
2022-11-04,11.05,11.65,12.11,11.05,26886,31457479.41,9.47,4.11,0.46,9.06
2022-11-07,11.22,11.35,11.65,11.22,14971,17069974.33,3.69,-2.58,-0.30,5.05
2022-11-08,11.57,11.40,11.87,11.28,12427,14375705.56,5.20,0.44,0.05,4.19
2022-11-09,11.23,10.87,11.50,10.80,14297,15873361.10,6.14,-4.65,-0.53,4.82
2022-11-10,10.99,10.62,10.99,10.60,7354,7900657.44,3.59,-2.30,-0.25,2.48
2022-11-11,11.05,10.65,11.05,10.50,9915,10669333.40,5.18,0.28,0.03,3.34
2022-11-14,10.64,10.24,10.70,10.21,7738,8030289.80,4.60,-3.85,-0.41,2.61
2022-11-15,10.35,10.54,10.62,10.10,11206,11696598.22,5.08,2.93,0.30,3.78
2022-11-16,10.55,10.40,10.91,10.33,9597,10185416.61,5.50,-1.33,-0.14,3.23
2022-11-17,10.39,10.22,10.39,10.10,10253,10433394.04,2.79,-1.73,-0.18,3.46
2022-11-18,10.40,10.70,10.90,10.14,16362,17346726.64,7.44,4.70,0.48,5.51
2022-11-21,10.90,10.81,11.09,10.68,10944,11873220.08,3.83,1.03,0.11,3.69
2022-11-22,10.65,10.31,10.73,10.25,7501,7819370.50,4.44,-4.63,-0.50,2.53
2022-11-23,10.32,10.40,10.65,10.21,5698,5954798.41,4.27,0.87,0.09,1.92
2022-11-24,10.59,10.26,10.59,10.22,4903,5084467.81,3.56,-1.35,-0.14,1.65
2022-11-25,10.28,9.91,10.28,9.60,6789,6874247.60,6.63,-3.41,-0.35,2.29
2022-11-28,9.78,9.93,10.10,9.60,2904,2867474.66,5.05,0.20,0.02,0.98
2022-11-29,9.76,9.94,10.09,9.76,6062,5999010.07,3.32,0.10,0.01,2.04
2022-11-30,10.07,10.36,10.46,9.84,11595,11881092.10,6.24,4.23,0.42,3.91
2022-12-01,10.38,10.15,10.75,10.00,11524,11862414.37,7.24,-2.03,-0.21,3.88
2022-12-02,10.15,9.99,10.25,9.90,6583,6584613.11,3.45,-1.58,-0.16,2.22
2022-12-05,9.99,9.98,10.04,9.85,5122,5087764.79,1.90,-0.10,-0.01,1.73
2022-12-06,9.75,9.70,9.90,9.66,4508,4412636.28,2.40,-2.81,-0.28,1.52
2022-12-07,9.89,9.35,9.89,9.22,8942,8499071.90,6.91,-3.61,-0.35,3.01
2022-12-08,9.21,9.19,9.38,9.15,4730,4363353.90,2.46,-1.71,-0.16,1.59
2022-12-09,9.25,9.00,9.25,8.93,5248,4739846.43,3.48,-2.07,-0.19,1.77
2022-12-12,9.00,9.32,9.40,8.58,13160,11806792.56,9.11,3.56,0.32,4.44
2022-12-13,9.08,9.10,9.36,9.08,4733,4340215.93,3.00,-2.36,-0.22,1.60
2022-12-14,9.11,9.06,9.28,8.99,4879,4429719.20,3.19,-0.44,-0.04,1.64
2022-12-15,8.98,9.07,9.16,8.93,3270,2948477.40,2.54,0.11,0.01,1.10
2022-12-16,9.10,8.92,9.10,8.70,3630,3226803.58,4.41,-1.65,-0.15,1.22
2022-12-19,8.76,8.66,9.07,8.52,4551,3952556.25,6.17,-2.91,-0.26,1.53
2022-12-20,8.49,8.70,8.78,8.49,2636,2292271.76,3.35,0.46,0.04,0.89
2022-12-21,8.50,8.61,8.79,8.50,2191,1880468.45,3.33,-1.03,-0.09,0.74
2022-12-22,8.62,8.43,8.71,8.05,3134,2588373.50,7.67,-2.09,-0.18,1.06
2022-12-23,8.48,8.19,8.48,8.00,8603,7002665.53,5.69,-2.85,-0.24,2.90
2022-12-26,8.13,8.12,8.25,8.00,6305,5079790.37,3.05,-0.85,-0.07,2.13
2022-12-27,8.15,8.09,8.15,8.01,2802,2264560.57,1.72,-0.37,-0.03,0.94
2022-12-28,8.14,8.13,8.19,8.03,4282,3466847.55,1.98,0.49,0.04,1.44
2022-12-29,8.02,8.11,8.19,8.01,3212,2591797.61,2.21,-0.25,-0.02,1.08
2022-12-30,8.03,8.09,8.15,8.00,7555,6075221.24,1.85,-0.25,-0.02,2.55