2022-01-04,42.93,40.61,43.22,40.23,385252,1589348896.00,7.10,-3.52,-1.48,2.63
2022-01-05,40.53,38.28,40.85,37.93,421256,1636097056.00,7.19,-5.74,-2.33,2.88
2022-01-06,37.63,37.40,38.41,36.78,357012,1337668448.00,4.26,-2.30,-0.88,2.44
2022-01-07,37.59,36.90,37.93,36.50,329307,1225141360.00,3.82,-1.34,-0.50,2.25
2022-01-10,36.81,37.42,37.73,36.34,340953,1270510528.00,3.77,1.41,0.52,2.33
2022-01-11,37.41,36.83,38.26,36.72,223264,832802592.00,4.12,-1.58,-0.59,1.52
2022-01-12,37.53,38.93,39.16,37.43,380099,1464259920.00,4.70,5.70,2.10,2.60
2022-01-13,38.94,37.46,39.01,36.96,283083,1069878512.00,5.27,-3.78,-1.47,1.93
2022-01-14,37.12,37.72,38.73,36.98,339551,1279082848.00,4.67,0.69,0.26,2.32
2022-01-17,36.59,37.72,38.96,36.59,453117,1706327712.00,6.28,0.00,0.00,3.09
2022-01-18,37.59,37.27,38.13,36.73,228709,858116512.00,3.71,-1.19,-0.45,1.56
2022-01-19,37.15,36.50,37.42,35.79,406358,1480901040.00,4.37,-2.07,-0.77,2.78
2022-01-20,37.08,35.68,37.13,34.93,299503,1073377744.00,6.03,-2.25,-0.82,2.05
2022-01-21,35.92,36.78,37.85,35.33,311299,1154951424.00,7.06,3.08,1.10,2.13
2022-01-24,36.74,38.88,39.51,36.63,460833,1775432064.00,7.83,5.71,2.10,3.13
2022-01-25,38.74,37.50,39.03,37.50,271888,1040870688.00,3.94,-3.55,-1.38,1.84
2022-01-26,37.92,37.69,38.72,36.46,238103,899366448.00,6.03,0.51,0.19,1.61
2022-01-27,37.72,35.86,38.22,35.78,245484,904265536.00,6.47,-4.86,-1.83,1.66
2022-01-28,36.00,35.10,36.69,34.22,263666,940210064.00,6.89,-2.12,-0.76,1.79
2022-02-07,36.53,36.95,39.03,36.43,369914,1391867568.00,7.41,5.27,1.85,2.51
2022-02-08,36.75,36.06,37.10,34.38,438880,1558269344.00,7.36,-2.41,-0.89,2.98
2022-02-09,36.00,36.75,37.03,35.26,234730,853744144.00,4.91,1.91,0.69,1.59
2022-02-10,36.83,34.86,37.78,34.44,360177,1279806448.00,9.09,-5.14,-1.89,2.44
2022-02-11,34.61,33.52,35.79,33.23,324775,1116435552.00,7.34,-3.84,-1.34,2.20
2022-02-14,33.19,34.15,35.49,32.48,284759,980644416.00,8.98,1.88,0.63,1.93
2022-02-15,34.21,35.42,35.73,34.11,283429,997462624.00,4.74,3.72,1.27,1.92
2022-02-16,35.52,35.35,36.07,35.20,190365,678205344.00,2.46,-0.20,-0.07,1.29
2022-02-17,35.42,36.85,37.55,34.93,395733,1445473280.00,7.41,4.24,1.50,2.68
2022-02-18,36.14,35.13,36.77,34.93,327893,1165844752.00,4.99,-4.67,-1.72,2.22
2022-02-21,34.93,34.71,35.12,34.07,206285,714503872.00,2.99,-1.20,-0.42,1.40
2022-02-22,34.23,33.78,34.42,33.32,343628,1160736096.00,3.17,-2.68,-0.93,2.33
2022-02-23,33.93,35.72,35.79,33.75,435264,1532508160.00,6.04,5.74,1.94,2.95
2022-02-24,35.71,34.72,35.88,33.86,417833,1460030240.00,5.66,-2.80,-1.00,2.83
2022-02-25,36.88,36.13,38.48,35.88,756420,2804373408.00,7.49,4.06,1.41,5.13
2022-02-28,36.28,36.65,37.15,35.88,475889,1736200640.00,3.52,1.44,0.52,3.23
2022-03-01,36.93,36.27,37.58,36.15,434461,1602383472.00,3.90,-1.04,-0.38,2.95
2022-03-02,36.63,35.09,36.76,34.84,464011,1641015536.00,5.29,-3.25,-1.18,3.15
2022-03-03,35.13,33.74,35.20,33.66,396445,1356122416.00,4.39,-3.85,-1.35,2.69
2022-03-04,33.16,31.23,33.78,31.12,692606,2225814192.00,7.88,-7.44,-2.51,4.70
2022-03-07,30.82,29.03,30.86,28.61,737871,2164909328.00,7.20,-7.04,-2.20,5.00
2022-03-08,28.84,28.53,29.49,28.16,486009,1405518944.00,4.58,-1.72,-0.50,3.30
2022-03-09,28.82,28.48,28.96,27.14,385348,1087574688.00,6.38,-0.18,-0.05,2.61
2022-03-10,29.93,29.28,30.16,28.83,500920,1480932784.00,4.67,2.81,0.80,3.40
2022-03-11,28.45,28.53,29.11,27.68,438586,1245245376.00,4.88,-2.56,-0.75,2.97
2022-03-14,27.83,27.26,27.90,27.20,304770,840977168.00,2.45,-4.45,-1.27,2.07
2022-03-15,26.92,26.66,28.08,26.64,437606,1200041296.00,5.28,-2.20,-0.60,2.97
2022-03-16,27.44,29.01,29.56,26.75,666427,1877525008.00,10.54,8.81,2.35,4.52
2022-03-17,30.22,30.15,31.00,29.44,684695,2079418352.00,5.38,3.93,1.14,4.64
2022-03-18,30.49,31.06,31.11,29.05,543312,1626053520.00,6.83,3.02,0.91,3.68
2022-03-21,31.23,31.59,32.51,30.96,766204,2440025136.00,4.99,1.71,0.53,5.20
2022-03-22,31.24,30.35,31.49,30.16,386677,1193106560.00,4.21,-3.93,-1.24,2.62
2022-03-23,30.83,30.29,30.90,29.87,343897,1045353968.00,3.39,-0.20,-0.06,2.33
2022-03-24,30.16,29.62,30.16,29.33,401068,1192527008.00,2.74,-2.21,-0.67,2.72
2022-03-25,29.62,28.62,29.83,28.61,306295,892327120.00,4.12,-3.38,-1.00,2.08
2022-03-28,28.59,27.48,28.91,27.03,498361,1384058048.00,6.57,-3.98,-1.14,3.38
2022-03-29,27.68,26.99,27.83,26.93,291567,799362960.00,3.28,-1.78,-0.49,1.98
2022-03-30,27.29,28.39,28.40,27.14,389575,1094460144.00,4.67,5.19,1.40,2.64
2022-03-31,28.33,27.43,28.36,27.26,333217,924098304.00,3.87,-3.38,-0.96,2.26
2022-04-01,27.17,26.93,27.63,26.68,414541,1125265472.00,3.46,-1.82,-0.50,2.81
2022-04-06,27.19,26.07,27.19,25.78,319098,832382416.00,5.24,-3.19,-0.86,2.16
2022-04-07,25.87,24.95,26.02,24.88,429962,1086111808.00,4.37,-4.30,-1.12,2.92
2022-04-08,25.15,24.99,25.40,24.35,298005,744317776.00,4.21,0.16,0.04,2.02
2022-04-11,24.70,23.54,24.74,23.50,351439,845290016.00,4.96,-5.80,-1.45,2.38
2022-04-12,23.65,23.79,24.07,23.03,274987,649387744.00,4.42,1.06,0.25,1.86
2022-04-13,23.73,22.76,23.73,22.58,280705,648689648.00,4.83,-4.33,-1.03,1.90
2022-04-14,23.21,23.02,23.30,22.61,234251,539995664.00,3.03,1.14,0.26,1.59
2022-04-15,22.83,22.65,22.98,22.35,210853,479326352.00,2.74,-1.61,-0.37,1.43
2022-04-18,22.51,23.22,23.50,22.14,214662,494501104.00,6.00,2.52,0.57,1.46
2022-04-19,23.49,23.27,24.39,23.10,327321,773302320.00,5.56,0.22,0.05,2.22
2022-04-20,23.72,22.54,23.73,22.51,239617,549948800.00,5.24,-3.14,-0.73,1.63
2022-04-21,22.43,21.77,22.89,21.59,225979,502978528.00,5.77,-3.42,-0.77,1.53
2022-04-22,21.77,21.82,22.02,21.33,227633,494648336.00,3.17,0.23,0.05,1.54
2022-04-25,21.11,19.25,21.11,19.23,391203,787427872.00,8.62,-11.78,-2.57,2.65
2022-04-26,19.34,18.62,19.53,18.52,314323,601796496.00,5.25,-3.27,-0.63,2.13
2022-04-27,18.25,20.96,21.04,18.25,509997,1014944448.00,14.98,12.57,2.34,3.46
2022-04-28,20.73,20.91,21.59,20.46,403138,848859104.00,5.39,-0.24,-0.05,2.73
2022-04-29,22.23,22.18,22.35,20.81,370318,804889792.00,7.36,6.07,1.27,2.51
2022-05-05,21.87,22.54,23.21,21.64,438886,986105488.00,7.08,1.62,0.36,2.98
2022-05-06,21.73,22.55,22.96,21.64,232665,524424512.00,5.86,0.04,0.01,1.58
2022-05-09,22.19,22.86,22.91,22.19,227638,515523088.00,3.19,1.37,0.31,1.54
2022-05-10,22.86,23.61,24.06,22.56,520373,1226415424.00,6.56,3.28,0.75,3.53
2022-05-11,24.15,25.74,26.43,23.93,815529,2082504864.00,10.59,9.02,2.13,5.53
2022-05-12,25.28,25.36,26.04,25.13,337170,863600560.00,3.54,-1.48,-0.38,2.29
2022-05-13,25.43,25.49,25.68,25.03,264733,673718048.00,2.56,0.51,0.13,1.80
2022-05-16,25.98,26.37,27.03,25.96,448150,1192804224.00,4.20,3.45,0.88,3.04
2022-05-17,26.15,27.38,27.51,26.15,338471,919224448.00,5.16,3.83,1.01,2.30
2022-05-18,27.12,27.00,27.52,26.83,289643,789026208.00,2.52,-1.39,-0.38,1.96
2022-05-19,26.43,26.96,26.97,25.89,365380,968659344.00,4.00,-0.15,-0.04,2.48
2022-05-20,27.05,27.62,28.70,26.73,407209,1125157760.00,7.31,2.45,0.66,2.76
2022-05-23,27.49,27.18,27.73,26.72,267699,726646752.00,3.66,-1.59,-0.44,1.82
2022-05-24,27.08,25.73,27.13,25.63,335043,886694144.00,5.52,-5.33,-1.45,2.27
2022-05-25,25.78,25.32,26.00,24.88,366497,931078144.00,4.35,-1.59,-0.41,2.49
2022-05-26,25.49,25.86,26.43,25.04,286298,742115264.00,5.49,2.13,0.54,1.94
2022-05-27,25.94,25.44,26.67,25.09,341727,886610992.00,6.11,-1.62,-0.42,2.32
2022-05-30,25.78,26.12,26.32,25.38,453166,1176491360.00,3.69,2.67,0.68,2.89
2022-05-31,26.12,26.66,26.80,25.41,407463,1071000096.00,5.32,2.07,0.54,2.60
2022-06-01,26.66,28.74,29.25,26.45,757898,2135431120.00,10.50,7.80,2.08,4.83
2022-06-02,28.40,28.70,29.63,28.24,586442,1702034256.00,4.84,-0.14,-0.04,3.74
2022-06-06,28.70,31.23,31.93,28.70,692427,2135525792.00,11.25,8.82,2.53,4.42
2022-06-07,31.40,31.07,31.43,30.46,410078,1271497616.00,3.11,-0.51,-0.16,2.62
2022-06-08,31.08,30.83,31.93,29.83,444170,1366037824.00,6.76,-0.77,-0.24,2.83
2022-06-09,30.62,29.58,30.81,29.31,405365,1212631616.00,4.87,-4.05,-1.25,2.59
2022-06-10,29.30,30.32,30.63,29.24,459372,1389074192.00,4.70,2.50,0.74,2.93
2022-06-13,29.86,30.54,31.09,29.80,356249,1088629168.00,4.25,0.73,0.22,2.27
2022-06-14,29.93,30.11,30.29,28.83,355911,1056115248.00,4.78,-1.41,-0.43,2.27
2022-06-15,30.38,29.82,31.43,29.66,435837,1324712240.00,5.88,-0.96,-0.29,2.78
2022-06-16,29.67,29.87,30.27,29.61,237911,713765440.00,2.21,0.17,0.05,1.52
2022-06-17,29.60,30.79,31.43,29.43,518721,1601593664.00,6.70,3.08,0.92,3.31
2022-06-20,30.98,31.23,32.45,30.68,637720,2016903888.00,5.75,1.43,0.44,4.07
2022-06-21,31.21,30.75,31.70,30.23,452659,1396373376.00,4.71,-1.54,-0.48,2.89
2022-06-22,30.38,32.51,33.26,30.33,836793,2717144704.00,9.53,5.72,1.76,5.34
2022-06-23,32.87,34.92,34.92,31.83,862331,2896669952.00,9.50,7.41,2.41,5.50
2022-06-24,34.81,34.37,34.93,34.00,504371,1737265072.00,2.66,-1.58,-0.55,3.22
2022-06-27,34.23,32.92,34.43,32.83,640748,2134584912.00,4.66,-4.22,-1.45,4.09
2022-06-28,32.90,33.53,33.73,32.71,458762,1526677696.00,3.10,1.85,0.61,2.93
2022-06-29,33.13,31.61,33.26,31.49,481264,1555867840.00,5.28,-5.73,-1.92,3.07
2022-06-30,31.38,31.53,31.99,30.74,420434,1322006240.00,3.95,-0.25,-0.08,2.68
2022-07-01,31.33,29.20,31.40,29.03,847287,2542773664.00,7.52,-7.39,-2.33,5.40
2022-07-04,29.23,30.79,30.89,29.21,569859,1726277152.00,5.75,5.45,1.59,3.63
2022-07-05,30.75,30.33,31.73,29.85,430675,1324384256.00,6.11,-1.49,-0.46,2.75
2022-07-06,30.55,30.52,31.50,29.84,431426,1326527648.00,5.47,0.63,0.19,2.75
2022-07-07,30.25,33.00,33.04,30.23,849863,2728421360.00,9.21,8.13,2.48,5.42
2022-07-08,33.10,30.89,33.45,30.80,680113,2166582480.00,8.03,-6.39,-2.11,4.34
2022-07-11,30.30,29.76,30.47,29.09,452713,1342851760.00,4.47,-3.66,-1.13,2.89
2022-07-12,29.60,29.09,30.30,28.95,394780,1162833720.00,4.54,-2.25,-0.67,2.52
2022-07-13,29.26,30.62,31.11,28.95,538709,1626463631.00,7.43,5.26,1.53,3.44
2022-07-14,30.66,32.15,32.80,30.31,661265,2110161871.00,8.13,5.00,1.53,4.22
2022-07-15,32.26,31.48,32.56,31.43,487745,1565088834.00,3.51,-2.08,-0.67,3.11
2022-07-18,31.79,32.20,32.50,31.01,470724,1503906630.00,4.73,2.29,0.72,3.00
2022-07-19,32.00,30.86,32.21,30.78,486303,1521657318.00,4.44,-4.16,-1.34,3.10
2022-07-20,31.34,30.55,31.39,30.41,301461,925387311.00,3.18,-1.00,-0.31,1.92
2022-07-21,30.50,30.52,31.31,30.01,295420,910600550.00,4.26,-0.10,-0.03,1.88
2022-07-22,31.00,30.84,32.00,30.51,407816,1274519086.00,4.88,1.05,0.32,2.60
2022-07-25,30.53,29.84,30.85,29.51,310638,928192167.00,4.35,-3.24,-1.00,1.98
2022-07-26,29.88,29.75,30.30,29.38,287199,856333499.00,3.08,-0.30,-0.09,1.83
2022-07-27,29.70,30.15,30.20,29.11,257061,766514647.00,3.66,1.34,0.40,1.64
2022-07-28,30.31,29.88,30.74,29.40,355381,1068021910.00,4.44,-0.90,-0.27,2.27
2022-07-29,29.83,28.72,30.13,28.37,468929,1363248491.00,5.89,-3.88,-1.16,2.99
2022-08-01,28.38,30.44,30.45,27.99,502045,1494215237.00,8.57,5.99,1.72,3.20
2022-08-02,29.80,29.11,30.10,28.78,379644,1114461739.00,4.34,-4.37,-1.33,2.42
2022-08-03,29.71,28.03,30.00,27.89,364323,1052358246.00,7.25,-3.71,-1.08,2.32
2022-08-04,28.35,28.50,28.61,28.05,195346,554178887.00,2.00,1.68,0.47,1.25
2022-08-05,28.60,29.23,29.84,28.60,267403,780896085.00,4.35,2.56,0.73,1.71
2022-08-08,29.00,28.97,29.18,28.41,206280,595710623.00,2.63,-0.89,-0.26,1.32
2022-08-09,28.90,29.51,29.97,28.81,270548,798374248.00,4.00,1.86,0.54,1.73
2022-08-10,29.20,28.67,29.48,28.44,254983,735065415.00,3.52,-2.85,-0.84,1.63
2022-08-11,28.69,30.61,30.90,28.20,601194,1802087246.00,9.42,6.77,1.94,3.83
2022-08-12,30.45,29.91,30.57,29.60,335966,1006345495.00,3.17,-2.29,-0.70,2.14
2022-08-15,30.00,31.14,31.85,30.00,728893,2275628567.00,6.19,4.11,1.23,4.65
2022-08-16,31.20,30.89,31.75,30.80,478122,1491725617.00,3.05,-0.80,-0.25,3.05
2022-08-17,31.39,32.15,32.34,30.29,732205,2311004742.00,6.64,4.08,1.26,4.67
2022-08-18,31.99,33.05,34.33,31.80,730417,2427512131.00,7.87,2.80,0.90,4.66
2022-08-19,33.05,32.24,33.37,32.16,340948,1113115205.00,3.66,-2.45,-0.81,2.17
2022-08-22,32.50,32.84,33.02,31.46,394168,1282438529.00,4.84,1.86,0.60,2.51
2022-08-23,32.84,33.05,33.60,32.54,427487,1414097814.00,3.23,0.64,0.21,2.73
2022-08-24,33.77,30.70,33.98,30.55,599799,1898906128.00,10.38,-7.11,-2.35,3.83
2022-08-25,30.57,29.60,30.75,29.13,428380,1270286673.00,5.28,-3.58,-1.10,2.73
2022-08-26,29.57,30.16,31.00,29.30,408743,1244310527.00,5.74,1.89,0.56,2.61
2022-08-29,29.79,29.18,29.87,28.75,377625,1101286370.00,3.71,-3.25,-0.98,2.41
2022-08-30,29.29,28.45,29.39,28.10,321555,919063503.00,4.42,-2.50,-0.73,2.05
2022-08-31,28.05,27.30,28.50,27.06,332662,915598149.00,5.06,-4.04,-1.15,2.12
2022-09-01,27.31,26.70,27.53,26.70,234914,632917507.00,3.04,-2.20,-0.60,1.50
2022-09-02,26.96,27.26,27.33,26.22,232965,625059585.00,4.16,2.10,0.56,1.49
2022-09-05,27.04,27.60,27.63,26.79,169811,463790966.00,3.08,1.25,0.34,1.08
2022-09-06,27.79,28.16,28.26,27.05,309701,855945313.00,4.38,2.03,0.56,1.98
2022-09-07,28.08,28.03,28.75,27.81,267781,757417888.00,3.34,-0.46,-0.13,1.71
2022-09-08,27.83,26.69,27.98,26.51,380068,1031604007.00,5.24,-4.78,-1.34,2.42
2022-09-09,26.71,26.97,27.08,26.31,182152,488227083.00,2.88,1.05,0.28,1.16
2022-09-13,27.20,27.02,27.37,26.71,171721,464375540.00,2.45,0.19,0.05,1.10
2022-09-14,26.17,26.09,26.75,25.70,249418,650524395.00,3.89,-3.44,-0.93,1.59
2022-09-15,26.03,24.79,26.20,24.52,314026,789542844.00,6.44,-4.98,-1.30,2.00
2022-09-16,25.00,24.39,25.30,24.36,226591,560904477.00,3.79,-1.61,-0.40,1.45
2022-09-19,24.13,24.58,24.97,24.13,164852,404771102.00,3.44,0.78,0.19,1.05
2022-09-20,24.73,25.15,25.60,24.63,210742,529918576.00,3.95,2.32,0.57,1.34
2022-09-21,25.46,25.55,25.84,25.20,249855,638803920.00,2.54,1.59,0.40,1.59
2022-09-22,25.24,25.79,26.20,24.95,231077,594770425.00,4.89,0.94,0.24,1.47
2022-09-23,25.55,25.39,25.91,24.81,187818,476262498.00,4.27,-1.55,-0.40,1.20
2022-09-26,25.20,25.05,25.75,25.01,178644,453997533.00,2.91,-1.34,-0.34,1.14
2022-09-27,25.10,25.22,25.36,24.60,157246,392378708.00,3.03,0.68,0.17,1.00
2022-09-28,25.02,24.00,25.08,23.98,171857,418718336.00,4.36,-4.84,-1.22,1.09
2022-09-29,24.21,24.01,24.39,23.76,134939,324945857.00,2.63,0.04,0.01,0.86
2022-09-30,23.81,23.28,24.15,23.28,159581,375992800.00,3.62,-3.04,-0.73,1.02
2022-10-10,23.35,22.72,23.57,22.58,126031,290017458.00,4.25,-2.41,-0.56,0.80
2022-10-11,23.02,23.30,23.60,22.95,159274,372088911.00,2.86,2.55,0.58,1.01
2022-10-12,23.35,24.65,24.65,22.86,226935,537318218.00,7.68,5.79,1.35,1.44
2022-10-13,24.26,24.33,24.83,24.15,153494,376472467.00,2.76,-1.30,-0.32,0.98
2022-10-14,24.80,25.10,25.48,24.30,231661,577989069.00,4.85,3.16,0.77,1.47
2022-10-17,24.90,25.06,25.17,24.56,147614,366702053.00,2.43,-0.16,-0.04,0.94
2022-10-18,25.31,25.11,25.67,24.98,180923,457652601.00,2.75,0.20,0.05,1.15
2022-10-19,25.30,26.14,26.88,25.11,428855,1125332395.00,7.05,4.10,1.03,2.73
2022-10-20,25.70,25.10,25.88,24.85,260248,657979866.00,3.94,-3.98,-1.04,1.66
2022-10-21,24.98,24.92,25.37,24.70,147291,369609031.00,2.67,-0.72,-0.18,0.94
2022-10-24,25.00,24.30,25.43,24.08,199115,493470006.00,5.42,-2.49,-0.62,1.27
2022-10-25,24.24,24.51,24.88,23.64,206171,502146949.00,5.10,0.86,0.21,1.31
2022-10-26,24.57,25.13,25.53,24.22,198451,496263952.00,5.34,2.53,0.62,1.26
2022-10-27,25.65,24.70,25.80,24.68,223573,564485796.00,4.46,-1.71,-0.43,1.42
2022-10-28,24.40,23.16,24.51,23.03,316178,747964667.00,5.99,-6.23,-1.54,2.01
2022-10-31,23.03,23.30,23.69,22.90,198360,463308226.00,3.41,0.60,0.14,1.26
2022-11-01,23.49,25.10,25.20,23.33,365208,894909150.00,8.03,7.73,1.80,2.32
2022-11-02,25.10,25.08,25.59,24.96,253452,639371250.00,2.51,-0.08,-0.02,1.61
2022-11-03,24.79,25.30,25.49,24.72,255806,645228387.00,3.07,0.88,0.22,1.63
2022-11-04,25.45,26.05,26.29,25.40,348564,905482240.00,3.52,2.96,0.75,2.22
2022-11-07,27.23,26.47,27.69,26.12,562772,1500561007.00,6.03,1.61,0.42,3.58
2022-11-08,26.06,25.83,26.69,25.60,381615,993060763.00,4.12,-2.42,-0.64,2.43
2022-11-09,25.60,25.46,25.96,25.37,190779,487854662.00,2.28,-1.43,-0.37,1.11
2022-11-10,25.20,24.77,25.46,24.68,236334,589964111.00,3.06,-2.71,-0.69,1.38
2022-11-11,25.60,25.96,26.68,25.30,457862,1186397883.00,5.57,4.80,1.19,2.67
2022-11-14,25.91,25.23,26.50,25.11,260356,668158326.00,5.35,-2.81,-0.73,1.52
2022-11-15,25.01,25.83,26.09,24.94,273782,700182965.00,4.56,2.38,0.60,1.60
2022-11-16,25.80,25.00,25.80,24.95,264312,667608879.00,3.29,-3.21,-0.83,1.54
2022-11-17,24.91,24.54,24.93,24.16,256255,624429865.00,3.08,-1.84,-0.46,1.49
2022-11-18,24.44,24.15,24.82,24.13,200602,490491217.00,2.81,-1.59,-0.39,1.17
2022-11-21,24.00,24.69,24.71,23.79,206760,502251387.00,3.81,2.24,0.54,1.21
2022-11-22,24.77,24.24,24.79,24.10,145331,353676120.00,2.79,-1.82,-0.45,0.85
2022-11-23,24.01,24.27,24.56,23.83,136542,330387383.00,3.01,0.12,0.03,0.80
2022-11-24,24.28,24.39,24.65,23.98,181144,441356917.00,2.76,0.49,0.12,1.06
2022-11-25,24.32,23.91,24.39,23.91,135576,326199184.00,1.97,-1.97,-0.48,0.79
2022-11-28,23.41,23.69,23.90,23.31,108679,256808560.00,2.47,-0.92,-0.22,0.63
2022-11-29,23.80,24.07,24.24,23.60,145709,349471457.00,2.70,1.60,0.38,0.85
2022-11-30,24.17,24.20,24.33,23.82,160104,385676634.00,2.12,0.54,0.13,0.93
2022-12-01,24.47,24.22,24.77,24.21,191886,469575387.00,2.31,0.08,0.02,1.12
2022-12-02,24.02,24.06,24.43,23.93,137694,332541423.00,2.06,-0.66,-0.16,0.80
2022-12-05,24.25,23.92,24.33,23.76,220322,526980498.00,2.37,-0.58,-0.14,1.28
2022-12-06,23.92,24.21,24.47,23.69,223090,538543352.00,3.26,1.21,0.29,1.30
2022-12-07,24.10,24.67,25.10,24.05,346221,854841681.00,4.34,1.90,0.46,2.02
2022-12-08,24.68,24.55,24.92,24.30,234130,573862746.00,2.51,-0.49,-0.12,1.37
2022-12-09,24.29,24.34,24.54,24.20,173098,421080317.00,1.38,-0.86,-0.21,1.01
2022-12-12,24.39,24.11,24.54,23.89,158819,384228228.00,2.67,-0.94,-0.23,0.93
2022-12-13,24.22,23.83,24.32,23.80,141053,338783965.00,2.16,-1.16,-0.28,0.82
2022-12-14,23.82,23.28,24.02,23.23,178207,420417532.00,3.32,-2.31,-0.55,1.04
2022-12-15,23.31,23.75,23.89,23.08,210536,494623083.00,3.48,2.02,0.47,1.23
2022-12-16,23.44,23.30,23.80,23.09,171135,398491106.00,2.99,-1.89,-0.45,1.00
2022-12-19,23.33,23.32,23.89,23.29,163884,387135330.00,2.58,0.09,0.02,0.96
2022-12-20,23.20,22.77,23.24,22.77,154786,354911048.00,2.02,-2.36,-0.55,0.90
2022-12-21,22.79,22.30,22.87,21.95,171875,383952670.00,4.04,-2.06,-0.47,1.00
2022-12-22,22.60,21.92,22.60,21.91,135853,301797482.00,3.09,-1.70,-0.38,0.79
2022-12-23,21.78,21.95,22.11,21.64,106311,232618551.00,2.14,0.14,0.03,0.62
2022-12-26,21.90,22.46,22.64,21.80,205512,461579641.00,3.83,2.32,0.51,1.20
2022-12-27,22.39,21.88,22.72,20.93,366543,798331893.00,7.97,-2.58,-0.58,2.14
2022-12-28,21.77,21.62,21.79,21.13,226081,486243181.00,3.02,-1.19,-0.26,1.32
2022-12-29,21.54,21.31,21.73,21.31,154361,331805687.00,1.94,-1.43,-0.31,0.90
2022-12-30,21.51,21.15,21.65,21.15,141736,302975116.00,2.35,-0.75,-0.16,0.83