2023-01-03,4.67,4.64,4.75,4.58,19789,9186649.00,3.64,-0.64,-0.03,0.58
2023-01-04,4.64,4.67,4.79,4.59,13676,6420671.00,4.31,0.65,0.03,0.40
2023-01-05,4.62,4.90,4.90,4.61,17727,8513474.00,6.21,4.93,0.23,0.52
2023-01-06,4.96,4.83,5.13,4.79,28023,13873647.00,6.94,-1.43,-0.07,0.82
2023-01-09,4.81,4.90,4.98,4.81,16391,8072534.00,3.52,1.45,0.07,0.48
2023-01-10,4.89,5.02,5.09,4.85,16228,8115355.00,4.90,2.45,0.12,0.48
2023-01-11,5.05,5.04,5.21,4.99,22735,11628881.00,4.38,0.40,0.02,0.67
2023-01-12,5.01,5.10,5.17,4.98,16291,8254002.00,3.77,1.19,0.06,0.48
2023-01-13,5.12,5.17,5.24,5.06,13978,7226085.00,3.53,1.37,0.07,0.41
2023-01-16,5.05,5.18,5.25,5.05,17035,8850984.00,3.87,0.19,0.01,0.50
2023-01-17,5.18,5.00,5.20,4.98,23157,11758534.00,4.25,-3.47,-0.18,0.68
2023-01-18,4.95,4.97,5.06,4.94,8671,4317864.00,2.40,-0.60,-0.03,0.25
2023-01-19,5.02,4.88,5.02,4.87,12250,6039627.00,3.02,-1.81,-0.09,0.36
2023-01-20,4.88,5.03,5.08,4.88,18608,9369677.00,4.10,3.07,0.15,0.55
2023-01-30,5.05,5.08,5.18,5.05,23510,12011659.00,2.58,0.99,0.05,0.69
2023-01-31,5.20,5.33,5.33,5.17,77175,40963818.00,3.15,4.92,0.25,2.26
2023-02-01,5.33,5.60,5.60,5.31,80942,44770704.00,5.44,5.07,0.27,2.37
2023-02-02,5.78,5.64,5.88,5.51,118029,67574958.00,6.61,0.71,0.04,3.46
2023-02-03,5.80,5.83,5.88,5.70,53308,30923857.00,3.19,3.37,0.19,1.56
2023-02-06,5.79,6.02,6.12,5.79,66912,40331854.00,5.66,3.26,0.19,1.96
2023-02-07,6.02,6.16,6.20,6.02,49076,30000508.00,2.99,2.33,0.14,1.44
2023-02-08,6.09,5.85,6.09,5.85,55536,32779942.00,3.90,-5.03,-0.31,1.63
2023-02-09,5.56,5.79,5.84,5.56,87982,49965498.00,4.79,-1.03,-0.06,2.58
2023-02-10,5.72,5.84,6.00,5.70,32512,19058376.00,5.18,0.86,0.05,0.95
2023-02-13,5.71,5.77,5.93,5.70,38478,22389918.00,3.94,-1.20,-0.07,1.13
2023-02-14,5.79,5.62,5.85,5.48,78241,43493514.00,6.41,-2.60,-0.15,2.30
2023-02-15,5.62,5.55,5.68,5.50,26898,15015868.00,3.20,-1.25,-0.07,0.79
2023-02-16,5.55,5.67,5.78,5.49,30070,17075630.00,5.23,2.16,0.12,0.88
2023-02-17,5.62,5.67,5.76,5.57,22552,12842071.00,3.35,0.00,0.00,0.66
2023-02-20,5.57,5.63,5.77,5.57,23474,13235990.00,3.53,-0.71,-0.04,0.69
2023-02-21,5.65,5.84,5.91,5.64,57537,33763512.00,4.80,3.73,0.21,1.69
2023-02-22,5.78,5.82,5.84,5.75,21585,12520209.00,1.54,-0.34,-0.02,0.63
2023-02-23,5.82,5.75,5.92,5.74,22933,13284226.00,3.09,-1.20,-0.07,0.67
2023-02-24,5.75,5.75,5.92,5.74,19575,11404787.00,3.13,0.00,0.00,0.57
2023-02-27,5.73,5.60,5.85,5.47,26218,14749408.00,6.61,-2.61,-0.15,0.77
2023-02-28,5.65,5.54,5.65,5.49,26009,14444524.00,2.86,-1.07,-0.06,0.76
2023-03-01,5.59,5.45,5.59,5.34,39936,21792218.00,4.51,-1.62,-0.09,1.17
2023-03-02,5.46,5.45,5.46,5.30,30775,16604796.00,2.94,0.00,0.00,0.90
2023-03-03,5.45,5.50,5.53,5.45,14504,7936964.00,1.47,0.92,0.05,0.43
2023-03-06,5.50,5.38,5.50,5.36,20283,10953036.00,2.55,-2.18,-0.12,0.59
2023-03-07,5.41,5.39,5.44,5.37,9499,5127667.00,1.30,0.19,0.01,0.28