2003-01-02,6.47,6.63,6.80,6.34,7469,13303272.00,7.06,1.69,0.11,1.56
2003-01-03,6.61,6.55,6.72,6.37,5641,9902127.00,5.28,-1.21,-0.08,1.18
2003-01-06,6.43,6.76,6.77,6.43,7160,12710143.00,5.19,3.21,0.21,1.49
2003-01-07,6.84,6.72,6.84,6.66,3960,7214790.50,2.66,-0.59,-0.04,0.83
2003-01-08,6.67,6.75,6.77,6.64,3006,5435718.50,1.93,0.45,0.03,0.63
2003-01-09,6.71,6.72,6.78,6.61,6512,11790615.00,2.52,-0.44,-0.03,1.36
2003-01-10,6.70,6.83,7.05,6.70,10710,20250234.00,5.21,1.64,0.11,2.23
2003-01-13,6.83,6.80,6.92,6.77,3842,7115844.50,2.20,-0.44,-0.03,0.80
2003-01-14,6.80,6.93,6.97,6.72,7178,13460902.00,3.68,1.91,0.13,1.50
2003-01-15,6.94,6.91,6.99,6.83,5493,10332409.00,2.31,-0.29,-0.02,1.14
2003-01-16,6.97,7.20,7.27,6.85,11952,23255990.00,6.08,4.20,0.29,2.49
2003-01-17,7.20,7.19,7.33,7.16,5234,10472442.00,2.36,-0.14,-0.01,1.09
2003-01-20,7.17,7.08,7.20,7.00,3419,6640414.00,2.78,-1.53,-0.11,0.71
2003-01-21,7.03,7.00,7.11,6.99,3451,6654296.50,1.69,-1.13,-0.08,0.72
2003-01-22,7.03,7.25,7.46,7.03,12418,25005112.00,6.14,3.57,0.25,2.59
2003-01-23,7.23,7.20,7.27,7.14,7832,15622724.00,1.79,-0.69,-0.05,1.63
2003-01-24,7.17,7.39,7.40,7.17,5641,11426944.00,3.19,2.64,0.19,1.18
2003-01-27,7.42,7.47,7.49,7.30,6592,13586533.00,2.57,1.08,0.08,1.37
2003-01-28,7.49,7.58,7.63,7.41,6321,13399369.00,2.95,1.47,0.11,1.32
2003-01-29,7.58,7.60,7.63,7.45,8876,18808432.00,2.37,0.26,0.02,1.85
2003-02-10,7.62,7.59,7.66,7.52,2147,4586017.00,1.84,-0.13,-0.01,0.45
2003-02-11,7.53,7.53,7.63,7.50,1175,2486503.25,1.71,-0.79,-0.06,0.24
2003-02-12,7.53,7.53,7.55,7.50,875,1847705.38,0.66,0.00,0.00,0.18
2003-02-13,7.55,7.51,7.55,7.49,1492,3143886.75,0.80,-0.27,-0.02,0.31
2003-02-14,7.49,7.55,7.59,7.49,953,2017580.62,1.33,0.53,0.04,0.20
2003-02-17,7.55,7.53,7.60,7.49,1854,3915256.00,1.46,-0.26,-0.02,0.39
2003-02-18,7.55,7.54,7.55,7.49,2783,5876297.00,0.80,0.13,0.01,0.58
2003-02-19,7.53,8.12,8.12,7.30,9154,20435980.00,10.88,7.69,0.58,1.91
2003-02-20,8.26,8.34,8.59,8.18,9493,23027696.00,5.05,2.71,0.22,1.98
2003-02-21,8.34,8.11,8.34,8.05,5126,12038517.00,3.48,-2.76,-0.23,1.07
2003-02-24,8.11,8.44,8.57,7.86,7992,18924372.00,8.75,4.07,0.33,1.67
2003-02-25,8.59,8.53,8.59,8.33,5412,13332074.00,3.08,1.07,0.09,1.13
2003-02-26,8.45,8.45,8.58,8.43,3022,7459746.00,1.76,-0.94,-0.08,0.63
2003-02-27,8.39,8.39,8.48,8.32,2518,6111048.00,1.89,-0.71,-0.06,0.52
2003-02-28,8.45,8.40,8.56,8.39,2261,5556308.00,2.03,0.12,0.01,0.47
2003-03-03,8.34,8.39,8.45,8.29,3714,8971012.00,1.90,-0.12,-0.01,0.77
2003-03-04,8.41,8.39,8.47,8.33,1378,3336503.25,1.67,0.00,0.00,0.29
2003-03-05,8.37,8.45,8.45,8.28,2054,4978961.00,2.03,0.72,0.06,0.43
2003-03-06,8.45,8.37,8.50,8.32,1780,4321539.50,2.13,-0.95,-0.08,0.37
2003-03-07,8.36,8.23,8.39,8.08,2917,6904108.50,3.70,-1.67,-0.14,0.61
2003-03-10,8.15,8.03,8.18,7.91,2783,6363071.00,3.28,-2.43,-0.20,0.58
2003-03-11,8.00,7.65,8.00,7.63,3247,7237998.50,4.61,-4.73,-0.38,0.68
2003-03-12,7.74,7.66,7.83,7.52,3947,8543198.00,4.05,0.13,0.01,0.82
2003-03-13,7.66,8.20,8.25,7.66,6536,15119074.00,7.70,7.05,0.54,1.36
2003-03-14,8.21,8.20,8.40,8.13,5752,13705181.00,3.29,0.00,0.00,1.20
2003-03-17,8.23,8.14,8.25,7.91,3309,7617644.00,4.15,-0.73,-0.06,0.69
2003-03-18,8.11,8.00,8.12,7.98,1189,2734469.25,1.72,-1.72,-0.14,0.25
2003-03-19,8.09,7.89,8.09,7.85,2991,6748652.50,3.00,-1.38,-0.11,0.62
2003-03-20,7.80,7.93,8.10,7.80,7232,16328922.00,3.80,0.51,0.04,1.51
2003-03-21,7.88,7.91,7.95,7.82,1830,4090702.50,1.64,-0.25,-0.02,0.38
2003-03-24,7.91,7.75,7.91,7.75,2192,4844072.50,2.02,-2.02,-0.16,0.46
2003-03-25,7.74,7.81,7.98,7.70,2082,4646726.00,3.61,0.77,0.06,0.43
2003-03-26,7.81,7.79,7.92,7.71,1329,2928805.25,2.69,-0.26,-0.02,0.28
2003-03-27,7.85,7.88,7.90,7.80,3792,8475928.00,1.28,1.16,0.09,0.79
2003-03-28,7.93,7.93,8.03,7.81,6960,15771498.00,2.79,0.63,0.05,1.45
2003-03-31,7.85,7.94,7.95,7.85,4377,9875480.00,1.26,0.13,0.01,0.91
2003-04-01,7.86,7.89,7.98,7.86,3248,7352142.50,1.51,-0.63,-0.05,0.68
2003-04-02,7.96,7.86,7.96,7.83,2146,4848528.00,1.65,-0.38,-0.03,0.45
2003-04-03,7.91,7.84,7.91,7.78,894,1984556.62,1.65,-0.25,-0.02,0.19
2003-04-04,7.78,7.95,8.04,7.78,6703,15185350.00,3.32,1.40,0.11,1.40
2003-04-07,7.95,7.86,7.95,7.80,1104,2459683.50,1.89,-1.13,-0.09,0.23
2003-04-08,7.82,7.81,7.91,7.77,9103,20300162.00,1.78,-0.64,-0.05,1.90
2003-04-09,7.86,7.65,7.86,7.62,3688,7982422.00,3.07,-2.05,-0.16,0.77
2003-04-10,7.63,7.64,7.75,7.39,6658,14259108.00,4.71,-0.13,-0.01,1.39
2003-04-11,7.62,7.49,7.64,7.41,5028,10573033.00,3.01,-1.96,-0.15,1.05
2003-04-14,7.49,7.48,7.58,7.41,3173,6636617.00,2.27,-0.13,-0.01,0.66
2003-04-15,7.49,7.46,7.52,7.36,3480,7193876.00,2.14,-0.27,-0.02,0.73
2003-04-16,7.49,7.43,7.52,7.36,4856,10082994.00,2.14,-0.40,-0.03,1.01
2003-04-17,7.47,7.48,7.83,7.43,8278,17739184.00,5.38,0.67,0.05,1.72
2003-04-18,7.49,7.38,7.63,7.33,4261,8787836.00,4.01,-1.34,-0.10,0.89
2003-04-21,7.49,7.56,7.56,7.09,6345,13226233.00,6.37,2.44,0.18,1.32
2003-04-22,7.56,7.53,7.63,7.47,4748,10027398.00,2.12,-0.40,-0.03,0.99
2003-04-23,7.53,7.44,7.53,7.38,5226,10915949.00,1.99,-1.20,-0.09,1.09
2003-04-24,7.46,7.32,7.47,7.17,10496,21599246.00,4.03,-1.61,-0.12,2.19
2003-04-28,7.32,7.38,7.41,7.22,4034,8120640.00,2.60,0.82,0.06,0.84
2003-04-29,7.40,7.38,7.43,7.28,2482,5110968.50,2.03,0.00,0.00,0.52
2003-04-30,7.38,7.39,7.40,7.36,3409,7024438.50,0.54,0.14,0.01,0.71
2003-05-12,7.39,7.52,7.53,7.30,3028,6297895.50,3.11,1.76,0.13,0.63
2003-05-13,7.52,7.49,7.58,7.41,3361,7059996.00,2.26,-0.40,-0.03,0.70
2003-05-14,7.49,7.47,7.49,7.41,1738,3629074.00,1.07,-0.27,-0.02,0.36
2003-05-15,7.41,7.56,7.64,7.36,5696,12051268.00,3.75,1.20,0.09,1.19
2003-05-16,7.49,7.61,7.68,7.44,2057,4374395.00,3.17,0.66,0.05,0.43
2003-05-19,7.65,7.52,7.66,7.50,686,1449234.50,2.10,-1.18,-0.09,0.14
2003-05-20,7.53,7.61,7.63,7.49,985,2082633.00,1.86,1.20,0.09,0.21
2003-05-21,7.60,7.66,7.66,7.55,823,1767097.38,1.45,0.66,0.05,0.17
2003-05-22,7.65,7.63,7.66,7.58,793,1705452.50,1.04,-0.39,-0.03,0.17
2003-05-23,7.64,7.64,7.65,7.58,920,1977353.88,0.92,0.13,0.01,0.19
2003-05-26,7.64,7.66,7.74,7.63,1581,3437950.00,1.44,0.26,0.02,0.33
2003-05-27,7.67,7.49,7.67,7.49,913,1930386.00,2.35,-2.22,-0.17,0.19
2003-05-28,7.38,7.49,7.58,7.34,1019,2128319.00,3.20,0.00,0.00,0.21
2003-05-29,7.57,7.55,7.57,7.36,596,1252878.75,2.80,0.80,0.06,0.12
2003-05-30,7.57,7.60,7.64,7.55,2947,6312172.00,1.19,0.66,0.05,0.61
2003-06-02,7.63,7.60,7.63,7.58,2729,5841824.50,0.66,0.00,0.00,0.57
2003-06-03,7.64,7.62,7.64,7.59,1155,2481092.50,0.66,0.26,0.02,0.24
2003-06-04,7.62,7.63,7.64,7.58,1900,4068620.25,0.79,0.13,0.01,0.40
2003-06-05,7.64,7.61,7.65,7.52,560,1193103.00,1.70,-0.26,-0.02,0.12
2003-06-06,7.61,7.60,7.64,7.60,1344,2886986.50,0.53,-0.13,-0.01,0.28
2003-06-09,7.65,7.49,7.67,7.43,1003,1517620.88,3.16,-1.45,-0.11,0.15
2003-06-10,7.51,7.44,7.51,7.40,1346,1998830.62,1.47,-0.67,-0.05,0.20
2003-06-11,7.39,7.37,7.47,7.27,1629,2390144.25,2.69,-0.94,-0.07,0.24
2003-06-12,7.40,7.37,7.44,7.30,1992,2925045.00,1.90,0.00,0.00,0.30
2003-06-13,7.43,7.36,7.45,7.34,1901,2798155.00,1.49,-0.14,-0.01,0.28
2003-06-16,7.37,7.40,7.48,7.27,865,1264213.62,2.85,0.54,0.04,0.13
2003-06-17,7.39,7.42,7.47,7.27,1744,2548929.75,2.70,0.27,0.02,0.26
2003-06-18,7.42,7.53,7.57,7.30,3995,5962084.00,3.64,1.48,0.11,0.59
2003-06-19,7.49,7.45,7.50,7.37,486,723550.81,1.73,-1.06,-0.08,0.07
2003-06-20,7.45,7.64,7.69,7.45,8389,12831274.00,3.22,2.55,0.19,1.25
2003-06-23,7.62,7.63,7.68,7.49,7068,10822673.00,2.49,-0.13,-0.01,1.05
2003-06-24,7.67,7.64,7.74,7.52,2431,3750639.25,2.88,0.13,0.01,0.36
2003-06-25,7.64,7.42,7.64,7.42,2023,3064411.75,2.88,-2.88,-0.22,0.30
2003-06-26,7.45,7.61,7.65,7.42,1957,2937143.50,3.10,2.56,0.19,0.29
2003-06-27,7.65,7.59,7.65,7.50,1060,1615040.00,1.97,-0.26,-0.02,0.16
2003-06-30,7.49,7.57,7.59,7.42,963,1451497.38,2.24,-0.26,-0.02,0.14
2003-07-01,7.60,7.56,7.63,7.55,814,1241863.50,1.06,-0.13,-0.01,0.12
2003-07-02,7.58,7.49,7.59,7.49,416,627327.62,1.32,-0.93,-0.07,0.06
2003-07-03,7.50,7.44,7.58,7.44,1697,2562921.50,1.87,-0.67,-0.05,0.25
2003-07-04,7.44,7.47,7.55,7.42,1775,2640980.00,1.75,0.40,0.03,0.26
2003-07-07,7.41,7.40,7.49,7.38,1890,2807710.25,1.47,-0.94,-0.07,0.28
2003-07-08,7.48,7.40,7.48,7.36,1778,2625865.50,1.62,0.00,0.00,0.26
2003-07-09,7.40,7.36,7.42,7.26,1009,1471868.12,2.16,-0.54,-0.04,0.15
2003-07-10,7.34,7.38,7.42,7.30,1356,1984571.25,1.63,0.27,0.02,0.20
2003-07-11,7.32,7.35,7.38,7.30,712,1037557.81,1.08,-0.41,-0.03,0.11
2003-07-14,7.34,7.24,7.34,7.24,525,759603.38,1.36,-1.50,-0.11,0.08
2003-07-15,7.19,7.25,7.30,7.18,1284,1843060.88,1.66,0.14,0.01,0.19
2003-07-16,7.25,7.24,7.26,7.11,1438,2045695.62,2.07,-0.14,-0.01,0.21
2003-07-17,7.23,7.21,7.23,7.13,1717,2436465.00,1.38,-0.41,-0.03,0.26
2003-07-18,7.21,7.34,7.43,7.20,1549,2245881.75,3.19,1.80,0.13,0.23
2003-07-21,7.34,7.39,7.40,7.30,8435,12299162.00,1.36,0.68,0.05,1.26
2003-07-22,7.39,7.43,7.45,7.39,1597,2362979.25,0.81,0.54,0.04,0.24
2003-07-23,7.42,7.42,7.44,7.40,2634,3899631.00,0.54,-0.13,-0.01,0.39
2003-07-24,7.42,7.39,7.42,7.38,1400,2064135.62,0.54,-0.40,-0.03,0.21
2003-07-25,7.39,7.39,7.43,7.34,5176,7642353.50,1.22,0.00,0.00,0.77
2003-07-28,7.45,7.38,7.45,7.34,3526,5196627.50,1.49,-0.14,-0.01,0.52
2003-07-29,7.37,7.37,7.43,7.34,2476,3634618.00,1.22,-0.14,-0.01,0.37
2003-07-30,7.42,7.35,7.42,7.32,1995,2927135.25,1.36,-0.27,-0.02,0.30
2003-07-31,7.41,7.22,7.42,7.15,7013,10271688.00,3.67,-1.77,-0.13,1.04
2003-08-01,7.20,7.19,7.33,7.03,4402,6253519.00,4.16,-0.42,-0.03,0.65
2003-08-04,7.32,7.38,7.38,7.21,771,1118424.00,2.36,2.64,0.19,0.11
2003-08-05,7.34,7.39,7.42,7.29,1144,1665248.88,1.76,0.14,0.01,0.17
2003-08-06,7.37,7.32,7.38,7.30,2249,3287424.00,1.08,-0.95,-0.07,0.33
2003-08-07,7.28,7.32,7.37,7.28,2168,3165087.75,1.23,0.00,0.00,0.32
2003-08-08,7.30,7.33,7.36,7.29,1391,2025782.25,0.96,0.14,0.01,0.21
2003-08-11,7.30,7.33,7.35,7.20,564,812693.12,2.05,0.00,0.00,0.08
2003-08-12,7.30,7.32,7.34,7.28,1032,1501481.62,0.82,-0.14,-0.01,0.15
2003-08-13,7.31,7.29,7.32,7.27,180,260421.00,0.68,-0.41,-0.03,0.03
2003-08-14,7.30,7.29,7.30,7.23,422,609389.81,0.96,0.00,0.00,0.06
2003-08-15,7.30,7.24,7.30,7.19,913,1315658.12,1.51,-0.69,-0.05,0.14
2003-08-18,7.26,7.25,7.30,7.22,378,543636.06,1.10,0.14,0.01,0.06
2003-08-19,7.29,7.21,7.29,7.15,2352,3368532.75,1.93,-0.55,-0.04,0.35
2003-08-20,7.20,7.21,7.28,7.15,1310,1866083.00,1.80,0.00,0.00,0.19
2003-08-21,7.17,7.12,7.28,7.11,2277,3245357.00,2.36,-1.25,-0.09,0.34
2003-08-22,7.19,7.14,7.21,7.11,2548,3602522.25,1.40,0.28,0.02,0.38
2003-08-25,7.13,7.09,7.19,7.06,136,189296.80,1.82,-0.70,-0.05,0.02
2003-08-26,7.07,7.06,7.10,7.01,451,624031.69,1.27,-0.42,-0.03,0.07
2003-08-27,7.07,7.05,7.10,6.92,528,729466.25,2.55,-0.14,-0.01,0.08
2003-08-28,7.05,7.05,7.17,6.95,510,705145.62,3.12,0.00,0.00,0.08
2003-08-29,7.03,7.05,7.13,6.95,585,811464.38,2.55,0.00,0.00,0.09
2003-09-01,6.99,7.08,7.10,6.88,2227,3018895.00,3.12,0.43,0.03,0.33
2003-09-03,7.07,7.47,7.61,6.99,10079,15017650.00,8.76,5.51,0.39,1.50
2003-09-04,7.38,7.26,7.40,7.16,3837,5558995.50,3.21,-2.81,-0.21,0.57
2003-09-05,7.22,6.97,7.26,6.96,2925,4080729.25,4.13,-3.99,-0.29,0.44
2003-09-08,6.98,6.95,6.99,6.72,2456,3276960.75,3.87,-0.29,-0.02,0.37
2003-09-09,6.95,6.85,6.95,6.73,1219,1617268.00,3.17,-1.44,-0.10,0.18
2003-09-10,6.85,6.79,6.90,6.78,629,831806.00,1.75,-0.88,-0.06,0.09
2003-09-11,6.83,6.81,6.90,6.76,4528,6000684.00,2.06,0.29,0.02,0.67
2003-09-12,6.89,6.99,7.05,6.84,8736,11903107.00,3.08,2.64,0.18,1.30
2003-09-15,6.92,6.79,6.99,6.74,3516,4650668.50,3.58,-2.86,-0.20,0.52
2003-09-16,6.72,6.85,6.90,6.68,9431,12527352.00,3.24,0.88,0.06,1.40
2003-09-17,6.85,6.96,7.04,6.85,21285,29044274.00,2.77,1.61,0.11,3.17
2003-09-18,6.96,6.96,7.05,6.92,13396,18316228.00,1.87,0.00,0.00,1.99
2003-09-19,6.96,6.92,6.98,6.84,9440,12691176.00,2.01,-0.57,-0.04,1.40
2003-09-22,6.92,7.10,7.17,6.92,28824,40007988.00,3.61,2.60,0.18,4.29
2003-09-23,7.11,7.05,7.17,7.00,21596,30093134.00,2.39,-0.70,-0.05,3.21
2003-09-24,7.05,6.89,7.07,6.82,16849,22733920.00,3.55,-2.27,-0.16,2.51
2003-09-25,6.88,7.07,7.15,6.88,36112,50096992.00,3.92,2.61,0.18,5.37
2003-09-26,7.07,7.11,7.20,7.00,23892,33354560.00,2.83,0.57,0.04,3.56
2003-09-29,7.12,6.97,7.12,6.81,8876,11983582.00,4.36,-1.97,-0.14,1.32
2003-09-30,6.95,6.93,7.03,6.84,4684,6363230.00,2.73,-0.57,-0.04,0.70
2003-10-08,6.93,6.99,7.00,6.92,9760,13282479.00,1.15,0.87,0.06,1.45
2003-10-09,6.99,6.97,7.03,6.94,7653,10474576.00,1.29,-0.29,-0.02,1.14
2003-10-10,6.97,6.99,6.99,6.85,11306,15296867.00,2.01,0.29,0.02,1.68
2003-10-13,7.02,7.07,7.15,7.02,12637,17636192.00,1.86,1.14,0.08,1.88
2003-10-14,7.07,7.05,7.09,7.00,7584,10483556.00,1.27,-0.28,-0.02,1.13
2003-10-15,7.05,6.61,7.05,6.52,21689,27947908.00,7.52,-6.24,-0.44,3.23
2003-10-16,6.63,6.12,6.64,6.12,18084,21213980.00,7.87,-7.41,-0.49,2.69
2003-10-17,5.69,5.69,5.96,5.69,20001,20935406.00,4.41,-7.03,-0.43,2.98
2003-10-20,5.29,5.41,5.49,5.29,35106,32882390.00,3.51,-4.92,-0.28,5.22
2003-10-21,5.31,5.35,5.40,5.22,23087,21715558.00,3.33,-1.11,-0.06,3.44
2003-10-22,5.30,5.29,5.36,5.24,24554,22766776.00,2.24,-1.12,-0.06,3.65
2003-10-23,5.28,5.24,5.37,5.22,17534,16338548.00,2.84,-0.95,-0.05,2.61
2003-10-24,5.24,4.89,5.25,4.89,31861,26617426.00,6.87,-6.68,-0.35,4.74
2003-10-27,4.77,4.76,4.89,4.58,22555,17399914.00,6.34,-2.66,-0.13,3.36
2003-10-28,4.69,4.51,4.72,4.49,13623,10165125.00,4.83,-5.25,-0.25,2.03
2003-10-29,4.51,4.61,4.71,4.51,22539,17060596.00,4.43,2.22,0.10,3.35
2003-10-30,4.60,4.48,4.60,4.43,14254,10284668.00,3.69,-2.82,-0.13,2.12
2003-10-31,4.49,4.57,4.63,4.49,18768,13884311.00,3.13,2.01,0.09,2.79
2003-11-03,4.54,4.66,4.71,4.54,18195,13867728.00,3.72,1.97,0.09,2.71
2003-11-04,4.64,4.68,4.70,4.59,18271,13913751.00,2.36,0.43,0.02,2.72
2003-11-05,4.68,4.56,4.68,4.55,8660,6509453.50,2.78,-2.56,-0.12,1.29
2003-11-06,4.56,4.33,4.59,4.28,17000,11752210.00,6.80,-5.04,-0.23,2.53
2003-11-07,4.34,4.25,4.35,4.14,24259,15763947.00,4.85,-1.85,-0.08,3.61
2003-11-10,4.26,4.21,4.29,4.15,9022,5815149.00,3.29,-0.94,-0.04,1.34
2003-11-11,4.21,4.16,4.23,4.11,9989,6295953.00,2.85,-1.19,-0.05,1.49
2003-11-12,4.15,4.01,4.16,4.00,16136,9836904.00,3.85,-3.61,-0.15,2.40
2003-11-13,3.98,4.24,4.24,3.96,32569,20335356.00,6.98,5.74,0.23,4.85
2003-11-14,4.25,4.39,4.48,4.22,51498,35234744.00,6.13,3.54,0.15,7.66
2003-11-17,4.37,4.39,4.44,4.32,23929,16523238.00,2.73,0.00,0.00,3.56
2003-11-18,4.37,4.39,4.40,4.29,14024,9586320.00,2.51,0.00,0.00,2.09
2003-11-19,4.36,4.59,4.61,4.36,36591,26578186.00,5.69,4.56,0.20,5.45
2003-11-20,4.61,4.88,4.88,4.57,52290,41212856.00,6.75,6.32,0.29,7.78
2003-11-21,4.96,4.88,5.19,4.85,62827,52962092.00,6.97,0.00,0.00,9.35
2003-11-24,4.84,4.89,4.99,4.80,35155,28856346.00,3.89,0.20,0.01,5.23
2003-11-25,4.89,4.87,4.99,4.83,31988,26662112.00,3.27,-0.41,-0.02,4.76
2003-11-26,4.84,4.71,4.84,4.65,44600,35073692.00,3.90,-3.29,-0.16,6.64
2003-11-27,4.72,4.86,4.95,4.72,47664,38910664.00,4.88,3.18,0.15,7.09
2003-11-28,4.86,4.85,4.94,4.75,33949,27715026.00,3.91,-0.21,-0.01,5.05
2003-12-01,4.84,4.94,4.94,4.77,31283,25722056.00,3.51,1.86,0.09,4.66
2003-12-02,4.96,4.87,4.99,4.86,26784,22135630.00,2.63,-1.42,-0.07,3.99
2003-12-03,4.86,4.83,4.87,4.72,23027,18408672.00,3.08,-0.82,-0.04,3.43
2003-12-04,4.84,4.88,4.92,4.78,26119,21223548.00,2.90,1.04,0.05,3.89
2003-12-05,4.88,4.81,4.89,4.78,14245,11451826.00,2.25,-1.43,-0.07,2.12
2003-12-08,4.81,4.74,4.84,4.74,9487,7515971.00,2.08,-1.46,-0.07,1.41
2003-12-09,4.71,4.77,4.78,4.71,8819,6931869.50,1.48,0.63,0.03,1.31
2003-12-10,4.80,4.86,4.89,4.80,22670,18445912.00,1.89,1.89,0.09,3.37
2003-12-11,4.86,4.92,4.96,4.79,48349,39923500.00,3.50,1.23,0.06,7.19
2003-12-12,4.94,4.86,4.94,4.84,14418,11822075.00,2.03,-1.22,-0.06,2.15
2003-12-15,4.86,4.84,4.90,4.83,8959,7321909.00,1.44,-0.41,-0.02,1.33
2003-12-16,4.86,4.78,4.86,4.71,17122,13546022.00,3.10,-1.24,-0.06,2.55
2003-12-17,4.76,4.72,4.80,4.72,14013,11009767.00,1.67,-1.26,-0.06,2.09
2003-12-18,4.71,4.52,4.75,4.42,25122,18515824.00,6.99,-4.24,-0.20,3.74
2003-12-19,4.52,4.27,4.56,4.24,29414,19881926.00,7.08,-5.53,-0.25,4.38
2003-12-22,4.22,4.47,4.49,4.12,17736,12032487.00,8.67,4.68,0.20,2.64
2003-12-23,4.47,4.42,4.51,4.40,22378,15800360.00,2.46,-1.12,-0.05,3.33
2003-12-24,4.42,4.38,4.52,4.34,18772,13125057.00,4.07,-0.90,-0.04,2.79
2003-12-25,4.37,4.35,4.43,4.31,16560,11289628.00,2.74,-0.68,-0.03,2.46
2003-12-26,4.36,4.36,4.42,4.34,11868,8155141.50,1.84,0.23,0.01,1.77
2003-12-29,4.38,4.37,4.44,4.35,8699,6018581.00,2.06,0.23,0.01,1.29
2003-12-30,4.37,4.31,4.40,4.29,12567,8456447.00,2.52,-1.37,-0.06,1.87
2003-12-31,4.32,4.26,4.34,4.22,11783,7765172.00,2.78,-1.16,-0.05,1.75