2014-01-02,3.48,3.49,3.49,3.43,26228,32041086.00,1.72,0.00,0.00,0.64
2014-01-03,3.45,3.32,3.47,3.30,56698,67832049.00,4.87,-4.87,-0.17,1.38
2014-01-06,3.27,3.15,3.27,3.12,40038,45631882.00,4.52,-5.12,-0.17,0.97
2014-01-07,3.13,3.17,3.21,3.10,23213,26472139.00,3.49,0.63,0.02,0.56
2014-01-08,3.19,3.19,3.22,3.14,22659,25924718.00,2.52,0.63,0.02,0.55
2014-01-09,3.19,3.07,3.20,3.06,24064,27202512.00,4.39,-3.76,-0.12,0.59
2014-01-10,3.06,3.11,3.12,3.04,21084,23478830.00,2.61,1.30,0.04,0.51
2014-01-13,3.10,3.12,3.15,3.07,14529,16315876.00,2.57,0.32,0.01,0.35
2014-01-14,3.12,3.17,3.17,3.06,18963,21379882.00,3.53,1.60,0.05,0.46
2014-01-15,3.17,3.35,3.39,3.16,76178,90149652.00,7.26,5.68,0.18,1.85
2014-01-16,3.31,3.42,3.47,3.31,62881,75989163.00,4.78,2.09,0.07,1.53
2014-01-17,3.37,3.38,3.46,3.34,40834,49340767.00,3.51,-1.17,-0.04,0.99
2014-01-20,3.39,3.24,3.39,3.24,23624,27803290.00,4.44,-4.14,-0.14,0.57
2014-01-21,3.26,3.31,3.33,3.26,24079,28341016.00,2.16,2.16,0.07,0.59
2014-01-22,3.33,3.39,3.41,3.27,33885,40582997.00,4.23,2.42,0.08,0.82
2014-01-23,3.39,3.52,3.54,3.39,70194,86686006.00,4.42,3.83,0.13,1.71
2014-01-24,3.51,3.71,3.82,3.51,113502,147577120.00,8.81,5.40,0.19,2.76
2014-01-27,3.72,3.76,3.81,3.65,68981,90362425.00,4.31,1.35,0.05,1.68
2014-01-28,3.73,3.72,3.80,3.67,33351,43340651.00,3.46,-1.06,-0.04,0.81
2014-01-29,3.72,3.79,3.83,3.67,65158,86124620.00,4.30,1.88,0.07,1.59
2014-01-30,3.78,3.74,3.84,3.73,38535,50803305.00,2.90,-1.32,-0.05,0.94
2014-02-07,3.74,4.04,4.07,3.72,108386,148884757.00,9.36,8.02,0.30,2.64
2014-02-10,4.07,4.45,4.52,4.07,314370,472575536.00,11.14,10.15,0.41,7.65
2014-02-11,4.45,4.36,4.54,4.25,184807,276123200.00,6.52,-2.02,-0.09,4.50
2014-02-12,4.34,4.38,4.46,4.26,125217,187082021.00,4.59,0.46,0.02,3.05
2014-02-13,4.34,4.35,4.62,4.29,177299,270170224.00,7.53,-0.68,-0.03,4.32
2014-02-14,4.29,4.45,4.46,4.27,92520,138689698.00,4.37,2.30,0.10,2.25
2014-02-17,4.56,4.50,4.66,4.39,151199,230583894.00,6.07,1.12,0.05,3.68
2014-02-18,4.51,4.41,4.51,4.32,116482,174243194.00,4.22,-2.00,-0.09,2.84
2014-02-19,4.41,4.42,4.51,4.30,87952,131249643.00,4.76,0.23,0.01,2.14
2014-02-20,4.42,4.20,4.45,4.19,95975,140213826.00,5.88,-4.98,-0.22,2.34
2014-02-21,4.22,4.15,4.26,4.08,67597,96712671.00,4.29,-1.19,-0.05,1.65
2014-02-24,4.12,4.25,4.26,4.05,78515,112107516.00,5.06,2.41,0.10,1.91
2014-02-25,4.25,4.04,4.36,3.93,119747,173564834.00,10.12,-4.94,-0.21,2.91
2014-02-26,4.10,4.52,4.52,4.07,263449,396303472.00,11.14,11.88,0.48,6.41
2014-02-27,4.70,4.88,5.04,4.60,529652,871788400.00,9.73,7.96,0.36,12.89
2014-02-28,4.81,5.45,5.45,4.71,495917,841642768.00,15.16,11.68,0.57,12.07
2014-03-03,5.57,5.43,5.82,5.35,451072,827874752.00,8.62,-0.37,-0.02,10.98
2014-03-04,5.53,6.05,6.05,5.45,496778,961414720.00,11.05,11.42,0.62,12.09
2014-03-05,5.92,5.95,6.01,5.74,320623,615433488.00,4.46,-1.65,-0.10,7.80
2014-03-06,5.84,5.49,5.89,5.31,298046,541467936.00,9.75,-7.73,-0.46,7.25
2014-03-07,5.44,5.57,5.96,5.41,340260,633353984.00,10.02,1.46,0.08,8.28
2014-03-10,5.37,5.17,5.54,5.11,216087,382269536.00,7.72,-7.18,-0.40,5.26
2014-03-11,5.11,5.01,5.25,4.84,263010,440930768.00,7.93,-3.09,-0.16,6.40
2014-03-12,4.95,5.07,5.25,4.70,329022,549911664.00,10.98,1.20,0.06,8.01
2014-03-13,4.95,5.23,5.37,4.80,329827,557106160.00,11.24,3.16,0.16,8.03
2014-03-14,5.10,5.07,5.33,5.01,170841,292897344.00,6.12,-3.06,-0.16,4.16
2014-03-17,5.06,5.60,5.66,5.03,340428,621290416.00,12.43,10.45,0.53,8.29
2014-03-18,5.53,5.55,5.80,5.45,306743,567812304.00,6.25,-0.89,-0.05,7.47
2014-03-19,5.47,5.66,5.70,5.41,182695,336660784.00,5.23,1.98,0.11,4.45
2014-03-20,5.56,5.17,5.58,5.06,244481,433467776.00,9.19,-8.66,-0.49,5.95
2014-03-21,5.13,5.37,5.51,5.00,180392,315432320.00,9.86,3.87,0.20,4.39
2014-03-24,5.31,5.46,5.48,5.21,129492,230774525.00,5.03,1.68,0.09,3.15
2014-03-25,5.34,5.48,5.59,5.28,135080,243061943.00,5.68,0.37,0.02,3.29
2014-03-26,5.47,5.52,5.74,5.41,191303,352586416.00,6.02,0.73,0.04,4.66
2014-03-27,5.37,5.09,5.37,5.07,155866,271498320.00,5.43,-7.79,-0.43,3.79
2014-03-28,5.13,4.72,5.15,4.69,147742,241181577.00,9.04,-7.27,-0.37,3.60
2014-03-31,4.69,4.76,4.91,4.65,73217,117630305.00,5.51,0.85,0.04,1.78
2014-04-01,4.79,4.81,4.86,4.66,72975,116751251.00,4.20,1.05,0.05,1.78
2014-04-02,4.81,4.69,4.85,4.61,91433,145502546.00,4.99,-2.49,-0.12,2.23
2014-04-03,4.70,4.69,4.78,4.63,75767,120057202.00,3.20,0.00,0.00,1.84
2014-04-04,4.66,4.76,4.79,4.64,65723,104965892.00,3.20,1.49,0.07,1.60
2014-04-08,4.71,4.84,4.85,4.65,96978,155148044.00,4.20,1.68,0.08,2.36
2014-04-09,4.87,4.87,4.94,4.82,80765,132285071.00,2.48,0.62,0.03,1.97
2014-04-10,4.89,5.10,5.21,4.81,162927,274822592.00,8.21,4.72,0.23,3.97
2014-04-11,4.96,5.06,5.18,4.95,100023,168995483.00,4.51,-0.78,-0.04,2.43
2014-04-14,5.03,5.13,5.19,5.03,74141,126758498.00,3.16,1.38,0.07,1.80
2014-04-15,5.11,5.01,5.12,4.93,66930,111984964.00,3.70,-2.34,-0.12,1.63
2014-04-16,4.93,4.90,5.09,4.89,57801,96332790.00,3.99,-2.20,-0.11,1.41
2014-04-17,4.90,5.00,5.09,4.90,53698,89717885.00,3.88,2.04,0.10,1.31
2014-04-18,4.93,5.16,5.17,4.93,77305,131340309.00,4.80,3.20,0.16,1.88
2014-04-21,5.11,5.20,5.33,5.07,115665,200051219.00,5.04,0.78,0.04,2.82
2014-04-22,5.15,4.60,5.21,4.60,254466,402201120.00,11.73,-11.54,-0.60,6.19
2014-04-23,4.53,4.34,4.57,4.30,151685,226993864.00,5.87,-5.65,-0.26,3.69
2014-04-24,4.34,4.31,4.42,4.25,64803,95851578.00,3.92,-0.69,-0.03,1.58
2014-04-25,4.31,4.07,4.35,4.00,107778,154277295.00,8.12,-5.57,-0.24,2.62
2014-04-28,4.09,4.05,4.12,3.95,77564,108072492.00,4.18,-0.49,-0.02,1.89
2014-04-29,4.06,4.17,4.19,4.01,59856,84576085.00,4.44,2.96,0.12,1.46
2014-04-30,4.15,4.18,4.22,4.07,68154,97260290.00,3.60,0.24,0.01,1.66
2014-05-05,4.17,4.18,4.19,4.03,57024,80735671.00,3.83,0.00,0.00,1.39
2014-05-06,4.19,4.29,4.35,4.18,98300,144221238.00,4.07,2.63,0.11,2.39
2014-05-07,4.26,4.13,4.32,4.13,69551,100108669.00,4.43,-3.73,-0.16,1.69
2014-05-08,4.10,4.20,4.30,4.07,61625,88757117.00,5.57,1.69,0.07,1.50
2014-05-09,4.33,4.34,4.46,4.20,161417,238895804.00,6.19,3.33,0.14,3.93
2014-05-12,4.37,4.56,4.59,4.27,176733,268343504.00,7.37,5.07,0.22,4.30
2014-05-13,4.53,4.40,4.53,4.35,120590,181611849.00,3.95,-3.51,-0.16,2.94
2014-05-14,4.41,4.40,4.44,4.33,52833,78945575.00,2.50,0.00,0.00,1.29
2014-05-15,4.39,4.05,4.39,4.03,115055,165205265.00,8.18,-7.95,-0.35,2.80
2014-05-16,4.02,4.08,4.10,3.97,62620,87161736.00,3.21,0.74,0.03,1.52
2014-05-19,4.09,4.02,4.10,4.01,25422,35456310.00,2.21,-1.47,-0.06,0.62
2014-05-20,4.06,4.06,4.14,4.03,37226,52360671.00,2.74,1.00,0.04,0.91
2014-05-21,4.05,4.15,4.19,4.02,43021,60875315.00,4.19,2.22,0.09,1.05
2014-05-22,4.16,4.15,4.27,4.14,64119,92510098.00,3.13,0.00,0.00,1.56
2014-05-23,4.15,4.26,4.26,4.12,78215,112692922.00,3.37,2.65,0.11,1.90
2014-05-26,4.50,4.44,4.61,4.36,144548,218976936.00,5.87,4.23,0.18,3.52
2014-05-27,4.39,4.40,4.51,4.33,65822,98857061.00,4.05,-0.90,-0.04,1.60
2014-05-28,4.40,4.45,4.51,4.38,86044,130137150.00,2.95,1.14,0.05,2.09
2014-05-29,4.44,4.35,4.50,4.34,69492,104466161.00,3.60,-2.25,-0.10,1.69
2014-05-30,4.32,4.40,4.45,4.27,43604,64858792.00,4.14,1.15,0.05,1.06
2014-06-03,4.41,4.38,4.48,4.35,42308,63465522.00,2.95,-0.45,-0.02,1.03
2014-06-04,4.40,4.19,4.40,4.13,61132,88300406.00,6.16,-4.34,-0.19,1.49
2014-06-05,4.20,4.32,4.32,4.12,50501,73147480.00,4.77,3.10,0.13,1.23
2014-06-06,4.32,4.23,4.35,4.20,38544,56176555.00,3.47,-2.08,-0.09,0.94
2014-06-09,4.24,4.24,4.33,4.22,36117,52786442.00,2.60,0.24,0.01,0.88
2014-06-10,4.24,4.29,4.31,4.14,46638,67565812.00,4.01,1.18,0.05,1.14
2014-06-11,4.30,4.43,4.44,4.28,76110,113419443.00,3.73,3.26,0.14,1.85
2014-06-12,4.40,4.34,4.43,4.33,47656,70974793.00,2.26,-2.03,-0.09,1.16
2014-06-13,4.35,4.69,4.81,4.34,202873,316258368.00,10.83,8.06,0.35,4.94
2014-06-16,4.65,4.69,4.87,4.63,171225,273876992.00,5.12,0.00,0.00,4.17
2014-06-17,4.71,4.63,4.77,4.59,98822,155815700.00,3.84,-1.28,-0.06,2.41
2014-06-18,4.66,4.69,4.75,4.57,93731,147823017.00,3.89,1.30,0.06,2.28
2014-06-19,4.68,4.44,4.73,4.34,89648,137238911.00,8.32,-5.33,-0.25,2.18
2014-06-20,4.42,4.66,4.73,4.40,106896,166553488.00,7.43,4.95,0.22,2.60
2014-06-23,4.69,4.78,4.86,4.63,116729,187862970.00,4.94,2.58,0.12,2.84
2014-06-24,4.81,4.95,5.00,4.81,120364,198821554.00,3.97,3.56,0.17,2.93
2014-06-25,4.94,4.83,4.95,4.77,61696,100232365.00,3.64,-2.42,-0.12,1.50
2014-06-26,4.82,4.90,4.96,4.81,70559,115588073.00,3.11,1.45,0.07,1.72
2014-06-27,4.91,5.16,5.29,4.88,169864,291150736.00,8.37,5.31,0.26,4.13
2014-06-30,5.19,5.16,5.23,5.03,100717,172208545.00,3.88,0.00,0.00,2.45
2014-07-01,5.13,5.22,5.30,5.13,120527,209493086.00,3.29,1.16,0.06,2.93
2014-07-02,5.19,5.24,5.31,5.13,88210,152858650.00,3.45,0.38,0.02,2.15
2014-07-03,5.25,5.41,5.57,5.17,138653,247505798.00,7.63,3.24,0.17,3.37
2014-07-04,5.41,5.21,5.48,5.19,109267,191784837.00,5.36,-3.70,-0.20,2.66
2014-07-07,5.17,5.06,5.23,5.06,69921,119339145.00,3.26,-2.88,-0.15,1.70
2014-07-08,5.05,5.39,5.56,5.01,146696,258775596.00,10.87,6.52,0.33,3.57
2014-07-09,5.37,5.15,5.47,4.96,111697,196434333.00,9.46,-4.45,-0.24,2.72
2014-07-10,5.29,5.21,5.36,5.05,136881,237230017.00,6.02,1.17,0.06,3.33
2014-07-11,5.13,5.45,5.74,5.07,145614,261598583.00,12.86,4.61,0.24,3.54
2014-07-14,5.55,5.84,5.99,5.55,201637,382018016.00,8.07,7.16,0.39,4.91
2014-07-15,5.74,5.71,5.84,5.58,122108,228559964.00,4.45,-2.23,-0.13,2.97
2014-07-16,5.75,5.79,5.97,5.60,143993,272841936.00,6.48,1.40,0.08,3.50
2014-07-17,5.71,5.59,5.72,5.48,72200,132573710.00,4.15,-3.45,-0.20,1.76
2014-07-18,5.57,5.89,6.04,5.51,178271,343263920.00,9.48,5.37,0.30,4.34
2014-07-21,5.85,5.94,5.95,5.71,82828,158097997.00,4.07,0.85,0.05,2.02
2014-07-22,5.93,6.15,6.42,5.85,257266,514322096.00,9.60,3.54,0.21,6.26
2014-07-23,6.17,6.07,6.17,5.97,104473,205619279.00,3.25,-1.30,-0.08,2.54
2014-07-24,6.02,5.92,6.14,5.77,105812,203609327.00,6.10,-2.47,-0.15,2.58
2014-07-25,5.93,5.95,6.02,5.79,66009,127357120.00,3.89,0.51,0.03,1.61
2014-07-28,5.90,5.98,6.02,5.75,119876,230182826.00,4.54,0.50,0.03,2.92
2014-07-29,5.98,6.07,6.29,5.92,156650,311470480.00,6.19,1.51,0.09,3.81
2014-07-30,5.95,6.08,6.23,5.87,130002,255730051.00,5.93,0.16,0.01,3.16
2014-07-31,6.05,6.07,6.21,6.00,89453,177934258.00,3.45,-0.16,-0.01,2.18
2014-08-01,6.08,5.88,6.21,5.83,104673,205691236.00,6.26,-3.13,-0.19,2.55
2014-08-04,5.86,5.90,5.95,5.80,89957,172453855.00,2.55,0.34,0.02,2.19
2014-08-05,5.91,5.76,5.91,5.64,107254,201205980.00,4.58,-2.37,-0.14,2.61
2014-08-06,5.75,5.86,5.89,5.68,93532,177988627.00,3.65,1.74,0.10,2.28
2014-08-07,5.91,5.76,5.93,5.75,58757,112312710.00,3.07,-1.71,-0.10,1.43
2014-08-08,5.76,5.82,5.88,5.69,56476,106709121.00,3.30,1.04,0.06,1.37
2014-08-11,5.78,6.21,6.22,5.78,137241,270832352.00,7.56,6.70,0.39,3.34
2014-08-12,6.15,6.18,6.27,6.11,79420,159428437.00,2.58,-0.48,-0.03,1.93
2014-08-13,6.10,6.04,6.18,5.95,67865,133332273.00,3.72,-2.27,-0.14,1.65
2014-08-14,6.08,5.84,6.11,5.80,72209,140250976.00,5.13,-3.31,-0.20,1.76
2014-08-15,5.84,5.84,5.92,5.79,52293,100057020.00,2.23,0.00,0.00,1.27
2014-08-18,5.83,5.92,6.04,5.83,65611,127403808.00,3.60,1.37,0.08,1.60
2014-08-19,5.93,6.08,6.10,5.89,80089,157086348.00,3.55,2.70,0.16,1.95
2014-08-20,6.09,6.07,6.18,5.95,73929,145948877.00,3.78,-0.16,-0.01,1.80
2014-08-21,6.03,5.91,6.08,5.77,79822,153575625.00,5.11,-2.64,-0.16,1.94
2014-08-22,5.91,5.85,5.92,5.70,80813,153180378.00,3.72,-1.02,-0.06,1.97
2014-08-25,5.84,5.85,5.89,5.75,40995,78146473.00,2.39,0.00,0.00,1.00
2014-08-26,5.83,5.65,5.90,5.57,54239,101735380.00,5.64,-3.42,-0.20,1.32
2014-08-27,5.64,5.66,5.74,5.62,30934,57781300.00,2.12,0.18,0.01,0.75
2014-08-28,5.67,5.67,5.70,5.52,40679,75112980.00,3.18,0.18,0.01,0.99
2014-08-29,5.67,5.78,5.79,5.65,27848,52225584.00,2.47,1.94,0.11,0.68
2014-09-01,5.79,5.85,5.88,5.77,34638,66179522.00,1.90,1.21,0.07,0.84
2014-09-02,5.85,5.93,5.95,5.83,53726,103543065.00,2.05,1.37,0.08,1.31
2014-09-03,5.98,5.92,6.02,5.85,52272,101270244.00,2.87,-0.17,-0.01,1.27
2014-09-04,5.91,5.92,5.95,5.84,68305,131542923.00,1.86,0.00,0.00,1.66
2014-09-05,5.94,5.87,5.95,5.81,56474,108263471.00,2.36,-0.84,-0.05,1.37
2014-09-09,5.88,6.09,6.13,5.88,116362,229383039.00,4.26,3.75,0.22,2.83
2014-09-10,6.00,6.03,6.08,5.95,63209,123924199.00,2.13,-0.99,-0.06,1.54
2014-09-11,6.00,5.91,6.10,5.84,77704,151435204.00,4.31,-1.99,-0.12,1.89
2014-09-12,5.90,5.91,5.96,5.86,52587,101253872.00,1.69,0.00,0.00,1.28
2014-09-15,5.91,5.85,5.91,5.78,70755,134878622.00,2.20,-1.02,-0.06,1.72
2014-09-16,5.82,5.49,5.85,5.48,83757,156045451.00,6.32,-6.15,-0.36,2.04
2014-09-17,5.52,5.34,5.55,5.15,128032,225370583.00,7.29,-2.73,-0.15,3.12
2014-09-18,5.31,5.42,5.43,5.29,57652,101902152.00,2.62,1.50,0.08,1.40
2014-09-19,5.42,5.49,5.50,5.39,40617,73144731.00,2.03,1.29,0.07,0.99
2014-09-22,5.49,5.26,5.50,5.22,48523,85278910.00,5.10,-4.19,-0.23,1.18
2014-09-23,5.24,5.27,5.33,5.17,74484,129294093.00,3.04,0.19,0.01,1.81
2014-09-24,5.23,5.41,5.44,5.22,67842,119662908.00,4.17,2.66,0.14,1.65
2014-09-25,5.40,5.36,5.46,5.29,83604,148693455.00,3.14,-0.92,-0.05,2.03
2014-09-26,5.32,5.28,5.37,5.23,84706,147880213.00,2.61,-1.49,-0.08,2.06
2014-09-29,5.32,5.36,5.41,5.31,82645,146117304.00,1.89,1.52,0.08,2.01
2014-09-30,5.38,5.49,5.51,5.36,91770,165085266.00,2.80,2.43,0.13,2.23
2014-10-08,5.51,5.55,5.58,5.45,61886,112576684.00,2.37,1.09,0.06,1.51
2014-10-09,5.55,5.75,5.77,5.55,127809,237694890.00,3.96,3.60,0.20,3.11
2014-10-10,5.67,5.66,5.75,5.63,78132,145542416.00,2.09,-1.57,-0.09,1.90
2014-10-13,5.64,5.67,5.73,5.57,59759,110681332.00,2.83,0.18,0.01,1.45
2014-10-14,5.66,5.59,5.71,5.55,72811,134774432.00,2.82,-1.41,-0.08,1.77
2014-10-15,5.59,5.71,5.74,5.52,76258,140772456.00,3.94,2.15,0.12,1.86
2014-10-16,5.65,5.52,5.71,5.52,68696,126992771.00,3.33,-3.33,-0.19,1.67
2014-10-17,5.52,5.53,5.55,5.34,74798,133974808.00,3.80,0.18,0.01,1.82
2014-10-20,5.48,5.57,5.63,5.46,42833,78422045.00,3.07,0.72,0.04,1.04
2014-10-21,5.56,5.46,5.59,5.40,38472,69517020.00,3.41,-1.97,-0.11,0.94
2014-10-22,5.46,5.39,5.52,5.33,34430,61424162.00,3.48,-1.28,-0.07,0.84
2014-10-23,5.39,5.52,5.56,5.39,75508,136662972.00,3.15,2.41,0.13,1.84
2014-10-24,5.50,5.49,5.59,5.45,40952,74398991.00,2.54,-0.54,-0.03,1.00
2014-10-27,5.47,5.45,5.51,5.36,36785,65819908.00,2.73,-0.73,-0.04,0.90
2014-10-28,5.49,5.67,5.67,5.44,78204,143851842.00,4.22,4.04,0.22,1.90
2014-10-29,5.71,5.86,5.87,5.64,176398,333694144.00,4.06,3.35,0.19,4.29
2014-10-30,5.83,5.74,5.87,5.71,102443,194383339.00,2.73,-2.05,-0.12,2.49
2014-10-31,5.74,5.72,5.80,5.61,82967,155051925.00,3.31,-0.35,-0.02,2.02
2014-11-03,5.53,5.34,5.53,5.24,276250,486496368.00,5.07,-6.64,-0.38,6.72
2014-11-04,5.29,5.21,5.31,5.16,133394,230497614.00,2.81,-2.43,-0.13,3.25
2014-11-05,5.21,5.22,5.25,5.17,80300,138647384.00,1.54,0.19,0.01,1.95
2014-11-06,5.21,5.17,5.22,5.04,112379,191322402.00,3.45,-0.96,-0.05,2.74
2014-11-07,5.17,5.18,5.20,5.06,83628,142952568.00,2.71,0.19,0.01,2.04
2014-11-10,5.19,5.20,5.23,5.13,59742,102524244.00,1.93,0.39,0.02,1.45
2014-11-11,5.20,5.08,5.20,4.96,80252,135654502.00,4.62,-2.31,-0.12,1.95
2014-11-12,5.04,5.11,5.12,5.03,39115,66112111.00,1.77,0.59,0.03,0.95
2014-11-13,5.10,5.09,5.11,4.97,58217,97556499.00,2.74,-0.39,-0.02,1.42
2014-11-14,5.09,5.18,5.20,5.02,83863,143025387.00,3.54,1.77,0.09,2.04
2014-11-17,5.19,5.17,5.24,5.10,59703,102764473.00,2.70,-0.19,-0.01,1.45
2014-11-18,5.14,5.17,5.22,5.14,29017,49680441.00,1.55,0.00,0.00,0.71
2014-11-19,5.15,5.14,5.17,5.10,31362,53457461.00,1.35,-0.58,-0.03,0.76
2014-11-20,5.12,5.15,5.19,5.11,32520,55632245.00,1.56,0.19,0.01,0.79
2014-11-21,5.16,5.20,5.21,5.13,52082,89436345.00,1.55,0.97,0.05,1.27
2014-11-24,5.22,5.32,5.32,5.16,109623,190348414.00,3.08,2.31,0.12,2.67
2014-11-25,5.33,5.41,5.46,5.30,141627,251916941.00,3.01,1.69,0.09,3.45
2014-11-26,5.40,5.37,5.47,5.31,101676,180322133.00,2.96,-0.74,-0.04,2.47
2014-11-27,5.38,5.38,5.45,5.34,104557,186160692.00,2.05,0.19,0.01,2.54
2014-11-28,5.39,5.31,5.39,5.23,99353,173688864.00,2.97,-1.30,-0.07,2.42
2014-12-01,5.47,5.45,5.76,5.42,206034,377597120.00,6.40,2.64,0.14,5.01
2014-12-02,5.38,5.52,5.59,5.32,146322,262691201.00,4.95,1.28,0.07,3.56
2014-12-03,5.53,5.64,5.69,5.46,224368,412078000.00,4.17,2.17,0.12,5.46
2014-12-04,5.66,5.73,5.80,5.60,228661,427474992.00,3.55,1.60,0.09,5.57
2014-12-05,5.73,5.50,5.74,5.29,226184,411155872.00,7.85,-4.01,-0.23,5.51
2014-12-08,5.45,5.40,5.60,5.38,195676,351584800.00,4.00,-1.82,-0.10,4.76
2014-12-09,5.36,5.19,5.39,5.00,274669,475333248.00,7.22,-3.89,-0.21,6.69
2014-12-10,5.09,5.23,5.25,5.02,137863,235036864.00,4.43,0.77,0.04,3.36
2014-12-11,5.21,5.28,5.31,5.14,110582,191636177.00,3.25,0.96,0.05,2.69
2014-12-12,5.25,5.36,5.39,5.23,113581,199979043.00,3.03,1.52,0.08,2.76
2014-12-15,5.34,5.43,5.53,5.29,115007,204966699.00,4.48,1.31,0.07,2.80
2014-12-16,5.45,5.40,5.46,5.32,76340,135325434.00,2.58,-0.55,-0.03,1.86
2014-12-17,5.38,5.26,5.38,5.21,100740,175883979.00,3.15,-2.59,-0.14,2.45
2014-12-18,5.23,5.19,5.33,5.18,95495,166238722.00,2.85,-1.33,-0.07,2.32
2014-12-19,5.15,5.04,5.20,4.99,90619,153082600.00,4.05,-2.89,-0.15,2.21
2014-12-22,4.98,4.78,5.03,4.73,92896,150050111.00,5.95,-5.16,-0.26,2.26
2014-12-23,4.79,4.84,4.94,4.79,60356,98041212.00,3.14,1.26,0.06,1.47
2014-12-24,4.87,4.90,4.90,4.77,48855,79088983.00,2.69,1.24,0.06,1.19
2014-12-25,4.88,4.90,4.93,4.87,40563,66351335.00,1.22,0.00,0.00,0.99
2014-12-26,4.90,4.91,4.96,4.87,57889,94933269.00,1.84,0.20,0.01,1.41
2014-12-29,4.92,4.81,4.97,4.79,73635,120111370.00,3.67,-2.04,-0.10,1.79
2014-12-30,4.84,4.79,4.91,4.77,43738,70663642.00,2.91,-0.42,-0.02,1.06
2014-12-31,4.84,4.98,4.99,4.83,70371,115319405.00,3.34,3.97,0.19,1.71