2022-01-04,6.53,6.54,6.66,6.40,192011,126642595.00,4.04,1.55,0.10,2.01
2022-01-05,6.54,6.29,6.56,6.22,160733,102779761.00,5.20,-3.82,-0.25,1.69
2022-01-06,6.26,6.18,6.28,6.09,140204,87349379.00,3.02,-1.75,-0.11,1.47
2022-01-07,6.19,6.06,6.25,6.06,121607,75511597.00,3.07,-1.94,-0.12,1.28
2022-01-10,6.05,6.11,6.16,6.00,85078,52228712.00,2.64,0.83,0.05,0.89
2022-01-11,6.13,6.07,6.28,6.05,130197,80667867.00,3.76,-0.65,-0.04,1.37
2022-01-12,6.14,6.10,6.15,6.06,69351,42631670.00,1.48,0.49,0.03,0.73
2022-01-13,6.09,6.03,6.12,6.02,87870,53715088.00,1.64,-1.15,-0.07,0.92
2022-01-14,6.01,6.03,6.12,5.93,87732,53513722.00,3.15,0.00,0.00,0.92
2022-01-17,6.06,6.64,6.64,6.05,304980,200260518.00,9.78,10.12,0.61,3.20
2022-01-18,6.63,6.74,6.85,6.54,449359,301994848.00,4.67,1.51,0.10,4.72
2022-01-19,6.65,7.01,7.27,6.62,435578,307193456.00,9.64,4.01,0.27,4.57
2022-01-20,7.00,6.86,7.13,6.84,309165,216925328.00,4.14,-2.14,-0.15,3.24
2022-01-21,6.85,6.91,7.04,6.78,214368,148956946.00,3.79,0.73,0.05,2.25
2022-01-24,7.04,7.08,7.26,7.00,247199,177464962.00,3.76,2.46,0.17,2.59
2022-01-25,7.05,6.86,7.11,6.80,214336,150222507.00,4.38,-3.11,-0.22,2.25
2022-01-26,6.92,6.81,6.99,6.70,172634,118459559.00,4.23,-0.73,-0.05,1.81
2022-01-27,6.98,6.12,7.50,6.12,729331,495092384.00,20.26,-10.13,-0.69,7.65
2022-01-28,5.54,6.23,6.50,5.54,445073,272502912.00,15.69,1.80,0.11,4.67
2022-02-07,6.38,6.22,6.44,6.01,210798,131447528.00,6.90,-0.16,-0.01,2.21
2022-02-08,6.22,6.16,6.22,6.06,155080,95971254.00,2.57,-0.96,-0.06,1.63
2022-02-09,6.11,6.11,6.20,6.09,126002,77922158.00,1.79,-0.81,-0.05,1.32
2022-02-10,6.13,5.99,6.14,5.96,144410,87753125.00,2.95,-1.96,-0.12,1.52
2022-02-11,5.98,5.70,6.00,5.65,192581,112789506.00,5.84,-4.84,-0.29,2.02
2022-02-14,5.65,5.85,6.12,5.58,225412,133682970.00,9.47,2.63,0.15,2.37
2022-02-15,5.94,5.82,6.00,5.73,105412,61992974.00,4.62,-0.51,-0.03,1.11
2022-02-16,5.83,5.80,5.91,5.77,94091,55402010.00,2.41,-0.34,-0.02,0.99
2022-02-17,5.89,5.69,5.89,5.65,141173,81734204.00,4.14,-1.90,-0.11,1.48
2022-02-18,5.69,5.67,5.78,5.63,120415,69102177.00,2.64,-0.35,-0.02,1.26
2022-02-21,5.66,5.73,5.79,5.65,101298,58367999.00,2.47,1.06,0.06,1.06
2022-02-22,5.69,5.60,5.73,5.55,120793,68498155.00,3.14,-2.27,-0.13,1.27
2022-02-23,5.61,5.61,5.70,5.59,100809,57258472.00,1.96,0.18,0.01,1.06
2022-02-24,5.62,5.32,5.72,5.15,275506,150996700.00,10.16,-5.17,-0.29,2.89
2022-02-25,5.39,5.46,5.57,5.37,152434,84530353.00,3.76,2.63,0.14,1.60
2022-02-28,5.48,5.47,5.53,5.28,111663,60822245.00,4.58,0.18,0.01,1.17
2022-03-01,5.49,5.50,5.53,5.43,81396,44979862.00,1.83,0.55,0.03,0.85
2022-03-02,5.45,5.49,5.50,5.40,63127,34762635.00,1.82,-0.18,-0.01,0.66
2022-03-03,5.51,5.39,5.52,5.35,94013,51473507.00,3.10,-1.82,-0.10,0.99
2022-03-04,5.39,5.30,5.42,5.27,78789,42522132.00,2.78,-1.67,-0.09,0.83
2022-03-07,5.29,5.14,5.32,5.11,85837,45011002.00,3.96,-3.02,-0.16,0.90
2022-03-08,5.19,4.99,5.20,4.95,117199,59812021.00,4.86,-2.92,-0.15,1.23
2022-03-09,5.05,4.86,5.05,4.66,173579,84850558.00,7.82,-2.61,-0.13,1.82
2022-03-10,4.95,4.87,5.07,4.85,111499,55481556.00,4.53,0.21,0.01,1.17
2022-03-11,4.78,4.83,4.88,4.66,133831,64268130.00,4.52,-0.82,-0.04,1.40
2022-03-14,4.81,4.62,4.84,4.61,116211,55254979.00,4.76,-4.35,-0.21,1.22
2022-03-15,4.66,4.31,4.66,4.30,180716,81756130.00,7.79,-6.71,-0.31,1.90
2022-03-16,4.38,4.47,4.52,4.26,169607,75446809.00,6.03,3.71,0.16,1.78
2022-03-17,4.54,4.60,4.73,4.50,161088,75631022.00,5.15,2.91,0.13,1.69
2022-03-18,4.65,4.66,4.69,4.60,107412,50536694.00,1.96,1.30,0.06,1.13
2022-03-21,4.67,4.69,4.74,4.64,93424,44299756.00,2.15,0.64,0.03,0.98
2022-03-22,4.65,4.67,4.71,4.60,92955,43623891.00,2.35,-0.43,-0.02,0.98
2022-03-23,4.70,4.72,4.87,4.68,133805,64195988.00,4.07,1.07,0.05,1.40
2022-03-24,4.73,4.62,4.73,4.60,98629,46285483.00,2.75,-2.12,-0.10,1.03
2022-03-25,4.64,4.63,4.71,4.61,80554,37865968.00,2.16,0.22,0.01,0.85
2022-03-28,4.67,4.55,4.68,4.52,105943,49106842.00,3.46,-1.73,-0.08,1.11
2022-03-29,4.60,4.46,4.62,4.41,86966,39550101.00,4.62,-1.98,-0.09,0.91
2022-03-30,4.52,4.59,4.65,4.46,85603,39530544.00,4.26,2.91,0.13,0.90
2022-03-31,4.63,4.50,4.63,4.48,65946,30198097.00,3.27,-1.96,-0.09,0.69
2022-04-01,4.48,4.47,4.50,4.43,56366,25461980.00,1.56,-0.67,-0.03,0.59
2022-04-06,4.47,4.47,4.56,4.43,90929,41253628.00,2.91,0.00,0.00,0.95
2022-04-07,4.46,4.26,4.48,4.23,157458,68837407.00,5.59,-4.70,-0.21,1.65
2022-04-08,4.28,4.22,4.31,4.11,121850,51677276.00,4.69,-0.94,-0.04,1.28
2022-04-11,4.21,4.00,4.22,3.96,124953,51284943.00,6.16,-5.21,-0.22,1.31
2022-04-12,4.00,4.04,4.10,3.93,116783,47402884.00,4.25,1.00,0.04,1.23
2022-04-13,4.03,3.96,4.03,3.93,66552,26815086.00,2.48,-1.98,-0.08,0.70
2022-04-14,3.99,4.00,4.05,3.98,70950,28807332.00,1.77,1.01,0.04,0.74
2022-04-15,4.00,3.99,4.02,3.95,97670,39414423.00,1.75,-0.25,-0.01,1.02
2022-04-18,3.99,4.13,4.14,3.94,107869,44419552.00,5.01,3.51,0.14,1.13
2022-04-19,4.11,4.08,4.18,4.06,69152,28735625.00,2.91,-1.21,-0.05,0.73
2022-04-20,4.11,4.09,4.18,4.06,78690,32808114.00,2.94,0.25,0.01,0.83
2022-04-21,4.07,3.93,4.11,3.92,110553,44881882.00,4.65,-3.91,-0.16,1.16
2022-04-22,3.93,3.88,3.96,3.84,76584,30178711.00,3.05,-1.27,-0.05,0.80
2022-04-25,3.80,3.56,3.80,3.55,138931,51731052.00,6.44,-8.25,-0.32,1.46
2022-04-26,3.56,3.55,3.75,3.50,147366,53730797.00,7.02,-0.28,-0.01,1.55
2022-04-27,3.55,3.61,3.63,3.40,117173,41823872.00,6.48,1.69,0.06,1.23
2022-04-28,3.61,3.50,3.65,3.43,116068,41504917.00,6.09,-3.05,-0.11,1.22
2022-04-29,3.51,3.86,3.86,3.51,179840,68151227.00,10.00,10.29,0.36,1.89
2022-05-05,3.96,3.96,4.00,3.85,267563,106894459.00,3.89,2.59,0.10,2.81
2022-05-06,3.85,3.90,3.92,3.82,112280,44076131.00,2.53,-1.52,-0.06,1.18
2022-05-09,3.91,3.95,3.97,3.86,94906,37881211.00,2.82,1.28,0.05,1.00
2022-05-10,3.89,4.06,4.07,3.89,110359,44866857.00,4.56,2.78,0.11,1.16
2022-05-11,4.10,4.06,4.17,4.05,139645,57890287.00,2.96,0.00,0.00,1.47
2022-05-12,4.06,4.14,4.15,4.03,81494,33886970.00,2.96,1.97,0.08,0.86
2022-05-13,4.13,4.24,4.25,4.08,118003,49832055.00,4.11,2.42,0.10,1.24
2022-05-16,4.35,4.16,4.35,4.15,117095,49696163.00,4.72,-1.89,-0.08,1.23
2022-05-17,4.19,4.18,4.23,4.12,89060,37175850.00,2.64,0.48,0.02,0.93
2022-05-18,4.21,4.33,4.40,4.17,142395,61572439.00,5.50,3.59,0.15,1.49
2022-05-19,4.26,4.31,4.36,4.25,92999,39908186.00,2.54,-0.46,-0.02,0.98
2022-05-20,4.33,4.32,4.37,4.27,74830,32282454.00,2.32,0.23,0.01,0.79
2022-05-23,4.34,4.38,4.43,4.31,125425,54750040.00,2.78,1.39,0.06,1.32
2022-05-24,4.37,4.20,4.45,4.19,136635,59209966.00,5.94,-4.11,-0.18,1.43
2022-05-25,4.20,4.33,4.35,4.17,111003,47337976.00,4.29,3.10,0.13,1.16
2022-05-26,4.37,4.29,4.38,4.22,80376,34407978.00,3.70,-0.92,-0.04,0.84
2022-05-27,4.30,4.25,4.34,4.22,75475,32199314.00,2.80,-0.93,-0.04,0.79
2022-05-30,4.25,4.25,4.30,4.22,62648,26630369.00,1.88,0.00,0.00,0.66
2022-05-31,4.26,4.30,4.34,4.22,97343,41725308.00,2.82,1.18,0.05,1.02
2022-06-01,4.31,4.39,4.48,4.30,149731,65947749.00,4.19,2.09,0.09,1.57
2022-06-02,4.33,4.49,4.49,4.28,165520,72957918.00,4.78,2.28,0.10,1.74
2022-06-06,4.53,4.51,4.57,4.45,134601,60537058.00,2.67,0.45,0.02,1.41
2022-06-07,4.51,4.42,4.53,4.38,106638,47206238.00,3.33,-2.00,-0.09,1.12
2022-06-08,4.40,4.40,4.44,4.30,120752,52975321.00,3.17,-0.45,-0.02,1.27
2022-06-09,4.42,4.27,4.44,4.25,104548,45179859.00,4.32,-2.95,-0.13,1.10
2022-06-10,4.22,4.37,4.39,4.20,127423,54643130.00,4.45,2.34,0.10,1.34
2022-06-13,4.45,4.81,4.81,4.41,145419,68446299.00,9.15,10.07,0.44,1.53
2022-06-14,4.97,5.08,5.29,4.87,856459,432659696.00,8.73,5.61,0.27,8.99
2022-06-15,4.99,5.15,5.49,4.87,757830,390393296.00,12.20,1.38,0.07,7.95
2022-06-16,5.13,5.05,5.22,5.01,373256,189462267.00,4.08,-1.94,-0.10,3.92
2022-06-17,5.04,5.09,5.13,4.98,275436,139377643.00,2.97,0.79,0.04,2.89
2022-06-20,5.10,5.15,5.23,5.04,270113,138348195.00,3.73,1.18,0.06,2.83
2022-06-21,5.13,5.07,5.15,4.99,208582,105409342.00,3.11,-1.55,-0.08,2.19
2022-06-22,5.07,5.02,5.13,4.99,173509,87928523.00,2.76,-0.99,-0.05,1.82
2022-06-23,4.99,5.18,5.25,4.98,301388,155022925.00,5.38,3.19,0.16,3.16
2022-06-24,5.14,5.23,5.50,5.08,422147,222015925.00,8.11,0.97,0.05,4.43
2022-06-27,5.28,5.20,5.28,5.10,257708,133175187.00,3.44,-0.57,-0.03,2.70
2022-06-28,5.20,5.27,5.28,5.16,218395,114014481.00,2.31,1.35,0.07,2.29
2022-06-29,5.24,5.07,5.27,5.07,200160,102970343.00,3.80,-3.80,-0.20,2.10
2022-06-30,5.13,5.12,5.21,5.01,185103,94291016.00,3.94,0.99,0.05,1.94
2022-07-01,5.12,5.33,5.48,5.02,330706,173451266.00,8.98,4.10,0.21,3.47
2022-07-04,5.33,5.34,5.47,5.22,282539,151038347.00,4.69,0.19,0.01,2.96
2022-07-05,5.30,5.21,5.38,5.12,212624,110974808.00,4.87,-2.43,-0.13,2.23
2022-07-06,5.17,5.19,5.35,5.08,157216,81934771.00,5.18,-0.38,-0.02,1.65
2022-07-07,5.16,5.36,5.38,5.16,251893,133745109.00,4.24,3.28,0.17,2.64
2022-07-08,5.40,5.22,5.41,5.18,180522,95168482.00,4.29,-2.61,-0.14,1.89
2022-07-11,5.23,5.14,5.24,5.10,106682,54793765.96,2.68,-1.53,-0.08,1.12
2022-07-12,5.19,5.11,5.21,5.10,98587,50647870.00,2.14,-0.58,-0.03,1.03
2022-07-13,5.19,5.62,5.62,5.16,284536,156165931.14,9.00,9.98,0.51,2.99
2022-07-14,5.68,5.46,5.82,5.43,477379,266339141.86,6.94,-2.85,-0.16,5.01
2022-07-15,5.46,5.48,5.60,5.32,301930,165453893.62,5.13,0.37,0.02,3.17
2022-07-18,5.55,5.51,5.75,5.48,267212,148739624.18,4.93,0.55,0.03,2.80
2022-07-19,5.51,5.61,5.63,5.44,238612,132487280.14,3.45,1.81,0.10,2.50
2022-07-20,5.58,5.82,5.85,5.53,325006,186086057.79,5.70,3.74,0.21,3.41
2022-07-21,5.76,5.90,6.19,5.71,416890,249669672.27,8.25,1.37,0.08,4.37
2022-07-22,5.91,5.86,6.00,5.76,205831,120448460.98,4.07,-0.68,-0.04,2.16
2022-07-25,5.88,5.62,5.88,5.56,208812,118350954.02,5.46,-4.10,-0.24,2.19
2022-07-26,5.63,5.66,5.68,5.51,118019,66123082.34,3.02,0.71,0.04,1.24
2022-07-27,5.60,5.64,5.67,5.57,115785,65083040.00,1.77,-0.35,-0.02,1.21
2022-07-28,5.68,5.67,5.77,5.61,143937,81425737.06,2.84,0.53,0.03,1.51
2022-07-29,5.61,5.62,5.78,5.59,152286,86450911.00,3.35,-0.88,-0.05,1.60
2022-08-01,5.64,5.63,5.68,5.52,132406,73915654.00,2.85,0.18,0.01,1.39
2022-08-02,5.56,5.31,5.57,5.07,271226,144473669.36,8.88,-5.68,-0.32,2.85
2022-08-03,5.32,5.26,5.57,5.24,266726,144830998.98,6.21,-0.94,-0.05,2.80
2022-08-04,5.29,5.34,5.40,5.22,118271,62706858.77,3.42,1.52,0.08,1.24
2022-08-05,5.39,5.72,5.80,5.34,309622,172809826.45,8.61,7.12,0.38,3.25
2022-08-08,5.63,6.29,6.29,5.52,567526,343192630.58,13.46,9.97,0.57,5.96
2022-08-09,6.29,6.08,6.29,5.98,674567,410065555.62,4.93,-3.34,-0.21,7.08
2022-08-10,6.10,6.09,6.19,5.98,330270,200767213.42,3.45,0.16,0.01,3.47
2022-08-11,6.10,6.06,6.14,6.01,279114,169398845.98,2.13,-0.49,-0.03,2.93
2022-08-12,6.03,6.02,6.12,6.01,212614,128738417.01,1.82,-0.66,-0.04,2.23
2022-08-15,6.03,6.02,6.08,5.98,153369,92352154.00,1.66,0.00,0.00,1.61
2022-08-16,6.01,6.18,6.59,6.01,470961,292563750.23,9.63,2.66,0.16,4.94
2022-08-17,6.15,6.19,6.39,6.07,321496,200351384.22,5.18,0.16,0.01,3.37
2022-08-18,6.15,6.17,6.32,6.14,233224,144925145.12,2.91,-0.32,-0.02,2.45
2022-08-19,6.17,6.13,6.28,6.09,221502,136389650.29,3.08,-0.65,-0.04,2.32
2022-08-22,6.14,6.05,6.16,5.96,140628,84855857.00,3.26,-1.31,-0.08,1.48
2022-08-23,6.05,6.04,6.08,5.97,118967,71693347.00,1.82,-0.17,-0.01,1.25
2022-08-24,6.05,5.73,6.06,5.69,234858,136891697.00,6.13,-5.13,-0.31,2.46
2022-08-25,5.73,5.74,5.79,5.52,156194,88206223.18,4.71,0.17,0.01,1.64
2022-08-26,5.76,5.68,5.84,5.65,105433,60484867.43,3.31,-1.05,-0.06,1.11
2022-08-29,5.56,5.54,5.65,5.50,114507,63786303.39,2.64,-2.46,-0.14,1.20
2022-08-30,5.57,5.42,5.62,5.36,139446,75969639.20,4.69,-2.17,-0.12,1.46
2022-08-31,5.42,5.16,5.42,5.12,177306,92528792.80,5.54,-4.80,-0.26,1.86
2022-09-01,5.20,5.15,5.29,5.14,112788,58694515.00,2.91,-0.19,-0.01,1.18
2022-09-02,5.20,5.20,5.25,5.15,69078,35848610.56,1.94,0.97,0.05,0.72
2022-09-05,5.17,5.22,5.29,5.15,80170,41833687.88,2.69,0.38,0.02,0.84
2022-09-06,5.22,5.25,5.27,5.19,70247,36773184.00,1.53,0.57,0.03,0.74
2022-09-07,5.24,5.25,5.31,5.20,81731,43012414.00,2.10,0.00,0.00,0.86
2022-09-08,5.26,5.22,5.32,5.21,83760,44119507.20,2.10,-0.57,-0.03,0.88
2022-09-09,5.22,5.13,5.25,5.10,97399,50013837.82,2.87,-1.72,-0.09,1.02
2022-09-13,5.25,5.38,5.44,5.16,194481,103161798.38,5.46,4.87,0.25,2.04
2022-09-14,5.29,5.19,5.30,5.15,110394,57514561.57,2.79,-3.53,-0.19,1.16
2022-09-15,5.24,4.96,5.25,4.92,139230,70074564.00,6.36,-4.43,-0.23,1.46
2022-09-16,4.96,4.86,5.09,4.86,75329,37323010.00,4.64,-2.02,-0.10,0.79
2022-09-19,4.87,4.74,4.94,4.70,94001,44852412.92,4.94,-2.47,-0.12,0.99
2022-09-20,4.81,4.96,4.97,4.77,120456,58995344.00,4.22,4.64,0.22,1.26
2022-09-21,4.93,4.93,4.96,4.84,68365,33565325.44,2.42,-0.60,-0.03,0.72
2022-09-22,4.88,4.86,4.97,4.86,73436,35998434.04,2.23,-1.42,-0.07,0.77
2022-09-23,4.91,4.75,4.91,4.67,84782,40534020.32,4.94,-2.26,-0.11,0.89
2022-09-26,4.73,4.65,4.77,4.64,72517,34069202.20,2.74,-2.11,-0.10,0.76
2022-09-27,4.65,4.77,4.81,4.65,74561,35220062.08,3.44,2.58,0.12,0.78
2022-09-28,4.77,4.57,4.80,4.55,65995,30631032.37,5.24,-4.19,-0.20,0.69
2022-09-29,4.60,4.53,4.68,4.49,67679,30936587.32,4.16,-0.88,-0.04,0.71
2022-09-30,4.53,4.52,4.60,4.49,67082,30511051.63,2.43,-0.22,-0.01,0.70
2022-10-10,4.52,4.36,4.57,4.33,57540,25446030.35,5.31,-3.54,-0.16,0.60
2022-10-11,4.35,4.42,4.45,4.30,57575,25239844.56,3.44,1.38,0.06,0.60
2022-10-12,4.41,4.58,4.59,4.32,76059,33866942.00,6.11,3.62,0.16,0.80
2022-10-13,4.58,4.61,4.71,4.50,85629,39526318.03,4.59,0.66,0.03,0.90
2022-10-14,4.68,4.65,4.71,4.62,53417,24911936.80,1.95,0.87,0.04,0.56
2022-10-17,4.62,4.67,4.69,4.62,51273,23916090.80,1.51,0.43,0.02,0.54
2022-10-18,4.69,4.66,4.72,4.62,56070,26114312.00,2.14,-0.21,-0.01,0.59
2022-10-19,4.65,4.61,4.68,4.61,34215,15874808.98,1.50,-1.07,-0.05,0.36
2022-10-20,4.61,5.07,5.07,4.49,426804,211846358.68,12.58,9.98,0.46,4.48
2022-10-21,5.16,4.89,5.16,4.81,391741,192372255.52,6.90,-3.55,-0.18,4.11
2022-10-24,4.89,4.95,5.00,4.83,247483,121758440.30,3.48,1.23,0.06,2.60
2022-10-25,4.96,4.94,4.98,4.80,169819,83349878.14,3.64,-0.20,-0.01,1.78
2022-10-26,5.00,4.94,5.03,4.88,165348,81503607.60,3.04,0.00,0.00,1.74
2022-10-27,4.93,4.95,5.00,4.89,140613,69599910.16,2.23,0.20,0.01,1.48
2022-10-28,4.92,4.72,4.98,4.68,148979,71844240.74,6.06,-4.65,-0.23,1.56
2022-10-31,4.60,4.76,4.82,4.58,97898,46274473.42,5.08,0.85,0.04,1.03
2022-11-01,4.78,4.85,4.87,4.73,81134,39038062.20,2.94,1.89,0.09,0.85
2022-11-02,4.85,4.89,4.94,4.80,84894,41481039.00,2.89,0.82,0.04,0.89
2022-11-03,4.87,4.90,4.92,4.84,82794,40463273.48,1.64,0.20,0.01,0.87
2022-11-04,4.88,4.98,5.02,4.88,129159,64346196.84,2.86,1.63,0.08,1.36
2022-11-07,4.98,4.99,5.01,4.92,93480,46451100.00,1.81,0.20,0.01,0.98
2022-11-08,5.03,4.91,5.04,4.88,76486,37689467.00,3.21,-1.60,-0.08,0.80
2022-11-09,4.91,4.90,4.95,4.89,62398,30674877.64,1.22,-0.20,-0.01,0.65
2022-11-10,4.86,4.82,4.90,4.80,83191,40258268.56,2.04,-1.63,-0.08,0.87
2022-11-11,4.92,4.82,4.95,4.81,84701,41229668.00,2.90,0.00,0.00,0.89
2022-11-14,4.81,5.30,5.30,4.81,677688,356429669.30,10.17,9.96,0.48,7.11
2022-11-15,5.40,5.83,5.83,5.40,724309,412619837.34,8.11,10.00,0.53,7.60
2022-11-16,6.41,6.41,6.41,6.41,144283,92485127.37,0.00,9.95,0.58,1.51
2022-11-17,6.40,6.20,6.40,5.85,1554546,945974383.53,8.58,-3.28,-0.21,16.31
2022-11-18,6.00,5.58,6.14,5.58,1126580,654897578.03,9.03,-10.00,-0.62,11.82
2022-11-21,5.42,5.54,5.60,5.37,557404,305310468.18,4.12,-0.72,-0.04,5.85
2022-11-22,5.51,5.62,5.82,5.41,618286,348505767.76,7.40,1.44,0.08,6.49
2022-11-23,5.47,5.70,5.92,5.43,575166,327646510.60,8.72,1.42,0.08,6.04
2022-11-24,5.70,5.64,5.74,5.51,428555,239635892.93,4.04,-1.05,-0.06,4.50
2022-11-25,5.56,5.75,6.10,5.48,694352,401387318.41,10.99,1.95,0.11,7.29
2022-11-28,5.61,5.65,5.95,5.55,442675,254537684.20,6.96,-1.74,-0.10,4.65
2022-11-29,5.69,5.64,5.77,5.62,348656,197400984.20,2.65,-0.18,-0.01,3.66
2022-11-30,5.56,5.60,5.73,5.50,348682,195042509.18,4.08,-0.71,-0.04,3.66
2022-12-01,5.60,5.61,5.78,5.57,350822,199353153.53,3.75,0.18,0.01,3.68
2022-12-02,5.60,5.80,5.84,5.55,461434,264368423.40,5.17,3.39,0.19,4.84
2022-12-05,5.83,5.75,5.85,5.67,369568,211927655.96,3.10,-0.86,-0.05,3.88
2022-12-06,5.69,5.73,5.86,5.67,267137,153815702.00,3.30,-0.35,-0.02,2.80
2022-12-07,5.70,5.92,5.98,5.65,618543,363206604.00,5.76,3.32,0.19,6.49
2022-12-08,5.80,5.41,5.81,5.37,743649,412864937.60,7.43,-8.61,-0.51,7.80
2022-12-09,5.37,5.48,5.53,5.37,249781,136453990.24,2.96,1.29,0.07,2.62
2022-12-12,5.45,5.45,5.51,5.38,200227,108856693.77,2.37,-0.55,-0.03,2.10
2022-12-13,5.42,5.39,5.47,5.37,173626,93742402.00,1.83,-1.10,-0.06,1.82
2022-12-14,5.49,5.55,5.75,5.47,412859,231278634.50,5.19,2.97,0.16,4.33
2022-12-15,5.52,5.61,5.69,5.46,300606,168528350.60,4.14,1.08,0.06,3.15
2022-12-16,5.57,5.43,5.66,5.42,225448,124375926.00,4.28,-3.21,-0.18,2.37
2022-12-19,5.45,5.31,5.47,5.29,176379,94606608.00,3.31,-2.21,-0.12,1.85
2022-12-20,5.32,5.36,5.41,5.24,145613,77746516.00,3.20,0.94,0.05,1.53
2022-12-21,5.36,5.21,5.38,5.16,155161,81356322.00,4.10,-2.80,-0.15,1.63
2022-12-22,5.25,5.19,5.33,5.18,151166,79346111.00,2.88,-0.38,-0.02,1.59
2022-12-23,5.71,5.71,5.71,5.58,506273,288796180.51,2.50,10.02,0.52,5.31
2022-12-26,5.43,5.32,5.47,5.14,862886,454722974.45,5.78,-6.83,-0.39,9.05
2022-12-27,5.26,5.08,5.29,4.98,515071,263253014.25,5.83,-4.51,-0.24,5.40
2022-12-28,5.08,4.91,5.08,4.90,266171,131954866.05,3.54,-3.35,-0.17,2.79
2022-12-29,4.88,4.94,4.98,4.86,183912,90707214.20,2.44,0.61,0.03,1.93
2022-12-30,4.97,4.90,4.98,4.89,142383,69969458.00,1.82,-0.81,-0.04,1.49