2023-01-03,18.70,18.14,18.70,17.90,62489,113544545.00,4.21,-4.53,-0.86,0.68
2023-01-04,18.16,18.17,18.30,17.97,30605,55503141.00,1.82,0.17,0.03,0.33
2023-01-05,18.23,18.41,18.62,18.10,41983,77195416.00,2.86,1.32,0.24,0.45
2023-01-06,18.26,18.21,18.29,18.05,30786,55846632.00,1.30,-1.09,-0.20,0.33
2023-01-09,18.16,18.11,18.26,17.87,41481,74932704.00,2.14,-0.55,-0.10,0.45
2023-01-10,18.15,18.01,18.16,17.81,28113,50426745.00,1.93,-0.55,-0.10,0.30
2023-01-11,18.08,18.71,19.09,17.83,66066,122721624.00,7.00,3.89,0.70,0.72
2023-01-12,18.58,18.30,18.74,18.22,35625,65610422.00,2.78,-2.19,-0.41,0.39
2023-01-13,18.36,18.45,18.48,18.21,25825,47367032.00,1.48,0.82,0.15,0.28
2023-01-16,18.42,18.56,18.58,18.34,27169,50213709.00,1.30,0.60,0.11,0.29
2023-01-17,18.57,18.19,18.62,18.14,24855,45555274.00,2.59,-1.99,-0.37,0.27
2023-01-18,18.29,18.00,18.29,17.97,22035,39780037.00,1.76,-1.04,-0.19,0.24
2023-01-19,18.00,18.05,18.07,17.88,13647,24583113.00,1.06,0.28,0.05,0.15
2023-01-20,18.10,18.16,18.23,18.05,18276,33153303.00,1.00,0.61,0.11,0.20
2023-01-30,18.30,18.50,18.61,18.21,43448,80086388.00,2.20,1.87,0.34,0.47
2023-01-31,18.47,18.56,18.56,18.30,23903,44072067.00,1.41,0.32,0.06,0.26
2023-02-01,18.54,18.76,18.85,18.42,35692,66501337.00,2.32,1.08,0.20,0.39
2023-02-02,18.70,18.85,18.95,18.57,37879,71181538.00,2.03,0.48,0.09,0.41
2023-02-03,18.80,18.71,18.90,18.34,35551,66193951.00,2.97,-0.74,-0.14,0.39
2023-02-06,18.74,18.48,18.77,18.44,23193,43044193.00,1.76,-1.23,-0.23,0.25
2023-02-07,18.42,18.70,18.78,18.29,34802,64572626.00,2.65,1.19,0.22,0.38
2023-02-08,18.61,18.29,18.75,18.28,21483,39630184.00,2.51,-2.19,-0.41,0.23