2020-01-02,11.71,11.49,12.11,11.38,129305,159943694.00,6.29,-1.03,-0.12,4.28
2020-01-03,11.48,11.73,11.92,11.40,82866,102175843.00,4.53,2.09,0.24,2.75
2020-01-06,11.46,12.03,12.17,11.43,65475,82639272.00,6.31,2.56,0.30,2.17
2020-01-07,11.98,12.85,12.85,11.98,77427,102441455.00,7.23,6.82,0.82,2.57
2020-01-08,12.82,12.96,13.10,12.45,86671,117067299.00,5.06,0.86,0.11,2.87
2020-01-09,12.96,12.82,13.32,12.48,62631,84253673.00,6.48,-1.08,-0.14,2.08
2020-01-10,12.82,12.42,13.11,12.42,51205,68958417.00,5.38,-3.12,-0.40,1.70
2020-01-13,12.69,13.73,13.73,12.69,113919,161471520.00,8.37,10.55,1.31,3.77
2020-01-14,13.34,13.85,15.17,13.34,265921,405802304.00,13.33,0.87,0.12,8.81
2020-01-15,13.80,13.11,13.84,12.80,154842,214164505.00,7.51,-5.34,-0.74,5.13
2020-01-16,12.90,12.55,13.08,12.49,91413,122055557.00,4.50,-4.27,-0.56,3.03
2020-01-17,12.66,13.87,13.87,12.57,130473,184702833.00,10.36,10.52,1.32,4.32
2020-01-20,14.33,14.33,14.53,13.77,165065,245540966.00,5.48,3.32,0.46,5.47
2020-01-21,14.08,13.81,14.78,13.64,86350,127149794.00,7.96,-3.63,-0.52,2.86
2020-01-22,13.93,13.45,13.93,13.39,80664,115383957.00,3.91,-2.61,-0.36,2.67
2020-01-23,13.59,12.75,14.27,12.35,96064,133785408.00,14.28,-5.20,-0.70,3.18
2020-02-03,11.41,11.41,11.41,11.41,7989,9650712.00,0.00,-10.51,-1.34,0.26
2020-02-04,10.20,11.14,12.62,10.20,91543,104926984.00,21.21,-2.37,-0.27,3.03
2020-02-05,11.14,10.98,11.45,10.96,76865,91189438.00,4.40,-1.44,-0.16,2.55
2020-02-06,11.08,11.02,11.28,10.96,62044,72892381.00,2.91,0.36,0.04,2.06
2020-02-07,11.03,10.93,11.11,10.61,65262,75268989.00,4.54,-0.82,-0.09,2.16
2020-02-10,10.93,11.03,11.47,10.83,78418,92521995.00,5.86,0.91,0.10,2.60
2020-02-11,11.09,11.32,11.46,11.03,68625,81884486.00,3.90,2.63,0.29,2.27
2020-02-12,11.25,11.45,11.52,11.07,82071,98421760.00,3.98,1.15,0.13,2.72
2020-02-13,11.35,11.08,11.46,10.98,59383,70597283.00,4.19,-3.23,-0.37,1.97
2020-02-14,11.13,11.08,11.20,10.93,41035,48107474.00,2.44,0.00,0.00,1.36
2020-02-17,11.04,11.43,11.47,11.00,46591,55779261.00,4.24,3.16,0.35,1.54
2020-02-18,11.55,11.78,11.82,11.26,58506,71456457.00,4.90,3.06,0.35,1.94
2020-02-19,11.64,11.54,11.87,11.53,42608,52482067.00,2.89,-2.04,-0.24,1.41
2020-02-20,11.55,11.75,11.82,11.39,49279,60766520.00,3.73,1.82,0.21,1.63
2020-02-21,11.74,12.00,12.19,11.66,62332,78979362.00,4.51,2.13,0.25,2.07
2020-02-24,11.93,11.95,12.03,11.73,48725,61233222.00,2.50,-0.42,-0.05,1.61
2020-02-25,11.51,11.58,11.80,11.03,66951,81359956.00,6.44,-3.10,-0.37,2.22
2020-02-26,11.51,11.17,11.57,11.07,46004,55293401.00,4.32,-3.54,-0.41,1.52
2020-02-27,11.22,11.31,11.51,11.16,34292,41240420.00,3.13,1.25,0.14,1.14
2020-02-28,11.06,11.05,11.77,10.78,70140,82597304.00,8.75,-2.30,-0.26,2.32
2020-03-02,11.10,11.47,11.61,11.10,71637,86431561.00,4.62,3.80,0.42,2.37
2020-03-03,11.55,11.74,11.84,11.40,87283,107484882.00,3.84,2.35,0.27,2.89
2020-03-04,11.75,11.72,11.88,11.57,49775,61549714.00,2.64,-0.17,-0.02,1.65
2020-03-05,11.83,12.21,12.44,11.64,110775,139802614.00,6.83,4.18,0.49,3.67
2020-03-06,12.03,12.19,12.38,11.88,113971,145378653.00,4.10,-0.16,-0.02,3.78
2020-03-09,12.08,11.83,12.08,11.58,59998,74972608.00,4.10,-2.95,-0.36,1.99
2020-03-10,11.63,11.70,11.86,11.33,62737,77131888.00,4.48,-1.10,-0.13,2.08
2020-03-11,11.74,11.46,11.75,11.42,54549,66727791.00,2.82,-2.05,-0.24,1.81
2020-03-12,11.21,10.79,11.32,10.75,41229,48070847.00,4.97,-5.85,-0.67,1.37
2020-03-13,10.20,10.23,10.75,9.96,78546,85855384.00,7.32,-5.19,-0.56,2.60
2020-03-16,10.41,10.74,11.32,10.23,91622,104761628.00,10.65,4.99,0.51,3.04
2020-03-17,10.78,11.76,11.88,10.78,123826,149573187.00,10.24,9.50,1.02,4.10
2020-03-18,11.92,11.64,12.06,11.50,82057,102484950.00,4.76,-1.02,-0.12,2.72
2020-03-19,11.51,12.22,12.65,11.43,147884,188004864.00,10.48,4.98,0.58,4.90
2020-03-20,12.34,13.01,13.01,12.11,147849,196648308.00,7.36,6.46,0.79,4.90
2020-03-23,13.00,12.74,13.81,12.39,151781,207694146.00,10.91,-2.08,-0.27,5.03
2020-03-24,12.91,12.93,13.05,11.80,146486,192786979.00,9.81,1.49,0.19,4.85
2020-03-25,13.01,13.51,13.59,12.80,187394,261247004.00,6.11,4.49,0.58,6.21
2020-03-26,13.39,13.33,13.62,13.00,95719,133380782.00,4.59,-1.33,-0.18,3.17
2020-03-27,13.21,12.63,13.32,12.46,85013,114418430.00,6.45,-5.25,-0.70,2.82
2020-03-30,12.62,12.93,12.95,12.05,75882,100213567.00,7.13,2.38,0.30,2.51
2020-03-31,12.83,13.35,13.53,12.79,109168,151208102.00,5.72,3.25,0.42,3.62
2020-04-01,13.33,13.13,13.55,13.01,120186,168127746.00,4.04,-1.65,-0.22,3.98
2020-04-02,13.18,12.53,13.24,12.49,124724,168221004.00,5.71,-4.57,-0.60,4.13
2020-04-03,12.55,12.25,12.56,12.06,61432,79415345.00,3.99,-2.23,-0.28,2.04
2020-04-07,12.28,12.34,12.65,12.27,88462,116067892.00,3.10,0.73,0.09,2.93
2020-04-08,12.38,12.43,12.58,11.74,110028,140846534.00,6.81,0.73,0.09,3.65
2020-04-09,12.35,12.45,12.66,12.14,91021,119703134.00,4.18,0.16,0.02,3.02
2020-04-10,12.29,11.72,12.58,11.72,86675,112008935.00,6.91,-5.86,-0.73,2.87
2020-04-13,11.44,11.35,11.46,10.88,47295,56100465.00,4.95,-3.16,-0.37,1.57
2020-04-14,11.33,11.71,11.77,11.23,33353,40681534.00,4.76,3.17,0.36,1.11
2020-04-15,11.71,11.59,11.71,11.48,26092,31935993.00,1.96,-1.02,-0.12,0.86
2020-04-16,11.52,11.74,11.79,11.43,30984,38168491.00,3.11,1.29,0.15,1.03
2020-04-17,11.63,12.07,12.15,11.63,98546,124471958.00,4.43,2.81,0.33,3.27
2020-04-20,11.97,12.25,12.49,11.97,98493,127721795.00,4.31,1.49,0.18,3.26
2020-04-21,12.15,12.18,12.30,12.07,65364,83870258.00,1.88,-0.57,-0.07,2.17
2020-04-22,12.11,11.89,12.22,11.85,45055,57133841.00,3.04,-2.38,-0.29,1.49
2020-04-23,12.01,11.33,12.02,11.22,90537,109867718.00,6.73,-4.71,-0.56,3.00
2020-04-24,11.40,11.09,11.41,11.00,60477,71064751.00,3.62,-2.12,-0.24,2.00
2020-04-27,11.05,11.22,11.33,11.02,54625,64651254.00,2.80,1.17,0.13,1.81
2020-04-28,11.16,11.26,11.35,10.93,62896,74568347.00,3.74,0.36,0.04,2.08
2020-04-29,11.29,11.23,11.47,11.23,57389,68765514.00,2.13,-0.27,-0.03,1.90
2020-04-30,11.15,11.05,11.35,10.82,75777,88876569.00,4.72,-1.60,-0.18,2.51
2020-05-06,11.07,10.81,11.07,10.59,64149,73656550.00,4.34,-2.17,-0.24,2.13
2020-05-07,10.75,10.24,10.79,10.24,61829,69053461.00,5.09,-5.27,-0.57,2.05
2020-05-08,10.50,10.35,10.50,10.08,97514,106753171.00,4.10,1.07,0.11,3.23
2020-05-11,10.33,10.05,10.54,10.01,86283,94285217.00,5.12,-2.90,-0.30,2.86
2020-05-12,10.03,9.73,10.06,9.34,150103,155066405.00,7.16,-3.18,-0.32,4.97
2020-05-13,9.59,10.17,10.26,9.59,149121,158875661.00,6.89,4.52,0.44,4.94
2020-05-14,10.10,9.63,10.24,9.55,136841,143285027.00,6.78,-5.31,-0.54,4.53
2020-05-15,9.63,9.39,9.65,9.37,79830,80930606.00,2.91,-2.49,-0.24,2.65
2020-05-18,9.39,9.39,9.54,9.06,71675,71595889.00,5.11,0.00,0.00,2.37
2020-05-19,9.42,9.47,9.59,9.38,43700,44328567.00,2.24,0.85,0.08,1.45
2020-05-20,9.47,9.81,9.91,9.34,102242,106203183.00,6.02,3.59,0.34,3.39
2020-05-21,9.68,9.82,9.84,9.58,55527,57581864.00,2.65,0.10,0.01,1.84
2020-05-22,9.76,9.75,9.98,9.65,47509,49786117.00,3.36,-0.71,-0.07,1.57
2020-05-25,9.74,9.54,9.81,9.49,31472,32288026.00,3.28,-2.15,-0.21,1.04
2020-05-26,9.59,9.60,9.71,9.50,37504,38509450.00,2.20,0.63,0.06,1.24
2020-05-27,9.59,9.93,10.12,9.55,109403,116057605.00,5.94,3.44,0.33,3.62
2020-05-28,9.93,9.70,10.02,9.63,53105,55575296.00,3.93,-2.32,-0.23,1.76
2020-05-29,9.66,9.64,9.74,9.58,33790,34899809.00,1.65,-0.62,-0.06,1.12
2020-06-01,9.68,9.80,9.86,9.53,71850,74615586.00,3.42,1.66,0.16,2.38
2020-06-02,9.79,9.87,9.91,9.74,46744,49117808.00,1.73,0.71,0.07,1.55
2020-06-03,9.80,9.91,10.13,9.80,109447,114326601.00,3.34,0.41,0.04,3.63
2020-06-04,9.88,9.83,10.02,9.71,63543,65585975.00,3.13,-0.81,-0.08,2.11
2020-06-05,9.82,9.63,9.86,9.63,49707,50435996.00,2.34,-2.03,-0.20,1.65
2020-06-08,9.68,9.50,9.74,9.49,50596,50723645.00,2.60,-1.35,-0.13,1.68
2020-06-09,9.59,9.52,9.59,9.38,35853,35648187.00,2.21,0.21,0.02,1.19
2020-06-10,9.47,9.51,9.58,9.45,27351,27327546.00,1.37,-0.11,-0.01,0.91
2020-06-11,9.54,9.45,9.59,9.42,28251,28108218.00,1.79,-0.63,-0.06,0.94
2020-06-12,9.33,9.39,9.40,9.10,60758,59329818.00,3.17,-0.63,-0.06,2.01
2020-06-15,9.35,10.38,10.38,9.28,127340,134043644.00,11.71,10.54,0.99,4.22
2020-06-16,11.03,10.73,11.47,10.71,404136,473698912.00,7.32,3.37,0.35,13.39
2020-06-17,10.13,10.24,10.41,10.02,261066,278670880.00,3.63,-4.57,-0.49,8.65
2020-06-18,10.15,10.76,11.11,10.02,253553,280415008.00,10.64,5.08,0.52,8.40
2020-06-19,10.59,11.10,11.43,10.59,256039,296998240.00,7.81,3.16,0.34,8.48
2020-06-22,10.95,11.28,11.35,10.60,211700,242965823.00,6.76,1.62,0.18,7.01
2020-06-23,11.16,11.13,11.31,10.98,96173,111714970.00,2.93,-1.33,-0.15,3.19
2020-06-24,11.08,10.71,11.14,10.68,79146,89745920.00,4.13,-3.77,-0.42,2.62
2020-06-29,10.77,10.51,10.89,10.40,76031,84115239.00,4.58,-1.87,-0.20,2.52
2020-06-30,10.58,10.80,10.81,10.39,67024,73908603.00,4.00,2.76,0.29,2.22
2020-07-01,10.78,10.59,10.78,10.53,47353,52558838.00,2.31,-1.94,-0.21,1.57
2020-07-02,10.67,10.72,10.74,10.54,55656,61870104.00,1.89,1.23,0.13,1.84
2020-07-03,10.71,10.58,10.81,10.57,55830,61992513.00,2.24,-1.31,-0.14,1.85
2020-07-06,10.68,11.34,11.40,10.60,114719,132206713.00,7.56,7.18,0.76,3.80
2020-07-07,11.34,11.08,11.46,11.06,96904,113567947.00,3.53,-2.29,-0.26,3.21
2020-07-08,11.08,11.26,11.31,10.98,76968,89636011.00,2.98,1.62,0.18,2.55
2020-07-09,11.26,11.68,11.70,11.14,111552,133025696.00,4.97,3.73,0.42,3.70
2020-07-10,11.60,11.11,11.68,11.09,89070,105405500.00,5.05,-4.88,-0.57,2.95
2020-07-13,11.17,11.79,11.96,11.17,134203,162654259.00,7.11,6.12,0.68,4.45
2020-07-14,11.88,11.71,11.99,11.44,85626,104184503.00,4.66,-0.68,-0.08,2.84
2020-07-15,11.70,12.39,12.90,11.56,151966,191429661.00,11.44,5.81,0.68,5.04
2020-07-16,12.32,12.88,13.37,11.86,160917,211418476.00,12.19,3.95,0.49,5.33
2020-07-17,12.48,13.01,13.34,12.28,107779,143294355.00,8.23,1.01,0.13,3.57
2020-07-20,13.03,14.13,14.34,12.56,146836,204360548.00,13.68,8.61,1.12,4.87
2020-07-21,13.83,15.59,15.59,13.76,182627,284655776.00,12.95,10.33,1.46,6.05
2020-07-22,15.38,15.73,15.98,14.89,149012,237198825.00,6.99,0.90,0.14,4.94
2020-07-23,15.49,15.47,16.35,15.03,110010,176525600.00,8.39,-1.65,-0.26,3.65
2020-07-24,15.27,14.54,15.65,13.88,108432,164046657.00,11.44,-6.01,-0.93,3.59
2020-07-27,14.47,14.58,15.09,14.08,81396,122820139.00,6.95,0.28,0.04,2.70
2020-07-28,14.58,14.21,15.70,13.83,70391,104644950.00,12.83,-2.54,-0.37,2.33
2020-07-29,14.21,14.74,14.88,13.91,60595,90400606.00,6.83,3.73,0.53,2.01
2020-07-30,14.81,14.39,14.83,14.29,46724,69904932.00,3.66,-2.37,-0.35,1.55
2020-07-31,14.50,14.79,15.11,14.30,64557,98102344.00,5.63,2.78,0.40,2.14
2020-08-03,14.78,14.73,15.14,14.58,62198,95002159.00,3.79,-0.41,-0.06,2.06
2020-08-04,14.81,16.25,16.25,14.74,111281,179979972.00,10.25,10.32,1.52,3.69
2020-08-05,16.53,17.13,17.76,15.88,121394,211196235.00,11.57,5.42,0.88,4.02
2020-08-06,17.26,18.20,18.51,16.78,97718,174803850.00,10.10,6.25,1.07,3.24
2020-08-07,18.53,18.17,18.64,17.72,76370,142579548.00,5.05,-0.16,-0.03,2.53
2020-08-10,18.17,18.42,19.12,17.69,70278,131766454.00,7.87,1.38,0.25,2.33
2020-08-11,18.46,17.61,19.22,17.53,57408,107742544.00,9.17,-4.40,-0.81,1.90
2020-08-12,17.62,17.70,17.98,16.24,84498,148724783.00,9.88,0.51,0.09,2.80
2020-08-13,17.72,16.94,18.08,16.64,60713,105715210.00,8.14,-4.29,-0.76,2.01
2020-08-14,16.81,17.08,17.18,16.54,35805,62121619.00,3.78,0.83,0.14,1.19
2020-08-17,17.53,18.04,18.26,16.84,51794,93848906.00,8.31,5.62,0.96,1.72
2020-08-18,17.94,18.34,18.65,17.75,45820,85506106.00,4.99,1.66,0.30,1.52
2020-08-19,18.53,17.86,18.73,17.86,33858,63182018.00,4.74,-2.62,-0.48,1.12
2020-08-20,17.72,18.94,19.69,17.59,101238,198463813.00,11.76,6.05,1.08,3.35
2020-08-21,18.91,20.88,20.88,18.66,100088,205137755.00,11.72,10.24,1.94,3.32
2020-08-24,20.91,22.05,22.17,20.23,79817,172881173.00,9.29,5.60,1.17,2.64
2020-08-25,21.56,20.73,21.78,19.91,74818,159108769.00,8.48,-5.99,-1.32,2.48
2020-08-26,20.70,20.01,20.70,19.41,54011,110048921.00,6.22,-3.47,-0.72,1.79
2020-08-27,19.96,20.82,21.03,19.87,40115,84343182.00,5.80,4.05,0.81,1.33
2020-08-28,20.36,19.58,20.72,18.93,75073,151441064.00,8.60,-5.96,-1.24,2.49
2020-08-31,19.58,19.71,20.63,19.52,63143,129151615.00,5.67,0.66,0.13,2.09
2020-09-01,19.91,19.74,19.99,19.36,36348,72919929.00,3.20,0.15,0.03,1.20
2020-09-02,19.93,19.26,20.38,19.12,38936,77542330.00,6.38,-2.43,-0.48,1.29
2020-09-03,19.26,18.22,19.42,18.14,61098,116440284.00,6.65,-5.40,-1.04,2.02
2020-09-04,18.20,18.03,18.31,17.68,46448,85631092.00,3.46,-1.04,-0.19,1.54
2020-09-07,18.31,17.68,18.63,17.08,59508,108246983.00,8.60,-1.94,-0.35,1.97
2020-09-08,17.56,17.13,17.68,16.69,57707,101827074.00,5.60,-3.11,-0.55,1.91
2020-09-09,17.05,16.83,17.16,16.33,54305,93381142.00,4.85,-1.75,-0.30,1.80
2020-09-10,16.82,17.01,17.18,16.38,43187,74675752.00,4.75,1.07,0.18,1.43
2020-09-11,16.86,17.60,17.78,16.61,40541,71849464.00,6.88,3.47,0.59,1.34
2020-09-14,17.58,17.18,17.70,16.41,53479,93322740.00,7.33,-2.39,-0.42,1.77
2020-09-15,16.94,16.54,17.53,16.47,24735,42317772.00,6.17,-3.73,-0.64,0.82
2020-09-16,16.72,16.78,17.29,16.51,27113,46971120.00,4.72,1.45,0.24,0.90
2020-09-17,16.73,17.18,17.53,16.43,37213,64860452.00,6.56,2.38,0.40,1.23
2020-09-18,17.28,18.04,18.53,17.04,46557,85480884.00,8.67,5.01,0.86,1.54
2020-09-21,18.04,17.61,18.31,17.25,30863,55715602.00,5.88,-2.38,-0.43,1.02
2020-09-22,17.73,17.13,17.73,17.03,25234,45088586.00,3.98,-2.73,-0.48,0.84
2020-09-23,17.58,17.28,17.58,16.78,19618,34628844.00,4.67,0.88,0.15,0.65
2020-09-24,17.02,16.75,17.22,16.55,17838,30795101.00,3.88,-3.07,-0.53,0.59
2020-09-25,16.83,16.92,16.92,16.33,19080,32574268.00,3.52,1.01,0.17,0.63
2020-09-28,16.92,16.48,16.92,16.16,34581,58749304.00,4.49,-2.60,-0.44,1.15
2020-09-29,16.53,16.24,16.53,15.69,36555,60384310.00,5.10,-1.46,-0.24,1.21
2020-09-30,16.17,15.58,16.17,15.22,32659,52622660.00,5.85,-4.06,-0.66,1.08
2020-10-09,15.70,15.94,16.68,15.70,49147,81722606.00,6.29,2.31,0.36,1.63
2020-10-12,16.19,16.43,16.72,15.81,41785,70358018.00,5.71,3.07,0.49,1.38
2020-10-13,16.58,16.48,16.81,16.24,22603,38380308.00,3.47,0.30,0.05,0.75
2020-10-14,16.51,16.47,16.70,16.30,17882,30269454.00,2.43,-0.06,-0.01,0.59
2020-10-15,16.55,16.21,16.55,16.05,17366,29009540.00,3.04,-1.58,-0.26,0.58
2020-10-16,16.21,16.19,16.53,15.89,23768,39672968.00,3.95,-0.12,-0.02,0.79
2020-10-19,16.33,15.92,16.71,15.80,31357,52245279.00,5.62,-1.67,-0.27,1.04
2020-10-20,15.99,15.91,16.19,15.80,28031,46022712.00,2.45,-0.06,-0.01,0.93
2020-10-21,16.41,16.01,17.21,15.83,70500,118900404.00,8.67,0.63,0.10,2.34
2020-10-22,15.54,14.83,15.76,14.44,89863,138756407.00,8.24,-7.37,-1.18,2.98
2020-10-23,15.06,14.97,15.12,14.49,43189,65701103.00,4.25,0.94,0.14,1.43
2020-10-26,14.73,14.71,14.94,14.28,28479,42939061.00,4.41,-1.74,-0.26,0.94
2020-10-27,14.68,14.58,14.82,14.42,28300,42684289.00,2.72,-0.88,-0.13,0.94
2020-10-28,14.57,14.70,14.86,14.35,28102,42456881.00,3.50,0.82,0.12,0.93
2020-10-29,14.57,15.08,15.26,14.44,35447,54693478.00,5.58,2.59,0.38,1.17
2020-10-30,15.31,15.14,15.72,15.03,42817,67775993.00,4.58,0.40,0.06,1.42
2020-11-02,15.73,16.70,16.70,15.73,68526,114069100.00,6.41,10.30,1.56,2.27
2020-11-03,17.53,17.31,17.73,16.88,122025,217231508.00,5.09,3.65,0.61,4.04
2020-11-04,17.38,17.25,17.48,16.83,56734,100339736.00,3.76,-0.35,-0.06,1.88
2020-11-05,17.41,17.28,17.67,16.95,75820,133729919.00,4.17,0.17,0.03,2.51
2020-11-06,17.29,17.78,18.17,17.11,70630,127280636.00,6.13,2.89,0.50,2.34
2020-11-09,17.80,17.70,17.93,17.27,59687,107797797.00,3.71,-0.45,-0.08,1.98
2020-11-10,17.43,16.89,18.05,16.89,70506,125873663.00,6.55,-4.58,-0.81,2.34
2020-11-11,17.04,16.60,17.66,16.54,68934,120494531.00,6.63,-1.72,-0.29,2.28
2020-11-12,16.57,16.98,17.13,16.53,33433,58059162.00,3.61,2.29,0.38,1.11
2020-11-13,16.91,16.93,17.25,16.44,43846,75861530.00,4.77,-0.29,-0.05,1.45
2020-11-16,17.13,17.70,17.78,16.93,45686,82003571.00,5.02,4.55,0.77,1.51
2020-11-17,17.68,17.29,17.88,17.09,37557,67154752.00,4.46,-2.32,-0.41,1.24
2020-11-18,17.19,17.35,17.70,17.19,28162,50344266.00,2.95,0.35,0.06,0.93
2020-11-19,17.25,17.09,17.35,16.82,39061,68651249.00,3.05,-1.50,-0.26,1.29
2020-11-20,17.22,17.23,17.32,16.73,33781,59026627.00,3.45,0.82,0.14,1.12
2020-11-23,16.70,15.46,16.70,15.46,91262,147398582.00,7.20,-10.27,-1.77,3.02
2020-11-24,15.13,15.40,15.63,15.04,49621,78896467.00,3.82,-0.39,-0.06,1.64
2020-11-25,15.49,14.98,15.56,14.89,39029,60989079.00,4.35,-2.73,-0.42,1.29
2020-11-26,14.79,14.69,15.02,14.47,34152,51717649.00,3.67,-1.94,-0.29,1.13
2020-11-27,14.85,14.98,15.01,14.45,40733,61879035.00,3.81,1.97,0.29,1.35
2020-11-30,14.98,14.43,14.98,14.43,44942,67855292.00,3.67,-3.67,-0.55,1.49
2020-12-01,14.53,14.85,15.03,14.46,35499,54371829.00,3.95,2.91,0.42,1.18
2020-12-02,14.85,14.73,14.97,14.65,23301,35506539.00,2.15,-0.81,-0.12,0.77
2020-12-03,14.76,14.90,15.10,14.56,24215,37126070.00,3.67,1.15,0.17,0.80
2020-12-04,14.81,15.18,15.39,14.77,26491,41333641.00,4.16,1.88,0.28,0.88
2020-12-07,15.26,15.24,15.49,14.98,27607,43354392.00,3.36,0.40,0.06,0.91
2020-12-08,15.29,15.26,15.59,15.11,31514,49754552.00,3.15,0.13,0.02,1.04
2020-12-09,15.24,14.91,15.43,14.85,25520,39630534.00,3.80,-2.29,-0.35,0.84
2020-12-10,14.71,14.73,14.92,14.56,19500,29757441.00,2.41,-1.21,-0.18,0.64
2020-12-11,14.73,14.42,15.05,14.28,33263,49904805.00,5.23,-2.10,-0.31,1.10
2020-12-14,14.42,14.12,14.42,13.98,26871,39162076.00,3.05,-2.08,-0.30,0.89
2020-12-15,13.93,13.99,14.30,13.85,46861,68006339.00,3.19,-0.92,-0.13,1.55
2020-12-16,14.13,13.78,14.20,13.74,30047,43249139.00,3.29,-1.50,-0.21,0.99
2020-12-17,13.98,13.70,13.98,13.63,42223,59942085.00,2.54,-0.58,-0.08,1.40
2020-12-18,13.66,13.20,13.80,13.17,39788,55306658.00,4.60,-3.65,-0.50,1.32
2020-12-21,13.20,13.31,13.40,13.06,31195,42825578.00,2.58,0.83,0.11,1.03
2020-12-22,13.27,12.92,13.53,12.88,34580,47198639.00,4.88,-2.93,-0.39,1.14
2020-12-23,12.86,12.88,13.08,12.69,30597,40826861.00,3.02,-0.31,-0.04,1.01
2020-12-24,12.97,12.61,12.99,12.33,35601,46568285.00,5.12,-2.10,-0.27,1.18
2020-12-25,12.66,12.80,13.23,12.34,38097,50680207.00,7.06,1.51,0.19,1.26
2020-12-28,12.74,12.66,13.23,12.65,37876,50525758.00,4.53,-1.09,-0.14,1.25
2020-12-29,12.66,12.65,12.90,12.47,30931,40573716.00,3.40,-0.08,-0.01,1.02
2020-12-30,12.53,12.59,12.73,12.48,20182,26403018.00,1.98,-0.47,-0.06,0.67
2020-12-31,12.51,12.81,13.02,12.46,31378,41431510.00,4.45,1.75,0.22,1.04