2010-01-04,1.33,1.32,1.37,1.26,85477,113332123.00,8.46,1.54,0.02,2.72
2010-01-05,1.34,1.40,1.44,1.29,130378,175278391.00,11.36,6.06,0.08,4.16
2010-01-06,1.39,1.30,1.39,1.29,99811,132869940.00,7.14,-7.14,-0.10,3.18
2010-01-07,1.29,1.22,1.32,1.19,98430,127582651.00,10.00,-6.15,-0.08,3.14
2010-01-08,1.18,1.25,1.25,1.18,48314,62170841.00,5.74,2.46,0.03,1.54
2010-01-11,1.25,1.23,1.29,1.20,52951,68233761.00,7.20,-1.60,-0.02,1.69
2010-01-12,1.21,1.35,1.35,1.20,108410,143439327.00,12.20,9.76,0.12,3.46
2010-01-13,1.29,1.28,1.37,1.27,86490,114332080.00,7.41,-5.19,-0.07,2.76
2010-01-14,1.28,1.41,1.41,1.28,153469,206587983.00,10.16,10.16,0.13,4.89
2010-01-15,1.41,1.38,1.44,1.34,94083,127434429.00,7.09,-2.13,-0.03,3.00
2010-01-18,1.38,1.46,1.50,1.33,163968,224978949.00,12.32,5.80,0.08,5.23
2010-01-19,1.48,1.59,1.67,1.40,235897,336056636.00,18.49,8.90,0.13,7.52
2010-01-20,1.56,1.36,1.61,1.32,162353,225315609.00,18.24,-14.47,-0.23,5.18
2010-01-21,1.37,1.38,1.44,1.35,78582,106402428.00,6.62,1.47,0.02,2.50
2010-01-22,1.33,1.28,1.37,1.17,113050,147576428.00,14.49,-7.25,-0.10,3.60
2010-01-25,1.24,1.22,1.28,1.19,58135,75061314.00,7.03,-4.69,-0.06,1.85
2010-01-26,1.22,1.15,1.25,1.10,62373,79044336.00,12.30,-5.74,-0.07,1.99
2010-01-27,1.16,1.16,1.20,1.11,52752,66451258.00,7.83,0.87,0.01,1.68
2010-01-28,1.16,1.21,1.22,1.13,55260,70132028.00,7.76,4.31,0.05,1.76
2010-01-29,1.17,1.21,1.26,1.16,57682,74104818.00,8.26,0.00,0.00,1.84
2010-02-01,1.21,1.31,1.31,1.16,101777,132557252.00,12.40,8.26,0.10,3.24
2010-02-02,1.31,1.24,1.35,1.23,58237,76459363.00,9.16,-5.34,-0.07,1.86
2010-02-03,1.24,1.22,1.26,1.11,64168,81280995.00,12.10,-1.61,-0.02,2.05
2010-02-04,1.18,1.30,1.34,1.16,79644,104214592.00,14.75,6.56,0.08,2.54
2010-02-05,1.21,1.20,1.28,1.15,70037,89609137.00,10.00,-7.69,-0.10,2.23
2010-02-08,1.19,1.16,1.21,1.12,45152,56778008.00,7.50,-3.33,-0.04,1.44
2010-02-09,1.14,1.17,1.18,1.12,23146,29131172.00,5.17,0.86,0.01,0.74
2010-02-10,1.18,1.21,1.22,1.16,28834,36694090.00,5.13,3.42,0.04,0.92
2010-02-11,1.22,1.16,1.22,1.15,45024,57119504.00,5.79,-4.13,-0.05,1.44
2010-02-12,1.17,1.21,1.22,1.16,28612,36517849.00,5.17,4.31,0.05,0.91
2010-02-22,1.21,1.24,1.27,1.20,43306,55974832.00,5.79,2.48,0.03,1.38
2010-02-23,1.23,1.29,1.29,1.18,39411,50897113.00,8.87,4.03,0.05,1.26
2010-02-24,1.26,1.33,1.35,1.26,70784,93647166.00,6.98,3.10,0.04,2.26
2010-02-25,1.33,1.35,1.38,1.31,81470,108897475.00,5.26,1.50,0.02,2.60
2010-02-26,1.34,1.37,1.38,1.32,74000,99310118.00,4.44,1.48,0.02,2.36
2010-03-01,1.38,1.34,1.40,1.33,83534,112137268.00,5.11,-2.19,-0.03,2.66
2010-03-02,1.35,1.43,1.46,1.31,152771,207335849.00,11.19,6.72,0.09,4.87
2010-03-03,1.43,1.42,1.44,1.38,77989,106196054.00,4.20,-0.70,-0.01,2.49
2010-03-04,1.44,1.21,1.45,1.21,170967,227212260.00,16.90,-14.79,-0.21,5.45
2010-03-05,1.24,1.23,1.26,1.19,78413,101140787.00,5.79,1.65,0.02,2.50
2010-03-08,1.25,1.30,1.31,1.21,87536,114521383.00,8.13,5.69,0.07,2.79
2010-03-09,1.34,1.35,1.43,1.31,120664,162040191.00,9.23,3.85,0.05,3.85
2010-03-10,1.34,1.27,1.37,1.25,57195,75308663.00,8.89,-5.93,-0.08,1.82
2010-03-11,1.27,1.22,1.29,1.20,56169,72517498.00,7.09,-3.94,-0.05,1.79
2010-03-12,1.23,1.21,1.27,1.18,46300,59428320.00,7.38,-0.82,-0.01,1.48
2010-03-15,1.21,1.18,1.22,1.15,40746,51577060.00,5.79,-2.48,-0.03,1.30
2010-03-16,1.18,1.21,1.21,1.17,27026,34430415.00,3.39,2.54,0.03,0.86
2010-03-17,1.21,1.28,1.28,1.20,41961,54378216.00,6.61,5.79,0.07,1.34
2010-03-18,1.26,1.27,1.31,1.26,45908,60063820.00,3.91,-0.78,-0.01,1.46
2010-03-19,1.27,1.31,1.31,1.26,46847,61462366.00,3.94,3.15,0.04,1.49
2010-03-22,1.31,1.27,1.32,1.23,69915,91263206.00,6.87,-3.05,-0.04,2.23
2010-03-23,1.26,1.24,1.30,1.23,44183,57617141.00,5.51,-2.36,-0.03,1.41
2010-03-24,1.24,1.34,1.38,1.24,131742,175369747.00,11.29,8.06,0.10,4.20
2010-03-25,1.34,1.32,1.36,1.28,82539,109409230.00,5.97,-1.49,-0.02,2.63
2010-03-26,1.32,1.46,1.55,1.31,244795,335948698.00,18.18,10.61,0.14,7.80
2010-03-29,1.43,1.46,1.50,1.40,163812,225806207.00,6.85,0.00,0.00,5.22
2010-03-30,1.44,1.46,1.53,1.44,149507,207984537.00,6.16,0.00,0.00,4.77
2010-03-31,1.46,1.46,1.52,1.43,112054,155035124.00,6.16,0.00,0.00,3.57
2010-04-01,1.45,1.52,1.57,1.44,153357,215784872.00,8.90,4.11,0.06,4.89
2010-04-02,1.52,1.49,1.53,1.47,98719,137759573.00,3.95,-1.97,-0.03,3.15
2010-04-06,1.50,1.48,1.52,1.43,93511,129270414.00,6.04,-0.67,-0.01,2.98
2010-04-07,1.48,1.55,1.56,1.48,112469,157916177.00,5.41,4.73,0.07,3.58
2010-04-08,1.56,1.73,1.79,1.53,431974,638713285.00,16.77,11.61,0.18,13.77
2010-04-09,1.72,1.83,1.97,1.69,338472,522512861.00,16.18,5.78,0.10,10.79
2010-04-12,1.85,1.88,1.96,1.82,199726,310862659.00,7.65,2.73,0.05,6.37
2010-04-13,1.85,1.81,2.01,1.72,244822,375859976.00,15.43,-3.72,-0.07,7.80
2010-04-14,1.82,2.00,2.01,1.82,187716,296074993.00,10.50,10.50,0.19,5.98
2010-04-15,1.92,1.75,1.96,1.74,259623,398601811.00,11.00,-12.50,-0.25,8.28
2010-04-16,1.75,1.77,1.88,1.75,130611,199630782.00,7.43,1.14,0.02,4.16
2010-04-19,1.74,1.67,1.86,1.63,195781,293786784.00,12.99,-5.65,-0.10,6.24
2010-04-20,1.66,1.86,1.89,1.66,197370,299984287.00,13.77,11.38,0.19,6.29
2010-04-21,1.89,2.00,2.05,1.87,233916,374623667.00,9.68,7.53,0.14,7.46
2010-04-22,2.00,1.99,2.11,1.95,197470,317663222.00,8.00,-0.50,-0.01,6.29
2010-04-23,1.97,1.86,2.01,1.85,187155,292657813.00,8.04,-6.53,-0.13,5.97
2010-04-26,1.86,2.00,2.03,1.86,153618,244250336.00,9.14,7.53,0.14,4.90
2010-04-27,2.00,2.02,2.07,1.88,150803,239712571.00,9.50,1.00,0.02,4.81
2010-04-28,1.98,2.07,2.11,1.95,177495,288574721.00,7.92,2.48,0.05,5.66
2010-04-29,2.07,1.80,2.11,1.77,173564,273613216.00,16.43,-13.04,-0.27,5.53
2010-04-30,1.78,1.63,1.79,1.53,166105,241717102.00,14.44,-9.44,-0.17,5.29
2010-05-04,1.62,1.69,1.73,1.58,86000,126590866.00,9.20,3.68,0.06,2.74
2010-05-05,1.63,1.79,1.80,1.60,103236,153389239.00,11.83,5.92,0.10,3.29
2010-05-06,1.77,1.61,1.81,1.57,122185,180814116.00,13.41,-10.06,-0.18,3.89
2010-05-07,1.51,1.56,1.65,1.45,103801,147870145.00,12.42,-3.11,-0.05,3.31
2010-05-10,1.59,1.41,1.60,1.32,111814,153518974.00,17.95,-9.62,-0.15,3.56
2010-05-11,1.49,1.33,1.50,1.31,75394,102326649.00,13.48,-5.67,-0.08,2.40
2010-05-12,1.28,1.27,1.38,1.24,67007,88198433.00,10.53,-4.51,-0.06,2.14
2010-05-13,1.30,1.42,1.43,1.28,80456,107876849.00,11.81,11.81,0.15,2.56
2010-05-14,1.39,1.41,1.47,1.37,75666,103251918.00,7.04,-0.70,-0.01,2.41
2010-05-17,1.36,1.27,1.37,1.26,70668,93202113.00,7.80,-9.93,-0.14,2.25
2010-05-18,1.28,1.15,1.32,1.04,126579,159659393.00,22.05,-9.45,-0.12,4.03
2010-05-19,1.15,1.13,1.19,1.06,56665,70772688.00,11.30,-1.74,-0.02,1.81
2010-05-20,1.09,1.01,1.18,1.00,78577,96582592.00,15.93,-10.62,-0.12,2.50
2010-05-21,0.89,1.04,1.04,0.85,95754,112520139.00,18.81,2.97,0.03,3.05
2010-05-24,1.06,1.16,1.18,1.05,88566,110601434.00,12.50,11.54,0.12,2.82
2010-05-25,1.11,1.13,1.17,1.07,69915,86912702.00,8.62,-2.59,-0.03,2.23
2010-05-26,1.11,1.14,1.16,1.10,56036,69918496.00,5.31,0.88,0.01,1.79
2010-05-28,1.24,1.24,1.30,1.18,109515,141603815.00,10.53,8.77,0.10,3.49
2010-05-31,1.21,1.21,1.33,1.19,103141,134495960.00,11.29,-2.42,-0.03,3.29
2010-06-01,1.18,1.03,1.20,0.94,122602,148876565.00,21.49,-14.88,-0.18,3.91
2010-06-02,1.01,1.06,1.07,0.95,50843,60867447.00,11.65,2.91,0.03,1.62
2010-06-03,1.09,1.07,1.22,1.07,89673,112738730.00,14.15,0.94,0.01,2.86
2010-06-04,1.06,1.16,1.18,1.05,59456,74181105.00,12.15,8.41,0.09,1.90
2010-06-07,1.10,1.19,1.25,1.08,84225,106937954.00,14.66,2.59,0.03,2.68
2010-06-08,1.18,1.20,1.25,1.15,71425,91329097.00,8.40,0.84,0.01,2.28
2010-06-09,1.22,1.35,1.35,1.21,133247,174392365.00,11.67,12.50,0.15,4.25
2010-06-10,1.35,1.40,1.44,1.32,146501,198913802.00,8.89,3.70,0.05,4.67
2010-06-11,1.45,1.45,1.57,1.42,120501,140666315.00,10.71,3.57,0.05,3.20
2010-06-17,1.44,1.32,1.49,1.31,144278,163305156.00,12.41,-8.97,-0.13,3.83
2010-06-18,1.30,1.16,1.30,1.13,96922,103737976.00,12.88,-12.12,-0.16,2.57
2010-06-21,1.16,1.18,1.23,1.04,82735,85823808.00,16.38,1.72,0.02,2.20
2010-06-22,1.17,1.18,1.23,1.13,42679,45306770.00,8.47,0.00,0.00,1.13
2010-06-23,1.16,1.22,1.23,1.14,55118,58370057.00,7.63,3.39,0.04,1.46
2010-06-24,1.23,1.29,1.32,1.20,98617,107966406.00,9.84,5.74,0.07,2.62
2010-06-25,1.30,1.29,1.39,1.25,94964,104493955.00,10.85,0.00,0.00,2.52
2010-06-28,1.29,1.14,1.30,1.13,59318,62921172.00,13.18,-11.63,-0.15,1.58
2010-06-29,1.13,0.96,1.17,0.88,126601,125407283.00,25.44,-15.79,-0.18,3.36
2010-06-30,0.94,1.02,1.05,0.88,63175,62116418.00,17.71,6.25,0.06,1.68
2010-07-01,1.00,0.93,1.03,0.85,82175,80051015.00,17.65,-8.82,-0.09,2.18
2010-07-02,0.92,0.80,0.93,0.67,105164,96603386.00,27.96,-13.98,-0.13,2.79
2010-07-05,0.76,0.77,0.79,0.66,28358,25882632.00,16.25,-3.75,-0.03,0.75
2010-07-06,0.77,0.84,0.87,0.74,44071,41369453.00,16.88,9.09,0.07,1.17
2010-07-07,0.86,0.90,0.92,0.78,44779,42284325.00,16.67,7.14,0.06,1.19
2010-07-08,0.91,0.87,0.91,0.82,41102,39022115.00,10.00,-3.33,-0.03,1.09
2010-07-09,0.86,0.95,0.98,0.82,66832,64766305.00,18.39,9.20,0.08,1.78
2010-07-12,0.95,1.00,1.03,0.93,54493,54216245.00,10.53,5.26,0.05,1.45
2010-07-13,0.98,1.00,1.03,0.95,90401,89860185.00,8.00,0.00,0.00,2.40
2010-07-14,1.00,0.98,1.06,0.95,52610,52548491.00,11.00,-2.00,-0.02,1.40
2010-07-15,0.98,0.88,0.98,0.87,57162,55421935.00,11.22,-10.20,-0.10,1.52
2010-07-16,0.84,0.86,0.87,0.80,35641,33449049.00,7.95,-2.27,-0.02,0.95
2010-07-19,0.84,0.95,0.95,0.82,56882,54531888.00,15.12,10.47,0.09,1.51
2010-07-20,0.97,1.06,1.10,0.96,127596,128308104.00,14.74,11.58,0.11,3.39
2010-07-21,1.05,1.03,1.08,1.01,71932,72604505.00,6.60,-2.83,-0.03,1.91
2010-07-22,1.02,1.13,1.13,1.01,95909,98379196.00,11.65,9.71,0.10,2.55
2010-07-23,1.12,1.12,1.17,1.08,97933,101823426.00,7.96,-0.88,-0.01,2.60
2010-07-26,1.12,1.18,1.21,1.11,89456,94124876.00,8.93,5.36,0.06,2.38
2010-07-27,1.18,1.13,1.18,1.12,55644,58177750.00,5.08,-4.24,-0.05,1.48
2010-07-28,1.14,1.19,1.20,1.13,92673,98037321.00,6.19,5.31,0.06,2.46
2010-07-29,1.21,1.16,1.22,1.13,121539,128110375.00,7.56,-2.52,-0.03,3.23
2010-07-30,1.16,1.11,1.16,1.07,97051,100023915.00,7.76,-4.31,-0.05,2.58
2010-08-02,1.10,1.21,1.21,1.07,147548,155559636.00,12.61,9.01,0.10,3.92
2010-08-03,1.21,1.13,1.27,1.13,105520,112408866.00,11.57,-6.61,-0.08,2.80
2010-08-04,1.13,1.17,1.17,1.08,60841,63006334.00,7.96,3.54,0.04,1.62
2010-08-05,1.16,1.27,1.32,1.15,176136,189939597.00,14.53,8.55,0.10,4.68
2010-08-06,1.26,1.36,1.36,1.22,155965,171397686.00,11.02,7.09,0.09,4.14
2010-08-09,1.36,1.43,1.45,1.34,159080,180191598.00,8.09,5.15,0.07,4.23
2010-08-10,1.42,1.34,1.46,1.26,140450,157914107.00,13.99,-6.29,-0.09,3.73
2010-08-11,1.32,1.34,1.42,1.28,83454,92590013.00,10.45,0.00,0.00,2.22
2010-08-12,1.30,1.36,1.42,1.28,109619,122659956.00,10.45,1.49,0.02,2.91
2010-08-13,1.38,1.43,1.44,1.34,103375,117018991.00,7.35,5.15,0.07,2.75
2010-08-17,1.57,1.47,1.57,1.45,213621,248518577.00,8.39,2.80,0.04,5.67
2010-08-18,1.47,1.43,1.47,1.38,167876,191299673.00,6.12,-2.72,-0.04,4.46
2010-08-19,1.40,1.38,1.43,1.31,163429,182985502.00,8.39,-3.50,-0.05,4.34
2010-08-20,1.35,1.25,1.35,1.24,127875,140074065.00,7.97,-9.42,-0.13,3.40
2010-08-23,1.25,1.28,1.32,1.22,63206,69121167.00,8.00,2.40,0.03,1.68
2010-08-24,1.29,1.31,1.32,1.26,67876,74417145.00,4.69,2.34,0.03,1.80
2010-08-25,1.28,1.16,1.31,1.15,108554,116157200.00,12.21,-11.45,-0.15,2.88
2010-08-26,1.17,1.19,1.21,1.13,52153,55066588.00,6.90,2.59,0.03,1.39
2010-08-27,1.19,1.23,1.25,1.18,54198,57886289.00,5.88,3.36,0.04,1.44
2010-08-30,1.26,1.34,1.35,1.24,119710,131161374.00,8.94,8.94,0.11,3.18
2010-08-31,1.33,1.38,1.41,1.31,154180,173563065.00,7.46,2.99,0.04,4.10
2010-09-01,1.39,1.28,1.42,1.23,137428,151683710.00,13.77,-7.25,-0.10,3.65
2010-09-02,1.30,1.46,1.49,1.29,241095,273247672.00,15.63,14.06,0.18,6.40
2010-09-03,1.50,1.53,1.68,1.50,371912,442537838.00,12.33,4.79,0.07,9.88
2010-09-06,1.55,1.50,1.57,1.44,146850,170733495.00,8.50,-1.96,-0.03,3.90
2010-09-07,1.48,1.51,1.51,1.45,86559,100262983.00,4.00,0.67,0.01,2.30
2010-09-08,1.48,1.65,1.67,1.45,238738,286657199.00,14.57,9.27,0.14,6.34
2010-09-09,1.67,1.59,1.78,1.56,265643,324543729.00,13.33,-3.64,-0.06,7.06
2010-09-10,1.56,1.72,1.75,1.55,233793,286002981.00,12.58,8.18,0.13,6.21
2010-09-13,1.73,1.82,1.87,1.68,285124,358358831.00,11.05,5.81,0.10,7.57
2010-09-14,1.78,1.77,1.82,1.74,154214,194185728.00,4.40,-2.75,-0.05,4.10
2010-09-15,1.75,1.65,1.85,1.63,181747,226774609.00,12.43,-6.78,-0.12,4.83
2010-09-16,1.65,1.48,1.69,1.46,178845,210574290.00,13.94,-10.30,-0.17,4.75
2010-09-17,1.50,1.49,1.54,1.45,123276,143610512.00,6.08,0.68,0.01,3.27
2010-09-20,1.52,1.52,1.58,1.48,105463,124180481.00,6.71,2.01,0.03,2.80
2010-09-21,1.56,1.53,1.59,1.49,70464,82937905.00,6.58,0.66,0.01,1.87
2010-09-27,1.55,1.64,1.66,1.52,100211,120124957.00,9.15,7.19,0.11,2.66
2010-09-28,1.63,1.54,1.63,1.49,120727,143135142.00,8.54,-6.10,-0.10,3.21
2010-09-29,1.54,1.41,1.56,1.39,111813,128583968.00,11.04,-8.44,-0.13,2.97
2010-09-30,1.39,1.45,1.45,1.36,73030,83119603.00,6.38,2.84,0.04,1.94
2010-10-08,1.47,1.53,1.57,1.46,94565,110738355.00,7.59,5.52,0.08,2.51
2010-10-11,1.69,1.66,1.79,1.58,316656,386315210.00,13.73,8.50,0.13,8.41
2010-10-12,1.69,1.77,1.82,1.63,274792,343214413.00,11.45,6.63,0.11,7.30
2010-10-13,1.75,1.84,1.86,1.66,281591,355280390.00,11.30,3.95,0.07,7.48
2010-10-14,1.86,1.64,1.87,1.63,254306,315516246.00,13.04,-10.87,-0.20,6.76
2010-10-15,1.63,2.00,2.00,1.62,600609,787620805.00,23.17,21.95,0.36,15.95
2010-10-18,2.01,2.22,2.40,1.92,635824,885166435.00,24.00,11.00,0.22,16.89
2010-10-19,2.16,2.23,2.39,2.13,335779,476638065.00,11.71,0.45,0.01,8.92
2010-10-20,2.15,2.53,2.65,2.15,678252,1033708678.00,22.42,13.45,0.30,18.02
2010-10-21,2.43,2.59,2.70,2.38,484690,734252166.00,12.65,2.37,0.06,12.87
2010-10-22,2.56,2.50,2.62,2.46,269389,407924773.00,6.18,-3.47,-0.09,7.16
2010-10-25,2.49,2.54,2.60,2.40,313899,472820744.00,8.00,1.60,0.04,8.34
2010-10-26,2.54,2.76,2.81,2.44,384354,598725668.00,14.57,8.66,0.22,10.21
2010-10-27,2.76,2.52,2.86,2.49,347431,541127526.00,13.41,-8.70,-0.24,9.23
2010-10-28,2.46,2.45,2.57,2.34,184052,274154301.00,9.13,-2.78,-0.07,4.89
2010-10-29,2.42,2.50,2.63,2.40,159625,242025726.00,9.39,2.04,0.05,4.24
2010-11-01,2.45,2.61,2.71,2.41,221689,340578254.00,12.00,4.40,0.11,5.89
2010-11-02,2.61,2.72,2.90,2.58,324269,517662829.00,12.26,4.21,0.11,8.61
2010-11-03,2.72,2.70,2.82,2.62,196017,309365725.00,7.35,-0.74,-0.02,5.21
2010-11-04,2.68,2.87,2.87,2.60,254951,404615048.00,10.00,6.30,0.17,6.77
2010-11-05,2.87,2.84,3.07,2.78,265023,435767458.00,10.10,-1.05,-0.03,7.04
2010-11-08,2.86,3.05,3.06,2.86,244804,405916853.00,7.04,7.39,0.21,6.50
2010-11-09,2.99,3.55,3.55,2.97,354107,631372317.00,19.02,16.39,0.50,9.41
2010-11-10,3.69,3.58,3.96,3.57,432249,831788345.00,10.99,0.85,0.03,11.48
2010-11-11,3.56,3.44,3.69,3.33,271443,503934644.00,10.06,-3.91,-0.14,7.21
2010-11-12,3.43,3.16,3.64,3.04,340300,605845172.00,17.44,-8.14,-0.28,9.04
2010-11-15,3.31,3.67,3.67,3.19,298789,542348798.00,15.19,16.14,0.51,7.94
2010-11-16,3.67,3.60,3.95,3.35,462045,879703670.00,16.35,-1.91,-0.07,12.27
2010-11-17,3.41,3.04,3.46,3.04,394273,672130534.00,11.67,-15.56,-0.56,10.47
2010-11-18,2.93,2.86,3.01,2.65,325236,525338515.00,11.84,-5.92,-0.18,8.64
2010-11-19,2.89,3.11,3.12,2.81,269833,449945702.00,10.84,8.74,0.25,7.17
2010-11-22,3.05,3.09,3.13,2.91,325858,548718596.00,7.07,-0.64,-0.02,8.66
2010-11-23,3.09,3.02,3.19,2.90,272380,459443150.00,9.39,-2.27,-0.07,7.24
2010-11-24,2.97,3.35,3.49,2.93,374719,657754560.00,18.54,10.93,0.33,9.95
2010-11-25,3.35,3.33,3.48,3.25,296541,531436008.00,6.87,-0.60,-0.02,7.88
2010-11-26,3.30,3.38,3.51,3.27,246692,446630409.00,7.21,1.50,0.05,6.55
2010-11-29,3.38,3.37,3.51,3.32,201912,365900537.00,5.62,-0.30,-0.01,5.36
2010-11-30,3.37,2.98,3.39,2.84,371777,624971787.00,16.32,-11.57,-0.39,9.88
2010-12-01,2.93,2.86,2.93,2.75,152079,246342412.00,6.04,-4.03,-0.12,4.04
2010-12-02,2.97,2.84,2.98,2.80,116653,190107282.00,6.29,-0.70,-0.02,3.10
2010-12-03,2.83,2.71,2.90,2.63,128994,204791304.00,9.51,-4.58,-0.13,3.43
2010-12-06,2.72,2.63,2.76,2.52,111331,171878835.00,8.86,-2.95,-0.08,2.96
2010-12-07,2.87,2.85,2.96,2.75,189771,307806588.00,7.98,8.37,0.22,5.04
2010-12-08,2.78,2.85,2.97,2.76,124688,203686694.00,7.37,0.00,0.00,3.31
2010-12-09,2.83,2.75,2.93,2.74,99676,161123878.00,6.67,-3.51,-0.10,2.65
2010-12-10,2.66,2.80,2.84,2.63,80416,128030422.00,7.64,1.82,0.05,2.14
2010-12-13,2.82,2.94,2.97,2.82,122215,200854518.00,5.36,5.00,0.14,3.25
2010-12-14,2.95,2.97,3.02,2.91,107491,178788592.00,3.74,1.02,0.03,2.86
2010-12-15,2.94,2.89,2.97,2.87,107119,176078181.00,3.37,-2.69,-0.08,2.85
2010-12-16,2.88,2.87,2.94,2.84,69886,114276355.00,3.46,-0.69,-0.02,1.86
2010-12-17,2.88,2.94,3.01,2.88,102693,169698646.00,4.53,2.44,0.07,2.73
2010-12-20,2.95,2.79,2.97,2.62,139444,223056634.00,11.90,-5.10,-0.15,3.70
2010-12-21,2.80,2.84,2.84,2.70,76635,122649539.00,5.02,1.79,0.05,2.04
2010-12-22,2.85,2.76,2.85,2.75,65194,104066135.00,3.52,-2.82,-0.08,1.73
2010-12-23,2.72,2.64,2.75,2.63,71149,111703076.00,4.35,-4.35,-0.12,1.89
2010-12-27,2.62,2.34,2.67,2.30,119378,180063306.00,14.02,-11.36,-0.30,3.17
2010-12-28,2.34,2.19,2.34,2.16,86158,121766845.00,7.69,-6.41,-0.15,2.29
2010-12-29,2.20,2.35,2.35,2.13,113374,161315570.00,10.05,7.31,0.16,3.01
2010-12-30,2.30,2.27,2.35,2.25,93966,134739824.00,4.26,-3.40,-0.08,2.50
2010-12-31,2.29,2.35,2.36,2.25,92215,132621425.00,4.85,3.52,0.08,2.45