2023-01-03,3.56,3.66,3.67,3.55,105116,38152620.00,3.38,3.10,0.11,0.98
2023-01-04,3.65,3.66,3.68,3.62,73930,27022834.00,1.64,0.00,0.00,0.69
2023-01-05,3.66,3.64,3.67,3.62,51689,18817719.00,1.37,-0.55,-0.02,0.48
2023-01-06,3.66,3.63,3.68,3.61,81162,29561768.00,1.92,-0.27,-0.01,0.76
2023-01-09,3.63,3.68,3.70,3.62,118261,43356057.00,2.20,1.38,0.05,1.10
2023-01-10,3.68,3.62,3.68,3.61,76666,27859352.00,1.90,-1.63,-0.06,0.72
2023-01-11,3.62,3.56,3.63,3.55,71427,25654133.00,2.21,-1.66,-0.06,0.67
2023-01-12,3.56,3.58,3.61,3.55,62251,22283973.00,1.69,0.56,0.02,0.58
2023-01-13,3.59,3.57,3.60,3.54,56074,19970517.00,1.68,-0.28,-0.01,0.52
2023-01-16,3.57,3.63,3.64,3.57,74890,27078834.00,1.96,1.68,0.06,0.70
2023-01-17,3.64,3.61,3.64,3.59,45291,16338326.00,1.38,-0.55,-0.02,0.42
2023-01-18,3.62,3.62,3.64,3.60,81489,29487639.00,1.11,0.28,0.01,0.76
2023-01-19,3.62,3.65,3.66,3.60,72967,26518888.00,1.66,0.83,0.03,0.68
2023-01-20,3.68,3.69,3.70,3.65,78897,29002961.00,1.37,1.10,0.04,0.74
2023-01-30,3.66,3.71,3.73,3.65,233470,86355421.00,2.17,0.54,0.02,2.18
2023-01-31,3.71,3.74,3.75,3.69,148199,55266484.00,1.62,0.81,0.03,1.38
2023-02-01,3.75,3.78,3.79,3.72,176741,66416000.00,1.87,1.07,0.04,1.65
2023-02-02,3.78,3.76,3.79,3.75,140073,52840538.97,1.06,-0.53,-0.02,1.31