2014-01-02,2.83,2.87,2.88,2.81,9701,7473496.00,2.46,0.70,0.02,0.56
2014-01-03,2.88,2.82,2.88,2.81,10904,8326603.00,2.44,-1.74,-0.05,0.63
2014-01-06,2.83,2.73,2.83,2.73,9227,6876968.00,3.55,-3.19,-0.09,0.53
2014-01-07,2.71,2.72,2.74,2.69,6861,5061450.00,1.83,-0.37,-0.01,0.40
2014-01-08,2.73,2.66,2.74,2.65,13878,10140202.00,3.31,-2.21,-0.06,0.80
2014-01-09,2.64,2.56,2.68,2.54,13164,9385030.00,5.26,-3.76,-0.10,0.76
2014-01-10,2.57,2.55,2.59,2.54,7067,4921979.00,1.95,-0.39,-0.01,0.41
2014-01-13,2.56,2.56,2.58,2.50,9941,6888341.00,3.14,0.39,0.01,0.57
2014-01-14,2.57,2.64,2.66,2.55,8284,5886322.00,4.30,3.13,0.08,0.48
2014-01-15,2.64,2.63,2.65,2.59,6162,4387912.00,2.27,-0.38,-0.01,0.36
2014-01-16,2.63,2.61,2.65,2.60,6194,4427407.00,1.90,-0.76,-0.02,0.36
2014-01-17,2.63,2.59,2.63,2.57,7522,5307681.00,2.30,-0.77,-0.02,0.43
2014-01-20,2.57,2.60,2.60,2.56,9423,6625128.00,1.54,0.39,0.01,0.54
2014-01-21,2.58,2.63,2.63,2.58,5985,4257415.00,1.92,1.15,0.03,0.35
2014-01-22,2.63,2.68,2.68,2.61,9453,6823715.00,2.66,1.90,0.05,0.55
2014-01-23,2.68,2.67,2.69,2.65,8520,6180446.00,1.49,-0.37,-0.01,0.49
2014-01-24,2.65,2.71,2.73,2.65,11793,8648950.00,3.00,1.50,0.04,0.68
2014-01-27,2.70,2.67,2.72,2.66,10032,7332814.00,2.21,-1.48,-0.04,0.58
2014-01-28,2.68,2.69,2.71,2.67,7977,5816375.00,1.50,0.75,0.02,0.46
2014-01-29,2.69,2.71,2.72,2.67,6436,4719630.00,1.86,0.74,0.02,0.37
2014-01-30,2.71,2.75,2.75,2.69,8019,5921296.00,2.21,1.48,0.04,0.46
2014-02-07,2.72,2.78,2.84,2.71,8360,6253310.00,4.73,1.09,0.03,0.48
2014-02-10,2.77,2.84,2.85,2.77,17001,12967170.00,2.88,2.16,0.06,0.98
2014-02-11,2.84,2.84,2.88,2.82,13765,10617351.00,2.11,0.00,0.00,0.79
2014-02-12,2.84,2.87,2.87,2.83,14566,11244837.00,1.41,1.06,0.03,0.84
2014-02-13,2.87,2.81,2.87,2.79,17279,13248944.00,2.79,-2.09,-0.06,1.00
2014-02-14,2.82,2.86,2.86,2.80,14522,11144398.00,2.14,1.78,0.05,0.84
2014-02-17,2.87,2.92,2.93,2.86,19889,15540434.00,2.45,2.10,0.06,1.15
2014-02-18,2.92,2.92,2.94,2.89,16018,12593382.00,1.71,0.00,0.00,0.92
2014-02-19,2.92,2.92,2.97,2.89,17982,14139346.00,2.74,0.00,0.00,1.04
2014-02-20,2.92,2.85,2.94,2.85,18599,14456590.00,3.08,-2.40,-0.07,1.07
2014-02-21,2.85,2.84,2.86,2.78,16117,12297951.00,2.81,-0.35,-0.01,0.93
2014-02-24,2.83,2.85,2.85,2.79,12218,9310255.00,2.11,0.35,0.01,0.70
2014-02-25,2.84,2.75,2.89,2.73,19281,14749963.00,5.61,-3.51,-0.10,1.11
2014-02-26,2.75,2.77,2.78,2.69,9666,7194963.00,3.27,0.73,0.02,0.56
2014-02-27,2.77,2.76,2.83,2.73,11590,8716157.00,3.61,-0.36,-0.01,0.67
2014-02-28,2.71,2.81,2.83,2.68,26332,19582784.00,5.43,1.81,0.05,1.52
2014-03-03,2.80,2.93,2.94,2.75,42443,32822254.00,6.76,4.27,0.12,2.45
2014-03-04,2.94,3.06,3.20,2.93,93879,77565907.00,9.22,4.44,0.13,5.41
2014-03-05,3.03,2.95,3.03,2.94,49111,39337683.00,2.94,-3.59,-0.11,2.83
2014-03-06,2.94,2.98,3.06,2.94,46283,37511638.00,4.07,1.02,0.03,2.67
2014-03-07,2.93,2.92,2.98,2.89,29818,23509033.00,3.02,-2.01,-0.06,1.72
2014-03-10,2.91,2.84,2.93,2.82,25373,19764440.00,3.77,-2.74,-0.08,1.46
2014-03-11,2.82,2.93,2.95,2.82,24549,19112701.00,4.58,3.17,0.09,1.42
2014-03-12,2.93,2.85,2.94,2.77,23532,18268385.00,5.80,-2.73,-0.08,1.36
2014-03-13,2.85,2.89,2.89,2.81,18399,14228000.00,2.81,1.40,0.04,1.06
2014-03-14,2.87,2.85,2.92,2.80,18113,13968835.00,4.15,-1.38,-0.04,1.04
2014-03-17,2.85,2.93,2.94,2.84,21076,16479628.00,3.51,2.81,0.08,1.22
2014-03-18,2.94,2.98,3.00,2.90,30192,23950638.00,3.41,1.71,0.05,1.74
2014-03-19,2.95,2.99,3.00,2.91,24999,19919266.00,3.02,0.34,0.01,1.44
2014-03-20,2.99,2.90,3.02,2.90,21854,17443859.00,4.01,-3.01,-0.09,1.26
2014-03-21,2.93,3.07,3.08,2.90,63810,52162418.00,6.21,5.86,0.17,3.68
2014-03-24,3.05,3.07,3.10,3.02,38006,31293197.00,2.61,0.00,0.00,2.19
2014-03-25,3.07,3.09,3.15,3.03,41217,34235323.00,3.91,0.65,0.02,2.38
2014-03-26,3.08,3.03,3.09,3.00,23839,19437447.00,2.91,-1.94,-0.06,1.37
2014-03-27,3.01,3.00,3.05,2.97,23707,19228556.00,2.64,-0.99,-0.03,1.37
2014-03-28,2.99,3.01,3.02,2.97,26832,21663883.00,1.67,0.33,0.01,1.55
2014-03-31,3.00,2.92,3.01,2.87,23143,18307178.00,4.65,-2.99,-0.09,1.33
2014-04-01,2.92,2.97,2.97,2.89,23745,18794953.00,2.74,1.71,0.05,1.37
2014-04-02,2.97,2.94,2.99,2.93,16158,12866633.00,2.02,-1.01,-0.03,0.93
2014-04-03,2.94,3.07,3.09,2.93,50729,41359218.00,5.44,4.42,0.13,2.92
2014-04-04,3.05,3.07,3.09,3.03,25225,20768352.00,1.95,0.00,0.00,1.45
2014-04-08,3.06,3.11,3.11,3.04,40063,33184507.00,2.28,1.30,0.04,2.31
2014-04-09,3.10,3.09,3.11,3.05,25497,21085351.00,1.93,-0.64,-0.02,1.47
2014-04-10,3.09,3.05,3.09,3.04,28970,23815776.00,1.62,-1.29,-0.04,1.67
2014-04-11,3.03,3.14,3.16,3.02,50544,42271759.00,4.59,2.95,0.09,2.91
2014-04-14,3.12,3.14,3.15,3.09,30361,25406217.00,1.91,0.00,0.00,1.75
2014-04-15,3.14,3.08,3.14,3.07,29364,24401229.00,2.23,-1.91,-0.06,1.69
2014-04-16,3.08,3.17,3.19,3.08,42989,36226524.00,3.57,2.92,0.09,2.48
2014-04-17,3.16,3.07,3.18,3.07,35513,29840829.00,3.47,-3.15,-0.10,2.05
2014-04-18,3.07,3.08,3.11,3.04,18147,14998976.00,2.28,0.33,0.01,1.05
2014-04-21,3.04,3.01,3.11,3.00,20298,16663712.00,3.57,-2.27,-0.07,1.17
2014-04-22,3.01,2.97,3.04,2.93,24581,19685690.00,3.65,-1.33,-0.04,1.42
2014-04-23,2.97,2.99,3.03,2.95,12278,9890217.00,2.69,0.67,0.02,0.71
2014-04-24,2.99,2.98,3.01,2.95,11761,9443078.00,2.01,-0.33,-0.01,0.68
2014-04-25,3.00,2.92,3.02,2.91,16892,13524908.00,3.69,-2.01,-0.06,0.97
2014-04-28,2.93,2.82,2.97,2.80,16825,13080716.00,5.82,-3.42,-0.10,0.97
2014-04-29,2.87,2.87,2.88,2.82,9552,7357337.00,2.13,1.77,0.05,0.55
2014-04-30,2.86,3.05,3.06,2.86,47643,38677691.00,6.97,6.27,0.18,2.75
2014-05-05,2.99,3.01,3.04,2.97,24122,19484146.00,2.30,-1.31,-0.04,1.39
2014-05-06,3.01,3.07,3.11,2.99,37198,30565883.00,3.99,1.99,0.06,2.14
2014-05-07,3.06,3.07,3.15,3.03,43014,35802245.00,3.91,0.00,0.00,2.48
2014-05-08,3.06,3.06,3.15,3.03,30010,24945223.00,3.91,-0.33,-0.01,1.73
2014-05-09,3.05,3.16,3.31,3.03,80991,68648266.00,9.15,3.27,0.10,4.67
2014-05-12,3.17,3.23,3.28,3.11,68077,58333353.00,5.38,2.22,0.07,3.93
2014-05-13,3.22,3.18,3.22,3.14,38546,32819634.00,2.48,-1.55,-0.05,2.22
2014-05-14,3.16,3.12,3.19,3.11,33992,28668690.00,2.52,-1.89,-0.06,1.96
2014-05-15,3.12,3.09,3.16,3.04,37634,31146812.00,3.85,-0.96,-0.03,2.17
2014-05-16,3.03,3.09,3.09,3.01,18787,15461345.00,2.59,0.00,0.00,1.08
2014-05-19,3.07,3.06,3.08,3.01,13554,11112716.00,2.27,-0.97,-0.03,0.78
2014-05-20,3.09,3.15,3.16,3.06,30851,25819484.00,3.27,2.94,0.09,1.78
2014-05-21,3.15,3.17,3.21,3.12,37325,31721758.00,2.86,0.63,0.02,2.15
2014-05-22,3.17,3.19,3.22,3.15,37808,32262995.00,2.21,0.63,0.02,2.18
2014-05-23,3.17,3.19,3.21,3.13,23106,19495123.00,2.51,0.00,0.00,1.33
2014-05-26,3.21,3.19,3.29,3.18,34677,29817785.00,3.45,0.00,0.00,2.00
2014-05-27,3.21,3.27,3.28,3.15,43842,37712064.00,4.08,2.51,0.08,2.53
2014-05-28,3.23,3.25,3.27,3.20,25764,22220191.00,2.14,-0.61,-0.02,1.49
2014-05-29,3.25,3.13,3.25,3.12,26060,22152594.00,4.00,-3.69,-0.12,1.50
2014-05-30,3.12,3.10,3.14,3.07,26412,21889759.00,2.24,-0.96,-0.03,1.52
2014-06-03,3.10,3.07,3.14,3.06,22461,18597314.00,2.58,-0.97,-0.03,1.30
2014-06-04,3.06,3.03,3.07,2.99,25095,20266236.00,2.61,-1.30,-0.04,1.45
2014-06-05,3.03,3.10,3.11,3.02,18055,14829666.00,2.97,2.31,0.07,1.04
2014-06-06,3.10,3.11,3.12,3.05,15167,12495332.00,2.26,0.32,0.01,0.87
2014-06-09,3.09,3.07,3.11,3.06,10588,8736477.00,1.61,-1.29,-0.04,0.61
2014-06-10,3.06,3.14,3.14,3.04,18923,15676111.00,3.26,2.28,0.07,1.09
2014-06-11,3.12,3.17,3.19,3.11,22607,19005902.00,2.55,0.96,0.03,1.30
2014-06-12,3.16,3.16,3.19,3.14,17691,14913739.00,1.58,-0.32,-0.01,1.02
2014-06-13,3.15,3.19,3.22,3.13,23150,19660896.00,2.85,0.95,0.03,1.33
2014-06-16,3.20,3.19,3.21,3.17,19401,16435188.00,1.25,0.00,0.00,1.12
2014-06-17,3.18,3.11,3.19,3.10,25336,21162626.00,2.82,-2.51,-0.08,1.46
2014-06-18,3.11,3.09,3.12,3.07,12599,10425496.00,1.61,-0.64,-0.02,0.73
2014-06-19,3.09,2.99,3.10,2.98,19545,15870179.00,3.88,-3.24,-0.10,1.13
2014-06-20,2.99,2.99,3.04,2.98,13184,10580384.00,2.01,0.00,0.00,0.76
2014-06-23,3.01,3.05,3.05,3.00,9700,7863392.00,1.67,2.01,0.06,0.56
2014-06-24,3.04,3.06,3.08,3.02,13155,10744898.00,1.97,0.33,0.01,0.76
2014-06-25,3.08,3.03,3.08,3.01,11244,9135142.00,2.29,-0.98,-0.03,0.65
2014-06-26,3.05,3.08,3.11,3.04,14403,11834553.00,2.31,1.65,0.05,0.83
2014-06-27,3.09,3.09,3.11,3.07,19485,16101218.00,1.30,0.32,0.01,1.12
2014-06-30,3.12,3.16,3.20,3.11,37630,31704172.00,2.91,2.27,0.07,2.17
2014-07-01,3.16,3.17,3.22,3.15,29640,25159066.00,2.22,0.32,0.01,1.71
2014-07-02,3.17,3.22,3.25,3.17,38396,32912996.00,2.52,1.58,0.05,2.21
2014-07-03,3.22,3.21,3.24,3.20,24884,21327828.00,1.24,-0.31,-0.01,1.43
2014-07-04,3.21,3.36,3.39,3.20,76815,68109630.00,5.92,4.67,0.15,4.43
2014-07-07,3.59,3.60,3.71,3.48,180552,170386588.00,6.85,7.14,0.24,10.41
2014-07-08,3.63,3.81,3.94,3.53,161457,160075774.00,11.39,5.83,0.21,9.31
2014-07-09,3.75,3.73,4.05,3.69,151705,154161240.00,9.45,-2.10,-0.08,8.75
2014-07-10,3.67,3.75,3.91,3.67,80017,80116027.00,6.43,0.54,0.02,4.61
2014-07-11,3.69,3.81,3.86,3.68,62552,62067943.00,4.80,1.60,0.06,3.61
2014-07-14,3.80,3.78,3.82,3.69,49423,49061868.00,3.41,-0.79,-0.03,2.85
2014-07-15,3.77,3.87,3.95,3.77,69169,70374018.00,4.76,2.38,0.09,3.99
2014-07-16,3.87,3.73,3.93,3.71,55266,55275246.00,5.68,-3.62,-0.14,3.19
2014-07-17,3.72,3.63,3.77,3.57,50551,48581187.00,5.36,-2.68,-0.10,2.91
2014-07-18,3.61,3.62,3.70,3.59,31353,30202886.00,3.03,-0.28,-0.01,1.81
2014-07-21,3.65,3.61,3.69,3.59,26671,25596587.00,2.76,-0.28,-0.01,1.54
2014-07-22,3.61,3.67,3.75,3.61,38157,37010585.00,3.88,1.66,0.06,2.20
2014-07-23,3.70,3.59,3.70,3.59,31421,30278143.00,3.00,-2.18,-0.08,1.81
2014-07-24,3.59,3.63,3.69,3.55,29349,28288603.00,3.90,1.11,0.04,1.69
2014-07-25,3.64,3.72,3.73,3.63,29347,28588752.00,2.75,2.48,0.09,1.69
2014-07-28,3.72,3.73,3.75,3.66,34588,34001299.00,2.42,0.27,0.01,1.99
2014-07-29,3.72,3.81,3.85,3.71,53523,53713182.00,3.75,2.14,0.08,3.09
2014-07-30,3.83,3.83,3.84,3.75,29352,29296149.00,2.36,0.52,0.02,1.69
2014-07-31,3.81,3.80,3.88,3.77,31056,31267476.00,2.87,-0.78,-0.03,1.79
2014-08-01,3.79,3.72,3.79,3.72,34687,34361144.00,1.84,-2.11,-0.08,2.00
2014-08-04,3.71,3.79,3.81,3.70,30542,30366454.00,2.96,1.88,0.07,1.76
2014-08-05,3.79,3.76,3.79,3.72,26506,26208568.00,1.85,-0.79,-0.03,1.53
2014-08-06,3.76,3.80,3.82,3.71,39244,39041993.00,2.93,1.06,0.04,2.26
2014-08-07,3.79,3.80,3.88,3.77,41035,41398214.00,2.89,0.00,0.00,2.37
2014-08-08,3.79,3.90,3.93,3.79,41954,42679487.00,3.68,2.63,0.10,2.42
2014-08-11,3.93,4.19,4.30,3.90,70876,76462915.00,10.26,7.44,0.29,4.09
2014-08-12,4.22,4.19,4.22,4.09,50864,55406964.00,3.10,0.00,0.00,2.93
2014-08-13,4.15,4.14,4.17,4.06,36405,39363045.00,2.63,-1.19,-0.05,2.10
2014-08-14,4.12,4.01,4.23,4.00,38840,42049377.00,5.56,-3.14,-0.13,2.24
2014-08-15,4.03,4.11,4.12,3.96,32819,35186941.00,3.99,2.49,0.10,1.89
2014-08-18,4.13,4.16,4.21,4.10,32125,35128514.00,2.68,1.22,0.05,1.85
2014-08-19,4.17,4.09,4.19,4.07,30593,32983914.00,2.88,-1.68,-0.07,1.76
2014-08-20,4.08,4.09,4.16,4.07,21441,23194897.00,2.20,0.00,0.00,1.24
2014-08-21,4.08,4.04,4.11,3.97,27616,29237512.00,3.42,-1.22,-0.05,1.59
2014-08-22,4.07,4.09,4.09,4.02,20877,22270099.00,1.73,1.24,0.05,1.20
2014-08-25,4.09,4.07,4.16,4.07,24478,26448015.00,2.20,-0.49,-0.02,1.41
2014-08-26,4.04,3.94,4.09,3.93,33932,35653020.00,3.93,-3.19,-0.13,1.96
2014-08-27,3.94,3.95,4.01,3.91,20706,21562586.00,2.54,0.25,0.01,1.19
2014-08-28,3.95,4.01,4.01,3.91,20162,21039284.00,2.53,1.52,0.06,1.16
2014-08-29,4.01,4.10,4.10,3.99,21823,23221553.00,2.74,2.24,0.09,1.26
2014-09-01,4.10,4.13,4.13,4.07,20763,22429535.00,1.46,0.73,0.03,1.20
2014-09-02,4.13,4.19,4.24,4.12,33962,37411705.00,2.91,1.45,0.06,1.96
2014-09-03,4.23,4.26,4.34,4.20,32565,36478592.00,3.34,1.67,0.07,1.88
2014-09-04,4.25,4.42,4.51,4.25,62655,72289064.00,6.10,3.76,0.16,3.61
2014-09-05,4.42,4.40,4.46,4.36,37210,42827341.00,2.26,-0.45,-0.02,2.15
2014-09-09,4.44,4.48,4.52,4.41,34198,39992120.00,2.50,1.82,0.08,1.97
2014-09-10,4.50,4.39,4.50,4.36,31137,35891535.00,3.13,-2.01,-0.09,1.80
2014-09-11,4.39,4.34,4.44,4.31,35978,41195120.00,2.96,-1.14,-0.05,2.07
2014-09-12,4.39,4.65,4.71,4.35,60782,72551024.00,8.29,7.14,0.31,3.50
2014-09-15,4.69,4.63,4.69,4.55,39662,47758093.00,3.01,-0.43,-0.02,2.29
2014-09-16,4.62,4.52,4.65,4.49,51207,61270194.00,3.46,-2.38,-0.11,2.95
2014-09-17,4.49,4.59,4.60,4.49,40677,48391157.00,2.43,1.55,0.07,2.35
2014-09-18,4.59,4.83,4.89,4.57,46095,57370573.00,6.97,5.23,0.24,2.66
2014-09-19,4.83,5.19,5.23,4.79,68372,89298591.00,9.11,7.45,0.36,3.94
2014-09-22,5.11,5.13,5.29,5.03,53374,71567268.00,5.01,-1.16,-0.06,3.08
2014-09-23,5.13,5.23,5.23,5.07,29790,39961761.00,3.12,1.95,0.10,1.72
2014-09-24,5.18,5.30,5.59,5.18,57690,81492328.00,7.84,1.34,0.07,3.33
2014-09-25,5.35,5.24,5.50,5.21,49608,68243673.00,5.47,-1.13,-0.06,2.86
2014-09-26,5.27,5.09,5.29,4.99,42422,56400203.00,5.73,-2.86,-0.15,2.45
2014-09-29,5.11,5.13,5.17,5.03,50525,67270103.00,2.75,0.79,0.04,2.91
2014-09-30,5.16,5.32,5.35,5.13,40681,55391671.00,4.29,3.70,0.19,2.35
2014-10-08,5.33,5.51,5.59,5.27,38658,54916409.00,6.02,3.57,0.19,2.23
2014-10-09,5.53,5.35,5.57,5.27,39162,54674927.00,5.44,-2.90,-0.16,2.26
2014-10-10,5.35,5.21,5.35,5.17,35505,48181646.00,3.36,-2.62,-0.14,2.05
2014-10-13,5.21,5.19,5.21,5.06,21565,28781193.00,2.88,-0.38,-0.02,1.24
2014-10-14,5.19,5.19,5.30,5.11,23505,31860303.00,3.66,0.00,0.00,1.36
2014-10-15,5.21,5.22,5.24,5.09,24433,32858941.00,2.89,0.58,0.03,1.41
2014-10-16,5.21,5.23,5.33,5.13,31002,42361400.00,3.83,0.19,0.01,1.79
2014-10-17,5.16,4.86,5.22,4.83,57234,74158741.00,7.46,-7.07,-0.37,3.30
2014-10-20,4.86,4.91,4.92,4.75,46168,58290425.00,3.50,1.03,0.05,2.66
2014-10-21,4.91,4.91,5.00,4.87,17688,22702376.00,2.65,0.00,0.00,1.02
2014-10-22,4.87,4.69,4.93,4.69,32612,40841783.00,4.89,-4.48,-0.22,1.88
2014-10-23,4.68,4.59,4.71,4.52,28446,34209121.00,4.05,-2.13,-0.10,1.64
2014-10-24,4.59,4.63,4.69,4.59,16795,20431986.00,2.18,0.87,0.04,0.97
2014-10-27,4.63,4.78,4.79,4.59,14996,18517387.00,4.32,3.24,0.15,0.86
2014-10-28,4.82,4.90,4.92,4.75,26863,33926457.00,3.56,2.51,0.12,1.55
2014-10-29,4.90,4.90,5.01,4.89,37580,48364535.00,2.45,0.00,0.00,2.17
2014-10-30,4.91,4.91,4.95,4.86,22323,28558323.00,1.84,0.20,0.01,1.29
2014-10-31,4.88,4.94,5.00,4.88,23656,30442504.00,2.44,0.61,0.03,1.36
2014-11-03,4.95,4.87,4.97,4.86,27483,35184509.00,2.23,-1.42,-0.07,1.58
2014-11-04,4.88,4.89,4.98,4.87,19396,24853569.00,2.26,0.41,0.02,1.12
2014-11-05,4.87,4.93,4.96,4.83,15408,19674342.00,2.66,0.82,0.04,0.89
2014-11-06,4.93,5.18,5.19,4.91,59883,79725619.00,5.68,5.07,0.25,3.45
2014-11-07,5.18,5.11,5.29,5.10,41238,55738586.00,3.67,-1.35,-0.07,2.38
2014-11-10,5.11,5.46,5.47,5.10,73823,102741380.00,7.24,6.85,0.35,4.26
2014-11-11,5.43,5.17,5.44,5.05,55240,75543332.00,7.14,-5.31,-0.29,3.19
2014-11-12,5.17,5.27,5.30,5.09,26727,36248995.00,4.06,1.93,0.10,1.54
2014-11-13,5.25,5.29,5.38,5.12,31590,43263426.00,4.93,0.38,0.02,1.82
2014-11-14,5.29,5.24,5.33,5.19,21617,29566142.00,2.65,-0.95,-0.05,1.25
2014-11-17,5.25,5.31,5.37,5.17,19250,26492339.00,3.82,1.34,0.07,1.11
2014-11-18,5.33,5.37,5.44,5.27,26295,36719452.00,3.20,1.13,0.06,1.52
2014-11-19,5.33,5.34,5.43,5.32,29415,41138758.00,2.05,-0.56,-0.03,1.70
2014-11-20,5.32,5.24,5.35,5.15,31732,42974445.00,3.75,-1.87,-0.10,1.83
2014-11-21,5.25,5.24,5.30,5.17,17610,24012292.00,2.48,0.00,0.00,1.02
2014-11-24,5.31,5.24,5.32,5.19,28162,38343582.00,2.48,0.00,0.00,1.62
2014-11-25,5.24,5.29,5.33,5.24,23824,32706910.00,1.72,0.95,0.05,1.37
2014-11-26,5.28,5.84,5.84,5.25,113745,167223992.00,11.15,10.40,0.55,6.56
2014-11-27,5.79,5.69,5.91,5.64,84229,125407604.00,4.62,-2.57,-0.15,4.86
2014-11-28,5.74,6.17,6.23,5.63,117544,181939377.00,10.54,8.44,0.48,6.78
2014-12-01,6.17,6.50,6.67,6.08,97138,158948520.00,9.56,5.35,0.33,5.60
2014-12-02,6.43,6.45,6.69,6.35,73772,123758754.00,5.23,-0.77,-0.05,4.25
2014-12-03,6.38,6.29,6.51,6.16,64758,105015305.00,5.43,-2.48,-0.16,3.73
2014-12-04,6.19,6.25,6.27,6.09,62792,99986103.00,2.86,-0.64,-0.04,3.62
2014-12-05,6.20,5.88,6.21,5.80,55748,85814579.00,6.56,-5.92,-0.37,3.21
2014-12-08,5.88,5.91,6.13,5.85,38290,59375564.00,4.76,0.51,0.03,2.21
2014-12-09,5.99,5.71,6.21,5.71,55650,86524077.00,8.46,-3.38,-0.20,3.21
2014-12-10,5.60,5.86,5.89,5.47,38053,56393872.00,7.36,2.63,0.15,2.19
2014-12-11,5.83,5.97,5.98,5.74,28932,44162122.00,4.10,1.88,0.11,1.67
2014-12-12,6.06,6.03,6.19,5.92,36755,57345715.00,4.52,1.01,0.06,2.12
2014-12-15,5.97,6.27,6.38,5.82,52343,83065586.00,9.29,3.98,0.24,3.02
2014-12-16,6.22,6.15,6.29,6.11,30914,49405872.00,2.87,-1.91,-0.12,1.78
2014-12-17,6.15,5.98,6.24,5.89,36179,56824217.00,5.69,-2.76,-0.17,2.09
2014-12-18,5.95,5.91,6.06,5.87,22420,34525155.00,3.18,-1.17,-0.07,1.29
2014-12-19,5.87,5.77,5.95,5.67,33098,49498749.00,4.74,-2.37,-0.14,1.91
2014-12-22,5.73,5.39,5.75,5.25,37211,52359467.00,8.67,-6.59,-0.38,2.15
2014-12-23,5.31,5.38,5.49,5.31,17571,24628841.00,3.34,-0.19,-0.01,1.01
2014-12-24,5.39,5.53,5.55,5.35,16339,23167278.00,3.72,2.79,0.15,0.94
2014-12-25,5.59,5.58,5.65,5.50,13239,19152279.00,2.71,0.90,0.05,0.76
2014-12-26,5.59,5.59,5.67,5.54,12890,18673497.00,2.33,0.18,0.01,0.74
2014-12-29,5.59,5.52,5.67,5.38,20936,30029018.00,5.19,-1.25,-0.07,1.21
2014-12-30,5.47,5.20,5.51,5.18,25357,34970356.00,5.98,-5.80,-0.32,1.46
2014-12-31,5.11,5.08,5.19,4.99,24559,32549712.00,3.85,-2.31,-0.12,1.42