2009-01-05,3.09,3.14,3.25,3.04,52146,18609711.00,6.95,3.97,0.12,2.76
2009-01-06,3.13,3.38,3.44,3.10,51386,18754807.00,10.83,7.64,0.24,2.72
2009-01-07,3.34,3.39,3.50,3.31,47896,18270405.00,5.62,0.30,0.01,2.53
2009-01-08,3.27,3.43,3.55,3.21,63858,24655955.00,10.03,1.18,0.04,3.38
2009-01-09,3.46,3.57,3.63,3.40,63768,25149839.00,6.71,4.08,0.14,3.37
2009-01-12,3.55,3.61,3.77,3.51,63479,25577570.00,7.28,1.12,0.04,3.36
2009-01-13,3.55,3.47,3.57,3.38,35181,13596521.00,5.26,-3.88,-0.14,1.86
2009-01-14,3.46,3.59,3.59,3.39,34866,13687347.00,5.76,3.46,0.12,1.84
2009-01-15,3.54,3.62,3.74,3.50,43097,17528748.00,6.69,0.84,0.03,2.28
2009-01-16,3.62,3.62,3.76,3.60,40895,16722954.00,4.42,0.00,0.00,2.16
2009-01-19,3.61,3.60,3.69,3.47,30879,12301583.00,6.08,-0.55,-0.02,1.63
2009-01-20,3.60,3.54,3.61,3.46,18588,7307811.00,4.17,-1.67,-0.06,0.98
2009-01-21,3.48,3.59,3.64,3.47,27880,11126082.00,4.80,1.41,0.05,1.47
2009-01-22,3.62,3.53,3.67,3.49,33345,13185299.00,5.01,-1.67,-0.06,1.76
2009-01-23,3.52,3.47,3.55,3.45,19021,7449992.00,2.83,-1.70,-0.06,1.01
2009-02-02,3.52,3.67,3.67,3.47,33900,13611967.00,5.76,5.76,0.20,1.79
2009-02-03,3.68,3.83,3.91,3.64,62602,26026270.00,7.36,4.36,0.16,3.31
2009-02-04,3.81,3.93,4.01,3.74,66370,28220874.00,7.05,2.61,0.10,3.51
2009-02-05,3.89,4.06,4.12,3.81,103786,45404672.00,7.89,3.31,0.13,5.49
2009-02-06,4.19,4.19,4.46,4.11,121630,56893138.00,8.62,3.20,0.13,6.43
2009-02-09,4.21,4.30,4.35,4.14,64723,30045133.00,5.01,2.63,0.11,3.42
2009-02-10,4.21,4.56,4.77,4.21,85811,41571286.00,13.02,6.05,0.26,4.54
2009-02-11,4.47,4.46,4.73,4.30,111555,55325735.00,9.43,-2.19,-0.10,5.90
2009-02-12,4.47,4.63,4.66,4.23,90181,43870908.00,9.64,3.81,0.17,4.77
2009-02-13,4.57,4.82,4.94,4.55,106079,55113069.00,8.42,4.10,0.19,5.61
2009-02-16,4.79,4.94,5.02,4.69,92002,48333832.00,6.85,2.49,0.12,4.86
2009-02-17,4.87,4.72,5.03,4.58,90789,46928899.00,9.11,-4.45,-0.22,4.80
2009-02-18,4.63,4.62,4.88,4.44,86083,43845137.00,9.32,-2.12,-0.10,4.55
2009-02-19,4.72,4.73,4.77,4.46,58380,29211395.00,6.71,2.38,0.11,3.09
2009-02-20,4.73,5.01,5.18,4.69,127369,68125994.00,10.36,5.92,0.28,6.74
2009-02-23,4.99,5.10,5.16,4.81,115548,62824795.00,6.99,1.80,0.09,6.11
2009-02-24,5.01,5.09,5.34,4.95,118139,65930394.00,7.65,-0.20,-0.01,6.25
2009-02-25,5.10,5.52,5.64,5.10,162561,93836346.00,10.61,8.45,0.43,8.60
2009-02-26,5.53,5.29,5.59,5.09,97209,56323853.00,9.06,-4.17,-0.23,5.14
2009-02-27,5.14,4.88,5.45,4.72,107733,60082505.00,13.80,-7.75,-0.41,5.70
2009-03-02,4.87,4.91,5.09,4.67,75002,40108373.00,8.61,0.61,0.03,3.97
2009-03-03,4.77,5.17,5.18,4.69,65465,35582195.00,9.98,5.30,0.26,3.46
2009-03-04,5.17,5.38,5.43,5.14,69661,40027389.00,5.61,4.06,0.21,3.68
2009-03-05,5.39,5.44,5.45,5.09,84062,47788851.00,6.69,1.12,0.06,4.45
2009-03-06,5.35,5.67,5.94,5.29,112558,68874519.00,11.95,4.23,0.23,5.95
2009-03-09,5.62,5.52,5.77,5.41,54705,32658405.00,6.35,-2.65,-0.15,2.89
2009-03-10,5.45,5.59,5.64,5.41,32012,19075032.00,4.17,1.27,0.07,1.69
2009-03-11,5.74,5.60,5.83,5.56,53789,32494154.00,4.83,0.18,0.01,2.84
2009-03-12,5.45,5.91,6.09,5.41,101173,62560871.00,12.14,5.54,0.31,5.35
2009-03-13,5.86,5.87,6.10,5.81,72803,46453080.00,4.91,-0.68,-0.04,3.85
2009-03-16,5.87,5.89,6.04,5.69,35592,22372588.00,5.96,0.34,0.02,1.88
2009-03-17,5.89,6.18,6.25,5.81,55949,36370403.00,7.47,4.92,0.29,2.96
2009-03-18,6.19,6.84,6.84,6.19,98317,69424642.00,10.52,10.68,0.66,5.20
2009-03-19,7.10,7.31,7.57,6.90,193585,147998835.00,9.80,6.87,0.47,10.24
2009-03-20,7.19,7.52,7.84,6.99,152373,118250544.00,11.63,2.87,0.21,8.06
2009-03-23,7.48,7.52,7.74,7.34,100556,79894248.00,5.32,0.00,0.00,5.32
2009-03-24,7.49,7.60,7.81,7.30,117575,93553872.00,6.78,1.06,0.08,6.22
2009-03-25,7.51,7.50,7.84,7.34,95852,77130468.00,6.58,-1.32,-0.10,5.07
2009-03-26,7.41,7.42,7.64,7.14,108936,84518942.00,6.67,-1.07,-0.08,5.76
2009-03-27,7.49,7.33,7.56,7.29,80351,62797630.00,3.64,-1.21,-0.09,4.25
2009-03-30,7.25,7.12,7.39,6.98,74347,55949653.00,5.59,-2.86,-0.21,3.93
2009-03-31,6.99,7.22,7.29,6.86,78133,58041906.00,6.04,1.40,0.10,4.13
2009-04-01,7.14,7.14,7.29,7.02,89488,67472016.00,3.74,-1.11,-0.08,4.73
2009-04-02,7.21,7.13,7.26,6.94,90346,67638341.00,4.48,-0.14,-0.01,4.78
2009-04-03,7.09,6.89,7.21,6.87,75861,56038752.00,4.77,-3.37,-0.24,4.01
2009-04-07,6.90,7.34,7.49,6.90,143025,109870020.00,8.56,6.53,0.45,7.56
2009-04-08,7.29,6.98,7.73,6.97,135855,106402950.00,10.35,-4.90,-0.36,7.18
2009-04-09,6.88,7.04,7.04,6.61,76541,55346289.00,6.16,0.86,0.06,4.05
2009-04-10,7.09,7.15,7.24,6.79,68045,50661591.00,6.39,1.56,0.11,3.60
2009-04-13,7.07,7.17,7.42,7.07,63534,48497535.00,4.90,0.28,0.02,3.36
2009-04-14,7.17,7.08,7.19,6.98,76053,56620758.00,2.93,-1.26,-0.09,4.02
2009-04-15,7.00,7.47,7.49,6.99,140490,109277671.00,7.06,5.51,0.39,7.43
2009-04-16,7.73,7.96,8.19,7.73,191778,159691662.00,6.16,6.56,0.49,10.14
2009-04-17,7.94,7.37,7.94,7.13,124222,98080769.00,10.18,-7.41,-0.59,6.57
2009-04-20,7.33,7.34,7.47,7.13,75054,57792438.00,4.61,-0.41,-0.03,3.97
2009-04-21,7.34,7.25,7.34,7.11,62399,47476514.00,3.13,-1.23,-0.09,3.30
2009-04-22,7.24,6.75,7.29,6.69,63457,47102421.00,8.28,-6.90,-0.50,3.36
2009-04-23,6.69,6.63,6.69,6.30,61382,42555863.00,5.78,-1.78,-0.12,3.25
2009-04-24,6.64,6.53,6.67,6.47,31605,22025606.00,3.02,-1.51,-0.10,1.67
2009-04-27,6.53,6.23,6.59,6.20,33981,23053067.00,5.97,-4.59,-0.30,1.80
2009-04-28,6.20,6.75,6.77,6.11,31879,21652253.00,10.59,8.35,0.52,1.69
2009-04-29,6.77,6.90,7.08,6.75,59826,44003612.00,4.89,2.22,0.15,3.16
2009-04-30,6.94,6.85,6.94,6.74,29930,21679582.00,2.90,-0.72,-0.05,1.58
2009-05-04,7.07,6.98,7.07,6.89,35566,26300861.00,2.63,1.90,0.13,1.88
2009-05-05,7.01,7.35,7.41,7.01,75605,58110426.00,5.73,5.30,0.37,4.00
2009-05-06,7.46,7.49,8.04,7.46,99952,80817924.00,7.89,1.90,0.14,5.29
2009-05-08,7.69,7.51,7.73,7.21,63434,49893941.00,6.94,0.27,0.02,3.35
2009-05-11,7.62,7.14,7.64,7.13,57933,45213169.00,6.79,-4.93,-0.37,3.06
2009-05-12,6.95,7.09,7.12,6.87,36842,27238090.00,3.50,-0.70,-0.05,1.95
2009-05-13,7.02,7.09,7.27,7.00,28938,21829456.00,3.81,0.00,0.00,1.53
2009-05-14,6.99,7.13,7.16,6.90,29496,21970892.00,3.67,0.56,0.04,1.56
2009-05-15,7.19,7.30,7.39,7.15,46588,35828179.00,3.37,2.38,0.17,2.46
2009-05-18,7.30,7.22,7.30,7.04,26553,20106023.00,3.56,-1.10,-0.08,1.40
2009-05-19,7.37,7.34,7.37,7.14,46444,35626721.00,3.19,1.66,0.12,2.46
2009-05-20,7.39,7.54,7.70,7.37,92357,73810179.00,4.50,2.72,0.20,4.88
2009-05-21,7.40,7.21,7.54,7.13,51330,39524246.00,5.44,-4.38,-0.33,2.71
2009-05-22,7.14,7.64,7.71,7.08,104174,82945704.00,8.74,5.96,0.43,5.51
2009-05-25,7.49,7.59,7.64,7.29,56038,44268692.00,4.58,-0.65,-0.05,2.96
2009-05-26,7.61,7.79,8.03,7.59,100914,83679607.00,5.80,2.64,0.20,5.34
2009-05-27,7.79,7.70,7.94,7.59,56818,46091133.00,4.49,-1.16,-0.09,3.00
2009-06-01,7.96,7.80,7.96,7.71,38683,31762727.00,3.25,1.30,0.10,2.05
2009-06-02,7.80,8.39,8.58,7.74,119951,102896878.00,10.77,7.56,0.59,6.34
2009-06-03,8.34,8.82,9.17,8.25,130243,120878922.00,10.97,5.13,0.43,6.89
2009-06-04,8.67,9.00,9.16,8.42,93428,85828946.00,8.39,2.04,0.18,4.94
2009-06-05,9.11,8.72,9.17,8.71,69385,64733224.00,5.11,-3.11,-0.28,3.67
2009-06-08,8.81,8.95,8.99,8.40,90738,82323708.00,6.77,2.64,0.23,4.80
2009-06-09,8.84,9.51,9.59,8.51,115795,110541729.00,12.07,6.26,0.56,6.12
2009-06-10,9.69,8.70,9.96,8.61,187375,179256064.00,14.20,-8.52,-0.81,9.91
2009-06-11,8.60,8.39,8.84,8.30,108303,95989268.00,6.21,-3.56,-0.31,5.73
2009-06-12,8.30,7.96,8.64,7.91,94007,81366773.00,8.70,-5.13,-0.43,4.97
2009-06-15,7.95,8.10,8.10,7.88,42493,35711199.00,2.76,1.76,0.14,2.25
2009-06-16,7.99,8.12,8.19,7.94,36485,30886554.00,3.09,0.25,0.02,1.93
2009-06-17,8.11,8.06,8.11,7.91,45059,37827129.00,2.46,-0.74,-0.06,2.38
2009-06-18,8.07,8.01,8.14,8.00,59281,50094780.00,1.74,-0.62,-0.05,3.13
2009-06-19,7.97,8.32,8.39,7.94,80939,68996840.00,5.62,3.87,0.31,4.28
2009-06-22,8.37,8.12,8.40,8.05,57720,49763616.00,4.21,-2.40,-0.20,3.05
2009-06-23,8.03,7.99,8.09,7.90,33822,28366102.00,2.34,-1.60,-0.13,1.79
2009-06-24,7.91,7.93,7.96,7.81,48223,39896553.00,1.88,-0.75,-0.06,2.55
2009-06-25,7.91,8.05,8.07,7.91,32993,27683688.00,2.02,1.51,0.12,1.74
2009-06-26,8.08,8.00,8.11,7.90,27669,23111299.00,2.61,-0.62,-0.05,1.46
2009-06-29,8.03,7.89,8.06,7.84,31154,25768852.00,2.75,-1.38,-0.11,1.65
2009-06-30,7.88,7.65,7.92,7.64,48010,38902063.00,3.55,-3.04,-0.24,2.54
2009-07-01,7.62,7.71,7.75,7.62,30579,24723615.00,1.70,0.78,0.06,1.62
2009-07-02,7.71,7.68,7.73,7.63,45116,36327994.00,1.30,-0.39,-0.03,2.39
2009-07-03,7.66,7.95,8.03,7.63,69356,57444995.00,5.21,3.52,0.27,3.67
2009-07-06,7.95,7.82,8.01,7.76,33213,27257538.00,3.14,-1.64,-0.13,1.76
2009-07-07,7.81,7.87,7.98,7.74,35110,28892996.00,3.07,0.64,0.05,1.86
2009-07-08,7.88,7.96,7.98,7.81,38040,31614692.00,2.16,1.14,0.09,2.01
2009-07-09,7.99,8.16,8.17,7.92,57132,48225229.00,3.14,2.51,0.20,3.02
2009-07-10,8.08,8.51,8.56,8.03,107989,94463352.00,6.50,4.29,0.35,5.71
2009-07-13,8.55,8.54,8.79,8.35,122222,109646744.00,5.17,0.35,0.03,6.46
2009-07-14,8.57,8.61,8.71,8.47,59880,53761829.00,2.81,0.82,0.07,3.17
2009-07-15,8.59,8.44,8.67,8.39,86171,76478229.00,3.25,-1.97,-0.17,4.56
2009-07-16,8.56,8.57,8.65,8.31,84812,75336741.00,4.03,1.54,0.13,4.48
2009-07-17,8.56,8.86,8.98,8.50,102532,94289654.00,5.60,3.38,0.29,5.42
2009-07-20,8.89,9.08,9.18,8.72,129389,120627110.00,5.19,2.48,0.22,6.84
2009-07-21,9.30,9.06,9.41,8.79,143638,135123817.00,6.83,-0.22,-0.02,7.60
2009-07-22,9.07,9.02,9.33,8.72,210268,197785679.00,6.73,-0.44,-0.04,11.12
2009-07-23,9.10,9.61,9.79,9.10,313935,310097921.00,7.65,6.54,0.59,16.60
2009-07-24,9.41,9.22,9.42,8.91,130199,125323647.00,5.31,-4.06,-0.39,6.88
2009-07-27,9.05,9.05,9.21,8.92,88776,83388716.00,3.15,-1.84,-0.17,4.69
2009-07-28,9.01,8.83,9.01,8.61,93507,85702668.00,4.42,-2.43,-0.22,4.94
2009-07-29,8.83,8.15,8.94,7.93,83009,74054591.00,11.44,-7.70,-0.68,4.39
2009-07-30,8.11,8.31,8.38,7.90,80078,67677871.00,5.89,1.96,0.16,4.23
2009-07-31,8.30,8.42,8.45,8.19,55278,48396752.00,3.13,1.32,0.11,2.92
2009-08-03,8.43,8.43,8.47,8.26,57637,50463555.00,2.49,0.12,0.01,3.05
2009-08-04,8.44,8.30,8.44,8.18,53912,46840213.00,3.08,-1.54,-0.13,2.85
2009-08-05,8.27,8.43,8.54,8.22,63137,55648967.00,3.86,1.57,0.13,3.34
2009-08-06,8.42,8.25,8.42,8.11,44161,38110476.00,3.68,-2.14,-0.18,2.34
2009-08-07,8.28,8.16,8.39,8.12,37507,32473074.00,3.27,-1.09,-0.09,1.98
2009-08-10,8.16,8.30,8.32,8.13,37446,32301955.00,2.33,1.72,0.14,1.98
2009-08-11,8.31,8.53,8.59,8.23,76308,67739172.00,4.34,2.77,0.23,3.40
2009-08-12,8.46,7.99,8.66,7.94,66830,58704708.00,8.44,-6.33,-0.54,2.98
2009-08-13,7.91,7.69,8.02,7.41,63314,50975622.00,7.63,-3.75,-0.30,2.82
2009-08-14,7.66,7.03,7.70,7.01,52673,40874222.00,8.97,-8.58,-0.66,2.35
2009-08-17,7.11,6.47,7.20,6.46,43059,30896258.00,10.53,-7.97,-0.56,1.92
2009-08-18,6.31,6.80,6.88,6.24,35435,24695157.00,9.89,5.10,0.33,1.58
2009-08-19,6.78,6.56,6.86,6.43,36939,26083228.00,6.32,-3.53,-0.24,1.65
2009-08-20,6.49,6.78,6.80,6.49,23980,16979132.00,4.73,3.35,0.22,1.07
2009-08-21,6.77,6.85,6.88,6.67,29988,21569373.00,3.10,1.03,0.07,1.34
2009-08-24,6.86,7.00,7.06,6.61,28657,20915200.00,6.57,2.19,0.15,1.28
2009-08-25,6.91,7.39,7.57,6.80,62180,46493485.00,11.00,5.57,0.39,2.77
2009-08-26,7.26,7.41,7.51,7.11,41046,31785393.00,5.41,0.27,0.02,1.83
2009-08-27,7.46,7.27,7.47,7.16,30141,23214143.00,4.18,-1.89,-0.14,1.34
2009-08-28,7.24,7.03,7.24,6.98,24041,17946705.00,3.58,-3.30,-0.24,1.07
2009-08-31,7.02,6.75,7.02,6.66,28137,20285339.00,5.12,-3.98,-0.28,1.25
2009-09-01,6.73,6.81,6.94,6.63,15013,10759039.00,4.59,0.89,0.06,0.67
2009-09-02,6.81,6.86,6.93,6.67,13418,9662005.00,3.82,0.73,0.05,0.60
2009-09-04,7.20,7.59,7.59,7.17,39324,31116227.00,6.12,10.64,0.73,1.75
2009-09-07,7.94,7.53,7.94,7.44,81037,65017961.00,6.59,-0.79,-0.06,3.61
2009-09-08,7.32,7.54,7.55,7.30,32362,25394441.00,3.32,0.13,0.01,1.44
2009-09-09,7.47,7.76,7.89,7.40,51131,41151780.00,6.50,2.92,0.22,2.28
2009-09-10,7.66,7.58,7.81,7.57,29961,24175099.00,3.09,-2.32,-0.18,1.34
2009-09-11,7.52,7.63,7.73,7.51,20805,16667792.00,2.90,0.66,0.05,0.93
2009-09-14,7.57,7.85,7.93,7.57,43271,35340842.00,4.72,2.88,0.22,1.93
2009-09-15,7.85,7.80,7.86,7.66,33687,27470774.00,2.55,-0.64,-0.05,1.50
2009-09-16,7.80,7.94,8.03,7.69,58432,48415565.00,4.36,1.79,0.14,2.60
2009-09-17,8.01,8.16,8.37,7.88,82136,70346402.00,6.17,2.77,0.22,3.66
2009-09-18,8.19,7.80,8.40,7.69,66211,55784965.00,8.70,-4.41,-0.36,2.95
2009-09-21,7.63,7.81,7.84,7.49,27276,21979885.00,4.49,0.13,0.01,1.22
2009-09-22,7.83,7.58,7.85,7.56,27477,22139466.00,3.71,-2.94,-0.23,1.22
2009-09-23,7.59,7.36,7.75,7.26,21874,17307163.00,6.46,-2.90,-0.22,0.98
2009-09-24,7.48,7.25,7.48,7.13,18368,14072638.00,4.76,-1.49,-0.11,0.82
2009-09-25,7.19,7.34,7.38,7.19,12314,9464018.00,2.62,1.24,0.09,0.55
2009-09-28,7.33,7.03,7.49,7.02,15814,12090316.00,6.40,-4.22,-0.31,0.70
2009-09-29,7.09,6.73,7.12,6.69,22998,16497535.00,6.12,-4.27,-0.30,1.03
2009-09-30,6.75,7.04,7.25,6.74,14883,10785157.00,7.58,4.61,0.31,0.66
2009-10-09,7.16,7.30,7.32,7.02,22608,17129845.00,4.26,3.69,0.26,1.01
2009-10-12,7.30,7.15,7.33,7.11,13246,10049970.00,3.01,-2.05,-0.15,0.59
2009-10-13,7.21,7.21,7.24,7.12,13177,9996465.00,1.68,0.84,0.06,0.59
2009-10-14,7.21,7.33,7.34,7.21,21874,16797790.00,1.80,1.66,0.12,0.98
2009-10-15,7.34,7.53,7.57,7.20,29217,22754980.00,5.05,2.73,0.20,1.30
2009-10-16,7.50,7.43,7.54,7.32,24314,18934848.00,2.92,-1.33,-0.10,1.08
2009-10-19,7.39,7.56,7.58,7.34,27634,21830686.00,3.23,1.75,0.13,1.23
2009-10-20,7.64,8.36,8.36,7.51,108044,90800830.00,11.24,10.58,0.80,4.82
2009-10-21,8.27,8.02,8.27,7.83,96820,82188747.00,5.26,-4.07,-0.34,4.32
2009-10-22,8.02,8.11,8.17,7.81,52521,44060795.00,4.49,1.12,0.09,2.34
2009-10-23,8.05,7.96,8.21,7.92,42456,35912739.00,3.58,-1.85,-0.15,1.89
2009-10-26,7.94,7.82,7.98,7.79,30974,25501566.00,2.39,-1.76,-0.14,1.38
2009-10-27,7.81,7.94,8.33,7.78,68081,57782880.00,7.03,1.53,0.12,3.04
2009-10-28,7.73,8.07,8.21,7.63,69273,58507586.00,7.30,1.64,0.13,3.09
2009-10-29,7.98,7.74,7.98,7.70,34957,28689545.00,3.47,-4.09,-0.33,1.56
2009-10-30,7.82,7.78,7.94,7.74,21225,17444190.00,2.58,0.52,0.04,0.95
2009-11-02,7.68,8.02,8.06,7.57,40130,33244261.00,6.30,3.08,0.24,1.79
2009-11-03,8.01,8.16,8.31,7.94,78181,66790174.00,4.61,1.75,0.14,3.49
2009-11-04,8.19,8.26,8.36,8.06,63236,54677704.00,3.68,1.23,0.10,2.82
2009-11-05,8.32,8.30,8.37,8.11,50036,43246236.00,3.15,0.48,0.04,2.23
2009-11-06,8.30,8.35,8.60,8.24,74523,65829740.00,4.34,0.60,0.05,3.32
2009-11-09,8.49,8.55,8.68,8.36,63298,56650919.00,3.83,2.40,0.20,2.82
2009-11-10,8.56,8.34,8.64,8.32,57262,50645464.00,3.74,-2.46,-0.21,2.55
2009-11-11,8.31,8.32,8.49,8.25,37891,33094770.00,2.88,-0.24,-0.02,1.69
2009-11-12,8.34,8.79,8.97,8.34,151489,138500822.00,7.57,5.65,0.47,6.75
2009-11-13,8.76,9.31,9.39,8.71,181754,171561072.00,7.74,5.92,0.52,8.10
2009-11-16,9.36,9.34,9.49,9.24,142476,138638307.00,2.69,0.32,0.03,6.35
2009-11-17,9.36,9.50,9.60,9.21,79996,78773931.00,4.18,1.71,0.16,3.57
2009-11-18,9.45,9.86,9.98,9.41,112191,114050246.00,6.00,3.79,0.36,5.00
2009-11-19,9.89,9.69,9.95,9.57,92042,92953818.00,3.85,-1.72,-0.17,4.10
2009-11-20,9.69,9.56,9.78,9.52,84486,84583445.00,2.68,-1.34,-0.13,3.77
2009-11-23,9.59,9.76,9.87,9.44,99420,99367634.00,4.50,2.09,0.20,4.43
2009-11-24,9.71,8.96,9.71,8.76,95294,93351435.00,9.73,-8.20,-0.80,4.25
2009-11-25,8.96,9.20,9.24,8.62,79012,73827461.00,6.92,2.68,0.24,3.52
2009-11-26,8.99,9.19,9.40,8.94,93484,89829755.00,5.00,-0.11,-0.01,4.17
2009-11-27,9.12,9.10,9.58,9.07,102504,99465772.00,5.55,-0.98,-0.09,4.57
2009-11-30,8.99,9.20,9.29,8.88,80053,76126695.00,4.51,1.10,0.10,3.57
2009-12-01,9.18,9.51,9.56,9.06,84197,82076136.00,5.43,3.37,0.31,3.75
2009-12-02,9.60,9.90,10.10,9.48,138886,141214580.00,6.52,4.10,0.39,6.19
2009-12-03,9.85,10.11,10.41,9.76,143521,151599793.00,6.57,2.12,0.21,6.40
2009-12-04,10.10,9.66,10.30,9.49,123422,126230549.00,8.01,-4.45,-0.45,5.50
2009-12-07,9.79,9.76,10.06,9.53,61472,62440564.00,5.49,1.04,0.10,2.74
2009-12-08,9.80,9.84,10.06,9.62,60938,62443373.00,4.51,0.82,0.08,2.72
2009-12-09,9.71,9.60,9.82,9.46,50963,50999735.00,3.66,-2.44,-0.24,2.27
2009-12-10,9.65,9.79,9.84,9.61,34328,34779497.00,2.40,1.98,0.19,1.53
2009-12-11,9.76,9.64,9.82,9.56,37677,37964722.00,2.66,-1.53,-0.15,1.68
2009-12-15,9.63,9.55,9.75,9.46,45955,45788065.00,3.01,-0.93,-0.09,2.05
2009-12-16,9.56,9.62,9.69,9.27,48541,47614767.00,4.40,0.73,0.07,2.16
2009-12-17,9.67,9.76,10.18,9.56,121880,124946631.00,6.44,1.46,0.14,5.43
2009-12-18,9.46,9.29,9.60,8.96,48094,46057983.00,6.56,-4.82,-0.47,2.14
2009-12-21,9.25,9.32,9.44,9.22,33756,32673529.00,2.37,0.32,0.03,1.50
2009-12-22,9.37,8.82,9.40,8.76,41625,39306584.00,6.87,-5.36,-0.50,1.86
2009-12-23,8.96,8.93,9.02,8.71,33141,30663204.00,3.51,1.25,0.11,1.48
2009-12-24,9.05,9.12,9.20,8.91,45324,42664565.00,3.25,2.13,0.19,2.02
2009-12-25,9.07,9.15,9.26,8.93,31617,30002150.00,3.62,0.33,0.03,1.41
2009-12-28,9.14,9.32,9.36,9.02,34827,33403835.00,3.72,1.86,0.17,1.55
2009-12-29,9.21,9.30,9.44,9.21,36420,35410425.00,2.47,-0.21,-0.02,1.62
2009-12-30,9.31,9.36,9.42,9.12,43718,42238523.00,3.23,0.65,0.06,1.95
2009-12-31,9.51,9.36,9.51,9.26,32710,31886355.00,2.67,0.00,0.00,1.46