2020-01-02,5.89,5.83,5.89,5.79,52572,33797279.00,1.72,0.17,0.01,1.44
2020-01-03,5.83,5.87,5.87,5.73,46522,29696272.00,2.40,0.69,0.04,1.28
2020-01-06,5.81,5.75,5.86,5.73,44901,28707596.00,2.21,-2.04,-0.12,1.23
2020-01-07,5.78,5.78,5.85,5.75,33655,21532601.00,1.74,0.52,0.03,0.92
2020-01-08,5.75,5.59,5.75,5.56,60310,37663130.00,3.29,-3.29,-0.19,1.65
2020-01-09,5.67,6.21,6.21,5.65,78221,51625518.00,10.02,11.09,0.62,2.14
2020-01-10,6.44,6.08,6.87,6.07,264071,186034640.00,12.88,-2.09,-0.13,7.24
2020-01-13,6.08,6.45,6.60,5.95,186390,129345298.00,10.69,6.09,0.37,5.11
2020-01-14,6.46,6.28,6.55,6.26,110339,76833287.00,4.50,-2.64,-0.17,3.03
2020-01-15,6.28,6.38,6.44,6.26,94573,65755185.00,2.87,1.59,0.10,2.59
2020-01-16,6.36,6.18,6.39,6.06,89151,60565209.00,5.17,-3.13,-0.20,2.44
2020-01-17,6.19,6.49,6.58,6.09,124089,86309781.00,7.93,5.02,0.31,3.40
2020-01-20,6.98,7.08,7.20,6.68,226507,171206213.00,8.01,9.09,0.59,6.21
2020-01-21,7.50,7.49,7.70,7.12,350476,283232256.00,8.19,5.79,0.41,9.61
2020-01-22,8.06,6.93,8.06,6.87,314943,249606692.00,15.89,-7.48,-0.56,8.64
2020-01-23,7.00,6.93,7.20,6.61,252323,189166396.00,8.51,0.00,0.00,6.92
2020-02-03,6.60,6.18,6.60,6.18,229930,158032661.00,6.06,-10.82,-0.75,6.30
2020-02-04,5.69,5.95,5.99,5.69,241331,155700361.00,4.85,-3.72,-0.23,6.62
2020-02-05,5.87,6.16,6.19,5.80,233523,153815270.00,6.55,3.53,0.21,6.40
2020-02-06,6.20,6.38,6.55,6.00,254960,175280937.00,8.93,3.57,0.22,6.99
2020-02-07,6.50,6.71,6.84,6.25,277117,197760149.00,9.25,5.17,0.33,7.60
2020-02-10,6.83,6.80,7.20,6.67,247845,185278869.00,7.90,1.34,0.09,6.80
2020-02-11,6.80,6.29,6.80,6.21,180695,126508183.00,8.68,-7.50,-0.51,4.95
2020-02-12,6.31,6.31,6.35,6.18,98007,67278111.00,2.70,0.32,0.02,2.69
2020-02-13,6.38,6.16,6.40,6.08,80715,55011504.00,5.07,-2.38,-0.15,2.21
2020-02-14,6.15,6.03,6.18,6.02,68917,46148993.00,2.60,-2.11,-0.13,1.89
2020-02-17,6.06,6.17,6.18,6.05,72907,49102533.00,2.16,2.32,0.14,2.00
2020-02-18,6.18,6.26,6.26,6.14,85736,58401523.00,1.94,1.46,0.09,2.35
2020-02-19,6.95,6.95,6.95,6.95,55006,41529198.00,0.00,11.02,0.69,1.51
2020-02-20,6.80,7.18,7.58,6.55,424606,329181152.00,14.82,3.31,0.23,11.64
2020-02-21,6.91,6.95,7.08,6.81,249212,188150916.00,3.76,-3.20,-0.23,6.83
2020-02-24,6.83,7.05,7.18,6.77,201701,153475494.00,5.90,1.44,0.10,5.53
2020-02-25,6.85,7.38,7.41,6.75,297852,229566309.00,9.36,4.68,0.33,8.17
2020-02-26,7.18,6.87,7.37,6.80,213663,163953106.00,7.72,-6.91,-0.51,5.86
2020-02-27,6.83,6.78,6.99,6.78,102409,76369532.00,3.06,-1.31,-0.09,2.81
2020-02-28,6.55,6.78,6.99,6.40,161291,119355030.00,8.70,0.00,0.00,4.42
2020-03-02,6.76,7.04,7.10,6.62,180633,136477176.00,7.08,3.83,0.26,4.95
2020-03-03,6.97,6.99,7.12,6.92,150163,114333591.00,2.84,-0.71,-0.05,4.12
2020-03-04,6.90,6.86,6.95,6.73,93649,69508806.00,3.15,-1.86,-0.13,2.57
2020-03-05,6.95,6.93,6.97,6.79,87770,65622262.00,2.62,1.02,0.07,2.41
2020-03-06,6.86,7.20,7.36,6.81,232698,180708023.00,7.94,3.90,0.27,6.38
2020-03-09,7.09,7.38,7.60,7.01,291157,233235434.00,8.19,2.50,0.18,7.98
2020-03-10,7.10,6.95,7.25,6.58,188311,140683138.00,9.08,-5.83,-0.43,5.16
2020-03-11,6.85,6.89,7.15,6.78,138469,104029876.00,5.32,-0.86,-0.06,3.80
2020-03-12,6.83,6.51,6.86,6.46,107780,78173881.00,5.81,-5.52,-0.38,2.96
2020-03-13,5.97,6.18,6.28,5.86,101356,68046361.00,6.45,-5.07,-0.33,2.78
2020-03-16,6.25,6.02,6.44,6.00,83480,56960396.00,7.12,-2.59,-0.16,2.29
2020-03-17,6.11,5.79,6.12,5.53,81398,51844527.00,9.80,-3.82,-0.23,2.23
2020-03-18,5.84,5.56,5.89,5.56,62366,39577820.00,5.70,-3.97,-0.23,1.71
2020-03-19,5.59,5.46,5.61,5.29,74254,44749936.00,5.76,-1.80,-0.10,2.04
2020-03-20,5.52,5.57,5.59,5.45,43028,26338632.00,2.56,2.01,0.11,1.18
2020-03-23,5.48,5.29,5.50,5.24,47522,28359817.00,4.67,-5.03,-0.28,1.30
2020-03-24,5.41,5.35,5.44,5.20,34300,20351314.00,4.54,1.13,0.06,0.94
2020-03-25,5.45,5.56,5.58,5.42,43512,26582970.00,2.99,3.93,0.21,1.19
2020-03-26,5.52,5.58,5.67,5.46,46324,28612326.00,3.78,0.36,0.02,1.27
2020-03-27,5.64,5.54,5.70,5.52,40322,25024224.00,3.23,-0.72,-0.04,1.11
2020-03-30,5.55,5.49,5.63,5.47,44003,27005810.00,2.89,-0.90,-0.05,1.21
2020-03-31,5.50,5.54,5.57,5.43,38121,23295684.00,2.55,0.91,0.05,1.05
2020-04-01,5.50,5.50,5.58,5.49,26759,16406625.00,1.62,-0.72,-0.04,0.73
2020-04-02,5.51,5.51,5.52,5.39,40192,24309280.00,2.36,0.18,0.01,1.10
2020-04-03,5.53,5.58,5.70,5.50,53927,33410146.00,3.63,1.27,0.07,1.48
2020-04-07,5.65,5.70,5.73,5.60,51061,32004026.00,2.33,2.15,0.12,1.40
2020-04-08,5.72,5.68,5.72,5.63,38526,24191842.00,1.58,-0.35,-0.02,1.06
2020-04-09,5.67,5.78,5.94,5.66,63808,40928907.00,4.93,1.76,0.10,1.75
2020-04-10,5.84,5.66,5.91,5.64,47199,30085578.00,4.67,-2.08,-0.12,1.29
2020-04-13,5.59,5.52,5.66,5.45,32914,20260379.00,3.71,-2.47,-0.14,0.90
2020-04-14,5.59,5.74,5.82,5.52,50139,31490988.00,5.43,3.99,0.22,1.37
2020-04-15,5.71,5.65,5.79,5.65,37191,23526791.00,2.44,-1.57,-0.09,1.02
2020-04-16,5.61,5.56,5.63,5.54,34336,21177965.00,1.59,-1.59,-0.09,0.94
2020-04-17,5.59,5.49,5.63,5.47,34733,21398092.00,2.88,-1.26,-0.07,0.95
2020-04-20,5.52,5.58,5.58,5.51,22499,13848804.00,1.28,1.64,0.09,0.62
2020-04-21,5.57,5.52,5.60,5.47,28706,17540734.00,2.33,-1.08,-0.06,0.79
2020-04-22,5.48,5.54,5.55,5.44,26006,15862933.00,1.99,0.36,0.02,0.71
2020-04-23,5.55,5.76,5.85,5.51,91633,57886501.00,6.14,3.97,0.22,2.51
2020-04-24,5.75,5.67,5.76,5.61,35233,22127138.00,2.60,-1.56,-0.09,0.97
2020-04-27,5.66,5.51,5.66,5.51,37757,23255343.00,2.65,-2.82,-0.16,1.04
2020-04-28,5.58,5.37,5.60,5.22,36009,21491566.00,6.90,-2.54,-0.14,0.99
2020-04-29,5.38,5.37,5.47,5.33,20953,12601927.00,2.61,0.00,0.00,0.57
2020-04-30,5.35,5.42,5.44,5.34,21671,13002743.00,1.86,0.93,0.05,0.59
2020-05-06,5.37,5.46,5.47,5.31,22593,13591806.00,2.95,0.74,0.04,0.62
2020-05-07,5.47,5.41,5.50,5.39,19130,11564001.00,2.01,-0.92,-0.05,0.52
2020-05-08,5.45,5.77,5.88,5.40,73636,46043755.00,8.87,6.65,0.36,2.02
2020-05-11,5.76,5.99,6.37,5.76,124304,83011044.00,10.57,3.81,0.22,3.41
2020-05-12,5.99,6.07,6.20,5.92,57825,38580238.00,4.67,1.34,0.08,1.59
2020-05-13,6.15,5.85,6.15,5.85,44673,29150349.00,4.94,-3.62,-0.22,1.22
2020-05-14,5.79,5.77,5.90,5.72,32413,20745772.00,3.08,-1.37,-0.08,0.89
2020-05-15,5.89,5.78,5.89,5.72,19964,12726225.00,2.95,0.17,0.01,0.55
2020-05-18,5.78,5.76,5.87,5.72,25594,16329363.00,2.60,-0.35,-0.02,0.70
2020-05-19,5.75,5.96,6.06,5.75,42092,27360622.00,5.38,3.47,0.20,1.15
2020-05-20,5.90,5.90,6.02,5.82,25730,16726024.00,3.36,-1.01,-0.06,0.71
2020-05-21,5.84,5.78,5.92,5.77,16380,10528526.00,2.54,-2.03,-0.12,0.45
2020-05-22,5.75,5.78,5.85,5.65,18741,11885414.00,3.46,0.00,0.00,0.51
2020-05-25,5.76,5.84,5.84,5.68,14492,9220589.00,2.77,1.04,0.06,0.40
2020-05-26,5.88,5.92,6.04,5.85,31129,20360385.00,3.25,1.37,0.08,0.85
2020-05-27,5.93,5.83,5.94,5.77,34773,22405764.00,2.87,-1.52,-0.09,0.95
2020-05-28,5.82,5.70,5.85,5.68,23851,15120777.00,2.92,-2.23,-0.13,0.65
2020-05-29,5.87,5.75,5.87,5.64,15250,9649067.00,4.04,0.88,0.05,0.42
2020-06-01,5.73,5.82,5.85,5.73,33349,21343610.00,2.09,1.22,0.07,0.91
2020-06-02,5.80,5.85,5.99,5.80,38078,24756132.00,3.26,0.52,0.03,1.04
2020-06-03,5.93,6.09,6.13,5.84,96656,64145471.00,4.96,4.10,0.24,2.65
2020-06-04,6.20,6.01,6.26,5.94,69470,46160946.00,5.25,-1.31,-0.08,1.90
2020-06-05,5.99,5.79,5.99,5.78,54310,34984841.00,3.49,-3.66,-0.22,1.49
2020-06-08,5.82,5.79,5.85,5.76,33109,21167596.00,1.55,0.00,0.00,0.91
2020-06-09,5.79,5.81,5.83,5.76,24748,15813164.00,1.21,0.35,0.02,0.68
2020-06-10,5.78,5.70,5.80,5.65,34115,21595407.00,2.58,-1.89,-0.11,0.94
2020-06-11,5.70,5.60,5.70,5.59,27126,16900887.00,1.93,-1.75,-0.10,0.74
2020-06-12,5.54,5.64,5.71,5.45,24640,15235960.00,4.64,0.71,0.04,0.68
2020-06-15,5.62,5.60,5.70,5.59,18948,11820093.00,1.95,-0.71,-0.04,0.52
2020-06-16,5.65,5.73,5.75,5.62,22264,13994021.00,2.32,2.32,0.13,0.61
2020-06-17,5.70,5.74,5.78,5.69,20259,12829249.00,1.57,0.17,0.01,0.56
2020-06-18,5.77,5.69,5.77,5.65,17036,10717136.00,2.09,-0.87,-0.05,0.47
2020-06-19,5.69,5.79,5.85,5.69,28400,18073975.00,2.81,1.76,0.10,0.78
2020-06-22,5.79,5.80,5.87,5.72,25731,16405115.00,2.59,0.17,0.01,0.71
2020-06-23,5.77,5.67,5.79,5.65,30353,18559611.00,2.41,-2.24,-0.13,0.83
2020-06-24,5.98,5.73,5.98,5.71,25241,15626877.00,4.76,1.06,0.06,0.69
2020-06-29,5.68,5.61,5.68,5.53,28289,16930681.00,2.62,-2.09,-0.12,0.78
2020-06-30,5.63,5.61,5.67,5.59,18907,11375501.00,1.43,0.00,0.00,0.52
2020-07-01,5.62,5.61,5.62,5.58,17823,10686514.00,0.71,0.00,0.00,0.49
2020-07-02,5.60,5.66,5.66,5.55,23423,14124124.00,1.96,0.89,0.05,0.64
2020-07-03,5.67,5.69,5.70,5.57,45476,27457246.00,2.30,0.53,0.03,1.25
2020-07-06,5.70,5.87,5.88,5.69,78695,48797129.00,3.34,3.16,0.18,2.16
2020-07-07,5.90,5.88,5.95,5.79,73825,46317164.00,2.73,0.17,0.01,2.02
2020-07-08,5.90,5.93,5.95,5.82,58098,36514757.00,2.21,0.85,0.05,1.59
2020-07-09,5.96,6.09,6.09,5.92,79647,51158207.00,2.87,2.70,0.16,2.18
2020-07-10,6.07,5.95,6.12,5.95,57297,36808918.00,2.79,-2.30,-0.14,1.57
2020-07-13,5.97,6.21,6.24,5.95,90263,58833597.00,4.87,4.37,0.26,2.47
2020-07-14,6.21,6.14,6.24,6.00,64096,41737050.00,3.86,-1.13,-0.07,1.76
2020-07-15,6.11,5.98,6.17,5.92,50339,32339847.00,4.07,-2.61,-0.16,1.38
2020-07-16,5.95,5.84,6.03,5.80,56264,35667496.00,3.85,-2.34,-0.14,1.54
2020-07-17,5.81,5.81,5.91,5.75,39921,24810486.00,2.74,-0.51,-0.03,1.09
2020-07-20,5.85,6.08,6.12,5.83,62021,39780181.00,4.99,4.65,0.27,1.70
2020-07-21,6.11,6.06,6.15,6.00,35266,22776085.00,2.47,-0.33,-0.02,0.97
2020-07-22,6.07,6.04,6.14,6.01,40902,26480549.00,2.15,-0.33,-0.02,1.12
2020-07-23,5.99,5.96,6.01,5.81,46996,29644558.00,3.31,-1.32,-0.08,1.29
2020-07-24,5.92,5.76,5.99,5.74,40019,25046048.00,4.19,-3.36,-0.20,1.10
2020-07-27,5.78,5.81,5.85,5.70,24456,15106975.00,2.60,0.87,0.05,0.67
2020-07-28,5.85,5.90,5.95,5.81,23322,14693474.00,2.41,1.55,0.09,0.64
2020-07-29,5.97,5.92,5.97,5.84,35915,22638063.00,2.20,0.34,0.02,0.98
2020-07-30,5.93,5.87,6.02,5.85,33707,21252370.00,2.87,-0.84,-0.05,0.92
2020-07-31,5.84,5.89,5.95,5.83,30577,19217636.00,2.04,0.34,0.02,0.84
2020-08-03,5.93,6.05,6.08,5.91,52484,33597450.00,2.89,2.72,0.16,1.44
2020-08-04,6.04,6.02,6.11,5.95,41474,26651271.00,2.64,-0.50,-0.03,1.14
2020-08-05,6.04,6.07,6.12,5.96,36831,23711000.00,2.66,0.83,0.05,1.01
2020-08-06,6.06,6.02,6.08,5.94,44263,28326432.00,2.31,-0.82,-0.05,1.21
2020-08-07,6.01,5.88,6.01,5.81,39672,24936545.00,3.32,-2.33,-0.14,1.09
2020-08-10,5.90,5.99,6.04,5.87,36720,23400082.00,2.89,1.87,0.11,1.01
2020-08-11,6.10,5.83,6.10,5.81,56165,35614120.00,4.84,-2.67,-0.16,1.54
2020-08-12,5.82,5.83,5.85,5.71,35811,22121289.00,2.40,0.00,0.00,0.98
2020-08-13,5.85,5.94,6.05,5.81,43784,27846685.00,4.12,1.89,0.11,1.20
2020-08-14,5.90,5.89,5.96,5.82,32250,20233396.00,2.36,-0.84,-0.05,0.88
2020-08-17,5.94,5.95,6.00,5.88,44327,28109920.00,2.04,1.02,0.06,1.22
2020-08-18,6.08,5.94,6.08,5.92,40164,25569830.00,2.69,-0.17,-0.01,1.10
2020-08-19,5.93,5.87,5.99,5.85,46099,29091692.00,2.36,-1.18,-0.07,1.26
2020-08-20,5.82,5.82,5.86,5.78,34021,21172462.00,1.36,-0.85,-0.05,0.93
2020-08-21,5.85,5.85,5.98,5.82,30822,19350757.00,2.75,0.52,0.03,0.85
2020-08-24,5.98,5.83,5.98,5.78,34635,21568731.00,3.42,-0.34,-0.02,0.95
2020-08-25,5.81,5.84,5.84,5.77,31459,19514358.00,1.20,0.17,0.01,0.86
2020-08-26,5.84,5.72,5.85,5.71,30565,18854399.00,2.40,-2.05,-0.12,0.84
2020-08-27,5.71,5.76,5.79,5.69,19010,11685675.00,1.75,0.70,0.04,0.52
2020-08-28,5.78,5.84,5.88,5.74,26099,16224748.00,2.43,1.39,0.08,0.72
2020-08-31,5.83,5.93,5.97,5.82,46633,29382015.00,2.57,1.54,0.09,1.28
2020-09-01,5.94,5.99,6.03,5.91,49430,31513927.00,2.02,1.01,0.06,1.36
2020-09-02,5.99,6.00,6.03,5.90,31607,20122826.00,2.17,0.17,0.01,0.87
2020-09-03,6.00,5.89,6.00,5.88,32933,20837995.00,2.00,-1.83,-0.11,0.90
2020-09-04,5.87,6.09,6.19,5.83,78991,50820090.00,6.11,3.40,0.20,2.17
2020-09-07,6.09,6.15,6.38,6.05,96759,63891780.00,5.42,0.99,0.06,2.65
2020-09-08,6.26,6.12,6.26,5.96,66136,43000079.00,4.88,-0.49,-0.03,1.81
2020-09-09,6.05,6.00,6.18,5.98,60679,39281536.00,3.27,-1.96,-0.12,1.66
2020-09-10,5.95,5.55,6.00,5.53,115678,70371726.00,7.83,-7.50,-0.45,3.17
2020-09-11,5.54,5.61,5.65,5.40,41238,24480622.00,4.50,1.08,0.06,1.13
2020-09-14,5.63,5.60,5.75,5.53,27771,16725379.00,3.92,-0.18,-0.01,0.76
2020-09-15,5.61,5.54,5.63,5.51,27287,16263771.00,2.14,-1.07,-0.06,0.75
2020-09-16,5.56,5.60,5.64,5.54,28320,16981167.00,1.81,1.08,0.06,0.78
2020-09-17,5.60,5.55,5.61,5.52,18387,10966781.00,1.61,-0.89,-0.05,0.50
2020-09-18,5.58,5.60,5.61,5.53,21652,12931832.00,1.44,0.90,0.05,0.59
2020-09-21,5.61,5.65,5.66,5.56,24783,14903145.00,1.79,0.89,0.05,0.68
2020-09-22,5.63,5.53,5.65,5.51,20194,12020963.00,2.48,-2.12,-0.12,0.55
2020-09-23,5.53,5.44,5.55,5.44,23936,14045913.00,1.99,-1.63,-0.09,0.66
2020-09-24,5.44,5.30,5.46,5.27,27513,15798965.00,3.49,-2.57,-0.14,0.75
2020-09-25,5.31,5.31,5.37,5.28,12951,7396290.00,1.70,0.19,0.01,0.36
2020-09-28,5.33,5.17,5.33,5.16,19436,10938165.00,3.20,-2.64,-0.14,0.53
2020-09-29,5.17,5.20,5.23,5.12,18517,10321616.00,2.13,0.58,0.03,0.51
2020-09-30,5.20,5.19,5.23,5.15,13588,7613354.00,1.54,-0.19,-0.01,0.37
2020-10-09,5.21,5.35,5.41,5.21,17119,9818328.00,3.85,3.08,0.16,0.47
2020-10-12,5.35,5.43,5.46,5.34,22738,13219190.00,2.24,1.50,0.08,0.62
2020-10-13,5.43,5.43,5.45,5.37,23153,13428318.00,1.47,0.00,0.00,0.63
2020-10-14,5.42,5.36,5.45,5.36,13556,7862493.00,1.66,-1.29,-0.07,0.37
2020-10-15,5.38,5.50,5.53,5.34,36723,21440596.00,3.54,2.61,0.14,1.01
2020-10-16,5.50,5.50,5.56,5.44,22162,13049945.00,2.18,0.00,0.00,0.61
2020-10-19,5.53,5.49,5.56,5.40,27584,16315795.00,2.91,-0.18,-0.01,0.76
2020-10-20,5.45,5.46,5.50,5.38,23886,13953902.00,2.19,-0.55,-0.03,0.65
2020-10-21,5.48,5.42,5.50,5.41,11142,6509335.00,1.65,-0.73,-0.04,0.31
2020-10-22,5.40,5.35,5.43,5.32,19626,11320163.00,2.03,-1.29,-0.07,0.54
2020-10-23,5.37,5.34,5.46,5.33,12006,6946639.00,2.43,-0.19,-0.01,0.33
2020-10-26,5.35,5.24,5.36,5.20,29230,16523825.00,3.00,-1.87,-0.10,0.80
2020-10-27,5.21,5.23,5.28,5.19,15663,8839859.00,1.72,-0.19,-0.01,0.43
2020-10-28,5.23,5.24,5.25,4.92,16863,9382553.00,6.31,0.19,0.01,0.46
2020-10-29,5.15,5.25,5.32,5.07,18950,10667160.00,4.77,0.19,0.01,0.52
2020-10-30,5.31,5.16,5.34,5.16,20823,11754891.00,3.43,-1.71,-0.09,0.57
2020-11-02,5.16,5.08,5.19,5.06,17475,9613571.00,2.52,-1.55,-0.08,0.48
2020-11-03,5.08,5.23,5.26,5.07,13759,7673761.00,3.74,2.95,0.15,0.38
2020-11-04,5.23,5.16,5.25,5.12,12877,7162068.00,2.49,-1.34,-0.07,0.35
2020-11-05,5.21,5.28,5.31,5.18,23543,13305335.00,2.52,2.33,0.12,0.65
2020-11-06,5.27,5.19,5.28,5.16,13703,7674435.00,2.27,-1.70,-0.09,0.38
2020-11-09,5.23,5.48,5.48,5.23,50318,29031302.00,4.82,5.59,0.29,1.38
2020-11-10,5.48,5.30,5.55,5.26,46204,26729888.00,5.29,-3.28,-0.18,1.27
2020-11-11,5.30,5.34,5.38,5.27,18429,10562068.00,2.08,0.75,0.04,0.51
2020-11-12,5.37,5.34,5.37,5.30,11859,6789107.00,1.31,0.00,0.00,0.33
2020-11-13,5.34,5.26,5.34,5.24,11156,6335580.00,1.87,-1.50,-0.08,0.31
2020-11-16,5.27,5.36,5.38,5.27,15796,9055427.00,2.09,1.90,0.10,0.43
2020-11-17,5.36,5.42,5.42,5.32,15535,8984482.00,1.87,1.12,0.06,0.43
2020-11-18,5.42,5.42,5.45,5.38,14540,8464241.00,1.29,0.00,0.00,0.40
2020-11-19,5.42,5.38,5.43,5.35,19066,11023173.00,1.48,-0.74,-0.04,0.52
2020-11-20,5.37,5.35,5.42,5.33,14339,8256239.00,1.67,-0.56,-0.03,0.39
2020-11-23,5.39,5.42,5.46,5.32,20877,12099948.00,2.62,1.31,0.07,0.57
2020-11-24,5.40,5.36,5.46,5.35,20347,11775928.00,2.03,-1.11,-0.06,0.56
2020-11-25,5.40,5.31,5.40,5.29,23117,13301332.00,2.05,-0.93,-0.05,0.63
2020-11-26,5.31,5.40,5.52,5.26,68369,39533127.00,4.90,1.69,0.09,1.87
2020-11-27,5.43,5.37,5.47,5.29,22518,12981251.00,3.33,-0.56,-0.03,0.62
2020-11-30,5.35,5.34,5.40,5.33,20188,11653198.00,1.30,-0.56,-0.03,0.55
2020-12-01,5.34,5.38,5.41,5.31,25133,14523957.00,1.87,0.75,0.04,0.69
2020-12-02,5.37,5.40,5.44,5.36,20348,11826199.00,1.49,0.37,0.02,0.56
2020-12-03,5.40,5.41,5.46,5.37,22690,13220333.00,1.67,0.19,0.01,0.62
2020-12-04,5.47,5.60,5.67,5.42,79141,47172708.00,4.62,3.51,0.19,2.17
2020-12-07,5.58,5.61,5.72,5.53,49408,29779023.00,3.39,0.18,0.01,1.35
2020-12-08,5.65,5.57,5.69,5.55,27736,16686825.00,2.50,-0.71,-0.04,0.76
2020-12-09,5.57,5.44,5.61,5.42,23861,14075643.00,3.41,-2.33,-0.13,0.65
2020-12-10,5.43,5.54,5.57,5.36,19116,11301999.00,3.86,1.84,0.10,0.52
2020-12-11,5.55,5.43,5.56,5.38,19782,11556006.00,3.25,-1.99,-0.11,0.54
2020-12-14,5.45,5.61,5.63,5.45,28838,17190348.00,3.31,3.31,0.18,0.79
2020-12-15,5.61,5.56,5.66,5.46,24130,14313988.00,3.57,-0.89,-0.05,0.66
2020-12-16,5.54,5.53,5.60,5.51,13737,8177645.00,1.62,-0.54,-0.03,0.38
2020-12-17,5.50,5.43,5.50,5.36,24435,14213146.00,2.53,-1.81,-0.10,0.67
2020-12-18,5.42,5.31,5.43,5.25,24265,13918914.00,3.31,-2.21,-0.12,0.67
2020-12-21,5.31,5.32,5.35,5.20,19956,11317266.00,2.82,0.19,0.01,0.55
2020-12-22,5.33,5.26,5.37,5.24,20908,11939412.00,2.44,-1.13,-0.06,0.57
2020-12-23,5.29,5.52,5.68,5.26,57956,34239066.00,7.98,4.94,0.26,1.59
2020-12-24,5.49,5.42,5.56,5.38,33978,19905513.00,3.26,-1.81,-0.10,0.93
2020-12-25,5.47,5.52,5.60,5.39,29645,17584452.00,3.87,1.85,0.10,0.81
2020-12-28,5.49,5.23,5.52,5.16,72477,41241275.00,6.52,-5.25,-0.29,1.99
2020-12-29,5.20,5.06,5.25,5.00,33842,18720176.00,4.78,-3.25,-0.17,0.93
2020-12-30,5.10,5.12,5.15,5.05,24241,13333602.00,1.98,1.19,0.06,0.66
2020-12-31,5.10,5.16,5.20,5.10,16492,9176494.00,1.95,0.78,0.04,0.45