2019-01-02,51.59,50.67,52.04,50.18,19951,146118925.00,3.61,-1.69,-0.87,1.75
2019-01-03,50.41,50.83,51.62,50.28,18646,136752821.00,2.64,0.32,0.16,1.64
2019-01-04,50.12,52.38,52.55,49.84,31814,236771209.00,5.33,3.05,1.55,2.79
2019-01-07,52.33,53.02,53.62,52.15,38430,290977312.00,2.81,1.22,0.64,3.37
2019-01-08,52.77,51.84,53.06,51.82,26557,199561085.00,2.34,-2.23,-1.18,2.33
2019-01-09,51.12,49.60,51.12,48.98,59612,427427040.00,4.13,-4.32,-2.24,5.23
2019-01-10,49.05,49.30,50.27,49.04,28050,199624983.00,2.48,-0.60,-0.30,2.46
2019-01-11,49.12,49.35,49.61,49.12,20439,145159660.00,0.99,0.10,0.05,1.79
2019-01-14,49.12,49.39,50.27,49.12,23232,166120347.00,2.33,0.08,0.04,2.04
2019-01-15,49.92,49.83,49.97,49.12,23372,166703133.00,1.72,0.89,0.44,2.05
2019-01-16,49.81,49.20,49.81,49.12,22143,157242887.00,1.38,-1.26,-0.63,1.94
2019-01-17,49.12,47.21,49.31,47.20,42155,289806528.00,4.29,-4.04,-1.99,3.70
2019-01-18,47.28,48.29,48.47,46.68,35482,245009205.00,3.79,2.29,1.08,3.11
2019-01-21,48.55,48.65,48.98,47.74,27937,194710239.00,2.57,0.75,0.36,2.45
2019-01-22,48.52,47.28,48.52,47.28,24975,171962041.00,2.55,-2.82,-1.37,2.19
2019-01-23,47.09,47.84,48.26,46.91,19580,134760187.00,2.86,1.18,0.56,1.72
2019-01-24,47.82,47.50,47.82,47.06,17123,117024470.00,1.59,-0.71,-0.34,1.50
2019-01-25,47.40,47.50,48.36,46.48,38390,261869830.00,3.96,0.00,0.00,3.37
2019-01-28,47.50,46.67,47.83,46.57,21670,147012226.00,2.65,-1.75,-0.83,1.90
2019-01-29,46.49,43.56,46.49,41.90,32265,205110118.00,9.84,-6.66,-3.11,2.83
2019-01-30,43.18,42.84,44.20,42.80,18212,114617932.00,3.21,-1.65,-0.72,1.60
2019-01-31,42.96,41.97,43.62,41.41,26997,166456190.00,5.16,-2.03,-0.87,2.37
2019-02-01,41.13,42.62,42.81,41.13,35153,213502125.00,4.00,1.55,0.65,3.08
2019-02-11,42.65,47.02,47.02,42.65,55663,361487776.00,10.25,10.32,4.40,4.88
2019-02-12,47.02,46.84,47.44,46.21,56279,380263920.00,2.62,-0.38,-0.18,4.94
2019-02-13,46.75,48.91,50.40,46.37,75070,523913280.00,8.60,4.42,2.07,6.59
2019-02-14,48.97,48.70,48.98,47.70,40580,282687328.00,2.62,-0.43,-0.21,3.56
2019-02-15,48.64,48.41,50.23,48.18,46557,329057312.00,4.21,-0.60,-0.29,4.08
2019-02-18,48.45,50.05,50.20,48.45,60891,432977408.00,3.61,3.39,1.64,5.34
2019-02-19,50.13,48.70,50.16,48.23,61652,436089840.00,3.86,-2.70,-1.35,5.41
2019-02-20,48.59,50.77,52.82,48.59,85736,629006080.00,8.69,4.25,2.07,7.52
2019-02-21,51.12,50.02,51.33,49.42,63653,459527200.00,3.76,-1.48,-0.75,5.58
2019-02-22,49.59,50.23,50.37,48.85,49006,349298240.00,3.04,0.42,0.21,4.30
2019-02-25,50.68,54.20,54.20,50.67,100760,761456752.00,7.03,7.90,3.97,8.84
2019-02-26,54.20,57.36,59.75,52.72,142307,1149190800.00,12.97,5.83,3.16,12.48
2019-02-27,56.50,55.18,58.97,54.70,88774,720674672.00,7.44,-3.80,-2.18,7.79
2019-02-28,55.70,55.66,56.26,54.55,45959,364512336.00,3.10,0.87,0.48,4.03
2019-03-01,55.92,56.00,56.47,54.87,44007,351140480.00,2.87,0.61,0.34,3.86
2019-03-04,56.01,56.02,57.78,55.55,84720,685610976.00,3.98,0.04,0.02,7.43
2019-03-05,55.06,55.68,55.70,54.62,67613,534022528.00,1.93,-0.61,-0.34,5.93
2019-03-06,55.86,56.83,57.40,55.86,95222,774209392.00,2.77,2.07,1.15,8.35
2019-03-07,56.70,57.54,59.06,55.40,100611,827150096.00,6.44,1.25,0.71,8.83
2019-03-08,56.41,53.03,56.41,53.03,87432,688516976.00,5.87,-7.84,-4.51,7.67
2019-03-11,51.66,54.49,54.50,51.66,51791,399524912.00,5.36,2.75,1.46,4.54
2019-03-12,54.63,54.52,55.77,53.89,58143,457692144.00,3.45,0.06,0.03,5.10
2019-03-13,55.05,55.91,57.10,54.53,87588,703373568.00,4.71,2.55,1.39,7.68
2019-03-14,55.73,56.84,58.79,55.32,99348,815970848.00,6.21,1.66,0.93,8.72
2019-03-15,57.62,56.46,57.73,55.77,56152,453871872.00,3.45,-0.67,-0.38,4.93
2019-03-18,56.84,59.25,59.41,56.84,102709,857190496.00,4.55,4.94,2.79,9.01
2019-03-19,59.34,57.96,59.35,57.52,66586,553974960.00,3.09,-2.18,-1.29,5.84
2019-03-20,57.70,56.20,57.74,55.46,60217,486652416.00,3.93,-3.04,-1.76,5.28
2019-03-21,56.15,55.90,56.86,55.43,45837,368694672.00,2.54,-0.53,-0.30,4.02
2019-03-22,56.20,55.12,56.20,54.34,40373,319252240.00,3.33,-1.40,-0.78,3.54
2019-03-25,54.34,53.64,54.95,53.62,38095,296436336.00,2.41,-2.69,-1.48,3.34
2019-03-26,53.82,54.31,55.65,53.82,46815,367975056.00,3.41,1.25,0.67,4.11
2019-03-27,54.55,54.00,55.45,52.91,44116,342056896.00,4.68,-0.57,-0.31,3.87
2019-03-28,54.34,54.20,55.05,54.01,31635,247656870.00,1.93,0.37,0.20,2.78
2019-03-29,53.69,55.25,55.40,53.52,40194,315451616.00,3.47,1.94,1.05,3.53
2019-04-01,57.09,60.91,60.91,57.09,148326,1263697232.00,6.91,10.24,5.66,13.01
2019-04-02,62.91,66.48,67.14,60.91,171276,1548950208.00,10.23,9.14,5.57,15.03
2019-04-03,64.85,68.98,72.55,64.34,147216,1447261328.00,12.35,3.76,2.50,12.92
2019-04-04,71.91,70.70,74.75,70.62,116041,1199456688.00,5.99,2.49,1.72,10.18
2019-04-08,72.85,72.82,73.70,69.42,104769,1072909504.00,6.05,3.00,2.12,9.19
2019-04-09,70.77,69.41,72.20,69.06,77568,776862352.00,4.31,-4.68,-3.41,6.81
2019-04-10,62.91,62.52,66.47,62.39,126272,1157211360.00,5.88,-9.93,-6.89,11.08
2019-04-11,62.49,64.18,65.87,62.49,73006,670314464.00,5.41,2.66,1.66,6.40
2019-04-12,63.62,63.76,65.11,61.85,53050,482256352.00,5.08,-0.65,-0.42,4.65
2019-04-15,65.05,62.70,65.41,62.12,62140,560999200.00,5.16,-1.66,-1.06,5.45
2019-04-16,62.62,64.19,64.20,61.20,62294,559693520.00,4.78,2.38,1.49,5.47
2019-04-17,64.34,64.80,66.45,64.33,60641,565297072.00,3.30,0.95,0.61,5.32
2019-04-18,64.34,62.72,64.34,62.21,50733,456911744.00,3.29,-3.21,-2.08,4.45
2019-04-19,62.37,61.45,63.20,60.98,48796,429999216.00,3.54,-2.02,-1.27,4.28
2019-04-22,62.16,57.76,62.16,57.32,76581,642132928.00,7.88,-6.00,-3.69,6.72
2019-04-23,58.15,57.07,58.15,56.20,43537,355547168.00,3.38,-1.19,-0.69,3.82
2019-04-24,56.71,58.27,58.30,56.70,30784,254034926.00,2.80,2.10,1.20,2.70
2019-04-25,58.27,55.97,58.27,55.77,33218,270942096.00,4.29,-3.95,-2.30,2.91
2019-04-26,56.77,54.46,56.77,52.91,42742,336251248.00,6.90,-2.70,-1.51,3.75
2019-04-29,54.00,48.87,54.02,48.87,58265,419358000.00,9.46,-10.26,-5.59,5.11
2019-04-30,47.84,48.90,49.91,46.41,36259,253619084.00,7.16,0.06,0.03,3.18
2019-05-06,46.22,45.38,48.05,44.35,41633,278630400.00,7.57,-7.20,-3.52,3.65
2019-05-07,46.39,45.97,47.20,45.12,33183,221061488.00,4.58,1.30,0.59,2.91
2019-05-08,45.05,45.57,46.59,44.50,27474,181208421.00,4.55,-0.87,-0.40,2.41
2019-05-09,45.52,45.02,45.90,44.84,21876,143248981.00,2.33,-1.21,-0.55,1.92
2019-05-10,45.55,46.50,46.62,44.52,32986,218413966.00,4.66,3.29,1.48,2.89
2019-05-13,46.42,46.09,47.41,45.92,32116,215569100.00,3.20,-0.88,-0.41,2.82
2019-05-14,45.12,45.34,45.98,45.05,23512,153920318.00,2.02,-1.63,-0.75,2.06
2019-05-15,45.77,45.90,45.91,45.45,20664,136289087.00,1.01,1.24,0.56,1.81
2019-05-16,45.76,47.43,47.91,45.62,46390,316207280.00,4.99,3.33,1.53,4.07
2019-05-17,47.64,45.35,47.66,44.53,37355,246943380.00,6.60,-4.39,-2.08,3.28
2019-05-20,45.04,43.70,45.04,41.48,27961,175224877.00,7.85,-3.64,-1.65,2.45
2019-05-21,43.61,45.35,45.72,42.93,39863,256347871.00,6.38,3.78,1.65,3.50
2019-05-22,45.05,43.90,45.40,43.64,27677,177170059.00,3.88,-3.20,-1.45,2.43
2019-05-23,43.89,42.66,43.89,42.22,22000,135960398.00,3.80,-2.82,-1.24,1.93
2019-05-24,42.30,42.35,43.35,41.91,13525,83307364.00,3.38,-0.73,-0.31,1.19
2019-05-27,42.82,43.77,43.85,42.74,23268,145706473.00,2.62,3.35,1.42,2.04
2019-05-28,43.55,43.00,43.98,42.80,22718,142888000.00,2.70,-1.76,-0.77,1.99
2019-05-29,43.05,43.48,44.21,43.02,23004,145084365.00,2.77,1.12,0.48,2.02
2019-05-30,43.34,44.91,46.25,42.67,57541,371120032.00,8.23,3.29,1.43,5.05
2019-05-31,44.30,44.31,45.41,43.77,34590,222924258.00,3.65,-1.34,-0.60,3.03
2019-06-03,44.27,42.70,44.61,42.20,31285,194634586.00,5.44,-3.63,-1.61,2.74
2019-06-04,42.69,42.10,43.12,41.85,18486,113019291.00,2.97,-1.41,-0.60,1.62
2019-06-05,42.55,41.60,42.75,41.50,16876,102624936.00,2.97,-1.19,-0.50,1.48
2019-06-06,41.60,40.95,41.95,40.10,23028,136776637.00,4.45,-1.56,-0.65,2.02
2019-06-10,41.08,41.41,41.85,40.80,15990,95779091.00,2.56,1.12,0.46,1.40
2019-06-11,41.42,42.91,43.02,41.27,30714,188150783.00,4.23,3.62,1.50,2.69
2019-06-12,43.12,42.57,44.97,42.55,42544,268335891.00,5.64,-0.79,-0.34,3.73
2019-06-13,41.91,42.24,42.98,41.91,24889,152100936.00,2.51,-0.78,-0.33,2.18
2019-06-14,42.76,42.09,43.23,41.84,29111,178521249.00,3.29,-0.36,-0.15,2.55
2019-06-17,41.63,41.78,42.59,41.58,17274,104922198.00,2.40,-0.74,-0.31,1.52
2019-06-18,41.89,41.48,42.09,40.85,20636,123283508.00,2.97,-0.72,-0.30,1.81
2019-06-19,42.33,41.48,42.59,41.40,24136,146526249.00,2.87,0.00,0.00,2.12
2019-06-20,41.52,41.34,41.90,40.45,38346,228892334.00,3.50,-0.34,-0.14,3.36
2019-06-21,41.84,42.13,42.52,41.58,37170,226174056.00,2.27,1.91,0.79,3.26
2019-06-24,42.27,42.15,42.41,41.56,25446,154406693.00,2.02,0.05,0.02,2.23
2019-06-25,42.10,41.23,42.10,40.86,22215,132831038.00,2.94,-2.18,-0.92,1.95
2019-06-26,41.28,40.97,41.44,40.77,18540,110150527.00,1.63,-0.63,-0.26,1.63
2019-06-27,41.00,40.90,41.25,40.88,18316,108588263.00,0.90,-0.17,-0.07,1.61
2019-06-28,40.92,41.48,41.48,40.62,24616,146424784.00,2.10,1.42,0.58,2.16
2019-07-01,41.84,42.63,43.11,41.52,45120,275531200.00,3.83,2.77,1.15,3.96
2019-07-02,42.30,46.37,46.91,41.91,101409,651374960.00,11.73,8.77,3.74,8.90
2019-07-03,45.34,48.15,49.91,45.12,95552,653684848.00,10.33,3.84,1.78,8.38
2019-07-04,48.15,47.55,49.21,46.97,54125,374531264.00,4.65,-1.25,-0.60,4.75
2019-07-05,47.20,47.32,48.23,46.77,30167,206229502.00,3.07,-0.48,-0.23,2.65
2019-07-08,47.05,44.98,47.08,44.55,42850,279948608.00,5.35,-4.95,-2.34,3.76
2019-07-09,44.34,46.45,46.82,44.34,36109,237693764.00,5.51,3.27,1.47,3.17
2019-07-10,45.94,44.77,46.18,44.00,39331,178821712.00,4.69,-3.62,-1.68,2.46
2019-07-11,44.97,44.80,46.22,43.80,34452,157755993.00,5.41,0.07,0.03,2.16
2019-07-12,44.63,44.21,45.07,44.01,24294,110070296.00,2.37,-1.32,-0.59,1.52
2019-07-15,43.12,45.16,45.84,42.39,45948,209387040.00,7.80,2.15,0.95,2.88
2019-07-16,45.33,45.24,45.72,44.86,20732,95097859.00,1.90,0.18,0.08,1.30
2019-07-17,44.84,44.94,45.37,44.49,22135,101073024.00,1.95,-0.66,-0.30,1.39
2019-07-18,45.13,44.94,46.28,44.73,30693,141768580.00,3.45,0.00,0.00,1.92
2019-07-19,46.34,45.04,46.34,45.01,27936,129001395.00,2.96,0.22,0.10,1.75
2019-07-22,44.34,42.51,44.64,41.74,37594,163916424.00,6.44,-5.62,-2.53,2.36
2019-07-23,42.50,42.54,43.10,41.84,18066,77953736.00,2.96,0.07,0.03,1.13
2019-07-24,42.90,42.89,43.63,42.59,21855,95788604.00,2.44,0.82,0.35,1.37
2019-07-25,41.66,41.07,41.66,40.65,48060,200585039.00,2.35,-4.24,-1.82,3.01
2019-07-26,41.09,44.00,44.34,40.79,62826,273244000.00,8.64,7.13,2.93,3.94
2019-07-29,43.44,45.05,46.19,43.10,54014,244281442.00,7.02,2.39,1.05,3.38
2019-07-30,45.34,45.69,46.82,45.34,52225,244559231.00,3.29,1.42,0.64,3.27
2019-07-31,46.34,47.25,48.58,45.04,70341,333116096.00,7.75,3.41,1.56,4.41
2019-08-01,47.04,49.28,50.72,46.94,89041,444758368.00,8.00,4.30,2.03,5.58
2019-08-02,47.82,47.94,49.75,47.37,53125,260370073.00,4.83,-2.72,-1.34,3.33
2019-08-05,48.34,46.94,49.24,46.84,50020,242997769.00,5.01,-2.09,-1.00,3.13
2019-08-06,46.24,47.50,48.84,46.02,57043,274160912.00,6.01,1.19,0.56,3.57
2019-08-07,52.32,52.32,52.32,52.32,18884,100048014.00,0.00,10.15,4.82,1.18
2019-08-08,57.62,57.62,57.62,55.34,222628,1284687392.00,4.36,10.13,5.30,13.95
2019-08-09,55.84,56.33,57.91,55.44,171439,982220912.00,4.29,-2.24,-1.29,10.74
2019-08-12,55.84,55.36,55.84,52.89,124884,688561056.00,5.24,-1.72,-0.97,7.83
2019-08-13,54.49,55.33,57.34,54.49,103959,591168080.00,5.15,-0.05,-0.03,6.51
2019-08-14,55.64,60.29,60.78,53.84,149935,881514960.00,12.54,8.96,4.96,9.40
2019-08-15,58.54,60.87,62.99,58.34,119728,736890976.00,7.71,0.96,0.58,7.50
2019-08-16,60.29,59.55,61.79,59.42,73292,446667904.00,3.89,-2.17,-1.32,4.59
2019-08-19,59.63,60.80,61.21,57.49,92522,558632384.00,6.25,2.10,1.25,5.80
2019-08-20,60.04,60.28,63.52,59.66,101391,630754384.00,6.35,-0.86,-0.52,6.35
2019-08-21,60.04,58.63,60.13,58.12,72635,432565872.00,3.33,-2.74,-1.65,4.55
2019-08-22,58.14,57.64,58.61,56.70,70707,411524144.00,3.26,-1.69,-0.99,4.43
2019-08-23,58.74,56.14,58.99,55.94,64622,372831104.00,5.29,-2.60,-1.50,4.05
2019-08-26,54.15,54.52,55.64,54.02,59912,331828032.00,2.89,-2.89,-1.62,3.75
2019-08-27,55.19,54.33,55.62,53.90,54096,299897024.00,3.15,-0.35,-0.19,3.39
2019-08-28,54.75,54.06,55.19,53.60,42832,235799839.00,2.93,-0.50,-0.27,2.68
2019-08-29,54.22,53.74,54.84,53.40,41167,225041202.00,2.66,-0.59,-0.32,2.58
2019-08-30,54.34,56.28,56.69,53.54,83408,468489104.00,5.86,4.73,2.54,5.23
2019-09-02,58.23,56.96,58.54,56.54,66680,386388416.00,3.55,1.21,0.68,4.18
2019-09-03,57.34,61.32,61.34,56.40,101037,602099616.00,8.67,7.65,4.36,6.33
2019-09-04,59.94,59.95,63.20,59.81,93011,575182656.00,5.53,-2.23,-1.37,5.83
2019-09-05,60.05,60.46,61.54,59.19,83272,507208352.00,3.92,0.85,0.51,5.22
2019-09-06,60.50,58.83,61.08,58.72,62496,378181904.00,3.90,-2.70,-1.63,3.92
2019-09-09,59.54,60.75,61.09,58.34,67750,414020816.00,4.67,3.26,1.92,4.25
2019-09-10,61.54,65.89,66.89,61.54,126094,834670368.00,8.81,8.46,5.14,7.90
2019-09-11,65.35,65.49,67.34,64.14,82086,544226976.00,4.86,-0.61,-0.40,5.14
2019-09-12,67.35,65.04,68.32,64.22,61732,409868496.00,6.26,-0.69,-0.45,3.87
2019-09-16,64.67,65.44,65.84,62.44,79002,508697104.00,5.23,0.62,0.40,4.95
2019-09-17,64.74,62.24,64.89,62.19,57772,371262064.00,4.13,-4.89,-3.20,3.62
2019-09-18,62.24,62.64,62.84,60.42,54519,338665776.00,3.89,0.64,0.40,3.42
2019-09-19,62.34,62.56,63.21,61.33,39013,245879469.00,3.00,-0.13,-0.08,2.44
2019-09-20,62.54,61.27,62.67,61.05,37825,235341030.00,2.59,-2.06,-1.29,2.37
2019-09-23,61.14,61.84,62.33,60.43,38021,236898000.00,3.10,0.93,0.57,2.38
2019-09-24,62.44,65.60,66.22,62.44,83094,538671552.00,6.11,6.08,3.76,5.21
2019-09-25,65.66,67.29,71.04,64.49,113426,773680768.00,9.98,2.58,1.69,7.11
2019-09-26,67.29,66.56,69.14,64.89,102389,691795248.00,6.32,-1.08,-0.73,6.42
2019-09-27,66.26,66.98,68.03,64.85,66039,445876464.00,4.78,0.63,0.42,4.14
2019-09-30,66.37,62.04,66.44,61.52,67345,435096784.00,7.35,-7.38,-4.94,4.22
2019-10-08,61.76,60.41,61.76,56.64,54792,331102144.00,8.25,-2.63,-1.63,3.43
2019-10-09,59.24,60.40,61.01,58.69,32078,194755841.00,3.84,-0.02,-0.01,2.01
2019-10-10,60.74,59.92,60.85,59.24,34347,207982355.00,2.67,-0.79,-0.48,2.15
2019-10-11,59.14,56.42,59.64,55.91,102906,594188976.00,6.22,-5.84,-3.50,6.45
2019-10-14,56.42,58.24,60.34,56.34,90883,537691408.00,7.09,3.23,1.82,5.69
2019-10-15,58.34,56.74,58.67,56.61,57249,331286352.00,3.54,-2.58,-1.50,3.59
2019-10-16,56.14,54.87,57.53,54.32,57045,322272016.00,5.66,-3.30,-1.87,3.57
2019-10-17,55.24,54.35,55.56,53.64,62078,342498784.00,3.50,-0.95,-0.52,3.89
2019-10-18,54.93,53.49,55.12,53.36,49066,268899696.00,3.24,-1.58,-0.86,3.07
2019-10-21,53.34,52.92,53.82,51.77,40416,215940668.00,3.83,-1.07,-0.57,2.53
2019-10-22,53.00,53.60,54.29,53.00,39732,216022733.00,2.44,1.28,0.68,2.49
2019-10-23,54.22,51.97,54.22,51.65,48327,256833453.00,4.79,-3.04,-1.63,3.03
2019-10-24,51.98,51.91,52.56,51.33,31563,165925833.00,2.37,-0.12,-0.06,1.98
2019-10-25,51.45,51.94,52.24,51.24,29601,155294353.00,1.93,0.06,0.03,1.85
2019-10-28,51.94,55.45,55.79,51.66,81333,448335792.00,7.95,6.76,3.51,5.10
2019-10-29,54.54,54.64,55.89,54.39,53365,297840368.00,2.71,-1.46,-0.81,3.34
2019-10-30,54.64,54.74,55.69,53.92,34904,193002820.00,3.24,0.18,0.10,2.19
2019-10-31,55.34,55.31,56.54,54.76,49912,281063040.00,3.25,1.04,0.57,3.13
2019-11-01,54.67,54.64,55.14,53.52,39988,220089849.00,2.93,-1.21,-0.67,2.51
2019-11-04,54.63,55.77,56.64,54.14,47945,270308080.00,4.58,2.07,1.13,3.00
2019-11-05,55.87,59.94,61.41,55.77,132087,790396224.00,10.11,7.48,4.17,8.28
2019-11-06,59.94,61.14,63.61,59.83,113868,706543168.00,6.31,2.00,1.20,7.14
2019-11-07,61.04,60.60,61.04,58.65,65661,398762768.00,3.91,-0.88,-0.54,4.11
2019-11-08,60.61,59.98,61.76,59.77,52770,323615696.00,3.28,-1.02,-0.62,3.31
2019-11-11,58.85,58.44,60.24,58.12,46415,276699696.00,3.53,-2.57,-1.54,2.91
2019-11-12,58.24,59.11,59.83,57.04,47571,281578816.00,4.77,1.15,0.67,2.98
2019-11-13,58.74,58.25,59.59,57.74,35496,210614653.00,3.13,-1.45,-0.86,2.22
2019-11-14,57.34,56.14,57.64,54.14,91713,517722736.00,6.01,-3.62,-2.11,5.75
2019-11-15,56.16,55.96,56.54,54.84,46098,259717145.00,3.03,-0.32,-0.18,2.89
2019-11-18,55.26,56.70,56.80,54.64,35897,203114363.00,3.86,1.32,0.74,2.25
2019-11-19,56.39,60.84,60.97,56.24,79734,479754608.00,8.34,7.30,4.14,5.00
2019-11-20,60.33,61.10,62.84,60.33,84025,524091008.00,4.13,0.43,0.26,5.27
2019-11-21,61.10,61.51,63.10,60.79,57835,362007776.00,3.78,0.67,0.41,3.62
2019-11-22,63.60,61.34,64.84,60.51,79794,505988784.00,7.04,-0.28,-0.17,5.00
2019-11-25,61.48,62.86,64.10,60.34,73701,466083632.00,6.13,2.48,1.52,4.62
2019-11-26,62.84,64.39,65.20,61.39,74490,479635792.00,6.06,2.43,1.53,4.67
2019-11-27,66.74,68.20,70.44,64.54,110742,755254880.00,9.16,5.92,3.81,6.94
2019-11-28,68.00,65.85,68.63,65.24,71654,483267536.00,4.97,-3.45,-2.35,4.49
2019-11-29,66.11,64.80,66.55,63.78,60005,394887328.00,4.21,-1.59,-1.05,3.76
2019-12-02,64.69,63.19,65.07,62.73,50146,323063536.00,3.61,-2.48,-1.61,3.14
2019-12-03,63.34,63.99,64.11,62.26,48535,310335632.00,2.93,1.27,0.80,3.04
2019-12-04,64.34,66.56,67.64,63.99,71905,481620944.00,5.70,4.02,2.57,4.51
2019-12-05,65.84,68.18,69.29,65.34,73795,503771728.00,5.93,2.43,1.62,4.62
2019-12-06,68.03,67.00,68.93,66.82,46934,320662944.00,3.09,-1.73,-1.18,2.94
2019-12-09,67.71,65.73,67.79,65.50,45296,302949216.00,3.42,-1.90,-1.27,2.84
2019-12-10,65.27,66.42,67.09,64.34,37096,247679911.00,4.18,1.05,0.69,2.32
2019-12-11,65.84,64.60,66.83,63.65,48912,320071712.00,4.79,-2.74,-1.82,3.06
2019-12-12,64.45,64.31,65.87,63.92,35939,235362889.00,3.02,-0.45,-0.29,2.25
2019-12-13,64.84,67.02,67.14,64.39,62256,415314496.00,4.28,4.21,2.71,3.90
2019-12-16,66.84,66.66,67.33,64.94,63483,423107872.00,3.57,-0.54,-0.36,3.98
2019-12-17,67.22,68.96,71.93,67.22,92483,649424128.00,7.07,3.45,2.30,5.80
2019-12-18,67.89,69.54,71.29,67.37,66077,458155680.00,5.68,0.84,0.58,4.14
2019-12-19,69.34,69.67,71.05,68.44,40761,286247680.00,3.75,0.19,0.13,2.55
2019-12-20,68.89,69.02,71.25,68.81,54654,387307248.00,3.50,-0.93,-0.65,3.42
2019-12-23,67.37,70.34,73.28,67.31,75094,539165728.00,8.65,1.91,1.32,4.71
2019-12-24,70.84,77.44,77.44,70.11,105670,790527504.00,10.42,10.09,7.10,6.62
2019-12-25,76.33,76.87,77.89,74.84,95315,733423552.00,3.94,-0.74,-0.57,5.97
2019-12-26,74.84,76.24,77.35,73.73,74215,566921584.00,4.71,-0.82,-0.63,4.65
2019-12-27,76.84,78.48,83.92,76.01,98699,796195568.00,10.38,2.94,2.24,6.18
2019-12-30,80.80,79.04,82.34,77.90,77601,622980464.00,5.66,0.71,0.56,4.86
2019-12-31,77.13,81.73,82.73,77.13,66897,545319584.00,7.09,3.40,2.69,4.19