2013-01-04,6.55,6.28,6.56,6.19,106037,119301156.00,5.72,-2.94,-0.19,3.56
2013-01-07,6.32,6.56,6.58,6.29,120962,137814637.00,4.62,4.46,0.28,4.06
2013-01-08,6.57,6.98,7.18,6.52,193154,228600150.00,10.06,6.40,0.42,6.49
2013-01-09,6.99,7.13,7.28,6.82,181481,219218831.00,6.59,2.15,0.15,6.10
2013-01-10,7.12,7.96,8.15,6.99,243576,308098416.00,16.27,11.64,0.83,8.18
2013-01-11,7.64,7.49,7.88,7.30,234861,297832240.00,7.29,-5.90,-0.47,7.89
2013-01-14,7.41,7.89,7.94,7.28,183740,234623217.00,8.81,5.34,0.40,6.17
2013-01-15,7.90,7.93,8.12,7.74,134567,176241578.00,4.82,0.51,0.04,4.52
2013-01-16,7.93,7.75,7.93,7.62,86874,111827640.00,3.91,-2.27,-0.18,2.92
2013-01-17,7.73,7.43,7.84,7.43,72845,92114402.00,5.29,-4.13,-0.32,2.45
2013-01-18,7.43,7.60,7.65,7.30,66981,84307843.00,4.71,2.29,0.17,2.25
2013-01-21,7.60,8.02,8.06,7.58,103204,134196813.00,6.32,5.53,0.42,3.47
2013-01-22,8.01,7.86,8.01,7.69,61064,79054235.00,3.99,-2.00,-0.16,2.05
2013-01-23,7.80,7.84,7.85,7.62,49096,63034429.00,2.93,-0.25,-0.02,1.65
2013-01-24,7.82,7.69,8.04,7.53,79248,102476722.00,6.51,-1.91,-0.15,2.66
2013-01-25,7.76,7.77,7.97,7.62,70275,90989817.00,4.55,1.04,0.08,2.36
2013-01-28,7.77,8.37,8.39,7.77,117577,156142930.00,7.98,7.72,0.60,3.95
2013-01-29,8.37,8.30,8.37,8.12,71325,95838440.00,2.99,-0.84,-0.07,2.40
2013-01-30,8.29,8.20,8.34,8.03,54402,72501988.00,3.73,-1.20,-0.10,1.83
2013-01-31,8.14,8.12,8.18,7.91,44124,58193320.00,3.29,-0.98,-0.08,1.48
2013-02-01,8.09,8.09,8.22,7.97,50998,67649679.00,3.08,-0.37,-0.03,1.71
2013-02-04,8.15,7.77,8.33,7.62,88548,116030600.00,8.78,-3.96,-0.32,2.98
2013-02-05,7.62,7.82,7.84,7.53,39983,51279249.00,3.99,0.64,0.05,1.34
2013-02-06,7.72,7.49,7.90,7.34,175077,220461577.00,7.16,-4.22,-0.33,5.88
2013-02-07,7.41,7.63,7.65,7.32,89265,112522172.00,4.41,1.87,0.14,3.00
2013-02-08,7.56,8.23,8.40,7.51,152874,201965278.00,11.66,7.86,0.60,5.14
2013-02-18,8.20,8.25,8.36,8.07,80807,108453993.00,3.52,0.24,0.02,2.72
2013-02-19,8.19,8.30,8.58,8.18,102926,139947788.00,4.85,0.61,0.05,3.46
2013-02-20,8.31,9.30,9.43,8.17,237635,338096880.00,15.18,12.05,1.00,7.98
2013-02-21,9.15,9.17,9.43,8.77,157609,226734797.00,7.10,-1.40,-0.13,5.30
2013-02-22,9.13,8.73,9.17,8.67,88057,124941134.00,5.45,-4.80,-0.44,2.96
2013-02-25,8.73,8.75,8.83,8.51,67489,94160125.00,3.67,0.23,0.02,2.27
2013-02-26,8.69,8.84,9.23,8.61,99802,142659432.00,7.09,1.03,0.09,3.35
2013-02-27,8.77,8.63,9.03,8.50,55211,77557552.00,6.00,-2.38,-0.21,1.86
2013-02-28,8.72,8.89,8.90,8.45,54125,75455839.00,5.21,3.01,0.26,1.82
2013-03-01,8.90,9.00,9.07,8.82,72125,102596850.00,2.81,1.24,0.11,2.42
2013-03-04,8.90,8.82,9.20,8.60,87291,124158414.00,6.67,-2.00,-0.18,2.93
2013-03-05,8.75,9.10,9.17,8.75,82377,118078818.00,4.76,3.17,0.28,2.77
2013-03-06,9.11,9.32,9.73,9.07,112433,166018319.00,7.25,2.42,0.22,3.78
2013-03-07,9.32,8.95,9.44,8.77,83395,120225584.00,7.19,-3.97,-0.37,2.80
2013-03-08,8.92,8.60,9.06,8.39,88152,122555527.00,7.49,-3.91,-0.35,2.96
2013-03-11,8.58,8.43,8.59,8.34,49603,67880162.00,2.91,-1.98,-0.17,1.67
2013-03-12,8.41,7.93,8.53,7.69,93413,122866543.00,9.96,-5.93,-0.50,3.14
2013-03-13,7.87,7.77,7.90,7.61,40047,51470482.00,3.66,-2.02,-0.16,1.35
2013-03-14,7.74,7.87,8.02,7.73,38847,50647038.00,3.73,1.29,0.10,1.31
2013-03-15,7.87,7.72,8.08,7.64,61833,80437948.00,5.59,-1.91,-0.15,2.08
2013-03-18,7.69,7.67,7.93,7.64,42181,54503289.00,3.76,-0.65,-0.05,1.42
2013-03-19,7.63,6.84,7.70,6.64,126440,151851780.00,13.82,-10.82,-0.83,4.25
2013-03-20,6.80,7.04,7.06,6.69,91777,109439500.00,5.41,2.92,0.20,3.08
2013-03-21,7.05,7.28,7.35,6.97,81803,100152466.00,5.40,3.41,0.24,2.75
2013-03-22,7.25,7.24,7.31,7.08,57990,70873976.00,3.16,-0.55,-0.04,1.95
2013-03-25,7.26,7.29,7.43,7.25,49692,61496746.00,2.49,0.69,0.05,1.67
2013-03-26,7.29,7.15,7.31,6.95,47438,57506824.00,4.94,-1.92,-0.14,1.59
2013-03-27,7.17,7.56,7.60,7.17,88321,110711375.00,6.01,5.73,0.41,2.97
2013-03-28,7.47,7.36,7.49,7.17,62088,77081466.00,4.23,-2.65,-0.20,2.09
2013-03-29,7.31,7.22,7.45,7.16,39339,48647010.00,3.94,-1.90,-0.14,1.32
2013-04-01,7.22,7.29,7.38,7.13,37325,45950466.00,3.46,0.97,0.07,1.25
2013-04-02,7.29,6.81,7.31,6.78,61427,73642463.00,7.27,-6.58,-0.48,2.06
2013-04-03,6.84,6.88,7.01,6.68,38360,45454348.00,4.85,1.03,0.07,1.29
2013-04-08,6.97,7.14,7.23,6.74,47253,56874519.00,7.12,3.78,0.26,1.59
2013-04-09,7.15,7.03,7.17,6.95,34463,41548258.00,3.08,-1.54,-0.11,1.16
2013-04-10,7.01,6.88,7.02,6.72,35484,42099832.00,4.27,-2.13,-0.15,1.19
2013-04-11,6.96,6.89,6.99,6.82,23118,27471592.00,2.47,0.15,0.01,0.78
2013-04-12,6.86,6.45,6.86,6.43,65907,75927018.00,6.24,-6.39,-0.44,2.21
2013-04-15,6.43,6.38,6.52,6.35,23155,26255199.00,2.64,-1.09,-0.07,0.78
2013-04-16,6.33,6.51,6.55,6.25,20335,23075702.00,4.70,2.04,0.13,0.68
2013-04-17,6.51,6.52,6.58,6.46,26042,29838846.00,1.84,0.15,0.01,0.88
2013-04-18,6.49,6.52,6.60,6.45,24301,27848309.00,2.30,0.00,0.00,0.82
2013-04-19,6.49,6.77,6.83,6.47,49203,57468816.00,5.52,3.83,0.25,1.65
2013-04-22,6.82,6.94,7.03,6.80,53287,63577160.00,3.40,2.51,0.17,1.79
2013-04-23,6.93,6.62,6.95,6.53,39366,45861972.00,6.05,-4.61,-0.32,1.32
2013-04-24,6.89,7.32,7.34,6.86,125243,152401155.00,7.25,10.57,0.70,4.21
2013-04-25,7.25,7.43,7.72,7.17,138138,174327538.00,7.51,1.50,0.11,4.64
2013-04-26,7.43,7.83,8.01,7.31,143985,184543208.00,9.42,5.38,0.40,4.84
2013-05-02,7.77,7.93,7.99,7.63,98175,127839191.00,4.60,1.28,0.10,3.30
2013-05-03,7.90,8.34,8.38,7.84,133780,178712708.00,6.81,5.17,0.41,4.50
2013-05-06,8.34,8.30,8.84,8.25,155545,213727522.00,7.07,-0.48,-0.04,5.23
2013-05-07,8.19,8.29,8.41,7.96,138178,184282885.00,5.42,-0.12,-0.01,4.64
2013-05-08,8.23,8.33,8.49,8.05,94403,127151257.00,5.31,0.48,0.04,3.17
2013-05-09,8.25,8.11,8.30,7.97,84393,112040797.00,3.96,-2.64,-0.22,2.84
2013-05-10,8.10,7.92,8.25,7.77,111490,146035324.00,5.92,-2.34,-0.19,3.75
2013-05-13,7.86,7.98,8.06,7.79,76664,100113546.00,3.41,0.76,0.06,2.58
2013-05-14,7.95,8.17,8.30,7.89,106531,141779125.00,5.14,2.38,0.19,3.58
2013-05-15,8.16,8.21,8.27,7.91,86064,114239921.00,4.41,0.49,0.04,2.89
2013-05-16,8.18,8.53,8.62,8.06,122621,166929812.00,6.82,3.90,0.32,4.12
2013-05-20,8.53,8.02,8.53,7.61,180474,235792050.00,10.79,-5.98,-0.51,6.06
2013-05-21,7.90,7.95,7.98,7.83,87773,114667810.00,1.87,-0.87,-0.07,2.95
2013-05-22,7.94,8.02,8.03,7.77,95807,125170676.00,3.27,0.88,0.07,3.22
2013-05-23,7.94,7.93,8.20,7.90,92707,122787021.00,3.74,-1.12,-0.09,3.12
2013-05-24,7.97,7.90,8.09,7.79,59456,77558893.00,3.78,-0.38,-0.03,2.00
2013-05-27,7.87,8.24,8.25,7.77,85711,113000512.00,6.08,4.30,0.34,2.88
2013-05-28,8.23,8.16,8.34,8.05,79019,105442579.00,3.52,-0.97,-0.08,2.66
2013-05-29,8.19,8.46,8.55,8.15,106622,145110576.00,4.90,3.68,0.30,3.58
2013-05-30,8.40,8.71,8.81,8.37,115347,160673296.00,5.20,2.96,0.25,3.88
2013-05-31,8.71,8.72,9.17,8.54,150188,212503622.00,7.23,0.11,0.01,5.05
2013-06-03,8.70,9.03,9.30,8.68,136041,196214482.00,7.11,3.56,0.31,4.57
2013-06-04,8.99,8.54,8.99,8.43,108387,150493068.00,6.20,-5.43,-0.49,3.64
2013-06-05,8.48,9.07,9.07,8.48,89582,126239954.00,6.91,6.21,0.53,3.01
2013-06-06,9.16,8.74,9.38,8.59,132241,188054019.00,8.71,-3.64,-0.33,4.44
2013-06-07,8.69,8.03,8.75,7.95,130522,175693278.00,9.15,-8.12,-0.71,4.39
2013-06-13,7.80,7.53,7.80,7.43,73199,92994244.00,4.61,-6.23,-0.50,2.46
2013-06-14,7.67,7.85,7.91,7.53,61261,78977892.00,5.05,4.25,0.32,2.06
2013-06-17,7.83,8.03,8.25,7.74,79580,105149494.00,6.50,2.29,0.18,2.67
2013-06-18,8.03,8.02,8.13,7.90,37322,49251443.00,2.86,-0.12,-0.01,1.25
2013-06-19,7.95,7.87,7.95,7.69,46849,60570359.00,3.24,-1.87,-0.15,1.57
2013-06-20,7.82,7.19,7.84,7.18,59373,75194141.00,8.39,-8.64,-0.68,2.00
2013-06-21,6.99,7.11,7.32,6.90,55820,67647694.00,5.84,-1.11,-0.08,1.88
2013-06-24,7.05,6.54,7.13,6.44,56353,66195380.00,9.70,-8.02,-0.57,1.89
2013-06-25,6.50,6.38,6.70,5.69,84206,93529881.00,15.44,-2.45,-0.16,2.83
2013-06-26,6.33,6.56,6.60,6.16,58927,66450335.00,6.90,2.82,0.18,1.98
2013-06-27,6.63,6.29,6.81,6.23,65630,74147408.00,8.84,-4.12,-0.27,2.21
2013-06-28,6.30,6.35,6.48,6.17,51842,57006614.00,4.93,0.95,0.06,1.74
2013-07-01,6.32,6.58,6.61,6.22,40172,44954523.00,6.14,3.62,0.23,1.35
2013-07-02,6.57,6.97,6.99,6.50,71125,82681461.00,7.45,5.93,0.39,2.39
2013-07-03,6.97,7.32,7.39,6.87,102127,123288167.00,7.46,5.02,0.35,3.43
2013-07-04,7.21,7.22,7.43,7.17,53456,64971207.00,3.55,-1.37,-0.10,1.80
2013-07-05,7.24,6.89,7.27,6.89,55484,65996816.00,5.26,-4.57,-0.33,1.86
2013-07-08,6.69,6.97,7.44,6.57,73694,87531999.00,12.63,1.16,0.08,2.48
2013-07-09,6.97,7.09,7.25,6.86,48680,57876318.00,5.60,1.72,0.12,1.64
2013-07-10,7.04,7.47,7.47,7.00,64439,78595554.00,6.63,5.36,0.38,2.17
2013-07-11,7.43,7.62,7.75,7.36,81124,101115055.00,5.22,2.01,0.15,2.73
2013-07-12,7.51,7.38,7.74,7.37,58959,73366422.00,4.86,-3.15,-0.24,1.98
2013-07-15,7.37,7.60,7.74,7.37,61528,77018697.00,5.01,2.98,0.22,2.07
2013-07-16,7.62,7.84,7.84,7.51,65117,82212087.00,4.34,3.16,0.24,2.19
2013-07-17,7.77,7.38,7.80,7.36,91158,113247818.00,5.61,-5.87,-0.46,3.06
2013-07-18,7.39,7.19,7.43,7.16,76402,92514916.00,3.66,-2.57,-0.19,2.57
2013-07-19,7.20,6.72,7.25,6.68,108086,127199756.00,7.93,-6.54,-0.47,3.63
2013-07-22,6.63,6.94,6.95,6.56,47026,54232461.00,5.80,3.27,0.22,1.58
2013-07-23,6.91,7.24,7.27,6.91,63924,76504771.00,5.19,4.32,0.30,2.15
2013-07-24,7.23,7.53,7.60,7.17,106636,131471831.00,5.94,4.01,0.29,3.58
2013-07-25,7.51,7.30,7.56,7.23,57919,71001234.00,4.38,-3.05,-0.23,1.95
2013-07-26,7.29,7.60,7.71,7.24,85586,106433584.00,6.44,4.11,0.30,2.88
2013-07-29,7.57,7.44,7.84,7.36,75121,94091903.00,6.32,-2.11,-0.16,2.52
2013-07-30,7.43,7.49,7.63,7.20,48960,60357833.00,5.78,0.67,0.05,1.65
2013-07-31,7.50,7.55,7.73,7.45,61294,76608713.00,3.74,0.80,0.06,2.06
2013-08-01,7.67,7.69,7.71,7.37,100241,124906146.00,4.50,1.85,0.14,3.37
2013-08-02,7.64,7.90,8.03,7.61,110356,141233070.00,5.46,2.73,0.21,3.71
2013-08-05,7.90,8.05,8.19,7.90,108399,141503985.00,3.67,1.90,0.15,3.64
2013-08-06,7.99,8.02,8.17,7.93,80092,104188272.00,2.98,-0.37,-0.03,2.69
2013-08-07,7.98,7.73,8.06,7.70,73603,94127911.00,4.49,-3.62,-0.29,2.47
2013-08-08,7.77,8.07,8.18,7.73,108094,140318700.00,5.82,4.40,0.34,3.63
2013-08-09,8.10,7.97,8.12,7.74,87874,113172445.00,4.71,-1.24,-0.10,2.95
2013-08-12,7.89,8.10,8.13,7.89,84044,108968003.00,3.01,1.63,0.13,2.82
2013-08-13,8.06,8.05,8.12,8.00,51387,66947246.00,1.48,-0.62,-0.05,1.73
2013-08-14,8.03,8.15,8.23,7.99,82341,107893885.00,2.98,1.24,0.10,2.77
2013-08-15,8.38,8.09,8.54,8.05,144300,192018206.00,6.01,-0.74,-0.06,4.85
2013-08-16,7.84,7.78,8.23,7.76,90766,117221075.00,5.81,-3.83,-0.31,3.05
2013-08-19,7.69,7.96,7.97,7.67,36318,46494655.00,3.86,2.31,0.18,1.22
2013-08-20,7.96,7.83,8.09,7.77,42887,55293287.00,4.02,-1.63,-0.13,1.44
2013-08-21,7.88,8.09,8.10,7.83,53503,69286351.00,3.45,3.32,0.26,1.80
2013-08-22,8.03,8.21,8.25,8.01,75018,98635275.00,2.97,1.48,0.12,2.52
2013-08-23,8.23,7.99,8.26,7.83,73101,95039767.00,5.24,-2.68,-0.22,2.46
2013-08-26,7.97,8.29,8.29,7.95,86006,113093873.00,4.26,3.75,0.30,2.89
2013-08-27,8.30,8.49,8.54,8.17,107496,144116723.00,4.46,2.41,0.20,3.61
2013-08-28,8.45,8.22,8.45,8.19,79517,106117784.00,3.06,-3.18,-0.27,2.67
2013-08-29,8.28,8.23,8.37,8.13,50987,67504586.00,2.92,0.12,0.01,1.71
2013-08-30,8.21,7.95,8.41,7.95,70276,92665594.00,5.59,-3.40,-0.28,2.36
2013-09-02,7.96,8.03,8.08,7.87,48943,63338019.00,2.64,1.01,0.08,1.64
2013-09-03,7.99,8.16,8.17,7.93,48279,62880385.00,2.99,1.62,0.13,1.62
2013-09-04,8.14,8.10,8.16,8.03,42384,55403825.00,1.59,-0.74,-0.06,1.42
2013-09-05,8.11,8.17,8.32,8.06,63955,84480063.00,3.21,0.86,0.07,2.15
2013-09-06,8.16,8.03,8.21,7.98,55062,71692024.00,2.82,-1.71,-0.14,1.85
2013-09-09,8.04,7.89,8.08,7.84,97319,125317228.00,2.99,-1.74,-0.14,3.27
2013-09-10,7.89,7.92,8.00,7.89,54480,70180650.00,1.39,0.38,0.03,1.83
2013-09-11,7.93,8.09,8.10,7.71,92457,119192467.00,4.92,2.15,0.17,3.11
2013-09-12,8.02,8.16,8.22,7.92,90769,118918804.00,3.71,0.87,0.07,3.05
2013-09-13,8.17,8.16,8.18,8.06,46516,60980640.00,1.47,0.00,0.00,1.56
2013-09-16,8.18,8.17,8.26,8.10,46865,61697010.00,1.96,0.12,0.01,1.57
2013-09-17,8.18,8.08,8.32,8.08,60341,79673111.00,2.94,-1.10,-0.09,2.03
2013-09-18,8.04,7.96,8.10,7.84,49969,64467837.00,3.22,-1.49,-0.12,1.68
2013-09-23,7.99,8.17,8.20,7.90,52602,68810405.00,3.77,2.64,0.21,1.77
2013-09-24,8.19,8.20,8.31,8.10,53590,70787915.00,2.57,0.37,0.03,1.80
2013-09-25,8.19,8.42,8.61,8.17,136124,182903363.00,5.37,2.68,0.22,4.57
2013-09-26,8.43,8.63,8.79,8.28,157144,213305906.00,6.06,2.49,0.21,5.28
2013-09-27,8.50,8.58,8.82,8.45,139294,191476026.00,4.29,-0.58,-0.05,4.68
2013-09-30,8.63,8.51,8.71,8.38,107007,144821006.00,3.85,-0.82,-0.07,3.60
2013-10-08,8.47,8.89,8.98,8.44,107879,149765967.00,6.35,4.47,0.38,3.62
2013-10-09,8.82,8.92,8.97,8.76,82904,115685425.00,2.36,0.34,0.03,2.79
2013-10-10,8.97,8.62,9.03,8.56,89444,123428040.00,5.27,-3.36,-0.30,3.01
2013-10-11,8.72,8.90,8.92,8.65,89662,124633485.00,3.13,3.25,0.28,3.01
2013-10-14,8.93,9.02,9.21,8.85,114302,162078170.00,4.04,1.35,0.12,3.84
2013-10-15,9.08,8.99,9.33,8.82,110840,157158698.00,5.65,-0.33,-0.03,3.72
2013-10-16,8.92,8.63,9.00,8.56,73991,101828197.00,4.89,-4.00,-0.36,2.49
2013-10-17,8.71,8.96,9.18,8.71,106494,150040665.00,5.45,3.82,0.33,3.58
2013-10-18,8.88,9.03,9.06,8.77,61557,86212232.00,3.24,0.78,0.07,2.07
2013-10-21,9.04,9.32,9.47,8.99,114239,165552034.00,5.32,3.21,0.29,3.84
2013-10-22,9.34,9.23,9.50,9.17,91120,131790453.00,3.54,-0.97,-0.09,3.06
2013-10-23,9.23,8.77,9.34,8.73,89044,125366358.00,6.61,-4.98,-0.46,2.99
2013-10-24,8.82,8.89,8.94,8.73,42503,59294437.00,2.39,1.37,0.12,1.43
2013-10-25,8.86,8.55,8.97,8.39,71557,97934970.00,6.52,-3.82,-0.34,2.40
2013-10-28,8.58,8.60,8.68,8.43,39000,52971091.00,2.92,0.58,0.05,1.31
2013-10-29,8.62,7.92,8.62,7.81,122685,161603825.00,9.42,-7.91,-0.68,4.12
2013-10-30,7.94,8.03,8.07,7.84,48049,62181293.00,2.90,1.39,0.11,1.61
2013-10-31,8.01,8.06,8.18,7.88,34531,44877299.00,3.74,0.37,0.03,1.16
2013-11-01,8.03,7.86,8.09,7.77,38858,49817253.00,3.97,-2.48,-0.20,1.31
2013-11-04,7.88,7.94,8.02,7.86,26152,33724652.00,2.04,1.02,0.08,0.88
2013-11-05,7.91,8.01,8.03,7.73,34483,44220218.00,3.78,0.88,0.07,1.16
2013-11-06,7.98,7.98,8.16,7.90,35234,45759590.00,3.25,-0.37,-0.03,1.18
2013-11-07,7.94,7.85,8.00,7.78,26598,34120034.00,2.76,-1.63,-0.13,0.89
2013-11-08,7.77,7.41,7.83,7.30,45552,56650210.00,6.75,-5.61,-0.44,1.53
2013-11-11,7.42,7.56,7.60,7.37,20489,25380572.00,3.10,2.02,0.15,0.69
2013-11-12,7.57,7.81,7.82,7.57,28849,36425275.00,3.31,3.31,0.25,0.97
2013-11-13,7.73,7.49,7.77,7.47,21329,26752795.00,3.84,-4.10,-0.32,0.72
2013-11-14,7.55,7.69,7.75,7.45,20718,25973399.00,4.01,2.67,0.20,0.70
2013-11-15,7.67,7.85,7.97,7.66,43796,56133439.00,4.03,2.08,0.16,1.47
2013-11-18,7.90,8.08,8.12,7.86,54603,71003171.00,3.31,2.93,0.23,1.83
2013-11-19,8.11,8.03,8.13,7.97,37494,48852933.00,1.98,-0.62,-0.05,1.26
2013-11-20,8.04,8.11,8.12,7.99,33128,43174894.00,1.62,1.00,0.08,1.11
2013-11-21,8.10,8.00,8.10,7.88,39863,51596607.00,2.71,-1.36,-0.11,1.34
2013-11-22,8.01,7.94,8.03,7.90,23501,30363602.00,1.63,-0.75,-0.06,0.79
2013-11-25,7.96,8.10,8.17,7.93,42203,54984318.00,3.02,2.02,0.16,1.42
2013-11-26,8.07,8.09,8.16,8.00,29256,38224737.00,1.98,-0.12,-0.01,0.98
2013-11-27,8.04,8.29,8.31,8.04,62360,82392908.00,3.34,2.47,0.20,2.10
2013-11-28,8.25,8.34,8.51,8.17,69879,93562011.00,4.10,0.60,0.05,2.35
2013-11-29,8.37,8.50,8.59,8.27,65905,89188964.00,3.84,1.92,0.16,2.21
2013-12-02,8.41,8.09,8.63,7.95,98129,130251648.00,8.00,-4.82,-0.41,3.30
2013-12-03,8.07,8.46,8.50,8.06,59246,78905884.00,5.44,4.57,0.37,1.99
2013-12-04,8.39,8.61,8.71,8.37,78700,107424026.00,4.02,1.77,0.15,2.64
2013-12-05,8.56,8.62,8.63,8.41,55728,75651959.00,2.56,0.12,0.01,1.87
2013-12-06,8.61,8.47,8.68,8.39,43373,58796797.00,3.36,-1.74,-0.15,1.46
2013-12-09,8.49,8.67,8.77,8.47,59021,80622006.00,3.54,2.36,0.20,1.98
2013-12-10,8.67,8.57,8.70,8.50,41253,56197648.00,2.31,-1.15,-0.10,1.39
2013-12-11,8.55,8.31,8.55,8.25,42730,57137337.00,3.50,-3.03,-0.26,1.44
2013-12-12,8.31,8.37,8.48,8.31,29853,40030738.00,2.05,0.72,0.06,1.00
2013-12-13,8.34,8.37,8.49,8.26,26516,35602810.00,2.75,0.00,0.00,0.89
2013-12-16,8.32,7.98,8.37,7.98,62286,81540261.00,4.66,-4.66,-0.39,2.09
2013-12-17,8.01,8.07,8.16,7.96,34332,44715112.00,2.51,1.13,0.09,1.15
2013-12-18,8.08,8.14,8.20,8.02,30725,40245078.00,2.23,0.87,0.07,1.03
2013-12-19,8.19,8.13,8.23,8.11,33660,44322693.00,1.47,-0.12,-0.01,1.13
2013-12-20,8.17,8.03,8.20,7.92,37323,48622336.00,3.44,-1.23,-0.10,1.25
2013-12-23,8.10,8.30,8.34,7.91,52750,69586532.00,5.35,3.36,0.27,1.77
2013-12-24,8.34,8.23,8.35,8.17,49144,65097645.00,2.17,-0.84,-0.07,1.65
2013-12-25,8.23,8.30,8.35,8.17,36527,48516679.00,2.19,0.85,0.07,1.23
2013-12-26,8.32,8.31,8.52,8.27,75174,101027542.00,3.01,0.12,0.01,2.53
2013-12-27,8.30,8.43,8.47,8.28,43848,58815541.00,2.29,1.44,0.12,1.47
2013-12-30,8.45,8.54,8.58,8.38,55132,74529859.00,2.37,1.30,0.11,1.85
2013-12-31,8.49,8.61,8.63,8.45,39648,53865310.00,2.11,0.82,0.07,1.33