2017-08-17,5.54,6.80,6.80,5.54,86,216861.00,28.13,51.79,2.32,0.05
2017-08-18,7.56,7.56,7.56,7.56,33,90442.00,0.00,11.18,0.76,0.02
2017-08-21,8.40,8.40,8.40,8.40,91,277389.00,0.00,11.11,0.84,0.05
2017-08-22,9.31,9.31,9.31,9.31,79,265914.00,0.00,10.83,0.91,0.04
2017-08-23,10.33,10.33,10.33,10.33,189,698570.00,0.00,10.96,1.02,0.11
2017-08-24,11.44,11.44,11.44,11.44,1089,4437411.00,0.00,10.75,1.11,0.62
2017-08-25,12.66,12.66,12.66,12.66,1659,7433888.00,0.00,10.66,1.22,0.94
2017-08-28,14.00,14.00,14.00,14.00,615,3029537.00,0.00,10.58,1.34,0.35
2017-08-29,15.48,15.48,15.48,15.48,1403,7607668.00,0.00,10.57,1.48,0.80
2017-09-01,17.11,17.11,17.11,17.11,5941,35427793.00,0.00,10.53,1.63,3.38
2017-09-04,18.02,18.90,18.90,17.26,123676,778473840.00,9.59,10.46,1.79,70.27
2017-09-05,16.94,16.93,17.67,16.93,78283,467197808.00,3.92,-10.42,-1.97,44.48
2017-09-06,16.23,16.02,16.87,15.47,55946,315203680.00,8.27,-5.38,-0.91,31.79
2017-09-07,16.02,16.38,16.87,16.01,51084,295066880.00,5.37,2.25,0.36,29.03
2017-09-08,15.78,15.26,16.16,14.97,48373,263706220.00,7.26,-6.84,-1.12,27.48
2017-09-11,15.45,16.19,16.27,15.12,41853,231407297.00,7.54,6.09,0.93,23.78
2017-09-12,15.93,16.54,17.46,15.72,54013,313475056.00,10.75,2.16,0.35,30.69
2017-09-13,16.02,17.07,17.37,15.88,57231,335797872.00,9.01,3.20,0.53,32.52
2017-09-14,16.96,16.18,17.07,16.08,44818,258047073.00,5.80,-5.21,-0.89,25.46
2017-09-15,16.05,15.58,16.45,15.42,35210,195949426.00,6.37,-3.71,-0.60,20.01
2017-09-18,15.27,14.71,15.42,14.53,30475,158188687.00,5.71,-5.58,-0.87,17.32
2017-09-19,14.73,14.79,15.11,14.61,19770,102980872.00,3.40,0.54,0.08,11.23
2017-09-20,14.82,15.21,15.30,14.64,25199,132256529.00,4.46,2.84,0.42,14.32
2017-09-21,15.12,14.64,15.36,14.64,22027,115920508.00,4.73,-3.75,-0.57,12.52
2017-09-22,14.44,14.87,15.08,14.07,26324,135249546.00,6.90,1.57,0.23,14.96
2017-09-25,14.82,14.92,15.35,14.63,21349,112705593.00,4.84,0.34,0.05,12.13
2017-09-26,14.97,13.68,15.02,13.59,28396,140982163.00,9.58,-8.31,-1.24,16.13
2017-09-27,13.56,13.73,13.86,13.34,12466,60089173.00,3.80,0.37,0.05,7.08
2017-09-28,13.80,13.40,13.80,13.37,13454,64524845.00,3.13,-2.40,-0.33,7.64
2017-09-29,13.37,12.99,13.57,12.80,18129,84193195.00,5.75,-3.06,-0.41,10.30
2017-10-09,13.14,13.19,13.34,13.06,10553,49111101.00,2.16,1.54,0.20,6.00
2017-10-10,13.17,13.74,13.75,13.17,17519,83457223.00,4.40,4.17,0.55,9.95
2017-10-11,13.67,13.64,14.07,13.56,17873,86752332.00,3.71,-0.73,-0.10,10.15
2017-10-12,13.60,13.36,13.92,13.14,13426,63612570.00,5.72,-2.05,-0.28,7.63
2017-10-13,13.39,13.63,13.75,13.32,12658,60777039.00,3.22,2.02,0.27,7.19
2017-10-16,13.59,13.02,13.59,12.95,14519,67239350.00,4.70,-4.48,-0.61,8.25
2017-10-17,12.90,13.05,13.22,12.90,8524,39357772.00,2.46,0.23,0.03,4.84
2017-10-18,13.05,12.84,13.28,12.82,10254,47229353.00,3.52,-1.61,-0.21,5.83
2017-10-19,12.72,12.63,13.14,12.57,9100,41047405.00,4.44,-1.64,-0.21,5.17
2017-10-20,12.71,12.81,12.82,12.53,6311,28328341.00,2.30,1.43,0.18,3.59
2017-10-23,12.81,12.98,13.01,12.80,8080,36899078.00,1.64,1.33,0.17,4.59
2017-10-24,13.03,12.92,13.03,12.55,8603,38883850.00,3.70,-0.46,-0.06,4.89
2017-10-25,12.80,13.20,13.20,12.80,11767,54347182.00,3.10,2.17,0.28,6.69
2017-10-26,13.28,13.60,13.73,13.20,20546,97618699.00,4.02,3.03,0.40,11.67
2017-10-27,13.61,13.48,13.61,13.26,12150,57550185.00,2.57,-0.88,-0.12,6.90
2017-10-30,13.47,12.37,13.59,12.37,15181,68354323.00,9.05,-8.23,-1.11,8.63
2017-10-31,12.42,12.50,12.53,12.27,7551,33210521.00,2.10,1.05,0.13,4.29
2017-11-01,12.51,12.61,12.70,12.42,8745,38939697.00,2.24,0.88,0.11,4.97
2017-11-02,12.60,12.88,12.89,12.33,13629,61091667.00,4.44,2.14,0.27,7.74
2017-11-03,12.87,12.77,12.95,12.61,9238,41651040.00,2.64,-0.85,-0.11,5.25
2017-11-06,12.81,13.17,13.22,12.78,13679,62963563.00,3.45,3.13,0.40,7.77
2017-11-07,13.17,13.46,13.55,12.80,16560,76962153.00,5.69,2.20,0.29,9.41
2017-11-08,13.43,13.83,14.10,13.32,32874,160428969.00,5.79,2.75,0.37,18.68
2017-11-09,13.68,13.72,13.83,13.55,13726,66174520.00,2.02,-0.80,-0.11,7.80
2017-11-10,13.78,13.54,13.90,13.33,13788,66044796.00,4.15,-1.31,-0.18,7.83
2017-11-13,13.54,13.70,13.78,13.37,12938,61877855.00,3.03,1.18,0.16,7.35
2017-11-14,13.68,14.07,14.07,13.47,26586,129583362.00,4.38,2.70,0.37,15.11
2017-11-15,14.04,13.56,14.04,13.50,17887,86852898.00,3.84,-3.62,-0.51,10.16
2017-11-16,13.35,12.50,13.46,12.42,20291,92704825.00,7.67,-7.82,-1.06,11.53
2017-11-17,12.22,11.27,12.72,11.22,13456,57296181.00,12.00,-9.84,-1.23,7.65
2017-11-20,11.58,11.49,11.58,10.74,7795,31186560.00,7.45,1.95,0.22,4.43
2017-11-21,11.28,11.11,11.49,10.88,8592,34185661.00,5.31,-3.31,-0.38,4.88
2017-11-22,10.96,11.07,11.36,10.92,5290,21017369.00,3.96,-0.36,-0.04,3.01
2017-11-23,11.07,10.48,11.07,10.41,9919,38052681.00,5.96,-5.33,-0.59,5.64
2017-11-24,10.37,10.36,10.56,10.20,7473,27851973.00,3.44,-1.15,-0.12,4.25
2017-11-27,10.36,9.91,10.40,9.90,6556,23816200.00,4.83,-4.34,-0.45,3.73
2017-11-28,9.82,10.08,10.11,9.82,5352,19247547.00,2.93,1.72,0.17,3.04
2017-11-29,10.10,9.84,10.10,9.57,6981,24683490.00,5.26,-2.38,-0.24,3.97
2017-11-30,9.84,9.88,10.08,9.78,5834,20888211.00,3.05,0.41,0.04,3.32
2017-12-01,9.95,10.04,10.06,9.82,5805,20879215.00,2.43,1.62,0.16,3.30
2017-12-04,10.05,9.06,10.05,9.04,12848,43644891.00,10.06,-9.76,-0.98,7.30
2017-12-05,8.90,8.67,9.19,8.58,9881,31800891.00,6.73,-4.30,-0.39,5.61
2017-12-06,8.67,8.91,8.91,8.59,7522,23964592.00,3.69,2.77,0.24,4.27
2017-12-07,8.86,9.16,9.20,8.83,9427,30909080.00,4.15,2.81,0.25,5.36
2017-12-08,9.13,10.16,10.16,9.13,23041,82125327.00,11.24,10.92,1.00,13.09
2017-12-11,10.02,10.45,10.49,9.99,26828,98549637.00,4.92,2.85,0.29,15.24
2017-12-12,10.34,9.86,10.35,9.84,16170,58537450.00,4.88,-5.65,-0.59,9.19
2017-12-13,9.85,10.41,10.56,9.84,26714,98877888.00,7.30,5.58,0.55,15.18
2017-12-14,10.32,10.29,10.57,10.19,14978,55312900.00,3.65,-1.15,-0.12,8.51
2017-12-15,10.19,10.27,10.61,10.11,16158,60025164.00,4.86,-0.19,-0.02,9.18
2017-12-18,10.23,10.38,10.54,10.17,15679,58218149.00,3.60,1.07,0.11,8.91
2017-12-19,10.34,10.33,10.38,10.14,13943,51452993.00,2.31,-0.48,-0.05,7.92
2017-12-20,10.31,9.96,10.32,9.93,11286,40825926.00,3.78,-3.58,-0.37,6.41
2017-12-21,9.89,10.00,10.17,9.42,13744,48998214.00,7.53,0.40,0.04,7.81
2017-12-22,9.96,10.00,10.17,9.90,8702,31368288.00,2.70,0.00,0.00,4.94
2017-12-25,9.96,9.99,10.15,9.72,9912,35410650.00,4.30,-0.10,-0.01,5.63
2017-12-26,9.99,10.70,10.76,9.99,30140,113814867.00,7.71,7.11,0.71,17.13
2017-12-27,10.60,10.35,10.63,10.29,18365,68898940.00,3.18,-3.27,-0.35,10.43
2017-12-28,10.36,10.37,10.58,10.24,13383,49885144.00,3.29,0.19,0.02,7.60
2017-12-29,10.49,10.29,10.69,10.17,11435,42899363.00,5.01,-0.77,-0.08,6.50