2022-01-04,11.43,11.65,11.66,11.37,44939,53023765.00,2.53,1.84,0.21,2.35
2022-01-05,11.66,11.49,11.71,11.43,32837,38479094.00,2.40,-1.37,-0.16,1.72
2022-01-06,11.49,11.48,11.57,11.36,26533,31034447.00,1.83,-0.09,-0.01,1.39
2022-01-07,11.47,11.37,11.60,11.34,28832,33530404.00,2.26,-0.96,-0.11,1.51
2022-01-10,11.37,11.51,11.52,11.27,24140,28137360.00,2.20,1.23,0.14,1.26
2022-01-11,11.51,11.99,12.18,11.51,120375,146192105.00,5.82,4.17,0.48,6.30
2022-01-12,12.00,11.95,12.05,11.87,56022,67952150.00,1.50,-0.33,-0.04,2.93
2022-01-13,11.88,12.00,12.05,11.88,41572,50536008.00,1.42,0.42,0.05,2.17
2022-01-14,11.98,12.02,12.12,11.92,61809,75498589.00,1.67,0.17,0.02,3.23
2022-01-17,12.02,11.95,12.08,11.88,47448,57735650.00,1.66,-0.58,-0.07,2.48
2022-01-18,11.94,12.00,12.04,11.77,47428,57544315.00,2.26,0.42,0.05,2.48
2022-01-19,11.97,12.32,12.35,11.87,68496,84476885.00,4.00,2.67,0.32,3.58
2022-01-20,12.33,11.70,12.34,11.60,71443,87016940.00,6.01,-5.03,-0.62,3.74
2022-01-21,11.70,11.66,11.85,11.58,32525,38639758.00,2.31,-0.34,-0.04,1.70
2022-01-24,11.59,11.25,11.64,11.00,33324,38281303.00,5.49,-3.52,-0.41,1.74
2022-01-25,11.26,10.62,11.40,10.61,42287,46627855.00,7.02,-5.60,-0.63,2.21
2022-01-26,10.80,10.69,10.80,10.55,16771,18254674.00,2.35,0.66,0.07,0.88
2022-01-27,10.77,10.47,10.77,10.44,20909,22466578.00,3.09,-2.06,-0.22,1.09
2022-01-28,10.47,10.66,10.77,10.46,16025,17371166.00,2.96,1.81,0.19,0.84
2022-02-07,11.07,10.96,11.15,10.77,28355,31703619.00,3.56,2.81,0.30,1.48
2022-02-08,11.02,11.11,11.17,10.90,15478,17399805.00,2.46,1.37,0.15,0.81
2022-02-09,11.45,11.60,11.64,11.12,36676,42784065.00,4.68,4.41,0.49,1.92
2022-02-10,11.60,11.70,12.06,11.46,39685,47431514.00,5.17,0.86,0.10,2.08
2022-02-11,11.75,11.46,11.90,11.42,24826,29207040.00,4.10,-2.05,-0.24,1.30
2022-02-14,11.44,11.57,11.68,11.27,18224,21389338.00,3.58,0.96,0.11,0.95
2022-02-15,11.58,11.53,11.67,11.33,20808,24342707.00,2.94,-0.35,-0.04,1.09
2022-02-16,11.58,11.60,11.64,11.35,20577,24097026.00,2.52,0.61,0.07,1.08
2022-02-17,11.59,11.69,11.89,11.55,26272,31232839.00,2.93,0.78,0.09,1.37
2022-02-18,11.51,11.67,11.70,11.51,14414,17037244.00,1.63,-0.17,-0.02,0.75
2022-02-21,11.67,11.76,11.84,11.61,20653,24671098.00,1.97,0.77,0.09,1.08
2022-02-22,11.68,11.57,11.69,11.51,20289,23892690.00,1.53,-1.62,-0.19,1.06
2022-02-23,11.62,11.69,11.75,11.59,20402,24220938.00,1.38,1.04,0.12,1.07
2022-02-24,11.68,11.35,11.76,10.82,29898,34952824.00,8.04,-2.91,-0.34,1.56
2022-02-25,11.37,11.46,11.62,11.37,17267,20195266.00,2.20,0.97,0.11,0.90
2022-02-28,11.48,11.24,11.52,11.15,17047,19516970.00,3.23,-1.92,-0.22,0.89
2022-03-01,11.24,11.33,11.39,11.21,13292,15231563.00,1.60,0.80,0.09,0.70
2022-03-02,11.30,11.30,11.44,11.22,14165,16300650.00,1.94,-0.26,-0.03,0.74
2022-03-03,11.37,11.60,11.70,11.26,47657,55471469.00,3.89,2.65,0.30,2.49
2022-03-04,11.56,11.60,11.83,11.38,63678,74992720.00,3.88,0.00,0.00,3.33
2022-03-07,11.55,11.42,11.59,11.30,25609,29803157.00,2.50,-1.55,-0.18,1.34
2022-03-08,11.39,10.98,11.40,10.91,32940,37055985.00,4.29,-3.85,-0.44,1.72
2022-03-09,10.98,10.58,11.03,10.35,32708,35534932.00,6.19,-3.64,-0.40,1.71
2022-03-10,10.70,10.61,10.88,10.60,30357,33200874.00,2.65,0.28,0.03,1.59
2022-03-11,10.50,10.64,10.69,10.21,24701,26344404.00,4.52,0.28,0.03,1.29
2022-03-14,10.54,10.38,10.57,10.37,20993,22350394.00,1.88,-2.44,-0.26,1.10
2022-03-15,10.28,9.52,10.30,9.48,35584,35912331.00,7.90,-8.29,-0.86,1.86
2022-03-16,9.63,9.83,9.86,9.35,28583,28175763.00,5.36,3.26,0.31,1.50
2022-03-17,9.89,9.91,10.10,9.83,22866,23272356.00,2.75,0.81,0.08,1.20
2022-03-18,9.91,10.01,10.07,9.80,15685,15980241.00,2.72,1.01,0.10,0.82
2022-03-21,10.01,10.09,10.10,9.96,15996,16395649.00,1.40,0.80,0.08,0.84
2022-03-22,10.00,10.05,10.15,9.95,15912,16292708.00,1.98,-0.40,-0.04,0.83
2022-03-23,10.07,10.00,10.17,9.97,15835,16253488.00,1.99,-0.50,-0.05,0.83
2022-03-24,9.98,9.84,9.98,9.81,17152,17262164.00,1.70,-1.60,-0.16,0.90
2022-03-25,9.86,9.88,10.00,9.84,22413,22708010.00,1.63,0.41,0.04,1.17
2022-03-28,9.90,9.89,9.98,9.73,12871,12952196.00,2.53,0.10,0.01,0.67
2022-03-29,9.90,9.60,9.97,9.57,18248,18108471.00,4.04,-2.93,-0.29,0.95
2022-03-30,9.67,9.71,9.72,9.58,11161,10997196.00,1.46,1.15,0.11,0.58
2022-03-31,9.72,9.71,9.84,9.65,13838,13746218.00,1.96,0.00,0.00,0.72
2022-04-01,9.65,9.64,9.73,9.56,12909,12662665.00,1.75,-0.72,-0.07,0.68
2022-04-06,9.64,9.77,9.85,9.60,15240,15164348.00,2.59,1.35,0.13,0.80
2022-04-07,9.77,9.52,9.78,9.52,14557,14307082.00,2.66,-2.56,-0.25,0.76
2022-04-08,9.57,9.27,9.63,9.11,20343,19331440.00,5.46,-2.63,-0.25,1.06
2022-04-11,9.20,8.85,9.25,8.82,16049,14755085.00,4.64,-4.53,-0.42,0.84
2022-04-12,8.86,9.09,9.10,8.78,15683,14288663.00,3.62,2.71,0.24,0.82
2022-04-13,9.06,8.89,9.07,8.85,8807,8033559.00,2.42,-2.20,-0.20,0.46
2022-04-14,8.92,8.90,9.00,8.87,11411,10401026.00,1.46,0.11,0.01,0.60
2022-04-15,8.87,8.65,8.90,8.62,19626,17511592.00,3.15,-2.81,-0.25,1.03
2022-04-18,8.54,8.55,8.68,8.40,27239,23896313.00,3.24,-1.16,-0.10,1.43
2022-04-19,8.57,8.62,8.71,8.57,12920,11425430.00,1.64,0.82,0.07,0.68
2022-04-20,8.68,8.66,8.93,8.62,25089,22468401.00,3.60,0.46,0.04,1.31
2022-04-21,8.58,8.23,8.65,8.21,22310,19194585.00,5.08,-4.97,-0.43,1.17
2022-04-22,8.28,8.19,8.31,8.10,14086,11846313.00,2.55,-0.49,-0.04,0.74
2022-04-25,8.15,7.45,8.15,7.41,25865,20484710.00,9.04,-9.04,-0.74,1.35
2022-04-26,7.46,7.25,7.53,7.24,20203,15337514.00,3.89,-2.68,-0.20,1.06
2022-04-27,7.10,7.47,7.51,6.99,26690,19867243.00,7.17,3.03,0.22,1.40
2022-04-28,7.46,7.35,7.54,7.26,15402,11721750.00,3.75,-1.61,-0.12,0.81
2022-04-29,7.38,7.91,8.08,7.38,31436,25222486.00,9.52,7.62,0.56,1.64
2022-05-05,7.91,7.98,8.01,7.78,16667,13522592.00,2.91,0.88,0.07,0.87
2022-05-06,7.81,7.95,8.08,7.71,15013,12209945.00,4.64,-0.38,-0.03,0.79
2022-05-09,7.95,8.03,8.08,7.90,9488,7797542.00,2.26,1.01,0.08,0.50
2022-05-10,7.90,8.05,8.10,7.90,18476,15157524.00,2.49,0.25,0.02,0.97
2022-05-11,8.08,8.07,8.30,8.06,19714,16515425.00,2.98,0.25,0.02,1.03
2022-05-12,8.07,8.18,8.23,8.02,16527,13758753.00,2.60,1.36,0.11,0.86
2022-05-13,8.26,8.31,8.33,8.16,15022,12692152.00,2.08,1.59,0.13,0.79
2022-05-16,8.34,8.44,8.51,8.29,14419,12392140.00,2.65,1.56,0.13,0.75
2022-05-17,8.38,8.37,8.47,8.25,10605,9064133.00,2.61,-0.83,-0.07,0.55
2022-05-18,8.42,8.40,8.50,8.35,13101,11285495.00,1.79,0.36,0.03,0.69
2022-05-19,8.41,8.59,8.61,8.32,17749,15074346.00,3.45,2.26,0.19,0.93
2022-05-20,8.63,8.87,8.92,8.61,25345,22269314.00,3.61,3.26,0.28,1.33
2022-05-23,8.88,9.01,9.05,8.80,15393,13780074.00,2.82,1.58,0.14,0.81
2022-05-24,9.08,8.65,9.17,8.63,32640,29216432.00,5.99,-4.00,-0.36,1.71
2022-05-25,8.74,8.85,8.88,8.62,13748,12092607.00,3.01,2.31,0.20,0.72
2022-05-26,8.89,8.78,8.92,8.61,10729,9403866.00,3.50,-0.79,-0.07,0.56
2022-05-27,8.78,8.62,8.85,8.55,21842,18941828.00,3.42,-1.82,-0.16,1.14
2022-05-30,8.67,8.59,8.72,8.50,17437,15035333.00,2.55,-0.35,-0.03,0.91
2022-05-31,8.59,8.97,9.21,8.44,40268,35596627.00,8.96,4.42,0.38,2.11
2022-06-01,8.92,8.81,8.97,8.77,29323,26001940.00,2.23,-1.78,-0.16,1.53
2022-06-02,8.78,9.06,9.16,8.67,30383,27271383.00,5.56,2.84,0.25,1.59
2022-06-06,9.07,9.17,9.20,8.95,26878,24470571.00,2.76,1.21,0.11,1.41
2022-06-07,9.18,9.03,9.18,8.95,13498,12196967.00,2.51,-1.53,-0.14,0.71
2022-06-08,9.09,8.95,9.09,8.80,15289,13670114.00,3.21,-0.89,-0.08,0.80
2022-06-09,8.95,8.73,8.96,8.68,12519,10975420.00,3.13,-2.46,-0.22,0.65
2022-06-10,8.65,8.83,8.85,8.65,9967,8779317.00,2.29,1.15,0.10,0.52
2022-06-13,8.80,8.87,8.94,8.69,10684,9442250.00,2.83,0.45,0.04,0.56
2022-06-14,8.79,8.76,8.81,8.55,15245,13243264.00,2.93,-1.24,-0.11,0.80
2022-06-15,8.76,8.80,8.91,8.71,18529,16339138.00,2.28,0.46,0.04,0.97
2022-06-16,8.79,8.89,8.99,8.75,18133,16088179.00,2.73,1.02,0.09,0.95
2022-06-17,8.93,8.79,8.93,8.70,13547,11918559.00,2.59,-1.12,-0.10,0.71
2022-06-20,8.82,9.00,9.06,8.80,30346,27146049.00,2.96,2.39,0.21,1.59
2022-06-21,9.00,8.98,9.06,8.88,17972,16140781.00,2.00,-0.22,-0.02,0.94
2022-06-22,8.98,8.79,8.98,8.78,15606,13809077.00,2.23,-2.12,-0.19,0.82
2022-06-23,8.79,8.95,8.95,8.74,16904,14984470.00,2.39,1.82,0.16,0.88
2022-06-24,8.95,9.22,9.32,8.90,44302,40717802.00,4.69,3.02,0.27,2.32
2022-06-27,9.31,9.22,9.31,9.15,25078,23107169.00,1.74,0.00,0.00,1.31
2022-06-28,9.23,9.44,9.48,9.20,31973,29964895.00,3.04,2.39,0.22,1.67
2022-06-29,9.35,9.36,9.57,9.32,31322,29622109.00,2.65,-0.85,-0.08,1.64
2022-06-30,9.36,9.41,9.50,9.31,19844,18692510.00,2.03,0.53,0.05,1.04
2022-07-01,9.41,9.32,9.45,9.30,16425,15393068.00,1.59,-0.96,-0.09,0.86
2022-07-04,9.30,9.22,9.30,9.15,15436,14188565.00,1.61,-1.07,-0.10,0.81
2022-07-05,9.21,9.13,9.29,9.00,19108,17364767.00,3.15,-0.98,-0.09,1.00
2022-07-06,9.15,9.10,9.23,9.01,10606,9662739.00,2.41,-0.33,-0.03,0.55
2022-07-07,9.10,9.14,9.22,9.04,9086,8317576.00,1.98,0.44,0.04,0.48
2022-07-08,9.19,9.25,9.46,9.19,18944,17621973.00,2.95,1.20,0.11,0.99
2022-07-11,9.25,9.08,9.25,9.03,12402,11284583.27,2.38,-1.84,-0.17,0.65
2022-07-12,9.03,8.76,9.06,8.76,18185,16122191.50,3.30,-3.52,-0.32,0.95
2022-07-13,8.79,8.93,8.93,8.73,12147,10775335.61,2.28,1.94,0.17,0.64
2022-07-14,8.93,9.25,9.42,8.90,26972,24865646.00,5.82,3.58,0.32,1.41
2022-07-15,9.23,9.08,9.29,9.07,20054,18380002.54,2.38,-1.84,-0.17,1.05
2022-07-18,9.08,9.30,9.35,9.08,22318,20627244.50,2.97,2.42,0.22,1.17
2022-07-19,9.32,9.40,9.41,9.27,17861,16721271.27,1.51,1.08,0.10,0.93
2022-07-20,9.40,9.45,9.45,9.30,14716,13788916.00,1.60,0.53,0.05,0.77
2022-07-21,9.45,9.54,9.75,9.43,25111,24013958.00,3.39,0.95,0.09,1.31
2022-07-22,9.55,9.72,9.76,9.50,31338,30260543.70,2.73,1.89,0.18,1.64
2022-07-25,9.76,9.56,9.76,9.51,18703,17960925.00,2.57,-1.65,-0.16,0.98
2022-07-26,9.51,9.54,9.64,9.40,12179,11581031.96,2.51,-0.21,-0.02,0.64
2022-07-27,9.50,9.62,9.64,9.48,11228,10768087.00,1.68,0.84,0.08,0.59
2022-07-28,9.64,9.90,9.93,9.64,40436,39790475.24,3.01,2.91,0.28,2.12
2022-07-29,9.91,9.75,9.95,9.69,22034,21588597.60,2.63,-1.52,-0.15,1.15
2022-08-01,9.75,10.02,10.15,9.69,56196,56132964.29,4.72,2.77,0.27,2.94
2022-08-02,9.95,9.60,9.95,9.45,37089,35778805.66,4.99,-4.19,-0.42,1.94
2022-08-03,9.63,9.65,9.87,9.55,30764,29930217.50,3.33,0.52,0.05,1.61
2022-08-04,9.70,9.74,9.83,9.61,21026,20426000.00,2.28,0.93,0.09,1.10
2022-08-05,9.74,9.89,9.96,9.73,28953,28516904.86,2.36,1.54,0.15,1.51
2022-08-08,9.87,9.95,9.96,9.80,21489,21229934.00,1.62,0.61,0.06,1.12
2022-08-09,9.93,10.02,10.05,9.89,19429,19360403.84,1.61,0.70,0.07,1.02
2022-08-10,9.99,10.21,10.26,9.91,35366,35960475.00,3.49,1.90,0.19,1.85
2022-08-11,10.20,10.41,10.46,10.12,43262,44790546.88,3.33,1.96,0.20,2.26
2022-08-12,10.40,10.23,10.68,10.20,43876,45476519.54,4.61,-1.73,-0.18,2.30
2022-08-15,10.26,10.29,10.34,10.10,22148,22636688.72,2.35,0.59,0.06,1.16
2022-08-16,10.27,10.47,10.55,10.20,26676,27809485.00,3.40,1.75,0.18,1.40
2022-08-17,10.47,10.50,10.55,10.35,22070,23083386.70,1.91,0.29,0.03,1.15
2022-08-18,10.47,11.09,11.19,10.35,124551,135089195.58,8.00,5.62,0.59,6.52
2022-08-19,11.05,10.58,11.10,10.54,87391,93963086.00,5.05,-4.60,-0.51,4.57
2022-08-22,10.47,10.91,11.60,10.46,111295,121860957.66,10.78,3.12,0.33,5.82
2022-08-23,10.92,12.00,12.00,10.92,156821,186042217.00,9.90,9.99,1.09,8.20
2022-08-24,12.00,11.18,12.08,11.05,276440,318970952.21,8.58,-6.83,-0.82,14.46
2022-08-25,11.08,10.37,11.47,10.21,167333,179004416.62,11.27,-7.25,-0.81,8.75
2022-08-26,10.21,9.81,10.47,9.75,117463,118683755.04,6.94,-5.40,-0.56,6.15
2022-08-29,9.53,9.66,9.79,9.53,54642,52864729.60,2.65,-1.53,-0.15,2.86
2022-08-30,9.63,9.88,10.20,9.57,65166,64319515.22,6.52,2.28,0.22,3.41
2022-08-31,9.80,9.31,9.97,9.25,55958,53355145.00,7.29,-5.77,-0.57,2.93
2022-09-01,9.25,9.33,9.55,9.16,33336,31039788.28,4.19,0.21,0.02,1.74
2022-09-02,9.31,9.45,9.50,9.26,30408,28609544.60,2.57,1.29,0.12,1.59
2022-09-05,9.45,9.48,9.60,9.31,28406,26816598.84,3.07,0.32,0.03,1.49
2022-09-06,9.47,9.47,9.57,9.32,27695,26097636.65,2.64,-0.11,-0.01,1.45
2022-09-07,9.44,9.39,9.51,9.34,27195,25636747.88,1.80,-0.84,-0.08,1.42
2022-09-08,9.45,9.18,9.51,9.17,29613,27535230.10,3.62,-2.24,-0.21,1.55
2022-09-09,9.22,9.10,9.26,9.00,26374,23989135.40,2.83,-0.87,-0.08,1.38
2022-09-13,9.10,9.13,9.28,9.09,18971,17412582.00,2.09,0.33,0.03,0.99
2022-09-14,9.06,9.17,9.20,8.95,23502,21226545.00,2.74,0.44,0.04,1.23
2022-09-15,9.11,8.72,9.19,8.66,37521,33216478.72,5.78,-4.91,-0.45,1.96
2022-09-16,8.72,8.54,8.79,8.54,19482,16874450.00,2.87,-2.06,-0.18,1.02
2022-09-19,8.52,8.45,8.60,8.41,18273,15565528.00,2.22,-1.05,-0.09,0.96
2022-09-20,8.52,8.51,8.62,8.48,17303,14772755.00,1.66,0.71,0.06,0.91
2022-09-21,8.50,8.67,8.68,8.35,19739,16940113.68,3.88,1.88,0.16,1.03
2022-09-22,8.62,8.75,8.89,8.56,20788,18274293.14,3.81,0.92,0.08,1.09
2022-09-23,8.75,8.50,8.79,8.48,13902,11949664.00,3.54,-2.86,-0.25,0.73
2022-09-26,8.50,8.46,8.63,8.40,15456,13151550.72,2.71,-0.47,-0.04,0.81
2022-09-27,8.52,8.74,8.75,8.47,21818,18838891.64,3.31,3.31,0.28,1.14
2022-09-28,8.72,8.55,8.74,8.51,12304,10589707.50,2.63,-2.17,-0.19,0.64
2022-09-29,8.60,8.50,8.68,8.44,27006,23101965.80,2.81,-0.58,-0.05,1.41
2022-09-30,8.49,8.26,8.52,8.23,22721,18978191.10,3.41,-2.82,-0.24,1.19
2022-10-10,8.23,8.30,8.34,8.09,14691,12074834.04,3.03,0.48,0.04,0.77
2022-10-11,8.31,8.28,8.33,8.15,18308,15121212.44,2.17,-0.24,-0.02,0.96
2022-10-12,8.28,8.58,8.59,8.25,25644,21596345.38,4.11,3.62,0.30,1.34
2022-10-13,8.57,8.80,8.84,8.50,29447,25658645.56,3.96,2.56,0.22,1.54
2022-10-14,8.84,8.90,8.95,8.82,21458,19079984.76,1.48,1.14,0.10,1.12
2022-10-17,8.84,9.02,9.05,8.84,18144,16331433.00,2.36,1.35,0.12,0.95
2022-10-18,9.04,9.03,9.07,8.98,21562,19474207.00,1.00,0.11,0.01,1.13
2022-10-19,9.00,8.94,9.09,8.91,23970,21544592.00,1.99,-1.00,-0.09,1.25
2022-10-20,8.85,8.93,9.06,8.82,19675,17620939.16,2.68,-0.11,-0.01,1.03
2022-10-21,8.92,8.93,8.99,8.78,19270,17177873.32,2.35,0.00,0.00,1.01
2022-10-24,8.99,8.83,9.08,8.77,19282,17235597.64,3.47,-1.12,-0.10,1.01
2022-10-25,8.76,8.68,8.82,8.53,23187,20026032.00,3.28,-1.70,-0.15,1.21
2022-10-26,8.68,8.87,8.96,8.61,22455,19855070.00,4.03,2.19,0.19,1.17
2022-10-27,8.88,8.88,9.02,8.86,16572,14809986.54,1.80,0.11,0.01,0.87
2022-10-28,8.87,8.60,8.99,8.54,25662,22456771.84,5.07,-3.15,-0.28,1.34
2022-10-31,8.63,8.87,8.96,8.56,23805,21032935.16,4.65,3.14,0.27,1.25
2022-11-01,8.87,9.08,9.10,8.87,23039,20816881.00,2.59,2.37,0.21,1.21
2022-11-02,9.09,9.13,9.22,9.08,23187,21212915.44,1.54,0.55,0.05,1.21
2022-11-03,9.10,9.28,9.33,8.98,26625,24495068.38,3.83,1.64,0.15,1.39
2022-11-04,9.85,9.30,9.85,9.27,69178,65432076.78,6.25,0.22,0.02,3.62
2022-11-07,9.28,9.30,9.37,9.18,37673,34996336.36,2.04,0.00,0.00,1.97
2022-11-08,9.31,9.17,9.35,9.13,27594,25321065.97,2.37,-1.40,-0.13,1.44
2022-11-09,9.24,9.26,9.37,9.11,21509,19883474.00,2.84,0.98,0.09,1.13
2022-11-10,9.30,9.22,9.32,9.16,26444,24451188.75,1.73,-0.43,-0.04,1.38
2022-11-11,9.36,9.13,9.37,9.13,26241,24284944.34,2.60,-0.98,-0.09,1.37
2022-11-14,9.15,9.08,9.24,9.03,21376,19486649.00,2.30,-0.55,-0.05,1.12
2022-11-15,9.08,9.29,9.29,9.03,23783,21905048.67,2.86,2.31,0.21,1.24
2022-11-16,9.29,9.24,9.34,9.20,18527,17181969.56,1.51,-0.54,-0.05,0.97
2022-11-17,9.29,9.33,9.33,9.20,24962,23184083.00,1.41,0.97,0.09,1.31
2022-11-18,9.32,9.17,9.36,9.16,22919,21232911.00,2.14,-1.71,-0.16,1.20
2022-11-21,9.20,9.50,10.03,9.07,81993,77879621.70,10.47,3.60,0.33,4.29
2022-11-22,9.51,9.33,9.76,9.24,83189,79182556.64,5.47,-1.79,-0.17,4.35
2022-11-23,9.45,9.58,9.73,8.88,118594,111384026.88,9.11,2.68,0.25,6.20
2022-11-24,9.49,10.54,10.54,9.45,313820,322423594.29,11.38,10.02,0.96,16.42
2022-11-25,10.10,9.99,10.29,9.81,293587,293795470.62,4.55,-5.22,-0.55,15.36
2022-11-28,9.68,10.08,10.12,9.68,165568,164416079.18,4.40,0.90,0.09,8.66
2022-11-29,9.95,10.28,10.47,9.85,184379,188656778.50,6.15,1.98,0.20,9.65
2022-11-30,10.12,10.08,10.23,9.84,124199,124059769.44,3.79,-1.95,-0.20,6.50
2022-12-01,10.05,9.97,10.19,9.92,94229,94534869.22,2.68,-1.09,-0.11,4.93
2022-12-02,9.91,9.81,9.98,9.79,80163,79025596.88,1.91,-1.60,-0.16,4.19
2022-12-05,9.80,9.90,9.90,9.71,70656,69317740.50,1.94,0.92,0.09,3.70
2022-12-06,9.84,9.88,9.98,9.79,70999,70130486.30,1.92,-0.20,-0.02,3.71
2022-12-07,9.78,10.06,10.28,9.61,138179,138390011.80,6.78,1.82,0.18,7.23
2022-12-08,9.88,9.71,9.97,9.70,78064,76550112.44,2.68,-3.48,-0.35,4.08
2022-12-09,9.71,9.57,9.74,9.46,63557,60802606.16,2.88,-1.44,-0.14,3.33
2022-12-12,9.52,9.61,9.65,9.33,58426,55486346.86,3.34,0.42,0.04,3.06
2022-12-13,9.55,9.66,9.67,9.44,43174,41374831.40,2.39,0.52,0.05,2.26
2022-12-14,9.63,9.54,9.78,9.46,39353,37910176.68,3.31,-1.24,-0.12,2.06
2022-12-15,9.55,9.62,9.66,9.41,33371,31946074.92,2.62,0.84,0.08,1.75
2022-12-16,9.57,9.24,9.57,9.22,44558,41829616.00,3.64,-3.95,-0.38,2.33
2022-12-19,9.24,9.01,9.31,8.91,34024,30923706.65,4.33,-2.49,-0.23,1.78
2022-12-20,8.97,9.02,9.09,8.94,15854,14286970.00,1.66,0.11,0.01,0.83
2022-12-21,8.91,8.84,9.05,8.70,25870,22932570.00,3.88,-2.00,-0.18,1.35
2022-12-22,8.85,8.60,8.95,8.58,24399,21309521.00,4.19,-2.71,-0.24,1.28
2022-12-23,8.50,8.61,8.69,8.46,20992,18070324.50,2.67,0.12,0.01,1.10
2022-12-26,8.51,8.80,8.80,8.51,16422,14358513.17,3.37,2.21,0.19,0.86
2022-12-27,8.79,8.77,8.87,8.64,17397,15212904.75,2.61,-0.34,-0.03,0.91
2022-12-28,8.77,8.58,8.77,8.56,16213,13958637.00,2.39,-2.17,-0.19,0.85
2022-12-29,8.55,8.56,8.68,8.50,12840,11050420.00,2.10,-0.23,-0.02,0.67
2022-12-30,8.65,8.59,8.71,8.55,12468,10718307.00,1.87,0.35,0.03,0.65