2012-01-04,3.41,3.31,3.45,3.26,4430,6283525.00,5.59,-2.65,-0.09,0.68
2012-01-05,3.21,3.20,3.30,3.17,4237,5826851.00,3.93,-3.32,-0.11,0.65
2012-01-06,3.40,3.66,3.66,3.29,21703,31343575.00,11.56,14.38,0.46,3.33
2012-01-09,3.57,3.85,3.93,3.52,26355,40185254.00,11.20,5.19,0.19,4.04
2012-01-10,3.81,3.95,3.96,3.75,22355,35127162.00,5.45,2.60,0.10,3.43
2012-01-11,3.90,4.20,4.21,3.85,32679,53111701.00,9.11,6.33,0.25,5.01
2012-01-12,4.20,4.00,4.20,4.00,30182,49313034.00,4.76,-4.76,-0.20,4.63
2012-01-13,4.01,3.84,4.01,3.74,17721,27727094.00,6.75,-4.00,-0.16,2.72
2012-01-16,3.80,3.83,3.84,3.74,9167,14197256.00,2.60,-0.26,-0.01,1.40
2012-01-17,3.80,4.04,4.08,3.51,22339,34965009.00,14.88,5.48,0.21,3.42
2012-01-18,3.98,3.81,4.02,3.80,13729,21792521.00,5.45,-5.69,-0.23,2.10
2012-01-19,3.75,3.80,3.89,3.74,7400,11539258.00,3.94,-0.26,-0.01,1.13
2012-01-20,3.86,3.85,3.91,3.80,7189,11255302.00,2.89,1.32,0.05,1.10
2012-01-30,3.86,3.87,3.96,3.84,5600,8849234.00,3.12,0.52,0.02,0.86
2012-01-31,3.89,3.84,3.89,3.75,5238,8104397.00,3.62,-0.78,-0.03,0.80
2012-02-01,3.80,3.80,3.90,3.76,4526,7055268.00,3.65,-1.04,-0.04,0.69
2012-02-02,3.85,3.96,3.96,3.80,10038,15864219.00,4.21,4.21,0.16,1.54
2012-02-03,3.99,4.02,4.05,3.91,12061,19366116.00,3.54,1.52,0.06,1.85
2012-02-06,4.06,3.98,4.06,3.94,7670,12312362.00,2.99,-1.00,-0.04,1.18
2012-02-07,3.97,4.00,4.06,3.93,14870,23862411.00,3.27,0.50,0.02,2.28
2012-02-08,4.00,4.12,4.12,3.91,16032,25981093.00,5.25,3.00,0.12,2.46
2012-02-09,4.10,4.09,4.15,4.05,15218,24958025.00,2.43,-0.73,-0.03,2.33
2012-02-10,4.10,4.12,4.17,4.06,11146,18321419.00,2.69,0.73,0.03,1.71
2012-02-13,4.23,4.49,4.57,4.21,48082,83472659.00,8.74,8.98,0.37,7.37
2012-02-14,4.38,4.35,4.46,4.32,20217,34787343.00,3.12,-3.12,-0.14,3.10
2012-02-15,4.34,4.38,4.41,4.25,15708,26875371.00,3.68,0.69,0.03,2.41
2012-02-16,4.34,4.31,4.39,4.26,11047,18845292.00,2.97,-1.60,-0.07,1.69
2012-02-17,4.35,4.36,4.38,4.29,10306,17654528.00,2.09,1.16,0.05,1.58
2012-02-20,4.42,4.30,4.46,4.30,12164,20978314.00,3.67,-1.38,-0.06,1.86
2012-02-21,4.32,4.33,4.35,4.21,10757,18206148.00,3.26,0.70,0.03,1.65
2012-02-22,4.31,4.43,4.45,4.31,16055,27698222.00,3.23,2.31,0.10,2.46
2012-02-23,4.44,4.49,4.51,4.41,19641,34303714.00,2.26,1.35,0.06,3.01
2012-02-24,4.50,4.50,4.54,4.45,18721,32980577.00,2.00,0.22,0.01,2.87
2012-02-27,4.52,4.47,4.59,4.47,21955,38839292.00,2.67,-0.67,-0.03,3.36
2012-02-28,4.45,4.36,4.48,4.31,17190,29590388.00,3.80,-2.46,-0.11,2.63
2012-02-29,4.32,4.27,4.39,4.27,10526,17969330.00,2.75,-2.06,-0.09,1.61
2012-03-01,4.27,4.30,4.33,4.21,7790,13211355.00,2.81,0.70,0.03,1.19
2012-03-02,4.33,4.40,4.41,4.30,9714,16719791.00,2.56,2.33,0.10,1.49
2012-03-05,4.42,4.54,4.55,4.41,22455,39421108.00,3.18,3.18,0.14,3.44
2012-03-06,4.54,4.43,4.54,4.38,13368,23242506.00,3.52,-2.42,-0.11,2.05
2012-03-07,4.34,4.56,4.61,4.31,29621,52370455.00,6.77,2.93,0.13,4.54
2012-03-08,4.60,4.70,4.72,4.59,33541,60697365.00,2.85,3.07,0.14,5.14
2012-03-09,4.75,4.78,4.95,4.74,35483,65948859.00,4.47,1.70,0.08,5.44
2012-03-12,4.77,4.71,4.86,4.69,17529,32095372.00,3.56,-1.46,-0.07,2.69
2012-03-13,4.76,4.79,4.79,4.67,15414,28170866.00,2.55,1.70,0.08,2.36
2012-03-14,4.80,4.44,4.90,4.41,24637,44799783.00,10.23,-7.31,-0.35,3.78
2012-03-15,4.45,4.37,4.53,4.32,18559,32008083.00,4.73,-1.58,-0.07,2.84
2012-03-16,4.43,4.49,4.49,4.37,14087,24440176.00,2.75,2.75,0.12,2.16
2012-03-19,4.47,4.71,4.72,4.45,18317,32680601.00,6.01,4.90,0.22,2.81
2012-03-20,4.70,4.60,4.70,4.52,13959,24898944.00,3.82,-2.34,-0.11,2.14
2012-03-21,4.65,4.60,4.65,4.48,11181,19867304.00,3.70,0.00,0.00,1.71
2012-03-22,4.62,4.60,4.63,4.53,6531,11654120.00,2.17,0.00,0.00,1.00
2012-03-23,4.59,4.44,4.59,4.44,8325,14651865.00,3.26,-3.48,-0.16,1.28
2012-03-26,4.42,4.43,4.50,4.38,5548,9610865.00,2.70,-0.23,-0.01,0.85
2012-03-27,4.47,4.35,4.49,4.34,5796,10068169.00,3.39,-1.81,-0.08,0.89
2012-03-28,4.34,4.01,4.34,3.99,10940,18119187.00,8.05,-7.82,-0.34,1.68
2012-03-29,4.02,3.87,4.06,3.77,8065,12693483.00,7.23,-3.49,-0.14,1.24
2012-03-30,3.85,3.83,3.93,3.77,4262,6646516.00,4.13,-1.03,-0.04,0.65
2012-04-05,3.83,4.00,4.01,3.82,5515,8782978.00,4.96,4.44,0.17,0.85
2012-04-06,4.00,4.04,4.06,3.99,3755,6075851.00,1.75,1.00,0.04,0.58
2012-04-09,4.06,3.99,4.07,3.99,2823,4569810.00,1.98,-1.24,-0.05,0.43
2012-04-10,3.95,4.04,4.04,3.85,4432,7059143.00,4.76,1.25,0.05,0.68
2012-04-11,3.99,4.12,4.12,3.94,4911,7970418.00,4.46,1.98,0.08,0.75
2012-04-12,4.11,4.23,4.23,4.11,7854,13055639.00,2.91,2.67,0.11,1.20
2012-04-13,4.22,4.16,4.23,4.13,13072,21700846.00,2.36,-1.65,-0.07,2.00
2012-04-16,4.10,4.14,4.16,4.10,6174,10188883.00,1.44,-0.48,-0.02,0.95
2012-04-17,4.11,4.09,4.16,4.07,3977,6541629.00,2.17,-1.21,-0.05,0.61
2012-04-18,4.09,4.19,4.22,4.09,5069,8410090.00,3.18,2.44,0.10,0.78
2012-04-19,4.20,4.26,4.26,4.15,7158,11956613.00,2.63,1.67,0.07,1.10
2012-04-20,4.20,4.28,4.33,4.20,7581,12816851.00,3.05,0.47,0.02,1.16
2012-04-23,4.27,4.18,4.29,4.17,5462,9179763.00,2.80,-2.34,-0.10,0.84
2012-04-24,4.12,4.00,4.15,3.87,8965,14426315.00,6.70,-4.31,-0.18,1.37
2012-04-25,4.00,4.08,4.11,3.97,7735,12536846.00,3.50,2.00,0.08,1.19
2012-04-26,4.10,3.96,4.13,3.92,13316,21331831.00,5.15,-2.94,-0.12,2.04
2012-04-27,3.93,3.99,4.05,3.92,5278,8496857.00,3.28,0.76,0.03,0.81
2012-05-02,4.05,4.03,4.07,3.99,6986,11302069.00,2.01,1.00,0.04,1.07
2012-05-03,4.03,4.04,4.06,4.01,6335,10264728.00,1.24,0.25,0.01,0.97
2012-05-04,4.03,4.16,4.17,4.02,7951,12988093.00,3.71,2.97,0.12,1.22
2012-05-08,4.24,4.21,4.29,4.19,13099,22021994.00,2.40,1.20,0.05,2.01
2012-05-09,4.15,4.09,4.19,4.05,8272,13608554.00,3.33,-2.85,-0.12,1.27
2012-05-10,4.08,4.05,4.14,4.05,6360,10398704.00,2.20,-0.98,-0.04,0.97
2012-05-11,4.13,4.01,4.13,4.00,6028,9768330.00,3.21,-0.99,-0.04,0.92
2012-05-14,4.09,4.01,4.09,3.99,5408,8731527.00,2.49,0.00,0.00,0.83
2012-05-15,4.00,4.55,4.55,3.90,31295,52965868.00,16.21,13.47,0.54,4.80
2012-05-16,4.44,4.32,4.56,4.28,41178,71676718.00,6.15,-5.05,-0.23,6.31
2012-05-17,4.29,4.40,4.44,4.26,22129,38114174.00,4.17,1.85,0.08,3.39
2012-05-18,4.40,4.46,4.55,4.35,28803,50407824.00,4.55,1.36,0.06,4.41
2012-05-21,4.45,4.29,4.53,4.24,20725,35594679.00,6.50,-3.81,-0.17,3.18
2012-05-22,4.33,4.29,4.34,4.23,11383,19219206.00,2.56,0.00,0.00,1.74
2012-05-23,4.29,4.13,4.29,4.11,13911,23128779.00,4.20,-3.73,-0.16,2.13
2012-05-24,4.13,4.15,4.23,4.11,9354,15556876.00,2.91,0.48,0.02,1.43
2012-05-25,4.15,4.09,4.23,4.04,8263,13577622.00,4.58,-1.45,-0.06,1.27
2012-05-28,4.04,4.22,4.26,3.91,14698,24279217.00,8.56,3.18,0.13,2.25
2012-05-29,4.17,4.27,4.30,4.17,12412,20920185.00,3.08,1.18,0.05,1.90
2012-05-30,4.27,4.25,4.30,4.22,8872,14982405.00,1.87,-0.47,-0.02,1.36
2012-05-31,4.25,4.15,4.25,4.10,8516,14114756.00,3.53,-2.35,-0.10,1.31
2012-06-01,4.13,4.20,4.25,4.12,7122,11893944.00,3.13,1.20,0.05,1.09
2012-06-04,4.10,3.92,4.20,3.90,9847,15844697.00,7.14,-6.67,-0.28,1.51
2012-06-05,4.01,3.89,4.01,3.88,4399,6992416.00,3.32,-0.77,-0.03,0.67
2012-06-06,3.90,3.89,4.00,3.88,2870,4546290.00,3.08,0.00,0.00,0.44
2012-06-07,3.96,3.86,3.97,3.84,4027,6367874.00,3.34,-0.77,-0.03,0.62
2012-06-08,3.90,3.86,3.94,3.84,3016,4740045.00,2.59,0.00,0.00,0.46
2012-06-11,3.90,3.92,3.97,3.86,4748,7516265.00,2.85,1.55,0.06,0.73
2012-06-12,3.93,3.89,3.96,3.89,4028,6387904.00,1.79,-0.77,-0.03,0.62
2012-06-13,3.89,3.95,3.97,3.89,4578,7271911.00,2.06,1.54,0.06,0.70
2012-06-14,3.96,3.89,4.00,3.89,4899,7804842.00,2.78,-1.52,-0.06,0.75
2012-06-15,3.89,3.92,3.95,3.87,3375,5336131.00,2.06,0.77,0.03,0.52
2012-06-18,3.94,3.95,3.99,3.94,3069,4906537.00,1.28,0.77,0.03,0.47
2012-06-19,3.94,3.98,4.06,3.91,6601,10611956.00,3.80,0.76,0.03,1.01
2012-06-20,3.97,4.02,4.03,3.97,3678,5844781.00,1.51,1.01,0.04,0.56
2012-06-21,4.02,3.97,4.02,3.90,5553,8723320.00,2.99,-1.24,-0.05,0.85
2012-06-25,3.97,3.97,4.00,3.92,4627,7295029.00,2.02,0.00,0.00,0.71
2012-06-26,3.92,3.84,3.96,3.82,5235,8090230.00,3.53,-3.27,-0.13,0.80
2012-06-27,3.91,3.85,3.92,3.83,2358,3653264.00,2.34,0.26,0.01,0.36
2012-06-28,3.84,3.79,3.90,3.77,2464,3785223.00,3.38,-1.56,-0.06,0.38
2012-06-29,3.76,3.77,3.77,3.64,5090,7629529.00,3.43,-0.53,-0.02,0.78
2012-07-02,3.80,3.85,3.86,3.77,3146,4834198.00,2.39,2.12,0.08,0.48
2012-07-03,3.86,3.84,3.88,3.80,3230,4983627.00,2.08,-0.26,-0.01,0.49
2012-07-04,3.84,3.87,3.87,3.77,3392,5207249.00,2.60,0.78,0.03,0.52
2012-07-05,3.84,3.64,3.84,3.64,4435,6660943.00,5.17,-5.94,-0.23,0.68
2012-07-06,3.70,3.76,3.77,3.64,2808,4210165.00,3.57,3.30,0.12,0.43
2012-07-09,3.74,3.59,3.74,3.54,5011,7388306.00,5.32,-4.52,-0.17,0.77
2012-07-10,3.54,3.52,3.64,3.52,1676,2440858.00,3.34,-1.95,-0.07,0.26
2012-07-11,3.50,3.59,3.60,3.50,1773,2582578.00,2.84,1.99,0.07,0.27
2012-07-12,3.59,3.60,3.63,3.44,3729,5418613.00,5.29,0.28,0.01,0.57
2012-07-13,3.61,3.63,3.63,3.56,3629,5341501.00,1.94,0.83,0.03,0.56
2012-07-16,3.65,3.39,3.65,3.38,4051,5809129.00,7.44,-6.61,-0.24,0.62
2012-07-17,3.54,3.52,3.54,3.37,1872,2663822.00,5.01,3.83,0.13,0.29
2012-07-18,3.44,3.57,3.57,3.44,2169,3133297.00,3.69,1.42,0.05,0.33
2012-07-19,3.56,3.65,3.69,3.51,3972,5862108.00,5.04,2.24,0.08,0.61
2012-07-20,3.62,3.56,3.68,3.54,2722,3986284.00,3.84,-2.47,-0.09,0.42
2012-07-23,3.44,3.50,3.52,3.44,1472,2115061.00,2.25,-1.69,-0.06,0.23
2012-07-24,3.49,3.54,3.55,3.47,1474,2119253.00,2.29,1.14,0.04,0.23
2012-07-25,3.53,3.49,3.53,3.46,1716,2462668.00,1.98,-1.41,-0.05,0.26
2012-07-26,3.42,3.42,3.50,3.42,2075,2968960.00,2.29,-2.01,-0.07,0.32
2012-07-27,3.44,3.42,3.48,3.39,1683,2383654.00,2.63,0.00,0.00,0.26
2012-07-30,3.45,3.34,3.45,3.33,2130,2983940.00,3.51,-2.34,-0.08,0.33
2012-07-31,3.33,3.24,3.47,3.20,1706,2341695.00,8.08,-2.99,-0.10,0.26
2012-08-01,3.23,3.29,3.32,3.23,2399,3293300.00,2.78,1.54,0.05,0.37
2012-08-02,3.32,3.27,3.33,3.22,2870,3932069.00,3.34,-0.61,-0.02,0.44
2012-08-03,3.27,3.32,3.32,3.22,4426,6048971.00,3.06,1.53,0.05,0.68
2012-08-06,3.29,3.42,3.43,3.28,6024,8387386.00,4.52,3.01,0.10,0.92
2012-08-07,3.42,3.42,3.44,3.38,3883,5481802.00,1.75,0.00,0.00,0.60
2012-08-08,3.42,3.39,3.43,3.38,2551,3593366.00,1.46,-0.88,-0.03,0.39
2012-08-09,3.38,3.49,3.49,3.36,6282,8897362.00,3.83,2.95,0.10,0.96
2012-08-10,3.47,3.46,3.51,3.44,7019,10017752.00,2.01,-0.86,-0.03,1.08
2012-08-13,3.44,3.55,3.78,3.42,12708,18678169.00,10.40,2.60,0.09,1.95
2012-08-14,3.50,3.57,3.57,3.42,7883,11298048.00,4.23,0.56,0.02,1.21
2012-08-15,3.55,3.43,3.55,3.43,5857,8417429.00,3.36,-3.92,-0.14,0.90
2012-08-16,3.35,3.26,3.35,3.23,5637,7740300.00,3.50,-4.96,-0.17,0.86
2012-08-17,3.26,3.19,3.27,3.14,6213,8360032.00,3.99,-2.15,-0.07,0.95
2012-08-20,3.19,3.18,3.20,3.11,2362,3155750.00,2.82,-0.31,-0.01,0.36
2012-08-21,3.16,3.27,3.28,3.16,5644,7668224.00,3.77,2.83,0.09,0.86
2012-08-22,3.27,3.23,3.27,3.18,5418,7330828.00,2.75,-1.22,-0.04,0.83
2012-08-23,3.22,3.26,3.30,3.20,3914,5342941.00,3.10,0.93,0.03,0.60
2012-08-24,3.24,3.12,3.24,3.12,3856,5172326.00,3.68,-4.29,-0.14,0.59
2012-08-27,3.10,3.08,3.13,3.04,4260,5595702.00,2.88,-1.28,-0.04,0.65
2012-08-28,3.10,3.14,3.15,3.06,3338,4409168.00,2.92,1.95,0.06,0.51
2012-08-29,3.09,3.04,3.12,3.03,4102,5372226.00,2.87,-3.18,-0.10,0.63
2012-08-30,3.04,3.01,3.09,2.91,3638,4664267.00,5.92,-0.99,-0.03,0.56
2012-08-31,2.99,2.98,3.00,2.95,2633,3374513.00,1.66,-1.00,-0.03,0.40
2012-09-03,2.97,3.01,3.03,2.97,2502,3230203.00,2.01,1.01,0.03,0.38
2012-09-04,3.03,2.95,3.03,2.94,2777,3574127.00,2.99,-1.99,-0.06,0.43
2012-09-05,2.95,2.94,2.95,2.88,2535,3208208.00,2.37,-0.34,-0.01,0.39
2012-09-06,2.97,3.03,3.04,2.94,3516,4513751.00,3.40,3.06,0.09,0.54
2012-09-07,3.04,3.14,3.21,3.04,11432,15268207.00,5.61,3.63,0.11,1.75
2012-09-10,3.16,3.19,3.21,3.14,8108,10900218.00,2.23,1.59,0.05,1.24
2012-09-11,3.18,3.13,3.18,3.11,5562,7383933.00,2.19,-1.88,-0.06,0.85
2012-09-12,3.15,3.26,3.26,3.12,9940,13365560.00,4.47,4.15,0.13,1.52
2012-09-13,3.26,3.18,3.26,3.18,7465,10103752.00,2.45,-2.45,-0.08,1.14
2012-09-14,3.23,3.16,3.23,3.12,5950,7957351.00,3.46,-0.63,-0.02,0.91
2012-09-17,3.20,3.00,3.20,3.00,4362,5735537.00,6.33,-5.06,-0.16,0.67
2012-09-18,3.02,2.98,3.07,2.98,4246,5480961.00,3.00,-0.67,-0.02,0.65
2012-09-19,3.03,2.99,3.03,2.98,1743,2243316.00,1.68,0.34,0.01,0.27
2012-09-20,3.00,2.87,3.01,2.86,4818,6088761.00,5.02,-4.01,-0.12,0.74
2012-09-21,2.87,2.91,3.02,2.87,5092,6461769.00,5.23,1.39,0.04,0.78
2012-09-24,2.93,2.90,2.93,2.87,1762,2217704.00,2.06,-0.34,-0.01,0.27
2012-09-25,2.88,2.85,2.91,2.84,1820,2279172.00,2.41,-1.72,-0.05,0.28
2012-09-26,2.87,2.86,2.88,2.73,3145,3871370.00,5.26,0.35,0.01,0.48
2012-09-27,2.82,2.93,2.95,2.81,5711,7178792.00,4.90,2.45,0.07,0.88
2012-09-28,2.92,2.97,2.99,2.92,3309,4230061.00,2.39,1.37,0.04,0.51
2012-10-08,2.98,2.91,2.99,2.91,1324,1680822.00,2.69,-2.02,-0.06,0.20
2012-10-09,2.96,3.04,3.06,2.91,7621,9832013.00,5.15,4.47,0.13,1.17
2012-10-10,3.02,3.05,3.06,3.00,3701,4808641.00,1.97,0.33,0.01,0.57
2012-10-11,3.03,3.00,3.05,2.97,2440,3148690.00,2.62,-1.64,-0.05,0.37
2012-10-12,3.00,3.00,3.06,2.96,2969,3831231.00,3.33,0.00,0.00,0.46
2012-10-15,3.02,2.95,3.02,2.92,3210,4113542.00,3.33,-1.67,-0.05,0.49
2012-10-16,2.94,2.90,2.98,2.87,5893,7456384.00,3.73,-1.69,-0.05,0.90
2012-10-17,2.92,2.91,2.92,2.87,3398,4278343.00,1.72,0.34,0.01,0.52
2012-10-18,2.91,2.98,3.00,2.90,4285,5469390.00,3.44,2.41,0.07,0.66
2012-10-19,2.96,3.00,3.03,2.96,3265,4198372.00,2.35,0.67,0.02,0.50
2012-10-22,2.97,3.02,3.02,2.95,1931,2480591.00,2.33,0.67,0.02,0.30
2012-10-23,3.00,3.17,3.43,2.97,22404,30265567.00,15.23,4.97,0.15,3.43
2012-10-24,3.07,3.10,3.15,3.06,8981,11830324.00,2.84,-2.21,-0.07,1.38
2012-10-25,3.10,3.01,3.13,3.00,7342,9552239.00,4.19,-2.90,-0.09,1.13
2012-10-26,3.03,2.86,3.03,2.84,5443,6867025.00,6.31,-4.98,-0.15,0.83
2012-10-29,2.89,2.87,2.91,2.86,2440,3062080.00,1.75,0.35,0.01,0.37
2012-10-30,2.90,2.89,2.93,2.88,3934,4962709.00,1.74,0.70,0.02,0.60
2012-10-31,2.90,2.94,2.96,2.90,3072,3901724.00,2.08,1.73,0.05,0.47
2012-11-01,2.96,2.99,3.06,2.94,6596,8517656.00,4.08,1.70,0.05,1.01
2012-11-02,2.99,3.00,3.01,2.97,2412,3100131.00,1.34,0.33,0.01,0.37
2012-11-05,2.99,3.00,3.01,2.97,2622,3374190.00,1.33,0.00,0.00,0.40
2012-11-06,3.02,2.94,3.02,2.90,2691,3413653.00,4.00,-2.00,-0.06,0.41
2012-11-07,2.92,3.02,3.14,2.92,10986,14349566.00,7.48,2.72,0.08,1.68
2012-11-08,2.96,2.87,2.96,2.87,5862,7388814.00,2.98,-4.97,-0.15,0.90
2012-11-09,2.87,2.87,2.92,2.85,2106,2639796.00,2.44,0.00,0.00,0.32
2012-11-12,2.89,2.88,2.92,2.85,2704,3386596.00,2.44,0.35,0.01,0.41
2012-11-13,2.86,2.82,2.89,2.78,2129,2634584.00,3.82,-2.08,-0.06,0.33
2012-11-14,2.82,2.82,2.85,2.79,2387,2945448.00,2.13,0.00,0.00,0.37
2012-11-15,2.81,2.75,2.81,2.75,2028,2482795.00,2.13,-2.48,-0.07,0.31
2012-11-16,2.75,2.72,2.76,2.72,3115,3765129.00,1.45,-1.09,-0.03,0.48
2012-11-19,2.70,2.69,2.74,2.65,3963,4736905.00,3.31,-1.10,-0.03,0.61
2012-11-20,2.69,2.67,2.72,2.66,1998,2391672.00,2.23,-0.74,-0.02,0.31
2012-11-21,2.67,2.74,2.77,2.66,5333,6434621.00,4.12,2.62,0.07,0.82
2012-11-22,2.74,2.69,2.74,2.69,2989,3584546.00,1.82,-1.82,-0.05,0.46
2012-11-23,2.70,2.60,2.70,2.55,23521,27546412.00,5.58,-3.35,-0.09,3.60
2012-11-26,2.58,2.52,2.59,2.51,7552,8719754.00,3.08,-3.08,-0.08,1.16
2012-11-27,2.54,2.37,2.54,2.37,6256,6997513.00,6.75,-5.95,-0.15,0.96
2012-11-28,2.40,2.32,2.40,2.32,4922,5386396.00,3.38,-2.11,-0.05,0.75
2012-11-29,2.35,2.32,2.38,2.31,3885,4251244.00,3.02,0.00,0.00,0.60
2012-11-30,2.33,2.37,2.37,2.31,2974,3255705.00,2.59,2.16,0.05,0.46
2012-12-03,2.34,2.27,2.36,2.24,3431,3709753.00,5.06,-4.22,-0.10,0.53
2012-12-04,2.27,2.28,2.30,2.17,5074,5384270.00,5.73,0.44,0.01,0.78
2012-12-05,2.28,2.40,2.45,2.26,9792,10830452.00,8.33,5.26,0.12,1.50
2012-12-06,2.40,2.46,2.49,2.36,7185,8035944.00,5.42,2.50,0.06,1.10
2012-12-07,2.42,2.50,2.51,2.42,9982,11305024.00,3.66,1.63,0.04,1.53
2012-12-10,2.50,2.51,2.53,2.46,10414,11856071.00,2.80,0.40,0.01,1.60
2012-12-11,2.51,2.52,2.66,2.48,14739,17080966.00,7.17,0.40,0.01,2.26
2012-12-12,2.49,2.47,2.52,2.43,9432,10668484.00,3.57,-1.98,-0.05,1.45
2012-12-13,2.47,2.40,2.47,2.38,5970,6679682.00,3.64,-2.83,-0.07,0.91
2012-12-14,2.40,2.55,2.55,2.40,13058,14905748.00,6.25,6.25,0.15,2.00
2012-12-17,2.54,2.56,2.59,2.52,10118,11728717.00,2.75,0.39,0.01,1.55
2012-12-18,2.58,2.60,2.66,2.54,16038,18813108.00,4.69,1.56,0.04,2.46
2012-12-19,2.61,2.58,2.61,2.56,6951,8101804.00,1.92,-0.77,-0.02,1.07
2012-12-20,2.57,2.61,2.68,2.57,10195,11994808.00,4.26,1.16,0.03,1.56
2012-12-21,2.60,2.66,2.69,2.58,15009,17728980.00,4.21,1.92,0.05,2.30
2012-12-24,2.65,2.75,2.76,2.65,15005,18057904.00,4.14,3.38,0.09,2.30
2012-12-25,2.73,2.79,2.82,2.72,15833,19347717.00,3.64,1.45,0.04,2.43
2012-12-26,2.79,2.90,2.92,2.79,19547,24507706.00,4.66,3.94,0.11,3.00
2012-12-27,2.94,2.82,2.97,2.81,17710,22154688.00,5.52,-2.76,-0.08,2.71
2012-12-28,2.79,2.85,2.85,2.76,11014,13571956.00,3.19,1.06,0.03,1.69
2012-12-31,2.83,2.88,2.91,2.80,9602,11958430.00,3.86,1.05,0.03,1.47