2023-01-03,12.89,12.92,13.04,12.66,179632,231120449.00,2.94,-0.15,-0.02,1.10
2023-01-04,12.99,12.92,13.20,12.79,174194,226282011.00,3.17,0.00,0.00,1.07
2023-01-05,12.84,12.85,13.03,12.76,199024,256747856.00,2.09,-0.54,-0.07,1.22
2023-01-06,12.84,13.07,13.28,12.80,229391,301205392.00,3.74,1.71,0.22,1.41
2023-01-09,13.07,12.89,13.19,12.77,206059,267042184.00,3.21,-1.38,-0.18,1.27
2023-01-10,13.25,12.96,13.63,12.95,364776,484631441.00,5.28,0.54,0.07,2.24
2023-01-11,12.99,12.72,13.04,12.69,199558,255831030.00,2.70,-1.85,-0.24,1.23
2023-01-12,12.74,12.81,13.09,12.74,124567,160928166.00,2.75,0.71,0.09,0.77
2023-01-13,12.87,12.50,12.90,12.38,183344,229605996.00,4.06,-2.42,-0.31,1.13
2023-01-16,12.47,12.70,12.80,12.42,189435,239772138.00,3.04,1.60,0.20,1.16
2023-01-17,12.86,12.48,12.86,12.44,156870,196830516.00,3.31,-1.73,-0.22,0.96
2023-01-18,12.48,12.49,12.56,12.37,101523,126871744.00,1.52,0.08,0.01,0.62
2023-01-19,12.47,12.34,12.48,12.26,117441,144926984.00,1.76,-1.20,-0.15,0.72
2023-01-20,12.43,12.63,12.68,12.30,261699,327770815.00,3.08,2.35,0.29,1.61
2023-01-30,13.00,12.76,13.15,12.65,379383,488203446.00,3.96,1.03,0.13,2.33
2023-01-31,12.70,12.84,12.94,12.65,220953,283252837.00,2.27,0.63,0.08,1.36
2023-02-01,12.84,12.89,12.95,12.72,291833,374389837.00,1.79,0.39,0.05,1.79
2023-02-02,12.97,12.78,13.00,12.73,258805,332111109.00,2.09,-0.85,-0.11,1.59
2023-02-03,12.84,12.51,12.86,12.31,268009,335580795.00,4.30,-2.11,-0.27,1.65
2023-02-06,12.49,12.27,12.57,12.20,218001,268546178.00,2.96,-1.92,-0.24,1.34
2023-02-07,12.25,12.33,12.46,12.19,251791,309571015.00,2.20,0.49,0.06,1.55
2023-02-08,12.28,13.14,13.30,12.25,820298,1066564076.00,8.52,6.57,0.81,5.04
2023-02-09,13.09,13.07,13.14,12.71,463171,599623306.00,3.27,-0.53,-0.07,2.85
2023-02-10,13.02,12.85,13.04,12.73,283989,364708842.00,2.37,-1.68,-0.22,1.75
2023-02-13,12.83,12.71,12.83,12.60,313162,397834518.00,1.79,-1.09,-0.14,1.92
2023-02-14,12.72,12.75,12.80,12.61,222928,282982193.00,1.49,0.31,0.04,1.37
2023-02-15,12.79,12.58,12.79,12.56,204735,259230161.00,1.80,-1.33,-0.17,1.26
2023-02-16,12.53,12.34,12.66,12.26,245376,305299844.00,3.18,-1.91,-0.24,1.51
2023-02-17,12.35,12.08,12.38,12.05,188477,229456912.00,2.67,-2.11,-0.26,1.16
2023-02-20,12.08,12.37,12.62,11.73,595910,718233203.00,7.37,2.40,0.29,3.19
2023-02-21,12.44,13.06,13.08,12.37,696545,889992526.00,5.74,5.58,0.69,3.72
2023-02-22,13.00,12.85,13.12,12.78,326256,421416204.00,2.60,-1.61,-0.21,1.74
2023-02-23,12.82,13.02,13.08,12.81,326440,422646186.00,2.10,1.32,0.17,1.75
2023-02-24,12.98,12.85,12.99,12.75,226631,291425477.00,1.84,-1.31,-0.17,1.21
2023-02-27,12.75,12.77,12.99,12.68,256785,328911517.00,2.41,-0.62,-0.08,1.37
2023-02-28,12.75,12.70,12.77,12.54,219806,277778487.00,1.80,-0.55,-0.07,1.18
2023-03-01,12.68,12.64,12.70,12.52,183235,231048149.00,1.42,-0.47,-0.06,0.98
2023-03-02,12.66,12.57,12.86,12.54,218679,277256190.00,2.53,-0.55,-0.07,1.17
2023-03-03,12.55,13.04,13.16,12.54,522205,673641078.00,4.93,3.74,0.47,2.79
2023-03-06,13.04,13.93,14.18,13.04,1132952,1556151185.00,8.74,6.83,0.89,6.06
2023-03-07,14.00,13.47,14.02,13.45,387481,529607734.00,4.09,-3.30,-0.46,2.07