2020-01-02,22.25,23.57,23.88,22.25,84291,208212571.00,7.39,6.89,1.52,3.51
2020-01-03,23.53,24.04,24.45,23.52,97667,248374796.00,3.95,1.99,0.47,4.07
2020-01-06,23.69,24.58,25.07,23.27,90481,234749750.00,7.49,2.25,0.54,3.77
2020-01-07,24.39,25.59,25.82,24.07,121148,322116032.00,7.12,4.11,1.01,5.05
2020-01-08,25.07,24.67,25.46,24.59,81841,216143205.00,3.40,-3.60,-0.92,3.41
2020-01-09,25.07,24.98,25.16,24.20,66122,172732398.00,3.89,1.26,0.31,2.76
2020-01-10,24.85,24.64,24.93,24.34,40910,106512059.00,2.36,-1.36,-0.34,1.70
2020-01-13,24.66,25.22,25.30,24.52,59048,155684009.00,3.17,2.35,0.58,2.46
2020-01-14,25.45,24.57,25.63,24.57,50711,134406273.00,4.20,-2.58,-0.65,2.11
2020-01-15,24.52,24.58,25.09,24.40,36707,95974344.00,2.81,0.04,0.01,1.53
2020-01-16,24.58,24.64,24.90,24.08,39799,103320211.00,3.34,0.24,0.06,1.66
2020-01-17,24.69,24.27,24.87,24.13,32433,83753185.00,3.00,-1.50,-0.37,1.35
2020-01-20,24.95,25.67,26.12,24.77,97405,261821264.00,5.56,5.77,1.40,4.06
2020-01-21,25.01,24.19,25.16,24.12,76858,199924299.00,4.05,-5.77,-1.48,3.20
2020-01-22,24.07,24.90,24.98,23.57,47632,123247297.00,5.83,2.94,0.71,1.98
2020-01-23,24.83,27.53,27.53,24.50,184253,524531952.00,12.17,10.56,2.63,7.68
2020-02-03,27.87,28.42,30.43,27.67,260439,803249456.00,10.03,3.23,0.89,10.85
2020-02-04,26.76,30.92,31.33,26.76,241593,747221040.00,16.08,8.80,2.50,10.07
2020-02-05,29.58,32.17,33.45,29.58,229326,751157904.00,12.52,4.04,1.25,9.56
2020-02-06,31.37,32.43,34.09,31.00,190742,650489568.00,9.61,0.81,0.26,7.95
2020-02-07,31.58,31.37,33.13,30.09,165542,547247072.00,9.37,-3.27,-1.06,6.90
2020-02-10,31.37,31.57,32.35,30.66,118465,389071376.00,5.39,0.64,0.20,4.94
2020-02-11,31.67,29.92,31.67,29.67,92239,292709856.00,6.34,-5.23,-1.65,3.84
2020-02-12,29.96,30.42,30.95,29.92,76765,244371964.00,3.44,1.67,0.50,3.20
2020-02-13,30.37,31.25,31.57,28.73,113491,358088160.00,9.34,2.73,0.83,4.73
2020-02-14,31.23,30.34,31.41,30.08,86687,277595216.00,4.26,-2.91,-0.91,3.61
2020-02-17,30.57,31.19,31.37,30.32,68693,222743999.00,3.46,2.80,0.85,2.86
2020-02-18,31.27,32.95,34.06,30.88,102734,351990800.00,10.20,5.64,1.76,4.28
2020-02-19,32.99,30.97,33.01,30.97,80780,269709664.00,6.19,-6.01,-1.98,3.37
2020-02-20,30.97,30.56,31.17,29.73,69359,220735981.00,4.65,-1.32,-0.41,2.89
2020-02-21,30.86,31.96,32.76,30.60,85048,283796400.00,7.07,4.58,1.40,3.54
2020-02-24,31.92,32.15,32.91,31.46,86763,292755984.00,4.54,0.59,0.19,3.62
2020-02-25,31.17,31.16,31.59,29.77,81440,263403420.00,5.66,-3.08,-0.99,3.39
2020-02-26,30.72,32.43,33.15,30.60,112850,377825328.00,8.18,4.08,1.27,4.70
2020-02-27,33.17,35.82,35.82,31.09,170161,607845920.00,14.59,10.45,3.39,7.09
2020-02-28,34.58,33.23,38.12,33.07,176474,658107360.00,14.10,-7.23,-2.59,7.35
2020-03-02,33.38,33.80,34.86,31.29,116925,404121520.00,10.74,1.72,0.57,4.87
2020-03-03,33.99,35.18,35.71,33.40,111477,402245152.00,6.83,4.08,1.38,4.64
2020-03-04,34.66,34.68,35.88,33.77,76734,278653104.00,6.00,-1.42,-0.50,3.20
2020-03-05,34.58,33.74,35.07,33.45,74372,263680692.00,4.67,-2.71,-0.94,3.10
2020-03-06,33.07,32.48,33.35,32.45,55834,190783200.00,2.67,-3.73,-1.26,2.33
2020-03-09,31.57,29.09,31.57,29.09,84797,265950205.00,7.64,-10.44,-3.39,3.53
2020-03-10,28.57,29.96,30.00,27.07,79006,238043639.00,10.07,2.99,0.87,3.29
2020-03-11,29.96,29.47,30.26,29.09,48792,151486352.00,3.91,-1.64,-0.49,2.03
2020-03-12,29.40,29.17,29.92,28.62,33235,101810518.00,4.41,-1.02,-0.30,1.38
2020-03-13,27.56,28.09,28.69,27.10,39976,117067933.00,5.45,-3.70,-1.08,1.67
2020-03-16,28.44,26.92,29.07,26.67,42490,125215007.00,8.54,-4.17,-1.17,1.77
2020-03-17,27.48,26.92,27.74,25.17,39455,110364023.00,9.55,0.00,0.00,1.64
2020-03-18,27.16,26.04,27.51,25.97,38102,107881213.00,5.72,-3.27,-0.88,1.59
2020-03-19,26.15,27.24,27.40,25.75,43735,122668763.00,6.34,4.61,1.20,1.82
2020-03-20,27.37,27.42,27.87,27.07,29574,85375124.00,2.94,0.66,0.18,1.23
2020-03-23,26.58,26.40,27.33,25.96,24704,69345084.00,5.00,-3.72,-1.02,1.03
2020-03-24,27.07,26.74,27.17,25.87,24232,67900887.00,4.92,1.29,0.34,1.01
2020-03-25,27.18,28.13,28.50,26.97,41840,122033627.00,5.72,5.20,1.39,1.74
2020-03-26,27.89,28.12,28.71,27.62,31197,92513451.00,3.87,-0.04,-0.01,1.30
2020-03-27,28.30,27.68,28.32,27.32,24528,71572535.00,3.56,-1.56,-0.44,1.02
2020-03-30,27.07,26.87,27.26,26.37,20218,57047376.00,3.22,-2.93,-0.81,0.84
2020-03-31,26.66,27.18,27.49,26.25,26008,73620412.00,4.61,1.15,0.31,1.08
2020-04-01,27.14,27.38,28.04,26.97,24495,71249424.00,3.94,0.74,0.20,1.02
2020-04-02,27.15,28.22,28.22,27.07,21699,62847674.00,4.20,3.07,0.84,0.90
2020-04-03,28.23,27.34,28.23,27.18,20979,60890788.00,3.72,-3.12,-0.88,0.87
2020-04-07,27.58,27.91,28.08,27.58,22556,66066507.00,1.83,2.08,0.57,0.94
2020-04-08,27.97,28.52,28.67,27.77,33490,99979437.00,3.22,2.19,0.61,1.40
2020-04-09,28.47,28.57,28.74,28.20,27377,81904189.00,1.89,0.18,0.05,1.14
2020-04-10,28.57,27.59,28.63,27.45,24568,72036338.00,4.13,-3.43,-0.98,1.02
2020-04-13,27.57,27.61,27.87,26.77,18558,53539528.00,3.99,0.07,0.02,0.77
2020-04-14,27.61,28.82,28.95,27.61,29839,89210391.00,4.85,4.38,1.21,1.24
2020-04-15,31.47,30.79,31.47,30.15,77884,250577833.00,4.58,6.84,1.97,3.25
2020-04-16,30.75,32.28,32.80,30.28,75228,250225395.00,8.18,4.84,1.49,3.13
2020-04-17,32.51,32.61,33.35,31.89,62344,212501414.00,4.52,1.02,0.33,2.60
2020-04-20,32.07,35.07,35.30,31.90,72622,256986652.00,10.43,7.54,2.46,3.03
2020-04-21,34.91,35.03,36.07,33.96,72656,265799210.00,6.02,-0.11,-0.04,3.03
2020-04-22,34.49,35.17,35.92,34.37,54720,200100148.00,4.42,0.40,0.14,2.28
2020-04-23,35.07,34.08,35.17,33.50,75056,267326055.00,4.75,-3.10,-1.09,3.13
2020-04-24,34.57,30.53,34.57,30.53,108336,359535936.00,11.85,-10.42,-3.55,4.51
2020-04-27,30.53,30.23,31.37,30.02,57927,185569635.00,4.42,-0.98,-0.30,2.41
2020-04-28,30.12,29.44,30.26,28.65,45530,140177258.00,5.33,-2.61,-0.79,1.90
2020-04-29,29.66,30.40,30.63,29.50,43119,136012238.00,3.84,3.26,0.96,1.80
2020-04-30,30.74,31.70,32.23,30.74,74272,246219840.00,4.90,4.28,1.30,3.09
2020-05-06,31.50,31.84,32.31,31.17,45709,151876145.00,3.60,0.44,0.14,1.90
2020-05-07,31.90,31.64,32.62,31.34,41236,137789763.00,4.02,-0.63,-0.20,1.72
2020-05-08,31.85,32.67,32.82,31.74,41871,141912658.00,3.41,3.26,1.03,1.74
2020-05-11,33.02,32.71,33.03,32.30,31039,105581394.00,2.23,0.12,0.04,1.29
2020-05-12,32.97,33.49,33.55,32.57,45324,156880432.00,3.00,2.38,0.78,1.89
2020-05-13,33.37,32.98,33.48,32.87,31474,108702710.00,1.82,-1.52,-0.51,1.31
2020-05-14,32.62,32.97,33.85,32.60,44802,155663757.00,3.79,-0.03,-0.01,1.87
2020-05-15,33.17,33.22,33.72,32.90,33492,116596828.00,2.49,0.76,0.25,1.40
2020-05-18,33.05,33.79,34.22,32.57,41267,144618401.00,4.97,1.72,0.57,1.72
2020-05-19,34.02,36.48,37.11,33.67,93873,347509952.00,10.18,7.96,2.69,3.91
2020-05-20,36.48,36.74,37.82,36.17,58570,225123465.00,4.52,0.71,0.26,2.44
2020-05-21,37.07,35.34,37.24,35.07,69080,257959179.00,5.91,-3.81,-1.40,2.88
2020-05-22,35.18,35.48,36.62,35.18,65253,243065681.00,4.07,0.40,0.14,2.72
2020-05-25,34.61,37.79,38.85,34.61,79582,310593136.00,11.95,6.51,2.31,3.32
2020-05-26,38.34,37.57,38.34,37.17,50261,196024732.00,3.10,-0.58,-0.22,2.09
2020-05-27,37.63,35.70,37.67,35.46,53481,199518768.00,5.88,-4.98,-1.87,2.23
2020-05-28,36.00,37.97,39.39,36.00,126075,503957392.00,9.50,6.36,2.27,5.25
2020-05-29,37.78,37.73,39.59,37.44,88083,349237600.00,5.66,-0.63,-0.24,3.67
2020-06-01,38.04,38.32,39.57,38.04,65739,262182943.00,4.06,1.56,0.59,2.74
2020-06-02,38.52,37.38,38.52,37.02,53641,207885625.00,3.91,-2.45,-0.94,2.24
2020-06-03,37.38,39.25,39.57,36.80,65010,258978378.00,7.41,5.00,1.87,2.71
2020-06-04,39.37,38.86,39.76,38.45,38666,155455434.00,3.34,-0.99,-0.39,1.61
2020-06-05,38.62,38.81,39.33,38.17,30619,122444104.00,2.99,-0.13,-0.05,1.28
2020-06-08,39.21,37.97,39.63,37.97,31713,126099868.00,4.28,-2.16,-0.84,1.32
2020-06-09,38.27,37.55,39.15,37.38,47221,185881712.00,4.66,-1.11,-0.42,1.97
2020-06-10,37.74,37.65,38.22,37.05,45249,175711032.00,3.12,0.27,0.10,1.89
2020-06-11,37.62,41.46,41.54,37.62,100506,421336032.00,10.41,10.12,3.81,4.19
2020-06-12,40.02,41.95,41.96,40.02,74088,312894816.00,4.68,1.18,0.49,3.09
2020-06-15,42.81,46.27,46.27,42.79,92218,427010288.00,8.30,10.30,4.32,3.84
2020-06-16,47.99,49.58,50.05,46.61,131286,653302976.00,7.43,7.15,3.31,5.47
2020-06-17,48.42,47.48,49.07,46.27,103009,503654336.00,5.65,-4.24,-2.10,4.29
2020-06-18,47.75,46.50,48.71,44.27,93508,443692032.00,9.35,-2.06,-0.98,3.90
2020-06-19,46.64,46.75,47.55,45.77,75331,361230560.00,3.83,0.54,0.25,3.14
2020-06-22,46.67,46.88,49.25,46.43,65108,316624816.00,6.03,0.28,0.13,2.71
2020-06-23,47.37,48.31,49.23,46.10,95429,470272560.00,6.68,3.05,1.43,3.98
2020-06-24,48.37,49.62,51.63,47.57,105463,538568128.00,8.40,2.71,1.31,4.39
2020-06-29,49.30,49.28,50.97,48.27,66642,337107616.00,5.44,-0.69,-0.34,2.78
2020-06-30,49.79,54.33,54.33,49.32,107203,576443968.00,10.17,10.25,5.05,4.47
2020-07-01,54.66,55.06,56.65,53.07,117723,659344784.00,6.59,1.34,0.73,4.91
2020-07-02,54.27,52.80,55.09,52.22,89353,487788576.00,5.21,-4.10,-2.26,3.72
2020-07-03,51.78,52.82,53.43,50.87,55839,298486880.00,4.85,0.04,0.02,2.33
2020-07-06,51.12,52.55,53.17,50.22,75792,402152032.00,5.59,-0.51,-0.27,3.14
2020-07-07,52.55,57.07,57.27,52.12,90523,509778912.00,9.80,8.60,4.52,3.76
2020-07-08,56.37,56.45,56.97,52.77,80196,449734128.00,7.36,-1.09,-0.62,3.33
2020-07-09,55.77,56.70,58.75,54.62,69932,407590848.00,7.32,0.44,0.25,2.90
2020-07-10,56.41,57.95,58.75,55.38,67681,395935536.00,5.94,2.20,1.25,2.81
2020-07-13,57.42,60.14,61.77,57.42,63998,389284480.00,7.51,3.78,2.19,2.65
2020-07-14,59.77,62.27,63.57,58.87,71743,447222096.00,7.82,3.54,2.13,2.98
2020-07-15,62.77,57.07,62.77,56.92,97251,583721936.00,9.39,-8.35,-5.20,4.03
2020-07-16,57.24,55.58,59.54,55.55,68807,404065072.00,6.99,-2.61,-1.49,2.85
2020-07-17,55.91,58.77,59.27,54.10,67020,395824480.00,9.30,5.74,3.19,2.78
2020-07-20,59.54,60.07,60.27,57.17,55494,333212480.00,5.27,2.21,1.30,2.30
2020-07-21,60.25,59.19,60.56,57.47,48833,293810688.00,5.14,-1.46,-0.88,2.03
2020-07-22,58.54,59.81,61.32,57.48,60226,370180704.00,6.49,1.05,0.62,2.50
2020-07-23,58.85,58.54,60.43,57.17,51052,304708752.00,5.45,-2.12,-1.27,2.12
2020-07-24,58.54,54.88,59.60,54.77,56798,331800720.00,8.25,-6.25,-3.66,2.36
2020-07-27,54.99,55.92,57.72,54.99,47361,273159680.00,4.97,1.90,1.04,1.96
2020-07-28,55.77,56.18,56.62,55.17,32597,185787528.00,2.59,0.46,0.26,1.35
2020-07-29,56.18,59.39,61.07,55.98,65243,394479184.00,9.06,5.71,3.21,2.71
2020-07-30,59.03,53.33,59.60,53.33,128262,721235440.00,10.56,-10.20,-6.06,5.32
2020-07-31,52.75,51.40,53.76,50.27,106917,564398416.00,6.54,-3.62,-1.93,4.44
2020-08-03,52.27,51.53,52.37,50.96,64910,342695424.00,2.74,0.25,0.13,2.69
2020-08-04,52.05,49.10,52.27,48.28,108173,552382432.00,7.74,-4.72,-2.43,4.49
2020-08-05,49.18,49.77,50.42,48.28,66029,335013504.00,4.36,1.36,0.67,2.74
2020-08-06,50.36,48.97,50.55,48.31,57420,288146208.00,4.50,-1.61,-0.80,2.38
2020-08-07,49.07,47.78,49.07,46.32,61026,297542656.00,5.62,-2.43,-1.19,2.53
2020-08-10,47.78,47.95,48.76,46.91,40714,198891168.00,3.87,0.36,0.17,1.69
2020-08-11,47.95,46.02,47.95,45.78,43279,208223022.00,4.53,-4.03,-1.93,1.80
2020-08-12,46.17,44.94,46.69,43.65,47676,219317164.00,6.61,-2.35,-1.08,1.98
2020-08-13,45.27,45.00,45.77,44.36,31639,146444029.00,3.14,0.13,0.06,1.31
2020-08-14,45.01,44.75,45.37,43.77,39567,181521518.00,3.56,-0.56,-0.25,1.64
2020-08-17,44.95,45.26,45.37,44.49,43201,199691259.00,1.97,1.14,0.51,1.79
2020-08-18,45.17,45.93,46.54,44.82,71191,333096400.00,3.80,1.48,0.67,2.95
2020-08-19,45.62,43.93,45.67,43.89,46655,213328580.00,3.88,-4.35,-2.00,1.94
2020-08-20,43.53,44.97,45.26,42.97,43260,197858669.00,5.21,2.37,1.04,1.79
2020-08-21,45.04,45.40,46.70,44.97,67550,318675072.00,3.85,0.96,0.43,2.80
2020-08-24,45.67,44.95,45.67,43.67,41706,191055961.00,4.41,-0.99,-0.45,1.73
2020-08-25,45.00,45.82,46.45,44.77,50793,238444183.00,3.74,1.94,0.87,2.11
2020-08-26,46.01,45.17,46.06,44.28,38854,179693710.00,3.88,-1.42,-0.65,1.61
2020-08-27,44.77,45.56,45.79,44.43,32520,151575038.00,3.01,0.86,0.39,1.35
2020-08-28,46.05,45.14,46.33,44.44,48492,224599674.00,4.15,-0.92,-0.42,2.01
2020-08-31,45.05,46.65,48.14,44.77,82034,391831920.00,7.47,3.35,1.51,3.40
2020-09-01,46.75,44.55,46.77,44.49,78733,365530832.00,4.89,-4.50,-2.10,3.27
2020-09-02,44.66,46.16,46.75,44.58,79317,374604960.00,4.87,3.61,1.61,3.29
2020-09-03,46.27,45.36,46.68,44.87,52710,247239702.00,3.92,-1.73,-0.80,2.19
2020-09-04,44.78,44.07,44.78,43.37,49812,224541532.00,3.11,-2.84,-1.29,2.07
2020-09-07,43.91,42.11,44.65,41.44,47685,210069053.00,7.28,-4.45,-1.96,1.98
2020-09-08,41.77,40.95,42.24,39.95,39065,164326996.00,5.44,-2.75,-1.16,1.62
2020-09-09,40.43,38.56,40.66,38.30,44241,179146507.00,5.76,-5.84,-2.39,1.84
2020-09-10,39.18,38.43,39.63,38.20,27872,111926645.00,3.71,-0.34,-0.13,1.16
2020-09-11,37.84,38.52,39.15,37.84,32448,128846361.00,3.41,0.23,0.09,1.35
2020-09-14,38.63,38.97,39.38,38.28,27085,108662699.00,2.86,1.17,0.45,1.12
2020-09-15,39.88,39.18,40.01,38.50,20185,81344245.00,3.87,0.54,0.21,0.84
2020-09-16,38.88,38.63,39.16,38.25,17730,70657307.00,2.32,-1.40,-0.55,0.74
2020-09-17,38.88,38.55,38.88,37.75,24987,98956539.00,2.93,-0.21,-0.08,1.04
2020-09-18,38.96,39.34,39.55,38.17,29683,119305177.00,3.58,2.05,0.79,1.23
2020-09-21,39.58,38.80,39.72,38.52,23358,93375862.00,3.05,-1.37,-0.54,0.97
2020-09-22,38.45,38.40,39.30,37.87,21593,86492046.00,3.69,-1.03,-0.40,0.90
2020-09-23,38.75,39.33,39.65,38.21,32965,132614125.00,3.75,2.42,0.93,1.37
2020-09-24,38.97,38.89,40.21,38.78,45770,186554901.00,3.64,-1.12,-0.44,1.90
2020-09-25,38.78,38.49,39.07,37.80,25381,100476757.00,3.27,-1.03,-0.40,1.05
2020-09-28,38.66,36.87,39.37,36.78,28669,111455141.00,6.73,-4.21,-1.62,1.19
2020-09-29,37.00,38.23,39.88,37.00,51719,205364606.00,7.81,3.69,1.36,2.15
2020-09-30,38.41,38.12,38.60,37.70,21399,83837128.00,2.35,-0.29,-0.11,0.89
2020-10-09,38.52,40.21,40.93,38.51,42370,174301511.00,6.35,5.48,2.09,1.76
2020-10-12,40.25,40.58,40.76,39.74,42742,175934842.00,2.54,0.92,0.37,1.77
2020-10-13,40.46,40.81,40.82,39.72,32531,134295424.00,2.71,0.57,0.23,1.35
2020-10-14,41.03,40.47,42.45,40.10,37634,157307292.00,5.76,-0.83,-0.34,1.56
2020-10-15,41.40,40.02,41.83,39.92,39968,166686386.00,4.72,-1.11,-0.45,1.66
2020-10-16,40.00,41.21,41.32,39.04,42997,179654392.00,5.70,2.97,1.19,1.78
2020-10-19,42.02,41.98,43.18,40.80,54318,234985573.00,5.78,1.87,0.77,2.25
2020-10-20,42.32,41.55,42.33,40.14,46089,193225792.00,5.22,-1.02,-0.43,1.91
2020-10-21,41.80,40.35,41.80,40.22,25553,106452747.00,3.80,-2.89,-1.20,1.06
2020-10-22,40.32,40.47,40.87,39.97,22044,91297462.00,2.23,0.30,0.12,0.91
2020-10-23,40.48,38.93,41.45,38.74,41928,172466992.00,6.70,-3.81,-1.54,1.74
2020-10-26,38.94,38.57,39.17,38.12,25740,102150466.00,2.70,-0.92,-0.36,1.07
2020-10-27,38.31,39.92,40.17,38.19,31839,129010294.00,5.13,3.50,1.35,1.32
2020-10-28,40.32,40.11,40.32,39.05,19917,80761877.00,3.18,0.48,0.19,0.83
2020-10-29,39.27,41.29,42.38,39.27,59074,251518040.00,7.75,2.94,1.18,2.45
2020-10-30,41.58,38.64,41.67,38.52,52630,214819761.00,7.63,-6.42,-2.65,2.18
2020-11-02,38.59,34.68,38.72,34.68,75891,278313392.00,10.46,-10.25,-3.96,3.15
2020-11-03,34.03,34.59,34.87,33.43,63095,222133959.00,4.15,-0.26,-0.09,2.62
2020-11-04,34.57,34.50,35.27,33.71,35426,125313730.00,4.51,-0.26,-0.09,1.47
2020-11-05,34.84,34.92,35.20,33.97,39482,140662454.00,3.57,1.22,0.42,1.64
2020-11-06,34.92,34.52,35.21,34.02,28227,100405158.00,3.41,-1.15,-0.40,1.17
2020-11-09,34.60,35.44,35.67,34.52,35446,128407293.00,3.33,2.67,0.92,1.47
2020-11-10,35.44,35.59,36.38,35.12,32416,118923185.00,3.56,0.42,0.15,1.34
2020-11-11,35.59,34.61,35.80,34.38,30204,108255494.00,3.99,-2.75,-0.98,1.25
2020-11-12,34.78,34.30,35.01,34.08,18416,65099478.00,2.69,-0.90,-0.31,0.76
2020-11-13,34.27,34.28,34.55,33.69,19335,67820069.00,2.51,-0.06,-0.02,0.80
2020-11-16,34.27,33.62,34.52,33.31,25612,88640922.00,3.53,-1.93,-0.66,1.06
2020-11-17,33.77,32.75,33.92,32.42,27198,91777785.00,4.46,-2.59,-0.87,1.13
2020-11-18,32.67,32.60,33.46,32.42,23193,78417810.00,3.18,-0.46,-0.15,0.96
2020-11-19,32.70,32.97,33.12,31.88,22402,75255843.00,3.80,1.13,0.37,0.93
2020-11-20,32.92,32.57,33.12,32.39,19694,66144724.00,2.21,-1.21,-0.40,0.82
2020-11-23,32.49,32.38,32.75,31.92,21573,71523096.00,2.55,-0.58,-0.19,0.89
2020-11-24,32.22,32.48,32.82,31.96,24306,81331172.00,2.66,0.31,0.10,1.01
2020-11-25,32.61,32.07,32.61,32.02,16472,54663588.00,1.82,-1.26,-0.41,0.68
2020-11-26,32.00,31.51,32.29,31.42,19477,63706077.00,2.71,-1.75,-0.56,0.81
2020-11-27,31.51,31.16,31.78,30.46,29973,95642759.00,4.19,-1.11,-0.35,1.24
2020-11-30,31.09,31.34,31.72,30.45,34155,109997808.00,4.08,0.58,0.18,1.42
2020-12-01,31.48,32.70,33.00,31.25,49484,165659562.00,5.58,4.34,1.36,2.05
2020-12-02,32.72,32.74,32.92,32.38,26476,88942887.00,1.65,0.12,0.04,1.10
2020-12-03,32.84,32.90,33.34,32.53,27908,94845171.00,2.47,0.49,0.16,1.16
2020-12-04,32.83,32.96,33.11,32.64,18898,64059582.00,1.43,0.18,0.06,0.78
2020-12-07,32.72,32.81,33.18,32.57,18624,63072453.00,1.85,-0.46,-0.15,0.77
2020-12-08,33.10,33.32,34.22,32.89,37988,131195529.00,4.05,1.55,0.51,1.58
2020-12-09,33.12,32.02,33.22,32.02,27772,93297325.00,3.60,-3.90,-1.30,1.15
2020-12-10,31.85,31.45,32.24,31.22,20478,66854779.00,3.19,-1.78,-0.57,0.85
2020-12-11,31.51,31.22,31.82,30.62,20192,64804221.00,3.82,-0.73,-0.23,0.84
2020-12-14,30.90,30.44,31.24,30.22,27327,86433888.00,3.27,-2.50,-0.78,1.13
2020-12-15,30.12,30.25,30.36,29.62,24305,75004196.00,2.43,-0.62,-0.19,1.01
2020-12-16,30.09,30.83,31.34,29.90,27800,87974102.00,4.76,1.92,0.58,1.15
2020-12-17,31.01,30.45,31.04,29.95,21045,66050054.00,3.54,-1.23,-0.38,0.87
2020-12-18,30.36,29.95,30.52,29.69,18953,58813788.00,2.73,-1.64,-0.50,0.79
2020-12-21,29.85,31.11,31.18,29.62,26335,83494782.00,5.21,3.87,1.16,1.09
2020-12-22,31.06,30.56,31.82,30.52,30062,96414600.00,4.18,-1.77,-0.55,1.25
2020-12-23,30.44,29.78,30.75,29.62,29159,89862289.00,3.70,-2.55,-0.78,1.21
2020-12-24,29.72,28.18,29.72,28.14,32612,96951067.00,5.31,-5.37,-1.60,1.35
2020-12-25,28.02,28.91,28.97,27.87,18858,55933675.00,3.90,2.59,0.73,0.78
2020-12-28,28.90,28.01,29.12,27.82,23565,69200921.00,4.50,-3.11,-0.90,0.98
2020-12-29,27.82,29.89,30.80,27.61,44590,136843209.00,11.39,6.71,1.88,1.85
2020-12-30,29.76,30.22,30.52,29.40,31152,96728474.00,3.75,1.10,0.33,1.29
2020-12-31,30.10,30.49,30.71,29.92,20971,65679203.00,2.61,0.89,0.27,0.87