2018-01-02,17.64,17.87,17.88,17.56,9643,19417363.00,1.82,1.48,0.26,0.71
2018-01-03,17.87,17.87,17.98,17.83,9193,18635223.00,0.84,0.00,0.00,0.67
2018-01-04,17.88,17.94,18.09,17.79,11262,22868724.00,1.68,0.39,0.07,0.82
2018-01-05,17.94,17.72,18.01,17.67,11969,24104667.00,1.90,-1.23,-0.22,0.88
2018-01-08,17.68,17.22,17.68,17.15,28074,55425372.00,2.99,-2.82,-0.50,2.06
2018-01-09,17.22,17.15,17.28,17.10,19314,37744308.00,1.05,-0.41,-0.07,1.41
2018-01-10,17.29,16.81,17.29,16.67,18988,36699881.00,3.62,-1.98,-0.34,1.39
2018-01-11,16.78,16.97,17.00,16.72,9266,17836920.00,1.67,0.95,0.16,0.68
2018-01-12,16.99,16.77,16.99,16.63,10269,19679001.00,2.12,-1.18,-0.20,0.75
2018-01-15,16.72,16.23,16.86,16.08,17500,32935827.00,4.65,-3.22,-0.54,1.28
2018-01-16,16.23,16.28,16.30,16.12,9108,16940064.00,1.11,0.31,0.05,0.67
2018-01-17,16.27,15.96,16.27,15.79,17328,31789272.00,2.95,-1.97,-0.32,1.27
2018-01-18,16.12,16.73,17.37,16.12,30815,59169521.00,7.83,4.82,0.77,2.26
2018-01-19,16.62,16.53,16.79,16.42,11627,22031005.00,2.21,-1.20,-0.20,0.85
2018-01-22,16.52,16.81,16.96,16.46,13055,25063686.00,3.02,1.69,0.28,0.96
2018-01-23,16.81,16.85,16.97,16.73,7408,14246831.00,1.43,0.24,0.04,0.54
2018-01-24,16.85,17.25,17.29,16.75,14290,27733945.00,3.20,2.37,0.40,1.05
2018-01-25,17.27,17.24,17.47,17.05,17725,34849125.00,2.43,-0.06,-0.01,1.30
2018-01-26,17.35,16.82,17.42,16.72,16846,32618365.00,4.06,-2.44,-0.42,1.23
2018-01-29,16.74,16.51,16.91,16.50,11014,20942938.00,2.44,-1.84,-0.31,0.81
2018-01-30,16.51,16.54,16.61,16.42,5623,10639071.00,1.15,0.18,0.03,0.41
2018-01-31,16.61,16.29,16.68,16.23,8258,15497738.00,2.72,-1.51,-0.25,0.60
2018-02-01,16.29,15.68,16.37,15.65,10344,18955840.00,4.42,-3.74,-0.61,0.76
2018-02-02,15.63,15.97,16.12,15.16,9813,17842231.00,6.12,1.85,0.29,0.72
2018-02-05,15.80,16.24,16.31,15.59,4560,8414471.00,4.51,1.69,0.27,0.33
2018-02-06,15.98,15.48,16.09,15.38,10909,19801052.00,4.37,-4.68,-0.76,0.80
2018-02-07,15.62,15.39,16.12,14.65,4989,8876825.00,9.50,-0.58,-0.09,0.37
2018-02-08,15.32,15.83,16.11,15.32,5858,10698766.00,5.13,2.86,0.44,0.43
2018-02-09,15.62,15.48,15.83,14.98,8384,14968035.00,5.37,-2.21,-0.35,0.61
2018-02-12,15.56,16.03,16.24,15.56,6084,11144729.00,4.39,3.55,0.55,0.45
2018-02-13,16.20,15.79,16.20,15.74,5601,10260758.00,2.87,-1.50,-0.24,0.41
2018-02-14,15.79,15.76,15.94,15.67,3188,5776246.00,1.71,-0.19,-0.03,0.23
2018-02-22,15.92,16.03,16.07,15.76,4931,9029270.00,1.97,1.71,0.27,0.36
2018-02-23,15.93,15.86,16.05,15.81,3974,7271987.00,1.50,-1.06,-0.17,0.29
2018-02-26,15.99,16.35,16.61,15.78,12223,22733867.00,5.23,3.09,0.49,0.89
2018-02-27,16.44,16.80,16.87,16.23,15298,28909414.00,3.91,2.75,0.45,1.12
2018-02-28,16.72,16.92,16.99,16.61,11794,22622914.00,2.26,0.71,0.12,0.86
2018-03-01,16.66,16.90,17.00,16.66,8886,17140219.00,2.01,-0.12,-0.02,0.65
2018-03-02,16.89,16.70,16.97,16.62,4755,9083541.00,2.07,-1.18,-0.20,0.35
2018-03-05,16.63,16.75,16.85,16.59,3804,7262103.00,1.56,0.30,0.05,0.28
2018-03-06,16.71,16.79,16.92,16.63,7681,14713776.00,1.73,0.24,0.04,0.56
2018-03-07,16.91,17.02,17.11,16.61,9183,17745492.00,2.98,1.37,0.23,0.67
2018-03-08,17.02,17.26,17.42,16.90,9099,17821160.00,3.06,1.41,0.24,0.67
2018-03-09,17.33,17.42,17.57,17.15,11775,23253977.00,2.43,0.93,0.16,0.86
2018-03-12,17.45,17.35,17.50,17.23,12101,23837386.00,1.55,-0.40,-0.07,0.89
2018-03-13,17.30,17.05,17.34,17.04,6907,13489492.00,1.73,-1.73,-0.30,0.51
2018-03-14,17.05,16.97,17.27,16.97,6667,12954551.00,1.76,-0.47,-0.08,0.49
2018-03-15,16.90,16.93,16.99,16.65,5257,10076526.00,2.00,-0.24,-0.04,0.38
2018-03-16,16.93,16.68,17.02,16.67,4506,8632690.00,2.07,-1.48,-0.25,0.33
2018-03-19,16.68,16.68,16.84,16.56,5187,9891874.00,1.68,0.00,0.00,0.38
2018-03-20,16.66,16.83,16.86,16.44,5328,10170835.00,2.52,0.90,0.15,0.39
2018-03-21,16.97,16.67,16.97,16.62,6482,12437310.00,2.08,-0.95,-0.16,0.47
2018-03-22,17.25,16.87,17.42,16.63,6528,12595207.00,4.74,1.20,0.20,0.48
2018-03-23,16.22,15.83,16.50,15.43,13425,24681675.00,6.34,-6.16,-1.04,0.98
2018-03-26,15.79,15.98,16.02,15.12,5521,9987679.00,5.69,0.95,0.15,0.40
2018-03-27,16.02,16.34,16.48,16.02,5208,9735956.00,2.88,2.25,0.36,0.38
2018-03-28,16.13,16.50,16.60,15.92,7649,14378166.00,4.16,0.98,0.16,0.56
2018-03-29,16.39,16.59,16.64,16.22,5047,9506473.00,2.55,0.55,0.09,0.37
2018-03-30,16.37,17.23,17.38,16.37,22156,43267567.00,6.09,3.86,0.64,1.62
2018-04-02,17.20,17.16,17.34,17.03,9296,18189564.00,1.80,-0.41,-0.07,0.68
2018-04-03,17.02,16.85,17.03,16.80,5992,11548348.00,1.34,-1.81,-0.31,0.44
2018-04-04,16.88,17.12,17.55,16.82,12725,24956690.00,4.33,1.60,0.27,0.93
2018-04-09,17.01,16.98,17.21,16.85,5923,11472790.00,2.10,-0.82,-0.14,0.43
2018-04-10,17.42,16.90,17.43,16.75,6655,12833795.00,4.00,-0.47,-0.08,0.49
2018-04-11,16.97,16.92,17.12,16.82,4938,9570593.00,1.78,0.12,0.02,0.36
2018-04-12,17.01,16.79,17.01,16.75,4626,8903642.00,1.54,-0.77,-0.13,0.34
2018-04-13,16.92,16.90,17.06,16.78,3444,6642955.00,1.67,0.66,0.11,0.25
2018-04-16,16.96,16.81,16.96,16.63,7319,14054379.00,1.95,-0.53,-0.09,0.54
2018-04-17,16.72,16.63,16.90,16.63,4367,8355813.00,1.61,-1.07,-0.18,0.32
2018-04-18,16.74,16.48,16.74,16.30,7034,13265643.00,2.65,-0.90,-0.15,0.51
2018-04-19,16.58,16.29,16.59,16.28,5678,10686432.00,1.88,-1.15,-0.19,0.42
2018-04-20,16.28,15.77,16.29,15.70,8748,16028559.00,3.62,-3.19,-0.52,0.64
2018-04-23,15.91,15.82,15.91,15.67,5553,10082029.00,1.52,0.32,0.05,0.41
2018-04-24,15.90,16.37,16.41,15.82,10438,19292494.00,3.73,3.48,0.55,0.76
2018-04-25,16.17,16.19,16.35,16.07,3789,7037719.00,1.71,-1.10,-0.18,0.28
2018-04-26,16.19,15.70,16.26,15.68,4945,9048114.00,3.58,-3.03,-0.49,0.36
2018-04-27,15.77,16.11,16.22,15.77,4610,8493731.00,2.87,2.61,0.41,0.34
2018-05-02,16.11,15.92,16.12,15.63,8437,15364606.00,3.04,-1.18,-0.19,0.62
2018-05-03,15.92,15.65,15.92,15.50,10172,18306102.00,2.64,-1.70,-0.27,0.74
2018-05-04,15.51,15.77,15.91,15.50,8837,15921848.00,2.62,0.77,0.12,0.65
2018-05-07,15.71,16.06,16.11,15.66,10841,19795543.00,2.85,1.84,0.29,0.79
2018-05-08,16.07,16.20,16.21,16.00,7611,14069934.00,1.31,0.87,0.14,0.56
2018-05-09,16.27,16.20,16.35,16.04,6299,11707664.00,1.91,0.00,0.00,0.46
2018-05-10,16.30,16.31,16.34,16.14,7117,13282153.00,1.23,0.68,0.11,0.52
2018-05-11,16.22,16.28,16.41,16.04,6747,12566353.00,2.27,-0.18,-0.03,0.49
2018-05-14,16.34,15.94,16.34,15.93,5283,9770698.00,2.52,-2.09,-0.34,0.39
2018-05-15,15.98,16.30,16.42,15.88,6579,12228955.00,3.39,2.26,0.36,0.48
2018-05-16,16.24,16.53,16.77,15.99,11970,22536733.00,4.79,1.41,0.23,0.88
2018-05-17,16.52,17.14,17.45,16.42,31907,62098568.00,6.23,3.69,0.61,2.34
2018-05-18,17.05,17.98,18.20,16.84,53777,107914059.00,7.93,4.90,0.84,2.63
2018-05-21,18.01,17.99,18.17,17.58,43667,88372807.00,3.28,0.06,0.01,2.14
2018-05-22,17.85,17.82,18.34,17.66,24341,49288246.00,3.78,-0.94,-0.17,1.19
2018-05-23,17.71,17.75,17.97,17.46,25204,50662487.00,2.86,-0.39,-0.07,1.23
2018-05-24,17.77,18.56,19.62,17.56,42145,87592538.00,11.61,4.56,0.81,2.06
2018-05-25,18.42,17.92,18.48,17.75,24763,50587533.00,3.93,-3.45,-0.64,1.21
2018-05-28,17.92,18.70,19.02,17.57,44435,93101805.00,8.09,4.35,0.78,2.17
2018-05-29,18.73,18.48,18.83,18.43,20080,42128264.00,2.14,-1.18,-0.22,0.98
2018-05-30,18.18,17.95,19.31,17.75,17540,36186863.00,8.44,-2.87,-0.53,0.86
2018-05-31,18.08,18.54,18.59,17.92,18420,38105998.00,3.73,3.29,0.59,0.90
2018-06-01,18.42,18.21,18.42,18.02,17712,36497182.00,2.16,-1.78,-0.33,0.87
2018-06-04,18.32,18.53,18.60,18.14,13206,27497602.00,2.53,1.76,0.32,0.65
2018-06-05,18.60,18.51,18.67,18.17,18132,37774401.00,2.70,-0.11,-0.02,0.89
2018-06-06,18.42,18.11,18.47,17.86,21489,44045303.00,3.30,-2.16,-0.40,1.05
2018-06-07,18.13,19.10,19.29,17.92,37077,78330483.00,7.56,5.47,0.99,1.81
2018-06-08,18.84,18.47,19.12,18.38,21754,45793995.00,3.87,-3.30,-0.63,1.06
2018-06-11,18.50,18.07,18.67,17.81,14737,30322294.00,4.66,-2.17,-0.40,0.72
2018-06-12,18.03,18.18,18.27,17.82,7873,16088477.00,2.49,0.61,0.11,0.39
2018-06-13,18.08,17.95,18.35,17.92,7946,16262623.00,2.37,-1.27,-0.23,0.39
2018-06-14,17.58,17.15,18.07,16.50,31593,61679562.00,8.75,-4.46,-0.80,1.55
2018-06-15,16.95,17.08,17.20,16.33,9805,18525322.00,5.07,-0.41,-0.07,0.48
2018-06-19,16.79,15.62,16.79,15.17,17137,31060996.00,9.48,-8.55,-1.46,0.84
2018-06-20,15.62,15.94,16.28,15.62,9854,17693395.00,4.23,2.05,0.32,0.48
2018-06-21,16.00,15.57,16.20,15.50,9008,16084987.00,4.39,-2.32,-0.37,0.44
2018-06-22,15.20,15.87,15.97,15.05,7381,13057926.00,5.91,1.93,0.30,0.36
2018-06-25,15.97,15.87,16.10,15.81,7316,13118994.00,1.83,0.00,0.00,0.36
2018-06-26,15.65,16.28,16.65,15.53,10632,19191814.00,7.06,2.58,0.41,0.52
2018-06-27,16.28,16.02,16.34,15.97,5440,9856955.00,2.27,-1.60,-0.26,0.27
2018-06-28,15.95,15.85,16.22,15.72,5236,9395207.00,3.12,-1.06,-0.17,0.26
2018-06-29,15.70,16.03,16.44,15.70,10349,18666886.00,4.67,1.14,0.18,0.51
2018-07-02,16.13,15.95,16.22,15.78,6847,12328760.00,2.74,-0.50,-0.08,0.33
2018-07-03,15.89,16.12,16.15,15.66,9353,16766912.00,3.07,1.07,0.17,0.46
2018-07-04,15.86,15.55,16.06,15.49,7433,13183952.00,3.54,-3.54,-0.57,0.36
2018-07-05,15.55,15.51,15.67,15.18,6507,11347598.00,3.15,-0.26,-0.04,0.32
2018-07-06,15.51,15.61,16.28,15.21,8765,15624763.00,6.90,0.64,0.10,0.43
2018-07-09,15.82,15.99,16.17,15.76,5883,10563455.00,2.63,2.43,0.38,0.29
2018-07-10,16.01,16.03,16.03,15.90,4358,7830487.00,0.81,0.25,0.04,0.21
2018-07-11,15.85,15.41,15.85,15.36,5157,9055748.00,3.06,-3.87,-0.62,0.25
2018-07-12,15.57,15.87,15.94,15.52,5066,9005709.00,2.73,2.99,0.46,0.25
2018-07-13,15.95,16.32,16.50,15.70,13318,24270226.00,5.04,2.84,0.45,0.65
2018-07-16,16.30,16.35,16.58,16.12,6094,11158234.00,2.82,0.18,0.03,0.30
2018-07-17,16.45,16.30,16.45,16.09,4408,8059726.00,2.20,-0.31,-0.05,0.22
2018-07-18,16.40,16.03,16.40,16.02,4842,8812853.00,2.33,-1.66,-0.27,0.24
2018-07-19,16.05,16.02,16.17,15.95,3954,7127550.00,1.37,-0.06,-0.01,0.19
2018-07-20,16.00,16.17,16.32,15.91,3249,5902141.00,2.56,0.94,0.15,0.16
2018-07-23,15.58,16.08,16.33,15.55,5625,10143843.00,4.82,-0.56,-0.09,0.28
2018-07-24,15.93,17.04,17.08,15.71,23643,44229635.00,8.52,5.97,0.96,1.16
2018-07-25,17.30,17.15,17.30,16.85,12549,24003761.00,2.64,0.65,0.11,0.61
2018-07-26,17.10,16.92,17.18,16.73,6308,11912537.00,2.62,-1.34,-0.23,0.31
2018-07-27,16.96,16.97,17.26,16.75,3780,7166116.00,3.01,0.30,0.05,0.18
2018-07-30,16.97,16.59,17.10,16.46,4912,9163758.00,3.77,-2.24,-0.38,0.24
2018-07-31,16.46,16.57,16.67,16.40,3020,5599584.00,1.63,-0.12,-0.02,0.15
2018-08-01,16.57,16.26,16.99,16.25,5883,10938783.00,4.47,-1.87,-0.31,0.29
2018-08-02,16.04,15.86,16.26,15.70,6515,11675114.00,3.44,-2.46,-0.40,0.32
2018-08-03,15.88,15.80,16.02,15.78,4349,7776051.00,1.51,-0.38,-0.06,0.21
2018-08-06,15.71,15.94,16.32,15.61,5531,9893966.00,4.49,0.89,0.14,0.27
2018-08-07,15.98,16.41,16.45,15.89,7816,14233053.00,3.51,2.95,0.47,0.38
2018-08-08,16.04,15.94,16.66,15.93,5095,9298950.00,4.45,-2.86,-0.47,0.25
2018-08-09,15.85,16.23,16.39,15.85,8562,15558911.00,3.39,1.82,0.29,0.42
2018-08-10,16.16,16.17,16.31,16.08,4967,9015232.00,1.42,-0.37,-0.06,0.24
2018-08-13,15.97,15.90,16.00,15.67,7315,13036656.00,2.04,-1.67,-0.27,0.36
2018-08-14,15.95,15.72,16.01,15.69,5813,10339245.00,2.01,-1.13,-0.18,0.28
2018-08-15,15.87,15.37,15.87,15.30,6368,11101048.00,3.63,-2.23,-0.35,0.31
2018-08-16,15.36,15.42,15.60,15.18,4875,8443970.00,2.73,0.33,0.05,0.24
2018-08-17,15.43,15.06,15.57,15.00,4475,7707799.00,3.70,-2.33,-0.36,0.22
2018-08-20,14.85,15.12,15.19,14.83,3981,6786441.00,2.39,0.40,0.06,0.19
2018-08-21,15.10,15.22,15.25,15.00,2519,4321197.00,1.65,0.66,0.10,0.12
2018-08-22,15.23,15.03,15.30,15.01,2439,4166671.00,1.91,-1.25,-0.19,0.12
2018-08-23,15.18,15.11,15.21,14.86,3526,6002646.00,2.33,0.53,0.08,0.17
2018-08-24,15.06,15.11,15.30,14.83,3209,5492953.00,3.11,0.00,0.00,0.16
2018-08-27,15.26,15.33,15.48,15.01,7007,12079793.00,3.11,1.46,0.22,0.34
2018-08-28,15.50,15.36,15.55,15.32,3332,5792496.00,1.50,0.20,0.03,0.16
2018-08-29,15.30,15.36,15.50,15.20,3808,6579298.00,1.95,0.00,0.00,0.19
2018-08-30,15.47,15.18,15.47,15.15,1805,3115549.00,2.08,-1.17,-0.18,0.09
2018-08-31,15.04,15.08,15.30,15.04,4906,8405606.00,1.71,-0.66,-0.10,0.24
2018-09-03,15.10,15.16,15.20,15.02,2762,4717588.00,1.19,0.53,0.08,0.14
2018-09-04,15.23,15.31,15.37,15.16,5018,8683100.00,1.39,0.99,0.15,0.25
2018-09-05,15.31,15.23,15.45,15.05,3812,6613307.00,2.61,-0.52,-0.08,0.19
2018-09-06,15.03,15.26,15.39,15.03,3580,6185821.00,2.36,0.20,0.03,0.18
2018-09-07,15.33,15.39,15.44,15.29,4956,8615272.00,0.98,0.85,0.13,0.24
2018-09-10,15.45,15.06,15.48,15.05,3917,6766815.00,2.79,-2.14,-0.33,0.19
2018-09-11,15.21,15.13,15.21,14.98,4757,8123497.00,1.53,0.46,0.07,0.23
2018-09-12,15.21,15.02,15.25,15.02,2816,4804513.00,1.52,-0.73,-0.11,0.14
2018-09-13,15.15,15.01,15.26,14.90,3748,6375026.00,2.40,-0.07,-0.01,0.18
2018-09-14,15.02,14.59,15.10,14.52,5972,10041249.00,3.86,-2.80,-0.42,0.29
2018-09-17,14.58,12.93,14.58,12.93,30933,47274573.00,11.31,-11.38,-1.66,1.51
2018-09-18,12.87,12.55,12.87,12.21,24567,35458058.00,5.10,-2.94,-0.38,1.20
2018-09-19,12.49,12.48,12.60,12.18,22110,31791969.00,3.35,-0.56,-0.07,1.08
2018-09-20,12.46,12.38,12.46,12.28,14073,20190093.00,1.44,-0.80,-0.10,0.69
2018-09-21,12.38,12.56,12.58,12.29,18132,26149762.00,2.34,1.45,0.18,0.89
2018-09-25,12.32,12.31,12.50,12.25,18042,25883982.00,1.99,-1.99,-0.25,0.88
2018-09-26,12.36,12.40,12.48,12.31,18417,26534667.00,1.38,0.73,0.09,0.90
2018-09-27,12.40,11.90,12.40,11.80,17804,25209611.00,4.84,-4.03,-0.50,0.87
2018-09-28,11.88,12.00,12.07,11.78,12350,17218388.00,2.44,0.84,0.10,0.60
2018-10-08,11.85,11.31,11.85,11.26,17385,23571903.00,4.92,-5.75,-0.69,0.85
2018-10-09,11.41,11.41,11.60,11.24,16537,22149621.00,3.18,0.88,0.10,0.81
2018-10-10,11.41,11.53,11.58,11.38,17565,23648983.00,1.75,1.05,0.12,0.86
2018-10-11,11.06,10.18,11.16,10.18,25943,32710197.00,8.50,-11.71,-1.35,1.27
2018-10-12,10.13,9.93,10.30,9.33,23315,27601357.00,9.53,-2.46,-0.25,1.14
2018-10-15,9.93,9.84,10.12,9.79,23873,28520148.00,3.32,-0.91,-0.09,1.17
2018-10-16,9.80,9.62,10.00,9.27,23914,27827274.00,7.42,-2.24,-0.22,1.17
2018-10-17,9.75,9.79,9.91,9.56,15186,17869036.00,3.64,1.77,0.17,0.74
2018-10-18,9.76,9.37,9.76,9.28,16058,18415633.00,4.90,-4.29,-0.42,0.79
2018-10-19,9.06,9.71,9.80,9.06,17394,19930001.00,7.90,3.63,0.34,0.85
2018-10-22,10.00,10.27,10.49,9.80,30046,36752989.00,7.11,5.77,0.56,1.47
2018-10-23,10.26,10.14,10.48,10.00,17072,20838542.00,4.67,-1.27,-0.13,0.83
2018-10-24,10.10,10.27,10.40,10.09,15373,18798728.00,3.06,1.28,0.13,0.75
2018-10-25,10.10,10.24,10.27,9.81,13035,15686829.00,4.48,-0.29,-0.03,0.64
2018-10-26,10.42,10.44,10.58,10.36,19448,24259617.00,2.15,1.95,0.20,0.95
2018-10-29,10.45,10.44,10.55,10.24,18389,22758384.00,2.97,0.00,0.00,0.90
2018-10-30,10.39,10.62,10.77,10.31,16413,20595819.00,4.41,1.72,0.18,0.80
2018-10-31,10.65,10.85,10.94,10.63,16542,21136450.00,2.92,2.17,0.23,0.81
2018-11-01,10.88,10.61,10.95,10.59,24194,30920119.00,3.32,-2.21,-0.24,1.18
2018-11-02,10.80,10.84,10.85,10.69,26296,33629414.00,1.51,2.17,0.23,1.29
2018-11-05,10.83,11.00,11.25,10.77,23009,29870171.00,4.43,1.48,0.16,1.13
2018-11-06,11.18,10.89,11.18,10.73,15967,20477129.00,4.09,-1.00,-0.11,0.78
2018-11-07,10.83,10.95,11.17,10.83,18450,23991944.00,3.12,0.55,0.06,0.90
2018-11-08,11.08,10.85,11.10,10.81,11606,15036824.00,2.65,-0.91,-0.10,0.57
2018-11-09,10.87,10.67,10.93,10.65,9570,12214287.00,2.58,-1.66,-0.18,0.47
2018-11-12,10.64,11.19,11.20,10.64,16013,20853854.00,5.25,4.87,0.52,0.78
2018-11-13,11.02,11.34,11.46,10.93,20450,27120816.00,4.74,1.34,0.15,1.00
2018-11-14,11.36,11.28,11.47,11.28,14759,19744827.00,1.68,-0.53,-0.06,0.72
2018-11-15,11.31,11.59,11.60,11.29,19603,26382050.00,2.75,2.75,0.31,0.96
2018-11-16,11.62,11.61,11.73,11.52,22221,30280635.00,1.81,0.17,0.02,1.09
2018-11-19,11.54,11.65,11.70,11.51,17189,23414600.00,1.64,0.34,0.04,0.84
2018-11-20,11.55,11.40,11.85,11.34,20921,28566674.00,4.38,-2.15,-0.25,1.02
2018-11-21,11.20,11.54,11.55,11.18,14870,19933646.00,3.25,1.23,0.14,0.73
2018-11-22,11.57,11.65,11.77,11.50,15100,20605528.00,2.34,0.95,0.11,0.74
2018-11-23,11.59,11.11,11.70,11.02,16672,22102764.00,5.84,-4.64,-0.54,0.82
2018-11-26,11.05,10.91,11.12,10.79,11243,14565045.00,2.97,-1.80,-0.20,0.55
2018-11-27,11.00,11.37,11.38,10.92,14790,19618417.00,4.22,4.22,0.46,0.72
2018-11-28,11.44,11.31,11.44,11.02,12208,16136088.00,3.69,-0.53,-0.06,0.60
2018-11-29,11.43,11.03,11.53,11.02,11963,15887556.00,4.51,-2.48,-0.28,0.59
2018-11-30,11.11,11.18,11.34,11.00,10359,13657380.00,3.08,1.36,0.15,0.51
2018-12-03,11.36,12.13,12.25,11.36,38886,54148200.00,7.96,8.50,0.95,1.90
2018-12-04,12.13,12.00,12.15,11.80,24766,34528260.00,2.89,-1.07,-0.13,1.21
2018-12-05,11.80,11.89,11.96,11.60,15886,21985698.00,3.00,-0.92,-0.11,0.78
2018-12-06,11.84,11.86,12.08,11.73,13793,19113753.00,2.94,-0.25,-0.03,0.67
2018-12-07,11.88,11.78,12.02,11.60,11173,15341228.00,3.54,-0.67,-0.08,0.55
2018-12-10,11.77,11.60,11.78,11.53,9246,12574500.00,2.12,-1.53,-0.18,0.45
2018-12-11,11.73,11.68,11.74,11.60,6498,8881472.00,1.21,0.69,0.08,0.32
2018-12-12,11.78,11.69,11.79,11.63,6356,8704789.00,1.37,0.09,0.01,0.31
2018-12-13,11.89,11.74,11.89,11.60,10409,14287295.00,2.48,0.43,0.05,0.51
2018-12-14,11.71,11.26,11.74,11.22,10846,14587300.00,4.43,-4.09,-0.48,0.53
2018-12-17,11.06,11.27,11.39,11.02,6980,9204974.00,3.29,0.09,0.01,0.34
2018-12-18,11.30,11.26,11.36,11.09,4469,5906770.00,2.40,-0.09,-0.01,0.22
2018-12-19,11.29,11.07,11.36,11.01,6627,8746645.00,3.11,-1.69,-0.19,0.32
2018-12-20,11.07,11.06,11.14,11.02,7374,9643507.00,1.08,-0.09,-0.01,0.36
2018-12-21,11.07,11.06,11.14,11.01,5500,7184815.00,1.18,0.00,0.00,0.27
2018-12-24,11.06,11.14,11.14,10.93,5539,7234002.00,1.90,0.72,0.08,0.27
2018-12-25,11.09,10.83,11.09,10.03,8444,10758661.00,9.52,-2.78,-0.31,0.41
2018-12-26,10.85,10.84,11.05,10.78,4691,6050615.00,2.49,0.09,0.01,0.23
2018-12-27,10.95,10.57,11.02,10.52,5613,7186252.00,4.61,-2.49,-0.27,0.27
2018-12-28,10.58,10.64,10.71,10.55,3897,4917353.00,1.51,0.66,0.07,0.19