2019-01-02,10.86,10.44,10.86,10.40,7484,9361998.00,4.32,-1.88,-0.20,0.37
2019-01-03,10.46,10.51,10.77,10.41,7700,9668265.00,3.45,0.67,0.07,0.38
2019-01-04,10.48,10.74,10.87,10.36,12335,15593495.00,4.85,2.19,0.23,0.60
2019-01-07,10.82,11.08,11.18,10.82,13324,17370508.00,3.35,3.17,0.34,0.65
2019-01-08,11.10,11.25,11.47,10.98,13685,18230890.00,4.42,1.53,0.17,0.67
2019-01-09,11.41,11.37,11.52,11.25,11774,15834026.00,2.40,1.07,0.12,0.58
2019-01-10,11.47,11.33,11.50,11.18,6475,8669598.00,2.81,-0.35,-0.04,0.32
2019-01-11,11.34,11.24,11.45,11.09,9162,12137736.00,3.18,-0.79,-0.09,0.45
2019-01-14,11.39,11.37,11.56,11.15,9314,12472774.00,3.65,1.16,0.13,0.46
2019-01-15,11.21,11.40,11.48,11.21,8403,11196527.00,2.37,0.26,0.03,0.41
2019-01-16,11.46,11.56,11.80,11.36,13761,18718770.00,3.86,1.40,0.16,0.67
2019-01-17,11.51,11.16,11.51,11.12,9776,12971570.00,3.37,-3.46,-0.40,0.48
2019-01-18,11.13,11.29,11.35,11.13,6578,8710233.00,1.97,1.16,0.13,0.32
2019-01-21,11.35,11.33,11.43,11.25,5757,7682345.00,1.59,0.35,0.04,0.28
2019-01-22,11.40,11.32,11.54,11.15,9990,13353266.00,3.44,-0.09,-0.01,0.49
2019-01-23,11.35,11.54,11.56,11.21,8533,11457076.00,3.09,1.94,0.22,0.42
2019-01-24,11.54,11.49,11.58,11.42,8209,11074094.00,1.39,-0.43,-0.05,0.40
2019-01-25,11.47,11.44,11.62,11.36,12345,16632684.00,2.26,-0.44,-0.05,0.60
2019-01-28,11.55,11.05,11.55,11.04,14821,19644364.00,4.46,-3.41,-0.39,0.72
2019-01-29,11.06,11.07,11.17,10.81,14408,18756465.00,3.26,0.18,0.02,0.70
2019-01-30,11.01,10.81,11.05,10.75,11190,14399016.00,2.71,-2.35,-0.26,0.55
2019-01-31,10.87,10.82,11.10,10.63,10565,13577086.00,4.35,0.09,0.01,0.52
2019-02-01,10.90,11.21,11.28,10.82,12896,16911420.00,4.25,3.60,0.39,0.63
2019-02-11,11.36,11.49,11.49,11.20,10717,14364968.00,2.59,2.50,0.28,0.52
2019-02-12,11.48,11.68,11.79,11.39,19138,26146007.00,3.48,1.65,0.19,0.94
2019-02-13,11.75,11.88,11.94,11.59,20216,27887898.00,3.00,1.71,0.20,0.99
2019-02-14,11.87,11.87,11.95,11.80,12594,17493446.00,1.26,-0.08,-0.01,0.62
2019-02-15,11.88,11.82,11.91,11.68,14139,19496922.00,1.94,-0.42,-0.05,0.69
2019-02-18,11.94,12.09,12.12,11.73,27986,39115315.00,3.30,2.28,0.27,1.37
2019-02-19,12.11,11.93,12.13,11.77,22109,30861289.00,2.98,-1.32,-0.16,1.08
2019-02-20,11.93,11.92,12.04,11.87,19037,26529467.00,1.42,-0.08,-0.01,0.93
2019-02-21,11.87,11.66,12.02,11.60,28050,38866007.00,3.52,-2.18,-0.26,1.37
2019-02-22,11.71,12.00,12.00,11.66,24536,33987914.00,2.92,2.92,0.34,1.20
2019-02-25,12.17,12.47,12.51,12.00,52079,74322993.00,4.25,3.92,0.47,2.55
2019-02-26,12.47,13.01,13.47,12.44,66257,99637409.00,8.26,4.33,0.54,3.24
2019-02-27,12.90,12.81,13.16,12.75,35319,52723798.00,3.15,-1.54,-0.20,1.73
2019-02-28,12.83,13.01,13.26,12.83,16546,24853183.00,3.36,1.56,0.20,0.81
2019-03-01,13.09,12.95,13.19,12.77,13350,19915639.00,3.23,-0.46,-0.06,0.65
2019-03-04,13.20,12.92,13.37,12.90,42008,63484294.00,3.63,-0.23,-0.03,2.05
2019-03-05,12.93,12.97,13.07,12.71,42329,62963071.00,2.79,0.39,0.05,2.07
2019-03-06,13.06,13.21,13.27,12.96,37146,56086104.00,2.39,1.85,0.24,1.82
2019-03-07,13.22,13.36,13.60,13.05,45335,69303180.00,4.16,1.14,0.15,2.22
2019-03-08,13.08,12.63,13.15,12.63,42373,63275545.00,3.89,-5.46,-0.73,2.07
2019-03-11,12.66,13.03,13.04,12.64,29713,44112785.00,3.17,3.17,0.40,1.45
2019-03-12,13.18,13.37,13.60,13.05,48499,74377113.00,4.22,2.61,0.34,2.37
2019-03-13,13.35,13.11,13.55,12.93,28307,43263559.00,4.64,-1.94,-0.26,1.38
2019-03-14,12.94,12.69,13.18,12.60,21064,31162039.00,4.42,-3.20,-0.42,1.03
2019-03-15,12.80,12.86,12.96,12.65,20836,30913995.00,2.44,1.34,0.17,1.02
2019-03-18,12.85,13.26,13.26,12.81,33920,51206853.00,3.50,3.11,0.40,1.66
2019-03-19,13.30,13.39,13.41,13.18,32806,50163172.00,1.73,0.98,0.13,1.60
2019-03-20,13.40,13.89,13.96,13.31,61361,95472962.00,4.85,3.73,0.50,3.00
2019-03-21,13.89,13.73,13.93,13.59,39425,61989407.00,2.45,-1.15,-0.16,1.93
2019-03-22,13.71,13.63,13.82,13.48,26298,41156280.00,2.48,-0.73,-0.10,1.29
2019-03-25,13.40,13.39,13.62,13.31,28248,43639465.00,2.27,-1.76,-0.24,1.38
2019-03-26,13.41,12.84,13.57,12.83,29690,45053113.00,5.53,-4.11,-0.55,1.45
2019-03-27,12.87,13.03,13.10,12.84,21260,31864685.00,2.02,1.48,0.19,1.04
2019-03-28,13.10,13.21,13.36,13.00,25097,38138665.00,2.76,1.38,0.18,1.23
2019-03-29,13.21,13.42,13.47,12.93,33692,51397117.00,4.09,1.59,0.21,1.65
2019-04-01,13.50,13.98,13.98,13.42,57702,90984348.00,4.17,4.17,0.56,2.82
2019-04-02,14.05,13.98,14.36,13.90,55985,90381754.00,3.29,0.00,0.00,2.74
2019-04-03,13.85,14.37,14.53,13.82,41304,67363711.00,5.08,2.79,0.39,2.02
2019-04-04,14.96,14.70,15.73,14.59,93345,158414034.00,7.93,2.30,0.33,4.56
2019-04-08,16.00,15.28,16.20,15.11,105346,184876132.00,7.41,3.95,0.58,5.15
2019-04-09,15.14,15.77,16.20,14.72,96145,166601223.00,9.69,3.21,0.49,4.70
2019-04-10,15.58,15.59,15.65,15.23,52217,91374763.00,2.66,-1.14,-0.18,2.55
2019-04-11,15.59,15.18,15.83,15.18,40859,71673694.00,4.17,-2.63,-0.41,2.00
2019-04-12,15.18,14.96,15.38,14.71,34155,58086571.00,4.41,-1.45,-0.22,1.67
2019-04-15,15.20,14.36,15.22,14.35,37717,63288114.00,5.82,-4.01,-0.60,1.84
2019-04-16,14.23,14.95,14.95,14.15,36944,61327073.00,5.57,4.11,0.59,1.81
2019-04-17,14.79,15.03,15.10,14.73,27106,45889271.00,2.47,0.54,0.08,1.33
2019-04-18,14.98,16.22,16.73,14.54,112867,200583190.00,14.57,7.92,1.19,5.52
2019-04-19,16.02,16.31,16.45,15.67,56051,101072675.00,4.81,0.55,0.09,2.74
2019-04-22,16.19,16.22,16.74,15.96,38183,69771104.00,4.78,-0.55,-0.09,1.87
2019-04-23,16.15,16.23,16.43,15.55,42100,76255476.00,5.43,0.06,0.01,2.06
2019-04-24,16.92,16.35,16.92,16.15,27826,51188813.00,4.74,0.74,0.12,1.36
2019-04-25,16.25,16.14,16.45,15.67,40955,73514027.00,4.77,-1.28,-0.21,2.00
2019-04-26,15.70,15.47,15.96,15.42,26321,46436617.00,3.35,-4.15,-0.67,1.29
2019-04-29,15.43,15.00,15.43,14.47,33663,56826607.00,6.21,-3.04,-0.47,1.65
2019-04-30,14.75,15.00,15.15,14.75,13095,22209942.00,2.67,0.00,0.00,0.64
2019-05-06,14.66,14.82,15.10,13.37,47307,76795514.00,11.53,-1.20,-0.18,2.31
2019-05-07,14.63,14.59,14.63,14.25,23491,38611195.00,2.56,-1.55,-0.23,1.15
2019-05-08,14.54,14.53,14.98,14.16,19644,32617525.00,5.62,-0.41,-0.06,0.96
2019-05-09,14.31,14.15,14.50,14.15,11272,18347870.00,2.41,-2.62,-0.38,0.55
2019-05-10,14.27,14.40,14.58,13.71,20212,32910432.00,6.15,1.77,0.25,0.99
2019-05-13,13.80,14.10,14.45,13.80,13212,21121316.00,4.51,-2.08,-0.30,0.65
2019-05-14,13.85,13.98,14.15,13.85,9820,15660830.00,2.13,-0.85,-0.12,0.48
2019-05-15,14.04,14.20,14.44,14.04,17310,28138741.00,2.86,1.57,0.22,0.85
2019-05-16,14.10,14.28,14.43,14.01,12843,20827211.00,2.96,0.56,0.08,0.63
2019-05-17,14.22,13.79,14.39,13.40,26801,42205320.00,6.93,-3.43,-0.49,1.31
2019-05-20,13.57,13.35,13.58,12.98,12750,19418676.00,4.35,-3.19,-0.44,0.62
2019-05-21,13.25,13.46,13.62,13.23,8996,13933086.00,2.92,0.82,0.11,0.44
2019-05-22,13.60,13.26,13.60,13.19,6241,9585953.00,3.05,-1.49,-0.20,0.31
2019-05-23,13.24,13.35,13.74,13.03,19469,30143008.00,5.35,0.68,0.09,0.95
2019-05-24,13.34,13.58,13.66,13.18,12857,19974313.00,3.60,1.72,0.23,0.63
2019-05-27,13.57,13.93,14.05,13.41,15893,25027669.00,4.71,2.58,0.35,0.78
2019-05-28,14.10,13.89,14.10,13.72,12663,20140141.00,2.73,-0.29,-0.04,0.62
2019-05-29,13.86,13.83,14.04,13.77,7319,11635614.00,1.94,-0.43,-0.06,0.36
2019-05-30,13.84,13.77,13.95,13.69,6848,10803743.00,1.88,-0.43,-0.06,0.33
2019-05-31,13.79,13.21,13.95,13.03,28722,44215798.00,6.68,-4.07,-0.56,1.40
2019-06-03,13.20,13.12,13.28,12.81,20046,30184854.00,3.56,-0.68,-0.09,0.98
2019-06-04,13.04,13.79,13.99,12.99,30192,47085110.00,7.62,5.11,0.67,1.48
2019-06-05,13.87,13.90,14.10,13.46,24454,38678961.00,4.64,0.80,0.11,1.20
2019-06-06,13.90,13.85,14.15,13.61,15085,23924699.00,3.88,-0.36,-0.05,0.74
2019-06-10,13.85,13.87,13.96,13.60,9165,14447353.00,2.60,0.14,0.02,0.45
2019-06-11,13.66,14.19,14.20,13.66,20020,32020403.00,3.89,2.31,0.32,0.98
2019-06-12,14.00,14.03,14.24,14.00,9907,15943581.00,1.69,-1.13,-0.16,0.48
2019-06-13,14.13,14.01,14.14,14.00,9060,14556225.00,1.00,-0.14,-0.02,0.44
2019-06-14,13.99,13.79,14.08,13.68,16046,25505144.00,2.86,-1.57,-0.22,0.78
2019-06-17,13.99,14.00,14.18,13.55,12447,19183574.00,4.57,1.52,0.21,0.61
2019-06-18,14.07,14.45,14.49,13.90,18179,28749066.00,4.21,3.21,0.45,0.89
2019-06-19,14.65,14.36,15.20,14.29,30831,50112209.00,6.30,-0.62,-0.09,1.51
2019-06-20,14.35,14.42,14.63,14.28,20332,32468474.00,2.44,0.42,0.06,0.99
2019-06-21,14.42,14.68,14.75,14.36,20489,32918085.00,2.70,1.80,0.26,1.00
2019-06-24,14.70,14.55,14.70,14.51,10071,16183086.00,1.29,-0.89,-0.13,0.49
2019-06-25,14.68,14.49,14.68,14.27,13073,20791922.00,2.82,-0.41,-0.06,0.64
2019-06-26,14.24,14.42,14.56,14.24,4601,7323163.00,2.21,-0.48,-0.07,0.23
2019-06-27,14.41,14.50,14.63,14.41,15022,24110674.00,1.53,0.55,0.08,0.73
2019-06-28,14.46,14.47,14.53,13.93,19319,30306819.00,4.14,-0.21,-0.03,0.94
2019-07-01,14.48,14.80,14.85,14.38,41417,66706876.00,3.25,2.28,0.33,2.03
2019-07-02,14.69,14.75,15.17,14.68,37317,61039016.00,3.31,-0.34,-0.05,1.82
2019-07-03,14.70,14.74,14.79,14.56,16389,26476315.00,1.56,-0.07,-0.01,0.80
2019-07-04,14.72,14.78,14.94,14.70,12092,19712754.00,1.63,0.27,0.04,0.59
2019-07-05,14.80,14.95,15.05,14.64,11856,19328238.00,2.77,1.15,0.17,0.58
2019-07-08,14.91,15.27,15.34,14.57,49066,81341420.00,5.15,2.14,0.32,2.40
2019-07-09,15.25,15.90,15.94,15.01,45122,76870986.00,6.09,4.13,0.63,2.21
2019-07-10,16.13,15.76,16.13,15.41,42742,73593439.00,4.53,-0.88,-0.14,2.09
2019-07-11,15.76,16.78,16.90,15.70,67808,121015088.00,7.61,6.47,1.02,3.32
2019-07-12,16.55,16.55,17.38,16.48,67894,125405640.00,5.36,-1.37,-0.23,3.32
2019-07-15,16.59,16.40,16.94,16.30,25124,45168584.00,3.87,-0.91,-0.15,1.23
2019-07-16,16.17,16.89,17.17,16.00,42024,75664296.00,7.13,2.99,0.49,2.06
2019-07-17,16.60,16.89,17.10,16.60,27195,49677925.00,2.96,0.00,0.00,1.33
2019-07-18,16.80,16.53,16.95,16.47,15839,28743794.00,2.84,-2.13,-0.36,0.77
2019-07-19,16.78,16.50,16.98,16.46,19505,35444459.00,3.15,-0.18,-0.03,0.95
2019-07-22,16.59,16.42,16.86,16.03,17687,31750863.00,5.03,-0.48,-0.08,0.86
2019-07-23,16.37,16.57,16.80,16.37,12892,23325600.00,2.62,0.91,0.15,0.63
2019-07-24,16.68,16.88,16.97,16.54,18238,33406435.00,2.60,1.87,0.31,0.89
2019-07-25,16.75,16.49,16.83,16.24,20144,36197689.00,3.50,-2.31,-0.39,0.99
2019-07-26,16.45,16.59,16.60,16.05,16091,28678695.00,3.34,0.61,0.10,0.79
2019-07-29,16.42,16.34,16.51,16.31,6749,12079151.00,1.21,-1.51,-0.25,0.33
2019-07-30,16.34,16.44,16.54,16.27,8316,14930653.00,1.65,0.61,0.10,0.41
2019-07-31,16.51,16.45,16.62,16.27,8941,16027277.00,2.13,0.06,0.01,0.44
2019-08-01,16.48,16.35,16.48,16.04,13726,24415289.00,2.67,-0.61,-0.10,0.67
2019-08-02,16.09,16.09,16.24,16.07,9464,16671090.00,1.04,-1.59,-0.26,0.46
2019-08-05,16.03,15.35,16.03,15.35,17075,29265709.00,4.23,-4.60,-0.74,0.84
2019-08-06,15.08,14.94,15.29,14.73,17501,28876168.00,3.65,-2.67,-0.41,0.86
2019-08-07,14.94,14.90,15.29,14.85,7782,12828530.00,2.95,-0.27,-0.04,0.38
2019-08-08,14.90,15.07,15.15,14.75,4711,7776213.00,2.68,1.14,0.17,0.23
2019-08-09,15.08,14.93,15.20,14.88,5321,8775669.00,2.12,-0.93,-0.14,0.26
2019-08-12,14.95,15.03,15.10,14.90,4008,6620969.00,1.34,0.67,0.10,0.20
2019-08-13,15.03,15.03,15.04,14.88,3870,6374991.00,1.06,0.00,0.00,0.19
2019-08-14,15.12,15.27,15.58,15.12,8969,15101903.00,3.06,1.60,0.24,0.44
2019-08-15,15.01,15.28,15.32,15.01,5044,8444981.00,2.03,0.07,0.01,0.25
2019-08-16,15.35,15.20,15.44,15.20,6454,10838832.00,1.57,-0.52,-0.08,0.32
2019-08-19,15.36,15.43,15.45,15.08,12489,20962534.00,2.43,1.51,0.23,0.61
2019-08-20,15.43,15.42,15.47,15.20,8347,14043298.00,1.75,-0.06,-0.01,0.41
2019-08-21,15.31,15.18,15.32,15.18,5443,9103067.00,0.91,-1.56,-0.24,0.27
2019-08-22,15.26,15.18,15.31,15.07,3552,5923610.00,1.58,0.00,0.00,0.17
2019-08-23,15.10,15.21,15.26,15.10,3587,5994555.00,1.05,0.20,0.03,0.18
2019-08-26,14.90,14.58,15.00,14.53,13893,22487631.00,3.09,-4.14,-0.63,0.68
2019-08-27,14.62,14.68,14.86,14.62,9457,15362032.00,1.65,0.69,0.10,0.46
2019-08-28,14.78,14.72,14.91,14.66,7170,11693951.00,1.70,0.27,0.04,0.35
2019-08-29,15.08,15.09,15.46,14.90,27716,46038310.00,3.80,2.51,0.37,1.36
2019-08-30,15.39,14.75,15.39,14.54,24991,41221304.00,5.63,-2.25,-0.34,1.22
2019-09-02,14.66,14.75,14.86,14.60,8625,14021578.00,1.76,0.00,0.00,0.42
2019-09-03,14.82,14.65,14.88,14.58,6454,10450018.00,2.03,-0.68,-0.10,0.32
2019-09-04,14.65,14.68,14.71,14.58,5547,8956067.00,0.89,0.20,0.03,0.27
2019-09-05,14.82,14.63,14.91,14.57,27366,44339602.00,2.32,-0.34,-0.05,1.34
2019-09-06,14.93,14.66,14.93,14.51,22014,35579309.00,2.87,0.21,0.03,1.08
2019-09-09,14.67,14.91,15.07,14.67,25753,42144241.00,2.73,1.71,0.25,1.26
2019-09-10,14.94,15.10,15.17,14.84,23432,38614572.00,2.21,1.27,0.19,1.15
2019-09-11,15.11,14.89,15.19,14.89,17666,29109213.00,1.99,-1.39,-0.21,0.86
2019-09-12,14.96,14.90,15.01,14.79,8282,13563921.00,1.48,0.07,0.01,0.41
2019-09-16,14.95,15.32,15.42,14.95,23310,39036132.00,3.15,2.82,0.42,1.14
2019-09-17,15.30,15.46,15.82,15.22,31043,53007348.00,3.92,0.91,0.14,1.52
2019-09-18,15.50,15.75,15.99,15.50,23536,40702885.00,3.17,1.88,0.29,1.15
2019-09-19,15.75,15.80,15.91,15.69,18207,31486115.00,1.40,0.32,0.05,0.89
2019-09-20,15.94,15.51,15.94,15.30,20924,35794601.00,4.05,-1.84,-0.29,1.02
2019-09-23,15.70,15.89,16.18,15.70,45363,78962787.00,3.09,2.45,0.38,2.22
2019-09-24,16.00,16.05,16.26,15.71,40019,69985356.00,3.46,1.01,0.16,1.96
2019-09-25,16.20,15.85,16.20,15.75,26288,45915020.00,2.80,-1.25,-0.20,1.29
2019-09-26,15.94,15.88,16.17,15.29,31923,54747570.00,5.55,0.19,0.03,1.56
2019-09-27,15.79,15.05,15.79,15.05,28004,47061678.00,4.66,-5.23,-0.83,1.37
2019-09-30,15.05,14.85,15.05,14.36,15895,25611121.00,4.58,-1.33,-0.20,0.78
2019-10-08,14.50,14.25,14.54,14.25,17587,27843091.00,1.95,-4.04,-0.60,0.86
2019-10-09,14.20,14.22,14.23,14.01,6877,10747734.00,1.54,-0.21,-0.03,0.34
2019-10-10,14.15,14.29,14.33,14.15,7224,11368524.00,1.27,0.49,0.07,0.35
2019-10-11,14.29,14.26,14.36,14.09,6137,9633483.00,1.89,-0.21,-0.03,0.30
2019-10-14,14.35,14.44,14.50,14.24,11689,18579035.00,1.82,1.26,0.18,0.57
2019-10-15,14.32,14.34,14.48,14.09,11078,17495635.00,2.70,-0.69,-0.10,0.54
2019-10-16,14.19,14.29,14.35,14.19,5009,7894144.00,1.12,-0.35,-0.05,0.24
2019-10-17,14.29,14.14,14.29,14.10,3911,6125476.00,1.33,-1.05,-0.15,0.19
2019-10-18,14.20,13.96,14.24,13.83,5411,8412604.00,2.90,-1.27,-0.18,0.26
2019-10-21,14.03,13.65,14.03,13.52,6282,9505046.00,3.65,-2.22,-0.31,0.31
2019-10-22,13.76,13.81,13.84,13.51,6573,9973059.00,2.42,1.17,0.16,0.32
2019-10-23,13.82,13.77,13.87,13.69,3231,4936944.00,1.30,-0.29,-0.04,0.16
2019-10-24,13.71,13.90,13.99,13.71,6056,9299452.00,2.03,0.94,0.13,0.30
2019-10-25,13.90,13.92,13.95,13.75,5403,8285579.00,1.44,0.14,0.02,0.26
2019-10-28,13.99,14.07,14.10,13.90,5211,8095101.00,1.44,1.08,0.15,0.25
2019-10-29,14.07,13.87,14.08,13.77,5015,7723322.00,2.20,-1.42,-0.20,0.25
2019-10-30,14.00,13.57,14.00,12.33,8224,12315707.00,12.04,-2.16,-0.30,0.40
2019-10-31,13.57,13.70,13.88,13.51,7920,12049500.00,2.73,0.96,0.13,0.39
2019-11-01,13.70,13.68,13.72,13.51,4873,7375540.00,1.53,-0.15,-0.02,0.24
2019-11-04,13.84,13.60,13.93,13.59,5465,8305563.00,2.49,-0.58,-0.08,0.27
2019-11-05,13.60,13.57,13.69,13.47,4019,6060017.00,1.62,-0.22,-0.03,0.20
2019-11-06,13.60,13.41,13.79,13.38,6248,9381750.00,3.02,-1.18,-0.16,0.31
2019-11-07,13.56,13.33,13.56,13.25,7106,10567400.00,2.31,-0.60,-0.08,0.35
2019-11-08,13.40,13.35,13.56,13.32,6797,10147221.00,1.80,0.15,0.02,0.33
2019-11-11,13.34,13.05,13.43,12.82,6812,9968913.00,4.57,-2.25,-0.30,0.33
2019-11-12,12.81,13.05,13.11,12.81,4027,5857097.00,2.30,0.00,0.00,0.20
2019-11-13,13.10,12.80,13.10,12.73,8478,12180471.00,2.84,-1.92,-0.25,0.41
2019-11-14,12.81,12.88,12.99,12.61,10242,14566363.00,2.97,0.63,0.08,0.50
2019-11-15,12.79,12.68,12.79,12.39,12352,17327325.00,3.11,-1.55,-0.20,0.60
2019-11-18,12.51,12.64,12.74,12.41,5234,7374915.00,2.60,-0.32,-0.04,0.26
2019-11-19,12.74,12.65,12.76,12.60,7646,10837742.00,1.27,0.08,0.01,0.37
2019-11-20,12.72,12.48,12.90,12.44,11831,16722338.00,3.64,-1.34,-0.17,0.58
2019-11-21,12.56,12.49,12.64,12.43,5256,7360272.00,1.68,0.08,0.01,0.26
2019-11-22,12.57,12.17,12.61,12.16,17373,23972803.00,3.60,-2.56,-0.32,0.85
2019-11-25,12.25,12.37,12.41,12.08,12382,17045077.00,2.71,1.64,0.20,0.61
2019-11-26,12.38,12.41,12.43,12.23,9111,12632433.00,1.62,0.32,0.04,0.45
2019-11-27,12.35,12.44,12.50,12.30,8466,11782227.00,1.61,0.24,0.03,0.41
2019-11-28,12.46,12.60,12.68,12.40,7978,11235005.00,2.25,1.29,0.16,0.39
2019-11-29,12.69,12.38,12.69,12.33,6774,9478919.00,2.86,-1.75,-0.22,0.33
2019-12-02,12.41,12.47,12.64,12.30,6297,8823818.00,2.75,0.73,0.09,0.31
2019-12-03,12.35,12.68,12.71,12.35,6319,8883959.00,2.89,1.68,0.21,0.31
2019-12-04,12.60,12.51,12.74,12.46,5540,7810087.00,2.21,-1.34,-0.17,0.27
2019-12-05,12.62,12.69,12.73,12.50,6443,9109053.00,1.84,1.44,0.18,0.32
2019-12-06,12.56,12.68,12.74,12.56,4015,5688063.00,1.42,-0.08,-0.01,0.20
2019-12-09,12.73,12.69,12.75,12.61,4279,6066138.00,1.10,0.08,0.01,0.21
2019-12-10,12.62,12.54,12.68,12.49,8490,11927602.00,1.50,-1.18,-0.15,0.42
2019-12-11,12.56,12.58,12.63,12.50,3862,5433416.00,1.04,0.32,0.04,0.19
2019-12-12,12.64,12.40,12.64,12.37,6587,9215852.00,2.15,-1.43,-0.18,0.32
2019-12-13,12.46,12.68,12.70,12.46,9646,13600665.00,1.94,2.26,0.28,0.47
2019-12-16,12.78,12.84,12.85,12.63,9791,13943162.00,1.74,1.26,0.16,0.48
2019-12-17,12.81,12.99,13.06,12.81,11435,16563741.00,1.95,1.17,0.15,0.56
2019-12-18,13.05,12.94,13.06,12.88,7482,10814437.00,1.39,-0.38,-0.05,0.37
2019-12-19,12.94,13.09,13.11,12.94,8303,12062763.00,1.31,1.16,0.15,0.41
2019-12-20,13.03,13.01,13.17,12.98,7140,10401605.00,1.45,-0.61,-0.08,0.35
2019-12-23,12.99,12.81,13.05,12.77,7269,10489487.00,2.15,-1.54,-0.20,0.36
2019-12-24,12.81,13.03,13.06,12.77,6794,9820436.00,2.26,1.72,0.22,0.33
2019-12-25,13.08,13.08,13.14,12.96,6872,10014779.00,1.38,0.38,0.05,0.34
2019-12-26,13.07,13.30,13.39,13.03,10400,15325130.00,2.75,1.68,0.22,0.51
2019-12-27,13.27,13.12,13.36,13.10,10218,15073617.00,1.95,-1.35,-0.18,0.50
2019-12-30,13.12,13.27,13.29,13.01,8384,12277093.00,2.13,1.14,0.15,0.41
2019-12-31,13.30,13.26,13.40,13.15,13312,19683549.00,1.88,-0.08,-0.01,0.65