2022-01-04,32.99,32.03,33.31,31.66,72987,450369184.00,4.99,-3.06,-1.01,2.78
2022-01-05,31.84,31.03,32.03,30.76,77171,461215216.00,3.97,-3.12,-1.00,2.94
2022-01-06,31.05,31.34,32.18,31.05,74498,451168768.00,3.64,1.00,0.31,2.84
2022-01-07,31.22,31.11,31.81,30.79,65582,392215264.00,3.25,-0.73,-0.23,2.50
2022-01-10,30.90,31.55,31.60,30.17,65899,392489040.00,4.60,1.41,0.44,2.51
2022-01-11,31.36,31.29,31.62,31.10,38920,233557909.00,1.65,-0.82,-0.26,1.48
2022-01-12,31.39,31.63,31.81,31.39,47179,285842336.00,1.34,1.09,0.34,1.80
2022-01-13,31.84,30.68,31.84,30.67,47314,282976384.00,3.70,-3.00,-0.95,1.80
2022-01-14,30.53,31.09,31.46,30.29,52860,315902960.00,3.81,1.34,0.41,2.02
2022-01-17,30.98,31.97,32.03,30.96,66156,401351072.00,3.44,2.83,0.88,2.52
2022-01-18,31.98,32.01,32.55,31.58,69464,427298480.00,3.03,0.13,0.04,2.65
2022-01-19,31.58,31.12,31.99,30.87,49886,299848672.00,3.50,-2.78,-0.89,1.90
2022-01-20,31.05,30.64,31.62,30.53,39196,232579843.00,3.50,-1.54,-0.48,1.49
2022-01-21,30.32,28.76,30.57,28.34,99665,557415968.00,7.28,-6.14,-1.88,3.80
2022-01-24,28.63,29.95,30.24,28.47,75558,429341792.00,6.15,4.14,1.19,2.88
2022-01-25,29.69,28.82,30.00,28.81,49689,280376016.00,3.97,-3.77,-1.13,1.89
2022-01-26,29.21,29.10,29.42,28.43,38240,212553022.00,3.44,0.97,0.28,1.46
2022-01-27,29.11,27.68,29.66,27.65,52159,283347824.00,6.91,-4.88,-1.42,1.99
2022-01-28,27.73,27.11,28.24,27.08,43729,231708628.00,4.19,-2.06,-0.57,1.67
2022-02-07,27.94,27.47,28.13,27.27,41273,219099910.00,3.17,1.33,0.36,1.57
2022-02-08,27.73,27.63,27.73,26.79,44376,231847482.00,3.42,0.58,0.16,1.69
2022-02-09,27.53,28.09,28.14,27.37,45532,243177053.00,2.79,1.66,0.46,1.74
2022-02-10,28.23,27.92,28.30,27.47,44548,237718848.00,2.95,-0.61,-0.17,1.70
2022-02-11,27.85,27.21,28.11,27.15,42513,224740784.00,3.44,-2.54,-0.71,1.62
2022-02-14,26.89,27.25,27.85,26.46,46312,243543269.00,5.11,0.15,0.04,1.77
2022-02-15,27.38,27.71,28.04,27.38,49789,264581679.00,2.42,1.69,0.46,1.90
2022-02-16,28.00,27.58,28.19,27.54,40412,214960628.00,2.35,-0.47,-0.13,1.54
2022-02-17,27.49,27.68,28.11,27.31,52268,277821504.00,2.90,0.36,0.10,1.99
2022-02-18,27.24,27.43,27.46,27.16,35644,186591181.00,1.08,-0.90,-0.25,1.36
2022-02-21,27.43,27.91,28.08,27.41,47574,253902948.00,2.44,1.75,0.48,1.81
2022-02-22,27.67,27.32,27.67,26.64,63624,330701936.00,3.69,-2.11,-0.59,2.43
2022-02-23,27.11,28.71,29.01,27.09,119223,649521168.00,7.03,5.09,1.39,4.55
2022-02-24,28.52,27.66,28.84,27.15,103417,557055600.00,5.89,-3.66,-1.05,3.94
2022-02-25,28.69,28.89,29.56,28.42,125227,695223952.00,4.12,4.45,1.23,4.77
2022-02-28,28.67,29.18,29.41,28.36,87409,485788416.00,3.63,1.00,0.29,3.33
2022-03-01,29.25,29.14,29.36,28.53,63458,351080672.00,2.84,-0.14,-0.04,2.42
2022-03-02,29.21,28.63,29.21,28.46,56656,311647104.00,2.57,-1.75,-0.51,2.16
2022-03-03,28.84,28.09,28.95,28.08,45516,247953046.00,3.04,-1.89,-0.54,1.74
2022-03-04,27.72,28.12,29.08,27.64,66448,363418896.00,5.13,0.11,0.03,2.53
2022-03-07,27.90,26.61,28.09,26.53,77420,401125936.00,5.55,-5.37,-1.51,2.95
2022-03-08,26.62,26.37,27.27,25.84,78125,399799600.00,5.37,-0.90,-0.24,2.98
2022-03-09,26.37,25.95,26.92,24.91,70690,353720032.00,7.62,-1.59,-0.42,2.70
2022-03-10,26.74,25.61,26.84,25.58,70064,351376704.00,4.86,-1.31,-0.34,2.67
2022-03-11,24.95,25.89,25.96,24.62,63275,306650576.00,5.23,1.09,0.28,2.41
2022-03-14,25.53,25.01,25.74,25.00,44818,218209649.00,2.86,-3.40,-0.88,1.71
2022-03-15,24.87,23.55,25.23,23.55,77726,364286880.00,6.72,-5.84,-1.46,2.96
2022-03-16,24.03,24.42,24.62,22.76,99269,451830688.00,7.90,3.69,0.87,3.78
2022-03-17,24.83,25.16,25.64,24.58,102610,498146576.00,4.34,3.03,0.74,3.91
2022-03-18,24.89,25.35,25.44,24.74,59544,288000016.00,2.78,0.76,0.19,2.27
2022-03-21,25.29,25.61,25.98,25.05,70756,346784960.00,3.67,1.03,0.26,2.70
2022-03-22,25.65,25.53,26.08,25.32,61893,304622784.00,2.97,-0.31,-0.08,2.36
2022-03-23,25.54,25.61,25.86,25.16,52060,255871885.00,2.74,0.31,0.08,1.98
2022-03-24,25.27,25.07,25.46,24.92,60083,289719984.00,2.11,-2.11,-0.54,2.29
2022-03-25,26.57,27.89,28.45,25.96,276436,1440964208.00,9.93,11.25,2.82,10.54
2022-03-28,27.32,27.13,27.89,27.00,140258,734649904.00,3.19,-2.72,-0.76,5.35
2022-03-29,26.97,26.28,27.36,26.24,116572,599540800.00,4.13,-3.13,-0.85,4.44
2022-03-30,26.61,27.57,27.89,26.61,130428,686176688.00,4.87,4.91,1.29,4.97
2022-03-31,27.21,28.12,28.39,27.06,136835,733500832.00,4.82,1.99,0.55,5.22
2022-04-01,27.67,27.52,28.57,27.42,123398,662146896.00,4.09,-2.13,-0.60,4.70
2022-04-06,27.37,26.82,27.37,26.36,87123,447286032.00,3.67,-2.54,-0.70,3.32
2022-04-07,26.72,25.36,26.72,25.34,87484,435163568.00,5.15,-5.44,-1.46,3.34
2022-04-08,25.53,25.42,25.75,24.69,68136,330386576.00,4.18,0.24,0.06,2.60
2022-04-11,24.84,23.89,25.00,23.73,69182,322403472.00,5.00,-6.02,-1.53,2.64
2022-04-12,23.89,23.87,24.14,23.32,68627,314000992.00,3.43,-0.08,-0.02,2.62
2022-04-13,23.63,22.71,23.64,22.57,70733,312284864.00,4.48,-4.86,-1.16,2.70
2022-04-14,22.92,23.50,23.79,22.68,76506,341356416.00,4.89,3.48,0.79,2.92
2022-04-15,23.09,23.34,23.73,22.78,61161,273667168.00,4.04,-0.68,-0.16,2.33
2022-04-18,23.05,24.55,25.10,22.95,100328,471337648.00,9.21,5.18,1.21,3.83
2022-04-19,24.26,24.15,24.74,24.08,58406,272150080.00,2.69,-1.63,-0.40,2.23
2022-04-20,24.38,24.15,24.68,23.95,61591,287589136.00,3.02,0.00,0.00,2.35
2022-04-21,24.03,23.52,24.63,23.37,66465,307061088.00,5.22,-2.61,-0.63,2.53
2022-04-22,21.32,18.76,21.32,18.76,214597,815039232.00,10.88,-20.24,-4.76,8.06
2022-04-25,18.73,18.25,18.99,18.16,110187,395300432.00,4.42,-2.72,-0.51,4.14
2022-04-26,18.48,17.36,18.55,17.29,89910,310719680.00,6.90,-4.88,-0.89,3.37
2022-04-27,17.11,18.71,18.87,16.85,108262,373257376.00,11.64,7.78,1.35,4.06
2022-04-28,18.08,17.52,18.35,17.25,171141,303697360.00,5.88,-6.36,-1.19,3.38
2022-04-29,17.90,18.35,18.49,17.77,199231,362355680.00,4.11,4.74,0.83,3.94
2022-05-05,18.33,18.42,18.87,18.10,145924,269763680.00,4.20,0.38,0.07,2.88
2022-05-06,17.67,17.86,18.37,17.57,119216,214023079.00,4.34,-3.04,-0.56,2.36
2022-05-09,18.10,17.97,18.55,17.76,101329,183220323.00,4.42,0.62,0.11,2.00
2022-05-10,17.47,18.29,18.66,17.40,156082,285444816.00,7.01,1.78,0.32,3.08
2022-05-11,18.40,19.28,19.96,18.16,310104,600797872.00,9.84,5.41,0.99,6.13
2022-05-12,19.00,19.54,19.78,18.88,185015,359186144.00,4.67,1.35,0.26,3.66
2022-05-13,19.52,19.45,19.83,19.22,129738,252346567.00,3.12,-0.46,-0.09,2.56
2022-05-16,19.48,19.15,19.81,19.00,123834,239434820.00,4.16,-1.54,-0.30,2.45
2022-05-17,18.99,19.89,19.98,18.99,221994,434834000.00,5.17,3.86,0.74,4.38
2022-05-18,19.88,19.78,20.21,19.62,176543,351053904.00,2.97,-0.55,-0.11,3.48
2022-05-19,19.30,20.47,20.70,19.22,238702,480437120.00,7.48,3.49,0.69,4.70
2022-05-20,20.45,20.44,20.71,20.09,161006,327793856.00,3.03,-0.15,-0.03,3.17
2022-05-23,20.76,20.65,20.98,20.32,142400,293347616.00,3.23,1.03,0.21,2.81
2022-05-24,20.39,19.39,20.65,19.33,201521,404100208.00,6.39,-6.10,-1.26,3.97
2022-05-25,19.30,19.53,19.76,19.15,131580,255637890.00,3.15,0.72,0.14,2.59
2022-05-26,19.70,19.38,19.77,18.76,161303,310440688.00,5.17,-0.77,-0.15,3.18
2022-05-27,19.47,19.00,19.95,18.80,147814,285457184.00,5.93,-1.96,-0.38,2.91
2022-05-30,18.90,19.46,19.85,18.84,167466,326556096.00,5.32,2.42,0.46,3.30
2022-05-31,19.60,20.58,20.79,18.96,304323,611773776.00,9.40,5.76,1.12,6.00
2022-06-01,20.63,20.33,20.85,20.20,190298,389553296.00,3.16,-1.21,-0.25,3.75
2022-06-02,20.42,20.67,20.83,20.15,208025,428249248.00,3.34,1.67,0.34,4.10
2022-06-06,20.59,21.38,21.43,20.52,289738,612312432.00,4.40,3.43,0.71,5.71
2022-06-07,21.49,21.00,21.50,20.70,210953,443592496.00,3.74,-1.78,-0.38,4.16
2022-06-08,20.88,20.88,21.25,20.40,163006,339329408.00,4.05,-0.57,-0.12,3.21
2022-06-09,20.80,20.19,20.81,19.98,150681,306393200.00,3.98,-3.30,-0.69,2.97
2022-06-10,20.01,20.60,20.76,20.00,171202,350230176.00,3.76,2.03,0.41,3.37
2022-06-13,20.35,20.51,20.90,20.26,144957,297588464.00,3.11,-0.44,-0.09,2.86
2022-06-14,20.35,20.14,20.39,19.28,207628,411012256.00,5.41,-1.80,-0.37,4.09
2022-06-15,20.09,20.88,21.40,20.09,308671,646526464.00,6.50,3.67,0.74,6.08
2022-06-16,21.07,21.93,22.47,21.07,369974,811591872.00,6.70,5.03,1.05,7.29
2022-06-17,21.93,21.70,21.93,21.18,249533,536650608.00,3.42,-1.05,-0.23,4.92
2022-06-20,21.68,22.17,22.48,21.67,281093,622016864.00,3.73,2.17,0.47,5.54
2022-06-21,22.30,23.65,24.97,21.64,479138,1119239008.00,15.02,6.68,1.48,9.44
2022-06-22,23.70,23.07,24.95,23.02,436134,1045635984.00,8.16,-2.45,-0.58,8.59
2022-06-23,23.15,23.55,23.80,22.74,327001,760225104.00,4.59,2.08,0.48,6.44
2022-06-24,23.42,24.01,24.42,23.34,314725,751116960.00,4.59,1.95,0.46,6.20
2022-06-27,24.11,24.04,24.59,23.70,280907,676755776.00,3.71,0.12,0.03,5.53
2022-06-28,24.29,27.27,28.28,23.14,607039,1548085664.00,21.38,13.44,3.23,11.96
2022-06-29,27.10,28.96,31.19,26.88,876661,2578096704.00,15.80,6.20,1.69,17.27
2022-06-30,29.00,30.09,30.73,28.08,646870,1921322896.00,9.15,3.90,1.13,12.74
2022-07-01,29.16,28.66,29.50,28.58,441982,1278699488.00,3.06,-4.75,-1.43,8.71
2022-07-04,27.43,29.41,30.44,26.39,456383,1299885680.00,14.13,2.62,0.75,8.99
2022-07-05,29.20,30.21,30.95,29.10,497973,1502860800.00,6.29,2.72,0.80,9.81
2022-07-06,30.01,28.70,30.57,28.68,412362,1223340784.00,6.26,-5.00,-1.51,8.12
2022-07-07,28.60,28.88,29.49,28.18,346222,995084016.00,4.56,0.63,0.18,6.82
2022-07-08,29.44,29.73,30.76,29.13,491523,1477889825.00,5.64,2.94,0.85,9.68
2022-07-11,29.19,27.62,29.22,27.43,410041,1151322197.00,6.02,-7.10,-2.11,8.08
2022-07-12,27.52,26.50,28.16,26.45,308242,835004938.00,6.19,-4.06,-1.12,6.07
2022-07-13,26.52,25.98,26.88,25.55,267577,695721670.00,5.02,-1.96,-0.52,5.27
2022-07-14,25.97,26.90,27.18,25.80,288165,767277411.00,5.31,3.54,0.92,5.68
2022-07-15,26.81,26.01,27.29,26.01,279597,744729680.00,4.76,-3.31,-0.89,5.51
2022-07-18,26.25,26.40,26.93,25.30,220140,576292222.00,6.27,1.50,0.39,4.34
2022-07-19,26.63,26.15,26.78,25.64,202239,527286476.00,4.32,-0.95,-0.25,3.98
2022-07-20,26.40,26.17,27.02,26.11,233441,619759069.00,3.48,0.08,0.02,4.60
2022-07-21,26.37,27.60,28.16,25.80,438657,1205070832.00,9.02,5.46,1.43,8.64
2022-07-22,27.76,26.65,27.76,26.34,267141,718118053.00,5.14,-3.44,-0.95,5.26
2022-07-25,26.26,24.97,26.70,24.94,230121,590967847.00,6.60,-6.30,-1.68,4.53
2022-07-26,24.88,25.38,25.56,24.40,163279,407960013.00,4.65,1.64,0.41,3.22
2022-07-27,25.12,25.44,25.81,24.89,145885,369589079.00,3.62,0.24,0.06,2.87
2022-07-28,25.69,25.76,26.44,25.60,207057,540211973.00,3.30,1.26,0.32,4.08
2022-07-29,25.64,25.02,25.97,25.02,169865,431046924.00,3.69,-2.87,-0.74,3.35
2022-08-01,24.78,25.32,25.57,24.30,150783,378498518.00,5.08,1.20,0.30,2.97
2022-08-02,24.77,24.23,25.16,23.62,207343,507841670.00,6.08,-4.30,-1.09,4.09
2022-08-03,24.37,24.98,25.78,24.37,259397,650837416.00,5.82,3.10,0.75,5.11
2022-08-04,25.20,25.48,26.18,25.14,218756,559058244.00,4.16,2.00,0.50,4.31
2022-08-05,25.55,28.80,29.05,25.35,619214,1705742655.00,14.52,13.03,3.32,12.20
2022-08-08,29.00,28.45,29.39,28.01,466105,1329436429.00,4.79,-1.22,-0.35,9.18
2022-08-09,28.63,28.91,29.39,27.21,432474,1212650999.00,7.66,1.62,0.46,8.52
2022-08-10,28.09,28.29,29.20,27.69,362507,1035819905.00,5.22,-2.14,-0.62,7.14
2022-08-11,28.38,28.71,29.80,28.38,367547,1065595882.00,5.02,1.48,0.42,7.24
2022-08-12,30.14,28.20,30.77,28.18,452045,1338335191.00,9.02,-1.78,-0.51,8.91
2022-08-15,27.37,27.61,28.26,27.34,300166,833357657.00,3.26,-2.09,-0.59,5.91
2022-08-16,27.38,27.28,27.94,27.10,209266,574591594.00,3.04,-1.20,-0.33,4.12
2022-08-17,27.30,27.72,27.76,27.01,194698,535052371.00,2.75,1.61,0.44,3.84
2022-08-18,27.36,27.96,28.26,26.87,246557,682057119.00,5.01,0.87,0.24,4.86
2022-08-19,27.87,26.67,28.65,26.66,267778,738396738.00,7.12,-4.61,-1.29,5.28
2022-08-22,26.33,26.68,27.12,25.89,147178,392668052.00,4.61,0.04,0.01,2.90
2022-08-23,26.50,26.10,26.97,25.91,176123,462506810.00,3.97,-2.17,-0.58,3.47
2022-08-24,26.32,24.70,26.39,24.60,207583,523721865.00,6.86,-5.36,-1.40,4.09
2022-08-25,24.75,24.19,25.00,23.85,153083,371297929.00,4.66,-2.06,-0.51,3.02
2022-08-26,24.11,23.54,24.48,23.53,145638,349251887.00,3.93,-2.69,-0.65,2.87
2022-08-29,23.04,23.09,23.79,22.90,135010,313202314.00,3.78,-1.91,-0.45,2.66
2022-08-30,23.15,23.34,23.52,22.92,112985,262439417.00,2.60,1.08,0.25,2.23
2022-08-31,23.02,22.49,23.47,22.33,142029,323858712.00,4.88,-3.64,-0.85,2.80
2022-09-01,22.51,22.08,22.95,21.91,120366,269209603.00,4.62,-1.82,-0.41,2.37
2022-09-02,22.25,22.76,22.82,22.10,131078,294988679.00,3.26,3.08,0.68,2.58
2022-09-05,22.44,22.59,22.95,22.03,97161,218222767.00,4.04,-0.75,-0.17,1.91
2022-09-06,22.59,22.84,22.95,22.46,104995,238901944.00,2.17,1.11,0.25,2.07
2022-09-07,23.00,24.04,24.13,22.90,228462,542815962.00,5.39,5.25,1.20,4.50
2022-09-08,23.82,23.43,23.92,23.42,126412,298437583.00,2.08,-2.54,-0.61,2.49
2022-09-09,23.26,23.12,23.54,22.78,97885,225660260.00,3.24,-1.32,-0.31,1.93
2022-09-13,23.12,22.95,23.65,22.88,90153,209295596.00,3.33,-0.74,-0.17,1.78
2022-09-14,22.41,22.54,22.80,22.26,83709,188465857.00,2.35,-1.79,-0.41,1.65
2022-09-15,22.59,21.69,22.74,21.50,128413,281545767.00,5.50,-3.77,-0.85,2.53
2022-09-16,21.60,21.18,21.93,21.18,90329,195297300.00,3.46,-2.35,-0.51,1.78
2022-09-19,21.22,21.11,21.62,20.94,69379,147275654.00,3.21,-0.33,-0.07,1.37
2022-09-20,21.22,21.33,21.49,21.03,71875,152959670.00,2.18,1.04,0.22,1.42
2022-09-21,21.20,21.47,21.63,20.66,79917,169026675.00,4.55,0.66,0.14,1.57
2022-09-22,21.23,21.45,21.80,21.17,66515,143425447.00,2.93,-0.09,-0.02,1.31
2022-09-23,21.38,20.50,21.55,20.48,89567,187260629.00,4.99,-4.43,-0.95,1.76
2022-09-26,20.27,20.24,20.68,20.12,62113,126788986.00,2.73,-1.27,-0.26,1.22
2022-09-27,20.34,21.32,21.39,20.33,117088,244144875.00,5.24,5.34,1.08,2.31
2022-09-28,21.06,20.43,21.26,20.43,83316,173145204.00,3.89,-4.17,-0.89,1.64
2022-09-29,20.69,20.28,20.85,20.15,73835,151245022.00,3.43,-0.73,-0.15,1.45
2022-09-30,20.25,19.63,20.47,19.63,72563,144835507.00,4.14,-3.21,-0.65,1.43
2022-10-10,19.65,18.91,19.79,18.80,79604,152215156.00,5.04,-3.67,-0.72,1.57
2022-10-11,18.91,18.80,19.16,18.65,64770,121880580.00,2.70,-0.58,-0.11,1.28
2022-10-12,18.83,19.93,20.04,18.75,114730,221887040.00,6.86,6.01,1.13,2.26
2022-10-13,19.68,20.03,20.38,19.60,93440,187977429.00,3.91,0.50,0.10,1.84
2022-10-14,20.50,20.41,20.67,20.10,93143,189766972.00,2.85,1.90,0.38,1.84
2022-10-17,20.20,20.78,20.87,20.12,85993,177516078.00,3.67,1.81,0.37,1.69
2022-10-18,20.90,20.63,21.00,20.46,78070,161460093.00,2.60,-0.72,-0.15,1.54
2022-10-19,20.56,20.34,20.89,20.34,79965,164583405.00,2.67,-1.41,-0.29,1.58
2022-10-20,20.28,21.07,21.49,20.07,206653,434436157.00,6.98,3.59,0.73,4.07
2022-10-21,20.92,20.72,21.11,20.48,109613,227104289.00,2.99,-1.66,-0.35,2.16
2022-10-24,20.78,20.52,21.45,20.18,111220,232213106.00,6.13,-0.97,-0.20,2.19
2022-10-25,19.40,19.42,19.52,18.33,201706,383214111.00,5.80,-5.36,-1.10,3.97
2022-10-26,19.72,20.17,20.43,19.24,153392,307435126.00,6.13,3.86,0.75,3.02
2022-10-27,20.30,20.20,20.72,20.08,122131,249016679.00,3.17,0.15,0.03,2.41
2022-10-28,20.01,19.25,20.55,19.18,127122,253126136.00,6.78,-4.70,-0.95,2.50
2022-10-31,19.11,19.51,19.96,19.11,100394,197141017.00,4.42,1.35,0.26,1.98
2022-11-01,19.38,20.07,20.08,19.38,110445,218553064.00,3.59,2.87,0.56,2.18
2022-11-02,21.05,20.99,21.86,20.88,258122,549270732.00,4.88,4.58,0.92,5.09
2022-11-03,20.73,21.34,21.49,20.63,210209,443148251.00,4.10,1.67,0.35,4.14
2022-11-04,21.38,21.64,21.69,21.13,197661,424185494.00,2.62,1.41,0.30,3.89
2022-11-07,21.37,21.40,21.84,21.35,126347,272094261.00,2.26,-1.11,-0.24,2.49
2022-11-08,21.64,21.23,21.64,20.95,95394,202065577.00,3.22,-0.79,-0.17,1.88
2022-11-09,21.25,21.10,21.35,20.89,76282,161041268.00,2.17,-0.61,-0.13,1.50
2022-11-10,20.81,20.68,21.26,20.60,103350,215592538.00,3.13,-1.99,-0.42,2.04
2022-11-11,21.39,21.19,21.69,21.18,168958,361078986.00,2.47,2.47,0.51,3.33
2022-11-14,21.07,20.99,21.50,20.88,101604,215159555.00,2.93,-0.94,-0.20,2.00
2022-11-15,20.99,22.53,22.99,20.86,324347,717967726.00,10.15,7.34,1.54,6.39
2022-11-16,22.53,22.54,22.91,22.15,185154,417513184.00,3.37,0.04,0.01,3.65
2022-11-17,22.29,23.19,23.20,21.96,249811,566166181.00,5.50,2.88,0.65,4.92
2022-11-18,23.18,22.65,23.55,22.44,183489,420923385.00,4.79,-2.33,-0.54,3.62
2022-11-21,22.38,22.40,22.74,22.00,110543,246355819.00,3.27,-1.10,-0.25,2.18
2022-11-22,22.35,22.01,22.77,21.91,129027,288395765.00,3.84,-1.74,-0.39,2.54
2022-11-23,21.90,21.68,22.12,21.27,107229,231789041.00,3.86,-1.50,-0.33,2.11
2022-11-24,21.90,21.48,22.01,21.43,71813,155438819.00,2.68,-0.92,-0.20,1.41
2022-11-25,21.43,21.01,21.89,21.01,86568,185316624.00,4.10,-2.19,-0.47,1.71
2022-11-28,20.56,20.65,20.97,20.40,75768,156768774.00,2.71,-1.71,-0.36,1.49
2022-11-29,20.79,21.16,21.33,20.60,81629,171733216.00,3.54,2.47,0.51,1.61
2022-11-30,21.03,21.10,21.49,20.95,72716,153874213.00,2.55,-0.28,-0.06,1.43
2022-12-01,21.50,21.15,21.86,21.11,104142,223332615.00,3.55,0.24,0.05,2.05
2022-12-02,21.03,21.19,21.41,21.01,61247,129962146.00,1.89,0.19,0.04,1.21
2022-12-05,21.38,21.43,21.55,21.09,84049,179013462.00,2.17,1.13,0.24,1.66
2022-12-06,21.31,21.85,22.20,21.30,154868,338667710.00,4.20,1.96,0.42,3.05
2022-12-07,21.70,21.61,21.78,21.42,85392,184433449.00,1.65,-1.10,-0.24,1.68
2022-12-08,21.52,20.78,21.60,20.78,123916,261510932.00,3.79,-3.84,-0.83,2.44
2022-12-09,20.68,20.77,21.05,20.58,108112,224610976.00,2.26,-0.05,-0.01,2.13
2022-12-12,20.70,20.90,21.20,20.32,118163,246021432.00,4.24,0.63,0.13,2.33
2022-12-13,20.75,20.24,20.79,20.23,92549,189274113.00,2.68,-3.16,-0.66,1.82
2022-12-14,21.23,20.87,21.54,20.81,200303,423539116.00,3.61,3.11,0.63,3.95
2022-12-15,20.80,22.11,22.79,20.68,320259,710334807.00,10.11,5.94,1.24,6.31
2022-12-16,21.84,22.28,22.34,21.56,197897,434438649.00,3.53,0.77,0.17,3.90
2022-12-19,22.00,21.40,22.13,21.20,141753,306069161.00,4.17,-3.95,-0.88,2.79
2022-12-20,21.15,21.70,21.89,21.13,129295,279002292.00,3.55,1.40,0.30,2.55
2022-12-21,21.76,22.27,23.01,21.71,217550,487988833.00,5.99,2.63,0.57,4.29
2022-12-22,22.10,21.60,22.63,21.36,164131,361147237.00,5.70,-3.01,-0.67,3.23
2022-12-23,21.13,20.44,21.28,20.24,148370,306128254.00,4.81,-5.37,-1.16,2.92
2022-12-26,20.30,21.04,21.30,20.29,121634,255750020.00,4.94,2.94,0.60,2.40
2022-12-27,21.08,20.99,21.16,20.64,82903,172932453.00,2.47,-0.24,-0.05,1.63
2022-12-28,20.82,20.51,20.92,20.34,82608,169759351.00,2.76,-2.29,-0.48,1.63
2022-12-29,20.41,20.36,20.62,20.24,61638,125872759.00,1.85,-0.73,-0.15,1.21
2022-12-30,20.62,20.36,20.68,20.26,55347,113060601.00,2.06,0.00,0.00,1.09