2021-01-04,6.46,6.39,6.46,6.32,19743,25903027.00,2.17,-0.93,-0.06,2.05
2021-01-05,6.40,6.30,6.46,6.23,21704,28283312.00,3.60,-1.41,-0.09,2.25
2021-01-06,6.28,6.22,6.28,6.11,18087,23041481.00,2.70,-1.27,-0.08,1.87
2021-01-07,6.24,5.85,6.24,5.78,22229,27184259.00,7.40,-5.95,-0.37,2.30
2021-01-08,5.83,5.91,6.02,5.65,16413,19808530.00,6.32,1.03,0.06,1.70
2021-01-11,5.90,5.82,5.90,5.62,23191,27351422.00,4.74,-1.52,-0.09,2.40
2021-01-12,5.78,5.82,5.87,5.69,13637,16225222.00,3.09,0.00,0.00,1.41
2021-01-13,5.82,5.82,5.91,5.69,15866,18931658.00,3.78,0.00,0.00,1.64
2021-01-14,5.78,5.87,5.92,5.73,12408,14917453.00,3.26,0.86,0.05,1.29
2021-01-15,5.80,5.90,5.93,5.80,5969,7237333.00,2.21,0.51,0.03,0.62
2021-01-18,5.92,5.97,5.99,5.90,7618,9326337.00,1.53,1.19,0.07,0.79
2021-01-19,5.96,5.99,6.03,5.93,8520,10509533.00,1.68,0.34,0.02,0.88
2021-01-20,6.03,6.14,6.18,5.90,13641,16959709.00,4.67,2.50,0.15,1.41
2021-01-21,6.22,6.16,6.42,6.16,20214,26002169.00,4.23,0.33,0.02,2.09
2021-01-22,6.10,5.93,6.14,5.90,14922,18364585.00,3.90,-3.73,-0.23,1.55
2021-01-25,5.93,5.87,6.00,5.78,10779,13081967.00,3.71,-1.01,-0.06,1.12
2021-01-26,5.87,5.88,5.92,5.80,4240,5131640.00,2.04,0.17,0.01,0.44
2021-01-27,5.88,5.82,5.89,5.80,4399,5286785.00,1.53,-1.02,-0.06,0.46
2021-01-28,5.83,5.77,5.85,5.63,9969,11773582.00,3.78,-0.86,-0.05,1.03
2021-01-29,5.92,5.74,5.92,5.69,4681,5556391.00,3.99,-0.52,-0.03,0.48
2021-02-01,5.72,5.70,5.82,5.68,8069,9503641.00,2.44,-0.70,-0.04,0.84
2021-02-02,5.76,5.86,5.86,5.69,11753,14071152.00,2.98,2.81,0.16,1.22
2021-02-03,5.86,5.90,5.97,5.77,8762,10575109.00,3.41,0.68,0.04,0.91
2021-02-04,5.83,5.74,5.91,5.66,7773,9251638.00,4.24,-2.71,-0.16,0.81
2021-02-05,5.74,5.65,5.80,5.64,5097,5997256.00,2.79,-1.57,-0.09,0.53
2021-02-08,5.75,5.35,5.75,5.18,16392,18015765.00,10.09,-5.31,-0.30,1.70
2021-02-09,5.37,5.34,5.43,5.26,8755,9589618.00,3.18,-0.19,-0.01,0.91
2021-02-10,5.37,5.40,5.45,5.32,7067,7855027.00,2.43,1.12,0.06,0.73
2021-02-18,5.43,5.52,5.61,5.43,7917,9027006.00,3.33,2.22,0.12,0.82
2021-02-19,5.50,5.72,5.73,5.50,8489,9843336.00,4.17,3.62,0.20,0.88
2021-02-22,5.73,5.79,5.92,5.73,12850,15467760.00,3.32,1.22,0.07,1.33
2021-02-23,5.79,5.64,5.83,5.62,15959,18744313.00,3.63,-2.59,-0.15,1.65
2021-02-24,5.64,5.71,5.75,5.64,10229,11998403.00,1.95,1.24,0.07,1.06
2021-02-25,5.72,5.71,5.74,5.64,6777,7960508.00,1.75,0.00,0.00,0.70
2021-02-26,5.68,5.92,5.97,5.63,11310,13614600.00,5.95,3.68,0.21,1.17
2021-03-01,5.92,5.91,5.95,5.83,10151,12315221.00,2.03,-0.17,-0.01,1.05
2021-03-02,5.91,5.84,5.94,5.84,6936,8386360.00,1.69,-1.18,-0.07,0.72
2021-03-03,5.84,5.89,5.90,5.80,6334,7636401.00,1.71,0.86,0.05,0.66
2021-03-04,5.88,5.91,5.91,5.81,6832,8257275.00,1.70,0.34,0.02,0.71
2021-03-05,5.89,5.92,5.95,5.85,7194,8766909.00,1.69,0.17,0.01,0.75
2021-03-08,5.94,5.79,5.94,5.79,11072,13418437.00,2.53,-2.20,-0.13,1.15
2021-03-09,5.75,5.66,5.80,5.53,10876,12680398.00,4.66,-2.25,-0.13,1.13
2021-03-10,5.60,5.74,5.80,5.60,7916,9287495.00,3.53,1.41,0.08,0.82
2021-03-11,5.78,5.76,5.78,5.68,4775,5635603.00,1.74,0.35,0.02,0.49
2021-03-12,5.74,5.83,5.86,5.70,8556,10224786.00,2.78,1.22,0.07,0.89
2021-03-15,6.30,5.98,6.30,5.96,36985,46315028.00,5.83,2.57,0.15,3.83
2021-03-16,5.82,5.92,5.96,5.82,15292,18573971.00,2.34,-1.00,-0.06,1.58
2021-03-17,5.92,5.99,6.04,5.92,10591,13072334.00,2.03,1.18,0.07,1.10
2021-03-18,5.99,6.02,6.05,5.88,9367,11605228.00,2.84,0.50,0.03,0.97
2021-03-19,5.96,6.15,6.21,5.93,18011,22731430.00,4.65,2.16,0.13,1.87
2021-03-22,6.18,6.11,6.24,6.04,14089,17710950.00,3.25,-0.65,-0.04,1.46
2021-03-23,6.10,6.14,6.19,6.07,10474,13210336.00,1.96,0.49,0.03,1.09
2021-03-24,6.14,6.04,6.15,6.01,6866,8569554.00,2.28,-1.63,-0.10,0.71
2021-03-25,5.99,6.00,6.07,5.98,4704,5831511.00,1.49,-0.66,-0.04,0.49
2021-03-26,6.02,6.01,6.04,5.98,6756,8359068.00,1.00,0.17,0.01,0.70
2021-03-29,6.00,6.00,6.06,5.96,10243,12665524.00,1.66,-0.17,-0.01,1.06
2021-03-30,6.00,5.96,6.00,5.92,7033,8617389.00,1.33,-0.67,-0.04,0.73
2021-03-31,5.96,6.11,6.25,5.95,11093,13914145.00,5.03,2.52,0.15,1.15
2021-04-01,6.11,6.17,6.18,6.05,12286,15495229.00,2.13,0.98,0.06,1.27
2021-04-02,6.17,6.39,6.50,6.17,46450,61001675.00,5.35,3.57,0.22,4.81
2021-04-06,6.43,6.65,6.70,6.35,35370,47856334.00,5.48,4.07,0.26,3.66
2021-04-07,6.62,6.58,6.71,6.52,19650,26643567.00,2.86,-1.05,-0.07,2.04
2021-04-08,6.53,6.68,6.75,6.50,23976,32815111.00,3.80,1.52,0.10,2.48
2021-04-09,6.66,6.91,7.02,6.64,35173,49572834.00,5.69,3.44,0.23,3.64
2021-04-12,7.22,6.70,7.22,6.59,34842,48395217.00,9.12,-3.04,-0.21,3.61
2021-04-13,6.62,6.66,6.77,6.61,14233,19585048.00,2.39,-0.60,-0.04,1.47
2021-04-14,6.60,6.72,6.77,6.56,12615,17352551.00,3.15,0.90,0.06,1.31
2021-04-15,6.63,6.80,6.85,6.63,15706,21863475.00,3.27,1.19,0.08,1.63
2021-04-16,6.83,7.13,7.13,6.79,27945,40364503.00,5.00,4.85,0.33,2.89
2021-04-19,7.11,7.01,7.28,7.00,21630,31582111.00,3.93,-1.68,-0.12,2.24
2021-04-20,7.03,7.09,7.20,6.97,14198,20756534.00,3.28,1.14,0.08,1.47
2021-04-21,7.13,7.15,7.20,7.06,10602,15536207.00,1.97,0.85,0.06,1.10
2021-04-22,7.22,7.03,7.22,6.98,14608,21155068.00,3.36,-1.68,-0.12,1.51
2021-04-23,6.98,6.91,7.07,6.91,12451,17837540.00,2.28,-1.71,-0.12,1.29
2021-04-26,6.91,6.86,7.05,6.86,13761,19671260.00,2.75,-0.72,-0.05,1.43
2021-04-27,6.90,6.96,6.98,6.76,10776,15230808.00,3.21,1.46,0.10,1.12
2021-04-28,6.95,6.89,7.02,6.76,15619,22117383.00,3.74,-1.01,-0.07,1.62
2021-04-29,6.91,6.83,6.96,6.81,8829,12465882.00,2.18,-0.87,-0.06,0.91
2021-04-30,7.06,6.91,7.06,6.72,11880,16635153.00,4.98,1.17,0.08,1.23
2021-05-06,6.87,6.62,6.87,6.61,11899,16397944.00,3.76,-4.20,-0.29,1.23
2021-05-07,6.62,6.69,6.89,6.51,11732,16183864.00,5.74,1.06,0.07,1.22
2021-05-10,6.75,6.70,6.81,6.63,7359,10177444.00,2.69,0.15,0.01,0.76
2021-05-11,6.71,6.78,6.79,6.65,5572,7717867.00,2.09,1.19,0.08,0.58
2021-05-12,6.75,6.61,6.78,6.49,10720,14561713.00,4.28,-2.51,-0.17,1.11
2021-05-13,6.58,6.78,6.99,6.55,18402,25783991.00,6.66,2.57,0.17,1.91
2021-05-14,6.78,6.99,7.01,6.73,19493,27784838.00,4.13,3.10,0.21,2.02
2021-05-17,7.01,6.69,7.08,6.64,24377,34251649.00,6.29,-4.29,-0.30,2.53
2021-05-18,6.68,6.97,6.99,6.65,24733,35014182.00,5.08,4.19,0.28,2.56
2021-05-19,6.97,6.87,6.98,6.84,12973,18397459.00,2.01,-1.43,-0.10,1.34
2021-05-20,6.87,6.96,7.02,6.86,13379,19042098.00,2.33,1.31,0.09,1.39
2021-05-21,6.96,7.17,7.27,6.96,31935,46949786.00,4.45,3.02,0.21,3.31
2021-05-24,7.17,6.92,7.17,6.88,30343,43427776.00,4.04,-3.49,-0.25,3.14
2021-05-25,6.85,6.85,6.96,6.77,16195,22785873.00,2.75,-1.01,-0.07,1.68
2021-05-26,6.80,6.90,6.92,6.76,9844,13866475.00,2.34,0.73,0.05,1.02
2021-05-27,6.90,6.89,6.94,6.84,9856,13989700.00,1.45,-0.14,-0.01,1.02
2021-05-28,6.88,6.72,6.91,6.67,13905,19348043.00,3.48,-2.47,-0.17,1.44
2021-05-31,6.74,7.03,7.05,6.73,19757,28176025.00,4.76,4.61,0.31,2.05
2021-06-01,7.01,7.03,7.11,6.97,14130,20409446.00,1.99,0.00,0.00,1.46
2021-06-02,7.00,7.02,7.05,6.92,12215,17567553.00,1.85,-0.14,-0.01,1.27
2021-06-03,7.11,7.28,7.57,6.88,50129,74451899.00,9.83,3.70,0.26,5.96
2021-06-04,7.22,7.09,7.38,7.01,24332,35805254.00,5.08,-2.61,-0.19,2.89
2021-06-07,7.06,7.11,7.14,7.03,12849,18698036.00,1.55,0.28,0.02,1.53
2021-06-08,7.01,7.02,7.11,7.00,14048,20289390.00,1.55,-1.27,-0.09,1.67
2021-06-09,7.01,7.12,7.23,6.89,24048,24071351.00,4.84,1.42,0.10,1.97
2021-06-10,7.12,7.31,7.38,7.08,34170,35131515.00,4.21,2.67,0.19,2.80
2021-06-11,7.37,7.41,7.44,7.24,31768,33054366.00,2.74,1.37,0.10,2.61
2021-06-15,7.49,7.34,7.49,7.24,26213,27203682.00,3.37,-0.94,-0.07,2.15
2021-06-16,7.45,7.21,7.46,7.13,18954,19458259.00,4.50,-1.77,-0.13,1.55
2021-06-17,7.23,7.16,7.30,7.14,14857,15085200.00,2.22,-0.69,-0.05,1.22
2021-06-18,7.15,7.43,7.43,7.09,19868,20465937.00,4.75,3.77,0.27,1.63
2021-06-21,7.41,7.47,7.50,7.30,22627,23766464.00,2.69,0.54,0.04,1.86
2021-06-22,7.39,7.39,7.49,7.34,16701,17437768.00,2.01,-1.07,-0.08,1.37
2021-06-23,7.39,7.36,7.44,7.30,10261,10671039.00,1.89,-0.41,-0.03,0.84
2021-06-24,7.31,7.26,7.36,7.19,15532,15879292.00,2.31,-1.36,-0.10,1.27
2021-06-25,7.24,7.31,7.35,7.19,9157,9405198.00,2.20,0.69,0.05,0.75
2021-06-28,7.23,7.62,7.64,7.23,40417,42837919.00,5.61,4.24,0.31,3.31
2021-06-29,7.61,7.72,7.77,7.51,42975,46507362.00,3.41,1.31,0.10,3.52
2021-06-30,7.71,7.66,7.71,7.53,22065,23687377.00,2.33,-0.78,-0.06,1.81
2021-07-01,7.69,7.71,8.08,7.59,83619,92630588.00,6.40,0.65,0.05,6.86
2021-07-02,7.71,7.92,8.00,7.62,65050,71981773.00,4.93,2.72,0.21,5.33
2021-07-05,7.99,7.92,7.99,7.76,39680,43976465.00,2.90,0.00,0.00,3.25
2021-07-06,7.87,7.93,8.04,7.81,32012,35732784.00,2.90,0.13,0.01,2.63
2021-07-07,7.89,8.30,8.33,7.88,66997,77008846.00,5.67,4.67,0.37,5.49
2021-07-08,8.37,7.84,8.43,7.81,92224,104596295.00,7.47,-5.54,-0.46,7.56
2021-07-09,7.69,8.04,8.14,7.68,48451,54300325.00,5.87,2.55,0.20,3.97
2021-07-12,8.08,8.07,8.17,7.94,45627,51804642.00,2.86,0.37,0.03,3.74
2021-07-13,8.19,8.06,8.20,7.99,23583,26818905.00,2.60,-0.12,-0.01,1.93
2021-07-14,8.14,7.93,8.14,7.91,32156,36173676.00,2.85,-1.61,-0.13,2.64
2021-07-15,7.92,7.74,7.94,7.71,36110,39682887.00,2.90,-2.40,-0.19,2.96
2021-07-16,7.79,8.06,8.20,7.79,46343,52645917.00,5.30,4.13,0.32,3.80
2021-07-19,8.01,7.95,8.11,7.88,23643,26671207.00,2.85,-1.36,-0.11,1.94
2021-07-20,7.88,7.90,7.95,7.76,21650,23922076.00,2.39,-0.63,-0.05,1.78
2021-07-21,7.94,8.10,8.16,7.90,36177,41208663.00,3.29,2.53,0.20,2.97
2021-07-22,8.13,7.93,8.14,7.89,31553,35339267.00,3.09,-2.10,-0.17,2.59
2021-07-23,7.94,8.26,8.32,7.81,95697,109251831.00,6.43,4.16,0.33,7.85
2021-07-26,8.20,8.02,8.29,7.94,46159,52699448.00,4.24,-2.91,-0.24,3.79
2021-07-27,7.95,7.81,8.15,7.81,32905,36959326.00,4.24,-2.62,-0.21,2.70
2021-07-28,7.81,7.91,8.08,7.14,61285,67395155.00,12.04,1.28,0.10,5.03
2021-07-29,7.99,7.47,8.01,7.40,58485,63097898.00,7.71,-5.56,-0.44,4.80
2021-07-30,7.47,7.39,7.51,7.24,32259,33609936.00,3.61,-1.07,-0.08,2.65
2021-08-02,7.36,7.62,7.65,7.30,31254,33108759.00,4.74,3.11,0.23,2.56
2021-08-03,7.64,7.63,7.72,7.49,24977,26842932.00,3.02,0.13,0.01,2.05
2021-08-04,7.59,7.67,7.73,7.54,17910,19284130.00,2.49,0.52,0.04,1.47
2021-08-05,7.59,7.51,7.67,7.51,15178,16161391.00,2.09,-2.09,-0.16,1.24
2021-08-06,7.46,7.53,7.66,7.39,20780,22080516.00,3.60,0.27,0.02,1.70
2021-08-09,7.59,7.51,7.59,7.48,13461,14282769.00,1.46,-0.27,-0.02,1.10
2021-08-10,7.48,7.51,7.64,7.39,17621,18706180.00,3.33,0.00,0.00,1.44
2021-08-11,7.46,7.46,7.51,7.44,15918,16775148.00,0.93,-0.67,-0.05,1.31
2021-08-12,7.44,7.57,7.60,7.43,11722,12480209.00,2.28,1.47,0.11,0.96
2021-08-13,7.61,7.76,7.90,7.50,28687,31186285.00,5.28,2.51,0.19,2.35
2021-08-16,7.81,7.75,7.84,7.69,16593,18153527.00,1.93,-0.13,-0.01,1.36
2021-08-17,7.66,7.57,7.73,7.49,15696,16786579.00,3.10,-2.32,-0.18,1.29
2021-08-18,7.51,7.54,7.61,7.47,12127,12876678.00,1.85,-0.40,-0.03,0.99
2021-08-19,7.58,7.40,7.61,7.39,12768,13425934.00,2.92,-1.86,-0.14,1.05
2021-08-20,7.40,7.21,7.47,7.13,18541,18900698.00,4.59,-2.57,-0.19,1.52
2021-08-23,7.21,7.40,7.45,7.21,13518,14053010.00,3.33,2.64,0.19,1.11
2021-08-24,7.37,7.34,7.47,7.30,11810,12269229.00,2.30,-0.81,-0.06,0.97
2021-08-25,7.35,7.44,7.48,7.29,10437,10915748.00,2.59,1.36,0.10,0.86
2021-08-26,7.60,7.35,7.66,7.32,23020,24245209.00,4.57,-1.21,-0.09,1.89
2021-08-27,7.35,7.36,7.38,7.30,11454,11852719.00,1.09,0.14,0.01,0.94
2021-08-30,7.36,7.21,7.37,7.13,23316,23781212.00,3.26,-2.04,-0.15,1.91
2021-08-31,7.16,7.19,7.25,7.10,17208,17374863.00,2.08,-0.28,-0.02,1.41
2021-09-01,7.25,7.04,7.25,7.01,22200,22150827.00,3.34,-2.09,-0.15,1.82
2021-09-02,7.06,7.08,7.14,7.00,16702,16651951.00,1.99,0.57,0.04,1.37
2021-09-03,7.11,7.15,7.21,7.08,9251,9332180.00,1.84,0.99,0.07,0.76
2021-09-06,7.21,7.39,7.46,7.08,33014,33963920.00,5.31,3.36,0.24,2.71
2021-09-07,7.41,7.43,7.46,7.34,18590,19419965.00,1.62,0.54,0.04,1.52
2021-09-08,7.43,7.44,7.48,7.35,13541,14191609.00,1.75,0.13,0.01,1.11
2021-09-09,7.44,7.47,7.55,7.39,14729,15532759.00,2.15,0.40,0.03,1.21
2021-09-10,7.48,7.36,7.54,7.36,12447,13033252.00,2.41,-1.47,-0.11,1.02
2021-09-13,7.36,7.65,7.70,7.31,44792,47239326.00,5.30,3.94,0.29,3.67
2021-09-14,7.65,7.69,7.75,7.50,34205,36947135.00,3.27,0.52,0.04,2.80
2021-09-15,7.71,7.45,7.74,7.37,30531,32262269.00,4.81,-3.12,-0.24,2.50
2021-09-16,7.46,7.24,7.51,7.24,33933,35377073.00,3.62,-2.82,-0.21,2.78
2021-09-17,7.30,7.46,7.55,7.30,26832,28102469.00,3.45,3.04,0.22,2.20
2021-09-22,7.41,7.54,7.58,7.36,23449,24882708.00,2.95,1.07,0.08,1.92
2021-09-23,7.67,7.46,7.68,7.42,21708,22900670.00,3.45,-1.06,-0.08,1.78
2021-09-24,7.47,7.31,7.54,7.28,23478,24360038.00,3.49,-2.01,-0.15,1.93
2021-09-27,7.28,7.12,7.33,7.07,29168,29406500.00,3.56,-2.60,-0.19,2.39
2021-09-28,7.12,7.05,7.17,7.02,15410,15351273.00,2.11,-0.98,-0.07,1.26
2021-09-29,7.01,6.69,7.05,6.67,27861,26771390.00,5.39,-5.11,-0.36,2.28
2021-09-30,6.70,7.37,7.37,6.66,50376,51127255.00,10.61,10.16,0.68,4.13
2021-10-08,7.41,7.53,7.69,7.24,61798,65149943.00,6.11,2.17,0.16,5.07
2021-10-11,7.29,6.94,7.37,6.87,97188,96787820.00,6.64,-7.84,-0.59,7.97
2021-10-12,6.89,6.81,6.94,6.70,46258,44404418.00,3.46,-1.87,-0.13,3.79
2021-10-13,6.81,6.93,6.96,6.74,25910,25193257.00,3.23,1.76,0.12,2.12
2021-10-14,6.91,6.92,7.04,6.82,18723,18295191.00,3.17,-0.14,-0.01,1.54
2021-10-15,6.92,6.79,6.92,6.74,18942,18239837.00,2.60,-1.88,-0.13,1.55
2021-10-18,6.79,6.80,6.92,6.72,17804,17143520.00,2.95,0.15,0.01,1.46
2021-10-19,6.79,6.71,6.87,6.71,26072,24962874.00,2.35,-1.32,-0.09,2.14
2021-10-20,6.71,6.51,6.74,6.49,28156,26078267.00,3.73,-2.98,-0.20,2.31
2021-10-21,6.45,6.49,6.58,6.45,11930,10931424.00,2.00,-0.31,-0.02,0.98
2021-10-22,6.49,6.20,6.49,6.20,31050,27637040.00,4.47,-4.47,-0.29,2.55
2021-10-25,6.20,6.21,6.27,6.12,13234,11605058.00,2.42,0.16,0.01,1.09
2021-10-26,6.23,6.22,6.27,6.14,14824,12991174.00,2.09,0.16,0.01,1.22
2021-10-27,6.19,5.97,6.19,5.96,23244,19803967.00,3.70,-4.02,-0.25,1.91
2021-10-28,5.97,6.11,6.19,5.96,15994,13757473.00,3.85,2.35,0.14,1.31
2021-10-29,6.26,6.15,6.26,6.04,11557,10019460.00,3.60,0.65,0.04,0.95
2021-11-01,6.26,6.29,6.37,6.13,17360,15330477.00,3.90,2.28,0.14,1.42
2021-11-02,6.30,6.26,6.37,6.19,13875,12319401.00,2.86,-0.48,-0.03,1.14
2021-11-03,6.27,6.30,6.43,6.27,9434,8406092.00,2.56,0.64,0.04,0.77
2021-11-04,6.30,6.39,6.41,6.28,13103,11739956.00,2.06,1.43,0.09,1.07
2021-11-05,6.39,6.62,6.69,6.29,40527,37662890.00,6.26,3.60,0.23,3.32
2021-11-08,6.59,6.53,6.65,6.52,14178,13140874.00,1.96,-1.36,-0.09,1.16
2021-11-09,6.59,6.55,6.61,6.51,11006,10188555.00,1.53,0.31,0.02,0.90
2021-11-10,6.55,6.63,6.65,6.52,15043,14000423.00,1.98,1.22,0.08,1.23
2021-11-11,6.61,6.70,6.89,6.60,24666,23386530.00,4.37,1.06,0.07,2.02
2021-11-12,6.72,6.84,6.91,6.65,26617,25569949.00,3.88,2.09,0.14,2.18
2021-11-15,6.80,6.91,6.99,6.79,22013,21520834.00,2.92,1.02,0.07,1.81
2021-11-16,6.91,6.86,6.97,6.83,23424,22734612.00,2.03,-0.72,-0.05,1.92
2021-11-17,6.85,6.89,6.98,6.81,31743,30894681.00,2.48,0.44,0.03,2.60
2021-11-18,6.90,6.89,7.03,6.86,17042,16707568.00,2.47,0.00,0.00,1.40
2021-11-19,6.87,6.94,6.99,6.86,18984,18547039.00,1.89,0.73,0.05,1.56
2021-11-22,6.96,6.98,7.01,6.91,14108,13837988.00,1.44,0.58,0.04,1.16
2021-11-23,6.98,6.96,6.99,6.89,13364,13093993.00,1.43,-0.29,-0.02,1.10
2021-11-24,6.96,6.94,6.99,6.89,13259,12974196.00,1.44,-0.29,-0.02,1.09
2021-11-25,6.95,7.01,7.08,6.89,22240,21982867.00,2.74,1.01,0.07,1.82
2021-11-26,6.97,6.96,7.04,6.91,14403,14141150.00,1.85,-0.71,-0.05,1.18
2021-11-29,6.99,6.83,7.04,6.82,13069,12678323.00,3.16,-1.87,-0.13,1.07
2021-11-30,6.84,6.95,6.97,6.79,19958,19458881.00,2.64,1.76,0.12,1.64
2021-12-01,6.92,6.98,6.99,6.88,10836,10638908.00,1.58,0.43,0.03,0.89
2021-12-02,7.01,6.90,7.01,6.89,7958,7780007.00,1.72,-1.15,-0.08,0.65
2021-12-03,6.90,6.86,6.96,6.86,10363,10076089.00,1.45,-0.58,-0.04,0.85
2021-12-06,6.86,6.69,6.91,6.69,13361,12808353.00,3.21,-2.48,-0.17,1.10
2021-12-07,6.69,6.63,6.78,6.54,18059,16930648.00,3.59,-0.90,-0.06,1.48
2021-12-08,6.63,6.65,6.69,6.55,12567,11740616.00,2.11,0.30,0.02,1.03
2021-12-09,6.65,6.70,6.75,6.63,12154,11501578.00,1.80,0.75,0.05,1.00
2021-12-10,6.70,6.82,6.86,6.66,18963,18201555.00,2.99,1.79,0.12,1.56
2021-12-13,6.77,6.77,6.89,6.76,13049,12520359.00,1.91,-0.73,-0.05,1.07
2021-12-14,6.75,6.82,6.84,6.73,10228,9797966.00,1.62,0.74,0.05,0.84
2021-12-15,6.86,6.81,6.87,6.71,12275,11793003.00,2.35,-0.15,-0.01,1.01
2021-12-16,6.81,6.86,6.90,6.76,11901,11502770.00,2.06,0.73,0.05,0.98
2021-12-17,6.86,6.96,7.00,6.76,22181,21539826.00,3.50,1.46,0.10,1.82
2021-12-20,6.94,7.35,7.44,6.91,82156,84878983.00,7.61,5.60,0.39,6.74
2021-12-21,7.36,7.36,7.39,7.18,40720,41916086.00,2.86,0.14,0.01,3.34
2021-12-22,7.36,7.62,7.64,7.34,59909,63642366.00,4.08,3.53,0.26,4.91
2021-12-23,7.64,7.97,8.36,7.56,134119,150908350.00,10.50,4.59,0.35,11.00
2021-12-24,8.03,8.13,8.27,7.91,80811,92671529.00,4.52,2.01,0.16,6.63
2021-12-27,8.10,7.84,8.26,7.72,120387,135433970.00,6.64,-3.57,-0.29,9.87
2021-12-28,7.94,8.34,8.41,7.86,151197,175084592.00,7.02,6.38,0.50,12.40
2021-12-29,8.26,8.44,8.48,8.11,94601,111351542.00,4.44,1.20,0.10,7.76
2021-12-30,8.44,8.33,8.51,8.19,93442,110352553.00,3.79,-1.30,-0.11,7.66
2021-12-31,8.48,8.56,8.81,8.36,97655,117688961.00,5.40,2.76,0.23,4.71