2023-01-03,8.92,9.17,9.19,8.90,78776,71759123.16,3.24,2.34,0.21,2.72
2023-01-04,9.18,8.96,9.20,8.90,108977,98013452.00,3.27,-2.29,-0.21,3.76
2023-01-05,8.96,8.95,9.02,8.85,67556,60457077.37,1.90,-0.11,-0.01,2.33
2023-01-06,8.95,8.78,8.98,8.75,81777,72204258.88,2.57,-1.90,-0.17,2.82
2023-01-09,8.81,8.85,8.93,8.79,51280,45399936.62,1.59,0.80,0.07,1.77
2023-01-10,8.85,8.80,8.90,8.77,40693,35901841.90,1.47,-0.56,-0.05,1.40
2023-01-11,8.88,8.78,8.95,8.77,72373,64143367.42,2.05,-0.23,-0.02,2.50
2023-01-12,8.78,8.66,8.85,8.65,57958,50568693.00,2.28,-1.37,-0.12,2.00
2023-01-13,8.72,8.74,8.82,8.66,46121,40271322.00,1.85,0.92,0.08,1.59
2023-01-16,8.76,8.90,8.95,8.74,58783,52220265.32,2.40,1.83,0.16,2.03
2023-01-17,8.92,8.79,8.93,8.75,46075,40600865.00,2.02,-1.24,-0.11,1.59
2023-01-18,8.78,8.77,8.82,8.71,36564,32102039.18,1.25,-0.23,-0.02,1.26
2023-01-19,8.78,8.83,8.90,8.73,41660,36830264.71,1.94,0.68,0.06,1.44
2023-01-20,8.88,8.99,9.00,8.84,58440,52222341.52,1.81,1.81,0.16,2.01
2023-01-30,9.02,9.12,9.21,9.01,76100,69334717.19,2.22,1.45,0.13,2.62
2023-01-31,9.15,9.07,9.15,8.97,49902,45158698.40,1.97,-0.55,-0.05,1.72
2023-02-01,9.10,9.16,9.19,9.04,72266,65836223.78,1.65,0.99,0.09,2.49
2023-02-02,9.18,9.29,9.31,9.13,69227,63950862.81,1.97,1.42,0.13,2.39
2023-02-03,9.30,9.26,9.37,9.16,62628,57939090.80,2.26,-0.32,-0.03,2.16
2023-02-06,9.19,9.16,9.33,9.15,47619,43917841.26,1.94,-1.08,-0.10,1.64
2023-02-07,9.19,9.17,9.21,9.06,52493,47899596.33,1.64,0.11,0.01,1.81
2023-02-08,9.18,9.13,9.19,9.11,37148,33987730.95,0.87,-0.44,-0.04,1.28
2023-02-09,9.15,9.18,9.19,9.08,42365,38734816.27,1.20,0.55,0.05,1.46
2023-02-10,9.20,9.14,9.25,9.10,40687,37328275.97,1.63,-0.44,-0.04,1.40
2023-02-13,9.12,9.30,9.32,9.11,69311,64162501.58,2.30,1.75,0.16,2.39
2023-02-14,9.30,9.38,9.42,9.28,67563,63117419.34,1.51,0.86,0.08,2.33
2023-02-15,9.40,9.39,9.48,9.34,61770,58102854.23,1.49,0.11,0.01,2.13
2023-02-16,9.39,9.24,9.55,9.12,88893,83462717.03,4.58,-1.60,-0.15,3.06
2023-02-17,9.24,9.38,9.45,9.21,93920,87896478.80,2.60,1.52,0.14,3.24
2023-02-20,9.50,9.40,9.50,9.15,94489,87776362.07,3.73,0.21,0.02,3.26
2023-02-21,9.39,9.44,9.52,9.36,70304,66350029.48,1.70,0.43,0.04,2.42
2023-02-22,9.37,9.40,9.48,9.34,49826,46904722.20,1.48,-0.42,-0.04,1.72
2023-02-23,9.38,9.29,9.42,9.26,48934,45654950.88,1.70,-1.17,-0.11,1.69
2023-02-24,9.30,9.23,9.34,9.16,37882,34948627.70,1.94,-0.65,-0.06,1.31
2023-02-27,9.20,9.03,9.25,9.00,52523,47757930.91,2.71,-2.17,-0.20,1.81
2023-02-28,9.01,9.30,9.30,9.00,60984,56124498.35,3.32,2.99,0.27,2.10
2023-03-01,9.36,9.41,9.44,9.21,71475,66632839.92,2.47,1.18,0.11,2.46
2023-03-02,9.40,9.24,9.42,9.21,46833,43457969.70,2.23,-1.81,-0.17,1.61
2023-03-03,9.24,9.20,9.29,9.16,31766,29250177.97,1.41,-0.43,-0.04,1.10
2023-03-06,9.21,9.14,9.23,9.09,35418,32424666.80,1.52,-0.65,-0.06,1.22
2023-03-07,9.15,8.92,9.20,8.91,54716,49398696.58,3.17,-2.41,-0.22,1.89
2023-03-08,8.92,8.92,8.98,8.85,28424,25329972.10,1.46,0.00,0.00,0.98