2001-01-02,8.45,8.62,8.66,8.45,4833,6226487.00,2.49,2.25,0.19,0.61
2001-01-03,8.68,8.83,8.89,8.43,10412,13573576.00,5.34,2.44,0.21,1.32
2001-01-04,8.86,8.66,8.87,8.63,8547,11229658.00,2.72,-1.93,-0.17,1.08
2001-01-05,8.66,8.63,8.75,8.58,6428,8347690.50,1.96,-0.35,-0.03,0.81
2001-01-08,8.63,8.48,8.63,8.43,8440,10798862.00,2.32,-1.74,-0.15,1.07
2001-01-09,8.43,8.43,8.55,8.36,4363,5543277.50,2.24,-0.59,-0.05,0.55
2001-01-10,8.40,8.49,8.57,8.30,6540,8324415.00,3.20,0.71,0.06,0.83
2001-01-11,8.48,8.44,8.56,8.36,9319,11828797.00,2.36,-0.59,-0.05,1.18
2001-01-12,8.43,8.43,8.51,8.33,5976,7544817.00,2.13,-0.12,-0.01,0.76
2001-01-15,8.31,7.81,8.31,7.73,12675,15448835.00,6.88,-7.35,-0.62,1.60
2001-01-16,7.81,7.73,7.91,7.58,7684,8993011.00,4.23,-1.02,-0.08,0.97
2001-01-17,7.73,7.66,7.83,7.37,8178,9439648.00,5.95,-0.91,-0.07,1.03
2001-01-18,7.73,7.79,7.86,7.63,4897,5739795.50,3.00,1.70,0.13,0.62
2001-01-19,7.80,7.96,8.08,7.80,6027,7244060.00,3.59,2.18,0.17,0.76
2001-02-05,7.96,7.68,8.02,7.63,3356,3989513.50,4.90,-3.52,-0.28,0.42
2001-02-06,7.64,7.55,7.65,7.32,5058,5739813.50,4.30,-1.69,-0.13,0.64
2001-02-07,7.58,7.43,7.73,7.37,2900,3298103.00,4.77,-1.59,-0.12,0.37
2001-02-08,7.48,7.22,7.48,7.18,8326,9210767.00,4.04,-2.83,-0.21,1.05
2001-02-09,7.21,7.26,7.33,7.21,7282,8044992.00,1.66,0.55,0.04,0.92
2001-02-12,7.28,7.21,7.28,6.95,3813,4147987.00,4.55,-0.69,-0.05,0.48
2001-02-13,7.03,7.18,7.26,7.03,3315,3638782.75,3.19,-0.42,-0.03,0.42
2001-02-14,7.16,7.11,7.36,7.08,4222,4638919.00,3.90,-0.97,-0.07,0.53
2001-02-15,7.11,7.08,7.31,7.01,3546,3844626.50,4.22,-0.42,-0.03,0.45
2001-02-16,7.01,7.23,7.26,6.98,1682,1813659.00,3.95,2.12,0.15,0.21
2001-02-19,7.37,7.36,7.39,7.19,2427,2695045.25,2.77,1.80,0.13,0.31
2001-02-20,7.36,7.53,7.57,7.36,5380,6087514.50,2.85,2.31,0.17,0.68
2001-02-21,7.44,7.25,7.54,7.21,3984,4430797.00,4.38,-3.72,-0.28,0.50
2001-02-22,7.22,7.23,7.32,7.10,1821,2011046.00,3.03,-0.28,-0.02,0.23
2001-02-23,7.37,7.33,7.37,7.19,2172,2397151.25,2.49,1.38,0.10,0.27
2001-02-26,7.41,7.48,7.49,7.36,2321,2617941.50,1.77,2.05,0.15,0.29
2001-02-27,7.49,7.50,7.52,7.38,2185,2477654.50,1.87,0.27,0.02,0.28
2001-02-28,7.58,7.56,7.58,7.48,1638,1872100.88,1.33,0.80,0.06,0.21
2001-03-01,7.68,7.91,7.93,7.50,9535,11164196.00,5.69,4.63,0.35,1.21
2001-03-02,7.93,7.95,8.14,7.93,16092,19480042.00,2.65,0.51,0.04,2.04
2001-03-05,7.95,7.83,7.95,7.78,4330,5148935.50,2.14,-1.51,-0.12,0.55
2001-03-06,7.83,7.85,7.89,7.76,4214,4991399.00,1.66,0.26,0.02,0.53
2001-03-07,7.87,7.80,7.94,7.78,3229,3837601.00,2.04,-0.64,-0.05,0.41
2001-03-08,7.80,7.80,7.80,7.73,1948,2291639.75,0.90,0.00,0.00,0.25
2001-03-09,7.76,7.63,7.86,7.60,4009,4676862.00,3.33,-2.18,-0.17,0.51
2001-03-12,7.63,7.91,7.94,7.55,4755,5523695.00,5.11,3.67,0.28,0.60
2001-03-13,7.84,7.68,7.93,7.66,5640,6594902.00,3.41,-2.91,-0.23,0.71
2001-03-14,7.67,7.80,7.86,7.66,3312,3908258.75,2.60,1.56,0.12,0.42
2001-03-15,7.77,8.06,8.08,7.75,6464,7744991.00,4.23,3.33,0.26,0.82
2001-03-16,8.08,8.39,8.55,8.08,62939,79479104.00,5.83,4.09,0.33,7.96
2001-03-19,8.70,9.28,9.29,8.69,146503,199130416.00,7.15,10.61,0.89,18.53
2001-03-20,9.37,9.57,9.58,9.16,89192,124403384.00,4.53,3.13,0.29,11.28
2001-03-21,9.51,9.29,9.51,9.23,46138,64652164.00,2.93,-2.93,-0.28,5.84
2001-03-22,9.23,9.05,9.26,8.98,60074,81737224.00,3.01,-2.58,-0.24,7.60
2001-03-23,9.03,9.18,9.33,9.00,37296,51202840.00,3.65,1.44,0.13,4.72
2001-03-26,9.08,9.20,9.23,8.95,23387,31846192.00,3.05,0.22,0.02,2.96
2001-03-27,9.20,9.13,9.28,9.05,15377,21009316.00,2.50,-0.76,-0.07,1.94
2001-03-28,9.13,9.60,9.78,9.06,45962,65329144.00,7.89,5.15,0.47,5.81
2001-03-29,9.60,9.43,9.66,9.38,21633,30662562.00,2.92,-1.77,-0.17,2.74
2001-03-30,9.41,9.33,9.48,9.26,12785,17843098.00,2.33,-1.06,-0.10,1.62
2001-04-02,9.33,9.36,9.48,9.23,14152,19694016.00,2.68,0.32,0.03,1.79
2001-04-03,9.37,9.18,9.41,9.05,10797,14848465.00,3.85,-1.92,-0.18,1.37
2001-04-04,9.16,8.93,9.23,8.91,13031,17689824.00,3.49,-2.72,-0.25,1.65
2001-04-05,8.93,9.12,9.12,8.83,12358,16584569.00,3.25,2.13,0.19,1.56
2001-04-06,9.16,9.13,9.23,8.98,7390,10064852.00,2.74,0.11,0.01,0.93
2001-04-09,9.14,9.21,9.23,8.87,11092,14981369.00,3.94,0.88,0.08,1.40
2001-04-10,9.23,9.48,9.49,9.16,17972,25129980.00,3.58,2.93,0.27,2.27
2001-04-11,9.46,9.27,9.46,9.26,10152,14152539.00,2.11,-2.22,-0.21,1.28
2001-04-12,9.23,9.05,9.32,9.01,21339,28986746.00,3.34,-2.37,-0.22,2.70
2001-04-13,9.08,9.15,9.27,9.08,7747,10624939.00,2.10,1.10,0.10,0.98
2001-04-16,9.19,9.09,9.23,9.01,13884,18906642.00,2.40,-0.66,-0.06,1.76
2001-04-17,9.06,9.01,9.16,8.98,14817,20013482.00,1.98,-0.88,-0.08,1.87
2001-04-18,9.03,9.06,9.21,8.94,10009,13569863.00,3.00,0.55,0.05,1.27
2001-04-19,9.07,9.02,9.14,8.94,7808,10537260.00,2.21,-0.44,-0.04,0.99
2001-04-20,9.02,8.76,9.05,8.73,20957,27755530.00,3.55,-2.88,-0.26,2.65
2001-04-23,8.66,8.52,8.78,8.45,15234,19602098.00,3.77,-2.74,-0.24,1.93
2001-04-24,8.53,8.90,8.94,8.51,10644,13877272.00,5.05,4.46,0.38,1.35
2001-04-25,8.94,8.63,9.00,8.58,7550,9914845.00,4.72,-3.03,-0.27,0.95
2001-04-26,8.59,8.58,8.71,8.55,5421,7034840.00,1.85,-0.58,-0.05,0.69
2001-04-27,8.58,8.62,8.69,8.58,3283,4258298.50,1.28,0.47,0.04,0.42
2001-04-30,8.61,8.58,8.62,8.50,3429,4408559.50,1.39,-0.46,-0.04,0.43
2001-05-08,8.48,8.65,8.66,8.48,2087,2696043.00,2.10,0.82,0.07,0.26
2001-05-09,8.66,8.84,8.89,8.66,4474,5894854.00,2.66,2.20,0.19,0.57
2001-05-10,8.87,8.76,8.92,8.73,3714,4918265.50,2.15,-0.90,-0.08,0.47
2001-05-11,9.01,8.91,9.01,8.81,2225,2964181.50,2.28,1.71,0.15,0.28
2001-05-14,8.94,8.95,8.98,8.81,5753,7678994.50,1.91,0.45,0.04,0.73
2001-05-15,8.96,9.13,9.16,8.87,10440,14128056.00,3.24,2.01,0.18,1.32
2001-05-16,9.16,9.09,9.20,9.03,6488,8836747.00,1.86,-0.44,-0.04,0.82
2001-05-17,9.07,8.87,9.09,8.86,6332,8489625.00,2.53,-2.42,-0.22,0.80
2001-05-18,8.86,8.86,8.91,8.78,5903,7821596.00,1.47,-0.11,-0.01,0.75
2001-05-21,8.87,9.16,9.20,8.87,11281,15394212.00,3.72,3.39,0.30,1.43
2001-05-22,9.16,9.02,9.19,8.98,5633,7645879.00,2.29,-1.53,-0.14,0.71
2001-05-23,9.01,8.93,9.15,8.87,6093,8204363.50,3.10,-1.00,-0.09,0.77
2001-05-24,8.91,8.94,9.01,8.81,4909,6574246.00,2.24,0.11,0.01,0.62
2001-05-25,9.07,8.86,9.08,8.81,5112,6812341.50,3.02,-0.89,-0.08,0.65
2001-05-28,8.66,8.71,8.96,8.66,5104,6680339.00,3.39,-1.69,-0.15,0.65
2001-05-29,8.66,8.73,8.80,8.66,3319,4346889.00,1.61,0.23,0.02,0.42
2001-05-30,8.73,8.99,9.07,8.72,4691,6286391.00,4.01,2.98,0.26,0.59
2001-05-31,9.01,9.04,9.08,8.87,6334,8524069.00,2.34,0.56,0.05,0.80
2001-06-01,9.06,9.18,9.19,8.98,14607,19987510.00,2.32,1.55,0.14,1.85
2001-06-04,9.23,9.36,9.51,9.21,24166,33866472.00,3.27,1.96,0.18,3.06
2001-06-05,9.36,9.37,9.43,9.27,11879,16602975.00,1.71,0.11,0.01,1.50
2001-06-06,9.37,9.21,9.37,9.19,7435,10268713.00,1.92,-1.71,-0.16,0.94
2001-06-07,9.21,9.25,9.43,9.20,7658,10655246.00,2.50,0.43,0.04,0.97
2001-06-08,9.23,9.16,9.26,9.11,6591,9043588.00,1.62,-0.97,-0.09,0.83
2001-06-12,9.14,9.23,9.28,9.14,6650,9169533.00,1.53,0.76,0.07,0.84
2001-06-13,9.28,9.43,9.51,9.23,15014,21089564.00,3.03,2.17,0.20,1.90
2001-06-14,9.44,9.09,9.50,9.07,10618,14694017.00,4.56,-3.61,-0.34,1.34
2001-06-15,9.07,9.16,9.22,9.01,6049,8237255.00,2.31,0.77,0.07,0.77
2001-06-18,9.17,9.19,9.37,9.09,8227,11351077.00,3.06,0.33,0.03,1.04
2001-06-19,9.19,9.28,9.30,9.12,6256,8643934.00,1.96,0.98,0.09,0.79
2001-06-20,9.30,9.63,9.72,9.29,48091,68781104.00,4.63,3.77,0.35,6.08
2001-06-21,9.66,9.71,9.73,9.54,21742,31305256.00,1.97,0.83,0.08,2.75
2001-06-22,9.75,9.90,9.93,9.58,30397,44094508.00,3.60,1.96,0.19,3.84
2001-06-25,9.94,9.86,10.01,9.83,22841,33738364.00,1.82,-0.40,-0.04,2.89
2001-06-26,9.89,9.97,10.05,9.68,22173,32623728.00,3.75,1.12,0.11,2.80
2001-06-27,10.07,9.98,10.37,9.96,41071,62046416.00,4.11,0.10,0.01,5.19
2001-06-28,9.98,9.83,10.05,9.80,15785,23195234.00,2.51,-1.50,-0.15,2.00
2001-06-29,9.83,9.75,9.87,9.69,11183,16271404.00,1.83,-0.81,-0.08,1.41
2001-07-02,9.75,9.51,9.83,9.47,11308,16192571.00,3.69,-2.46,-0.24,1.43
2001-07-03,9.48,9.62,9.68,9.44,7890,11216786.00,2.52,1.16,0.11,1.00
2001-07-04,9.65,9.53,9.69,9.52,4799,6870502.00,1.77,-0.94,-0.09,0.61
2001-07-05,9.51,9.29,9.56,9.21,11244,15736982.00,3.67,-2.52,-0.24,1.42
2001-07-06,9.31,9.16,9.31,9.09,8676,11926364.00,2.37,-1.40,-0.13,1.10
2001-07-09,9.12,9.23,9.33,9.03,5303,7254982.50,3.28,0.76,0.07,0.67
2001-07-10,9.26,9.33,9.34,9.20,4754,6586215.50,1.52,1.08,0.10,0.60
2001-07-11,9.34,9.18,9.35,9.16,3903,5382645.50,2.04,-1.61,-0.15,0.49
2001-07-12,9.12,9.15,9.25,9.08,3699,5058307.50,1.85,-0.33,-0.03,0.47
2001-07-13,9.17,9.09,9.28,9.08,2838,3893281.00,2.19,-0.66,-0.06,0.36
2001-07-16,9.13,8.94,9.26,8.91,6177,8342922.50,3.85,-1.65,-0.15,0.78
2001-07-17,8.88,8.93,8.94,8.71,4727,6249487.50,2.57,-0.11,-0.01,0.60
2001-07-18,9.01,8.98,9.01,8.91,2187,2933378.25,1.12,0.56,0.05,0.28
2001-07-19,9.27,9.08,9.27,9.01,1817,2467218.00,2.90,1.11,0.10,0.23
2001-07-20,9.12,9.21,9.26,9.08,3885,5332776.50,1.98,1.43,0.13,0.49
2001-07-23,9.21,9.08,9.25,9.05,3511,4782491.00,2.17,-1.41,-0.13,0.44
2001-07-24,9.04,8.92,9.04,8.76,5251,6992006.50,3.08,-1.76,-0.16,0.66
2001-07-25,8.87,8.87,8.99,8.79,1985,2645710.50,2.24,-0.56,-0.05,0.25
2001-07-26,8.93,8.69,8.96,8.67,4968,6532821.00,3.27,-2.03,-0.18,0.63
2001-07-27,8.73,8.52,8.76,8.50,7247,9355046.00,2.99,-1.96,-0.17,0.92
2001-07-30,8.51,7.81,8.51,7.80,9667,11705997.00,8.33,-8.33,-0.71,1.22
2001-07-31,7.61,7.56,7.98,7.51,7082,8288117.00,6.02,-3.20,-0.25,0.90
2001-08-01,7.59,7.93,7.93,7.59,4567,5375516.00,4.50,4.89,0.37,0.58
2001-08-02,7.94,7.79,8.01,7.61,4241,4957636.00,5.04,-1.77,-0.14,0.54
2001-08-03,7.81,7.80,7.89,7.75,2226,2631142.75,1.80,0.13,0.01,0.28
2001-08-06,7.58,7.33,7.70,7.22,4303,4872180.00,6.15,-6.03,-0.47,0.54
2001-08-07,7.23,7.44,7.62,7.19,4502,5006039.00,5.87,1.50,0.11,0.57
2001-08-08,7.58,7.40,7.58,7.31,2513,2820935.00,3.63,-0.54,-0.04,0.32
2001-08-09,7.62,7.58,7.67,7.44,3701,4257271.00,3.11,2.43,0.18,0.47
2001-08-10,7.66,8.04,8.31,7.66,10406,12615827.00,8.58,6.07,0.46,1.32
2001-08-13,8.01,8.08,8.19,8.01,5786,7082467.50,2.24,0.50,0.04,0.73
2001-08-14,8.08,7.94,8.19,7.86,4398,5307465.00,4.08,-1.73,-0.14,0.56
2001-08-15,7.94,8.05,8.08,7.94,2068,2502666.25,1.76,1.39,0.11,0.26
2001-08-16,8.06,7.86,8.06,7.83,3211,3857499.00,2.86,-2.36,-0.19,0.41
2001-08-17,7.80,7.86,7.93,7.76,2188,2593372.75,2.16,0.00,0.00,0.28
2001-08-20,7.92,8.15,8.16,7.86,3920,4774231.50,3.82,3.69,0.29,0.50
2001-08-21,8.19,8.10,8.30,8.05,5430,6710557.50,3.07,-0.61,-0.05,0.69
2001-08-22,8.08,8.02,8.08,7.83,8821,10597848.00,3.09,-0.99,-0.08,1.12
2001-08-23,7.87,8.09,8.11,7.85,2675,3222228.75,3.24,0.87,0.07,0.34
2001-08-24,8.16,8.03,8.16,8.01,2018,2458067.00,1.85,-0.74,-0.06,0.26
2001-08-27,7.98,7.66,7.98,7.66,4160,4906398.50,3.99,-4.61,-0.37,0.53
2001-08-28,7.60,7.80,7.80,7.53,3235,3758494.00,3.52,1.83,0.14,0.41
2001-08-29,7.84,7.94,8.01,7.80,2040,2442064.25,2.69,1.79,0.14,0.26
2001-08-30,7.95,8.06,8.10,7.89,3348,4060605.50,2.64,1.51,0.12,0.42
2001-08-31,8.06,8.05,8.14,8.03,2225,2709408.75,1.36,-0.12,-0.01,0.28
2001-09-03,8.05,8.13,8.16,8.01,3227,3945582.25,1.86,0.99,0.08,0.41
2001-09-04,8.09,8.33,8.34,8.09,10084,12546984.00,3.08,2.46,0.20,1.28
2001-09-05,8.37,8.28,8.44,8.22,6433,8064378.00,2.64,-0.60,-0.05,0.81
2001-09-06,8.28,8.18,8.33,8.11,2576,3188705.50,2.66,-1.21,-0.10,0.33
2001-09-07,8.14,7.83,8.14,7.80,4242,5102185.50,4.16,-4.28,-0.35,0.54
2001-09-10,7.79,8.16,8.16,7.65,2608,3142761.00,6.51,4.21,0.33,0.33
2001-09-11,8.16,8.13,8.30,8.08,2444,3023925.25,2.70,-0.37,-0.03,0.31
2001-09-12,7.93,7.98,8.01,7.50,6296,7532180.00,6.27,-1.85,-0.15,0.80
2001-09-13,8.01,7.86,8.08,7.83,2281,2735116.00,3.13,-1.50,-0.12,0.29
2001-09-14,7.88,7.84,7.88,7.80,2476,2933670.25,1.02,-0.25,-0.02,0.31
2001-09-17,7.73,7.66,7.81,7.59,3183,3710857.25,2.81,-2.30,-0.18,0.40
2001-09-18,7.66,7.76,7.90,7.66,1682,1973081.75,3.13,1.31,0.10,0.21
2001-09-19,7.66,7.88,7.90,7.66,1254,1477217.50,3.09,1.55,0.12,0.16
2001-09-20,7.88,7.80,7.94,7.77,1461,1737399.00,2.16,-1.02,-0.08,0.18
2001-09-21,7.73,7.66,7.78,7.66,1911,2226622.00,1.54,-1.79,-0.14,0.24
2001-09-24,7.66,7.62,7.79,7.62,1172,1359585.00,2.22,-0.52,-0.04,0.15
2001-09-25,7.66,7.42,7.71,7.38,2849,3243198.25,4.33,-2.62,-0.20,0.36
2001-09-26,7.42,7.28,7.51,7.23,3362,3742762.00,3.77,-1.89,-0.14,0.43
2001-09-27,7.28,7.25,7.37,7.19,2672,2950915.25,2.47,-0.41,-0.03,0.34
2001-09-28,7.32,7.10,7.32,7.08,2285,2497665.50,3.31,-2.07,-0.15,0.29
2001-10-08,7.19,6.58,7.19,6.46,2760,2836363.50,10.28,-7.32,-0.52,0.35
2001-10-09,6.51,6.73,6.76,6.41,1535,1571842.75,5.32,2.28,0.15,0.19
2001-10-10,6.73,6.44,6.73,6.41,2493,2486112.25,4.75,-4.31,-0.29,0.32
2001-10-11,6.37,6.05,6.45,6.03,3025,2895248.50,6.52,-6.06,-0.39,0.38
2001-10-12,6.01,6.28,6.41,5.71,5053,4752323.00,11.57,3.80,0.23,0.64
2001-10-15,6.28,6.16,6.38,6.07,2279,2189443.25,4.94,-1.91,-0.12,0.29
2001-10-16,6.16,5.98,6.28,5.98,1526,1437241.00,4.87,-2.92,-0.18,0.19
2001-10-17,5.87,5.88,6.01,5.87,1728,1585474.12,2.34,-1.67,-0.10,0.22
2001-10-19,5.80,5.61,5.80,5.51,3123,2740593.75,4.93,-4.59,-0.27,0.39
2001-10-22,5.58,5.08,5.58,5.07,3444,2853600.25,9.09,-9.45,-0.53,0.44
2001-10-23,5.66,5.66,5.66,5.48,7917,6938727.00,3.54,11.42,0.58,1.00
2001-10-24,5.87,6.26,6.28,5.87,28076,26744552.00,7.24,10.60,0.60,3.55
2001-10-25,6.23,6.04,6.23,5.95,6680,6310449.50,4.47,-3.51,-0.22,0.84
2001-10-26,6.01,6.01,6.10,5.81,4465,4109558.00,4.80,-0.50,-0.03,0.56
2001-10-29,6.02,6.24,6.26,6.02,2939,2780683.25,3.99,3.83,0.23,0.37
2001-10-30,6.37,6.16,6.39,6.15,3821,3691220.00,3.85,-1.28,-0.08,0.48
2001-10-31,6.12,6.27,6.28,6.01,1687,1594576.75,4.38,1.79,0.11,0.21
2001-11-01,6.27,6.28,6.36,6.16,3174,3080755.75,3.19,0.16,0.01,0.40
2001-11-02,6.30,6.12,6.34,6.07,3729,3567204.00,4.30,-2.55,-0.16,0.47
2001-11-05,6.13,6.15,6.25,6.05,1646,1553561.25,3.27,0.49,0.03,0.21
2001-11-06,6.15,6.16,6.18,6.08,5148,4876484.00,1.63,0.16,0.01,0.65
2001-11-07,6.33,6.01,6.37,5.98,16352,15696009.00,6.33,-2.44,-0.15,2.07
2001-11-08,5.80,5.88,6.07,5.66,9261,8364445.00,6.82,-2.16,-0.13,1.17
2001-11-09,5.91,5.96,6.01,5.79,5322,4870997.50,3.74,1.36,0.08,0.67
2001-11-12,6.07,6.03,6.20,6.01,5019,4733189.00,3.19,1.17,0.07,0.63
2001-11-13,5.99,5.93,6.01,5.91,1793,1652190.75,1.66,-1.66,-0.10,0.23
2001-11-14,5.93,5.96,6.06,5.93,1358,1255152.88,2.19,0.51,0.03,0.17
2001-11-15,5.94,5.83,6.01,5.77,3802,3448745.75,4.03,-2.18,-0.13,0.48
2001-11-16,6.21,6.08,6.47,6.01,10716,10198244.00,7.89,4.29,0.25,1.36
2001-11-19,6.08,6.21,6.25,6.06,10717,10198243.00,3.13,2.14,0.13,1.36
2001-11-20,6.26,6.40,6.41,6.21,6038,5733316.00,3.22,3.06,0.19,0.76
2001-11-21,6.40,6.36,6.40,6.28,4853,4735228.50,1.88,-0.63,-0.04,0.61
2001-11-22,6.36,6.55,6.58,6.33,9342,9271924.00,3.93,2.99,0.19,1.18
2001-11-23,6.57,6.62,6.83,6.56,18048,18479172.00,4.12,1.07,0.07,2.28
2001-11-26,6.62,6.65,6.72,6.58,6875,7005819.50,2.11,0.45,0.03,0.87
2001-11-27,6.69,6.69,6.70,6.63,3141,3208625.75,1.05,0.60,0.04,0.40
2001-11-28,6.80,6.78,6.80,6.67,7707,7958530.50,1.94,1.35,0.09,0.97
2001-11-29,6.78,6.70,6.83,6.67,4734,4872876.50,2.36,-1.18,-0.08,0.60
2001-11-30,6.71,6.77,6.78,6.68,4517,4645487.00,1.49,1.04,0.07,0.57
2001-12-03,6.78,6.80,6.91,6.76,5536,5781861.00,2.22,0.44,0.03,0.70
2001-12-04,6.80,6.78,6.80,6.68,4784,4934299.00,1.76,-0.29,-0.02,0.61
2001-12-05,6.76,6.62,6.91,6.59,8799,9105318.00,4.72,-2.36,-0.16,1.11
2001-12-06,6.56,6.68,6.70,6.52,6533,6619151.00,2.72,0.91,0.06,0.83
2001-12-07,6.68,6.65,6.68,6.58,2625,2666545.25,1.50,-0.45,-0.03,0.33
2001-12-10,6.64,6.78,6.78,6.59,3076,3155104.25,2.86,1.95,0.13,0.39
2001-12-11,6.81,6.69,6.86,6.66,4263,4417278.50,2.95,-1.33,-0.09,0.54
2001-12-12,6.68,6.70,6.80,6.66,6422,6623145.00,2.09,0.15,0.01,0.81
2001-12-13,6.66,6.48,6.73,6.48,4231,4279625.50,3.73,-3.28,-0.22,0.54
2001-12-14,6.41,6.18,6.48,6.16,3806,3713699.25,4.94,-4.63,-0.30,0.48
2001-12-17,6.01,6.02,6.18,5.80,4486,4192238.50,6.15,-2.59,-0.16,0.57
2001-12-18,6.04,6.21,6.22,6.03,1994,1883253.38,3.16,3.16,0.19,0.25
2001-12-19,6.21,6.11,6.28,6.11,2071,1983962.62,2.74,-1.61,-0.10,0.26
2001-12-20,6.03,5.91,6.08,5.86,4796,4392664.50,3.60,-3.27,-0.20,0.61
2001-12-21,5.87,5.92,5.95,5.86,2585,2371816.75,1.52,0.17,0.01,0.33
2001-12-25,5.68,5.79,5.85,5.68,2309,2071075.38,2.87,-2.20,-0.13,0.29
2001-12-26,5.73,5.81,5.83,5.73,3625,3259663.25,1.73,0.35,0.02,0.46
2001-12-27,5.85,5.59,5.85,5.58,5068,4528885.50,4.65,-3.79,-0.22,0.64
2001-12-28,5.59,5.67,5.71,5.48,4768,4144015.75,4.11,1.43,0.08,0.60
2001-12-31,5.73,5.69,5.78,5.68,2200,1957606.12,1.76,0.35,0.02,0.28