2017-01-03,21.13,21.10,21.48,21.06,27959,63589034.00,1.99,-0.14,-0.03,0.83
2017-01-04,21.08,21.71,21.73,20.96,64263,147018155.00,3.65,2.89,0.61,1.91
2017-01-05,21.73,21.42,21.79,21.36,37082,85449631.00,1.98,-1.34,-0.29,1.10
2017-01-06,21.45,21.78,21.91,21.42,62944,145835792.00,2.29,1.68,0.36,1.87
2017-01-23,21.78,21.40,22.97,21.36,127495,300197888.00,7.39,-1.74,-0.38,3.78
2017-01-24,21.47,21.80,22.06,21.47,59609,138614361.00,2.76,1.87,0.40,1.77
2017-01-25,21.81,21.80,21.98,21.53,31942,74428843.00,2.06,0.00,0.00,0.95
2017-01-26,21.81,21.65,21.97,21.63,27038,63139868.00,1.56,-0.69,-0.15,0.80
2017-02-03,21.70,21.63,22.00,21.56,31200,72426863.00,2.03,-0.09,-0.02,0.93
2017-02-06,21.64,21.56,21.83,21.23,45154,103766069.00,2.77,-0.32,-0.07,1.34
2017-02-07,21.53,21.40,21.76,21.23,29224,67144192.00,2.46,-0.74,-0.16,0.87
2017-02-08,21.49,21.45,21.51,21.23,30576,69935181.00,1.31,0.23,0.05,0.91
2017-02-09,21.48,21.90,21.93,21.34,57589,133521825.00,2.75,2.10,0.45,1.71
2017-02-10,22.01,21.70,22.01,21.69,40250,93740024.00,1.46,-0.91,-0.20,1.19
2017-02-13,21.58,22.48,23.10,21.57,137788,328642704.00,7.05,3.59,0.78,4.09
2017-02-14,22.33,22.94,23.08,22.16,92849,224586433.00,4.09,2.05,0.46,2.75
2017-02-15,23.03,22.48,23.32,22.42,64699,157060304.00,3.92,-2.01,-0.46,1.92
2017-02-16,22.57,22.41,22.71,22.13,38919,92675602.00,2.58,-0.31,-0.07,1.15
2017-02-17,22.41,22.69,22.97,22.41,80677,195658940.00,2.50,1.25,0.28,2.39
2017-02-20,22.63,23.32,23.39,22.24,143626,352191936.00,5.07,2.78,0.63,4.26
2017-02-21,23.32,22.99,23.32,22.76,78136,190523294.00,2.40,-1.42,-0.33,2.32
2017-02-22,22.95,23.76,24.03,22.86,153767,383888048.00,5.09,3.35,0.77,4.56
2017-02-23,23.68,23.37,24.05,23.23,100888,252607104.00,3.45,-1.64,-0.39,2.99
2017-02-24,23.28,23.35,23.38,23.03,43133,106180245.00,1.50,-0.09,-0.02,1.28
2017-02-27,23.16,22.55,23.41,22.42,75364,181879724.00,4.24,-3.43,-0.80,2.23
2017-02-28,22.53,22.57,22.75,22.41,38163,91598121.00,1.51,0.09,0.02,1.13
2017-03-01,22.53,22.57,22.78,22.47,49244,118599777.00,1.37,0.00,0.00,1.46
2017-03-02,22.58,22.39,22.86,22.13,66902,159583912.00,3.23,-0.80,-0.18,1.98
2017-03-03,22.73,23.65,24.13,22.63,252170,632156832.00,6.70,5.63,1.26,7.48
2017-03-06,23.52,24.52,25.43,23.52,220431,575093952.00,8.08,3.68,0.87,6.54
2017-03-07,24.63,25.18,25.93,24.55,192491,515854432.00,5.63,2.69,0.66,5.71
2017-03-08,24.98,24.98,25.39,24.61,103688,273457184.00,3.10,-0.79,-0.20,3.07
2017-03-09,25.03,25.32,25.58,24.78,117355,313264928.00,3.20,1.36,0.34,3.48
2017-03-10,25.45,24.98,25.84,24.86,107923,290168576.00,3.87,-1.34,-0.34,3.20
2017-03-13,24.98,26.53,26.63,24.64,162441,445427984.00,7.97,6.20,1.55,4.82
2017-03-14,26.24,26.21,26.65,25.80,126853,350822640.00,3.20,-1.21,-0.32,3.76
2017-03-15,25.98,26.50,26.80,25.98,90414,253320563.00,3.13,1.11,0.29,2.68
2017-03-16,26.50,26.51,27.12,26.11,101989,285580368.00,3.81,0.04,0.01,3.02
2017-03-17,26.49,26.57,27.06,26.29,92719,260813363.00,2.90,0.23,0.06,2.75
2017-03-20,26.63,26.18,26.83,25.60,103853,286784336.00,4.63,-1.47,-0.39,3.08
2017-03-21,26.09,26.91,27.18,25.84,130113,367848240.00,5.12,2.79,0.73,3.86
2017-03-22,26.53,26.38,26.95,25.91,128410,356190112.00,3.86,-1.97,-0.53,3.81
2017-03-23,26.38,25.71,26.38,25.41,139934,380245760.00,3.68,-2.54,-0.67,4.15
2017-03-24,25.83,25.13,26.18,24.58,150217,401754608.00,6.22,-2.26,-0.58,4.45
2017-03-27,25.09,25.01,25.39,24.65,94755,250523971.00,2.94,-0.48,-0.12,2.81
2017-03-28,25.13,25.14,25.27,24.74,55730,147626351.00,2.12,0.52,0.13,1.65
2017-03-29,25.22,25.17,25.28,24.83,67648,179750665.00,1.79,0.12,0.03,2.01
2017-03-30,25.15,24.25,25.15,24.08,94036,243224376.00,4.25,-3.66,-0.92,2.79
2017-03-31,24.33,24.63,24.77,24.14,45033,117097529.00,2.60,1.57,0.38,1.34
2017-04-05,24.93,25.20,25.67,24.62,91355,244372780.00,4.26,2.31,0.57,2.71
2017-04-06,25.06,26.04,27.33,24.81,102206,276996128.00,10.00,3.33,0.84,3.03
2017-04-07,25.66,25.65,25.98,25.28,78356,212411221.00,2.69,-1.50,-0.39,2.32
2017-04-10,25.53,24.45,25.58,24.33,79731,211362975.00,4.87,-4.68,-1.20,2.36
2017-04-11,24.13,24.52,24.83,24.13,71614,185471380.00,2.86,0.29,0.07,2.12
2017-04-12,24.73,24.68,25.06,24.33,63393,165758136.00,2.98,0.65,0.16,1.88
2017-04-13,24.61,25.30,25.34,24.53,69570,184831989.00,3.28,2.51,0.62,2.06
2017-04-14,25.38,25.10,25.46,24.83,56700,151337044.00,2.49,-0.79,-0.20,1.68
2017-04-17,25.13,25.06,25.31,24.83,49013,130137796.00,1.91,-0.16,-0.04,1.45
2017-04-18,25.04,25.69,26.19,25.00,123969,337188960.00,4.75,2.51,0.63,3.68
2017-04-19,25.63,25.96,26.09,25.51,79035,215252395.00,2.26,1.05,0.27,2.34
2017-04-20,25.93,27.36,28.12,25.76,200611,573635168.00,9.09,5.39,1.40,5.95
2017-04-21,27.53,26.15,27.53,25.98,132431,371735920.00,5.67,-4.42,-1.21,3.93
2017-04-24,25.65,25.18,25.78,24.70,95626,255070376.00,4.13,-3.71,-0.97,2.84
2017-04-25,25.13,25.75,26.10,25.11,70609,191430916.00,3.93,2.26,0.57,2.09
2017-04-26,25.81,25.83,26.64,25.71,72517,200450290.00,3.61,0.31,0.08,2.15
2017-04-27,25.73,25.63,25.73,25.03,47913,128509445.00,2.71,-0.77,-0.20,1.42
2017-04-28,25.81,23.39,25.81,22.92,199269,503802064.00,11.28,-8.74,-2.24,5.91
2017-05-02,23.03,23.23,23.31,22.31,85865,208779421.00,4.28,-0.68,-0.16,2.55
2017-05-03,23.25,23.54,23.89,22.94,59441,148785150.00,4.09,1.33,0.31,1.76
2017-05-04,23.58,23.16,23.68,23.14,42556,105673792.00,2.29,-1.61,-0.38,1.26
2017-05-05,23.13,22.63,23.13,22.60,41448,101015724.00,2.29,-2.29,-0.53,1.23
2017-05-08,22.48,22.23,22.93,22.18,37322,89528602.00,3.31,-1.77,-0.40,1.11
2017-05-09,21.88,22.26,22.38,21.83,45455,106934307.00,2.47,0.13,0.03,1.35
2017-05-10,22.40,21.51,22.55,21.34,48624,114855854.00,5.44,-3.37,-0.75,1.44
2017-05-11,21.33,21.61,21.73,21.03,41237,94137881.00,3.25,0.46,0.10,1.22
2017-05-12,21.82,21.52,21.82,21.34,41965,96638891.00,2.22,-0.42,-0.09,1.24
2017-05-15,21.33,22.37,22.46,21.33,67458,160084843.00,5.25,3.95,0.85,2.00
2017-05-16,22.37,23.06,23.32,22.14,68135,166215780.00,5.27,3.08,0.69,2.02
2017-05-17,23.09,22.64,23.25,22.46,39348,95390371.00,3.43,-1.82,-0.42,1.17
2017-05-18,22.65,22.65,23.08,22.56,19005,45927791.00,2.30,0.04,0.01,0.56
2017-05-19,22.45,22.48,22.89,22.10,34110,81215976.00,3.49,-0.75,-0.17,1.01
2017-05-22,22.33,22.07,22.65,21.90,64631,152047604.00,3.34,-1.82,-0.41,1.92
2017-05-23,21.96,22.56,23.00,21.95,90709,217500018.00,4.76,2.22,0.49,2.69
2017-05-24,22.49,22.58,22.65,22.09,30223,71763390.00,2.48,0.09,0.02,0.90
2017-05-25,22.68,23.01,23.04,22.43,42007,101485859.00,2.70,1.90,0.43,1.25
2017-05-26,23.01,23.00,23.32,22.87,36611,89765985.00,1.96,-0.04,-0.01,1.09
2017-05-31,23.20,22.88,23.39,22.78,22167,54200279.00,2.65,-0.52,-0.12,0.66
2017-06-01,22.88,22.29,22.88,22.08,32590,77579896.00,3.50,-2.58,-0.59,0.97
2017-06-02,22.10,22.33,22.47,21.64,33037,77123314.00,3.72,0.18,0.04,0.98
2017-06-05,22.28,22.69,23.00,22.15,34035,81861190.00,3.81,1.61,0.36,1.01
2017-06-06,22.70,23.13,23.14,22.50,21453,52144221.00,2.82,1.94,0.44,0.64
2017-06-07,23.10,23.49,23.75,22.92,41776,103941114.00,3.59,1.56,0.36,1.24
2017-06-08,23.42,23.61,24.09,23.27,57278,143813119.00,3.49,0.51,0.12,1.70
2017-06-09,23.60,23.64,24.13,23.50,49077,123780060.00,2.67,0.13,0.03,1.45
2017-06-12,23.60,24.20,24.56,23.50,73722,188018212.00,4.48,2.37,0.56,2.19
2017-06-13,23.98,23.88,24.10,23.35,43470,108934055.00,3.10,-1.32,-0.32,1.29
2017-06-14,23.70,23.58,24.20,23.50,36628,92299660.00,2.93,-1.26,-0.30,1.09
2017-06-15,23.59,23.68,23.80,23.17,35881,89280334.00,2.67,0.42,0.10,1.06
2017-06-16,23.69,23.67,24.00,23.41,35429,89030787.00,2.49,-0.04,-0.01,1.05
2017-06-19,23.62,23.30,23.94,23.20,47728,119428681.00,3.13,-1.56,-0.37,1.41
2017-06-20,23.37,23.48,23.57,23.33,20973,52111369.00,1.03,0.77,0.18,0.62
2017-06-21,23.48,24.23,24.25,23.41,52621,133057045.00,3.58,3.19,0.75,1.56
2017-06-22,24.32,23.83,24.95,23.74,118550,306753728.00,4.99,-1.65,-0.40,3.51
2017-06-23,23.92,25.00,25.13,23.90,131496,341141376.00,5.16,4.91,1.17,3.90
2017-06-26,24.95,25.45,25.98,24.88,147923,398294496.00,4.40,1.80,0.45,4.39
2017-06-27,25.42,25.54,25.98,25.20,46633,125919835.00,3.06,0.35,0.09,1.38
2017-06-28,25.56,25.31,25.79,25.01,36118,96408300.00,3.05,-0.90,-0.23,1.07
2017-06-29,25.50,25.07,25.50,24.73,40759,107607142.00,3.04,-0.95,-0.24,1.21
2017-06-30,24.95,25.21,25.30,24.90,30327,80301761.00,1.60,0.56,0.14,0.90
2017-07-03,25.16,26.09,26.40,24.92,94624,257752158.00,5.87,3.49,0.88,2.81
2017-07-04,26.03,25.92,26.20,25.69,40631,111107214.00,1.95,-0.65,-0.17,1.20
2017-07-05,25.94,25.95,26.46,25.70,66099,181028655.00,2.93,0.12,0.03,1.96
2017-07-06,25.95,25.69,25.95,25.08,79621,213497370.00,3.35,-1.00,-0.26,2.36
2017-07-07,25.59,25.37,25.67,25.08,57645,154079139.00,2.30,-1.25,-0.32,1.71
2017-07-10,25.38,25.51,25.69,25.08,36736,98572832.00,2.40,0.55,0.14,1.09
2017-07-11,25.40,25.78,26.06,25.32,74088,201773682.00,2.90,1.06,0.27,2.20
2017-07-12,26.00,26.71,26.74,25.78,148722,412838016.00,3.72,3.61,0.93,4.41
2017-07-13,26.51,27.12,27.37,26.41,74126,210637814.00,3.59,1.54,0.41,2.20
2017-07-14,27.10,26.86,27.15,26.42,66655,187143261.00,2.69,-0.96,-0.26,1.98
2017-07-17,26.66,24.03,26.69,24.03,231107,600649232.00,9.90,-10.54,-2.83,6.85
2017-07-18,23.60,23.94,24.40,22.95,100372,250432806.00,6.03,-0.37,-0.09,2.98
2017-07-19,24.00,23.91,24.42,23.79,85235,217234325.00,2.63,-0.13,-0.03,2.53
2017-07-20,23.75,24.34,24.58,23.75,64249,164272914.00,3.47,1.80,0.43,1.90
2017-07-21,25.10,26.75,26.87,25.10,191731,526848400.00,7.27,9.90,2.41,5.68
2017-07-24,26.45,26.51,27.45,26.35,118178,334361248.00,4.11,-0.90,-0.24,3.50
2017-07-25,26.75,26.26,27.06,26.13,53944,150697803.00,3.51,-0.94,-0.25,1.60
2017-07-26,26.50,26.54,26.80,25.85,62071,171578642.00,3.62,1.07,0.28,1.84
2017-07-27,26.80,26.69,27.15,26.50,121555,344312672.00,2.45,0.57,0.15,3.60
2017-07-28,26.50,28.49,28.73,26.31,214816,630245216.00,9.07,6.74,1.80,6.37
2017-07-31,28.60,30.61,31.48,28.60,213126,676708640.00,10.11,7.44,2.12,6.32
2017-08-01,30.70,30.57,31.04,29.62,110899,353084912.00,4.64,-0.13,-0.04,3.29
2017-08-02,30.43,30.34,30.65,29.59,81442,256509293.00,3.47,-0.75,-0.23,2.41
2017-08-03,30.26,29.51,30.89,29.10,105908,331376304.00,5.90,-2.74,-0.83,3.14
2017-08-04,29.57,29.11,29.89,28.93,73036,223891634.00,3.25,-1.36,-0.40,2.17
2017-08-07,29.15,31.07,31.10,28.90,130381,413509552.00,7.56,6.73,1.96,3.87
2017-08-08,31.10,30.65,31.90,30.15,100639,324763712.00,5.63,-1.35,-0.42,2.98
2017-08-09,30.52,31.93,32.60,30.10,128482,429245296.00,8.16,4.18,1.28,3.81
2017-08-10,31.95,32.32,33.65,31.62,119490,409682416.00,6.36,1.22,0.39,3.54
2017-08-11,32.12,31.58,33.60,31.16,92694,308358624.00,7.55,-2.29,-0.74,2.75
2017-08-14,31.67,31.78,32.70,30.70,69964,231788408.00,6.33,0.63,0.20,2.07
2017-08-15,31.79,31.43,31.85,31.11,50281,165063660.00,2.33,-1.10,-0.35,1.49
2017-08-16,31.41,31.30,31.83,31.00,53401,175031463.00,2.64,-0.41,-0.13,1.58
2017-08-17,31.20,31.00,31.67,30.20,70952,229147718.00,4.70,-0.96,-0.30,2.10
2017-08-18,30.61,31.60,32.12,30.61,85494,281417680.00,4.87,1.94,0.60,2.53
2017-08-21,31.75,31.25,32.01,30.94,37812,123448361.00,3.39,-1.11,-0.35,1.12
2017-08-22,30.90,29.88,31.25,28.71,172470,537309248.00,8.13,-4.38,-1.37,5.11
2017-08-23,29.70,30.07,30.26,29.30,58436,182333120.00,3.21,0.64,0.19,1.73
2017-08-24,29.95,28.98,29.95,28.60,117130,356713232.00,4.49,-3.62,-1.09,3.47
2017-08-25,28.96,30.19,30.26,28.96,93433,289587328.00,4.49,4.18,1.21,2.77
2017-08-28,30.70,31.39,31.72,30.70,102903,337066400.00,3.38,3.97,1.20,3.05
2017-08-29,31.25,32.74,33.40,30.97,111700,377584416.00,7.74,4.30,1.35,3.31
2017-08-30,32.70,33.48,33.80,32.40,82646,287315504.00,4.28,2.26,0.74,2.45
2017-08-31,33.40,33.49,34.04,32.19,65691,226264106.00,5.53,0.03,0.01,1.95
2017-09-01,33.16,33.35,33.50,32.86,49262,170385629.00,1.91,-0.42,-0.14,1.46
2017-09-04,33.08,32.40,33.25,31.93,63976,216338562.00,3.96,-2.85,-0.95,1.90
2017-09-05,32.29,32.39,32.50,32.07,29260,98763950.00,1.33,-0.03,-0.01,0.87
2017-09-06,32.25,32.46,32.55,32.25,31108,105061139.00,0.93,0.22,0.07,0.92
2017-09-07,32.46,32.13,32.48,31.51,52808,175741917.00,2.99,-1.02,-0.33,1.57
2017-09-08,32.00,31.48,32.00,31.20,52724,173726849.00,2.49,-2.02,-0.65,1.56
2017-09-11,31.40,33.12,33.40,31.10,83424,282309520.00,7.31,5.21,1.64,2.47
2017-09-12,32.85,35.58,35.78,32.56,139680,492168224.00,9.72,7.43,2.46,4.14
2017-09-13,35.73,36.39,38.09,35.00,170854,647229968.00,8.68,2.28,0.81,5.07
2017-09-14,36.31,37.91,37.95,35.53,128961,494263280.00,6.65,4.18,1.52,3.82
2017-09-15,37.36,36.46,37.85,35.97,84327,324432032.00,4.96,-3.82,-1.45,2.50
2017-09-18,36.58,38.01,38.50,36.58,96212,376502272.00,5.27,4.25,1.55,2.85
2017-09-19,38.15,36.88,38.38,36.40,81365,313793536.00,5.21,-2.97,-1.13,2.41
2017-09-20,37.10,36.66,38.24,36.28,74973,289276896.00,5.31,-0.60,-0.22,2.22
2017-09-21,37.14,36.11,37.16,36.08,47708,180427911.00,2.95,-1.50,-0.55,1.41
2017-09-22,35.64,35.87,36.63,35.64,45562,170455523.00,2.74,-0.66,-0.24,1.35
2017-09-25,36.05,36.80,37.35,35.80,76353,289295904.00,4.32,2.59,0.93,2.26
2017-09-26,36.88,37.22,37.77,36.28,44590,171817314.00,4.05,1.14,0.42,1.32
2017-09-27,37.19,36.45,37.20,36.40,49322,188055984.00,2.15,-2.07,-0.77,1.46
2017-09-28,36.50,38.51,38.85,36.00,124984,490764544.00,7.82,5.65,2.06,3.71
2017-09-29,38.50,37.69,39.80,37.32,92368,365697760.00,6.44,-2.13,-0.82,2.74
2017-10-09,37.80,37.85,38.65,36.11,80817,316206720.00,6.74,0.42,0.16,2.40
2017-10-10,37.55,37.88,38.58,37.11,55922,220738724.00,3.88,0.08,0.03,1.66
2017-10-11,37.80,39.79,40.10,37.28,98885,400066080.00,7.44,5.04,1.91,2.93
2017-10-12,39.59,39.40,39.90,38.90,50128,203671203.00,2.51,-0.98,-0.39,1.49
2017-10-13,39.29,39.07,39.90,38.51,60998,247039331.00,3.53,-0.84,-0.33,1.81
2017-10-16,38.70,37.09,38.87,36.85,133208,520446080.00,5.17,-5.07,-1.98,3.95
2017-10-17,36.72,36.90,37.76,36.43,56800,217139098.00,3.59,-0.51,-0.19,1.68
2017-10-18,36.87,37.30,37.32,36.19,46508,177829689.00,3.06,1.08,0.40,1.38
2017-10-19,37.05,37.14,37.58,36.65,66968,258580718.00,2.49,-0.43,-0.16,1.99
2017-10-20,37.08,36.68,37.11,36.20,61054,232039041.00,2.45,-1.24,-0.46,1.81
2017-10-23,36.55,37.65,37.77,36.40,59432,229335553.00,3.74,2.64,0.97,1.76
2017-10-24,37.50,37.39,37.69,37.16,50310,195185859.00,1.41,-0.69,-0.26,1.49
2017-10-25,37.25,36.43,37.59,36.10,84188,320614528.00,3.99,-2.57,-0.96,2.50
2017-10-26,37.58,36.84,38.01,36.62,115631,447705088.00,3.82,1.13,0.41,3.43
2017-10-27,36.87,38.57,38.98,36.41,110593,433438080.00,6.98,4.70,1.73,3.28
2017-10-30,37.90,42.57,42.57,37.60,268581,1124017744.00,12.89,10.37,4.00,7.96
2017-10-31,43.05,45.13,46.82,43.01,163722,752702704.00,8.95,6.01,2.56,4.85
2017-11-01,46.04,44.97,46.19,44.22,92841,430611184.00,4.37,-0.35,-0.16,2.75
2017-11-02,44.56,44.93,46.07,44.50,87693,409640704.00,3.49,-0.09,-0.04,2.60
2017-11-03,44.99,46.59,48.20,44.86,112308,540417920.00,7.43,3.69,1.66,3.33
2017-11-06,46.66,48.60,49.45,46.56,94585,468047760.00,6.20,4.31,2.01,2.80
2017-11-07,48.20,47.11,49.77,46.49,115816,568606368.00,6.75,-3.07,-1.49,3.43
2017-11-08,47.52,46.77,47.98,46.03,115074,553835536.00,4.14,-0.72,-0.34,3.41
2017-11-09,46.54,46.81,46.84,45.34,74358,353599344.00,3.21,0.09,0.04,2.20
2017-11-10,46.40,47.31,49.17,46.21,94950,467329760.00,6.32,1.07,0.50,2.81
2017-11-13,47.37,46.90,47.60,46.37,74811,361372176.00,2.60,-0.87,-0.41,2.22
2017-11-14,46.10,44.77,46.83,44.42,101267,471240240.00,5.14,-4.54,-2.13,3.00
2017-11-15,44.92,45.33,45.80,44.35,61588,286583264.00,3.24,1.25,0.56,1.83
2017-11-16,45.54,46.21,47.08,44.60,85841,411847200.00,5.47,1.94,0.88,2.54
2017-11-17,46.00,44.22,46.00,43.41,78713,360579056.00,5.60,-4.31,-1.99,2.33
2017-11-20,44.20,44.22,44.35,41.31,49310,219722874.00,6.87,0.00,0.00,1.46
2017-11-21,44.10,45.47,46.20,44.08,77620,362630352.00,4.79,2.83,1.25,2.30
2017-11-22,45.50,43.66,45.90,42.55,103909,469944288.00,7.37,-3.98,-1.81,3.08
2017-11-23,43.22,40.20,43.40,39.80,119060,505678768.00,8.25,-7.92,-3.46,3.53
2017-11-24,39.66,40.15,40.79,38.60,72914,299790256.00,5.45,-0.12,-0.05,2.16
2017-11-27,39.60,40.19,41.75,38.60,82416,344195072.00,7.85,0.10,0.04,2.44
2017-11-28,40.10,41.62,42.70,39.56,101144,436456384.00,7.81,3.56,1.43,3.00
2017-11-29,42.05,41.25,42.05,40.40,51027,217081863.00,3.96,-0.89,-0.37,1.51
2017-11-30,41.23,41.23,41.59,40.45,35010,149202388.00,2.76,-0.05,-0.02,1.04
2017-12-01,41.13,40.77,41.73,40.48,30595,129644024.00,3.03,-1.12,-0.46,0.91
2017-12-04,41.30,43.08,43.80,40.60,125898,555060960.00,7.85,5.67,2.31,3.73
2017-12-05,42.97,43.05,44.37,42.45,77144,346638160.00,4.46,-0.07,-0.03,2.29
2017-12-06,42.73,42.99,43.94,41.90,45490,201324567.00,4.74,-0.14,-0.06,1.35
2017-12-07,43.00,42.41,43.38,42.10,35190,154770045.00,2.98,-1.35,-0.58,1.04
2017-12-08,42.37,43.74,43.80,42.12,46496,206862237.00,3.96,3.14,1.33,1.38
2017-12-11,43.69,46.08,46.26,43.65,79012,370535712.00,5.97,5.35,2.34,2.34
2017-12-12,45.95,45.41,46.70,45.10,46937,220929859.00,3.47,-1.45,-0.67,1.39
2017-12-13,45.50,46.44,46.52,45.10,50108,236806663.00,3.13,2.27,1.03,1.49
2017-12-14,46.38,45.70,46.60,45.58,42827,202807517.00,2.20,-1.59,-0.74,1.27
2017-12-15,46.23,44.99,47.10,44.45,56039,264351906.00,5.80,-1.55,-0.71,1.66
2017-12-18,44.75,45.62,46.37,44.70,55288,260529378.00,3.71,1.40,0.63,1.64
2017-12-19,45.09,45.70,46.74,45.07,59283,280673296.00,3.66,0.18,0.08,1.76
2017-12-20,45.69,45.44,46.08,44.60,71739,337007696.00,3.24,-0.57,-0.26,2.13
2017-12-21,45.40,44.83,46.08,44.30,77309,359189536.00,3.92,-1.34,-0.61,2.29
2017-12-22,44.78,43.85,44.79,43.40,68831,312325248.00,3.10,-2.19,-0.98,2.04
2017-12-25,44.35,43.61,44.70,42.27,85072,378928496.00,5.54,-0.55,-0.24,2.52
2017-12-26,43.30,43.82,43.90,42.74,48720,218384257.00,2.66,0.48,0.21,1.44
2017-12-27,43.82,42.71,44.00,42.60,39617,176678257.00,3.19,-2.53,-1.11,1.17
2017-12-28,43.73,45.85,45.95,43.36,150685,693247472.00,6.06,7.35,3.14,4.47
2017-12-29,45.71,45.26,46.12,44.10,79257,367337648.00,4.41,-1.29,-0.59,2.35