2023-01-03,34.30,35.35,35.44,33.87,23158,80730469.47,4.62,3.94,1.34,3.84
2023-01-04,35.35,35.14,35.60,35.02,12483,43964310.72,1.64,-0.59,-0.21,2.07
2023-01-05,35.50,36.15,36.21,34.98,24218,86603235.26,3.50,2.87,1.01,4.01
2023-01-06,36.18,36.18,36.65,36.05,19444,70621594.19,1.66,0.08,0.03,3.22
2023-01-09,36.00,36.10,36.74,35.90,15678,56800323.30,2.32,-0.22,-0.08,2.60
2023-01-10,36.08,36.19,36.46,35.83,13179,47617252.80,1.75,0.25,0.09,2.18
2023-01-11,36.10,35.64,36.32,35.60,10806,38835476.96,1.99,-1.52,-0.55,1.79
2023-01-12,35.80,35.92,36.09,35.40,10689,38346612.80,1.94,0.79,0.28,1.77
2023-01-13,36.17,36.20,36.60,35.91,11888,43043079.46,1.92,0.78,0.28,1.97
2023-01-16,36.20,36.40,36.78,36.11,15526,56661682.31,1.85,0.55,0.20,2.57
2023-01-17,36.44,36.70,36.85,36.32,14403,52723226.20,1.46,0.82,0.30,2.39
2023-01-18,36.70,36.40,36.71,36.20,11659,42442372.42,1.39,-0.82,-0.30,1.93
2023-01-19,36.41,36.86,36.97,36.33,16979,62431625.28,1.76,1.26,0.46,2.81
2023-01-20,36.90,36.58,37.17,36.08,21725,79346062.10,2.96,-0.76,-0.28,3.60
2023-01-30,37.20,37.60,37.81,36.80,27714,103484667.04,2.76,2.79,1.02,4.59
2023-01-31,37.51,37.54,37.63,36.94,16520,61591200.83,1.84,-0.16,-0.06,2.74
2023-02-01,37.58,38.00,38.08,37.24,22407,84502305.97,2.24,1.23,0.46,3.71
2023-02-02,38.00,37.93,38.25,37.80,14286,54305524.10,1.18,-0.18,-0.07,2.37
2023-02-03,38.00,37.71,38.22,37.10,17845,67145458.97,2.95,-0.58,-0.22,2.96
2023-02-06,37.82,38.19,38.57,37.82,23046,88130577.87,1.99,1.27,0.48,3.82