2019-01-02,7.88,7.86,7.91,7.69,10412,14170064.00,2.80,0.00,0.00,1.38
2019-01-03,7.82,7.53,7.94,7.50,16708,22464974.00,5.60,-4.20,-0.33,2.21
2019-01-04,7.44,7.70,7.73,7.24,20144,26475521.00,6.51,2.26,0.17,2.66
2019-01-07,7.74,7.96,7.98,7.73,21075,28953184.00,3.25,3.38,0.26,2.79
2019-01-08,7.95,7.91,8.11,7.91,14479,20074611.00,2.51,-0.63,-0.05,1.91
2019-01-09,8.04,7.89,8.10,7.88,19660,27351712.00,2.78,-0.25,-0.02,2.60
2019-01-10,7.88,7.95,8.10,7.88,16544,22989801.00,2.79,0.76,0.06,2.19
2019-01-11,8.04,8.22,8.22,7.97,30425,42938997.00,3.14,3.40,0.27,4.02
2019-01-14,8.21,8.00,8.25,7.92,19890,27834239.00,4.01,-2.68,-0.22,2.63
2019-01-15,7.96,8.10,8.11,7.89,14476,20132261.00,2.75,1.25,0.10,1.91
2019-01-16,8.08,8.10,8.37,8.06,28323,40458266.00,3.83,0.00,0.00,3.74
2019-01-17,8.06,7.94,8.21,7.88,20473,28708819.00,4.07,-1.98,-0.16,2.71
2019-01-18,7.91,7.88,7.96,7.76,19771,27019055.00,2.52,-0.76,-0.06,2.61
2019-01-21,7.88,7.81,7.96,7.79,11672,16020660.00,2.16,-0.89,-0.07,1.54
2019-01-22,7.76,7.76,7.89,7.64,11602,15664376.00,3.20,-0.64,-0.05,1.53
2019-01-23,7.76,7.70,7.82,7.62,9556,12770158.00,2.58,-0.77,-0.06,1.26
2019-01-24,7.70,7.83,7.92,7.70,13667,18657103.00,2.86,1.69,0.13,1.81
2019-01-25,7.78,8.04,8.20,7.78,31398,43850275.00,5.36,2.68,0.21,4.15
2019-01-28,8.17,8.08,8.19,7.92,17517,24541979.00,3.36,0.50,0.04,2.32
2019-01-29,8.04,7.74,8.04,7.64,19165,25932217.00,4.95,-4.21,-0.34,2.53
2019-01-30,7.74,7.67,7.91,7.65,10615,14398020.00,3.36,-0.90,-0.07,1.40
2019-01-31,7.67,7.53,7.80,7.29,17886,23520805.00,6.65,-1.83,-0.14,2.36
2019-02-01,7.49,7.75,7.79,7.49,8316,11124861.00,3.98,2.92,0.22,1.10
2019-02-11,7.82,8.00,8.02,7.76,13083,18032199.00,3.35,3.23,0.25,1.73
2019-02-12,8.05,8.01,8.08,7.94,13277,18476107.00,1.75,0.13,0.01,1.75
2019-02-13,8.01,8.26,8.31,8.01,32600,46439731.00,3.75,3.12,0.25,4.31
2019-02-14,8.30,8.35,8.40,8.17,25852,37264067.00,2.78,1.09,0.09,3.42
2019-02-15,8.35,8.21,8.37,8.19,18923,27200198.00,2.16,-1.68,-0.14,2.50
2019-02-18,8.30,8.47,8.57,8.26,31316,45797286.00,3.78,3.17,0.26,4.14
2019-02-19,8.44,8.49,8.75,8.43,38230,56836090.00,3.78,0.24,0.02,5.05
2019-02-20,8.59,8.42,8.66,8.27,27679,40579519.00,4.59,-0.82,-0.07,3.66
2019-02-21,8.43,8.34,8.62,8.22,36706,53881331.00,4.75,-0.95,-0.08,4.85
2019-02-22,8.82,8.82,9.20,8.65,71657,110711767.00,6.59,5.76,0.48,9.47
2019-02-25,9.23,9.72,9.72,9.23,36916,61838445.00,5.56,10.20,0.90,4.88
2019-02-26,10.60,9.36,10.64,9.36,115302,197493068.00,13.17,-3.70,-0.36,15.24
2019-02-27,9.18,9.28,9.53,9.09,56568,90663283.00,4.70,-0.85,-0.08,7.48
2019-02-28,9.30,9.00,9.35,8.97,36706,57846006.00,4.09,-3.02,-0.28,4.85
2019-03-01,9.17,9.09,9.23,8.98,31163,49161593.00,2.78,1.00,0.09,4.12
2019-03-04,9.31,9.49,9.93,9.31,67328,111832500.00,6.82,4.40,0.40,8.90
2019-03-05,9.39,9.91,9.92,9.39,66411,111870788.00,5.58,4.43,0.42,8.78
2019-03-06,10.07,9.91,10.07,9.56,70906,119908890.00,5.15,0.00,0.00,9.37
2019-03-07,9.79,10.20,10.60,9.71,77396,135158671.00,8.98,2.93,0.29,10.23
2019-03-08,9.95,9.81,10.53,9.70,77473,135100115.00,8.14,-3.82,-0.39,10.24
2019-03-11,9.81,10.24,10.24,9.79,60339,104852374.00,4.59,4.38,0.43,7.97
2019-03-12,10.28,10.85,10.89,10.28,94206,172539804.00,5.96,5.96,0.61,12.45
2019-03-13,10.77,10.21,10.84,10.13,65292,118396739.00,6.54,-5.90,-0.64,8.63
2019-03-14,9.90,9.59,10.37,9.41,43634,73201511.00,9.40,-6.07,-0.62,5.77
2019-03-15,9.73,9.64,9.79,9.51,26645,44537293.00,2.92,0.52,0.05,3.52
2019-03-18,9.71,9.80,9.82,9.50,23220,38874976.00,3.32,1.66,0.16,3.07
2019-03-19,9.83,9.84,9.95,9.70,25363,43124499.00,2.55,0.41,0.04,3.35
2019-03-20,9.80,9.73,9.94,9.46,28032,46914762.00,4.88,-1.12,-0.11,3.70
2019-03-21,9.72,9.87,9.96,9.66,32645,55729469.00,3.08,1.44,0.14,4.31
2019-03-22,9.85,9.80,10.04,9.59,25207,42439987.00,4.56,-0.71,-0.07,3.33
2019-03-25,9.52,9.68,9.85,9.49,22767,38279397.00,3.67,-1.22,-0.12,3.01
2019-03-26,9.68,10.23,10.68,9.68,106949,191974664.00,10.33,5.68,0.55,14.13
2019-03-27,9.98,9.64,10.13,9.18,76494,127500654.00,9.29,-5.77,-0.59,10.11
2019-03-28,9.57,9.86,10.23,9.30,56214,94430953.00,9.65,2.28,0.22,7.43
2019-03-29,9.70,10.49,10.53,9.68,73393,128877347.00,8.62,6.39,0.63,9.70
2019-04-01,10.81,11.56,11.56,10.81,82306,162360414.00,7.15,10.20,1.07,10.88
2019-04-02,12.13,11.19,12.51,11.10,162855,334843600.00,12.20,-3.20,-0.37,21.52
2019-04-03,11.07,11.13,11.56,11.07,85065,165483565.00,4.38,-0.54,-0.06,11.24
2019-04-04,11.12,10.88,11.22,10.73,66949,126060459.00,4.40,-2.25,-0.25,8.85
2019-04-08,10.95,11.04,11.30,10.62,54269,102990628.00,6.25,1.47,0.16,7.17
2019-04-09,10.90,11.35,11.50,10.79,60758,118065904.00,6.43,2.81,0.31,8.03
2019-04-10,11.13,10.78,11.14,10.74,49028,92251507.00,3.52,-5.02,-0.57,6.48
2019-04-11,10.88,10.47,10.95,10.43,36353,66914074.00,4.82,-2.88,-0.31,4.80
2019-04-12,10.60,10.71,10.81,10.43,27874,51209428.00,3.63,2.29,0.24,3.68
2019-04-15,10.82,10.52,11.07,10.52,30197,56449243.00,5.14,-1.77,-0.19,3.99
2019-04-16,10.44,10.69,10.72,10.13,39808,71644142.00,5.61,1.62,0.17,5.26
2019-04-17,10.71,10.66,10.79,10.60,26274,48453066.00,1.78,-0.28,-0.03,3.47
2019-04-18,10.63,10.48,10.73,10.46,21990,40039107.00,2.53,-1.69,-0.18,2.91
2019-04-19,10.48,10.59,10.63,10.34,17513,31691844.00,2.77,1.05,0.11,2.31
2019-04-22,10.59,10.15,10.61,10.15,23950,42799191.00,4.34,-4.15,-0.44,3.17
2019-04-23,10.15,10.46,10.46,9.78,39604,69353821.00,6.70,3.05,0.31,5.23
2019-04-24,10.42,10.28,10.42,10.04,32811,57892619.00,3.63,-1.72,-0.18,4.34
2019-04-25,10.22,9.65,10.30,9.65,28550,48894068.00,6.32,-6.13,-0.63,3.77
2019-04-26,9.66,9.65,10.27,9.59,22019,37386788.00,7.05,0.00,0.00,2.91
2019-04-29,9.56,9.05,9.81,9.01,25087,40562266.00,8.29,-6.22,-0.60,3.32
2019-04-30,9.01,9.19,9.30,9.01,15770,25137427.00,3.20,1.55,0.14,2.08
2019-05-06,8.82,8.27,8.93,8.25,25118,37399562.00,7.40,-10.01,-0.92,3.32
2019-05-07,8.41,8.49,8.60,8.33,19383,28461298.00,3.26,2.66,0.22,2.56
2019-05-08,8.19,8.44,8.71,8.19,17031,25043389.00,6.12,-0.59,-0.05,2.25
2019-05-09,8.52,8.52,8.63,8.31,13596,20140262.00,3.79,0.95,0.08,1.80
2019-05-10,8.54,8.82,8.89,8.39,25087,37860774.00,5.87,3.52,0.30,3.32
2019-05-13,8.71,8.89,9.05,8.69,22245,34488386.00,4.08,0.79,0.07,2.94
2019-05-14,8.76,8.90,9.14,8.72,21531,33586430.00,4.72,0.11,0.01,2.85
2019-05-15,9.01,9.11,9.24,8.95,18010,28344111.00,3.26,2.36,0.21,2.38
2019-05-16,9.12,9.05,9.18,8.93,16152,25192459.00,2.74,-0.66,-0.06,2.13
2019-05-17,9.08,8.58,9.08,8.51,19264,29379141.00,6.30,-5.19,-0.47,2.55
2019-05-20,8.75,8.77,8.87,8.56,17484,26467510.00,3.61,2.21,0.19,2.31
2019-05-21,8.86,8.94,9.02,8.76,14947,23103412.00,2.96,1.94,0.17,1.98
2019-05-22,8.94,9.02,9.15,8.84,16090,25151750.00,3.47,0.89,0.08,2.13
2019-05-23,9.07,9.20,9.28,8.68,26041,40519583.00,6.65,2.00,0.18,3.44
2019-05-24,9.04,8.82,9.16,8.81,18629,28883150.00,3.80,-4.13,-0.38,2.46
2019-05-27,8.78,9.15,9.15,8.78,19342,30313496.00,4.20,3.74,0.33,2.56
2019-05-28,9.25,9.93,10.08,9.12,90954,156200839.00,10.49,8.52,0.78,12.02
2019-05-29,9.59,9.52,9.70,9.40,71400,117356899.00,3.02,-4.13,-0.41,9.44
2019-05-30,9.52,9.27,9.52,9.11,33794,53931004.00,4.31,-2.63,-0.25,4.47
2019-05-31,9.27,9.62,9.68,9.25,45844,75236452.00,4.64,3.78,0.35,6.06
2019-06-03,9.68,9.41,9.68,9.28,19247,31192973.00,4.16,-2.18,-0.21,2.54
2019-06-04,9.45,9.25,9.45,9.05,17914,28498827.00,4.25,-1.70,-0.16,2.37
2019-06-05,9.29,9.17,9.39,9.10,14186,22682001.00,3.14,-0.86,-0.08,1.87
2019-06-06,9.18,8.61,9.18,8.58,20782,31556123.00,6.54,-6.11,-0.56,2.75
2019-06-10,8.63,8.73,8.85,8.58,10316,15560739.00,3.14,1.39,0.12,1.35
2019-06-11,8.70,9.22,9.44,8.63,37933,59639370.00,9.28,5.61,0.49,4.98
2019-06-12,9.16,9.12,9.53,9.05,34069,54437568.00,5.21,-1.08,-0.10,4.47
2019-06-13,9.12,9.16,9.34,9.08,20402,32268733.00,2.85,0.44,0.04,2.68
2019-06-14,9.15,9.15,9.40,9.13,22615,36166233.00,2.95,-0.11,-0.01,2.97
2019-06-17,9.15,9.09,9.15,8.88,17652,27467695.00,2.95,-0.66,-0.06,2.32
2019-06-18,9.06,8.96,9.19,8.95,8689,13570912.00,2.64,-1.43,-0.13,1.14
2019-06-19,9.17,9.13,9.33,9.08,24616,39201322.00,2.79,1.90,0.17,3.23
2019-06-20,9.13,9.34,9.38,9.00,25036,39971914.00,4.16,2.30,0.21,3.29
2019-06-21,9.50,9.68,9.69,9.37,34851,57301110.00,3.43,3.64,0.34,4.58
2019-06-24,9.86,10.20,10.67,9.83,129401,232856488.00,8.68,5.37,0.52,16.99
2019-06-25,9.75,9.40,9.81,9.40,79069,131016436.00,4.02,-7.84,-0.80,10.38
2019-06-26,9.45,9.48,9.72,9.41,49707,81898115.00,3.30,0.85,0.08,6.53
2019-06-27,9.61,9.58,9.80,9.49,38014,63029226.00,3.27,1.05,0.10,4.99
2019-06-28,9.37,9.30,9.54,9.25,30284,48666636.00,3.03,-2.92,-0.28,3.98
2019-07-01,9.51,9.74,10.04,9.38,44720,74874075.00,7.10,4.73,0.44,5.87
2019-07-02,9.68,9.75,9.86,9.64,34342,57744380.00,2.26,0.10,0.01,4.51
2019-07-03,9.75,9.45,9.80,9.35,28739,47002137.00,4.62,-3.08,-0.30,3.77
2019-07-04,9.47,9.34,9.54,9.31,17095,27652243.00,2.43,-1.16,-0.11,2.24
2019-07-05,9.39,9.50,9.54,9.28,16218,26395361.00,2.78,1.71,0.16,2.13
2019-07-08,9.44,8.98,9.46,8.93,21906,34355358.00,5.58,-5.47,-0.52,2.88
2019-07-09,8.98,9.11,9.12,8.96,11502,17984828.00,1.78,1.45,0.13,1.51
2019-07-10,9.11,9.05,9.26,9.00,12963,20416792.00,2.85,-0.66,-0.06,1.70
2019-07-11,9.05,9.07,9.25,9.02,11012,17358558.00,2.54,0.22,0.02,1.45
2019-07-12,9.12,9.16,9.24,8.93,11806,18586167.00,3.42,0.99,0.09,1.55
2019-07-15,9.25,9.58,9.66,9.15,30402,49595328.00,5.57,4.59,0.42,3.99
2019-07-16,9.47,9.50,9.60,9.42,19938,32635133.00,1.88,-0.84,-0.08,2.62
2019-07-17,9.50,9.47,9.63,9.42,20436,33576643.00,2.21,-0.32,-0.03,2.68
2019-07-18,9.34,9.34,9.44,9.16,17127,27483543.00,2.96,-1.37,-0.13,2.25
2019-07-19,9.35,9.36,9.56,9.29,15666,25458258.00,2.89,0.21,0.02,2.06
2019-07-22,9.27,8.82,9.34,8.79,23286,35933164.00,5.88,-5.77,-0.54,3.06
2019-07-23,8.83,8.99,9.00,8.83,9578,14804607.00,1.93,1.93,0.17,1.26
2019-07-24,9.03,9.18,9.24,8.96,16051,25337518.00,3.11,2.11,0.19,2.11
2019-07-25,9.26,9.21,9.29,9.13,8756,13938971.00,1.74,0.33,0.03,1.15
2019-07-26,9.15,9.28,9.34,9.15,9995,15915096.00,2.06,0.76,0.07,1.31
2019-07-29,9.29,9.30,9.36,9.19,9178,14687456.00,1.83,0.22,0.02,1.21
2019-07-30,9.29,9.28,9.38,9.16,11081,17736099.00,2.37,-0.22,-0.02,1.45
2019-07-31,9.28,9.31,9.37,9.22,11083,17781627.00,1.62,0.32,0.03,1.46
2019-08-01,9.25,9.45,9.50,9.12,17197,27681862.00,4.08,1.50,0.14,2.26
2019-08-02,9.26,9.12,9.31,8.98,22166,34910282.00,3.49,-3.49,-0.33,2.91
2019-08-05,9.14,9.23,9.38,9.05,22067,35292654.00,3.62,1.21,0.11,2.90
2019-08-06,9.13,8.86,9.13,8.66,23342,35644193.00,5.09,-4.01,-0.37,3.06
2019-08-07,8.96,8.67,8.99,8.65,13324,20337942.00,3.84,-2.14,-0.19,1.75
2019-08-08,8.70,8.84,8.90,8.69,10060,15318477.00,2.42,1.96,0.17,1.32
2019-08-09,8.93,8.74,8.97,8.70,10312,15673902.00,3.05,-1.13,-0.10,1.35
2019-08-12,8.83,8.87,8.90,8.64,12631,19122601.00,2.97,1.49,0.13,1.66
2019-08-13,8.87,8.84,8.92,8.71,8778,13338564.00,2.37,-0.34,-0.03,1.15
2019-08-14,8.97,8.79,8.98,8.74,14267,21878117.00,2.71,-0.57,-0.05,1.87
2019-08-15,8.47,8.76,8.82,8.39,17941,26490703.00,4.89,-0.34,-0.03,2.36
2019-08-16,8.75,8.69,8.90,8.68,12832,19455507.00,2.51,-0.80,-0.07,1.68
2019-08-19,8.84,9.07,9.11,8.70,22786,35337322.00,4.72,4.37,0.38,2.99
2019-08-20,9.09,9.12,9.25,8.99,19643,30976916.00,2.87,0.55,0.05,2.58
2019-08-21,9.21,9.20,9.51,9.15,30415,48774388.00,3.95,0.88,0.08,3.99
2019-08-22,9.21,9.30,9.32,9.11,23327,37108458.00,2.28,1.09,0.10,3.06
2019-08-23,10.25,10.25,10.25,10.25,51350,90581135.00,0.00,10.22,0.95,6.74
2019-08-26,9.87,9.76,10.16,9.63,90422,153239538.00,5.17,-4.78,-0.49,11.87
2019-08-27,9.75,9.96,10.22,9.67,81550,139745071.00,5.64,2.05,0.20,10.71
2019-08-28,9.87,9.63,9.92,9.63,41010,68959417.00,2.91,-3.31,-0.33,5.38
2019-08-29,9.64,9.93,10.12,9.56,52732,90055463.00,5.82,3.12,0.30,6.92
2019-08-30,9.96,9.68,10.15,9.58,42892,72759211.00,5.74,-2.52,-0.25,5.63
2019-09-02,9.69,9.99,10.03,9.62,42134,71730962.00,4.24,3.20,0.31,5.53
2019-09-03,9.97,9.98,9.99,9.80,36649,62510512.00,1.90,-0.10,-0.01,4.81
2019-09-04,9.92,9.99,10.16,9.86,36370,62572837.00,3.01,0.10,0.01,4.78
2019-09-05,10.08,10.40,10.62,10.08,69797,124452562.00,5.41,4.10,0.41,9.16
2019-09-06,10.32,10.34,10.56,10.06,46303,82478273.00,4.81,-0.58,-0.06,6.08
2019-09-09,10.46,10.84,11.34,10.28,79631,146977962.00,10.25,4.84,0.50,10.45
2019-09-10,10.84,10.93,11.03,10.58,64689,120444958.00,4.15,0.83,0.09,8.49
2019-09-11,11.03,10.41,11.03,10.41,54259,99267479.00,5.67,-4.76,-0.52,7.12
2019-09-12,10.46,10.51,10.72,10.32,37652,68106249.00,3.84,0.96,0.10,4.94
2019-09-16,10.48,11.58,11.58,10.47,207191,407953568.00,10.56,10.18,1.07,27.20
2019-09-17,11.13,10.73,11.17,10.61,166435,312435136.00,4.84,-7.34,-0.85,21.85
2019-09-18,10.76,10.35,10.92,10.30,87634,158712302.00,5.78,-3.54,-0.38,11.51
2019-09-19,10.20,10.26,10.28,9.87,92099,160002968.00,3.96,-0.87,-0.09,5.12
2019-09-20,9.93,9.96,10.19,9.93,74620,128642372.00,2.53,-2.92,-0.30,4.15
2019-09-23,9.87,10.06,10.09,9.75,52842,90570314.00,3.41,1.00,0.10,2.94
2019-09-24,10.03,10.16,10.32,9.95,67832,118707627.00,3.68,0.99,0.10,3.77
2019-09-25,10.05,10.19,10.37,9.99,73084,128468361.00,3.74,0.30,0.03,4.06
2019-09-26,10.16,9.64,10.21,9.53,56614,95954736.00,6.67,-5.40,-0.55,3.15
2019-09-27,9.63,9.83,9.93,9.58,29481,49833610.00,3.63,1.97,0.19,1.64
2019-09-30,9.87,9.66,10.00,9.58,27592,46773919.00,4.27,-1.73,-0.17,1.53
2019-10-08,9.67,9.99,10.10,9.67,38488,66093345.00,4.45,3.42,0.33,2.14
2019-10-09,9.87,9.97,9.97,9.69,27974,47431083.00,2.80,-0.20,-0.02,1.55
2019-10-10,10.08,10.38,10.44,9.99,90572,159985699.00,4.51,4.11,0.41,5.03
2019-10-11,10.69,10.48,10.82,10.44,101791,185776448.00,3.66,0.96,0.10,5.66
2019-10-14,10.57,10.51,10.80,10.47,65535,119545043.00,3.15,0.29,0.03,3.64
2019-10-15,10.38,10.54,10.82,10.35,60141,109936355.00,4.47,0.29,0.03,3.34
2019-10-16,10.42,10.80,10.93,10.42,85954,159022299.00,4.84,2.47,0.26,4.78
2019-10-17,10.65,10.69,10.84,10.55,51265,94262775.00,2.69,-1.02,-0.11,2.85
2019-10-18,10.59,10.60,10.85,10.40,47535,87054146.00,4.21,-0.84,-0.09,2.64
2019-10-21,10.69,11.03,11.05,10.60,78839,147517681.00,4.25,4.06,0.43,4.38
2019-10-22,10.89,10.96,10.99,10.69,68017,126783440.00,2.72,-0.63,-0.07,3.78
2019-10-23,10.86,10.61,10.93,10.41,61902,113223249.00,4.74,-3.19,-0.35,3.44
2019-10-24,10.58,10.24,10.63,10.15,56044,99774878.00,4.52,-3.49,-0.37,3.11
2019-10-25,10.26,11.28,11.28,10.26,140634,267364862.00,9.96,10.16,1.04,7.82
2019-10-28,12.42,12.42,12.42,12.42,8184,17449247.00,0.00,10.11,1.14,0.45
2019-10-29,13.69,13.69,13.69,13.31,183234,429399488.00,3.06,10.23,1.27,10.18
2019-10-30,13.23,12.30,13.27,12.30,267342,584936752.00,7.09,-10.15,-1.39,14.86
2019-10-31,11.71,11.23,12.19,11.09,189590,379717520.00,8.94,-8.70,-1.07,10.54
2019-11-01,11.35,11.79,12.12,11.22,152285,307565920.00,8.01,4.99,0.56,8.46
2019-11-04,11.82,11.62,12.22,11.55,134788,275895216.00,5.68,-1.44,-0.17,7.49
2019-11-05,11.81,12.07,12.15,11.75,122142,251599112.00,3.44,3.87,0.45,6.79
2019-11-06,11.92,11.58,11.92,11.30,106878,212423094.00,5.14,-4.06,-0.49,5.94
2019-11-07,12.76,12.76,12.76,12.76,31530,69018403.00,0.00,10.19,1.18,1.75
2019-11-08,14.06,14.06,14.06,13.67,387313,929653824.00,3.06,10.19,1.30,21.53
2019-11-11,13.69,15.48,15.48,13.48,354683,906372592.00,14.22,10.10,1.42,19.71
2019-11-12,13.92,14.54,14.96,13.92,362703,885689712.00,6.72,-6.07,-0.94,20.16
2019-11-13,14.19,13.06,14.19,13.06,301266,691256448.00,7.77,-10.18,-1.48,16.74
2019-11-14,12.77,13.12,13.53,12.57,224218,505116736.00,7.35,0.46,0.06,12.46
2019-11-15,12.77,13.11,13.41,12.71,162830,366144560.00,5.34,-0.08,-0.01,9.05
2019-11-18,12.86,13.77,13.86,12.74,214358,496944976.00,8.54,5.03,0.66,11.91
2019-11-19,13.67,13.91,14.00,13.03,206273,479479056.00,7.04,1.02,0.14,11.46
2019-11-20,14.02,14.04,14.90,13.80,252948,621211760.00,7.91,0.93,0.13,14.06
2019-11-21,13.54,14.34,14.73,13.33,194726,470791936.00,9.97,2.14,0.30,10.82
2019-11-22,14.13,13.78,14.73,13.54,173450,418930592.00,8.30,-3.91,-0.56,9.64
2019-11-25,13.40,12.38,13.53,12.38,149848,325395040.00,8.35,-10.16,-1.40,8.33
2019-11-26,12.31,12.10,12.55,12.08,97880,206285049.00,3.80,-2.26,-0.28,5.44
2019-11-27,12.18,12.26,12.32,12.01,76446,159786833.00,2.56,1.32,0.16,4.25
2019-11-28,12.24,12.16,12.46,11.92,86723,181570132.00,4.40,-0.82,-0.10,4.82
2019-11-29,12.15,12.17,12.34,12.07,65991,138074030.00,2.22,0.08,0.01,3.67
2019-12-02,12.15,11.94,12.28,11.89,67229,139004375.00,3.20,-1.89,-0.23,3.74
2019-12-03,11.83,11.98,11.99,11.59,68229,138263887.00,3.35,0.34,0.04,3.79
2019-12-04,11.82,11.88,11.99,11.77,53956,109952810.00,1.84,-0.83,-0.10,3.00
2019-12-05,12.03,12.47,12.57,12.00,119978,253395962.00,4.80,4.97,0.59,6.67
2019-12-06,12.41,12.63,12.73,12.26,97442,208697334.00,3.77,1.28,0.16,5.42
2019-12-09,12.50,13.22,13.35,12.41,141477,314855200.00,7.44,4.67,0.59,7.86
2019-12-10,13.20,13.66,13.89,12.93,170181,397704880.00,7.26,3.33,0.44,9.46
2019-12-11,13.42,13.90,14.53,13.42,176165,421424112.00,8.13,1.76,0.24,9.79
2019-12-12,13.89,13.48,13.90,13.37,123533,286657648.00,3.81,-3.02,-0.42,6.87
2019-12-13,13.58,13.63,13.87,13.35,103651,241770067.00,3.86,1.11,0.15,5.76
2019-12-16,13.72,13.83,13.85,13.51,105418,248076923.00,2.49,1.47,0.20,5.86
2019-12-17,13.95,13.94,14.17,13.71,130295,311401952.00,3.33,0.80,0.11,7.24
2019-12-18,13.83,13.58,13.90,13.52,129583,304576320.00,2.73,-2.58,-0.36,7.20
2019-12-19,13.58,13.69,14.08,13.58,118899,281321760.00,3.68,0.81,0.11,6.61
2019-12-20,13.61,13.24,13.66,13.00,103903,237282169.00,4.82,-3.29,-0.45,5.77
2019-12-23,13.28,12.65,13.34,12.59,77258,172058341.00,5.66,-4.46,-0.59,4.29
2019-12-24,12.87,12.81,13.00,12.50,62153,136299924.00,3.95,1.26,0.16,3.45
2019-12-25,12.85,13.76,14.11,12.84,170934,400712304.00,9.91,7.42,0.95,9.50
2019-12-26,13.60,13.66,13.73,13.27,106162,245351567.00,3.34,-0.73,-0.10,5.90
2019-12-27,13.73,13.41,14.10,13.32,114482,269218400.00,5.71,-1.83,-0.25,6.36
2019-12-30,12.83,12.48,12.83,12.09,115136,245791019.00,5.52,-6.94,-0.93,6.40
2019-12-31,12.43,13.24,13.53,12.43,113196,255088403.00,8.81,6.09,0.76,7.93