2020-01-02,13.39,13.66,13.82,13.30,104255,243707453.00,3.93,3.17,0.42,7.31
2020-01-03,13.69,13.74,13.90,13.55,98085,230797171.00,2.56,0.59,0.08,6.87
2020-01-06,13.74,14.12,14.46,13.63,144683,351945696.00,6.04,2.77,0.38,10.14
2020-01-07,14.18,14.55,14.73,14.03,158385,392253824.00,4.96,3.05,0.43,11.10
2020-01-08,14.31,14.18,14.87,14.02,141775,349484224.00,5.84,-2.54,-0.37,9.94
2020-01-09,14.78,15.61,15.61,14.75,100964,266379146.00,6.06,10.08,1.43,7.08
2020-01-10,16.73,15.62,17.19,15.54,318685,898975072.00,10.57,0.06,0.01,22.34
2020-01-13,15.18,15.98,16.23,15.18,202022,542676352.00,6.72,2.30,0.36,14.16
2020-01-14,15.83,15.45,16.12,15.39,156256,419273904.00,4.57,-3.32,-0.53,10.95
2020-01-15,15.30,15.48,15.82,15.11,118042,313024048.00,4.60,0.19,0.03,8.27
2020-01-16,15.28,15.48,15.89,15.24,103358,275852432.00,4.20,0.00,0.00,7.24
2020-01-17,15.46,15.69,16.07,15.32,129457,348504048.00,4.84,1.36,0.21,9.07
2020-01-20,15.43,15.44,15.65,14.76,119943,311847264.00,5.67,-1.59,-0.25,8.41
2020-01-21,15.34,14.83,15.43,14.78,80761,207496775.00,4.21,-3.95,-0.61,5.66
2020-01-22,14.84,15.52,15.64,14.83,94338,245948476.00,5.46,4.65,0.69,6.61
2020-01-23,15.31,14.78,15.91,14.38,98362,256729155.00,9.86,-4.77,-0.74,6.89
2020-02-03,13.28,13.28,13.28,13.28,4826,10988802.00,0.00,-10.15,-1.50,0.34
2020-02-04,11.93,12.87,13.28,11.93,109268,238242602.00,10.17,-3.09,-0.41,7.66
2020-02-05,13.12,13.20,13.64,12.98,94491,215600508.00,5.13,2.56,0.33,6.62
2020-02-06,13.16,13.54,13.60,13.03,95862,219606549.00,4.32,2.58,0.34,6.72
2020-02-07,13.54,14.33,14.34,13.36,144558,344856336.00,7.24,5.83,0.79,10.13
2020-02-10,14.12,14.22,14.24,13.84,105948,255059723.00,2.79,-0.77,-0.11,7.43
2020-02-11,14.41,13.74,14.41,13.72,90722,216713435.00,4.85,-3.38,-0.48,6.36
2020-02-12,13.60,13.97,14.08,13.53,79518,188813812.00,4.00,1.67,0.23,5.57
2020-02-13,14.21,14.12,14.55,14.04,116637,286050528.00,3.65,1.07,0.15,8.18
2020-02-14,13.98,14.22,14.44,13.71,105202,254041110.00,5.17,0.71,0.10,7.37
2020-02-17,14.34,14.87,14.92,14.25,122525,307610160.00,4.71,4.57,0.65,8.59
2020-02-18,14.82,15.47,15.49,14.67,134171,346429040.00,5.51,4.03,0.60,9.40
2020-02-19,15.28,14.98,15.43,14.84,105253,272462288.00,3.81,-3.17,-0.49,7.38
2020-02-20,15.02,15.38,15.44,14.69,106363,274524592.00,5.01,2.67,0.40,7.45
2020-02-21,15.71,15.66,16.07,15.42,155069,417610992.00,4.23,1.82,0.28,10.87
2020-02-24,15.50,15.98,16.28,15.43,147787,400927792.00,5.43,2.04,0.32,10.36
2020-02-25,15.44,15.34,15.62,14.41,159533,414605872.00,7.57,-4.01,-0.64,11.18
2020-02-26,14.83,14.26,15.13,14.25,98715,248654263.00,5.74,-7.04,-1.08,6.92
2020-02-27,14.42,14.52,14.77,14.19,67940,169109978.00,4.07,1.82,0.26,4.76
2020-02-28,13.92,13.19,14.19,13.13,87319,204334779.00,7.30,-9.16,-1.33,6.12
2020-03-02,13.38,13.69,13.86,13.36,57254,133461174.00,3.79,3.79,0.50,4.01
2020-03-03,14.00,13.89,14.31,13.69,60738,146022725.00,4.53,1.46,0.20,4.26
2020-03-04,13.83,14.14,14.22,13.70,57513,138154185.00,3.74,1.80,0.25,4.03
2020-03-05,14.48,14.05,14.57,13.93,64698,156672642.00,4.53,-0.64,-0.09,4.53
2020-03-06,13.78,13.86,13.99,13.72,41976,99487628.00,1.92,-1.35,-0.19,2.94
2020-03-09,13.42,12.95,13.54,12.93,69294,156385473.00,4.40,-6.57,-0.91,4.86
2020-03-10,12.59,13.80,13.80,12.59,72481,165915399.00,9.34,6.56,0.85,5.08
2020-03-11,13.89,13.87,14.30,13.66,73331,175698778.00,4.64,0.51,0.07,5.14
2020-03-12,13.69,13.77,14.17,13.57,44423,105663944.00,4.33,-0.72,-0.10,3.11
2020-03-13,13.18,14.06,14.13,13.02,55472,130602395.00,8.06,2.11,0.29,3.89
2020-03-16,14.25,13.37,14.27,13.19,51160,121119849.00,7.68,-4.91,-0.69,3.59
2020-03-17,13.02,13.47,13.71,13.02,41863,95798923.00,5.16,0.75,0.10,2.93
2020-03-18,13.58,13.04,13.80,13.03,52997,122029796.00,5.72,-3.19,-0.43,3.71
2020-03-19,12.99,12.70,13.16,12.35,65270,142168456.00,6.21,-2.61,-0.34,4.57
2020-03-20,12.81,12.59,13.02,12.37,47654,103771747.00,5.12,-0.87,-0.11,3.34
2020-03-23,12.24,11.53,12.25,11.51,47420,97098038.00,5.88,-8.42,-1.06,3.32
2020-03-24,11.90,11.99,12.05,11.53,39149,79604598.00,4.51,3.99,0.46,2.74
2020-03-25,12.32,12.24,12.38,12.06,32592,68263238.00,2.67,2.09,0.25,2.28
2020-03-26,12.24,11.83,12.24,11.76,34041,69988060.00,3.92,-3.35,-0.41,2.39
2020-03-27,12.05,11.82,12.05,11.61,27270,55310355.00,3.72,-0.08,-0.01,1.91
2020-03-30,11.44,11.09,11.57,10.88,44308,84707328.00,5.84,-6.18,-0.73,3.11
2020-03-31,11.21,11.00,11.29,10.95,25963,49610521.00,3.07,-0.81,-0.09,1.82
2020-04-01,11.00,10.89,11.19,10.88,27426,52019737.00,2.82,-1.00,-0.11,1.92
2020-04-02,10.95,11.29,11.29,10.83,30414,57953347.00,4.22,3.67,0.40,2.13
2020-04-03,11.26,11.03,11.26,10.99,23628,45129209.00,2.39,-2.30,-0.26,1.66
2020-04-07,11.28,11.70,11.92,11.28,55020,110240556.00,5.80,6.07,0.67,3.86
2020-04-08,11.64,11.60,11.77,11.53,39805,79759670.00,2.05,-0.85,-0.10,2.79
2020-04-09,11.75,11.74,11.96,11.63,37309,75427556.00,2.84,1.21,0.14,2.61
2020-04-10,11.95,12.03,12.26,11.53,69929,143059843.00,6.22,2.47,0.29,4.90
2020-04-13,11.88,11.66,11.90,11.41,43984,87858079.00,4.07,-3.08,-0.37,3.08
2020-04-14,11.81,11.95,12.03,11.66,36745,74852055.00,3.17,2.49,0.29,2.58
2020-04-15,12.21,12.06,12.44,11.94,54354,113662045.00,4.18,0.92,0.11,3.81
2020-04-16,11.80,13.03,13.12,11.80,111380,238940464.00,10.95,8.04,0.97,7.81
2020-04-17,13.23,12.65,13.23,12.56,106596,234856454.00,5.14,-2.92,-0.38,7.47
2020-04-20,12.64,12.84,12.93,12.49,57715,125957528.00,3.48,1.50,0.19,4.05
2020-04-21,12.70,12.80,12.87,12.41,49116,106953036.00,3.58,-0.31,-0.04,3.44
2020-04-22,12.57,12.80,12.80,12.50,36144,78749026.00,2.34,0.00,0.00,2.53
2020-04-23,12.83,12.69,12.93,12.57,45910,100373733.00,2.81,-0.86,-0.11,3.22
2020-04-24,12.77,12.25,12.81,12.18,45889,98082949.00,4.96,-3.47,-0.44,3.22
2020-04-27,12.35,12.06,12.45,12.03,36076,75515596.00,3.43,-1.55,-0.19,2.53
2020-04-28,12.06,11.82,12.19,11.28,52134,104776111.00,7.55,-1.99,-0.24,3.65
2020-04-29,11.76,11.87,11.91,11.66,27709,56071823.00,2.12,0.42,0.05,1.94
2020-04-30,11.94,12.34,12.47,11.94,37266,78515388.00,4.47,3.96,0.47,2.61
2020-05-06,12.19,12.79,12.83,12.19,51346,111388215.00,5.19,3.65,0.45,3.60
2020-05-07,12.98,12.77,13.00,12.64,46927,103073203.00,2.81,-0.16,-0.02,3.29
2020-05-08,12.89,12.99,13.18,12.83,62705,139734072.00,2.74,1.72,0.22,4.39
2020-05-11,13.01,12.82,13.05,12.60,47479,104665640.00,3.46,-1.31,-0.17,3.33
2020-05-12,12.83,12.71,12.86,12.41,30823,66805143.00,3.51,-0.86,-0.11,2.16
2020-05-13,12.68,12.71,12.80,12.48,26186,56718303.00,2.52,0.00,0.00,1.84
2020-05-14,12.59,12.57,12.89,12.53,31378,68249689.00,2.83,-1.10,-0.14,2.20
2020-05-15,12.64,12.64,12.86,12.59,32734,71304435.00,2.15,0.56,0.07,2.29
2020-05-18,12.61,12.05,12.64,11.98,47359,99287063.00,5.22,-4.67,-0.59,3.32
2020-05-19,12.24,12.44,12.44,12.15,35442,75148845.00,2.41,3.24,0.39,2.48
2020-05-20,12.46,12.34,12.47,11.87,40587,84457010.00,4.82,-0.80,-0.10,2.84
2020-05-21,12.15,11.89,12.20,11.87,31123,64189423.00,2.67,-3.65,-0.45,2.18
2020-05-22,11.87,11.58,11.92,11.47,29310,58677385.00,3.78,-2.61,-0.31,2.05
2020-05-25,11.58,11.50,11.68,11.41,22269,44068137.00,2.33,-0.69,-0.08,1.56
2020-05-26,11.66,11.69,11.75,11.40,47878,73028448.00,3.04,1.65,0.19,2.58
2020-05-27,11.64,11.34,11.64,11.27,40872,61391918.00,3.17,-2.99,-0.35,2.20
2020-05-28,11.39,11.77,11.84,11.08,56285,84929636.00,6.70,3.79,0.43,3.03
2020-05-29,11.64,12.24,12.37,11.57,92322,146428198.00,6.80,3.99,0.47,4.97
2020-06-01,12.24,12.55,12.73,12.08,84178,138511253.00,5.31,2.53,0.31,4.53
2020-06-02,12.63,12.28,12.63,12.22,62695,102032582.00,3.27,-2.15,-0.27,3.38
2020-06-03,12.37,12.30,12.86,12.24,55214,90195907.00,5.05,0.16,0.02,2.98
2020-06-04,11.95,11.82,11.97,11.69,83535,130131314.00,2.28,-3.90,-0.48,4.50
2020-06-05,11.83,11.82,11.97,11.64,36970,57501265.00,2.79,0.00,0.00,1.99
2020-06-08,11.79,11.84,12.07,11.77,36945,57857164.00,2.54,0.17,0.02,1.99
2020-06-09,11.84,12.57,13.00,11.77,102946,168597082.00,10.39,6.17,0.73,5.53
2020-06-10,12.54,12.37,12.64,12.26,63326,103364711.00,3.02,-1.59,-0.20,3.40
2020-06-11,12.37,12.41,12.52,12.14,55919,90769609.00,3.07,0.32,0.04,3.00
2020-06-12,12.08,12.13,12.24,11.92,47905,76102430.00,2.58,-2.26,-0.28,2.57
2020-06-15,12.13,12.58,13.02,12.08,89681,148869956.00,7.75,3.71,0.45,4.82
2020-06-16,13.59,13.26,13.86,13.20,204526,364626256.00,5.25,5.41,0.68,10.99
2020-06-17,13.24,12.94,13.60,12.70,164399,282375856.00,6.79,-2.41,-0.32,8.83
2020-06-18,12.94,13.92,14.25,12.94,250685,457034992.00,10.12,7.57,0.98,13.47
2020-06-19,13.59,13.59,13.66,13.22,184506,325966672.00,3.16,-2.37,-0.33,9.91
2020-06-22,13.57,13.54,13.74,13.25,106284,188416213.00,3.61,-0.37,-0.05,5.71
2020-06-23,13.50,13.47,13.73,13.27,69282,122069738.00,3.40,-0.52,-0.07,3.72
2020-06-24,13.58,13.30,13.58,13.12,71969,125844145.00,3.41,-1.26,-0.17,3.87
2020-06-29,13.23,13.04,13.27,12.84,60244,103079019.00,3.23,-1.95,-0.26,3.24
2020-06-30,13.19,13.55,13.57,13.05,86677,152346323.00,3.99,3.91,0.51,4.66
2020-07-01,13.70,13.47,13.76,13.17,77674,136333766.00,4.35,-0.59,-0.08,4.17
2020-07-02,13.31,13.55,13.60,13.28,75029,132879429.00,2.38,0.59,0.08,4.03
2020-07-03,13.57,13.83,13.95,13.33,97578,174896870.00,4.58,2.07,0.28,5.24
2020-07-06,13.85,14.29,14.52,13.70,123149,228284274.00,5.93,3.33,0.46,6.62
2020-07-07,14.32,14.25,14.74,14.05,146406,276807968.00,4.83,-0.28,-0.04,7.87
2020-07-08,15.09,15.07,15.53,14.43,189310,372428672.00,7.72,5.75,0.82,10.17
2020-07-09,14.93,16.21,16.60,14.81,222734,463293856.00,11.88,7.56,1.14,11.97
2020-07-10,15.94,15.66,16.20,15.60,158127,327827728.00,3.70,-3.39,-0.55,8.50
2020-07-13,15.82,16.01,16.27,15.77,127852,268236993.00,3.19,2.23,0.35,6.87
2020-07-14,16.04,16.41,16.77,15.77,169076,361143376.00,6.25,2.50,0.40,9.09
2020-07-15,16.09,15.03,16.22,15.00,142600,289579872.00,7.43,-8.41,-1.38,7.66
2020-07-16,15.30,14.37,15.67,14.27,109203,213898668.00,9.31,-4.39,-0.66,5.87
2020-07-17,14.39,13.81,14.68,13.62,95632,175921577.00,7.38,-3.90,-0.56,5.14
2020-07-20,14.03,14.20,14.24,13.70,79434,145680353.00,3.91,2.82,0.39,4.27
2020-07-21,14.59,14.35,14.78,14.17,89047,169508659.00,4.30,1.06,0.15,4.78
2020-07-22,14.55,14.63,14.90,14.43,103849,199601065.00,3.28,1.95,0.28,5.58
2020-07-23,14.27,14.10,14.58,13.77,87797,162673146.00,5.54,-3.62,-0.53,4.72
2020-07-24,14.00,13.01,14.26,12.94,100390,178655872.00,9.36,-7.73,-1.09,5.39
2020-07-27,13.16,13.02,13.27,12.82,53199,91221643.00,3.46,0.08,0.01,2.86
2020-07-28,13.14,13.47,13.53,13.02,61673,107498051.00,3.92,3.46,0.45,3.31
2020-07-29,13.31,13.76,13.84,13.20,61725,109942539.00,4.75,2.15,0.29,3.32
2020-07-30,13.74,13.57,13.76,13.48,52985,94646088.00,2.03,-1.38,-0.19,2.85
2020-07-31,13.47,13.98,14.00,13.47,67925,122883502.00,3.91,3.02,0.41,3.65
2020-08-03,14.04,14.43,14.44,13.90,88200,164925525.00,3.86,3.22,0.45,4.74
2020-08-04,14.77,14.92,15.31,14.62,145640,287059248.00,4.78,3.40,0.49,7.83
2020-08-05,15.16,14.94,15.29,14.68,93583,183786736.00,4.09,0.13,0.02,5.03
2020-08-06,14.84,15.49,15.66,14.81,148683,298855744.00,5.69,3.68,0.55,7.99
2020-08-07,15.38,14.70,15.38,14.39,119301,231726767.00,6.39,-5.10,-0.79,6.41
2020-08-10,14.54,14.97,15.60,14.47,92707,183971643.00,7.69,1.84,0.27,4.98
2020-08-11,15.16,14.54,15.37,14.47,78854,153568708.00,6.01,-2.87,-0.43,4.24
2020-08-12,14.37,14.24,14.77,13.94,63791,118796790.00,5.71,-2.06,-0.30,3.43
2020-08-13,14.39,14.01,14.40,13.90,43365,80383538.00,3.51,-1.62,-0.23,2.33
2020-08-14,13.90,14.40,14.41,13.90,53459,99633929.00,3.64,2.78,0.39,2.87
2020-08-17,14.46,15.67,15.85,14.45,203092,413226096.00,9.72,8.82,1.27,10.91
2020-08-18,15.49,15.59,16.00,15.37,162376,334712208.00,4.02,-0.51,-0.08,8.73
2020-08-19,15.55,14.91,15.77,14.89,95830,191066653.00,5.64,-4.36,-0.68,5.15
2020-08-20,14.84,14.65,15.47,14.61,101765,200040388.00,5.77,-1.74,-0.26,5.47
2020-08-21,14.85,14.76,15.08,14.40,82233,158798845.00,4.64,0.75,0.11,4.42
2020-08-24,14.71,14.95,15.21,14.20,98999,192857340.00,6.84,1.29,0.19,5.32
2020-08-25,15.23,15.98,16.30,15.10,216883,450474480.00,8.03,6.89,1.03,11.65
2020-08-26,15.77,16.06,16.69,15.66,227112,480680611.00,6.45,0.50,0.08,12.20
2020-08-27,15.91,16.94,17.66,15.16,249062,533902510.00,15.57,5.48,0.88,13.38
2020-08-28,16.74,17.48,17.58,16.29,235043,525817268.00,7.62,3.19,0.54,12.63
2020-08-31,18.00,17.06,18.85,17.04,252936,588173737.00,10.35,-2.40,-0.42,13.59
2020-09-01,17.41,16.80,17.80,16.37,180176,403322307.00,8.38,-1.52,-0.26,9.68
2020-09-02,16.81,17.92,17.94,16.58,206186,465531008.00,8.10,6.67,1.12,11.08
2020-09-03,17.69,16.95,17.70,16.77,156222,351748639.00,5.19,-5.41,-0.97,8.39
2020-09-04,16.39,16.94,17.27,16.14,102791,226797619.00,6.67,-0.06,-0.01,5.52
2020-09-07,17.24,17.31,17.93,17.06,196719,451954918.00,5.14,2.18,0.37,10.57
2020-09-08,17.32,18.54,18.84,17.01,234820,558232543.00,10.57,7.11,1.23,12.62
2020-09-09,18.00,17.04,18.14,16.59,211346,484835845.00,8.36,-8.09,-1.50,11.36
2020-09-10,17.15,15.63,17.16,15.30,153834,324324163.00,10.92,-8.27,-1.41,8.27
2020-09-11,15.31,15.96,16.24,15.31,82377,172323447.00,5.95,2.11,0.33,4.43
2020-09-14,16.00,16.52,16.64,15.97,95478,204938670.00,4.20,3.51,0.56,5.13
2020-09-15,16.76,17.11,17.91,16.67,160888,364908480.00,7.51,3.57,0.59,8.65
2020-09-16,16.82,16.46,17.24,16.32,106279,232296433.00,5.38,-3.80,-0.65,5.71
2020-09-17,16.48,17.80,18.61,16.05,238382,542289810.00,15.55,8.14,1.34,12.81
2020-09-18,17.68,18.54,19.22,17.54,315326,761746056.00,9.44,4.16,0.74,16.94
2020-09-21,19.07,18.70,19.07,18.07,209778,513002465.00,5.39,0.86,0.16,11.27
2020-09-22,18.11,17.78,18.71,17.54,171864,405822835.00,6.26,-4.92,-0.92,9.23
2020-09-23,17.83,18.37,18.43,17.30,168732,396878214.00,6.36,3.32,0.59,9.07
2020-09-24,17.97,17.07,18.14,17.01,150440,343726246.00,6.15,-7.08,-1.30,8.08
2020-09-25,17.17,16.67,17.41,16.64,88873,196992636.00,4.51,-2.34,-0.40,4.78
2020-09-28,16.74,16.69,17.13,16.27,70932,155558205.00,5.16,0.12,0.02,3.81
2020-09-29,17.10,17.51,17.70,16.74,109452,249307832.00,5.75,4.91,0.82,5.88
2020-09-30,17.48,17.08,17.62,16.95,75614,171100803.00,3.83,-2.46,-0.43,4.06
2020-10-09,16.68,16.45,16.74,15.59,202964,431957616.00,6.73,-3.69,-0.63,10.91
2020-10-12,16.48,18.52,18.67,16.48,257998,593811596.00,13.31,12.58,2.07,13.86
2020-10-13,18.31,18.39,18.70,17.97,168675,405593516.00,3.94,-0.70,-0.13,9.06
2020-10-14,18.50,19.26,19.58,18.10,277751,689935699.00,8.05,4.73,0.87,14.92
2020-10-15,18.97,18.85,19.20,18.36,165664,407306856.00,4.36,-2.13,-0.41,8.90
2020-10-16,18.40,19.18,19.45,18.09,146116,360257328.00,7.21,1.75,0.33,7.85
2020-10-19,19.18,18.69,20.04,18.47,169846,428547360.00,8.19,-2.55,-0.49,9.13
2020-10-20,18.70,20.14,20.60,18.64,248709,644493488.00,10.49,7.76,1.45,13.36
2020-10-21,19.74,19.41,19.94,18.93,174996,445418128.00,5.01,-3.62,-0.73,9.40
2020-10-22,19.37,18.92,19.39,18.74,103013,257262663.00,3.35,-2.52,-0.49,5.54
2020-10-23,19.06,18.01,19.18,17.94,130108,314542944.00,6.55,-4.81,-0.91,6.99
2020-10-26,17.92,18.77,18.82,17.77,112164,270159152.00,5.83,4.22,0.76,6.03
2020-10-27,18.23,18.52,18.59,17.30,143989,337120608.00,6.87,-1.33,-0.25,7.74
2020-10-28,18.31,17.99,18.31,17.81,86555,205074698.00,2.70,-2.86,-0.53,4.65
2020-10-29,17.64,18.27,18.53,17.32,90307,214099734.00,6.73,1.56,0.28,4.85
2020-10-30,18.30,17.01,18.43,17.00,98981,229197769.00,7.83,-6.90,-1.26,5.32
2020-11-02,17.22,17.50,17.68,16.68,64076,144911660.00,5.88,2.88,0.49,3.44
2020-11-03,17.40,17.66,17.90,17.34,60734,140501195.00,3.20,0.91,0.16,3.26
2020-11-04,17.67,17.84,17.90,17.08,76904,177403377.00,4.64,1.02,0.18,4.13
2020-11-05,18.08,17.87,18.08,17.45,76680,178233215.00,3.53,0.17,0.03,4.12
2020-11-06,17.89,17.04,17.93,17.04,77843,177546514.00,4.98,-4.64,-0.83,4.18
2020-11-09,17.10,17.50,17.72,17.07,75419,172441454.00,3.81,2.70,0.46,4.05
2020-11-10,17.75,18.60,18.93,17.62,178871,431284752.00,7.49,6.29,1.10,9.61
2020-11-11,18.39,17.94,18.53,17.94,87417,208168205.00,3.17,-3.55,-0.66,4.70
2020-11-12,18.11,18.80,19.30,18.08,139179,343187008.00,6.80,4.79,0.86,7.48
2020-11-13,18.93,19.03,19.46,18.43,122940,304004832.00,5.48,1.22,0.23,6.61
2020-11-16,18.84,18.48,18.85,18.16,96946,233633651.00,3.63,-2.89,-0.55,5.21
2020-11-17,18.31,17.64,18.31,17.45,86736,201318086.00,4.65,-4.55,-0.84,4.66
2020-11-18,17.66,17.16,17.99,17.16,79903,184193971.00,4.71,-2.72,-0.48,4.29
2020-11-19,16.97,17.51,17.60,16.22,85024,189173606.00,8.04,2.04,0.35,4.57
2020-11-20,17.47,17.04,17.50,16.77,72656,162502167.00,4.17,-2.68,-0.47,3.90
2020-11-23,16.97,16.53,17.04,16.40,71907,156894788.00,3.76,-2.99,-0.51,3.86
2020-11-24,16.57,16.64,16.87,16.39,53549,116559565.00,2.90,0.67,0.11,2.88
2020-11-25,16.63,16.46,16.77,16.17,53363,115057359.00,3.61,-1.08,-0.18,2.87
2020-11-26,16.54,16.34,16.63,16.31,34066,73294702.00,1.94,-0.73,-0.12,1.83
2020-11-27,16.30,16.13,16.38,16.01,41668,88265321.00,2.26,-1.29,-0.21,2.24
2020-11-30,16.08,16.44,16.50,16.06,41936,90177659.00,2.73,1.92,0.31,2.25
2020-12-01,16.56,16.58,16.76,16.54,47609,103921938.00,1.34,0.85,0.14,2.56
2020-12-02,16.59,16.30,16.60,16.18,41979,90089180.00,2.53,-1.69,-0.28,2.26
2020-12-03,16.27,16.22,16.42,16.10,25232,53872512.00,1.96,-0.49,-0.08,1.36
2020-12-04,16.08,16.31,16.35,16.08,23796,50538790.00,1.66,0.55,0.09,1.28
2020-12-07,16.34,16.14,16.50,16.14,30439,64991532.00,2.21,-1.04,-0.17,1.64
2020-12-08,16.14,15.66,16.28,15.48,59938,124003627.00,4.96,-2.97,-0.48,3.22
2020-12-09,15.64,14.84,15.85,14.77,59244,118563753.00,6.90,-5.24,-0.82,3.18
2020-12-10,14.92,15.02,15.27,14.74,33184,65546673.00,3.57,1.21,0.18,1.78
2020-12-11,15.05,15.17,15.18,14.54,45206,88255437.00,4.26,1.00,0.15,2.43
2020-12-14,14.99,15.20,15.35,14.93,23551,46904236.00,2.77,0.20,0.03,1.27
2020-12-15,15.24,15.17,15.38,15.01,19106,38140032.00,2.43,-0.20,-0.03,1.03
2020-12-16,15.20,14.66,15.24,14.64,33745,66047931.00,3.96,-3.36,-0.51,1.81
2020-12-17,14.74,15.14,15.17,14.68,38458,75571226.00,3.34,3.27,0.48,2.07
2020-12-18,15.00,14.78,15.11,14.68,29644,57872867.00,2.84,-2.38,-0.36,1.59
2020-12-21,14.67,14.66,14.97,14.43,28016,54104579.00,3.65,-0.81,-0.12,1.51
2020-12-22,14.60,13.90,14.68,13.89,56239,104823490.00,5.39,-5.18,-0.76,3.02
2020-12-23,13.94,13.70,14.14,13.57,43915,79294614.00,4.10,-1.44,-0.20,2.36
2020-12-24,13.84,13.14,13.84,13.04,50153,87626120.00,5.84,-4.09,-0.56,2.69
2020-12-25,12.98,13.24,13.64,12.98,41952,73744975.00,5.02,0.76,0.10,2.25
2020-12-28,13.24,12.67,13.35,12.66,53713,91002313.00,5.21,-4.31,-0.57,2.89
2020-12-29,12.86,12.61,13.04,12.55,64916,109481159.00,3.87,-0.47,-0.06,3.49
2020-12-30,12.55,12.55,12.77,12.40,38854,64386289.00,2.93,-0.48,-0.06,2.09
2020-12-31,12.54,13.04,13.07,12.54,49438,84035982.00,4.22,3.90,0.49,2.65