2023-01-03,2.88,2.94,2.95,2.87,152003,44188853.00,2.78,2.08,0.06,0.81
2023-01-04,2.94,2.95,2.96,2.92,94074,27711578.86,1.36,0.34,0.01,0.50
2023-01-05,2.96,2.98,2.98,2.93,110760,32812458.90,1.69,1.02,0.03,0.59
2023-01-06,2.98,2.95,3.00,2.95,114488,34029254.00,1.68,-1.01,-0.03,0.61
2023-01-09,2.97,3.05,3.10,2.97,248577,75677398.77,4.41,3.39,0.10,1.32
2023-01-10,3.08,3.03,3.09,3.02,110458,33554689.56,2.30,-0.66,-0.02,0.59
2023-01-11,3.05,2.99,3.06,2.99,97988,29538935.00,2.31,-1.32,-0.04,0.52
2023-01-12,3.00,2.99,3.02,2.98,63213,18933812.62,1.34,0.00,0.00,0.34
2023-01-13,2.99,2.99,3.01,2.98,57336,17152962.52,1.00,0.00,0.00,0.31
2023-01-16,3.00,3.02,3.03,2.99,81438,24546978.00,1.34,1.00,0.03,0.43
2023-01-17,3.01,2.99,3.03,2.99,57130,17148303.00,1.32,-0.99,-0.03,0.30
2023-01-18,2.99,2.99,3.01,2.98,100881,30233403.00,1.00,0.00,0.00,0.54
2023-01-19,3.01,3.00,3.01,2.98,113811,34026749.06,1.00,0.33,0.01,0.61
2023-01-20,3.00,3.04,3.05,3.00,123831,37552738.46,1.67,1.33,0.04,0.66
2023-01-30,3.07,3.08,3.09,3.06,237038,73029868.40,0.99,1.32,0.04,1.26
2023-01-31,3.08,3.09,3.09,3.02,159060,48746224.10,2.27,0.32,0.01,0.85
2023-02-01,3.09,3.12,3.12,3.07,155707,48282441.60,1.62,0.97,0.03,0.83
2023-02-02,3.13,3.09,3.14,3.08,120898,37507289.38,1.92,-0.96,-0.03,0.64
2023-02-03,3.09,3.10,3.11,3.05,131560,40501341.00,1.94,0.32,0.01,0.70
2023-02-06,3.08,3.08,3.10,3.07,75308,23247789.58,0.97,-0.65,-0.02,0.40
2023-02-07,3.10,3.11,3.12,3.07,121753,37682083.20,1.62,0.97,0.03,0.65
2023-02-08,3.12,3.13,3.15,3.10,156995,49063849.12,1.61,0.64,0.02,0.84
2023-02-09,3.12,3.15,3.15,3.11,145811,45748787.00,1.28,0.64,0.02,0.78
2023-02-10,3.16,3.14,3.16,3.12,125868,39503713.86,1.27,-0.32,-0.01,0.67
2023-02-13,3.15,3.14,3.15,3.12,105216,32947420.24,0.96,0.00,0.00,0.56
2023-02-14,3.14,3.16,3.17,3.12,170393,53613173.87,1.59,0.64,0.02,0.91
2023-02-15,3.16,3.14,3.16,3.13,98906,31098116.48,0.95,-0.63,-0.02,0.53
2023-02-16,3.14,3.04,3.15,3.02,245061,75865474.64,4.14,-3.18,-0.10,1.30
2023-02-17,3.05,3.06,3.12,3.05,151086,46581843.52,2.30,0.66,0.02,0.80
2023-02-20,3.07,3.06,3.08,3.02,133543,40683546.00,1.96,0.00,0.00,0.71
2023-02-21,3.06,3.05,3.08,3.02,211720,64612532.70,1.96,-0.33,-0.01,1.13
2023-02-22,3.05,3.03,3.05,3.02,104543,31721131.20,0.98,-0.66,-0.02,0.56
2023-02-23,3.04,3.02,3.05,3.01,138031,41760089.20,1.32,-0.33,-0.01,0.73
2023-02-24,3.04,3.03,3.04,3.00,105803,31972723.00,1.32,0.33,0.01,0.56
2023-02-27,3.01,2.98,3.02,2.96,151940,45422534.00,1.98,-1.65,-0.05,0.81
2023-02-28,2.99,3.00,3.00,2.96,117294,34957600.38,1.34,0.67,0.02,0.62
2023-03-01,3.00,3.01,3.02,2.99,110287,33121802.00,1.00,0.33,0.01,0.59
2023-03-02,3.01,3.00,3.02,2.99,114445,34399921.00,1.00,-0.33,-0.01,0.61
2023-03-03,3.00,2.99,3.00,2.97,127466,38013877.76,1.00,-0.33,-0.01,0.68
2023-03-06,2.98,2.97,2.99,2.96,96773,28726824.00,1.00,-0.67,-0.02,0.52
2023-03-07,2.97,2.91,2.98,2.91,169266,49687818.61,2.36,-2.02,-0.06,0.90
2023-03-08,2.92,2.96,2.97,2.91,135050,39859483.67,2.06,1.72,0.05,0.72
2023-03-09,2.99,2.97,2.99,2.95,74751,22194460.00,1.35,0.34,0.01,0.40
2023-03-10,2.95,2.92,2.96,2.92,82925,24331251.77,1.35,-1.68,-0.05,0.44
2023-03-13,2.90,2.90,2.94,2.89,89865,26100548.00,1.71,-0.68,-0.02,0.48
2023-03-14,2.90,2.87,2.91,2.84,78492,22562712.00,2.41,-1.03,-0.03,0.42