2009-01-05,2.24,2.53,2.56,2.23,46443,44630889.00,14.80,13.45,0.30,0.76
2009-01-06,2.56,2.63,2.67,2.45,55517,55304633.00,8.70,3.95,0.10,0.90
2009-01-07,2.62,2.51,2.73,2.51,59982,60122450.00,8.37,-4.56,-0.12,0.98
2009-01-08,2.44,2.56,2.61,2.34,45878,44471663.00,10.76,1.99,0.05,0.75
2009-01-09,2.61,2.98,3.10,2.43,142934,148009497.00,26.17,16.41,0.42,2.33
2009-01-12,2.86,3.22,3.34,2.86,109012,119192997.00,16.11,8.05,0.24,1.78
2009-01-13,3.17,3.14,3.56,2.95,138137,154272981.00,18.94,-2.48,-0.08,2.25
2009-01-14,3.07,3.35,3.40,3.03,55709,61670676.00,11.78,6.69,0.21,0.91
2009-01-15,3.28,3.42,3.53,3.22,84334,96246285.00,9.25,2.09,0.07,1.37
2009-01-16,3.40,3.50,3.68,3.39,93941,108992201.00,8.48,2.34,0.08,1.53
2009-01-19,3.44,3.40,3.71,3.11,100136,114060755.00,17.14,-2.86,-0.10,1.63
2009-01-20,3.42,3.26,3.42,3.06,92193,101085629.00,10.59,-4.12,-0.14,1.50
2009-01-21,3.16,3.38,3.50,3.08,70379,78857652.00,12.88,3.68,0.12,1.15
2009-01-22,3.46,3.52,3.95,3.31,108855,126718484.00,18.93,4.14,0.14,1.77
2009-01-23,3.40,3.63,3.84,3.36,123673,146430746.00,13.64,3.13,0.11,2.01
2009-02-02,3.66,3.40,3.66,3.33,113659,130127333.00,9.09,-6.34,-0.23,1.85
2009-02-03,3.38,3.34,3.42,3.09,227307,252260712.00,9.71,-1.76,-0.06,3.70
2009-02-04,3.33,3.52,3.54,3.29,175403,201176569.00,7.49,5.39,0.18,2.86
2009-02-05,3.53,3.41,3.75,3.34,198058,233691390.00,11.65,-3.13,-0.11,3.23
2009-02-06,3.45,3.86,4.01,3.41,206672,247475144.00,17.60,13.20,0.45,3.37
2009-02-09,4.02,4.02,4.09,3.78,277832,345036381.00,8.03,4.15,0.16,4.53
2009-02-10,4.01,4.28,4.51,3.89,205646,266365173.00,15.42,6.47,0.26,3.35
2009-02-11,4.17,4.23,4.60,4.12,229972,304676114.00,11.21,-1.17,-0.05,3.75
2009-02-13,4.48,4.92,4.94,4.28,196049,269064806.00,15.60,16.31,0.69,3.19
2009-02-16,5.07,5.57,5.60,4.95,279947,412577508.00,13.21,13.21,0.65,4.56
2009-02-17,5.62,5.05,5.83,5.03,291101,441162391.00,14.36,-9.34,-0.52,4.74
2009-02-18,4.79,4.84,5.05,4.62,201421,282393550.00,8.51,-4.16,-0.21,3.28
2009-02-19,4.85,5.12,5.26,4.70,139757,200222594.00,11.57,5.79,0.28,2.28
2009-02-20,5.10,5.11,5.33,5.03,107771,157589097.00,5.86,-0.20,-0.01,1.76
2009-02-23,5.17,5.45,5.53,5.17,205180,307962818.00,7.05,6.65,0.34,3.34
2009-02-24,5.37,5.12,5.73,5.11,168134,253871873.00,11.38,-6.06,-0.33,2.74
2009-02-25,5.23,4.71,5.27,4.31,185645,255700002.00,18.75,-8.01,-0.41,3.02
2009-02-26,4.63,4.31,4.95,4.17,170126,234634456.00,16.56,-8.49,-0.40,2.77
2009-02-27,4.20,4.13,4.34,3.69,121322,151631892.00,15.08,-4.18,-0.18,1.98
2009-03-02,4.03,4.47,4.58,3.90,147929,195335828.00,16.46,8.23,0.34,2.41
2009-03-03,4.26,4.60,4.78,4.15,128517,171186668.00,14.09,2.91,0.13,2.09
2009-03-04,4.78,5.18,5.35,4.78,141105,203826559.00,12.39,12.61,0.58,2.30
2009-03-05,5.27,5.02,5.43,4.87,130368,191317990.00,10.81,-3.09,-0.16,2.12
2009-03-06,4.90,5.25,5.56,4.78,122031,180482339.00,15.54,4.58,0.23,1.99
2009-03-09,5.33,5.10,5.67,5.01,150837,226659020.00,12.57,-2.86,-0.15,2.46
2009-03-10,5.16,4.95,5.26,4.66,139629,196454840.00,11.76,-2.94,-0.15,2.27
2009-03-11,5.13,4.61,5.26,4.45,138815,193518642.00,16.36,-6.87,-0.34,2.26
2009-03-12,4.56,4.71,4.84,4.16,201294,264971616.00,14.75,2.17,0.10,3.28
2009-03-13,4.67,4.91,5.16,4.55,153529,216855199.00,12.95,4.25,0.20,2.50
2009-03-16,4.95,5.36,5.37,4.79,180347,262853380.00,11.81,9.16,0.45,2.94
2009-03-17,5.40,5.97,6.12,5.34,310103,482108655.00,14.55,11.38,0.61,5.05
2009-03-18,6.01,5.73,6.08,5.73,164412,262417724.00,5.86,-4.02,-0.24,2.68
2009-03-19,5.77,5.88,6.06,5.77,123208,196180865.00,5.06,2.62,0.15,2.01
2009-03-20,5.79,5.67,5.92,5.33,104909,161724707.00,10.03,-3.57,-0.21,1.71
2009-03-23,5.64,6.18,6.31,5.51,178867,289446378.00,14.11,8.99,0.51,2.91
2009-03-24,6.23,6.21,6.65,6.09,137883,231167710.00,9.06,0.49,0.03,2.25
2009-03-25,6.16,6.04,6.37,5.98,98512,161887908.00,6.28,-2.74,-0.17,1.60
2009-03-26,6.05,6.20,6.28,5.77,109112,176157785.00,8.44,2.65,0.16,1.78
2009-03-27,6.28,6.16,6.43,6.00,105221,174301430.00,6.94,-0.65,-0.04,1.29
2009-03-30,6.12,5.82,6.15,5.78,112778,179829644.00,6.01,-5.52,-0.34,1.38
2009-03-31,5.66,6.17,6.28,5.47,142606,224562535.00,13.92,6.01,0.35,1.75
2009-04-01,6.12,6.36,6.50,6.09,131030,218876786.00,6.65,3.08,0.19,1.60
2009-04-02,6.37,6.60,6.86,6.35,124833,215504130.00,8.02,3.77,0.24,1.53
2009-04-03,6.73,6.42,6.95,6.35,82539,141193221.00,9.09,-2.73,-0.18,1.01
2009-04-07,6.43,6.20,6.50,6.06,65766,107766291.00,6.85,-3.43,-0.22,0.80
2009-04-08,6.14,6.05,6.37,5.99,94649,154188298.00,6.13,-2.42,-0.15,1.16
2009-04-09,5.98,6.27,6.29,5.96,78002,126014048.00,5.45,3.64,0.22,0.95
2009-04-10,6.36,6.64,6.67,6.31,115582,195668078.00,5.74,5.90,0.37,1.41
2009-04-13,6.71,6.63,6.85,6.46,98854,168975278.00,5.87,-0.15,-0.01,1.21
2009-04-14,6.61,6.87,7.05,6.42,131897,228430914.00,9.50,3.62,0.24,1.61
2009-04-15,6.85,6.88,6.96,6.47,121683,208251622.00,7.13,0.15,0.01,1.49
2009-04-16,6.82,6.54,6.82,6.51,92212,157217561.00,4.51,-4.94,-0.34,1.13
2009-04-17,6.51,6.47,6.62,6.43,77883,131935260.00,2.91,-1.07,-0.07,0.95
2009-04-20,6.41,6.68,6.70,6.38,67120,114627829.00,4.95,3.25,0.21,0.82
2009-04-21,6.50,6.52,6.77,6.47,76954,131304963.00,4.49,-2.40,-0.16,0.94
2009-04-22,6.67,6.04,6.72,5.98,92686,154747760.00,11.35,-7.36,-0.48,1.13
2009-04-23,6.00,6.15,6.26,5.80,64928,104602590.00,7.62,1.82,0.11,0.79
2009-04-24,6.17,6.03,6.29,6.01,34135,55524282.00,4.55,-1.95,-0.12,0.42
2009-04-27,5.98,5.72,6.15,5.55,48570,77051778.00,9.95,-5.14,-0.31,0.59
2009-04-28,5.72,5.79,5.85,5.68,40402,62570324.00,2.97,1.22,0.07,0.49
2009-04-29,5.80,6.27,6.32,5.73,63904,103362976.00,10.19,8.29,0.48,0.78
2009-04-30,6.32,6.58,6.75,6.32,182586,312505864.00,6.86,4.94,0.31,2.23
2009-05-04,6.62,7.00,7.16,6.62,147267,261213531.00,8.21,6.38,0.42,1.80
2009-05-05,7.02,6.91,7.23,6.78,122364,216141905.00,6.43,-1.29,-0.09,1.50
2009-05-06,6.90,7.33,7.40,6.75,171156,308796363.00,9.41,6.08,0.42,2.09
2009-05-07,7.33,7.31,7.40,7.01,88880,160915876.00,5.32,-0.27,-0.02,1.09
2009-05-08,7.25,7.62,7.76,7.04,135760,251953228.00,9.85,4.24,0.31,1.66
2009-05-11,7.62,7.13,7.72,7.12,143114,267151554.00,7.87,-6.43,-0.49,1.75
2009-05-12,7.07,7.42,7.45,6.96,51051,93464768.00,6.87,4.07,0.29,0.62
2009-05-13,7.39,7.90,7.98,7.35,110168,210388613.00,8.49,6.47,0.48,1.35
2009-05-14,7.85,8.03,8.23,7.58,69725,136156759.00,8.23,1.65,0.13,0.85
2009-05-15,8.03,7.78,8.06,7.57,70735,136479699.00,6.10,-3.11,-0.25,0.87
2009-05-18,7.72,7.84,7.95,7.48,61762,116699862.00,6.04,0.77,0.06,0.76
2009-05-19,7.84,8.02,8.23,7.84,53544,105079165.00,4.97,2.30,0.18,0.66
2009-05-20,8.02,8.43,8.61,7.86,60862,123046950.00,9.35,5.11,0.41,0.74
2009-05-21,8.23,8.12,8.77,7.94,71460,144068365.00,9.85,-3.68,-0.31,0.87
2009-05-22,7.92,7.81,8.07,7.68,94279,181130585.00,4.80,-3.82,-0.31,1.15
2009-05-25,7.52,7.94,8.01,7.40,74851,144297733.00,7.81,1.66,0.13,0.92
2009-05-26,7.90,7.68,7.90,7.52,72825,138683806.00,4.79,-3.27,-0.26,0.89
2009-05-27,7.68,7.73,7.82,7.58,42880,81991911.00,3.13,0.65,0.05,0.52
2009-06-01,8.01,8.48,8.54,7.96,48955,98390741.00,7.50,9.70,0.75,0.60
2009-06-02,8.46,8.47,8.79,8.24,66556,137361930.00,6.49,-0.12,-0.01,0.81
2009-06-03,8.46,9.01,9.32,8.32,111285,236137433.00,11.81,6.38,0.54,1.36
2009-06-04,8.76,8.87,9.15,8.73,61108,129517980.00,4.66,-1.55,-0.14,0.75
2009-06-05,8.87,8.56,8.89,8.35,41114,84782152.00,6.09,-3.49,-0.31,0.50
2009-06-08,8.55,8.28,9.01,8.23,73102,150411048.00,9.11,-3.27,-0.28,0.89
2009-06-09,8.32,8.40,8.46,8.17,30725,62137208.00,3.50,1.45,0.12,0.38
2009-06-10,8.50,8.23,8.53,8.10,46520,92959990.00,5.12,-2.02,-0.17,0.57
2009-06-11,8.22,7.83,8.22,7.79,60365,117444565.00,5.22,-4.86,-0.40,0.74
2009-06-12,7.80,7.40,7.92,7.22,112620,210676242.00,8.94,-5.49,-0.43,1.38
2009-06-15,7.39,7.46,7.56,7.20,153501,282912068.00,4.86,0.81,0.06,1.88
2009-06-16,7.40,7.22,7.46,7.05,147790,268588042.00,5.50,-3.22,-0.24,1.81
2009-06-17,7.24,7.92,8.12,7.01,187573,349228845.00,15.37,9.70,0.70,2.30
2009-06-18,7.80,7.95,8.18,7.72,189616,369060244.00,5.81,0.38,0.03,2.32
2009-06-19,7.91,8.27,8.47,7.90,116530,232745453.00,7.17,4.03,0.32,1.43
2009-06-22,8.32,8.01,8.45,7.82,145439,286715891.00,7.62,-3.14,-0.26,1.78
2009-06-23,7.92,8.64,8.73,7.73,217036,438817436.00,12.48,7.87,0.63,2.66
2009-06-24,8.62,8.84,9.07,8.37,158073,329280588.00,8.10,2.31,0.20,1.93
2009-06-25,9.21,8.99,9.56,8.90,271217,591448953.00,7.47,1.70,0.15,3.32
2009-06-26,8.99,9.17,9.23,8.76,120333,255618718.00,5.23,2.00,0.18,1.47
2009-06-29,9.11,9.51,9.75,9.07,127375,284960285.00,7.42,3.71,0.34,1.56
2009-06-30,9.52,9.67,9.98,9.27,78601,177008776.00,7.47,1.68,0.16,0.96
2009-07-01,9.51,10.04,10.27,9.40,77299,180197614.00,9.00,3.83,0.37,0.95
2009-07-02,9.87,10.57,10.58,9.86,106749,251494618.00,7.17,5.28,0.53,1.31
2009-07-06,11.21,10.78,11.46,10.57,129166,325785335.00,8.42,1.99,0.21,1.58
2009-07-07,10.57,10.16,10.57,9.90,143957,337549473.00,6.22,-5.75,-0.62,1.76
2009-07-08,9.91,10.42,10.62,9.85,83742,197455516.00,7.58,2.56,0.26,1.02
2009-07-09,10.38,10.21,10.40,9.98,68773,161863506.00,4.03,-2.02,-0.21,0.84
2009-07-10,10.18,10.18,10.54,9.88,92862,217747160.00,6.46,-0.29,-0.03,1.14
2009-07-13,9.90,9.73,10.10,9.68,84182,193270363.00,4.13,-4.42,-0.45,1.03
2009-07-14,9.87,10.17,10.27,9.72,134994,311572601.00,5.65,4.52,0.44,1.65
2009-07-15,10.11,10.01,10.16,9.83,98044,226100737.00,3.24,-1.57,-0.16,1.20
2009-07-16,10.08,10.17,10.43,9.86,111877,263649156.00,5.69,1.60,0.16,1.37
2009-07-17,10.17,10.10,10.35,9.98,80248,188420981.00,3.64,-0.69,-0.07,0.98
2009-07-20,10.05,10.02,10.06,9.62,138569,315908956.00,4.36,-0.79,-0.08,1.70
2009-07-21,9.94,9.78,10.07,9.67,107208,245894241.00,3.99,-2.40,-0.24,1.31
2009-07-22,9.68,9.83,9.87,9.46,164174,370046308.00,4.19,0.51,0.05,2.01
2009-07-23,9.92,10.15,10.46,9.87,168265,395447155.00,6.00,3.26,0.32,2.06
2009-07-24,10.35,10.02,10.42,9.79,108787,256247499.00,6.21,-1.28,-0.13,1.33
2009-07-27,10.01,9.87,10.18,9.68,115939,266109520.00,4.99,-1.50,-0.15,1.42
2009-07-28,9.87,9.77,10.10,9.40,230050,518149957.00,7.09,-1.01,-0.10,2.82
2009-07-29,9.68,8.71,9.68,8.51,215479,467126517.00,11.98,-10.85,-1.06,2.64
2009-07-30,8.72,8.72,9.08,8.39,174616,362597713.00,7.92,0.11,0.01,2.14
2009-07-31,8.79,8.98,8.98,8.49,212038,444857018.00,5.62,2.98,0.26,2.60
2009-08-03,8.97,8.75,8.97,8.51,244763,508563632.00,5.12,-2.56,-0.23,3.00
2009-08-04,8.76,8.47,8.94,8.18,284271,583343953.00,8.69,-3.20,-0.28,3.48
2009-08-05,8.40,8.18,8.40,8.01,232601,462779324.00,4.60,-3.42,-0.29,2.85
2009-08-06,8.18,8.56,8.90,7.96,383479,782094362.00,11.49,4.65,0.38,4.69
2009-08-07,8.46,8.37,8.70,8.24,169968,346046757.00,5.37,-2.22,-0.19,2.08
2009-08-10,8.38,8.01,8.56,7.68,186467,368240600.00,10.51,-4.30,-0.36,2.28
2009-08-11,8.00,8.16,8.35,7.91,101472,202010681.00,5.49,1.87,0.15,1.24
2009-08-12,8.15,8.19,8.50,8.07,214498,431953885.00,5.27,0.37,0.03,2.63
2009-08-13,8.21,8.75,8.90,7.93,342463,705644069.00,11.84,6.84,0.56,4.19
2009-08-14,8.72,8.57,8.93,8.44,193707,403431081.00,5.60,-2.06,-0.18,2.37
2009-08-17,8.46,7.44,8.46,7.43,158279,306989745.00,12.02,-13.19,-1.13,1.94
2009-08-18,7.18,7.45,7.65,7.12,115892,215062060.00,7.12,0.13,0.01,1.42
2009-08-19,7.43,6.85,7.73,6.80,128561,237306395.00,12.48,-8.05,-0.60,1.57
2009-08-20,6.78,7.13,7.18,6.51,162787,285824269.00,9.78,4.09,0.28,1.99
2009-08-21,7.07,7.19,7.40,6.91,123033,222284373.00,6.87,0.84,0.06,1.51
2009-08-24,7.21,7.49,7.50,7.13,111390,205306257.00,5.15,4.17,0.30,1.36
2009-08-25,7.46,7.01,7.46,6.65,139602,249283461.00,10.81,-6.41,-0.48,1.71
2009-08-26,6.93,7.18,7.28,6.79,148837,268325861.00,6.99,2.43,0.17,1.82
2009-08-27,7.05,7.03,7.18,6.85,85643,152279011.00,4.60,-2.09,-0.15,1.05
2009-08-28,7.03,6.61,7.07,6.54,85096,146991587.00,7.54,-5.97,-0.42,1.04
2009-08-31,6.51,5.66,6.51,5.66,137224,216148651.00,12.86,-14.37,-0.95,1.68
2009-09-01,5.64,5.94,6.29,5.57,115060,182542578.00,12.72,4.95,0.28,1.41
2009-09-02,5.86,6.12,6.16,5.79,82953,133204025.00,6.23,3.03,0.18,1.02
2009-09-03,6.12,6.90,7.01,6.12,153224,263589754.00,14.54,12.75,0.78,1.88
2009-09-04,6.90,7.11,7.21,6.82,159782,286437477.00,5.65,3.04,0.21,1.96
2009-09-07,7.12,7.00,7.33,6.85,101754,183903420.00,6.75,-1.55,-0.11,1.25
2009-09-08,6.95,7.37,7.57,6.81,112258,205691778.00,10.86,5.29,0.37,1.37
2009-09-09,7.39,7.42,7.57,7.29,83306,154236016.00,3.80,0.68,0.05,1.02
2009-09-10,7.40,7.37,7.64,7.36,72819,136004491.00,3.77,-0.67,-0.05,0.89
2009-09-11,7.33,7.67,7.71,7.27,82148,154698895.00,5.97,4.07,0.30,1.01
2009-09-14,7.75,7.89,7.96,7.72,77734,149460932.00,3.13,2.87,0.22,0.95
2009-09-15,7.96,7.80,8.04,7.62,98595,189108750.00,5.32,-1.14,-0.09,1.21
2009-09-16,7.80,7.51,7.85,7.40,99362,186313013.00,5.77,-3.72,-0.29,1.22
2009-09-17,7.47,7.58,7.65,7.47,59622,112151150.00,2.40,0.93,0.07,0.73
2009-09-18,7.60,7.12,7.62,7.00,102947,187913923.00,8.18,-6.07,-0.46,1.26
2009-09-21,6.96,6.98,7.12,6.68,62536,109834651.00,6.18,-1.97,-0.14,0.77
2009-09-22,6.98,6.87,7.25,6.84,64160,114736537.00,5.87,-1.58,-0.11,0.79
2009-09-23,6.86,6.67,6.98,6.65,66920,116724133.00,4.80,-2.91,-0.20,0.82
2009-09-24,6.62,7.11,7.15,6.22,163064,278697168.00,13.94,6.60,0.44,2.00
2009-09-25,6.90,6.77,7.06,6.72,45476,79745724.00,4.78,-4.78,-0.34,0.56
2009-09-28,6.84,6.36,6.88,6.21,47658,80931481.00,9.90,-6.06,-0.41,0.58
2009-09-29,6.35,6.38,6.51,6.21,48205,80090969.00,4.72,0.31,0.02,0.59
2009-09-30,6.43,6.65,6.73,6.43,55141,94173779.00,4.70,4.23,0.27,0.67
2009-10-09,6.76,7.10,7.15,6.67,72345,128338712.00,7.22,6.77,0.45,0.89
2009-10-12,7.13,7.09,7.15,6.96,49162,88074994.00,2.68,-0.14,-0.01,0.60
2009-10-13,7.07,7.12,7.13,6.97,58668,104856841.00,2.26,0.42,0.03,0.72
2009-10-14,7.18,7.45,7.59,7.12,125270,232360241.00,6.60,4.63,0.33,1.53
2009-10-15,7.47,7.47,7.63,7.40,78289,146191464.00,3.09,0.27,0.02,0.96
2009-10-16,7.55,7.51,7.55,7.33,45458,84456970.00,2.95,0.54,0.04,0.56
2009-10-19,7.47,8.13,8.22,7.47,120801,236340277.00,9.99,8.26,0.62,1.48
2009-10-20,8.22,8.13,8.37,8.02,114320,227976536.00,4.31,0.00,0.00,1.40
2009-10-21,8.13,8.36,8.63,8.05,119957,243583887.00,7.13,2.83,0.23,1.47
2009-10-22,8.24,8.38,8.58,8.21,68180,138149195.00,4.43,0.24,0.02,0.83
2009-10-23,8.43,8.57,8.75,8.38,81497,168695543.00,4.42,2.27,0.19,1.00
2009-10-26,8.70,8.75,9.01,8.51,75863,158523586.00,5.83,2.10,0.18,0.93
2009-10-27,8.53,8.18,8.67,8.15,90961,183815859.00,5.94,-6.51,-0.57,1.11
2009-10-28,8.02,8.26,8.35,8.00,75698,150215073.00,4.28,0.98,0.08,0.93
2009-10-29,8.26,7.63,8.28,7.57,123548,240780729.00,8.60,-7.63,-0.63,1.51
2009-10-30,7.85,7.51,7.95,7.46,139712,266068774.00,6.42,-1.57,-0.12,1.71
2009-11-02,7.18,7.73,7.81,7.01,139364,257072104.00,10.65,2.93,0.22,1.71
2009-11-03,7.77,7.77,7.95,7.65,140645,268944446.00,3.88,0.52,0.04,1.72
2009-11-04,7.80,8.07,8.35,7.51,298678,577883104.00,10.81,3.86,0.30,3.66
2009-11-05,8.00,7.90,8.21,7.70,168850,330088166.00,6.32,-2.11,-0.17,2.07
2009-11-06,7.98,8.07,8.23,7.98,176964,350471901.00,3.16,2.15,0.17,2.17
2009-11-09,8.12,8.24,8.33,8.05,138345,276251769.00,3.47,2.11,0.17,1.69
2009-11-10,8.35,8.61,8.76,8.29,247993,511732308.00,5.70,4.49,0.37,3.04
2009-11-11,8.73,8.60,8.97,8.51,198591,414760425.00,5.34,-0.12,-0.01,2.43
2009-11-12,8.66,8.40,8.77,8.36,153565,314939390.00,4.77,-2.33,-0.20,1.88
2009-11-13,8.28,8.26,8.38,8.07,131844,263602470.00,3.69,-1.67,-0.14,1.61
2009-11-16,8.23,8.56,8.62,8.23,143301,291976841.00,4.72,3.63,0.30,1.75
2009-11-17,8.71,8.86,9.08,8.71,226514,481742340.00,4.32,3.50,0.30,2.77
2009-11-18,8.96,9.11,9.27,8.82,163191,351794571.00,5.08,2.82,0.25,2.00
2009-11-19,9.11,8.95,9.11,8.86,125144,266540504.00,2.74,-1.76,-0.16,1.53
2009-11-20,9.00,9.89,10.11,8.95,324723,736665017.00,12.96,10.50,0.94,3.97
2009-11-23,9.92,9.83,9.99,9.61,214952,489963361.00,3.84,-0.61,-0.06,2.63
2009-11-24,9.78,9.38,10.07,9.33,285926,652342073.00,7.53,-4.58,-0.45,3.50
2009-11-25,9.29,9.93,9.99,9.19,207841,468442694.00,8.53,5.86,0.55,2.54
2009-11-26,10.11,9.62,10.71,9.46,316886,744100678.00,12.59,-3.12,-0.31,3.88
2009-11-27,9.35,9.07,9.66,8.71,149713,325946402.00,9.88,-5.72,-0.55,1.83
2009-11-30,9.12,9.35,9.42,9.12,137543,300380313.00,3.31,3.09,0.28,1.68
2009-12-01,9.35,9.61,9.66,9.23,131655,292768760.00,4.60,2.78,0.26,1.61
2009-12-02,9.62,9.89,10.03,9.55,145219,332154888.00,4.99,2.91,0.28,1.78
2009-12-03,9.77,9.66,10.03,9.41,115073,260132086.00,6.27,-2.33,-0.23,1.41
2009-12-04,9.67,9.54,10.01,9.12,143308,320302088.00,9.21,-1.24,-0.12,1.75
2009-12-07,9.57,9.85,9.96,9.26,132321,296825220.00,7.34,3.25,0.31,1.62
2009-12-08,9.90,10.03,10.31,9.90,215916,505951955.00,4.16,1.83,0.18,2.64
2009-12-09,9.90,9.75,10.17,9.68,94591,217790772.00,4.89,-2.79,-0.28,1.16
2009-12-10,9.67,9.55,9.93,9.41,103422,232009412.00,5.33,-2.05,-0.20,1.27
2009-12-11,9.68,9.29,9.72,9.13,123641,272080007.00,6.18,-2.72,-0.26,1.51
2009-12-14,9.51,9.54,9.63,9.14,163223,361364018.00,5.27,2.69,0.25,2.00
2009-12-15,9.69,9.03,10.00,9.00,370445,822139257.00,10.48,-5.35,-0.51,4.53
2009-12-16,8.87,8.73,9.00,8.58,189366,396597374.00,4.65,-3.32,-0.30,2.32
2009-12-17,8.85,8.41,8.95,8.40,116594,241691666.00,6.30,-3.67,-0.32,1.43
2009-12-18,8.18,7.60,8.18,7.57,173707,332462579.00,7.25,-9.63,-0.81,2.13
2009-12-21,7.57,7.74,7.82,7.29,137873,257395656.00,6.97,1.84,0.14,1.69
2009-12-22,7.73,7.20,7.73,7.09,123654,226754634.00,8.27,-6.98,-0.54,1.51
2009-12-23,7.18,7.22,7.35,7.05,97616,176564750.00,4.17,0.28,0.02,1.19
2009-12-24,7.18,7.41,7.48,7.05,147063,268883022.00,5.96,2.63,0.19,1.80
2009-12-25,7.33,7.60,7.73,7.23,121227,226484786.00,6.75,2.56,0.19,1.48
2009-12-28,7.55,7.65,7.70,7.46,114387,215416059.00,3.16,0.66,0.05,1.40
2009-12-29,7.61,7.40,7.62,7.29,101684,189228939.00,4.31,-3.27,-0.25,1.24
2009-12-30,7.41,7.57,7.60,7.18,184519,342621334.00,5.68,2.30,0.17,2.26
2009-12-31,7.53,7.53,7.62,7.35,114018,212812242.00,3.57,-0.53,-0.04,1.40