2017-01-03,5.80,5.92,5.93,5.80,131833,94476188.00,2.24,1.89,0.11,0.78
2017-01-04,5.91,5.98,6.00,5.88,168882,122025181.00,2.03,1.01,0.06,1.00
2017-01-05,5.98,5.98,6.03,5.93,150943,109431333.00,1.67,0.00,0.00,0.90
2017-01-06,5.98,6.07,6.18,5.94,264857,195063201.00,4.01,1.51,0.09,1.57
2017-01-09,6.06,6.16,6.19,6.03,204782,151743805.00,2.64,1.48,0.09,1.22
2017-01-10,6.20,6.04,6.20,6.03,152960,112714487.00,2.76,-1.95,-0.12,0.91
2017-01-11,6.04,5.94,6.08,5.87,173154,125495194.00,3.48,-1.66,-0.10,1.03
2017-01-12,5.95,5.87,5.99,5.85,111252,80160985.00,2.36,-1.18,-0.07,0.66
2017-01-13,5.88,5.81,5.91,5.80,106577,75881306.00,1.87,-1.02,-0.06,0.63
2017-01-16,5.80,5.53,5.81,5.22,224882,154545206.00,10.15,-4.82,-0.28,1.34
2017-01-17,5.50,5.56,5.60,5.43,89632,60934167.00,3.07,0.54,0.03,0.53
2017-01-18,5.55,5.56,5.61,5.48,101758,69700040.00,2.34,0.00,0.00,0.60
2017-01-19,5.53,5.54,5.64,5.50,85678,58573695.00,2.52,-0.36,-0.02,0.51
2017-01-20,5.54,5.60,5.63,5.51,93725,64447795.00,2.17,1.08,0.06,0.56
2017-01-23,5.62,5.70,5.79,5.58,131621,92031008.00,3.75,1.79,0.10,0.78
2017-01-24,5.71,5.74,5.88,5.64,159209,112139459.00,4.21,0.70,0.04,0.95
2017-01-25,5.70,5.72,5.74,5.66,83230,58139475.00,1.39,-0.35,-0.02,0.49
2017-01-26,5.74,5.75,5.78,5.72,75958,53406477.00,1.05,0.52,0.03,0.45
2017-02-03,5.77,5.71,5.77,5.69,59174,41427603.00,1.39,-0.70,-0.04,0.35
2017-02-06,5.70,5.80,5.84,5.70,89641,63306338.00,2.45,1.58,0.09,0.53
2017-02-07,5.77,5.87,6.00,5.77,205413,147275764.00,3.97,1.21,0.07,1.22
2017-02-08,5.88,5.96,5.97,5.84,183658,132230128.00,2.21,1.53,0.09,1.09
2017-02-09,5.95,6.09,6.16,5.92,276250,203244352.00,4.03,2.18,0.13,1.64
2017-02-10,6.09,6.41,6.67,6.05,706608,545369872.00,10.18,5.25,0.32,4.20
2017-02-13,6.52,6.48,6.70,6.41,518510,404374560.00,4.52,1.09,0.07,3.08
2017-02-14,6.45,6.62,6.66,6.40,361924,283299680.00,4.01,2.16,0.14,2.15
2017-02-15,6.53,6.38,6.59,6.32,334191,258061278.00,4.08,-3.63,-0.24,1.99
2017-02-16,6.34,6.77,6.87,6.30,581578,460867312.00,8.93,6.11,0.39,3.46
2017-02-17,6.69,6.56,6.75,6.48,301163,236867104.00,3.99,-3.10,-0.21,1.79
2017-02-20,6.54,6.59,6.71,6.52,285572,225261623.00,2.90,0.46,0.03,1.70
2017-02-21,6.62,6.58,6.70,6.51,233044,183098477.00,2.88,-0.15,-0.01,1.38
2017-02-22,6.59,6.78,6.85,6.53,440747,353564592.00,4.86,3.04,0.20,2.62
2017-02-23,6.75,6.63,6.76,6.49,378445,298631792.00,3.98,-2.21,-0.15,2.25
2017-02-24,6.58,6.51,6.60,6.45,210605,163902539.00,2.26,-1.81,-0.12,1.25
2017-02-27,6.50,6.53,6.60,6.44,139661,109045610.00,2.46,0.31,0.02,0.83
2017-02-28,6.60,6.68,6.69,6.52,230692,181819185.00,2.60,2.30,0.15,1.37
2017-03-01,6.62,6.61,6.78,6.54,282428,224806028.00,3.59,-1.05,-0.07,1.68
2017-03-02,6.67,6.55,6.77,6.53,239926,189974756.00,3.63,-0.91,-0.06,1.43
2017-03-03,6.50,6.33,6.52,6.31,284737,218311507.00,3.21,-3.36,-0.22,1.69
2017-03-06,6.36,6.35,6.37,6.27,154420,117626034.00,1.58,0.32,0.02,0.92
2017-03-07,6.23,6.22,6.29,6.15,330848,247662273.00,2.20,-2.05,-0.13,1.97
2017-03-08,6.22,6.18,6.26,6.15,195087,145973223.00,1.77,-0.64,-0.04,1.16
2017-03-09,6.19,6.16,6.21,6.11,144539,107542921.00,1.62,-0.32,-0.02,0.86
2017-03-10,6.18,6.15,6.20,6.13,104954,78112577.00,1.14,-0.16,-0.01,0.62
2017-03-13,6.16,6.20,6.27,6.10,140826,105367167.00,2.76,0.81,0.05,0.84
2017-03-14,6.21,6.21,6.29,6.19,135724,102056995.00,1.61,0.16,0.01,0.81
2017-03-15,6.22,6.23,6.27,6.12,158117,118510505.00,2.42,0.32,0.02,0.94
2017-03-16,6.23,6.31,6.33,6.23,172447,130320292.00,1.61,1.28,0.08,1.02
2017-03-17,6.30,6.19,6.35,6.18,158437,119856924.00,2.69,-1.90,-0.12,0.94
2017-03-20,6.14,6.10,6.19,5.98,265261,195163473.00,3.39,-1.45,-0.09,1.58
2017-03-21,6.10,6.20,6.24,6.05,184427,137106769.00,3.11,1.64,0.10,1.10
2017-03-22,6.13,6.95,6.95,6.13,669572,536961136.00,13.23,12.10,0.75,3.98
2017-03-23,7.06,7.77,7.77,7.01,2928103,2587090096.00,10.94,11.80,0.82,17.40
2017-03-24,8.01,8.22,8.62,7.82,3071422,2881247392.00,10.30,5.79,0.45,18.25
2017-03-27,8.18,8.23,8.71,8.14,2275337,2193076336.00,6.93,0.12,0.01,13.52
2017-03-28,8.05,9.18,9.18,8.00,2222365,2230805568.00,14.34,11.54,0.95,13.20
2017-03-29,9.37,9.79,10.23,9.04,3293191,3605166784.00,12.96,6.64,0.61,19.56
2017-03-30,9.55,9.38,10.05,9.26,2428293,2646668544.00,8.07,-4.19,-0.41,14.43
2017-03-31,9.32,9.42,9.49,8.80,1783552,1867548384.00,7.36,0.43,0.04,10.60
2017-04-05,9.81,9.56,9.89,9.22,1833374,1995077536.00,7.11,1.49,0.14,10.89
2017-04-06,9.32,9.39,9.87,9.25,1871536,2030936432.00,6.49,-1.78,-0.17,11.12
2017-04-07,9.25,9.69,9.79,9.13,1874923,2014973248.00,7.03,3.19,0.30,11.14
2017-04-10,9.55,9.72,9.87,9.32,1677970,1831189856.00,5.68,0.31,0.03,9.97
2017-04-11,9.71,9.98,10.27,9.52,2404787,2706768096.00,7.72,2.67,0.26,14.29
2017-04-12,9.58,8.85,9.59,8.85,1653237,1700809104.00,7.41,-11.32,-1.13,9.82
2017-04-13,8.62,8.55,8.80,8.40,1033777,1021665360.00,4.52,-3.39,-0.30,6.14
2017-04-14,8.62,8.13,8.67,8.01,1029134,991748208.00,7.72,-4.91,-0.42,6.11
2017-04-17,8.11,8.17,8.39,8.05,713378,677743200.00,4.18,0.49,0.04,4.24
2017-04-18,8.22,8.29,8.57,8.04,1022852,981936640.00,6.49,1.47,0.12,6.08
2017-04-19,8.15,8.39,8.53,8.09,870619,841124832.00,5.31,1.21,0.10,5.17
2017-04-20,8.30,8.57,8.62,8.20,834721,808106944.00,5.01,2.15,0.18,4.96
2017-04-21,8.59,7.59,8.68,7.59,970968,922307232.00,12.72,-11.44,-0.98,5.77
2017-04-24,7.29,6.84,7.44,6.73,996370,828642896.00,9.35,-9.88,-0.75,5.92
2017-04-25,6.92,7.11,7.27,6.84,725502,605411632.00,6.29,3.95,0.27,4.31
2017-04-26,7.12,7.33,7.37,7.03,776306,658245696.00,4.78,3.09,0.22,4.61
2017-04-27,7.27,8.03,8.19,7.13,1541197,1399703984.00,14.46,9.55,0.70,9.16
2017-04-28,7.83,8.01,8.10,7.78,835237,771583712.00,3.99,-0.25,-0.02,4.96
2017-05-02,7.98,8.16,8.39,7.95,762664,720619488.00,5.49,1.87,0.15,4.53
2017-05-03,8.10,8.35,8.82,8.03,1135307,1109366064.00,9.68,2.33,0.19,6.74
2017-05-04,8.21,8.40,8.65,7.84,1031661,984869184.00,9.70,0.60,0.05,6.13
2017-05-05,8.22,8.42,8.71,8.14,1055184,1026383504.00,6.79,0.24,0.02,6.27
2017-05-08,8.37,7.70,8.66,7.55,1001067,943169936.00,13.18,-8.55,-0.72,5.95
2017-05-09,7.56,8.09,8.11,7.38,725601,657323872.00,9.48,5.06,0.39,4.31
2017-05-10,8.04,7.66,8.15,7.60,673272,618663904.00,6.80,-5.32,-0.43,4.00
2017-05-11,7.52,8.40,8.47,7.44,1064778,989452576.00,13.45,9.66,0.74,6.33
2017-05-12,8.37,8.32,8.59,8.16,1139931,1098721728.00,5.12,-0.95,-0.08,6.77
2017-05-15,8.46,7.87,8.58,7.77,965369,913932912.00,9.74,-5.41,-0.45,5.74
2017-05-16,7.63,7.85,7.87,7.20,910049,803085792.00,8.51,-0.25,-0.02,5.41
2017-05-17,7.74,8.76,8.76,7.72,1640349,1581699280.00,13.25,11.59,0.91,9.75
2017-05-18,8.75,8.52,8.94,8.44,1745136,1737330304.00,5.71,-2.74,-0.24,10.37
2017-05-19,8.37,8.54,8.82,8.33,1085665,1071657568.00,5.75,0.23,0.02,6.45
2017-05-22,8.49,8.01,8.59,7.82,933867,883758976.00,9.02,-6.21,-0.53,5.55
2017-05-23,7.88,7.52,8.13,7.50,737413,671034976.00,7.87,-6.12,-0.49,4.38
2017-05-24,7.46,7.99,8.02,7.32,768030,694510192.00,9.31,6.25,0.47,4.56
2017-05-25,7.93,7.94,8.03,7.53,882082,802967168.00,6.26,-0.63,-0.05,5.24
2017-05-26,7.86,8.16,8.51,7.85,1137004,1083103856.00,8.31,2.77,0.22,6.75
2017-05-31,8.19,7.91,8.37,7.86,748044,703461408.00,6.25,-3.06,-0.25,4.44
2017-06-01,7.75,7.56,7.89,7.46,627379,562878096.00,5.44,-4.42,-0.35,3.73
2017-06-02,7.59,7.89,7.90,7.52,519376,469080896.00,5.03,4.37,0.33,3.09
2017-06-05,7.89,7.79,7.95,7.74,404392,365002608.00,2.66,-1.27,-0.10,2.40
2017-06-06,7.75,7.74,7.78,7.57,458552,405136304.00,2.70,-0.64,-0.05,2.72
2017-06-07,7.72,8.17,8.19,7.70,848982,778198208.00,6.33,5.56,0.43,5.04
2017-06-08,8.09,8.14,8.25,7.99,662699,616306016.00,3.18,-0.37,-0.03,3.94
2017-06-09,8.14,8.19,8.29,7.96,676698,629372144.00,4.05,0.61,0.05,4.02
2017-06-12,8.11,7.86,8.15,7.82,492137,451794656.00,4.03,-4.03,-0.33,2.92
2017-06-13,7.74,8.10,8.16,7.72,569378,525862672.00,5.60,3.05,0.24,3.38
2017-06-14,8.10,8.14,8.24,7.96,604303,561986000.00,3.46,0.49,0.04,3.59
2017-06-15,8.14,8.38,8.46,8.06,940683,894445632.00,4.91,2.95,0.24,5.59
2017-06-16,8.38,8.20,8.48,8.19,575153,545451840.00,3.46,-2.15,-0.18,3.42
2017-06-19,8.11,8.29,8.31,8.03,498506,467128176.00,3.41,1.10,0.09,2.96
2017-06-20,8.29,8.10,8.33,8.06,547125,511818768.00,3.26,-2.29,-0.19,3.25
2017-06-21,8.17,8.20,8.34,8.13,504174,475419088.00,2.59,1.23,0.10,3.00
2017-06-22,8.14,7.82,8.19,7.76,737479,676443680.00,5.24,-4.63,-0.38,4.38
2017-06-23,7.77,7.77,7.94,7.56,507518,453260704.00,4.86,-0.64,-0.05,3.02
2017-06-26,7.79,7.84,7.87,7.67,311603,279916480.00,2.57,0.90,0.07,1.85
2017-06-27,7.84,7.70,7.87,7.64,384211,342947232.00,2.93,-1.79,-0.14,2.28
2017-06-28,7.64,7.56,7.64,7.39,443755,386320656.00,3.25,-1.82,-0.14,2.64
2017-06-29,7.56,7.60,7.70,7.56,274930,242892502.00,1.85,0.53,0.04,1.63
2017-06-30,7.58,7.50,7.58,7.42,246610,214151693.00,2.11,-1.32,-0.10,1.47
2017-07-03,7.48,7.67,7.74,7.43,350014,307376544.00,4.13,2.27,0.17,2.08
2017-07-04,7.65,7.59,7.65,7.54,251136,220701051.00,1.43,-1.04,-0.08,1.49
2017-07-05,7.58,7.62,7.65,7.54,242499,212958165.00,1.45,0.40,0.03,1.44
2017-07-06,7.60,7.50,7.62,7.46,308668,269241600.00,2.10,-1.57,-0.12,1.83
2017-07-07,7.46,7.44,7.49,7.31,347547,298712960.00,2.40,-0.80,-0.06,2.06
2017-07-10,7.44,7.25,7.44,7.24,348648,297379552.00,2.69,-2.55,-0.19,2.07
2017-07-11,7.23,7.35,7.49,7.21,452295,389120128.00,3.86,1.38,0.10,2.69
2017-07-12,7.33,7.13,7.36,6.95,460667,382928208.00,5.58,-2.99,-0.22,2.74
2017-07-13,7.21,7.25,7.38,7.18,352373,298632016.00,2.81,1.68,0.12,2.09
2017-07-14,7.28,7.52,7.54,7.21,453545,390031936.00,4.55,3.72,0.27,2.69
2017-07-17,7.56,7.11,7.58,6.86,460670,388506032.00,9.57,-5.45,-0.41,2.74
2017-07-18,7.11,7.22,7.24,6.91,429627,354484800.00,4.64,1.55,0.11,2.55
2017-07-19,7.17,7.55,7.59,7.07,669781,575480976.00,7.20,4.57,0.33,3.98
2017-07-20,7.57,7.58,7.70,7.45,652655,573135840.00,3.31,0.40,0.03,3.88
2017-07-21,7.51,7.48,7.60,7.44,364143,316808720.00,2.11,-1.32,-0.10,2.16
2017-07-24,7.43,7.56,7.62,7.40,361811,315883168.00,2.94,1.07,0.08,2.15
2017-07-25,7.54,7.31,7.58,7.29,381661,327654720.00,3.84,-3.31,-0.25,2.27
2017-07-26,7.27,7.22,7.36,7.16,284970,239897190.00,2.74,-1.23,-0.09,1.69
2017-07-27,7.23,7.27,7.32,7.15,261724,220544284.00,2.35,0.69,0.05,1.55
2017-07-28,7.23,7.19,7.29,7.17,201792,169849055.00,1.65,-1.10,-0.08,1.20
2017-07-31,7.11,7.18,7.21,7.02,269703,224382026.00,2.64,-0.14,-0.01,1.60
2017-08-01,7.18,7.35,7.44,7.14,414373,352462320.00,4.18,2.37,0.17,2.46
2017-08-02,7.31,7.18,7.35,7.15,313198,263579782.00,2.72,-2.31,-0.17,1.86
2017-08-03,7.13,7.23,7.29,7.13,206922,173825224.00,2.23,0.70,0.05,1.23
2017-08-04,7.16,7.18,7.28,7.16,217464,182738955.00,1.66,-0.69,-0.05,1.29
2017-08-07,7.26,7.42,7.46,7.26,396304,340108656.00,2.79,3.34,0.24,2.35
2017-08-08,7.49,7.37,7.53,7.31,329555,282590896.00,2.96,-0.67,-0.05,1.96
2017-08-09,7.41,7.45,7.47,7.32,299048,257233907.00,2.04,1.09,0.08,1.78
2017-08-10,7.28,7.18,7.28,7.04,519928,433456432.00,3.22,-3.62,-0.27,3.09
2017-08-11,7.11,6.95,7.13,6.93,309678,254227912.00,2.79,-3.20,-0.23,1.84
2017-08-14,6.94,7.06,7.07,6.92,153572,126164423.00,2.16,1.58,0.11,0.91
2017-08-15,7.02,7.05,7.11,7.01,133364,110034038.00,1.42,-0.14,-0.01,0.79
2017-08-16,7.07,7.02,7.08,6.95,143577,117811465.00,1.84,-0.43,-0.03,0.85
2017-08-17,7.06,7.15,7.20,7.03,253828,211503659.00,2.42,1.85,0.13,1.51
2017-08-18,7.12,7.34,7.48,7.07,574999,490611296.00,5.73,2.66,0.19,3.42
2017-08-21,7.32,7.33,7.49,7.31,384863,329478656.00,2.45,-0.14,-0.01,2.29
2017-08-22,7.32,7.20,7.34,7.18,271911,228940586.00,2.18,-1.77,-0.13,1.62
2017-08-23,7.18,7.11,7.21,7.11,159474,133114263.00,1.39,-1.25,-0.09,0.95
2017-08-24,7.09,7.11,7.20,7.07,151000,125803580.00,1.83,0.00,0.00,0.90
2017-08-25,7.11,7.24,7.25,7.08,196652,164728745.00,2.39,1.83,0.13,1.17
2017-08-28,7.26,7.26,7.33,7.21,279674,236794361.00,1.66,0.28,0.02,1.66
2017-08-29,7.26,7.24,7.34,7.20,222555,188126934.00,1.93,-0.28,-0.02,1.32
2017-08-30,7.23,7.35,7.39,7.23,312693,266290451.00,2.21,1.52,0.11,1.86
2017-08-31,7.33,7.28,7.36,7.21,240423,203012613.00,2.04,-0.95,-0.07,1.43
2017-09-01,7.27,7.43,7.46,7.22,440193,376087584.00,3.30,2.06,0.15,2.62
2017-09-04,7.39,7.39,7.42,7.33,285730,244614537.00,1.21,-0.54,-0.04,1.70
2017-09-05,7.33,7.31,7.40,7.29,206541,175989045.00,1.49,-1.08,-0.08,1.23
2017-09-06,7.29,7.52,7.61,7.22,636587,551044752.00,5.34,2.87,0.21,3.78
2017-09-11,7.60,7.71,8.09,7.54,993731,895001104.00,7.31,2.53,0.19,5.90
2017-09-12,7.61,7.48,7.62,7.43,609397,530817456.00,2.46,-2.98,-0.23,3.62
2017-09-13,7.45,7.78,7.80,7.43,593242,524618672.00,4.95,4.01,0.30,3.52
2017-09-14,7.72,7.78,8.05,7.67,612372,554146672.00,4.88,0.00,0.00,3.64
2017-09-15,7.68,7.57,7.69,7.54,317816,279462160.00,1.93,-2.70,-0.21,1.89
2017-09-18,7.61,7.64,7.68,7.56,217341,191422968.00,1.59,0.92,0.07,1.29
2017-09-19,7.60,7.45,7.65,7.42,305984,265437002.00,3.01,-2.49,-0.19,1.82
2017-09-20,7.47,7.51,7.59,7.37,227444,196791771.00,2.95,0.81,0.06,1.35
2017-09-21,7.50,7.39,7.55,7.38,204297,176782479.00,2.26,-1.60,-0.12,1.21
2017-09-22,7.33,7.19,7.34,7.18,232611,196150717.00,2.17,-2.71,-0.20,1.38
2017-09-25,7.16,7.08,7.25,7.07,136330,113860658.00,2.50,-1.53,-0.11,0.81
2017-09-26,7.10,7.16,7.20,7.08,104231,86784322.00,1.69,1.13,0.08,0.62
2017-09-27,7.16,7.16,7.19,7.13,93323,78016160.00,0.84,0.00,0.00,0.55
2017-09-28,7.18,7.07,7.19,7.06,124980,103790168.00,1.82,-1.26,-0.09,0.74
2017-09-29,7.07,7.10,7.15,7.07,109951,91211801.00,1.13,0.42,0.03,0.65
2017-10-09,7.21,7.16,7.24,7.15,127007,106340612.00,1.27,0.85,0.06,0.75
2017-10-10,7.16,7.26,7.26,7.15,134848,113217024.00,1.54,1.40,0.10,0.80
2017-10-11,7.25,7.24,7.25,7.16,158989,133358038.00,1.24,-0.28,-0.02,0.94
2017-10-12,7.24,7.13,7.24,7.11,142094,118658214.00,1.80,-1.52,-0.11,0.84
2017-10-13,7.16,7.21,7.24,7.16,140086,117637273.00,1.12,1.12,0.08,0.83
2017-10-16,7.21,7.23,7.33,7.20,205333,173335526.00,1.80,0.28,0.02,1.22
2017-10-17,7.24,7.18,7.25,7.14,114452,95842577.00,1.52,-0.69,-0.05,0.68
2017-10-18,7.16,7.28,7.35,7.13,255664,216338186.00,3.06,1.39,0.10,1.52
2017-10-19,7.25,7.15,7.33,7.13,187519,157882250.00,2.75,-1.79,-0.13,1.11
2017-10-20,7.11,7.24,7.27,7.06,153861,128902668.00,2.94,1.26,0.09,0.91
2017-10-23,7.27,7.41,7.43,7.24,290089,248199135.00,2.62,2.35,0.17,1.72
2017-10-24,7.56,7.39,7.56,7.32,242700,209036958.00,3.24,-0.27,-0.02,1.44
2017-10-25,7.37,7.39,7.45,7.33,178240,152986558.00,1.62,0.00,0.00,1.06
2017-10-26,7.38,7.66,7.68,7.34,560468,491092720.00,4.60,3.65,0.27,3.33
2017-10-27,7.67,7.57,7.70,7.52,289587,254116112.00,2.35,-1.17,-0.09,1.72
2017-10-30,7.55,7.40,7.66,7.31,352004,304901216.00,4.62,-2.25,-0.17,2.09
2017-10-31,7.37,7.83,7.91,7.36,682258,609244352.00,7.43,5.81,0.43,4.05
2017-11-01,7.87,7.79,7.97,7.74,542798,490434000.00,2.94,-0.51,-0.04,3.22
2017-11-02,7.80,7.75,7.84,7.65,311194,277410048.00,2.44,-0.51,-0.04,1.85
2017-11-03,7.72,7.60,7.78,7.40,371981,325660224.00,4.90,-1.94,-0.15,2.21
2017-11-06,7.57,7.79,7.80,7.47,308197,272708576.00,4.34,2.50,0.19,1.83
2017-11-07,7.78,7.68,7.91,7.67,379637,340707072.00,3.08,-1.41,-0.11,2.26
2017-11-08,7.69,7.58,7.75,7.55,313494,276978160.00,2.60,-1.30,-0.10,1.86
2017-11-09,7.53,8.14,8.26,7.53,927082,848405136.00,9.63,7.39,0.56,5.51
2017-11-10,8.11,8.20,8.21,7.98,617633,573093344.00,2.83,0.74,0.06,3.67
2017-11-13,8.20,8.13,8.36,8.07,568181,532571520.00,3.54,-0.85,-0.07,3.38
2017-11-14,8.13,8.02,8.17,7.95,393106,363203616.00,2.71,-1.35,-0.11,2.34
2017-11-15,7.98,8.27,8.41,7.91,748517,703131248.00,6.23,3.12,0.25,4.45
2017-11-16,8.23,8.09,8.37,8.07,534010,502659808.00,3.63,-2.18,-0.18,3.17
2017-11-17,8.08,8.18,8.66,8.03,945860,903197808.00,7.79,1.11,0.09,5.62
2017-11-20,8.18,8.75,8.76,8.09,1031705,999252064.00,8.19,6.97,0.57,6.13
2017-11-21,8.66,8.86,8.93,8.55,849427,842907344.00,4.34,1.26,0.11,5.05
2017-11-22,8.85,8.73,8.99,8.62,655761,654990096.00,4.18,-1.47,-0.13,3.90
2017-11-23,8.66,8.76,9.16,8.61,809490,817223392.00,6.30,0.34,0.03,4.81
2017-11-24,8.52,8.42,8.76,8.29,596460,579691568.00,5.37,-3.88,-0.34,3.54
2017-11-27,8.32,8.20,8.65,8.17,455348,437511456.00,5.70,-2.61,-0.22,2.71
2017-11-28,8.12,8.47,8.48,8.10,368326,350188672.00,4.63,3.29,0.27,2.19
2017-11-29,8.41,8.89,8.93,8.37,662890,655330528.00,6.61,4.96,0.42,3.94
2017-11-30,8.76,8.56,8.89,8.54,477668,471302528.00,3.94,-3.71,-0.33,2.84
2017-12-01,8.48,8.51,8.60,8.28,364259,350675248.00,3.74,-0.58,-0.05,2.16
2017-12-04,8.43,8.38,8.76,8.35,465931,456553712.00,4.82,-1.53,-0.13,2.77
2017-12-05,8.32,7.56,8.36,7.46,830959,753630064.00,10.74,-9.79,-0.82,4.94
2017-12-06,7.46,7.69,7.73,7.36,360668,315232432.00,4.89,1.72,0.13,2.14
2017-12-07,7.61,7.47,7.67,7.46,281774,246290914.00,2.73,-2.86,-0.22,1.67
2017-12-08,7.47,7.51,7.61,7.47,186765,162896283.00,1.87,0.54,0.04,1.11
2017-12-11,7.51,7.65,7.66,7.44,266919,233751299.00,2.93,1.86,0.14,1.59
2017-12-12,7.61,7.53,7.75,7.52,216332,191020107.00,3.01,-1.57,-0.12,1.29
2017-12-13,7.52,7.50,7.57,7.38,253028,218738022.00,2.52,-0.40,-0.03,1.50
2017-12-14,7.48,7.37,7.49,7.33,242171,207434737.00,2.13,-1.73,-0.13,1.44
2017-12-15,7.33,7.24,7.47,7.19,218897,186506800.00,3.80,-1.76,-0.13,1.30
2017-12-18,7.21,7.30,7.34,7.21,149116,126272347.00,1.80,0.83,0.06,0.89
2017-12-19,7.32,7.51,7.56,7.32,307765,267295582.00,3.29,2.88,0.21,1.83
2017-12-20,7.53,7.45,7.72,7.44,271978,238895250.00,3.73,-0.80,-0.06,1.62
2017-12-21,7.56,7.78,7.88,7.55,404057,359577440.00,4.43,4.43,0.33,2.40
2017-12-22,7.71,7.86,7.99,7.70,271642,246806540.00,3.73,1.03,0.08,1.61
2017-12-25,7.87,8.04,8.22,7.86,396210,366359488.00,4.58,2.29,0.18,2.35
2017-12-26,8.06,8.12,8.14,7.92,245363,226867257.00,2.74,1.00,0.08,1.46
2017-12-27,8.14,7.91,8.28,7.91,220306,204652803.00,4.56,-2.59,-0.21,1.31
2017-12-28,7.96,8.51,8.71,7.96,583553,561094384.00,9.48,7.59,0.60,3.47
2017-12-29,8.55,8.70,8.86,8.45,500488,497727712.00,4.82,2.23,0.19,2.97