2011-01-04,-7.65,-7.67,-7.56,-7.70,227963,415374016.00,-1.82,0.26,0.02,0.82
2011-01-05,-7.67,-7.76,-7.57,-7.77,214856,389481888.00,-2.61,-1.17,-0.09,0.77
2011-01-06,-7.75,-7.73,-7.63,-7.81,165556,299518560.00,-2.32,0.39,0.03,0.60
2011-01-07,-7.72,-7.90,-7.67,-7.93,213110,381939488.00,-3.36,-2.20,-0.17,0.77
2011-01-10,-7.95,-8.03,-7.81,-8.08,190525,336773568.00,-3.42,-1.65,-0.13,0.69
2011-01-11,-8.05,-8.15,-7.93,-8.27,264919,454487520.00,-4.23,-1.49,-0.12,0.95
2011-01-12,-8.11,-8.18,-8.10,-8.25,162503,278584928.00,-1.84,-0.37,-0.03,0.58
2011-01-13,-8.14,-8.12,-8.09,-8.22,138588,238230224.00,-1.59,0.73,0.06,0.50
2011-01-14,-8.12,-8.19,-8.12,-8.27,139078,237771984.00,-1.85,-0.86,-0.07,0.50
2011-01-17,-8.25,-8.56,-8.13,-8.60,231208,384807264.00,-5.74,-4.52,-0.37,0.83
2011-01-18,-8.55,-8.63,-8.50,-8.75,161094,261396976.00,-2.92,-0.82,-0.07,0.58
2011-01-19,-8.60,-8.46,-8.43,-8.69,211429,345655712.00,-3.01,1.97,0.17,0.76
2011-01-20,-8.48,-8.68,-8.46,-8.73,146627,237727568.00,-3.19,-2.60,-0.22,0.53
2011-01-21,-8.70,-8.65,-8.51,-8.72,188953,306971264.00,-2.42,0.35,0.03,0.68
2011-01-24,-8.60,-8.68,-8.59,-8.80,140557,225871008.00,-2.43,-0.35,-0.03,0.51
2011-01-25,-8.70,-8.52,-8.51,-8.75,161480,263707168.00,-2.76,1.84,0.16,0.58
2011-01-26,-8.55,-8.38,-8.26,-8.55,166027,278959456.00,-3.40,1.64,0.14,0.60
2011-01-27,-8.42,-8.22,-8.19,-8.58,180594,303667072.00,-4.65,1.91,0.16,0.65
2011-01-28,-8.24,-8.18,-8.10,-8.34,177498,302471712.00,-2.92,0.49,0.04,0.64
2011-01-31,-8.18,-8.14,-8.10,-8.28,101384,174154928.00,-2.20,0.49,0.04,0.36
2011-02-01,-8.14,-8.23,-8.11,-8.25,76303,130425816.00,-1.72,-1.11,-0.09,0.27
2011-02-09,-8.30,-8.07,-7.96,-8.35,181879,314989536.00,-4.74,1.94,0.16,0.65
2011-02-10,-8.11,-7.58,-7.53,-8.12,422116,760566336.00,-7.31,6.07,0.49,1.52
2011-02-11,-7.59,-7.56,-7.30,-7.68,464069,863899328.00,-5.01,0.26,0.02,1.67
2011-02-14,-7.53,-7.25,-7.06,-7.54,511097,974186176.00,-6.35,4.10,0.31,1.84
2011-02-15,-7.21,-7.21,-6.94,-7.30,592442,1146198528.00,-4.97,0.55,0.04,2.13
2011-02-16,-7.23,-7.12,-7.03,-7.33,424119,812959424.00,-4.16,1.25,0.09,1.53
2011-02-17,-7.12,-7.25,-7.09,-7.35,318300,606129664.00,-3.65,-1.83,-0.13,1.14
2011-02-18,-7.28,-7.50,-7.21,-7.57,345384,643028864.00,-4.97,-3.45,-0.25,1.24
2011-02-21,-7.50,-6.91,-6.85,-7.53,544735,1054758336.00,-9.07,7.87,0.59,1.96
2011-02-22,-6.85,-6.99,-6.68,-7.19,527225,1040329344.00,-7.38,-1.16,-0.08,1.90
2011-02-23,-7.02,-7.07,-6.83,-7.23,327143,636637120.00,-5.72,-1.14,-0.08,1.18
2011-02-24,-7.14,-6.94,-6.81,-7.23,239887,468332992.00,-5.94,1.84,0.13,0.86
2011-02-25,-6.90,-6.69,-6.49,-7.10,462930,926227008.00,-8.79,3.60,0.25,1.67
2011-02-28,-6.66,-6.15,-6.12,-6.66,573737,1200285952.00,-8.07,8.07,0.54,2.06
2011-03-01,-6.11,-6.22,-5.81,-6.31,448835,953832512.00,-8.13,-1.14,-0.07,1.61
2011-03-02,-6.25,-6.03,-5.93,-6.50,380709,804146688.00,-9.16,3.05,0.19,1.37
2011-03-03,-6.05,-6.41,-5.77,-6.43,375802,801182784.00,-10.95,-6.30,-0.38,1.35
2011-03-04,-6.46,-5.95,-5.93,-6.46,317231,671991552.00,-8.27,7.18,0.46,1.14
2011-03-07,-5.81,-5.46,-5.20,-5.81,581694,1322439552.00,-10.25,8.24,0.49,2.09
2011-03-08,-5.46,-5.41,-5.31,-5.67,225771,509664320.00,-6.59,0.92,0.05,0.81
2011-03-09,-5.41,-5.53,-5.27,-5.63,212175,475759072.00,-6.65,-2.22,-0.12,0.76
2011-03-10,-5.53,-5.63,-5.49,-5.79,253125,561518080.00,-5.42,-1.81,-0.10,0.91
2011-03-11,-5.74,-5.76,-5.55,-5.87,223726,493785536.00,-5.68,-2.31,-0.13,0.80
2011-03-14,-5.80,-5.73,-5.65,-6.00,206084,449652352.00,-6.08,0.52,0.03,0.74
2011-03-15,-5.80,-6.05,-5.80,-6.31,360462,763727040.00,-8.90,-5.58,-0.32,1.30
2011-03-16,-6.05,-5.90,-5.65,-6.16,287120,625962048.00,-8.43,2.48,0.15,1.03
2011-03-17,-6.01,-6.20,-6.01,-6.30,240887,510597600.00,-4.92,-5.08,-0.30,0.87
2011-03-18,-6.08,-6.04,-5.95,-6.20,169519,362488256.00,-4.03,2.58,0.16,0.61
2011-03-21,-5.93,-5.98,-5.67,-6.10,237107,515504832.00,-7.12,0.99,0.06,0.85
2011-03-22,-5.96,-5.98,-5.86,-6.39,209423,446071264.00,-8.86,0.00,0.00,0.75
2011-03-23,-5.88,-5.53,-5.48,-6.07,251718,557243904.00,-9.87,7.53,0.45,0.91
2011-03-24,-5.40,-5.49,-5.27,-5.56,265123,601078400.00,-5.24,0.72,0.04,0.95
2011-03-25,-5.44,-4.77,-4.68,-5.45,467395,1105288448.00,-14.03,13.11,0.72,1.68
2011-03-28,-4.76,-4.72,-4.55,-4.88,262308,632515968.00,-6.92,1.05,0.05,0.94
2011-03-29,-4.72,-5.15,-4.63,-5.24,266056,627100416.00,-12.92,-9.11,-0.43,0.96
2011-03-30,-5.19,-5.13,-4.99,-5.40,168297,388420192.00,-7.96,0.39,0.02,0.61
2011-03-31,-5.18,-5.42,-5.18,-5.65,249863,566736832.00,-9.16,-5.65,-0.29,0.90
2011-04-01,-5.50,-5.34,-5.33,-5.60,165093,371976000.00,-4.98,1.48,0.08,0.59
2011-04-06,-5.40,-5.49,-5.33,-5.78,244303,545973504.00,-8.43,-2.81,-0.15,0.88
2011-04-07,-5.50,-4.94,-4.87,-5.64,234498,545209664.00,-14.03,10.02,0.55,0.84
2011-04-08,-4.93,-4.85,-4.56,-5.03,205809,494622880.00,-9.51,1.82,0.09,0.74
2011-04-11,-4.90,-5.30,-4.58,-5.34,253039,592998656.00,-15.67,-9.28,-0.45,0.91
2011-04-12,-5.30,-5.40,-5.15,-5.55,177890,404528704.00,-7.55,-1.89,-0.10,0.64
2011-04-13,-5.45,-5.05,-5.03,-5.69,233737,533631360.00,-12.22,6.48,0.35,0.84
2011-04-14,-5.10,-5.30,-5.10,-5.38,171195,392583808.00,-5.54,-4.95,-0.25,0.62
2011-04-15,-5.40,-5.48,-5.20,-5.73,228945,512625408.00,-10.00,-3.40,-0.18,0.82
2011-04-18,-5.56,-5.62,-5.48,-5.66,132428,295749056.00,-3.28,-2.55,-0.14,0.48
2011-04-19,-5.65,-5.72,-5.60,-5.88,173782,382300416.00,-4.98,-1.78,-0.10,0.63
2011-04-20,-5.75,-5.69,-5.53,-5.75,90329,200695616.00,-3.85,0.52,0.03,0.32
2011-04-21,-5.59,-5.68,-5.57,-5.70,84398,187282416.00,-2.28,0.18,0.01,0.30
2011-04-22,-5.53,-5.37,-5.25,-5.55,227705,517083552.00,-5.28,5.46,0.31,0.82
2011-04-25,-5.37,-5.57,-5.31,-5.71,131394,295195616.00,-7.45,-3.72,-0.20,0.47
2011-04-26,-5.63,-5.83,-5.50,-5.86,155532,342480064.00,-6.46,-4.67,-0.26,0.56
2011-04-27,-5.82,-5.91,-5.62,-5.96,129344,282615808.00,-5.83,-1.37,-0.08,0.47
2011-04-28,-5.83,-6.06,-5.68,-6.15,178468,384331520.00,-7.95,-2.54,-0.15,0.64
2011-04-29,-5.94,-5.76,-5.73,-6.05,162356,355416928.00,-5.28,4.95,0.30,0.58
2011-05-03,-5.78,-5.61,-5.55,-5.90,156313,343520160.00,-6.08,2.60,0.15,0.56
2011-05-04,-5.65,-5.90,-5.65,-5.98,102880,224676640.00,-5.88,-5.17,-0.29,0.37
2011-05-05,-5.90,-5.85,-5.66,-5.90,154088,338241280.00,-4.07,0.85,0.05,0.55
2011-05-09,-5.74,-5.33,-5.16,-5.74,385696,881597632.00,-9.91,8.89,0.52,1.39
2011-05-10,-5.26,-5.21,-5.04,-5.31,231402,535596096.00,-5.07,2.25,0.12,0.83
2011-05-11,-5.20,-5.26,-5.08,-5.30,134741,311780800.00,-4.22,-0.96,-0.05,0.48
2011-05-12,-5.42,-5.13,-4.73,-5.42,316079,745594496.00,-13.12,2.47,0.13,1.14
2011-05-13,-5.00,-5.18,-4.95,-5.57,207808,477674784.00,-12.09,-0.97,-0.05,0.75
2011-05-16,-5.19,-5.26,-5.08,-5.39,101289,233439952.00,-5.98,-1.54,-0.08,0.36
2011-05-17,-5.25,-5.34,-5.17,-5.39,124808,285683200.00,-4.18,-1.52,-0.08,0.45
2011-05-18,-5.40,-5.20,-5.15,-5.41,102061,234723808.00,-4.87,2.62,0.14,0.37
2011-05-19,-5.11,-5.35,-4.89,-5.36,157780,367060064.00,-9.04,-2.88,-0.15,0.57
2011-05-20,-5.30,-4.98,-4.86,-5.37,291344,681704960.00,-9.53,6.92,0.37,1.05
2011-05-23,-4.97,-5.52,-4.95,-5.56,265226,604697856.00,-12.25,-10.84,-0.54,0.95
2011-05-24,-5.58,-5.65,-5.48,-5.72,170540,381201952.00,-4.35,-2.36,-0.13,0.61
2011-05-25,-5.66,-5.87,-5.61,-5.91,146980,322327168.00,-5.31,-3.89,-0.22,0.53
2011-05-26,-5.76,-5.97,-5.70,-6.11,117907,256074448.00,-6.98,-1.70,-0.10,0.42
2011-05-27,-5.95,-6.01,-5.87,-6.25,139941,298765088.00,-6.37,-0.67,-0.04,0.50
2011-05-30,-6.15,-6.05,-5.87,-6.20,176698,378824352.00,-5.49,-0.67,-0.04,0.64
2011-05-31,-5.99,-5.89,-5.88,-6.15,120397,254907840.00,-4.46,2.64,0.16,0.43
2011-06-01,-5.89,-5.79,-5.73,-6.01,108941,234005232.00,-4.75,1.70,0.10,0.39
2011-06-02,-5.90,-5.95,-5.85,-6.13,115643,244946912.00,-4.84,-2.76,-0.16,0.42
2011-06-03,-5.96,-5.76,-5.70,-6.00,112786,243701712.00,-5.04,3.19,0.19,0.41
2011-06-07,-5.78,-5.65,-5.58,-5.85,96720,211035392.00,-4.69,1.91,0.11,0.35
2011-06-08,-5.65,-5.54,-5.48,-5.79,113214,247926560.00,-5.49,1.95,0.11,0.41
2011-06-09,-5.63,-5.91,-5.56,-6.00,129317,279071968.00,-7.94,-6.68,-0.37,0.47
2011-06-10,-5.94,-6.10,-5.91,-6.25,212904,447027488.00,-5.75,-3.21,-0.19,0.77
2011-06-13,-6.16,-6.10,-5.99,-6.26,106497,223472848.00,-4.43,0.00,0.00,0.38
2011-06-14,-6.11,-5.68,-5.68,-6.17,182261,390797472.00,-8.03,6.89,0.42,0.66
2011-06-15,-5.81,-5.89,-5.56,-5.89,116638,253297744.00,-5.81,-3.70,-0.21,0.42
2011-06-16,-5.96,-5.99,-5.85,-6.10,67432,142862944.00,-4.24,-1.70,-0.10,0.24
2011-06-17,-5.96,-5.98,-5.75,-5.99,129037,276981120.00,-4.01,0.17,0.01,0.46
2011-06-20,-6.02,-5.98,-5.63,-6.02,216242,466008288.00,-6.52,0.00,0.00,0.78
2011-06-21,-5.91,-5.55,-5.48,-5.92,296744,653298176.00,-7.36,7.19,0.43,1.07
2011-06-22,-5.55,-5.40,-5.23,-5.56,178004,399341408.00,-5.95,2.70,0.15,0.64
2011-06-23,-5.40,-5.23,-5.11,-5.49,224348,508020224.00,-7.04,3.15,0.17,0.81
2011-06-24,-5.25,-4.96,-4.74,-5.25,354382,827829248.00,-9.75,5.16,0.27,1.27
2011-06-27,-4.94,-5.00,-4.78,-5.10,195503,454355552.00,-6.45,-0.81,-0.04,0.70
2011-06-28,-4.97,-4.97,-4.85,-5.13,206275,477776192.00,-5.60,0.60,0.03,0.74
2011-06-29,-4.97,-5.03,-4.86,-5.24,202635,467691392.00,-7.65,-1.21,-0.06,0.73
2011-06-30,-5.05,-4.85,-4.68,-5.12,222641,524162176.00,-8.75,3.58,0.18,0.80
2011-07-01,-4.72,-4.86,-4.62,-4.86,181945,431431040.00,-4.95,-0.21,-0.01,0.65
2011-07-04,-4.79,-4.70,-4.60,-4.82,255355,607349504.00,-4.53,3.29,0.16,0.92
2011-07-05,-4.68,-4.86,-4.66,-4.89,117906,278113408.00,-4.89,-3.40,-0.16,0.42
2011-07-06,-4.86,-5.02,-4.85,-5.18,187019,432977440.00,-6.79,-3.29,-0.16,0.67
2011-07-07,-4.95,-5.07,-4.73,-5.15,249275,581164864.00,-8.37,-1.00,-0.05,0.90
2011-07-08,-5.06,-4.90,-4.84,-5.13,182106,424612000.00,-5.72,3.35,0.17,0.66
2011-07-11,-4.88,-4.86,-4.79,-5.10,144476,337973600.00,-6.33,0.82,0.04,0.52
2011-07-12,-4.95,-4.82,-4.57,-5.03,311443,738491584.00,-9.47,0.82,0.04,1.12
2011-07-13,-4.83,-4.40,-4.30,-4.98,450438,1083808128.00,-14.11,8.71,0.42,1.62
2011-07-14,-4.33,-4.53,-4.30,-4.66,325845,786512384.00,-8.18,-2.95,-0.13,1.17
2011-07-15,-4.53,-4.67,-4.39,-4.80,241547,577446848.00,-9.05,-3.09,-0.14,0.87
2011-07-18,-4.70,-4.67,-4.63,-4.89,183434,433305440.00,-5.57,0.00,0.00,0.66
2011-07-19,-4.80,-5.17,-4.77,-5.20,305096,706397056.00,-9.21,-10.71,-0.50,1.10
2011-07-20,-5.12,-5.17,-5.08,-5.28,164051,375050400.00,-3.87,0.00,0.00,0.59
2011-07-21,-5.18,-5.18,-5.06,-5.29,211385,484377728.00,-4.45,-0.19,-0.01,0.76
2011-07-22,-5.15,-4.81,-4.76,-5.15,318336,743690944.00,-7.53,7.14,0.37,1.15
2011-07-25,-4.88,-5.15,-4.76,-5.26,246234,569579520.00,-10.40,-7.07,-0.34,0.89
2011-07-26,-5.15,-5.15,-5.08,-5.25,140802,321897344.00,-3.30,0.00,0.00,0.51
2011-07-27,-5.13,-4.73,-4.73,-5.18,237293,557061568.00,-8.74,8.16,0.42,0.85
2011-07-28,-4.85,-4.71,-4.69,-4.93,159537,375852512.00,-5.07,0.42,0.02,0.57
2011-07-29,-4.70,-5.02,-4.66,-5.07,127742,298547424.00,-8.70,-6.58,-0.31,0.46
2011-08-01,-5.02,-5.10,-4.94,-5.16,107923,248735136.00,-4.38,-1.59,-0.08,0.39
2011-08-02,-5.20,-5.15,-5.15,-5.50,142956,323774688.00,-6.86,-0.98,-0.05,0.51
2011-08-03,-5.32,-5.35,-5.12,-5.49,146560,330708992.00,-7.18,-3.88,-0.20,0.53
2011-08-04,-5.33,-5.35,-5.18,-5.47,115769,260212064.00,-5.42,0.00,0.00,0.42
2011-08-05,-5.70,-5.58,-5.46,-5.78,214708,471871776.00,-5.98,-4.30,-0.23,0.77
2011-08-08,-5.71,-5.98,-5.54,-6.38,225279,484578752.00,-15.05,-7.17,-0.40,0.81
2011-08-09,-6.23,-5.82,-5.74,-6.30,196196,415761024.00,-9.36,2.68,0.16,0.71
2011-08-10,-5.60,-5.68,-5.51,-5.70,160354,352886720.00,-3.26,2.41,0.14,0.58
2011-08-11,-5.86,-5.49,-5.43,-5.89,141278,311352288.00,-8.10,3.35,0.19,0.51
2011-08-12,-5.50,-5.58,-5.41,-5.68,163884,361805056.00,-4.92,-1.64,-0.09,0.59
2011-08-15,-5.57,-5.60,-5.54,-5.76,140139,306416576.00,-3.94,-0.36,-0.02,0.50
2011-08-16,-5.63,-5.60,-5.57,-5.74,89390,195528784.00,-3.04,0.00,0.00,0.32
2011-08-17,-5.65,-5.71,-5.48,-5.83,138486,302719328.00,-6.25,-1.96,-0.11,0.50
2011-08-18,-5.79,-6.11,-5.75,-6.25,302631,635787968.00,-8.76,-7.01,-0.40,1.09
2011-08-19,-6.21,-6.30,-6.12,-6.50,197622,406429824.00,-6.22,-3.11,-0.19,0.71
2011-08-22,-6.31,-6.54,-6.13,-6.58,181200,369496928.00,-7.14,-3.81,-0.24,0.65
2011-08-23,-6.47,-6.40,-6.39,-6.54,99555,202135376.00,-2.29,2.14,0.14,0.36
2011-08-24,-6.29,-6.35,-6.18,-6.40,90469,186360144.00,-3.44,0.78,0.05,0.33
2011-08-25,-6.34,-5.94,-5.89,-6.35,161618,339559776.00,-7.24,6.46,0.41,0.58
2011-08-26,-6.00,-5.96,-5.92,-6.05,93035,197558512.00,-2.19,-0.34,-0.02,0.33
2011-08-29,-6.05,-6.33,-6.03,-6.40,184202,379579712.00,-6.21,-6.21,-0.37,0.66
2011-08-30,-6.26,-6.33,-6.18,-6.38,98502,203418960.00,-3.16,0.00,0.00,0.35
2011-08-31,-6.33,-6.14,-6.14,-6.38,95874,199179264.00,-3.79,3.00,0.19,0.34
2011-09-01,-6.12,-6.13,-5.97,-6.22,84601,177964688.00,-4.07,0.16,0.01,0.30
2011-09-02,-6.13,-6.20,-6.11,-6.35,84262,174372000.00,-3.92,-1.14,-0.07,0.30
2011-09-05,-6.35,-6.53,-6.27,-6.55,117920,239516944.00,-4.52,-5.32,-0.33,0.42
2011-09-06,-6.60,-6.91,-6.53,-7.22,226254,439781056.00,-10.57,-5.82,-0.38,0.81
2011-09-07,-6.85,-6.71,-6.67,-6.94,97246,190678464.00,-3.91,2.89,0.20,0.35
2011-09-08,-6.66,-6.70,-6.55,-6.74,141623,282114176.00,-2.83,0.15,0.01,0.51
2011-09-09,-6.66,-6.71,-6.46,-6.77,128678,256233104.00,-4.63,-0.15,-0.01,0.46
2011-09-13,-6.92,-6.82,-6.75,-7.01,80227,155988384.00,-3.87,-1.64,-0.11,0.29
2011-09-14,-6.79,-6.80,-6.72,-7.00,82910,161796640.00,-4.11,0.29,0.02,0.30
2011-09-15,-6.77,-6.78,-6.70,-6.86,48288,95028208.00,-2.35,0.29,0.02,0.17
2011-09-19,-6.86,-6.94,-6.84,-7.00,69967,135442368.00,-2.36,-2.36,-0.16,0.25
2011-09-20,-6.94,-7.03,-6.92,-7.13,102053,195301248.00,-3.03,-1.30,-0.09,0.37
2011-09-21,-7.01,-6.70,-6.60,-7.06,183407,358594016.00,-6.54,4.69,0.33,0.66
2011-09-22,-6.75,-6.80,-6.51,-6.80,116157,231213920.00,-4.33,-1.49,-0.10,0.42
2011-09-23,-7.00,-6.81,-6.60,-7.03,116913,229641088.00,-6.32,-0.15,-0.01,0.42
2011-09-26,-7.00,-6.93,-6.62,-7.00,92219,180011584.00,-5.58,-1.76,-0.12,0.33
2011-09-27,-6.82,-6.63,-6.60,-6.91,118091,233112384.00,-4.47,4.33,0.30,0.42
2011-09-28,-6.52,-6.56,-6.38,-6.58,128459,260645104.00,-3.02,1.06,0.07,0.46
2011-09-29,-6.61,-6.73,-6.58,-6.78,125437,248603904.00,-3.05,-2.59,-0.17,0.45
2011-09-30,-6.64,-6.61,-6.60,-6.90,140764,278796928.00,-4.46,1.78,0.12,0.51
2011-10-10,-6.56,-6.74,-6.51,-6.77,76505,152159840.00,-3.93,-1.97,-0.13,0.28
2011-10-11,-6.51,-7.13,-6.47,-7.35,250675,479547616.00,-13.06,-5.79,-0.39,0.90
2011-10-12,-7.24,-6.90,-6.79,-7.29,152441,293753728.00,-7.01,3.23,0.23,0.55
2011-10-13,-6.93,-6.87,-6.69,-6.98,135272,264273456.00,-4.20,0.43,0.03,0.49
2011-10-14,-6.93,-6.87,-6.81,-7.05,73863,142872400.00,-3.49,0.00,0.00,0.27
2011-10-17,-6.83,-6.60,-6.53,-6.87,156676,312947872.00,-4.95,3.93,0.27,0.56
2011-10-18,-6.66,-6.82,-6.58,-6.86,85136,168231280.00,-4.24,-3.33,-0.22,0.31
2011-10-19,-6.80,-7.06,-6.71,-7.10,123543,237835712.00,-5.72,-3.52,-0.24,0.44
2011-10-20,-7.11,-7.45,-7.07,-7.60,229506,421218464.00,-7.51,-5.52,-0.39,0.83
2011-10-21,-7.44,-7.65,-7.35,-7.67,104279,189018128.00,-4.30,-2.68,-0.20,0.38
2011-10-24,-7.60,-7.30,-7.12,-7.60,124235,228974880.00,-6.27,4.58,0.35,0.45
2011-10-25,-7.31,-7.09,-7.07,-7.37,103590,195230240.00,-4.11,2.88,0.21,0.37
2011-10-26,-7.20,-6.77,-6.68,-7.20,244163,478122304.00,-7.33,4.51,0.32,0.88
2011-10-27,-6.73,-6.76,-6.68,-6.82,87629,172827120.00,-2.07,0.15,0.01,0.32
2011-10-28,-6.62,-6.67,-6.47,-6.76,203321,405077216.00,-4.29,1.33,0.09,0.73
2011-10-31,-6.70,-6.73,-6.62,-6.78,79016,156135408.00,-2.40,-0.90,-0.06,0.28
2011-11-01,-6.79,-6.90,-6.60,-6.95,125418,245917008.00,-5.20,-2.53,-0.17,0.45
2011-11-02,-7.00,-6.76,-6.74,-7.10,120829,233128768.00,-5.22,2.03,0.14,0.43
2011-11-03,-6.70,-6.55,-6.42,-6.70,219987,442731776.00,-4.14,3.11,0.21,0.79
2011-11-04,-6.47,-6.41,-6.39,-6.55,161521,327129056.00,-2.44,2.14,0.14,0.58
2011-11-07,-6.45,-6.61,-6.42,-6.66,105523,211016384.00,-3.74,-3.12,-0.20,0.38
2011-11-08,-6.58,-6.62,-6.48,-6.67,62982,126031264.00,-2.87,-0.15,-0.01,0.23
2011-11-09,-6.58,-6.58,-6.51,-6.74,70523,140609024.00,-3.47,0.60,0.04,0.25
2011-11-10,-6.65,-6.77,-6.63,-6.86,120309,236560864.00,-3.50,-2.89,-0.19,0.43
2011-11-11,-6.80,-6.91,-6.71,-6.95,102940,201124160.00,-3.55,-2.07,-0.14,0.37
2011-11-14,-6.80,-6.61,-6.60,-6.85,135953,268083088.00,-3.62,4.34,0.30,0.49
2011-11-15,-6.63,-6.80,-6.63,-6.83,97978,192866272.00,-3.03,-2.87,-0.19,0.35
2011-11-16,-6.78,-7.06,-6.77,-7.15,131955,254600848.00,-5.59,-3.82,-0.26,0.47
2011-11-17,-7.04,-7.10,-6.98,-7.13,77211,147142016.00,-2.12,-0.57,-0.04,0.28
2011-11-18,-7.16,-7.31,-7.13,-7.35,114604,214213072.00,-3.10,-2.96,-0.21,0.41
2011-11-21,-7.31,-7.61,-7.30,-7.75,377757,679020096.00,-6.16,-4.10,-0.30,1.36
2011-11-22,-7.65,-7.55,-7.54,-7.70,113851,204655264.00,-2.10,0.79,0.06,0.41
2011-11-23,-7.54,-7.68,-7.49,-7.75,95083,170183088.00,-3.44,-1.72,-0.13,0.34
2011-11-24,-7.78,-7.64,-7.59,-7.80,53406,95321808.00,-2.73,0.52,0.04,0.19
2011-11-25,-7.65,-7.68,-7.60,-7.77,62964,112292288.00,-2.23,-0.52,-0.04,0.23
2011-11-28,-7.65,-7.68,-7.61,-7.87,125926,222495632.00,-3.39,0.00,0.00,0.45
2011-11-29,-7.63,-7.67,-7.61,-7.82,118359,209937168.00,-2.73,0.13,0.01,0.43
2011-11-30,-7.66,-7.90,-7.66,-8.00,114891,201122320.00,-4.43,-3.00,-0.23,0.41
2011-12-01,-7.65,-7.74,-7.54,-7.74,200830,360627712.00,-2.53,2.03,0.16,0.72
2011-12-02,-7.75,-7.88,-7.70,-7.90,48746,85447032.00,-2.58,-1.81,-0.14,0.18
2011-12-05,-7.84,-7.90,-7.81,-8.00,69486,120933216.00,-2.41,-0.25,-0.02,0.25
2011-12-06,-7.94,-7.88,-7.82,-7.99,61394,106876992.00,-2.15,0.25,0.02,0.22
2011-12-07,-7.87,-7.91,-7.85,-7.94,54685,95162488.00,-1.14,-0.38,-0.03,0.20
2011-12-08,-7.94,-8.10,-7.87,-8.16,153045,262511104.00,-3.67,-2.40,-0.19,0.55
2011-12-09,-8.13,-8.32,-8.06,-8.40,158624,263111872.00,-4.20,-2.72,-0.22,0.57
2011-12-12,-8.32,-8.41,-8.31,-8.46,88758,145289584.00,-1.80,-1.08,-0.09,0.32
2011-12-13,-8.45,-8.40,-8.33,-8.46,105767,173743696.00,-1.55,0.12,0.01,0.38
2011-12-14,-8.44,-8.40,-8.31,-8.48,82310,135372768.00,-2.02,0.00,0.00,0.30
2011-12-15,-8.43,-8.36,-8.30,-8.52,120842,198114528.00,-2.62,0.48,0.04,0.43
2011-12-16,-8.36,-8.09,-8.06,-8.39,126304,210842704.00,-3.95,3.23,0.27,0.45
2011-12-19,-8.17,-8.13,-8.01,-8.34,117504,197073216.00,-4.08,-0.49,-0.04,0.42
2011-12-20,-8.16,-8.10,-8.01,-8.23,125197,212026624.00,-2.71,0.37,0.03,0.45
2011-12-21,-8.04,-8.01,-7.89,-8.12,140011,241398016.00,-2.84,1.11,0.09,0.50
2011-12-22,-8.06,-7.98,-7.90,-8.19,118302,203231360.00,-3.62,0.37,0.03,0.43
2011-12-23,-7.95,-7.87,-7.75,-8.10,121061,210761456.00,-4.39,1.38,0.11,0.44
2011-12-26,-7.93,-8.00,-7.79,-8.04,71281,123697280.00,-3.18,-1.65,-0.13,0.26
2011-12-27,-8.00,-8.11,-7.97,-8.20,89392,152071376.00,-2.88,-1.38,-0.11,0.32
2011-12-28,-8.15,-8.29,-8.08,-8.37,122899,204647824.00,-3.58,-2.22,-0.18,0.44
2011-12-29,-8.29,-8.17,-8.03,-8.30,102960,174274624.00,-3.26,1.45,0.12,0.37
2011-12-30,-8.10,-7.96,-7.94,-8.16,182338,312500256.00,-2.69,2.57,0.21,0.66