2023-01-03,21.00,21.32,21.45,20.72,20361,42959821.00,3.47,1.33,0.28,4.85
2023-01-04,21.11,21.53,21.81,20.84,22681,48493087.00,4.55,0.98,0.21,5.40
2023-01-05,22.02,21.55,22.02,21.32,21879,47123489.00,3.25,0.09,0.02,5.21
2023-01-06,21.46,20.91,21.46,20.73,13131,27629485.00,3.39,-2.97,-0.64,3.13
2023-01-09,20.84,21.06,21.17,20.58,14228,29641339.00,2.82,0.72,0.15,3.39
2023-01-10,21.20,20.50,21.20,20.48,11742,24395939.00,3.42,-2.66,-0.56,2.80
2023-01-11,20.33,20.36,20.74,20.33,9273,18984362.00,2.00,-0.68,-0.14,2.21
2023-01-12,20.20,19.91,20.24,19.83,13596,27230630.00,2.01,-2.21,-0.45,3.24
2023-01-13,19.91,20.20,20.35,19.83,20844,41929720.00,2.61,1.46,0.29,4.96
2023-01-16,20.05,20.47,20.83,20.02,12593,25608763.00,4.01,1.34,0.27,3.00
2023-01-17,20.30,20.05,20.43,20.02,8477,17136642.00,2.00,-2.05,-0.42,2.02
2023-01-18,20.21,19.67,20.21,19.51,17355,34203576.00,3.49,-1.90,-0.38,4.13
2023-01-19,19.69,20.10,20.30,19.55,24063,48190772.00,3.81,2.19,0.43,5.73
2023-01-20,20.30,19.97,20.33,19.90,12300,24613637.00,2.14,-0.65,-0.13,2.93
2023-01-30,20.09,21.45,21.63,20.08,41442,86674264.00,7.76,7.41,1.48,9.87
2023-01-31,21.23,20.80,21.37,20.73,12993,27248226.00,2.98,-3.03,-0.65,3.09