2000-01-04,2.40,2.44,2.46,2.37,2411,2108000.00,3.77,2.09,0.05,0.57
2000-01-05,2.41,2.44,2.49,2.41,3883,3463000.00,3.28,0.00,0.00,0.92
2000-01-06,2.44,2.52,2.54,2.41,4370,3932000.00,5.33,3.28,0.08,1.04
2000-01-07,2.55,2.64,2.64,2.54,9398,8831000.00,3.97,4.76,0.12,2.23
2000-01-10,2.66,2.76,2.80,2.59,18513,18232000.00,7.95,4.55,0.12,4.40
2000-01-11,2.76,2.63,2.76,2.62,16795,16503000.00,5.07,-4.71,-0.13,3.99
2000-01-12,2.62,2.56,2.67,2.54,5314,4988000.00,4.94,-2.66,-0.07,1.26
2000-01-13,2.57,2.55,2.59,2.54,2933,2727000.00,1.95,-0.39,-0.01,0.70
2000-01-14,2.55,2.60,2.61,2.55,5562,5184000.00,2.35,1.96,0.05,1.32
2000-01-17,2.60,2.71,2.71,2.59,6882,6663000.00,4.62,4.23,0.11,1.63
2000-01-18,2.69,2.66,2.71,2.65,4552,4445000.00,2.21,-1.85,-0.05,1.08
2000-01-19,2.64,2.79,2.82,2.64,19699,19858000.00,6.77,4.89,0.13,4.68
2000-01-20,2.81,2.88,2.88,2.76,53617,55883000.00,4.30,3.23,0.09,12.73
2000-01-21,2.88,2.90,3.00,2.85,30005,32215000.00,5.21,0.69,0.02,7.12
2000-01-24,2.90,2.87,2.95,2.83,16018,17001000.00,4.14,-1.03,-0.03,3.80
2000-01-25,2.88,2.81,2.91,2.77,11232,11585000.00,4.88,-2.09,-0.06,2.67
2000-01-26,2.81,2.86,2.91,2.81,7454,7815000.00,3.56,1.78,0.05,1.77
2000-01-27,2.87,2.80,2.89,2.78,11337,11654000.00,3.85,-2.10,-0.06,2.69
2000-01-28,2.80,2.76,2.86,2.70,14760,14788000.00,5.71,-1.43,-0.04,3.50
2000-02-14,2.79,2.99,3.00,2.79,17893,19131000.00,7.61,8.33,0.23,4.25
2000-02-15,2.98,2.90,3.10,2.89,27394,29774000.00,7.02,-3.01,-0.09,6.50
2000-02-16,2.88,2.81,2.88,2.74,18950,19378000.00,4.83,-3.10,-0.09,4.50
2000-02-17,2.81,2.72,2.88,2.68,19393,19865000.00,7.12,-3.20,-0.09,4.60
2000-02-18,2.70,2.71,2.73,2.64,7743,7556000.00,3.31,-0.37,-0.01,1.84
2000-02-21,2.72,2.83,2.85,2.66,11706,11900000.00,7.01,4.43,0.12,2.78
2000-02-22,2.85,2.70,2.88,2.70,7940,8063000.00,6.36,-4.59,-0.13,1.88
2000-02-23,2.69,2.74,2.75,2.66,5579,5500000.00,3.33,1.48,0.04,1.32
2000-02-24,2.75,2.75,2.77,2.72,4030,4039000.00,1.82,0.36,0.01,0.96
2000-02-25,2.76,2.81,2.81,2.72,6965,7050000.00,3.27,2.18,0.06,1.65
2000-02-28,2.86,2.90,2.98,2.86,20789,22259000.00,4.27,3.20,0.09,4.94
2000-02-29,2.83,3.01,3.03,2.79,24462,26149000.00,8.28,3.79,0.11,5.81
2000-03-01,3.02,3.15,3.16,2.96,45721,51976000.00,6.64,4.65,0.14,10.85
2000-03-02,3.18,3.18,3.21,3.09,34992,40621000.00,3.81,0.95,0.03,8.31
2000-03-03,3.23,3.12,3.26,3.03,74562,87594000.00,7.23,-1.89,-0.06,17.70
2000-03-06,3.11,2.95,3.11,2.95,20947,23245000.00,5.13,-5.45,-0.17,4.97
2000-03-07,2.91,2.92,2.93,2.83,8758,9248000.00,3.39,-1.02,-0.03,2.08
2000-03-08,2.91,2.95,3.01,2.86,6556,7075000.00,5.14,1.03,0.03,1.56
2000-03-09,2.95,2.90,2.98,2.87,5663,6029000.00,3.73,-1.69,-0.05,1.34
2000-03-10,2.89,2.83,2.89,2.82,7288,7606000.00,2.41,-2.41,-0.07,1.73
2000-03-13,2.82,2.88,2.89,2.78,5388,5590000.00,3.89,1.77,0.05,1.28
2000-03-14,2.86,2.82,2.86,2.76,6237,6401000.00,3.47,-2.08,-0.06,1.48
2000-03-15,2.82,2.85,2.86,2.79,4572,4744000.00,2.48,1.06,0.03,1.09
2000-03-16,2.85,2.74,2.85,2.73,4230,4318000.00,4.21,-3.86,-0.11,1.00
2000-03-17,2.71,2.77,2.80,2.71,5222,5279000.00,3.28,1.09,0.03,1.24
2000-03-20,2.77,2.83,2.86,2.73,6111,6311000.00,4.69,2.17,0.06,1.45
2000-03-21,2.81,2.92,2.93,2.81,6151,6486000.00,4.24,3.18,0.09,1.46
2000-03-22,2.93,2.88,2.96,2.87,5380,5738000.00,3.08,-1.37,-0.04,1.28
2000-03-23,2.90,2.91,2.95,2.86,9413,10066000.00,3.13,1.04,0.03,2.23
2000-03-24,2.93,2.91,2.99,2.91,12038,13094000.00,2.75,0.00,0.00,2.86
2000-03-27,2.91,3.02,3.02,2.91,13145,14468000.00,3.78,3.78,0.11,3.12
2000-03-28,3.05,3.03,3.11,3.00,14021,15830000.00,3.64,0.33,0.01,3.33
2000-03-29,3.06,2.99,3.08,2.93,9609,10567000.00,4.95,-1.32,-0.04,2.28
2000-03-30,3.00,3.03,3.03,3.00,9876,10991000.00,1.00,1.34,0.04,2.34
2000-03-31,3.02,3.07,3.10,3.01,11899,13431000.00,2.97,1.32,0.04,2.82
2000-04-03,3.08,3.11,3.17,3.07,16566,19134000.00,3.26,1.30,0.04,3.93
2000-04-04,3.11,3.02,3.11,3.01,12152,13657000.00,3.22,-2.89,-0.09,2.88
2000-04-05,3.01,3.08,3.08,2.99,8526,9545000.00,2.98,1.99,0.06,2.02
2000-04-06,3.08,3.13,3.16,3.08,12781,14796000.00,2.60,1.62,0.05,3.03
2000-04-07,3.13,3.22,3.23,3.12,22123,25993000.00,3.51,2.88,0.09,5.25
2000-04-10,3.26,3.27,3.36,3.26,34197,42109000.00,3.11,1.55,0.05,8.12
2000-04-11,3.28,3.21,3.28,3.20,14085,16848000.00,2.45,-1.83,-0.06,3.34
2000-04-12,3.21,3.32,3.35,3.18,22530,27544000.00,5.30,3.43,0.11,5.35
2000-04-13,3.36,3.45,3.48,3.35,38110,48823000.00,3.92,3.92,0.13,9.05
2000-04-14,3.48,3.42,3.51,3.37,18278,23259000.00,4.06,-0.87,-0.03,4.34
2000-04-17,3.43,3.28,3.46,3.25,18945,23330000.00,6.14,-4.09,-0.14,4.50
2000-04-18,3.30,3.33,3.35,3.27,11344,13965000.00,2.44,1.52,0.05,2.69
2000-04-19,3.34,3.28,3.35,3.25,9982,12187000.00,3.00,-1.50,-0.05,2.37
2000-04-20,3.26,3.28,3.29,3.21,14736,17802000.00,2.44,0.00,0.00,3.50
2000-04-21,3.30,3.26,3.32,3.26,3646,4459828.00,1.83,-0.61,-0.02,0.87
2000-04-25,3.25,3.23,3.28,3.19,4295,5159000.00,2.76,-0.92,-0.03,1.02
2000-04-26,3.23,3.26,3.28,3.21,6589,7906000.00,2.17,0.93,0.03,1.56
2000-04-27,3.27,3.18,3.28,3.17,5853,6984000.00,3.37,-2.45,-0.08,1.39
2000-04-28,3.18,3.20,3.21,3.14,6873,8081000.00,2.20,0.63,0.02,1.63
2000-05-08,3.20,3.30,3.32,3.20,6445,7866000.00,3.75,3.13,0.10,1.53
2000-05-09,3.31,3.23,3.32,3.21,5530,6691000.00,3.33,-2.12,-0.07,1.31
2000-05-10,3.22,3.18,3.23,3.18,6851,8114000.00,1.55,-1.55,-0.05,1.63
2000-05-11,3.19,3.21,3.26,3.19,7592,9072000.00,2.20,0.94,0.03,1.80
2000-05-12,3.21,3.28,3.28,3.20,10721,13007000.00,2.49,2.18,0.07,2.55
2000-05-15,3.31,3.35,3.43,3.27,23884,30069000.00,4.88,2.13,0.07,5.67
2000-05-16,3.36,3.40,3.43,3.31,9723,12238000.00,3.58,1.49,0.05,2.31
2000-05-17,3.40,3.42,3.47,3.33,19671,25177000.00,4.12,0.59,0.02,4.67
2000-05-18,3.42,3.54,3.56,3.40,22172,28963000.00,4.68,3.51,0.12,5.26
2000-05-19,3.54,3.64,3.73,3.51,41928,56948000.00,6.21,2.82,0.10,9.95
2000-05-22,3.66,3.64,3.73,3.56,30549,41629000.00,4.67,0.00,0.00,7.25
2000-05-23,3.64,3.66,3.72,3.59,17710,24382000.00,3.57,0.55,0.02,4.20
2000-05-24,3.67,3.64,3.82,3.61,21036,29346000.00,5.74,-0.55,-0.02,4.99
2000-05-25,3.64,3.61,3.68,3.53,22061,29485000.00,4.12,-0.82,-0.03,5.24
2000-05-26,3.58,3.63,3.66,3.56,10855,14657000.00,2.77,0.55,0.02,2.58
2000-05-29,3.66,3.75,3.79,3.63,18680,26172000.00,4.41,3.31,0.12,4.43
2000-05-30,3.78,3.70,3.81,3.67,9672,13502000.00,3.73,-1.33,-0.05,2.30
2000-05-31,3.73,3.67,3.73,3.64,10890,15002000.00,2.43,-0.81,-0.03,2.59
2000-06-01,3.71,3.60,3.71,3.57,9867,13380000.00,3.81,-1.91,-0.07,2.34
2000-06-02,3.58,3.55,3.62,3.51,10893,14533000.00,3.06,-1.39,-0.05,2.59
2000-06-05,3.56,3.55,3.66,3.53,6566,8817000.00,3.66,0.00,0.00,1.56
2000-06-06,3.57,3.67,3.68,3.57,14090,19294000.00,3.10,3.38,0.12,3.35
2000-06-07,3.68,3.61,3.70,3.61,6596,9000000.00,2.45,-1.63,-0.06,1.57
2000-06-08,3.61,3.53,3.61,3.51,9647,12798000.00,2.77,-2.22,-0.08,2.29
2000-06-09,3.53,3.55,3.58,3.53,6170,8198000.00,1.42,0.57,0.02,1.46
2000-06-12,3.56,3.66,3.68,3.55,9884,13462000.00,3.66,3.10,0.11,2.35
2000-06-13,3.66,3.76,3.81,3.65,13562,19001000.00,4.37,2.73,0.10,3.22
2000-06-14,3.78,3.68,3.79,3.68,8825,12271000.00,2.93,-2.13,-0.08,2.10
2000-06-15,3.69,3.65,3.73,3.65,8742,12070000.00,2.17,-0.82,-0.03,2.08
2000-06-16,3.65,3.58,3.68,3.58,6437,8707000.00,2.74,-1.92,-0.07,1.53
2000-06-19,3.61,3.59,3.63,3.57,3601,4856000.00,1.68,0.28,0.01,0.85
2000-06-20,3.63,3.68,3.68,3.58,5192,7078000.00,2.79,2.51,0.09,1.23
2000-06-21,3.68,3.66,3.70,3.63,2588,3546000.00,1.90,-0.54,-0.02,0.61
2000-06-22,3.67,3.73,3.75,3.64,10146,14134000.00,3.01,1.91,0.07,2.41
2000-06-23,3.76,3.88,3.91,3.73,21523,31058000.00,4.83,4.02,0.15,5.11
2000-06-26,3.89,3.84,4.01,3.83,16777,24802000.00,4.64,-1.03,-0.04,3.98
2000-06-27,3.83,3.88,3.90,3.76,9914,14282000.00,3.65,1.04,0.04,2.35
2000-06-28,3.88,3.88,3.94,3.83,6852,10029000.00,2.84,0.00,0.00,1.63
2000-06-29,3.88,3.74,3.88,3.71,10492,14839000.00,4.38,-3.61,-0.14,2.49
2000-06-30,3.74,3.57,3.76,3.54,20279,27491000.00,5.88,-4.55,-0.17,4.81
2000-07-03,3.55,3.51,3.57,3.45,12367,16182000.00,3.36,-1.68,-0.06,2.94
2000-07-04,3.51,3.55,3.57,3.48,3991,5280000.00,2.56,1.14,0.04,0.95
2000-07-05,3.58,3.52,3.60,3.52,4160,5514000.00,2.25,-0.85,-0.03,0.99
2000-07-06,3.52,3.48,3.58,3.47,4601,6013000.00,3.13,-1.14,-0.04,1.09
2000-07-07,3.51,3.53,3.53,3.47,3921,5132000.00,1.72,1.44,0.05,0.93
2000-07-10,3.53,3.55,3.57,3.49,3813,5030000.00,2.27,0.57,0.02,0.91
2000-07-11,3.55,3.53,3.58,3.51,4366,5749000.00,1.97,-0.56,-0.02,1.04
2000-07-12,3.53,3.51,3.54,3.49,5423,7125000.00,1.42,-0.57,-0.02,1.29
2000-07-13,3.51,3.54,3.57,3.51,3797,5024049.00,1.71,0.85,0.03,0.90
2000-07-14,3.57,3.50,3.57,3.49,4734,6210000.00,2.26,-1.13,-0.04,1.12
2000-07-17,3.49,3.33,3.52,3.31,17052,21462000.00,6.00,-4.86,-0.17,4.05
2000-07-18,3.31,3.38,3.43,3.28,9119,11398000.00,4.50,1.50,0.05,2.16
2000-07-19,3.40,3.33,3.41,3.31,5893,7325000.00,2.96,-1.48,-0.05,1.40
2000-07-20,3.33,3.41,3.42,3.33,6631,8349000.00,2.70,2.40,0.08,1.57
2000-07-21,3.42,3.52,3.52,3.39,13910,18086000.00,3.81,3.23,0.11,3.30
2000-07-24,3.52,3.59,3.60,3.49,11416,15167000.00,3.13,1.99,0.07,2.71
2000-07-25,3.59,3.66,3.67,3.57,12121,16554000.00,2.79,1.95,0.07,2.88
2000-07-26,3.67,3.67,3.68,3.63,8937,12261000.00,1.37,0.27,0.01,2.12
2000-07-27,3.67,3.70,3.75,3.64,14257,19773000.00,3.00,0.82,0.03,3.38
2000-07-28,3.70,3.72,3.76,3.69,20326,28490000.00,1.89,0.54,0.02,4.83
2000-07-31,3.72,3.69,3.72,3.63,8463,11659000.00,2.42,-0.81,-0.03,2.01
2000-08-01,3.73,3.78,3.80,3.67,9870,13903000.00,3.52,2.44,0.09,2.34
2000-08-02,3.77,3.78,3.78,3.74,5992,8473000.00,1.06,0.00,0.00,1.42
2000-08-03,3.78,3.78,3.80,3.69,10652,15055000.00,2.91,0.00,0.00,2.53
2000-08-04,3.78,3.71,3.78,3.71,8454,11853000.00,1.85,-1.85,-0.07,2.01
2000-08-07,3.68,3.81,3.82,3.64,9475,13417000.00,4.85,2.70,0.10,2.25
2000-08-08,3.81,3.96,3.97,3.81,21797,32126000.00,4.20,3.94,0.15,5.17
2000-08-09,3.97,3.89,4.00,3.86,44076,65814000.00,3.54,-1.77,-0.07,10.46
2000-08-10,3.91,3.94,3.97,3.91,18407,27383000.00,1.54,1.29,0.05,4.37
2000-08-11,3.95,3.92,3.96,3.89,12763,18817000.00,1.78,-0.51,-0.02,3.03
2000-08-14,3.92,3.99,4.03,3.91,16904,25356000.00,3.06,1.79,0.07,4.01
2000-08-15,4.01,4.06,4.11,3.96,18367,27947000.00,3.76,1.75,0.07,4.36
2000-08-16,4.06,4.19,4.20,3.98,14382,22511000.00,5.42,3.20,0.13,3.41
2000-08-17,4.19,4.23,4.27,4.14,8983,14341000.00,3.10,0.95,0.04,2.13
2000-08-18,4.23,4.24,4.30,4.21,7450,11965000.00,2.13,0.24,0.01,1.77
2000-08-21,4.24,4.17,4.26,4.16,14778,23592000.00,2.36,-1.65,-0.07,3.51
2000-08-22,4.18,4.16,4.28,4.16,13823,22115000.00,2.88,-0.24,-0.01,3.28
2000-08-23,4.13,4.13,4.22,3.93,17526,27243000.00,6.97,-0.72,-0.03,4.16
2000-08-24,4.15,4.06,4.28,3.96,42585,66580000.00,7.75,-1.69,-0.07,10.11
2000-08-25,4.05,4.09,4.16,4.03,13633,21065000.00,3.20,0.74,0.03,3.24
2000-08-28,4.09,4.08,4.14,4.01,12521,19230000.00,3.18,-0.24,-0.01,2.97
2000-08-29,4.06,4.13,4.18,4.06,15840,24794000.00,2.94,1.23,0.05,3.76
2000-08-30,4.15,4.22,4.28,4.15,25298,40608000.00,3.15,2.18,0.09,6.01
2000-08-31,4.22,4.21,4.24,4.17,12364,19712000.00,1.66,-0.24,-0.01,2.94
2000-09-01,4.20,4.11,4.24,4.06,16863,26635000.00,4.28,-2.38,-0.10,4.00
2000-09-04,4.11,4.22,4.23,4.11,15750,24958000.00,2.92,2.68,0.11,3.74
2000-09-05,4.28,4.13,4.40,4.13,10568,14854000.00,6.40,-2.13,-0.09,1.93
2000-09-07,4.13,4.09,4.22,4.08,6399,8673000.00,3.39,-0.97,-0.04,1.17
2000-09-08,4.09,4.16,4.18,4.03,5947,8086000.00,3.67,1.71,0.07,1.09
2000-09-11,4.21,4.27,4.35,4.18,8264,11669000.00,4.09,2.64,0.11,1.51
2000-09-12,4.30,4.26,4.32,4.22,8973,12648000.00,2.34,-0.23,-0.01,1.64
2000-09-13,4.27,4.22,4.30,4.19,5056,7084000.00,2.58,-0.94,-0.04,0.92
2000-09-14,4.22,4.23,4.26,4.19,5773,8038000.00,1.66,0.24,0.01,1.05
2000-09-15,4.23,4.38,4.39,4.13,18790,26519000.00,6.15,3.55,0.15,3.43
2000-09-18,4.36,4.52,4.54,4.32,14825,21713000.00,5.02,3.20,0.14,2.71
2000-09-19,4.50,4.38,4.54,4.34,8187,11979000.00,4.42,-3.10,-0.14,1.50
2000-09-20,4.38,4.51,4.52,4.37,14781,21541000.00,3.42,2.97,0.13,2.70
2000-09-21,4.49,4.56,4.59,4.49,10655,15902000.00,2.22,1.11,0.05,1.95
2000-09-22,4.57,4.48,4.66,4.45,6471,9594000.00,4.61,-1.75,-0.08,1.18
2000-09-25,4.37,4.41,4.57,4.37,5190,7641000.00,4.46,-1.56,-0.07,0.95
2000-09-26,4.39,4.36,4.48,4.36,9320,13461000.00,2.72,-1.13,-0.05,1.70
2000-09-27,4.36,4.29,4.41,4.26,4207,5950000.00,3.44,-1.61,-0.07,0.77
2000-09-28,4.32,4.42,4.42,4.29,5127,7298000.00,3.03,3.03,0.13,0.94
2000-09-29,4.41,4.50,4.51,4.29,12009,17236000.00,4.98,1.81,0.08,2.19
2000-10-09,4.48,4.57,4.64,4.45,7036,10483000.00,4.22,1.56,0.07,1.28
2000-10-10,4.42,4.68,4.68,4.42,4337,6552000.00,5.69,2.41,0.11,0.79
2000-10-11,4.63,4.58,4.74,4.56,8842,13349000.00,3.85,-2.14,-0.10,1.61
2000-10-12,4.56,4.89,4.89,4.50,24369,37021000.00,8.52,6.77,0.31,4.45
2000-10-13,4.86,4.87,4.90,4.81,10393,16494000.00,1.84,-0.41,-0.02,1.90
2000-10-16,4.82,4.90,4.95,4.78,18388,29161000.00,3.49,0.62,0.03,3.36
2000-10-17,4.90,4.98,5.00,4.84,26468,42867000.00,3.27,1.63,0.08,4.83
2000-10-18,4.98,5.05,5.07,4.90,20244,33127000.00,3.41,1.41,0.07,3.70
2000-10-19,5.01,5.03,5.09,4.87,12068,19620000.00,4.36,-0.40,-0.02,2.20
2000-10-20,5.03,5.02,5.05,4.91,8602,14002000.00,2.78,-0.20,-0.01,1.57
2000-10-23,5.06,5.00,5.06,4.90,8897,14391000.00,3.19,-0.40,-0.02,1.62
2000-10-24,5.00,4.98,5.02,4.91,4343,7036000.00,2.20,-0.40,-0.02,0.79
2000-10-25,4.98,4.98,4.98,4.84,10105,16158000.00,2.81,0.00,0.00,1.85
2000-10-26,4.90,4.94,4.94,4.85,4447,7101000.00,1.81,-0.80,-0.04,0.81
2000-10-27,4.91,4.96,4.96,4.88,6169,9897000.00,1.62,0.40,0.02,1.13
2000-10-30,4.97,4.98,5.04,4.92,4352,6012000.00,2.42,0.40,0.02,0.68
2000-10-31,4.98,4.95,5.03,4.80,13069,17649000.00,4.62,-0.60,-0.03,2.04
2000-11-01,4.86,5.05,5.05,4.82,10134,13852000.00,4.65,2.02,0.10,1.58
2000-11-02,5.05,5.04,5.05,4.90,6387,8838000.00,2.97,-0.20,-0.01,0.99
2000-11-03,5.00,5.02,5.05,4.94,6987,9696000.00,2.18,-0.40,-0.02,1.09
2000-11-06,4.98,5.00,5.05,4.91,9351,12912000.00,2.79,-0.40,-0.02,1.46
2000-11-07,5.00,5.03,5.04,4.95,6600,9180000.00,1.80,0.60,0.03,1.03
2000-11-08,5.02,5.01,5.02,4.94,9854,13652000.00,1.59,-0.40,-0.02,1.53
2000-11-09,5.00,5.01,5.05,4.92,13950,19270000.00,2.59,0.00,0.00,2.17
2000-11-10,5.01,5.24,5.24,4.90,40752,57321000.00,6.79,4.59,0.23,6.35
2000-11-13,5.24,5.34,5.36,5.05,28940,42261000.00,5.92,1.91,0.10,4.51
2000-11-14,5.32,5.34,5.36,5.22,10946,15962000.00,2.62,0.00,0.00,1.70
2000-11-15,5.32,5.29,5.32,5.19,4627,6700000.00,2.43,-0.94,-0.05,0.72
2000-11-16,5.24,5.22,5.25,5.11,6425,9261000.00,2.65,-1.32,-0.07,1.00
2000-11-17,5.20,5.14,5.23,4.98,5017,7146000.00,4.79,-1.53,-0.08,0.78
2000-11-20,5.13,5.01,5.13,4.86,21132,28971000.00,5.25,-2.53,-0.13,3.29
2000-11-21,4.97,5.02,5.04,4.90,14198,19670000.00,2.79,0.20,0.01,2.21
2000-11-22,5.02,5.03,5.07,4.95,12376,17231000.00,2.39,0.20,0.01,1.93
2000-11-23,5.02,4.98,5.02,4.90,8354,11521000.00,2.39,-0.99,-0.05,1.30
2000-11-24,4.96,4.91,4.96,4.78,13483,18232000.00,3.61,-1.41,-0.07,2.10
2000-11-27,4.82,4.88,4.91,4.75,25551,34181000.00,3.26,-0.61,-0.03,3.98
2000-11-28,4.86,4.86,4.91,4.79,11415,15385000.00,2.46,-0.41,-0.02,1.78
2000-11-29,4.86,4.66,4.86,4.63,20024,26617000.00,4.73,-4.12,-0.20,3.12
2000-11-30,4.64,4.65,4.65,4.42,40898,51664000.00,4.94,-0.21,-0.01,6.37
2000-12-01,4.70,4.72,4.76,4.65,24667,32295000.00,2.37,1.51,0.07,3.84
2000-12-04,4.75,4.67,4.78,4.61,11131,14490000.00,3.60,-1.06,-0.05,1.73
2000-12-05,4.67,4.56,4.67,4.48,21480,27303000.00,4.07,-2.36,-0.11,3.35
2000-12-06,4.56,4.56,4.58,4.37,38140,47526000.00,4.61,0.00,0.00,5.94
2000-12-07,4.52,4.56,4.60,4.41,29350,37045000.00,4.17,0.00,0.00,4.57
2000-12-08,4.54,4.59,4.61,4.40,54871,68505000.00,4.61,0.66,0.03,8.55
2000-12-11,4.55,4.95,5.08,4.48,78913,105937000.00,13.07,7.84,0.36,12.29
2000-12-12,4.94,5.39,5.46,4.87,99679,143286000.00,11.92,8.89,0.44,15.53
2000-12-13,5.39,5.40,5.54,5.27,38907,57844000.00,5.01,0.19,0.01,6.06
2000-12-14,5.43,5.65,5.66,5.34,51687,78148000.00,5.93,4.63,0.25,8.05
2000-12-15,5.70,5.88,5.88,5.65,43753,69974000.00,4.07,4.07,0.23,6.81
2000-12-18,5.89,5.92,5.97,5.77,58399,94643000.00,3.40,0.68,0.04,9.10
2000-12-20,5.89,5.93,6.00,5.81,18319,29610000.00,3.21,0.17,0.01,2.85
2000-12-21,5.92,6.19,6.26,5.85,41262,69594000.00,6.91,4.38,0.26,6.43
2000-12-22,6.10,6.32,6.36,5.96,31811,54181000.00,6.46,2.10,0.13,4.95
2000-12-25,6.15,6.25,6.34,6.00,8214,13998000.00,5.38,-1.11,-0.07,1.28
2000-12-26,6.26,6.09,6.29,5.89,20878,35050000.00,6.40,-2.56,-0.16,3.25
2000-12-27,6.02,5.86,6.08,5.54,19323,31043224.00,8.87,-3.78,-0.23,3.01
2000-12-28,5.81,5.56,5.81,5.49,45654,71626000.00,5.46,-5.12,-0.30,7.11
2000-12-29,5.56,5.73,5.74,5.51,18407,28427000.00,4.14,3.06,0.17,2.87