2022-01-04,123.41,120.72,123.44,119.41,122586,1485815920.00,3.25,-2.65,-3.28,1.33
2022-01-05,120.72,118.04,121.76,117.52,104826,1257063344.00,3.51,-2.22,-2.68,1.14
2022-01-06,117.00,115.70,118.68,113.70,143498,1664042176.00,4.22,-1.98,-2.34,1.56
2022-01-07,114.42,113.63,115.63,113.20,132276,1520345984.00,2.10,-1.79,-2.07,1.43
2022-01-10,113.00,116.73,117.70,113.00,125424,1462568720.00,4.14,2.73,3.10,1.36
2022-01-11,116.73,114.80,116.85,113.11,97887,1126255840.00,3.20,-1.65,-1.93,1.06
2022-01-12,116.02,117.69,118.80,115.01,117989,1391958176.00,3.30,2.52,2.89,1.28
2022-01-13,117.75,113.78,117.95,113.30,98359,1137988608.00,3.95,-3.32,-3.91,1.07
2022-01-14,113.00,112.64,113.60,108.90,139470,1560959488.00,4.13,-1.00,-1.14,1.51
2022-01-17,112.60,109.55,112.77,109.00,151440,1673730560.00,3.35,-2.74,-3.09,1.64
2022-01-18,109.55,110.00,112.00,107.98,104595,1158352992.00,3.67,0.41,0.45,1.13
2022-01-19,108.24,105.78,109.39,105.27,124934,1344575888.00,3.75,-3.84,-4.22,1.36
2022-01-20,105.90,106.40,108.53,105.77,103468,1114886912.00,2.61,0.59,0.62,1.12
2022-01-21,105.40,103.32,107.71,103.18,111896,1176606496.00,4.26,-2.89,-3.08,1.21
2022-01-24,103.40,104.95,107.56,103.32,114396,1208679120.00,4.10,1.58,1.63,1.24
2022-01-25,106.40,106.95,109.70,105.46,171086,1858382336.00,4.04,1.91,2.00,1.86
2022-01-26,106.98,107.34,108.46,104.93,110251,1184166848.00,3.30,0.36,0.39,1.20
2022-01-27,107.40,107.71,110.38,105.70,126386,1379000464.00,4.36,0.34,0.37,1.37
2022-01-28,107.48,105.02,108.60,103.91,106317,1132841344.00,4.35,-2.50,-2.69,1.15
2022-02-07,109.94,109.87,114.30,109.35,180133,2020704208.00,4.71,4.62,4.85,1.95
2022-02-08,109.00,113.90,114.32,106.98,160212,1791597712.00,6.68,3.67,4.03,1.74
2022-02-09,113.20,119.49,121.61,112.51,232409,2748376384.00,7.99,4.91,5.59,2.52
2022-02-10,120.46,124.08,125.90,120.22,183123,2272903680.00,4.75,3.84,4.59,1.99
2022-02-11,124.06,120.10,125.79,120.06,120105,1471532064.00,4.62,-3.21,-3.98,1.30
2022-02-14,119.40,121.88,125.40,119.06,122264,1507640752.00,5.28,1.48,1.78,1.33
2022-02-15,121.50,122.30,122.92,118.30,109164,1327440224.00,3.79,0.34,0.42,1.18
2022-02-16,122.72,121.66,123.78,121.13,62261,764266544.00,2.17,-0.52,-0.64,0.68
2022-02-17,120.70,121.08,122.63,120.00,65040,791631616.00,2.16,-0.48,-0.58,0.71
2022-02-18,122.80,124.58,126.25,118.43,121229,1497416368.00,6.46,2.89,3.50,1.31
2022-02-21,129.40,125.01,129.65,124.70,133981,1710049312.00,3.97,0.35,0.43,1.45
2022-02-22,123.36,120.98,123.78,120.10,78927,965818400.00,2.94,-3.22,-4.03,0.86
2022-02-23,119.40,120.40,122.00,119.39,83065,1003981264.00,2.16,-0.48,-0.58,0.90
2022-02-24,119.40,116.44,120.40,114.81,104755,1234204352.00,4.64,-3.29,-3.96,1.14
2022-02-25,116.50,125.51,125.54,116.50,181020,2239458272.00,7.76,7.79,9.07,1.96
2022-02-28,124.90,128.68,129.09,123.87,144038,1841728880.00,4.16,2.53,3.17,1.56
2022-03-01,128.40,126.50,128.66,125.76,65132,830824496.00,2.25,-1.69,-2.18,0.71
2022-03-02,125.60,124.08,126.25,123.21,62186,778200224.00,2.40,-1.91,-2.42,0.67
2022-03-03,128.85,124.88,128.90,124.08,86864,1097101904.00,3.88,0.64,0.80,0.94
2022-03-04,125.40,127.75,129.40,124.41,114421,1472364272.00,4.00,2.30,2.87,1.24
2022-03-07,127.33,121.33,127.33,121.00,118963,1473102528.00,4.95,-5.03,-6.42,1.29
2022-03-08,119.40,115.92,122.04,115.78,107205,1277237776.00,5.16,-4.46,-5.41,1.16
2022-03-09,115.80,118.29,119.39,113.38,91283,1070066624.00,5.18,2.04,2.37,0.99
2022-03-10,122.00,118.78,122.58,117.41,98430,1182426080.00,4.37,0.41,0.49,1.07
2022-03-11,115.41,121.40,122.44,109.40,216573,2502224016.00,10.98,2.21,2.62,2.35
2022-03-14,120.08,119.55,123.76,117.39,143826,1747866672.00,5.25,-1.52,-1.85,1.56
2022-03-15,122.48,124.64,129.40,121.40,292065,3716054144.00,6.69,4.26,5.09,3.17
2022-03-16,124.65,130.45,132.28,122.27,273242,3506998384.00,8.03,4.66,5.81,2.96
2022-03-17,133.20,139.26,142.70,133.20,312141,4374485504.00,7.28,6.75,8.81,3.39
2022-03-18,138.00,138.96,140.84,135.96,166917,2320774896.00,3.50,-0.22,-0.30,1.81
2022-03-21,140.98,140.79,142.88,137.40,153689,2170114832.00,3.94,1.32,1.83,1.67
2022-03-22,139.40,133.68,140.40,132.66,155453,2104681728.00,5.50,-5.05,-7.11,1.69
2022-03-23,135.40,133.95,135.40,130.50,121089,1618969840.00,3.67,0.20,0.27,1.31
2022-03-24,132.60,140.70,141.98,131.60,184855,2566843280.00,7.75,5.04,6.75,2.01
2022-03-25,139.38,136.51,141.13,134.40,101035,1398773600.00,4.78,-2.98,-4.19,1.10
2022-03-28,133.40,135.00,137.55,132.90,85335,1158694640.00,3.41,-1.11,-1.51,0.93
2022-03-29,135.40,137.40,138.37,133.99,84950,1167020160.00,3.24,1.78,2.40,0.92
2022-03-30,137.39,135.40,137.59,134.00,97278,1324346768.00,2.61,-1.46,-2.00,1.06
2022-03-31,138.40,137.40,142.13,135.42,122417,1701939824.00,4.96,1.48,2.00,1.33
2022-04-01,135.98,133.36,136.58,132.20,103222,1385822576.00,3.19,-2.94,-4.04,1.12
2022-04-06,134.40,135.82,136.77,132.40,73247,996560000.00,3.28,1.84,2.46,0.79
2022-04-07,134.40,131.52,135.39,131.10,72226,961451392.00,3.16,-3.17,-4.30,0.78
2022-04-08,131.65,130.30,133.96,129.48,68153,900806016.00,3.41,-0.93,-1.22,0.74
2022-04-11,134.30,138.82,139.80,132.20,213327,2946036320.00,5.83,6.54,8.52,2.31
2022-04-12,138.85,139.20,140.60,136.26,119637,1668763904.00,3.13,0.27,0.38,1.30
2022-04-13,137.34,134.58,139.00,134.41,81578,1114664640.00,3.30,-3.32,-4.62,0.88
2022-04-14,136.90,115.40,137.18,109.35,552416,6456975616.00,20.68,-14.25,-19.18,5.99
2022-04-15,114.95,115.38,120.05,112.40,222647,2624418448.00,6.63,-0.02,-0.02,2.42
2022-04-18,115.40,112.88,117.20,110.79,158785,1803448144.00,5.56,-2.17,-2.50,1.72
2022-04-19,112.70,108.67,112.88,105.35,258747,2807177472.00,6.67,-3.73,-4.21,2.81
2022-04-20,108.67,106.89,109.98,106.36,114312,1240392640.00,3.33,-1.64,-1.78,1.24
2022-04-21,105.90,103.90,108.20,103.58,92431,977998144.00,4.32,-2.80,-2.99,1.00
2022-04-22,103.40,101.62,103.68,100.60,104134,1069131888.00,2.96,-2.19,-2.28,1.13
2022-04-25,101.60,92.61,101.60,92.59,174563,1696743120.00,8.87,-8.87,-9.01,1.89
2022-04-26,93.30,94.56,96.68,92.80,140423,1339448144.00,4.19,2.11,1.95,1.52
2022-04-27,93.39,96.86,97.01,91.20,158448,1512833712.00,6.14,2.43,2.30,1.72
2022-04-28,98.90,93.12,98.90,91.85,154489,1455134496.00,7.28,-3.86,-3.74,1.68
2022-04-29,92.49,93.90,94.74,87.39,284342,2606062208.00,7.89,0.84,0.78,3.08
2022-05-05,92.90,97.40,98.60,91.78,189709,1843224704.00,7.26,3.73,3.50,2.06
2022-05-06,95.40,95.08,97.89,94.62,97975,946260496.00,3.36,-2.38,-2.32,1.06
2022-05-09,95.07,97.23,98.15,94.20,77753,760103920.00,4.15,2.26,2.15,0.84
2022-05-10,96.20,96.86,97.93,95.40,84981,824376832.00,2.60,-0.38,-0.37,0.92
2022-05-11,97.98,101.38,104.90,96.50,197946,2034694832.00,8.67,4.67,4.52,2.15
2022-05-12,99.50,100.96,103.40,98.93,90463,920164960.00,4.41,-0.41,-0.42,0.98
2022-05-13,102.22,98.15,102.30,97.40,109887,1091712464.00,4.85,-2.78,-2.81,1.19
2022-05-16,98.88,96.08,99.09,96.06,71676,699424416.00,3.09,-2.11,-2.07,0.78
2022-05-17,96.31,92.70,96.38,92.08,151786,1420701712.00,4.48,-3.52,-3.38,1.65
2022-05-18,92.38,92.81,93.68,91.01,87686,819896048.00,2.88,0.12,0.11,0.95
2022-05-19,91.80,91.22,92.71,89.63,102006,932689440.00,3.32,-1.71,-1.59,1.11
2022-05-20,92.90,91.97,95.26,91.60,144389,1350546816.00,4.01,0.82,0.75,1.57
2022-05-23,93.38,94.15,94.81,92.72,132170,1245572656.00,2.27,2.37,2.18,1.43
2022-05-24,94.10,88.60,94.10,88.55,160259,1462484448.00,5.89,-5.89,-5.55,1.74
2022-05-25,88.31,89.05,89.90,87.70,73812,659568784.00,2.48,0.51,0.45,0.80
2022-05-26,89.07,85.80,89.48,85.10,137660,1195376304.00,4.92,-3.65,-3.25,1.49
2022-05-27,86.40,84.10,86.99,83.45,186197,1588796416.00,4.13,-1.98,-1.70,2.02
2022-05-30,84.06,84.90,84.95,82.48,129988,1098106064.00,2.94,0.95,0.80,1.41
2022-05-31,85.00,86.68,86.99,83.66,169756,1465248384.00,3.92,2.10,1.78,1.84
2022-06-01,86.45,86.22,87.60,85.58,105076,915923920.00,2.33,-0.53,-0.46,1.14
2022-06-02,85.66,84.00,86.59,82.63,167800,1413938432.00,4.59,-2.57,-2.22,1.82
2022-06-06,83.09,87.58,87.64,81.76,220070,1898729888.00,7.00,4.26,3.58,2.39
2022-06-07,87.50,87.92,89.78,86.57,178187,1573988896.00,3.67,0.39,0.34,1.93
2022-06-08,88.29,89.90,91.83,86.92,189630,1708915728.00,5.58,2.25,1.98,2.06
2022-06-09,90.20,87.45,91.39,87.12,121613,1083405104.00,4.75,-2.73,-2.45,1.32
2022-06-10,86.57,90.06,90.60,86.30,139471,1244850080.00,4.92,2.98,2.61,1.51
2022-06-13,88.85,88.45,90.06,87.62,110694,986387840.00,2.71,-1.79,-1.61,1.20
2022-06-14,87.42,89.29,90.70,87.29,121008,1083042336.00,3.86,0.95,0.84,1.31
2022-06-15,89.30,92.60,94.88,88.61,218250,2026157712.00,7.02,3.71,3.31,2.37
2022-06-16,92.90,93.62,95.84,92.21,161337,1531209792.00,3.92,1.10,1.02,1.75
2022-06-17,92.60,96.57,99.31,91.40,248833,2396032480.00,8.45,3.15,2.95,2.70
2022-06-20,98.40,103.09,103.59,97.35,261080,2646378288.00,6.46,6.75,6.52,2.83
2022-06-21,103.98,100.44,103.98,99.50,142563,1452363344.00,4.35,-2.57,-2.65,1.55
2022-06-22,100.44,99.15,103.00,99.13,122754,1241563088.00,3.85,-1.28,-1.29,1.33
2022-06-23,99.10,98.30,100.64,95.88,145044,1421486112.00,4.80,-0.86,-0.85,1.57
2022-06-24,98.50,100.09,100.94,97.36,119206,1197467168.00,3.64,1.82,1.79,1.29
2022-06-27,101.30,108.35,108.66,100.90,206282,2200885232.00,7.75,8.25,8.26,2.24
2022-06-28,108.21,108.28,109.38,104.52,134423,1443972288.00,4.49,-0.06,-0.07,1.46
2022-06-29,108.40,108.90,113.40,107.40,159893,1778354464.00,5.54,0.57,0.62,1.73
2022-06-30,109.36,110.41,113.40,107.05,128208,1430553008.00,5.83,1.39,1.51,1.39
2022-07-01,109.91,113.36,114.36,108.52,130128,1470449536.00,5.29,2.67,2.95,1.41
2022-07-04,114.60,118.28,119.07,114.40,133662,1572341968.00,4.12,4.34,4.92,1.44
2022-07-05,118.44,119.33,120.46,116.08,144906,1717913824.00,3.70,0.89,1.05,1.57
2022-07-06,118.40,112.77,119.95,112.69,167953,1937667840.00,6.08,-5.50,-6.56,1.81
2022-07-07,112.70,110.40,113.56,108.90,141580,1576846560.00,4.13,-2.10,-2.37,1.53
2022-07-08,110.66,111.56,115.40,110.61,85498,967518165.00,4.34,1.05,1.16,0.92
2022-07-11,111.40,112.96,116.06,111.06,109681,1250358605.00,4.48,1.25,1.40,1.19
2022-07-12,112.87,107.88,112.87,107.71,90445,993640001.00,4.57,-4.50,-5.08,0.98
2022-07-13,107.50,107.33,109.70,105.40,71608,774612290.00,3.99,-0.51,-0.55,0.77
2022-07-14,107.40,108.83,110.30,105.93,77318,845255569.00,4.07,1.40,1.50,0.84
2022-07-15,107.97,104.50,109.55,103.70,132426,1399303911.00,5.38,-3.98,-4.33,1.43
2022-07-18,104.12,104.48,105.40,101.00,82984,857956035.00,4.21,-0.02,-0.02,0.90
2022-07-19,104.90,102.85,105.79,101.45,67689,695078755.00,4.15,-1.56,-1.63,0.73
2022-07-20,103.90,104.95,107.50,102.96,77121,813768792.00,4.41,2.04,2.10,0.83
2022-07-21,104.20,103.81,105.48,103.10,52918,551321384.00,2.27,-1.09,-1.14,0.57
2022-07-22,103.84,104.56,107.30,103.66,93169,985196823.00,3.51,0.72,0.75,1.01
2022-07-25,104.00,108.13,111.00,103.40,135708,1468990815.00,7.27,3.41,3.57,1.47
2022-07-26,108.13,107.41,108.90,105.37,82320,879359427.00,3.26,-0.67,-0.72,0.89
2022-07-27,106.45,103.93,108.22,102.53,87328,915495772.00,5.30,-3.24,-3.48,0.94
2022-07-28,103.91,101.95,105.11,101.73,81534,840084104.00,3.25,-1.91,-1.98,0.88
2022-07-29,102.50,99.52,102.70,99.10,94715,947071476.00,3.53,-2.38,-2.43,1.02
2022-08-01,99.46,97.74,99.46,96.50,61852,604215675.00,2.97,-1.79,-1.78,0.67
2022-08-02,97.68,95.66,97.68,93.50,83759,802852925.00,4.28,-2.13,-2.08,0.91
2022-08-03,96.00,95.22,97.44,94.61,69409,666202500.00,2.96,-0.46,-0.44,0.75
2022-08-04,96.00,98.00,98.60,95.71,61980,603844699.00,3.04,2.92,2.78,0.67
2022-08-05,97.66,99.72,100.23,97.15,67954,672637771.00,3.14,1.76,1.72,0.73
2022-08-08,100.30,96.95,100.50,96.31,74984,731561706.00,4.20,-2.78,-2.77,0.81
2022-08-09,96.69,96.71,96.88,94.61,63328,603991275.00,2.34,-0.25,-0.24,0.68
2022-08-10,96.53,92.93,96.70,92.67,85911,806884937.00,4.17,-3.91,-3.78,0.93
2022-08-11,93.99,99.02,101.73,93.76,148780,1464539506.00,8.58,6.55,6.09,1.61
2022-08-12,99.60,98.40,99.98,96.68,77218,761459369.00,3.33,-0.63,-0.62,0.83
2022-08-15,98.07,97.12,98.87,96.57,61051,593547889.00,2.34,-1.30,-1.28,0.66
2022-08-16,97.46,95.49,97.50,95.20,52401,503176106.00,2.37,-1.68,-1.63,0.57
2022-08-17,95.35,96.02,98.20,93.58,63580,608997464.00,4.84,0.56,0.53,0.69
2022-08-18,95.80,92.80,95.80,92.29,84960,793735964.00,3.66,-3.35,-3.22,0.92
2022-08-19,92.52,93.12,93.58,90.85,96026,885751591.00,2.94,0.34,0.32,1.04
2022-08-22,92.14,94.02,94.02,91.03,71087,659230408.00,3.21,0.97,0.90,0.77
2022-08-23,93.30,90.28,93.48,90.03,119039,1082672870.00,3.67,-3.98,-3.74,1.29
2022-08-24,90.42,89.91,91.90,89.90,63272,573969293.00,2.22,-0.41,-0.37,0.68
2022-08-25,90.50,92.75,93.01,90.36,82261,757018229.00,2.95,3.16,2.84,0.89
2022-08-26,92.24,91.82,95.31,91.50,90898,844325211.00,4.11,-1.00,-0.93,0.98
2022-08-29,90.51,91.21,91.47,89.80,64926,588101814.00,1.82,-0.66,-0.61,0.70
2022-08-30,89.00,91.35,91.44,88.66,86710,781587833.00,3.05,0.15,0.14,0.94
2022-08-31,96.00,94.05,96.88,91.02,192243,1793187150.00,6.41,2.96,2.70,2.08
2022-09-01,93.15,98.75,100.50,93.10,221881,2191174464.00,7.87,5.00,4.70,2.40
2022-09-02,99.00,97.05,100.78,96.20,107971,1058800223.00,4.64,-1.72,-1.70,1.17
2022-09-05,96.35,93.02,97.70,92.19,101722,962983618.00,5.68,-4.15,-4.03,1.10
2022-09-06,93.80,91.26,93.80,90.50,91328,836715548.00,3.55,-1.89,-1.76,0.99
2022-09-07,91.00,91.20,92.88,90.51,79017,723354149.00,2.60,-0.07,-0.06,0.85
2022-09-08,91.44,88.89,91.74,88.80,90104,806307466.00,3.22,-2.53,-2.31,0.97
2022-09-09,89.20,91.39,93.50,89.20,91423,838351365.00,4.84,2.81,2.50,0.99
2022-09-13,90.95,90.25,93.87,90.22,96695,887470163.00,3.99,-1.25,-1.14,1.04
2022-09-14,89.01,89.00,90.00,88.16,92950,828518052.00,2.04,-1.39,-1.25,1.00
2022-09-15,88.92,88.32,91.11,87.81,78030,695921775.00,3.71,-0.76,-0.68,0.84
2022-09-16,88.16,82.90,88.30,82.88,157307,1328558082.00,6.14,-6.14,-5.42,1.70
2022-09-19,82.96,84.60,86.45,82.49,95736,812004463.00,4.78,2.05,1.70,1.03
2022-09-20,84.60,84.99,85.82,83.86,71353,605172947.00,2.32,0.46,0.39,0.77
2022-09-21,84.88,81.75,84.94,81.40,91347,752229761.00,4.17,-3.81,-3.24,0.99
2022-09-22,80.80,81.82,82.85,80.62,66678,547433596.00,2.73,0.09,0.07,0.72
2022-09-23,81.95,85.02,85.86,81.03,125359,1058700919.00,5.90,3.91,3.20,1.35
2022-09-26,85.00,82.39,85.34,82.25,74978,624081140.00,3.63,-3.09,-2.63,0.81
2022-09-27,82.50,87.89,88.01,81.82,119160,1019278740.00,7.51,6.68,5.50,1.29
2022-09-28,86.42,84.42,87.88,84.26,90041,771440327.00,4.12,-3.95,-3.47,0.97
2022-09-29,85.11,87.25,90.00,85.10,136955,1206253675.00,5.80,3.35,2.83,1.48
2022-09-30,87.25,86.43,88.50,86.02,60792,528674344.00,2.84,-0.94,-0.82,0.66
2022-10-10,86.83,81.60,87.49,81.08,87892,728697659.00,7.42,-5.59,-4.83,0.95
2022-10-11,81.90,78.18,82.28,75.57,112471,874219650.00,8.22,-4.19,-3.42,1.22
2022-10-12,78.28,79.54,79.58,76.00,86041,666347354.00,4.58,1.74,1.36,0.93
2022-10-13,78.50,85.00,86.55,78.31,137386,1151127950.00,10.36,6.86,5.46,1.48
2022-10-14,85.36,94.17,95.50,85.30,234344,2153717514.00,12.00,10.79,9.17,2.53
2022-10-17,94.80,95.90,101.50,94.00,198610,1939340082.00,7.96,1.84,1.73,2.15
2022-10-18,96.00,96.77,99.22,94.20,122010,1179279501.00,5.23,0.91,0.87,1.32
2022-10-19,95.99,94.24,96.36,93.05,84603,796996218.00,3.42,-2.61,-2.53,0.91
2022-10-20,94.30,93.77,96.70,92.43,102535,966386872.00,4.53,-0.50,-0.47,1.11
2022-10-21,93.01,93.62,95.26,91.59,83596,779905193.00,3.91,-0.16,-0.15,0.90
2022-10-24,93.62,91.37,94.80,90.81,76350,703382808.00,4.26,-2.40,-2.25,0.83
2022-10-25,91.35,89.45,92.13,88.00,96796,863256004.00,4.52,-2.10,-1.92,1.05
2022-10-26,90.21,96.60,97.56,89.60,136007,1300303671.00,8.90,7.99,7.15,1.47
2022-10-27,95.00,86.48,95.00,80.00,310855,2645348490.00,15.53,-10.48,-10.12,3.36
2022-10-28,83.30,84.89,87.00,83.05,125849,1071969352.00,4.57,-1.84,-1.59,1.36
2022-10-31,83.95,85.40,86.80,82.20,104932,888502363.00,5.42,0.60,0.51,1.13
2022-11-01,86.09,94.20,94.31,85.11,160964,1442092965.00,10.77,10.30,8.80,1.74
2022-11-02,93.20,95.27,100.08,93.08,246750,2397672183.00,7.43,1.14,1.07,2.67
2022-11-03,93.20,92.68,94.80,91.11,128329,1189637047.00,3.87,-2.72,-2.59,1.39
2022-11-04,92.68,97.26,100.00,92.10,159473,1541770898.00,8.52,4.94,4.58,1.72
2022-11-07,96.90,97.30,98.55,96.02,116073,1128627034.00,2.60,0.04,0.04,1.25
2022-11-08,97.20,97.90,98.59,95.88,85521,831525036.00,2.79,0.62,0.60,0.92
2022-11-09,96.89,99.44,102.08,96.66,119573,1186254316.00,5.54,1.57,1.54,1.29
2022-11-10,98.01,95.71,98.88,95.65,82087,795862374.00,3.25,-3.75,-3.73,0.89
2022-11-11,99.56,96.05,101.00,94.90,194482,1914602512.00,6.37,0.36,0.34,2.10
2022-11-14,97.08,97.00,98.86,94.17,102215,988349534.00,4.88,0.99,0.95,1.10
2022-11-15,97.00,96.00,97.43,94.00,122857,1171298819.00,3.54,-1.03,-1.00,1.33
2022-11-16,95.60,95.20,99.15,95.18,110845,1073565127.00,4.14,-0.83,-0.80,1.20
2022-11-17,95.00,94.01,96.15,92.28,108790,1018983201.00,4.07,-1.25,-1.19,1.18
2022-11-18,94.00,95.17,96.50,93.50,106852,1012702597.00,3.19,1.23,1.16,1.15
2022-11-21,96.09,98.27,99.50,94.55,145086,1419725312.00,5.20,3.26,3.10,1.57
2022-11-22,98.01,95.48,101.99,95.20,125187,1231898432.00,6.91,-2.84,-2.79,1.35
2022-11-23,95.48,90.46,95.66,89.67,116643,1066453917.00,6.27,-5.26,-5.02,1.26
2022-11-24,90.98,91.46,92.03,90.29,57173,520901508.00,1.92,1.11,1.00,0.62
2022-11-25,91.50,90.41,91.60,88.46,58359,525659029.00,3.43,-1.15,-1.05,0.63
2022-11-28,89.01,89.35,91.68,88.35,56226,502878890.00,3.68,-1.17,-1.06,0.61
2022-11-29,88.98,92.00,93.69,88.78,108735,980988650.00,5.50,2.97,2.65,1.17
2022-11-30,90.16,90.46,90.98,88.70,96014,856969766.00,2.48,-1.67,-1.54,1.04
2022-12-01,90.00,89.00,91.36,88.36,113282,1012675502.00,3.32,-1.61,-1.46,1.22
2022-12-02,89.01,89.09,89.36,87.30,63342,561307486.00,2.31,0.10,0.09,0.68
2022-12-05,89.15,85.88,89.60,84.89,140528,1212272822.00,5.29,-3.60,-3.21,1.52
2022-12-06,85.45,85.71,87.15,85.10,67098,578555054.00,2.39,-0.20,-0.17,0.73
2022-12-07,85.10,85.25,86.21,84.25,69020,588532518.00,2.29,-0.54,-0.46,0.75
2022-12-08,85.25,84.83,85.95,84.57,70635,599799152.00,1.62,-0.49,-0.42,0.76
2022-12-09,84.84,86.77,87.25,84.31,114251,981422529.00,3.47,2.29,1.94,1.23
2022-12-12,87.50,84.51,87.50,84.40,111195,948098213.00,3.57,-2.60,-2.26,1.20
2022-12-13,84.98,87.21,88.00,83.57,124951,1078034097.00,5.24,3.19,2.70,1.35
2022-12-14,86.60,87.89,89.06,85.40,140554,1226742376.00,4.20,0.78,0.68,1.52
2022-12-15,88.50,85.35,88.64,84.84,100347,863578464.00,4.32,-2.89,-2.54,1.08
2022-12-16,85.35,83.99,85.97,83.38,84005,710678043.00,3.03,-1.59,-1.36,0.91
2022-12-19,84.05,81.19,84.35,80.60,98398,801611257.00,4.46,-3.33,-2.80,1.06
2022-12-20,81.27,84.03,85.74,81.27,135170,1136963591.00,5.51,3.50,2.84,1.46
2022-12-21,84.05,82.94,84.80,82.18,53485,444181998.00,3.12,-1.30,-1.09,0.58
2022-12-22,83.00,85.07,86.93,82.45,118053,1010946638.00,5.40,2.57,2.13,1.28
2022-12-23,84.36,85.41,86.11,81.18,96734,810246599.00,5.80,0.40,0.34,1.05
2022-12-26,86.95,85.60,88.60,85.00,109487,953560795.00,4.21,0.22,0.19,1.18
2022-12-27,85.00,87.58,88.48,83.30,135629,1171609886.00,6.05,2.31,1.98,1.47
2022-12-28,87.31,87.31,88.55,86.83,61483,539212900.00,1.96,-0.31,-0.27,0.66
2022-12-29,86.85,88.31,89.00,86.85,87933,777312954.00,2.46,1.15,1.00,0.95
2022-12-30,88.35,87.83,89.87,87.52,67175,595566418.00,2.66,-0.54,-0.48,0.73