2022-01-04,20.20,20.74,20.85,20.20,14093,29440799.00,3.22,2.78,0.56,5.64
2022-01-05,20.95,20.89,21.10,20.55,15795,33340766.00,2.65,0.72,0.15,6.32
2022-01-06,20.78,21.29,21.64,20.63,17154,36981372.00,4.83,1.91,0.40,6.86
2022-01-07,21.28,21.11,21.78,21.01,22662,49210675.00,3.62,-0.85,-0.18,9.06
2022-01-10,21.02,21.69,21.85,20.96,18909,41434604.00,4.22,2.75,0.58,7.56
2022-01-11,21.68,22.00,22.49,21.65,22448,50261284.00,3.87,1.43,0.31,8.98
2022-01-12,21.50,22.29,22.35,21.48,23024,51534487.00,3.95,1.32,0.29,9.21
2022-01-13,22.21,22.21,22.50,22.03,11333,25491459.00,2.11,-0.36,-0.08,4.53
2022-01-14,22.21,21.59,22.38,21.58,12091,26840253.00,3.60,-2.79,-0.62,4.84
2022-01-17,21.57,22.34,22.39,21.57,13710,30839138.00,3.80,3.47,0.75,5.48
2022-01-18,22.28,21.80,22.40,21.50,14655,32541222.00,4.03,-2.42,-0.54,5.86
2022-01-19,22.08,22.57,22.80,21.65,23858,54057708.00,5.28,3.53,0.77,9.54
2022-01-20,22.42,21.44,22.70,21.40,13831,30606205.00,5.76,-5.01,-1.13,5.53
2022-01-21,21.48,21.02,21.66,20.70,8470,18140179.00,4.48,-1.96,-0.42,3.39
2022-01-24,21.01,20.48,21.04,20.43,7295,15283957.00,2.90,-2.57,-0.54,2.92
2022-01-25,20.64,19.41,20.64,19.35,11218,22513768.00,6.30,-5.22,-1.07,4.49
2022-01-26,19.51,19.57,19.85,19.34,8079,16076888.00,2.63,0.82,0.16,3.23
2022-01-27,19.56,18.90,19.56,18.90,9694,18811192.00,3.37,-3.42,-0.67,3.88
2022-01-28,18.98,19.42,19.58,18.92,8183,16019186.00,3.49,2.75,0.52,3.27
2022-02-07,19.56,19.58,19.94,19.47,20395,40651061.00,2.42,0.82,0.16,8.16
2022-02-08,19.59,20.36,21.05,19.59,21737,44619283.00,7.46,3.98,0.78,8.69
2022-02-09,20.70,20.87,21.09,20.25,18885,39644847.00,4.13,2.50,0.51,7.55
2022-02-10,20.98,22.47,25.10,20.48,83541,196257755.00,22.14,7.67,1.60,33.42
2022-02-11,21.61,22.31,22.85,21.32,79914,178350503.00,6.81,-0.71,-0.16,31.97
2022-02-14,21.99,22.64,22.98,21.32,69475,156928088.00,7.44,1.48,0.33,27.79
2022-02-15,22.68,22.06,22.90,21.92,50096,113286910.00,4.33,-2.56,-0.58,20.04
2022-02-16,22.10,22.38,22.43,21.55,50884,113500761.00,3.99,1.45,0.32,20.35
2022-02-17,22.29,21.89,22.58,21.64,41275,92131861.00,4.20,-2.19,-0.49,16.51
2022-02-18,21.65,21.74,22.05,21.56,26979,59499927.00,2.24,-0.69,-0.15,10.79
2022-02-21,21.62,22.86,23.25,21.50,54896,125231573.00,8.05,5.15,1.12,21.96
2022-02-22,22.70,22.68,23.20,22.44,50504,116723529.00,3.32,-0.79,-0.18,20.20
2022-02-23,22.79,22.11,23.05,21.88,43079,97132417.00,5.16,-2.51,-0.57,17.23
2022-02-24,21.90,20.77,22.25,20.24,47596,102754174.00,9.09,-6.06,-1.34,19.04
2022-02-25,21.39,21.72,22.68,21.10,37552,82797455.00,7.61,4.57,0.95,15.02
2022-02-28,22.31,21.60,22.37,21.07,21081,45860752.00,5.99,-0.55,-0.12,8.43
2022-03-01,21.61,21.42,21.82,21.37,18171,39669282.00,2.08,-0.83,-0.18,7.27
2022-03-02,21.38,21.95,21.95,21.27,21069,46407685.00,3.17,2.47,0.53,8.43
2022-03-03,21.90,21.43,22.09,21.30,20181,44190010.00,3.60,-2.37,-0.52,8.07
2022-03-04,21.50,22.58,22.80,21.30,64233,145199728.00,7.00,5.37,1.15,25.69
2022-03-07,22.40,27.16,27.16,22.20,113945,293901264.00,21.97,20.28,4.58,45.58
2022-03-08,28.53,24.73,29.70,24.42,171857,464499808.00,19.44,-8.95,-2.43,68.74
2022-03-09,23.91,25.77,27.14,23.91,135460,351220384.00,13.06,4.21,1.04,54.18
2022-03-10,26.49,25.53,27.04,24.60,113798,295856592.00,9.47,-0.93,-0.24,45.52
2022-03-11,24.53,23.71,24.54,22.96,83340,198891902.00,6.19,-7.13,-1.82,33.34
2022-03-14,23.37,21.93,23.83,21.90,75152,173984209.00,8.14,-7.51,-1.78,30.06
2022-03-15,22.04,20.31,22.12,20.28,63167,135529535.00,8.39,-7.39,-1.62,25.27
2022-03-16,20.76,20.67,20.89,19.82,47968,99420585.00,5.27,1.77,0.36,19.19
2022-03-17,21.20,21.62,22.10,20.51,59511,129340064.00,7.69,4.60,0.95,23.80
2022-03-18,21.35,21.52,21.85,21.05,35732,78086183.00,3.70,-0.46,-0.10,14.29
2022-03-21,21.51,22.31,22.42,21.51,42104,94356075.00,4.23,3.67,0.79,16.84
2022-03-22,22.16,21.87,22.30,21.64,30897,68601778.00,2.96,-1.97,-0.44,12.36
2022-03-23,21.90,21.36,21.90,21.30,27908,60907504.00,2.74,-2.33,-0.51,11.16
2022-03-24,21.18,21.90,22.19,20.89,44018,96449852.00,6.09,2.53,0.54,17.61
2022-03-25,21.66,21.60,22.60,21.45,60827,136024682.00,5.25,-1.37,-0.30,24.33
2022-03-28,21.48,20.73,21.90,20.47,37375,79954573.00,6.62,-4.03,-0.87,14.95
2022-03-29,20.91,20.29,21.45,20.20,36566,77475187.00,6.03,-2.12,-0.44,14.63
2022-03-30,20.48,20.30,20.60,20.09,26508,54568330.00,2.51,0.05,0.01,10.60
2022-03-31,20.21,20.52,20.87,19.98,24345,50571421.00,4.38,1.08,0.22,9.74
2022-04-01,20.25,19.90,20.37,19.80,28940,58659231.00,2.78,-3.02,-0.62,11.58
2022-04-06,19.91,20.30,20.61,19.91,25074,51912506.00,3.52,2.01,0.40,10.03
2022-04-07,20.32,19.65,20.49,19.58,22007,44454187.00,4.48,-3.20,-0.65,8.80
2022-04-08,19.76,19.30,20.01,19.13,21627,42499919.00,4.48,-1.78,-0.35,8.65
2022-04-11,19.36,18.81,19.51,18.71,15988,31005869.00,4.15,-2.54,-0.49,6.40
2022-04-12,18.85,19.15,19.23,18.76,14340,27674470.00,2.50,1.81,0.34,5.74
2022-04-13,19.05,18.62,19.18,18.56,13704,26147986.00,3.24,-2.77,-0.53,5.48
2022-04-14,18.58,18.73,18.93,18.50,9663,18447918.00,2.31,0.59,0.11,3.87
2022-04-15,18.61,18.03,18.74,17.93,16327,30278423.00,4.32,-3.74,-0.70,6.53
2022-04-18,18.06,18.41,18.47,17.61,11318,20837677.00,4.77,2.11,0.38,4.53
2022-04-19,18.45,18.47,18.79,18.16,11879,22311103.00,3.42,0.33,0.06,4.75
2022-04-20,18.47,18.91,19.06,18.41,17769,33857011.00,3.52,2.38,0.44,7.11
2022-04-21,18.60,19.67,20.02,18.50,56139,111060898.00,8.04,4.02,0.76,22.46
2022-04-22,19.42,20.69,21.10,18.91,82056,167213082.00,11.13,5.19,1.02,32.82
2022-04-25,19.97,17.78,20.28,17.63,62261,120941693.00,12.81,-14.06,-2.91,24.90
2022-04-26,17.90,16.84,19.10,16.78,52297,94176095.00,13.05,-5.29,-0.94,20.92
2022-04-27,17.70,18.24,18.67,17.37,57620,105376260.00,7.72,8.31,1.40,23.05
2022-04-28,18.32,17.66,18.58,17.40,45907,83467687.00,6.47,-3.18,-0.58,18.36
2022-04-29,17.87,18.68,18.98,17.75,51144,96616092.00,6.96,5.78,1.02,20.46
2022-05-05,18.75,19.52,19.90,18.75,39899,78751521.00,6.16,4.50,0.84,15.96
2022-05-06,19.50,19.75,20.36,19.01,42199,85230798.00,6.92,1.18,0.23,16.88
2022-05-09,19.78,20.33,20.50,19.59,31604,64796928.00,4.61,2.94,0.58,12.64
2022-05-10,20.25,21.06,21.14,20.10,36661,76918493.00,5.12,3.59,0.73,14.66
2022-05-11,21.58,22.56,23.58,21.10,76841,175592245.00,11.78,7.12,1.50,30.74
2022-05-12,22.28,22.59,22.64,21.64,33001,73973315.00,4.43,0.13,0.03,13.20
2022-05-13,22.37,22.16,22.82,22.01,21836,49367075.00,3.59,-1.90,-0.43,8.73
2022-05-16,22.40,21.82,22.40,21.52,20332,44991937.00,3.97,-1.53,-0.34,8.13
2022-05-17,21.93,21.52,21.95,21.18,15571,33886630.00,3.53,-1.37,-0.30,6.23
2022-05-18,21.52,22.00,22.32,21.40,20477,45588511.00,4.28,2.23,0.48,8.19
2022-05-19,21.70,21.60,22.03,21.26,17878,39265300.00,3.50,-1.82,-0.40,7.15
2022-05-20,21.51,21.61,22.06,21.51,15270,33635221.00,2.55,0.05,0.01,6.11
2022-05-23,21.84,21.60,21.96,21.45,12291,27020752.00,2.36,-0.05,-0.01,4.92
2022-05-24,21.51,20.17,21.85,20.17,22187,47087525.00,7.78,-6.62,-1.43,8.87
2022-05-25,20.19,20.44,20.77,20.12,15873,32811335.00,3.22,1.34,0.27,6.35
2022-05-26,20.46,20.29,20.55,19.66,18385,37329981.00,4.35,-0.73,-0.15,7.35
2022-05-27,20.36,20.79,21.12,20.17,21349,44847010.00,4.68,2.46,0.50,8.54
2022-05-30,20.64,20.40,20.90,20.15,14071,29043639.00,3.61,-1.88,-0.39,5.63
2022-05-31,20.55,20.46,20.65,20.09,11040,22835921.00,2.75,0.29,0.06,4.42
2022-06-01,20.65,20.72,21.11,20.31,17800,37019321.00,3.91,1.27,0.26,7.12
2022-06-02,20.72,20.98,21.08,20.47,13887,28858222.00,2.94,1.25,0.26,5.55
2022-06-06,20.98,22.93,23.20,20.98,41611,93437704.00,10.58,9.29,1.95,16.64
2022-06-07,22.92,22.14,23.49,22.02,30621,69123714.00,6.41,-3.45,-0.79,12.25
2022-06-08,22.14,21.66,22.22,21.36,20011,43546482.00,3.88,-2.17,-0.48,8.00
2022-06-09,21.42,21.26,21.80,20.90,21838,46386193.00,4.16,-1.85,-0.40,8.74
2022-06-10,21.26,21.67,21.67,21.02,15355,32950897.00,3.06,1.93,0.41,6.14
2022-06-13,21.57,22.31,22.40,21.27,24410,53773686.00,5.21,2.95,0.64,9.76
2022-06-14,22.10,22.41,22.58,21.89,24137,53811124.00,3.09,0.45,0.10,9.65
2022-06-15,23.06,22.16,23.06,22.15,26252,59059983.00,4.06,-1.12,-0.25,10.50
2022-06-16,21.89,22.38,22.47,21.81,16579,36942122.00,2.98,0.99,0.22,6.63
2022-06-17,22.08,22.75,22.79,21.91,19370,43494199.00,3.93,1.65,0.37,7.75
2022-06-20,22.73,22.85,22.98,22.55,19955,45479320.00,1.89,0.44,0.10,7.98
2022-06-21,22.78,24.48,25.32,22.78,57140,138082468.00,11.12,7.13,1.63,22.86
2022-06-22,24.30,23.30,24.30,23.20,28823,68004035.00,4.49,-4.82,-1.18,11.53
2022-06-23,23.37,23.46,23.73,22.71,22167,51621387.00,4.38,0.69,0.16,8.87
2022-06-24,23.80,24.93,25.20,23.51,40540,100462203.00,7.20,6.27,1.47,16.22
2022-06-27,24.80,25.10,25.24,24.17,26145,64692426.00,4.29,0.68,0.17,10.46
2022-06-28,24.81,24.54,25.10,24.39,15991,39367963.00,2.83,-2.23,-0.56,6.40
2022-06-29,24.35,23.73,24.40,23.68,13381,31988281.00,2.93,-3.30,-0.81,5.35
2022-06-30,23.73,23.66,24.21,23.56,13833,32999793.00,2.74,-0.29,-0.07,5.53
2022-07-01,23.58,23.83,24.12,23.35,13285,31530480.00,3.25,0.72,0.17,5.31
2022-07-04,23.73,23.72,23.94,23.27,10959,25891140.00,2.81,-0.46,-0.11,4.38
2022-07-05,23.80,23.56,24.20,23.05,18278,42951115.00,4.85,-0.67,-0.16,7.31
2022-07-06,23.29,23.56,23.80,22.94,11755,27462958.00,3.65,0.00,0.00,4.70
2022-07-07,23.40,23.65,23.91,23.10,11202,26221638.00,3.44,0.38,0.09,4.48
2022-07-08,23.68,23.88,24.42,23.63,16331,39355241.00,3.34,0.97,0.23,6.53
2022-07-11,24.10,23.34,24.10,22.73,17997,41941957.00,5.74,-2.26,-0.54,7.20
2022-07-12,23.15,22.30,23.77,22.30,12906,29530991.00,6.30,-4.46,-1.04,5.16
2022-07-13,22.13,23.48,24.11,22.13,23029,53712757.00,8.88,5.29,1.18,9.21
2022-07-14,23.52,24.22,24.58,23.25,17833,42681792.00,5.66,3.15,0.74,7.13
2022-07-15,24.31,25.00,26.40,24.31,35331,90365378.00,8.63,3.22,0.78,14.13
2022-07-18,25.02,26.96,27.35,25.02,41403,110981863.00,9.32,7.84,1.96,16.56
2022-07-19,28.00,26.53,28.00,25.80,22464,59622784.00,8.16,-1.59,-0.43,8.99
2022-07-20,26.84,26.63,26.88,25.82,17739,46558777.00,4.00,0.38,0.10,7.10
2022-07-21,26.53,27.00,27.43,26.11,22985,61864621.00,4.96,1.39,0.37,9.19
2022-07-22,27.00,29.76,30.18,27.00,38808,112331454.00,11.78,10.22,2.76,15.52
2022-07-25,31.20,28.73,31.20,28.00,28816,83542822.00,10.75,-3.46,-1.03,11.53
2022-07-26,28.73,30.35,30.49,28.05,24062,70840264.00,8.49,5.64,1.62,9.62
2022-07-27,30.30,31.38,32.00,29.52,24028,74837977.00,8.17,3.39,1.03,9.61
2022-07-28,31.46,31.90,32.70,30.75,19822,62920929.00,6.21,1.66,0.52,7.93
2022-07-29,31.90,31.47,32.33,31.30,17926,57025447.00,3.23,-1.35,-0.43,7.17
2022-08-01,31.55,30.87,32.66,30.79,24938,78788233.00,5.94,-1.91,-0.60,9.98
2022-08-02,31.06,29.99,31.60,29.46,29655,89713212.00,6.93,-2.85,-0.88,11.86
2022-08-03,29.37,28.28,30.55,28.28,24121,70497854.00,7.57,-5.70,-1.71,9.65
2022-08-04,28.45,29.59,30.57,27.90,22365,65900958.00,9.44,4.63,1.31,8.95
2022-08-05,29.88,28.82,30.48,28.67,18143,53082104.00,6.12,-2.60,-0.77,7.26
2022-08-08,28.58,29.04,29.87,28.11,17326,50337230.00,6.11,0.76,0.22,6.93
2022-08-09,29.41,29.78,30.50,29.31,14018,41936603.00,4.10,2.55,0.74,5.61
2022-08-10,29.73,30.06,30.88,29.14,16688,49700049.00,5.84,0.94,0.28,6.68
2022-08-11,30.11,31.68,32.81,30.00,19138,60371291.00,9.35,5.39,1.62,7.66
2022-08-12,32.10,31.26,32.38,31.00,13017,41139064.00,4.36,-1.33,-0.42,5.21
2022-08-15,31.26,30.17,31.98,30.10,20436,62439101.00,6.01,-3.49,-1.09,8.17
2022-08-16,30.77,30.67,31.50,30.25,10697,32824366.00,4.14,1.66,0.50,4.28
2022-08-17,30.83,30.16,31.86,29.98,14986,45999569.00,6.13,-1.66,-0.51,5.99
2022-08-18,30.50,30.73,31.30,29.59,12289,37403967.00,5.67,1.89,0.57,4.92
2022-08-19,31.02,30.00,31.42,29.83,9460,28607369.00,5.17,-2.38,-0.73,3.78
2022-08-22,29.73,30.71,31.30,29.32,12489,37745117.00,6.60,2.37,0.71,5.00
2022-08-23,30.50,32.86,33.10,30.40,20207,65219709.00,8.79,7.00,2.15,8.08
2022-08-24,32.89,33.00,33.50,31.80,18287,59696099.00,5.17,0.43,0.14,7.31
2022-08-25,32.86,32.00,32.87,31.37,17558,56290822.00,4.55,-3.03,-1.00,7.02
2022-08-26,31.88,31.67,33.00,31.20,13155,42092796.00,5.63,-1.03,-0.33,5.26
2022-08-29,31.89,34.45,34.66,31.01,32213,107620974.00,11.53,8.78,2.78,12.89
2022-08-30,34.50,32.53,34.60,28.00,57079,185973685.00,19.16,-5.57,-1.92,22.83
2022-08-31,32.16,31.71,34.15,30.50,42807,138516224.00,11.22,-2.52,-0.82,17.12
2022-09-01,31.86,33.91,34.25,31.25,42530,140379172.00,9.46,6.94,2.20,17.01
2022-09-02,33.77,33.59,34.76,33.50,18080,61482479.00,3.72,-0.94,-0.32,7.23
2022-09-05,34.01,31.98,35.10,31.91,28108,93479024.00,9.50,-4.79,-1.61,11.24
2022-09-06,32.00,31.70,32.55,30.08,35482,110982561.00,7.72,-0.88,-0.28,14.19
2022-09-07,31.76,33.76,34.54,31.76,27664,92602813.00,8.77,6.50,2.06,11.07
2022-09-08,33.77,32.29,33.82,32.00,16430,53681907.00,5.39,-4.35,-1.47,6.57
2022-09-09,32.29,31.42,32.87,31.21,14810,47067813.00,5.14,-2.69,-0.87,5.92
2022-09-13,31.44,32.81,33.04,31.44,14587,47502759.00,5.09,4.42,1.39,5.83
2022-09-14,32.66,31.66,32.99,31.00,20816,65864909.00,6.07,-3.51,-1.15,8.33
2022-09-15,31.99,29.80,32.43,28.83,30145,89322292.00,11.37,-5.87,-1.86,12.06
2022-09-16,29.96,30.08,31.29,29.11,17129,52206842.00,7.32,0.94,0.28,6.85
2022-09-19,31.97,29.72,31.97,28.97,20826,61750353.00,9.97,-1.20,-0.36,8.33
2022-09-20,29.90,29.55,30.58,26.45,16667,49548236.00,13.90,-0.57,-0.17,6.67
2022-09-21,29.50,29.15,30.29,28.50,11453,33758937.00,6.06,-1.35,-0.40,4.58
2022-09-22,29.00,29.02,29.74,28.65,8047,23531642.00,3.74,-0.45,-0.13,3.22
2022-09-23,29.28,27.88,29.40,27.80,13027,36915744.00,5.51,-3.93,-1.14,5.21
2022-09-26,27.87,28.52,28.95,27.10,13736,39074974.00,6.64,2.30,0.64,5.49
2022-09-27,28.50,30.32,30.40,28.11,13847,41009026.00,8.03,6.31,1.80,5.54
2022-09-28,30.28,30.75,31.17,29.80,17829,54460798.00,4.52,1.42,0.43,7.13
2022-09-29,31.18,30.80,31.70,30.01,17597,54490904.00,5.50,0.16,0.05,7.04
2022-09-30,31.26,29.29,31.26,28.86,12723,37608541.00,7.79,-4.90,-1.51,5.09
2022-10-10,29.48,29.29,30.19,29.02,9168,27089437.00,3.99,0.00,0.00,3.67
2022-10-11,29.99,29.49,30.49,28.70,13295,39304959.00,6.11,0.68,0.20,5.32
2022-10-12,29.59,28.99,30.50,27.82,10382,29754162.00,9.09,-1.70,-0.50,4.15
2022-10-13,29.00,28.40,29.79,28.25,11394,33005964.00,5.31,-2.04,-0.59,4.56
2022-10-14,28.40,28.45,29.29,27.46,17757,50217368.00,6.44,0.18,0.05,7.10
2022-10-17,28.01,28.22,29.23,27.94,16818,47911755.00,4.53,-0.81,-0.23,6.73
2022-10-18,28.00,27.40,28.70,27.05,19446,53617124.00,5.85,-2.91,-0.82,7.78
2022-10-19,27.71,27.16,28.46,27.01,17846,49146778.00,5.29,-0.88,-0.24,7.14
2022-10-20,27.16,26.55,27.56,26.54,10884,29330610.00,3.76,-2.25,-0.61,4.35
2022-10-21,26.59,26.98,27.18,25.51,10002,26728604.00,6.29,1.62,0.43,4.00
2022-10-24,26.75,25.17,26.76,25.00,23218,59913790.00,6.52,-6.71,-1.81,9.29
2022-10-25,25.17,26.20,26.46,25.00,19679,50598380.00,5.80,4.09,1.03,7.87
2022-10-26,31.44,31.44,31.44,30.51,43850,137677906.00,3.55,20.00,5.24,17.54
2022-10-27,31.88,37.73,37.73,31.87,68985,242889468.00,18.64,20.01,6.29,27.59
2022-10-28,38.18,33.30,39.22,32.50,97386,353677035.00,17.81,-11.74,-4.43,38.95
2022-10-31,33.96,34.01,35.15,32.67,66380,226627820.00,7.45,2.13,0.71,26.55
2022-11-01,34.20,39.50,40.50,34.20,57445,216489684.00,18.52,16.14,5.49,22.98
2022-11-02,38.40,37.54,40.13,36.93,49838,190276593.00,8.10,-4.96,-1.96,19.94
2022-11-03,36.97,37.15,38.30,36.61,24052,90231539.00,4.50,-1.04,-0.39,9.62
2022-11-04,37.41,37.67,38.55,36.83,24604,92857954.00,4.63,1.40,0.52,9.84
2022-11-07,37.67,37.31,39.10,36.99,30355,115315373.00,5.60,-0.96,-0.36,12.14
2022-11-08,36.90,37.30,38.90,36.31,18615,69106168.00,6.94,-0.03,-0.01,7.45
2022-11-09,37.39,36.77,37.70,36.15,13150,48246628.00,4.16,-1.42,-0.53,5.26
2022-11-10,36.15,36.09,37.00,35.72,10871,39406073.00,3.48,-1.85,-0.68,4.35
2022-11-11,36.70,35.04,36.70,34.70,15326,54343350.00,5.54,-2.91,-1.05,6.13
2022-11-14,34.70,34.08,35.45,33.83,14515,50166670.00,4.62,-2.74,-0.96,5.81
2022-11-15,34.82,34.68,34.97,34.02,13062,45038848.00,2.79,1.76,0.60,5.22
2022-11-16,34.99,34.90,35.37,34.25,15519,53994295.00,3.23,0.63,0.22,6.21
2022-11-17,35.43,34.63,35.43,33.53,16633,57144430.00,5.44,-0.77,-0.27,6.65
2022-11-18,34.52,33.94,35.18,33.78,14170,48748797.00,4.04,-1.99,-0.69,5.67
2022-11-21,33.94,34.23,34.48,33.50,13367,45491446.00,2.89,0.85,0.29,5.35
2022-11-22,34.24,33.06,34.58,32.90,13464,45190140.00,4.91,-3.42,-1.17,5.39
2022-11-23,33.09,32.80,33.37,32.13,13455,44051643.00,3.75,-0.79,-0.26,5.38
2022-11-24,32.94,33.55,33.66,32.65,11088,36913367.00,3.08,2.29,0.75,4.44
2022-11-25,33.40,32.85,33.54,32.54,10807,35667347.00,2.98,-2.09,-0.70,4.32
2022-11-28,33.14,32.63,33.44,32.18,12309,40263880.00,3.84,-0.67,-0.22,4.92
2022-11-29,32.71,31.99,32.95,31.79,14334,46132566.00,3.56,-1.96,-0.64,5.73
2022-11-30,31.64,31.58,32.23,31.26,14336,45200246.00,3.03,-1.28,-0.41,5.73
2022-12-01,31.63,31.78,32.30,31.31,12401,39513582.00,3.13,0.63,0.20,4.96
2022-12-02,32.36,32.35,32.59,31.53,17330,55728894.00,3.34,1.79,0.57,6.93
2022-12-05,32.36,31.52,33.12,31.40,21849,69817038.00,5.32,-2.57,-0.83,8.74
2022-12-06,31.52,30.88,31.52,30.38,19655,60714760.00,3.62,-2.03,-0.64,7.86
2022-12-07,30.84,30.83,31.22,30.61,11198,34691280.00,1.98,-0.16,-0.05,4.48
2022-12-08,30.98,30.87,31.31,30.43,9589,29643309.00,2.85,0.13,0.04,3.84
2022-12-09,30.57,31.17,31.47,30.57,11227,34854434.00,2.92,0.97,0.30,4.49
2022-12-12,31.19,30.70,31.33,30.51,15194,46737934.00,2.63,-1.51,-0.47,6.08
2022-12-13,30.54,30.83,31.02,30.50,9150,28183094.00,1.69,0.42,0.13,3.66
2022-12-14,30.60,30.94,31.17,30.58,8703,26877968.00,1.91,0.36,0.11,3.48
2022-12-15,30.51,30.66,31.26,30.51,8005,24685298.00,2.42,-0.90,-0.28,3.20
2022-12-16,30.70,30.28,31.22,30.16,15368,47125396.00,3.46,-1.24,-0.38,6.15
2022-12-19,30.20,29.71,30.50,29.45,10733,32046083.00,3.47,-1.88,-0.57,4.29
2022-12-20,29.45,29.94,30.03,29.14,9191,27304536.00,3.00,0.77,0.23,3.68
2022-12-21,29.94,29.44,30.10,29.31,9454,27945946.00,2.64,-1.67,-0.50,3.78
2022-12-22,29.78,28.73,29.78,28.69,8266,24067868.00,3.70,-2.41,-0.71,3.31
2022-12-23,28.69,28.27,28.93,28.00,8808,25015433.00,3.24,-1.60,-0.46,3.52
2022-12-26,28.26,29.70,29.76,28.26,14516,42505258.00,5.31,5.06,1.43,5.81
2022-12-27,29.59,30.12,30.28,29.21,11654,34740794.00,3.60,1.41,0.42,4.66
2022-12-28,30.13,29.65,30.18,29.40,9595,28604426.00,2.59,-1.56,-0.47,3.84
2022-12-29,29.79,29.78,30.28,29.62,9979,29904552.00,2.23,0.44,0.13,3.99
2022-12-30,29.79,29.78,30.08,29.50,7114,21226485.00,1.95,0.00,0.00,2.85