2016-01-04,7.47,6.71,7.49,6.70,97197,74430484.00,10.58,-10.17,-0.76,1.46
2016-01-05,6.39,6.59,6.72,6.12,117803,83595336.00,8.94,-1.79,-0.12,1.77
2016-01-06,6.61,6.79,6.81,6.58,87897,63918943.00,3.49,3.03,0.20,1.32
2016-01-07,6.68,6.15,6.68,6.08,29938,20893577.00,8.84,-9.43,-0.64,0.45
2016-01-08,6.36,6.26,6.40,5.85,110281,74940926.00,8.94,1.79,0.11,1.66
2016-01-11,6.62,6.05,6.72,5.99,204849,144411865.00,11.66,-3.35,-0.21,3.08
2016-01-12,5.55,5.75,5.90,5.55,150608,95092596.00,5.79,-4.96,-0.30,2.26
2016-01-13,5.75,5.61,5.86,5.52,89480,56525805.00,5.91,-2.43,-0.14,1.34
2016-01-14,5.42,5.75,5.78,5.40,62279,38585234.00,6.77,2.50,0.14,0.94
2016-01-15,5.74,5.43,5.81,5.38,63861,39519752.00,7.48,-5.57,-0.32,0.96
2016-01-18,5.29,5.49,5.60,5.24,57230,34528220.00,6.63,1.10,0.06,0.86
2016-01-19,5.49,5.73,5.77,5.47,61367,38036718.00,5.46,4.37,0.24,0.92
2016-01-20,5.72,5.68,5.86,5.64,68917,43565760.00,3.84,-0.87,-0.05,1.04
2016-01-21,5.62,5.50,5.77,5.44,62602,38908376.00,5.81,-3.17,-0.18,0.94
2016-01-22,5.74,5.64,5.74,5.46,48931,30262368.00,5.09,2.55,0.14,0.73
2016-01-25,5.72,5.68,5.73,5.62,52185,32652301.00,1.95,0.71,0.04,0.78
2016-01-26,5.65,5.16,5.65,5.08,63922,38245168.00,10.04,-9.15,-0.52,0.96
2016-01-27,5.15,5.07,5.22,4.83,52579,29687159.00,7.56,-1.74,-0.09,0.79
2016-01-28,5.08,4.87,5.10,4.85,41550,23155927.00,4.93,-3.94,-0.20,0.62
2016-01-29,4.87,5.06,5.10,4.84,43508,24308849.00,5.34,3.90,0.19,0.65
2016-02-01,5.05,4.96,5.09,4.90,35389,19736551.00,3.75,-1.98,-0.10,0.53
2016-02-02,4.98,5.13,5.15,4.98,38403,21802626.00,3.43,3.43,0.17,0.58
2016-02-03,5.07,5.17,5.21,5.02,43336,24623149.00,3.70,0.78,0.04,0.65
2016-02-04,5.21,5.27,5.31,5.18,36263,21175757.00,2.51,1.93,0.10,0.54
2016-02-05,5.29,5.22,5.31,5.19,30811,17936467.00,2.28,-0.95,-0.05,0.46
2016-02-15,5.05,5.22,5.26,5.04,33855,19377413.00,4.21,0.00,0.00,0.51
2016-02-16,5.23,5.45,5.47,5.23,51947,31016904.00,4.60,4.41,0.23,0.78
2016-02-17,5.41,5.50,5.52,5.37,46235,27975592.00,2.75,0.92,0.05,0.69
2016-02-18,5.59,5.44,5.59,5.41,56405,34287681.00,3.27,-1.09,-0.06,0.85
2016-02-19,5.41,5.50,5.51,5.38,39035,23523469.00,2.39,1.10,0.06,0.59
2016-02-22,5.55,5.80,5.82,5.53,123996,77634797.00,5.27,5.45,0.30,1.86
2016-02-23,5.82,5.92,5.99,5.60,75334,47803548.00,6.72,2.07,0.12,1.13
2016-02-24,5.83,6.27,6.30,5.81,165531,110553614.00,8.28,5.91,0.35,2.49
2016-02-25,6.17,5.67,6.22,5.60,90471,58568305.00,9.89,-9.57,-0.60,1.36
2016-02-26,5.78,5.68,5.87,5.50,58032,36274944.00,6.53,0.18,0.01,0.87
2016-02-29,5.58,5.28,5.66,5.14,50244,29783017.00,9.15,-7.04,-0.40,0.75
2016-03-01,5.28,5.19,5.36,5.10,170271,99169642.00,4.92,-1.70,-0.09,2.56
2016-03-02,5.24,5.52,5.57,5.16,158041,93344039.00,7.90,6.36,0.33,2.37
2016-03-03,5.48,5.58,5.62,5.43,110357,67516481.00,3.44,1.09,0.06,1.66
2016-03-04,5.53,5.33,5.56,5.24,82258,49291681.00,5.73,-4.48,-0.25,1.24
2016-03-07,5.36,5.49,5.55,5.36,55589,33637973.00,3.56,3.00,0.16,0.83
2016-03-08,5.46,5.51,5.51,5.27,60631,36156587.00,4.37,0.36,0.02,0.91
2016-03-09,5.40,5.29,5.40,5.27,48354,28585901.00,2.36,-3.99,-0.22,0.73
2016-03-10,5.29,5.17,5.34,5.15,40057,23376617.00,3.59,-2.27,-0.12,0.60
2016-03-11,5.13,5.30,5.33,5.11,43959,25600119.00,4.26,2.51,0.13,0.66
2016-03-14,5.34,5.41,5.57,5.27,74095,44605273.00,5.66,2.08,0.11,1.11
2016-03-15,5.42,5.39,5.46,5.31,50948,30301259.00,2.77,-0.37,-0.02,0.77
2016-03-16,5.42,5.31,5.45,5.27,46733,27767140.00,3.34,-1.48,-0.08,0.70
2016-03-17,5.34,5.46,5.48,5.32,75957,45549050.00,3.01,2.82,0.15,1.14
2016-03-18,5.48,5.63,5.67,5.46,104212,64206098.00,3.85,3.11,0.17,1.57
2016-03-21,5.70,5.76,5.77,5.63,76216,47939772.00,2.49,2.31,0.13,1.14
2016-03-22,5.69,5.74,5.83,5.67,75426,47655556.00,2.78,-0.35,-0.02,1.13
2016-03-23,5.72,5.79,5.81,5.70,58458,37023482.00,1.92,0.87,0.05,0.88
2016-03-24,5.74,5.85,6.06,5.65,155582,100517601.00,7.08,1.04,0.06,2.34
2016-03-25,5.81,5.84,5.90,5.75,66955,42865193.00,2.56,-0.17,-0.01,1.01
2016-03-28,5.83,5.80,5.98,5.79,76727,49797128.00,3.25,-0.68,-0.04,1.15
2016-03-29,5.78,5.92,6.02,5.75,135868,88188316.00,4.66,2.07,0.12,2.04
2016-03-30,5.85,6.50,6.55,5.85,334895,231677462.00,11.82,9.80,0.58,5.03
2016-03-31,6.38,6.45,6.52,6.25,240276,167038713.00,4.15,-0.77,-0.05,3.61
2016-04-01,6.45,6.33,6.55,6.27,195000,135023931.00,4.34,-1.86,-0.12,2.93
2016-04-05,6.30,6.33,6.46,6.12,345262,235939461.00,5.37,0.00,0.00,5.19
2016-04-06,6.25,6.23,6.35,6.14,226521,154129247.00,3.32,-1.58,-0.10,3.40
2016-04-07,6.23,6.09,6.28,6.08,131990,89159278.00,3.21,-2.25,-0.14,1.98
2016-04-08,6.03,6.00,6.03,5.87,112226,73210685.00,2.63,-1.48,-0.09,1.69
2016-04-11,6.04,6.19,6.24,6.02,135078,90806234.00,3.67,3.17,0.19,2.03
2016-04-12,6.18,6.11,6.18,6.00,61577,40975469.00,2.91,-1.29,-0.08,0.92
2016-04-13,6.15,6.29,6.32,6.14,133261,91016590.00,2.95,2.95,0.18,2.00
2016-04-14,6.36,6.29,6.37,6.21,72322,49589192.00,2.54,0.00,0.00,1.09
2016-04-15,6.32,6.40,6.46,6.23,113415,78769145.00,3.66,1.75,0.11,1.70
2016-04-18,6.33,6.25,6.37,6.14,85054,57975775.00,3.59,-2.34,-0.15,1.28
2016-04-19,6.25,6.25,6.30,6.19,45247,30864089.00,1.76,0.00,0.00,0.68
2016-04-20,6.25,5.87,6.28,5.68,100456,65771332.00,9.60,-6.08,-0.38,1.51
2016-04-21,5.86,5.85,6.02,5.78,50987,33079788.00,4.09,-0.34,-0.02,0.77
2016-04-22,5.84,5.94,5.96,5.74,33822,21882271.00,3.76,1.54,0.09,0.51
2016-04-25,5.90,5.97,5.98,5.79,35208,22857153.00,3.20,0.51,0.03,0.53
2016-04-26,5.92,6.07,6.08,5.92,24839,16353494.00,2.68,1.68,0.10,0.37
2016-04-27,6.12,6.02,6.19,6.01,38921,25997328.00,2.97,-0.82,-0.05,0.58
2016-04-28,6.02,5.97,6.12,5.84,34756,22765233.00,4.65,-0.83,-0.05,0.52
2016-04-29,5.90,6.11,6.19,5.88,72812,48154841.00,5.19,2.35,0.14,1.09
2016-05-03,6.02,6.22,6.24,5.94,75978,50851802.00,4.91,1.80,0.11,1.14
2016-05-04,6.16,6.21,6.25,6.14,41077,27829651.00,1.77,-0.16,-0.01,0.62
2016-05-05,6.21,6.27,6.28,6.17,39767,27110008.00,1.77,0.97,0.06,0.60
2016-05-06,6.27,5.93,6.28,5.87,64787,43107834.00,6.54,-5.42,-0.34,0.97
2016-05-09,5.83,5.57,5.92,5.54,51735,32407078.00,6.41,-6.07,-0.36,0.78
2016-05-10,5.55,5.49,5.65,5.44,31608,19302827.00,3.77,-1.44,-0.08,0.47
2016-05-11,5.53,5.53,5.62,5.50,35544,21785301.00,2.19,0.73,0.04,0.53
2016-05-12,5.51,5.41,5.51,5.21,35742,21241876.00,5.42,-2.17,-0.12,0.54
2016-05-13,5.47,5.38,5.47,5.34,20864,12474006.00,2.40,-0.55,-0.03,0.31
2016-05-16,5.31,5.47,5.47,5.28,34612,20643290.00,3.53,1.67,0.09,0.52
2016-05-17,5.48,5.40,5.50,5.36,33543,20134909.00,2.56,-1.28,-0.07,0.50
2016-05-18,5.37,5.27,5.40,5.17,32004,18755195.00,4.26,-2.41,-0.13,0.48
2016-05-19,5.31,5.21,5.35,5.19,24253,14245371.00,3.04,-1.14,-0.06,0.36
2016-05-20,5.21,5.28,5.29,5.13,17659,10295688.00,3.07,1.34,0.07,0.27
2016-05-23,5.23,5.46,5.52,5.23,47041,28309449.00,5.49,3.41,0.18,0.71
2016-05-24,5.46,5.39,5.52,5.38,33227,20020596.00,2.56,-1.28,-0.07,0.50
2016-05-25,5.43,5.39,5.56,5.38,30694,18580919.00,3.34,0.00,0.00,0.46
2016-05-26,5.40,5.48,5.50,5.23,29743,17659327.00,5.01,1.67,0.09,0.45
2016-05-27,5.44,5.47,5.51,5.39,17585,10603113.00,2.19,-0.18,-0.01,0.26
2016-05-30,5.42,5.41,5.53,5.39,26938,16258142.00,2.56,-1.10,-0.06,0.40
2016-05-31,5.42,5.65,5.66,5.42,47432,29176037.00,4.44,4.44,0.24,0.71
2016-06-01,5.64,5.65,5.76,5.63,38826,24286543.00,2.30,0.00,0.00,0.58
2016-06-02,5.62,5.73,5.77,5.62,36004,22583474.00,2.65,1.42,0.08,0.54
2016-06-03,5.69,5.74,5.76,5.67,35453,22317518.00,1.57,0.17,0.01,0.53
2016-06-06,5.77,5.77,5.82,5.71,42576,27023889.00,1.92,0.52,0.03,0.64
2016-06-07,5.74,5.67,5.77,5.65,33425,20989558.00,2.08,-1.73,-0.10,0.50
2016-06-08,5.67,5.70,5.73,5.58,25846,16138728.00,2.65,0.53,0.03,0.39
2016-06-13,5.62,5.42,5.67,5.42,34982,21379628.00,4.39,-4.91,-0.28,0.53
2016-06-14,5.38,5.42,5.45,5.31,31064,18476799.00,2.58,0.00,0.00,0.47
2016-06-15,5.33,5.57,5.59,5.33,29041,17692386.00,4.80,2.77,0.15,0.44
2016-06-16,5.53,5.51,5.58,5.45,22435,13713263.00,2.33,-1.08,-0.06,0.34
2016-06-17,5.50,5.60,5.64,5.50,29602,18277163.00,2.54,1.63,0.09,0.44
2016-06-20,5.59,5.53,5.59,5.44,23952,14587061.00,2.68,-1.25,-0.07,0.36
2016-06-21,5.57,5.52,5.65,5.50,23050,14187188.00,2.71,-0.18,-0.01,0.35
2016-06-22,5.52,5.65,5.65,5.49,24916,15389463.00,2.90,2.36,0.13,0.37
2016-06-23,5.64,5.59,5.65,5.51,26703,16422343.00,2.48,-1.06,-0.06,0.40
2016-06-24,5.54,5.48,5.64,5.41,39097,23787907.00,4.11,-1.97,-0.11,0.59
2016-06-27,5.42,5.58,5.60,5.42,24358,14894035.00,3.28,1.82,0.10,0.37
2016-06-28,5.55,5.63,5.63,5.51,27124,16687852.00,2.15,0.90,0.05,0.41
2016-06-29,5.68,5.63,5.69,5.62,34605,21606064.00,1.24,0.00,0.00,0.52
2016-06-30,5.67,5.65,5.72,5.61,41133,25633001.00,1.95,0.36,0.02,0.62
2016-07-01,5.65,5.70,5.72,5.62,26377,16510864.00,1.77,0.88,0.05,0.40
2016-07-04,5.66,5.84,5.89,5.64,54633,34887251.00,4.39,2.46,0.14,0.82
2016-07-05,5.91,5.92,5.96,5.86,37981,24643090.00,1.71,1.37,0.08,0.57
2016-07-06,5.92,6.03,6.06,5.88,54632,35872784.00,3.04,1.86,0.11,0.82
2016-07-07,5.98,6.07,6.13,5.98,36345,24131176.00,2.49,0.66,0.04,0.55
2016-07-08,6.09,5.95,6.13,5.92,57920,38192429.00,3.46,-1.98,-0.12,0.87
2016-07-11,5.96,5.97,6.05,5.93,67758,44524970.00,2.02,0.34,0.02,1.02
2016-07-12,5.90,5.95,5.96,5.82,63797,39379535.00,2.35,-0.34,-0.02,0.96
2016-07-13,5.94,6.01,6.04,5.94,45395,28515735.00,1.68,1.01,0.06,0.68
2016-07-14,6.02,6.07,6.09,5.97,52807,33336930.00,2.00,1.00,0.06,0.79
2016-07-15,6.09,6.07,6.09,5.97,36569,23058258.00,1.98,0.00,0.00,0.55
2016-07-18,6.04,5.98,6.05,5.95,28999,18148686.00,1.65,-1.48,-0.09,0.44
2016-07-19,5.99,5.96,5.99,5.90,31054,19303857.00,1.51,-0.33,-0.02,0.47
2016-07-20,5.95,5.97,6.02,5.95,29300,18345274.00,1.17,0.17,0.01,0.44
2016-07-21,5.97,6.03,6.08,5.95,31514,19827162.00,2.18,1.01,0.06,0.47
2016-07-22,6.02,5.99,6.03,5.94,28170,17662670.00,1.49,-0.66,-0.04,0.42
2016-07-25,5.99,6.03,6.06,5.96,32955,20782467.00,1.67,0.67,0.04,0.49
2016-07-26,6.02,6.14,6.15,6.01,45831,29182765.00,2.32,1.82,0.11,0.69
2016-07-27,6.13,5.83,6.17,5.78,68621,42623642.00,6.35,-5.05,-0.31,1.03
2016-07-28,5.81,5.86,5.90,5.77,39918,24377793.00,2.23,0.51,0.03,0.60
2016-07-29,5.89,5.81,5.89,5.78,21948,13405161.00,1.88,-0.85,-0.05,0.33
2016-08-01,5.81,5.67,5.83,5.63,42952,25645948.00,3.44,-2.41,-0.14,0.65
2016-08-02,5.67,5.74,5.76,5.62,31792,18988872.00,2.47,1.23,0.07,0.48
2016-08-03,5.74,5.80,5.82,5.71,28310,17138691.00,1.92,1.05,0.06,0.43
2016-08-04,5.82,5.83,5.84,5.75,24079,14631358.00,1.55,0.52,0.03,0.36
2016-08-05,5.84,5.80,5.87,5.79,24063,14725959.00,1.37,-0.51,-0.03,0.36
2016-08-08,5.82,5.91,5.92,5.76,39178,24083698.00,2.76,1.90,0.11,0.59
2016-08-09,5.89,5.95,5.98,5.86,30149,18697700.00,2.03,0.68,0.04,0.45
2016-08-10,5.96,5.93,5.98,5.91,24483,15245189.00,1.18,-0.34,-0.02,0.37
2016-08-11,5.93,5.80,5.97,5.80,24004,14759743.00,2.87,-2.19,-0.13,0.36
2016-08-12,5.83,5.94,5.95,5.76,30191,18608759.00,3.28,2.41,0.14,0.45
2016-08-15,5.96,6.05,6.12,5.92,57133,36038616.00,3.37,1.85,0.11,0.86
2016-08-16,6.04,6.08,6.12,6.02,45510,28977113.00,1.65,0.50,0.03,0.68
2016-08-17,6.06,6.10,6.17,6.02,27573,17553471.00,2.47,0.33,0.02,0.41
2016-08-18,6.11,6.31,6.44,6.11,157863,104044762.00,5.41,3.44,0.21,2.37
2016-08-19,6.23,6.28,6.35,6.17,76536,49977953.00,2.85,-0.48,-0.03,1.15
2016-08-22,6.29,6.16,6.37,6.09,68648,44421487.00,4.46,-1.91,-0.12,1.03
2016-08-23,6.14,6.16,6.22,6.04,49217,31546240.00,2.92,0.00,0.00,0.74
2016-08-24,6.17,6.21,6.30,6.14,69411,45264343.00,2.60,0.81,0.05,1.04
2016-08-25,6.21,6.05,6.21,6.02,39283,24994026.00,3.06,-2.58,-0.16,0.59
2016-08-26,6.07,6.13,6.20,6.04,41574,26626426.00,2.64,1.32,0.08,0.62
2016-08-29,6.10,6.19,6.25,6.10,29889,19274845.00,2.45,0.98,0.06,0.45
2016-08-30,6.22,6.21,6.30,6.14,41723,27171156.00,2.58,0.32,0.02,0.63
2016-08-31,6.19,6.23,6.24,6.08,33064,21370232.00,2.58,0.32,0.02,0.50
2016-09-01,6.20,6.19,6.30,6.17,41536,27138858.00,2.09,-0.64,-0.04,0.62
2016-09-02,6.19,6.19,6.28,6.13,35863,23229172.00,2.42,0.00,0.00,0.54
2016-09-05,6.19,6.26,6.27,6.14,46256,30012623.00,2.10,1.13,0.07,0.69
2016-09-06,6.24,6.37,6.40,6.11,114703,75131529.00,4.63,1.76,0.11,1.72
2016-09-07,6.32,6.39,6.43,6.29,121422,80751512.00,2.20,0.31,0.02,1.82
2016-09-08,6.39,6.39,6.44,6.33,60747,40462360.00,1.72,0.00,0.00,0.91
2016-09-09,6.42,6.39,6.59,6.35,83010,56024232.00,3.76,0.00,0.00,1.25
2016-09-12,6.26,6.11,6.28,6.03,66731,43026411.00,3.91,-4.38,-0.28,1.00
2016-09-13,6.15,6.18,6.20,6.10,27571,17731926.00,1.64,1.15,0.07,0.41
2016-09-14,6.12,6.16,6.21,6.09,33125,21304696.00,1.94,-0.32,-0.02,0.50
2016-09-19,6.19,6.24,6.26,6.13,33354,21656746.00,2.11,1.30,0.08,0.50
2016-09-20,6.27,6.28,6.33,6.21,47959,31486753.00,1.92,0.64,0.04,0.72
2016-09-21,6.30,6.33,6.40,6.27,36024,23878597.00,2.07,0.80,0.05,0.54
2016-09-22,6.33,6.37,6.43,6.33,39769,26446485.00,1.58,0.63,0.04,0.60
2016-09-23,6.37,6.28,6.39,6.25,40648,26817192.00,2.20,-1.41,-0.09,0.61
2016-09-26,6.27,6.37,6.49,6.27,89772,59953842.00,3.50,1.43,0.09,1.35
2016-09-27,6.33,6.42,6.44,6.27,57223,37828237.00,2.67,0.78,0.05,0.86
2016-09-28,6.39,6.49,6.55,6.37,80650,54304940.00,2.80,1.09,0.07,1.21
2016-09-29,6.49,6.50,6.54,6.42,56080,37996616.00,1.85,0.15,0.01,0.84
2016-09-30,6.48,6.46,6.54,6.43,62886,42435357.00,1.69,-0.62,-0.04,0.94
2016-10-10,6.48,6.62,6.64,6.41,95999,64972450.00,3.56,2.48,0.16,1.44
2016-10-11,6.58,6.61,6.63,6.56,63530,43658817.00,1.06,-0.15,-0.01,0.95
2016-10-12,6.56,6.53,6.58,6.51,63128,43044326.00,1.06,-1.21,-0.08,0.95
2016-10-13,6.52,6.53,6.59,6.50,49785,33968386.00,1.38,0.00,0.00,0.75
2016-10-14,6.53,6.50,6.55,6.43,48957,33094043.00,1.84,-0.46,-0.03,0.74
2016-10-17,6.52,6.42,6.57,6.33,51215,34566325.00,3.69,-1.23,-0.08,0.77
2016-10-18,6.39,6.54,6.57,6.39,46008,31144765.00,2.80,1.87,0.12,0.69
2016-10-19,6.51,6.51,6.60,6.49,32212,21948218.00,1.68,-0.46,-0.03,0.48
2016-10-20,6.51,6.49,6.56,6.44,43413,29367412.00,1.84,-0.31,-0.02,0.65
2016-10-21,6.47,6.38,6.49,6.33,57889,38641494.00,2.47,-1.69,-0.11,0.87
2016-10-24,6.34,6.45,6.49,6.34,35914,24127684.00,2.35,1.10,0.07,0.54
2016-10-25,6.48,6.46,6.51,6.42,44963,30310287.00,1.40,0.16,0.01,0.68
2016-10-26,6.49,6.48,6.55,6.44,59077,40081152.00,1.70,0.31,0.02,0.89
2016-10-27,6.48,6.48,6.51,6.44,36037,24336261.00,1.08,0.00,0.00,0.54
2016-10-28,6.49,6.40,6.53,6.33,55179,37080467.00,3.09,-1.23,-0.08,0.83
2016-10-31,6.36,6.39,6.46,6.32,38467,25638747.00,2.19,-0.16,-0.01,0.58
2016-11-01,6.39,6.48,6.49,6.39,38597,25980155.00,1.56,1.41,0.09,0.58
2016-11-02,6.49,6.44,6.50,6.38,57253,38429964.00,1.85,-0.62,-0.04,0.86
2016-11-03,6.44,6.51,6.54,6.40,51662,34974898.00,2.17,1.09,0.07,0.78
2016-11-04,6.50,6.52,6.54,6.46,43255,29323455.00,1.23,0.15,0.01,0.65
2016-11-07,6.52,6.63,6.72,6.47,112910,77925867.00,3.83,1.69,0.11,1.70
2016-11-08,6.67,6.62,6.67,6.56,53347,36720938.00,1.66,-0.15,-0.01,0.80
2016-11-09,6.62,6.68,6.79,6.57,100215,69928260.00,3.32,0.91,0.06,1.51
2016-11-10,6.71,6.75,6.79,6.67,69757,49000803.00,1.80,1.05,0.07,1.05
2016-11-11,6.77,6.76,6.85,6.72,66224,46848516.00,1.93,0.15,0.01,0.99
2016-11-14,6.73,6.71,6.81,6.67,63017,44118332.00,2.07,-0.74,-0.05,0.95
2016-11-15,6.65,6.75,6.76,6.65,50304,35123821.00,1.64,0.60,0.04,0.76
2016-11-16,6.71,6.69,6.75,6.69,37547,26266108.00,0.89,-0.89,-0.06,0.56
2016-11-17,6.71,6.73,6.74,6.62,48881,34064065.00,1.79,0.60,0.04,0.73
2016-11-18,6.73,6.77,6.80,6.68,53346,37499669.00,1.78,0.59,0.04,0.80
2016-11-21,6.78,6.70,6.83,6.68,59663,41883847.00,2.22,-1.03,-0.07,0.90
2016-11-22,6.73,6.97,7.10,6.70,129622,93275412.00,5.97,4.03,0.27,1.95
2016-11-23,6.97,6.85,7.06,6.82,101309,72879830.00,3.44,-1.72,-0.12,1.52
2016-11-24,6.82,6.96,7.12,6.81,136367,99043562.00,4.53,1.61,0.11,2.05
2016-11-25,6.89,6.93,6.96,6.68,106923,76050173.00,4.02,-0.43,-0.03,1.61
2016-11-28,6.87,6.84,6.92,6.78,81195,57642631.00,2.02,-1.30,-0.09,1.22
2016-11-29,6.80,6.65,6.80,6.64,80804,56548507.00,2.34,-2.78,-0.19,1.21
2016-11-30,6.62,6.55,6.65,6.48,72502,49560342.00,2.56,-1.50,-0.10,1.09
2016-12-01,6.56,6.63,6.64,6.51,61732,42311832.00,1.98,1.22,0.08,0.93
2016-12-02,6.62,6.49,6.68,6.43,88373,60484062.00,3.77,-2.11,-0.14,1.33
2016-12-05,6.46,6.40,6.51,6.38,46406,31188615.00,2.00,-1.39,-0.09,0.70
2016-12-06,6.43,6.48,6.51,6.42,31607,21296405.00,1.41,1.25,0.08,0.47
2016-12-07,6.48,6.90,7.10,6.45,209649,149186255.00,10.03,6.48,0.42,3.15
2016-12-08,6.93,6.76,6.97,6.70,207876,147358281.00,3.91,-2.03,-0.14,3.12
2016-12-09,6.66,6.72,6.93,6.61,167077,117999925.00,4.73,-0.59,-0.04,2.51
2016-12-12,6.67,6.36,6.81,6.32,127828,87354464.00,7.29,-5.36,-0.36,1.92
2016-12-13,6.28,6.18,6.32,6.06,128370,82793526.00,4.09,-2.83,-0.18,1.93
2016-12-14,6.19,6.20,6.33,6.15,76128,49560370.00,2.91,0.32,0.02,1.14
2016-12-15,6.22,6.40,6.50,6.18,116064,76947085.00,5.16,3.23,0.20,1.74
2016-12-16,6.35,6.50,6.55,6.34,104997,70808376.00,3.28,1.56,0.10,1.58
2016-12-19,6.43,6.52,6.55,6.42,67437,45605140.00,2.00,0.31,0.02,1.01
2016-12-20,6.55,6.51,6.63,6.43,93538,63614775.00,3.07,-0.15,-0.01,1.40
2016-12-21,6.49,6.51,6.56,6.45,82058,55699855.00,1.69,0.00,0.00,1.23
2016-12-22,6.49,6.74,6.99,6.46,203915,143161571.00,8.14,3.53,0.23,3.06
2016-12-23,6.73,6.81,7.05,6.71,199937,142656086.00,5.04,1.04,0.07,3.00
2016-12-26,6.71,6.69,6.73,6.47,147840,101704714.00,3.82,-1.76,-0.12,2.22
2016-12-27,6.75,6.84,6.87,6.67,144022,101850254.00,2.99,2.24,0.15,2.16
2016-12-28,6.84,6.75,6.93,6.70,123152,87230465.00,3.36,-1.32,-0.09,1.85
2016-12-29,6.76,6.82,6.90,6.62,130352,92100346.00,4.15,1.04,0.07,1.96
2016-12-30,6.84,6.80,6.92,6.73,88402,62899841.00,2.79,-0.29,-0.02,1.33