2005-01-04,-1.30,-1.33,-1.30,-1.34,4636,5420681.00,-3.10,-3.10,-0.04,0.62
2005-01-05,-1.34,-1.35,-1.34,-1.40,2991,3422865.00,-4.51,-1.50,-0.02,0.40
2005-01-06,-1.35,-1.37,-1.34,-1.38,3449,3961924.00,-2.96,-1.48,-0.02,0.46
2005-01-07,-1.38,-1.36,-1.34,-1.38,911,1047860.00,-2.92,0.73,0.01,0.12
2005-01-10,-1.38,-1.27,-1.26,-1.39,9019,10683613.00,-9.56,6.62,0.09,1.20
2005-01-11,-1.27,-1.25,-1.25,-1.27,2741,3280511.00,-1.57,1.57,0.02,0.37
2005-01-12,-1.26,-1.28,-1.26,-1.30,432,512070.00,-3.20,-2.40,-0.03,0.06
2005-01-13,-1.28,-1.30,-1.26,-1.33,1700,1992362.00,-5.47,-1.56,-0.02,0.23
2005-01-14,-1.34,-1.29,-1.27,-1.34,686,804808.00,-5.38,0.77,0.01,0.09
2005-01-17,-1.32,-1.31,-1.30,-1.34,6006,7019863.00,-3.10,-1.55,-0.02,0.80
2005-01-18,-1.31,-1.27,-1.27,-1.32,1595,1888789.00,-3.82,3.05,0.04,0.21
2005-01-19,-1.31,-1.27,-1.26,-1.31,2621,3110638.00,-3.94,0.00,0.00,0.35
2005-01-20,-1.28,-1.29,-1.28,-1.33,1009,1185823.00,-3.94,-1.57,-0.02,0.13
2005-01-21,-1.31,-1.25,-1.22,-1.35,5066,5987943.00,-10.08,3.10,0.04,0.68
2005-01-24,-1.25,-1.24,-1.17,-1.27,4518,5434239.00,-8.00,0.80,0.01,0.60
2005-01-25,-1.23,-1.23,-1.23,-1.27,2309,2776193.00,-3.23,0.81,0.01,0.31
2005-01-26,-1.25,-1.17,-1.17,-1.25,6698,8087982.00,-6.50,4.88,0.06,0.89
2005-01-27,-1.19,-1.17,-1.16,-1.22,3268,4019806.00,-5.13,0.00,0.00,0.44
2005-01-28,-1.20,-1.18,-1.17,-1.20,1540,1886307.00,-2.56,-0.85,-0.01,0.21
2005-01-31,-1.18,-1.19,-1.18,-1.25,3437,4181444.00,-5.93,-0.85,-0.01,0.46
2005-02-01,-1.28,-1.23,-1.21,-1.28,6660,7993787.00,-5.88,-3.36,-0.04,0.89
2005-02-02,-1.23,-1.13,-1.11,-1.34,5816,7190717.00,-18.70,8.13,0.10,0.78
2005-02-03,-1.14,-1.10,-1.09,-1.20,8594,10786865.00,-9.73,2.65,0.03,1.15
2005-02-04,-1.10,-1.00,-0.95,-1.12,15194,19848467.00,-15.45,9.09,0.10,2.03
2005-02-16,-0.96,-0.97,-0.87,-0.99,11028,14908944.00,-12.00,3.00,0.03,1.47
2005-02-17,-0.96,-0.91,-0.89,-0.98,17752,23964827.00,-9.28,6.19,0.06,2.37
2005-02-18,-0.91,-1.01,-0.88,-1.01,15629,20894681.00,-14.29,-10.99,-0.10,2.08
2005-02-21,-1.01,-0.97,-0.92,-1.02,9427,12510807.00,-9.90,3.96,0.04,1.26
2005-02-22,-0.97,-0.94,-0.92,-0.98,11896,15877434.00,-6.19,3.09,0.03,1.59
2005-02-23,-0.93,-0.99,-0.93,-0.99,8136,10796357.00,-6.38,-5.32,-0.05,1.08
2005-02-24,-1.00,-0.96,-0.96,-1.01,5352,7069486.00,-5.05,3.03,0.03,0.71
2005-02-25,-0.97,-0.86,-0.85,-0.99,19485,26031942.00,-14.58,10.42,0.10,2.60
2005-02-28,-0.86,-0.88,-0.84,-0.92,12948,17656158.00,-9.30,-2.33,-0.02,1.73
2005-03-01,-0.90,-0.92,-0.88,-0.95,4698,6322798.00,-7.95,-4.55,-0.04,0.63
2005-03-02,-0.92,-0.97,-0.91,-1.01,7131,9424960.00,-10.87,-5.43,-0.05,0.95
2005-03-03,-0.99,-0.95,-0.95,-1.01,3070,4049236.00,-6.19,2.06,0.02,0.41
2005-03-04,-1.00,-0.99,-0.97,-1.00,1443,1902596.00,-3.16,-4.21,-0.04,0.19
2005-03-07,-0.99,-0.95,-0.93,-0.99,7735,10313305.00,-6.06,4.04,0.04,1.03
2005-03-08,-0.92,-0.83,-0.83,-0.94,23251,31891700.00,-11.58,12.63,0.12,3.10
2005-03-09,-0.83,-0.86,-0.83,-0.88,14184,19512822.00,-6.02,-3.61,-0.03,1.89
2005-03-10,-0.87,-0.94,-0.86,-0.98,8205,11049849.00,-13.95,-9.30,-0.08,1.09
2005-03-11,-0.94,-0.89,-0.89,-0.97,3738,5035315.00,-8.51,5.32,0.05,0.50
2005-03-14,-0.85,-0.69,-0.59,-0.85,45405,65553519.00,-29.21,22.47,0.20,6.05
2005-03-15,-0.69,-0.69,-0.65,-0.74,15678,22752773.00,-13.04,0.00,0.00,2.09
2005-03-16,-0.68,-0.74,-0.68,-0.83,11543,16349489.00,-21.74,-7.25,-0.05,1.54
2005-03-17,-0.74,-0.78,-0.73,-0.82,10540,14837400.00,-12.16,-5.41,-0.04,1.41
2005-03-18,-0.80,-0.92,-0.76,-0.95,14893,20409275.00,-24.36,-17.95,-0.14,1.99
2005-03-21,-0.92,-0.85,-0.84,-0.96,13309,18051710.00,-13.04,7.61,0.07,1.77
2005-03-22,-0.87,-0.77,-0.75,-0.88,18689,26134335.00,-15.29,9.41,0.08,2.49
2005-03-23,-0.77,-0.91,-0.74,-0.94,17205,23733048.00,-25.97,-18.18,-0.14,2.29
2005-03-24,-0.96,-1.05,-0.94,-1.16,25301,32447883.00,-24.18,-15.38,-0.14,3.37
2005-03-25,-1.07,-1.05,-1.03,-1.09,6781,8735085.00,-5.71,0.00,0.00,0.90
2005-03-28,-1.09,-1.03,-1.01,-1.11,3459,4459302.00,-9.52,1.90,0.02,0.46
2005-03-29,-1.07,-1.07,-0.99,-1.07,10103,13116376.00,-7.77,-3.88,-0.04,1.35
2005-03-30,-1.10,-1.09,-1.05,-1.13,10451,13198710.00,-7.48,-1.87,-0.02,1.39
2005-03-31,-1.11,-1.05,-1.04,-1.12,3429,4392758.00,-7.34,3.67,0.04,0.46
2005-04-01,-1.09,-0.96,-0.92,-1.09,10408,13642719.00,-16.19,8.57,0.09,1.39
2005-04-04,-0.98,-1.00,-0.97,-1.03,7304,9570606.00,-6.25,-4.17,-0.04,0.97
2005-04-05,-0.99,-0.94,-0.93,-1.01,12095,15976186.00,-8.00,6.00,0.06,1.61
2005-04-06,-0.94,-0.84,-0.83,-0.96,26113,35621984.00,-13.83,10.64,0.10,3.48
2005-04-07,-0.83,-0.84,-0.76,-0.84,19623,27379773.00,-9.52,0.00,0.00,2.62
2005-04-08,-0.84,-0.78,-0.78,-0.89,7612,10612087.00,-13.10,7.14,0.06,1.01
2005-04-11,-0.79,-0.88,-0.76,-0.88,7003,9694906.00,-15.38,-12.82,-0.10,0.93
2005-04-12,-0.88,-0.88,-0.85,-0.93,5584,7576324.00,-9.09,0.00,0.00,0.74
2005-04-13,-0.88,-0.76,-0.74,-0.90,15664,22147675.00,-18.18,13.64,0.12,2.09
2005-04-14,-0.75,-0.80,-0.75,-0.81,6878,9682921.00,-7.89,-5.26,-0.04,0.92
2005-04-15,-0.92,-0.81,-0.80,-0.92,6234,8598679.00,-15.00,-1.25,-0.01,0.83
2005-04-19,-0.82,-0.87,-0.82,-0.90,5029,6906481.00,-9.88,-7.41,-0.06,0.67
2005-04-20,-0.89,-0.94,-0.87,-1.01,7072,9463675.00,-16.09,-8.05,-0.07,0.94
2005-04-21,-0.98,-0.92,-0.90,-0.98,5668,7592529.00,-8.51,2.13,0.02,0.76
2005-04-22,-0.92,-0.91,-0.86,-0.95,4560,6185722.00,-9.78,1.09,0.01,0.61
2005-04-25,-0.89,-0.79,-0.78,-0.93,8265,11532333.00,-16.48,13.19,0.12,1.10
2005-04-26,-0.77,-0.71,-0.68,-0.80,12051,17256614.00,-15.19,10.13,0.08,1.61
2005-04-27,-0.68,-0.68,-0.66,-0.72,15146,21948215.00,-8.45,4.23,0.03,2.02
2005-04-28,-0.69,-0.68,-0.63,-0.76,6698,9743408.00,-19.12,0.00,0.00,0.89
2005-04-29,-0.69,-0.69,-0.69,-0.77,6428,9201137.00,-11.76,-1.47,-0.01,0.86
2005-05-09,-0.72,-0.71,-0.63,-0.80,5746,8360994.00,-24.64,-2.90,-0.02,0.77
2005-05-10,-0.71,-0.75,-0.71,-0.83,8646,12187633.00,-16.90,-5.63,-0.04,1.15
2005-05-11,-0.76,-0.79,-0.72,-0.80,5932,8413858.00,-10.67,-5.33,-0.04,0.79
2005-05-12,-0.80,-0.84,-0.80,-0.90,10961,15123642.00,-12.66,-6.33,-0.05,1.46
2005-05-13,-0.84,-0.86,-0.80,-0.88,7824,10847890.00,-9.52,-2.38,-0.02,1.04
2005-05-16,-0.87,-0.85,-0.80,-0.88,3390,4720967.00,-9.30,1.16,0.01,0.45
2005-05-17,-0.84,-0.78,-0.77,-0.85,2422,3398636.00,-9.41,8.24,0.07,0.32
2005-05-18,-0.80,-0.82,-0.74,-0.85,5105,7139663.00,-14.10,-5.13,-0.04,0.68
2005-05-19,-0.80,-0.83,-0.80,-0.87,3836,5178612.00,-8.54,-1.22,-0.01,0.51
2005-05-20,-0.87,-0.79,-0.77,-0.87,1875,2555379.00,-12.05,4.82,0.04,0.25
2005-05-24,-0.88,-0.84,-0.78,-0.90,4569,6131317.00,-15.19,-6.33,-0.05,0.61
2005-05-25,-0.89,-1.11,-0.88,-1.12,23798,29989908.00,-28.57,-32.14,-0.27,3.17
2005-05-26,-1.18,-1.15,-1.11,-1.21,7429,9038996.00,-9.01,-3.60,-0.04,0.99
2005-05-27,-1.22,-1.22,-1.11,-1.23,7220,8723142.00,-10.43,-6.09,-0.07,0.96
2005-05-30,-1.23,-1.24,-1.23,-1.27,2971,3483788.00,-3.28,-1.64,-0.02,0.40
2005-05-31,-1.20,-1.17,-1.14,-1.23,995,1190040.00,-7.26,5.65,0.07,0.13
2005-06-01,-1.18,-1.17,-1.15,-1.21,1834,2203819.00,-5.13,0.00,0.00,0.24
2005-06-02,-1.20,-1.23,-1.20,-1.36,7952,9207656.00,-13.68,-5.13,-0.06,1.06
2005-06-03,-1.26,-1.27,-1.26,-1.30,720,832616.00,-3.25,-3.25,-0.04,0.10
2005-06-06,-1.28,-1.18,-1.17,-1.28,2285,2698708.00,-8.66,7.09,0.09,0.30
2005-06-07,-1.17,-1.15,-1.11,-1.18,5775,7041092.00,-5.93,2.54,0.03,0.77
2005-06-08,-0.88,-0.96,-0.88,-1.14,15408,19884601.00,-22.61,16.52,0.19,2.05
2005-06-09,-0.97,-1.04,-0.97,-1.05,9678,12275982.00,-8.33,-8.33,-0.08,1.29
2005-06-10,-1.07,-1.07,-1.05,-1.14,5350,6640191.00,-8.65,-2.88,-0.03,0.71
2005-06-13,-1.07,-1.07,-1.05,-1.14,2256,2807243.00,-8.41,0.00,0.00,0.30
2005-06-14,-1.07,-1.22,-1.07,-1.23,4893,5903990.00,-14.95,-14.02,-0.15,0.65
2005-06-15,-1.23,-1.30,-1.23,-1.30,4046,4675712.00,-5.74,-6.56,-0.08,0.54
2005-06-16,-1.34,-1.26,-1.26,-1.34,2768,3174168.00,-6.15,3.08,0.04,0.37
2005-06-17,-1.21,-1.28,-1.19,-1.30,4123,4764788.00,-8.73,-1.59,-0.02,0.55
2005-06-20,-1.30,-1.16,-1.15,-1.30,7332,8774899.00,-11.72,9.38,0.12,0.98
2005-06-21,-1.17,-1.21,-1.15,-1.26,3144,3745791.00,-9.48,-4.31,-0.05,0.42
2005-06-22,-1.21,-1.13,-1.09,-1.26,2104,2507157.00,-14.05,6.61,0.08,0.28
2005-06-23,-1.14,-1.18,-1.10,-1.21,1136,1367436.00,-9.73,-4.42,-0.05,0.15
2005-06-24,-1.23,-1.19,-1.18,-1.25,1025,1214238.00,-5.93,-0.85,-0.01,0.14
2005-06-27,-1.16,-1.03,-0.99,-1.17,8542,10739882.00,-15.13,13.45,0.16,1.14
2005-06-28,-1.05,-0.99,-0.94,-1.09,8902,11489585.00,-14.56,3.88,0.04,1.19
2005-06-29,-1.01,-1.04,-0.99,-1.05,4654,5908615.00,-6.06,-5.05,-0.05,0.62
2005-06-30,-1.05,-1.11,-1.05,-1.11,3538,4390696.00,-5.77,-6.73,-0.07,0.47
2005-07-01,-1.11,-1.14,-1.08,-1.18,1538,1867697.00,-9.01,-2.70,-0.03,0.21
2005-07-04,-1.20,-1.10,-1.09,-1.22,2447,2996149.00,-11.40,3.51,0.04,0.33
2005-07-05,-1.10,-1.04,-1.03,-1.10,2296,2868020.00,-6.36,5.45,0.06,0.31
2005-07-06,-1.04,-1.12,-1.01,-1.12,1674,2097235.00,-10.58,-7.69,-0.08,0.22
2005-07-07,-1.14,-1.09,-1.05,-1.15,720,885510.00,-8.93,2.68,0.03,0.10
2005-07-08,-1.06,-1.09,-1.06,-1.14,1117,1382480.00,-7.34,0.00,0.00,0.15
2005-07-11,-1.07,-1.07,-1.03,-1.09,3864,4812241.00,-5.50,1.83,0.02,0.52
2005-07-12,-1.07,-0.96,-0.95,-1.07,3064,3938511.00,-11.21,10.28,0.11,0.41
2005-07-13,-0.98,-1.01,-0.98,-1.01,842,1078927.00,-3.13,-5.21,-0.05,0.11
2005-07-14,-0.95,-0.96,-0.95,-1.00,4828,6272529.00,-4.95,4.95,0.05,0.64
2005-07-15,-0.97,-0.97,-0.96,-1.01,2197,2844260.00,-5.21,-1.04,-0.01,0.29
2005-07-18,-1.03,-0.99,-0.96,-1.03,931,1194435.00,-7.22,-2.06,-0.02,0.12
2005-07-19,-0.84,-1.01,-0.84,-1.02,327,420761.00,-18.18,-2.02,-0.02,0.04
2005-07-20,-0.99,-0.99,-0.97,-1.02,2765,3530931.00,-4.95,1.98,0.02,0.37
2005-07-21,-0.99,-0.97,-0.96,-1.01,3194,4116547.00,-5.05,2.02,0.02,0.43
2005-07-22,-0.99,-0.98,-0.95,-1.02,2404,3110642.00,-7.22,-1.03,-0.01,0.32
2005-07-25,-0.95,-0.96,-0.94,-1.00,1136,1475093.00,-6.12,2.04,0.02,0.15
2005-07-26,-0.96,-0.92,-0.90,-0.98,3547,4637039.00,-8.33,4.17,0.04,0.47
2005-07-27,-0.92,-0.95,-0.91,-0.97,3308,4309447.00,-6.52,-3.26,-0.03,0.44
2005-07-28,-0.94,-0.99,-0.93,-0.99,9299,12040587.00,-6.32,-4.21,-0.04,1.24
2005-07-29,-0.99,-1.03,-0.99,-1.05,5277,6695395.00,-6.06,-4.04,-0.04,0.70
2005-08-01,-1.03,-0.99,-0.99,-1.03,4762,6054524.00,-3.88,3.88,0.04,0.63
2005-08-02,-1.00,-0.99,-0.98,-1.01,1652,2121510.00,-3.03,0.00,0.00,0.22
2005-08-03,-1.00,-0.98,-0.95,-1.01,4674,6038349.00,-6.06,1.01,0.01,0.62
2005-08-04,-0.99,-1.00,-0.99,-1.02,1134,1449604.00,-3.06,-2.04,-0.02,0.15
2005-08-05,-1.01,-0.95,-0.93,-1.02,13736,17703636.00,-9.00,5.00,0.05,1.83
2005-08-08,-0.95,-0.93,-0.90,-0.96,8391,11049792.00,-6.32,2.11,0.02,1.12
2005-08-09,-0.96,-0.96,-0.90,-0.99,10855,14077623.00,-9.68,-3.23,-0.03,1.45
2005-08-10,-0.97,-0.95,-0.94,-0.99,5351,6936698.00,-5.21,1.04,0.01,0.71
2005-08-11,-0.94,-0.89,-0.86,-0.97,8627,11358322.00,-11.58,6.32,0.06,1.15
2005-08-12,-0.88,-0.87,-0.81,-0.89,10415,14025077.00,-8.99,2.25,0.02,1.39
2005-08-15,-0.87,-0.82,-0.82,-0.92,6033,8068572.00,-11.49,5.75,0.05,0.80
2005-08-16,-0.82,-0.86,-0.82,-0.89,4753,6383135.00,-8.54,-4.88,-0.04,0.63
2005-08-17,-0.91,-0.86,-0.85,-0.91,3623,4856056.00,-6.98,0.00,0.00,0.48
2005-08-18,-0.86,-0.94,-0.82,-0.99,6731,8800714.00,-19.77,-9.30,-0.08,0.90
2005-08-19,-0.99,-0.97,-0.94,-1.00,4290,5548426.00,-6.38,-3.19,-0.03,0.57
2005-08-22,-1.04,-1.01,-0.97,-1.04,6196,7892406.00,-7.22,-4.12,-0.04,0.83
2005-08-23,-1.04,-1.01,-1.00,-1.04,6109,7777572.00,-3.96,0.00,0.00,0.81
2005-08-24,-1.01,-0.96,-0.94,-1.01,8789,11404216.00,-6.93,4.95,0.05,1.17
2005-08-25,-0.94,-0.96,-0.94,-0.97,3632,4717439.00,-3.13,0.00,0.00,0.48
2005-08-26,-0.95,-0.97,-0.94,-1.02,765,984395.00,-8.33,-1.04,-0.01,0.10
2005-08-29,-0.97,-1.01,-0.97,-1.05,2163,2764785.00,-8.25,-4.12,-0.04,0.29
2005-08-30,-1.03,-1.00,-1.00,-1.03,1356,1735601.00,-2.97,0.99,0.01,0.18
2005-08-31,-1.02,-0.97,-0.94,-1.02,2586,3344757.00,-8.00,3.00,0.03,0.34
2005-09-01,-0.98,-0.93,-0.92,-0.98,5896,7679539.00,-6.19,4.12,0.04,0.79
2005-09-02,-0.93,-0.90,-0.90,-0.93,1567,2069051.00,-3.23,3.23,0.03,0.21
2005-09-05,-0.87,-0.92,-0.87,-0.96,1694,2240517.00,-10.00,-2.22,-0.02,0.23
2005-09-06,-0.92,-0.85,-0.82,-0.92,7614,10254201.00,-10.87,7.61,0.07,1.02
2005-09-07,-0.85,-0.74,-0.72,-0.89,7489,10367450.00,-20.00,12.94,0.11,1.00
2005-09-08,-0.78,-0.71,-0.67,-0.78,12397,17490749.00,-14.86,4.05,0.03,1.65
2005-09-13,-0.74,-0.77,-0.71,-0.79,11494,16017676.00,-11.27,-8.45,-0.06,1.53
2005-09-14,-0.77,-0.72,-0.65,-0.77,6696,9486062.00,-15.58,6.49,0.05,0.89
2005-09-15,-0.74,-0.70,-0.67,-0.74,7702,10936976.00,-9.72,2.78,0.02,1.03
2005-09-16,-0.70,-0.67,-0.65,-0.72,4817,6878204.00,-10.00,4.29,0.03,0.64
2005-09-19,-0.66,-0.71,-0.66,-0.71,5801,8230767.00,-7.46,-5.97,-0.04,0.77
2005-09-20,-0.74,-0.78,-0.70,-0.79,8270,11472901.00,-12.68,-9.86,-0.07,1.10
2005-09-21,-0.78,-0.81,-0.78,-0.81,4513,6185329.00,-3.85,-3.85,-0.03,0.60
2005-09-22,-0.80,-0.83,-0.80,-0.88,3117,4222925.00,-9.88,-2.47,-0.02,0.42
2005-09-23,-0.86,-0.85,-0.83,-0.86,2989,4039047.00,-3.61,-2.41,-0.02,0.40
2005-09-26,-0.85,-0.81,-0.80,-0.85,4539,6212185.00,-5.88,4.71,0.04,0.61
2005-09-27,-0.79,-0.83,-0.79,-0.87,7051,9569510.00,-9.88,-2.47,-0.02,0.94
2005-09-28,-0.85,-0.83,-0.82,-0.85,3675,4984133.00,-3.61,0.00,0.00,0.49
2005-09-29,-0.84,-0.84,-0.83,-0.96,5354,7198807.00,-15.66,-1.20,-0.01,0.71
2005-09-30,-0.89,-0.92,-0.84,-0.92,2666,3564153.00,-9.52,-9.52,-0.08,0.36
2005-10-10,-0.90,-0.97,-0.90,-0.97,1729,2247681.00,-7.61,-5.43,-0.05,0.23
2005-10-11,-0.97,-0.95,-0.94,-0.97,1612,2094634.00,-3.09,2.06,0.02,0.21
2005-10-12,-0.92,-0.88,-0.86,-0.95,6809,9116075.00,-9.47,7.37,0.07,0.91
2005-10-13,-0.87,-0.85,-0.81,-0.90,4471,6015859.00,-10.23,3.41,0.03,0.60
2005-10-14,-0.85,-0.89,-0.81,-0.89,5257,7072642.00,-9.41,-4.71,-0.04,0.70
2005-10-17,-0.93,-0.89,-0.83,-0.93,2332,3109339.00,-11.24,0.00,0.00,0.31
2005-10-18,-0.89,-0.90,-0.88,-0.92,1898,2513548.00,-4.49,-1.12,-0.01,0.25
2005-10-19,-0.96,-1.09,-0.87,-1.10,26186,33298811.00,-25.56,-21.11,-0.19,3.49
2005-10-20,-1.09,-1.03,-1.02,-1.10,30982,39028020.00,-7.34,5.50,0.06,4.13
2005-10-21,-1.03,-0.88,-0.88,-1.04,18691,24594848.00,-15.53,14.56,0.15,2.49
2005-10-24,-0.89,-0.90,-0.87,-0.94,5797,7675232.00,-7.95,-2.27,-0.02,0.77
2005-10-25,-0.90,-0.91,-0.88,-0.94,5063,6709482.00,-6.67,-1.11,-0.01,0.68
2005-10-26,-0.92,-1.01,-0.91,-1.02,3120,4052701.00,-12.09,-10.99,-0.10,0.42
2005-10-27,-1.02,-0.98,-0.95,-1.03,3486,4510867.00,-7.92,2.97,0.03,0.46
2005-10-28,-0.97,-0.98,-0.93,-1.00,4604,5960064.00,-7.14,0.00,0.00,0.61
2005-10-31,-0.98,-0.98,-0.96,-0.99,5330,6895011.00,-3.06,0.00,0.00,0.71
2005-11-01,-0.96,-0.98,-0.96,-1.02,1558,2006661.00,-6.12,0.00,0.00,0.21
2005-11-02,-0.98,-1.01,-0.98,-1.02,1652,2114951.00,-4.08,-3.06,-0.03,0.22
2005-11-03,-0.99,-1.02,-0.99,-1.09,4759,6022029.00,-9.90,-0.99,-0.01,0.63
2005-11-04,-1.07,-1.03,-1.03,-1.08,2889,3629993.00,-4.90,-0.98,-0.01,0.39
2005-11-07,-1.07,-1.01,-0.99,-1.09,1496,1881312.00,-9.71,1.94,0.02,0.20
2005-11-08,-1.03,-1.03,-1.02,-1.05,3286,4154994.00,-2.97,-1.98,-0.02,0.44
2005-11-09,-1.03,-0.97,-0.94,-1.05,9674,12391330.00,-10.68,5.83,0.06,1.29
2005-11-10,-0.94,-0.99,-0.94,-1.00,2225,2868512.00,-6.19,-2.06,-0.02,0.30
2005-11-11,-1.01,-0.97,-0.96,-1.05,2229,2855804.00,-9.09,2.02,0.02,0.30
2005-11-24,-0.96,-1.03,-0.96,-1.07,11449,14637787.00,-11.34,-6.19,-0.06,1.53
2005-11-25,-1.03,-1.06,-1.02,-1.08,3740,4683865.00,-5.83,-2.91,-0.03,0.50
2005-11-28,-1.03,-1.07,-1.03,-1.09,2695,3369692.00,-5.66,-0.94,-0.01,0.36
2005-11-29,-1.09,-1.08,-1.07,-1.09,3762,4673094.00,-1.87,-0.93,-0.01,0.50
2005-11-30,-1.09,-1.15,-1.09,-1.16,5942,7246924.00,-6.48,-6.48,-0.07,0.79
2005-12-01,-1.16,-1.12,-1.10,-1.16,7316,8933053.00,-5.22,2.61,0.03,0.98
2005-12-02,-1.14,-1.11,-1.10,-1.14,4229,5201155.00,-3.57,0.89,0.01,0.56
2005-12-05,-1.13,-1.16,-1.13,-1.18,4606,5581846.00,-4.50,-4.50,-0.05,0.61
2005-12-06,-1.18,-1.19,-1.11,-1.19,3474,4182000.00,-6.90,-2.59,-0.03,0.46
2005-12-30,-1.54,-1.66,-1.52,-1.70,88006,88572710.00,-15.13,-39.50,-0.47,9.10