2010-06-03,11.57,12.62,13.21,11.37,366457,3162385197.06,15.90,9.08,1.05,76.35
2010-06-04,13.01,12.78,13.09,12.21,170044,1534418293.68,6.97,1.27,0.16,35.43
2010-06-07,12.35,13.40,13.67,12.25,106244,983549557.39,11.11,4.85,0.62,22.13
2010-06-08,13.34,13.15,13.39,12.90,51465,478346864.14,3.66,-1.87,-0.25,10.72
2010-06-09,13.16,13.22,13.57,13.06,43540,407298437.98,3.88,0.53,0.07,9.07
2010-06-10,13.18,13.99,14.20,13.12,55453,536959269.92,8.17,5.82,0.77,11.55
2010-06-11,14.01,13.96,14.33,13.86,35749,351297829.62,3.36,-0.21,-0.03,7.45
2010-06-17,14.02,12.51,14.09,12.51,71006,657859869.06,11.32,-10.39,-1.45,14.79
2010-06-18,12.34,12.19,12.51,11.69,45063,391769298.45,6.55,-2.56,-0.32,9.39
2010-06-21,12.03,12.83,13.01,11.90,28389,253781675.36,9.11,5.25,0.64,5.91
2010-06-22,12.70,12.90,13.37,12.68,21033,194448613.90,5.38,0.55,0.07,4.38
2010-06-23,12.78,13.16,13.23,12.77,21037,193906760.84,3.57,2.02,0.26,4.38
2010-06-24,13.14,13.74,13.82,13.01,29774,283181359.87,6.16,4.41,0.58,6.20
2010-06-25,13.66,13.74,14.06,13.51,30425,294161140.67,4.00,0.00,0.00,6.34
2010-06-28,13.67,13.89,14.42,13.56,31079,305213307.02,6.26,1.09,0.15,6.47
2010-06-30,13.15,13.31,13.57,12.59,34289,317453503.13,7.06,-4.18,-0.58,7.14
2010-07-01,13.14,12.51,13.34,12.51,21814,198223921.90,6.24,-6.01,-0.80,4.54
2010-07-02,12.35,12.16,12.55,11.54,23804,205769582.39,8.07,-2.80,-0.35,4.96
2010-07-05,11.98,12.54,12.66,11.84,14268,125901014.24,6.74,3.13,0.38,2.97
2010-07-06,12.49,12.86,13.10,12.45,14683,133608117.97,5.18,2.55,0.32,3.06
2010-07-07,13.08,12.79,13.08,12.34,11882,106712933.90,5.75,-0.54,-0.07,2.48
2010-07-08,13.01,13.65,13.77,12.81,19959,186959608.99,7.51,6.72,0.86,4.16
2010-07-09,13.56,13.80,13.99,13.48,20765,200560915.56,3.74,1.10,0.15,4.33
2010-07-12,13.81,13.84,14.15,13.58,14646,141924343.57,4.13,0.29,0.04,3.05
2010-07-13,13.60,13.48,13.80,13.24,13798,130597198.86,4.05,-2.60,-0.36,2.87
2010-07-14,13.48,13.54,14.12,13.38,12432,120005332.93,5.49,0.45,0.06,2.59
2010-07-15,13.59,12.73,13.81,12.71,15461,143870347.08,8.12,-5.98,-0.81,3.22
2010-07-16,12.59,12.91,13.00,12.51,9709,88053307.23,3.85,1.41,0.18,2.02
2010-07-19,12.84,13.58,13.61,12.71,15465,144984617.26,6.97,5.19,0.67,3.22
2010-07-20,13.59,14.50,15.04,13.56,51865,518632115.05,10.90,6.77,0.92,10.81
2010-07-21,14.51,14.50,15.00,14.35,36780,373837964.34,4.48,0.00,0.00,7.66
2010-07-22,14.64,15.29,15.42,14.51,30286,315681634.00,6.28,5.45,0.79,6.31
2010-07-23,15.30,15.14,15.31,14.72,27801,288819358.60,3.86,-0.98,-0.15,5.79
2010-07-26,15.14,15.16,15.31,14.84,17943,187152707.00,3.10,0.13,0.02,3.74
2010-07-27,15.12,15.48,15.67,15.10,17612,187162977.67,3.76,2.11,0.32,3.67
2010-07-28,15.22,15.42,15.69,14.85,22105,234670697.96,5.43,-0.39,-0.06,4.61
2010-07-29,15.43,15.31,15.43,14.93,19776,207018576.83,3.24,-0.71,-0.11,4.12
2010-07-30,15.33,15.71,15.75,15.18,21716,233651525.20,3.72,2.61,0.40,4.52
2010-08-02,15.88,15.71,16.09,15.68,16392,178685377.25,2.61,0.00,0.00,3.41
2010-08-03,15.66,15.62,16.09,15.60,16955,184292769.63,3.12,-0.57,-0.09,3.53
2010-08-04,15.66,15.53,15.76,15.08,21431,226234448.29,4.35,-0.58,-0.09,4.46
2010-08-05,15.49,15.48,15.91,15.31,14892,160488536.93,3.86,-0.32,-0.05,3.10
2010-08-06,15.40,15.72,15.76,15.19,13444,143997933.15,3.68,1.55,0.24,2.80
2010-08-09,15.84,16.58,16.59,15.74,21358,238425083.62,5.41,5.47,0.86,4.45
2010-08-10,16.58,14.98,16.59,14.93,32077,346790388.61,10.01,-9.65,-1.60,6.68
2010-08-11,14.99,15.51,15.55,14.99,18871,199821479.35,3.74,3.54,0.53,3.93
2010-08-12,15.23,15.14,15.57,15.11,17234,182248724.73,2.97,-2.39,-0.37,3.59
2010-08-13,15.24,15.51,15.57,15.07,10843,115137623.80,3.30,2.44,0.37,2.26
2010-08-16,15.44,15.59,15.91,15.34,12173,131814784.40,3.68,0.52,0.08,2.54
2010-08-17,15.64,15.88,15.91,15.36,14245,152675419.10,3.53,1.86,0.29,2.97
2010-08-18,15.81,15.99,16.09,15.57,14423,157554807.03,3.27,0.69,0.11,3.00
2010-08-19,15.89,16.23,16.88,15.81,25108,283243210.58,6.69,1.50,0.24,5.23
2010-08-20,16.01,15.70,16.18,15.44,15419,166956098.45,4.56,-3.27,-0.53,3.21
2010-08-23,15.71,15.38,15.81,15.19,12997,138451460.24,3.95,-2.04,-0.32,2.71
2010-08-24,15.46,15.96,16.14,15.28,18295,198868805.64,5.59,3.77,0.58,3.81
2010-08-25,15.86,15.53,16.28,15.51,13209,144340046.93,4.82,-2.69,-0.43,2.75
2010-08-26,15.67,16.43,16.43,15.59,20453,226061494.63,5.41,5.80,0.90,4.26
2010-08-27,16.51,17.03,17.30,16.41,20421,234000020.98,5.42,3.65,0.60,4.25
2010-08-30,17.14,17.15,17.59,16.98,23932,281493703.86,3.58,0.70,0.12,4.99
2010-08-31,17.03,16.95,17.36,16.81,14981,174001685.45,3.21,-1.17,-0.20,3.12
2010-09-01,16.99,16.41,17.17,16.29,27281,309937932.86,5.19,-3.19,-0.54,5.68
2010-09-02,16.51,17.44,17.67,16.34,20354,237139816.37,8.10,6.28,1.03,4.24
2010-09-03,17.06,17.26,17.86,16.87,47389,561441575.88,5.68,-1.03,-0.18,7.90
2010-09-06,17.40,16.93,17.57,16.68,27663,321252112.21,5.16,-1.91,-0.33,4.61
2010-09-07,16.99,17.32,17.51,16.85,13821,162842787.34,3.90,2.30,0.39,2.30
2010-09-08,17.24,17.33,17.47,17.10,11354,133516265.27,2.14,0.06,0.01,1.89
2010-09-09,17.36,17.17,17.99,17.11,15133,179979382.64,5.08,-0.92,-0.16,2.52
2010-09-10,17.13,17.06,17.34,16.63,26047,301748969.23,4.14,-0.64,-0.11,4.34
2010-09-13,17.17,17.40,17.40,16.84,14188,165629603.52,3.28,1.99,0.34,2.36
2010-09-14,17.43,17.05,17.46,16.94,10236,119396678.38,2.99,-2.01,-0.35,1.71
2010-09-15,17.08,16.19,17.17,16.16,17217,197067566.52,5.92,-5.04,-0.86,2.87
2010-09-16,16.34,16.05,16.66,15.68,20742,231209000.26,6.05,-0.86,-0.14,3.46
2010-09-17,16.06,16.09,16.26,15.68,9240,101876525.83,3.61,0.25,0.04,1.54
2010-09-20,16.10,16.29,16.61,16.01,11537,129179043.54,3.73,1.24,0.20,1.92
2010-09-21,16.35,17.01,17.09,16.26,15096,172606598.36,5.10,4.42,0.72,2.52
2010-09-27,17.17,18.06,18.07,17.12,20626,248679719.27,5.58,6.17,1.05,3.44
2010-09-28,17.84,18.01,18.31,17.75,11097,135058484.47,3.10,-0.28,-0.05,1.85
2010-09-29,18.01,18.05,18.18,17.64,12984,156920649.58,3.00,0.22,0.04,2.16
2010-09-30,17.97,18.14,18.17,17.93,9517,116329906.66,1.33,0.50,0.09,1.59
2010-10-08,18.29,18.30,18.49,18.03,15785,194571433.17,2.54,0.88,0.16,2.63
2010-10-11,18.24,17.40,18.24,17.13,31034,369571589.03,6.07,-4.92,-0.90,5.17
2010-10-12,17.23,17.01,17.74,17.01,17972,211841668.51,4.20,-2.24,-0.39,3.00
2010-10-13,17.04,16.56,17.16,16.34,26843,304707044.68,4.82,-2.65,-0.45,4.47
2010-10-14,16.57,16.34,16.77,16.32,20754,234695963.74,2.72,-1.33,-0.22,3.46
2010-10-15,16.42,16.31,16.76,16.18,15898,178681621.36,3.55,-0.18,-0.03,2.65
2010-10-18,16.09,16.58,16.59,15.34,24492,268776321.79,7.66,1.66,0.27,4.08
2010-10-19,16.46,16.98,17.00,16.34,14724,168805896.13,3.98,2.41,0.40,2.45
2010-10-20,16.72,16.84,17.16,16.48,21079,241196016.92,4.00,-0.82,-0.14,3.51
2010-10-21,16.84,16.66,16.90,16.46,9701,110427802.14,2.61,-1.07,-0.18,1.62
2010-10-22,16.63,17.51,17.54,16.55,17521,204947898.48,5.94,5.10,0.85,2.92
2010-10-25,17.67,17.60,18.01,17.18,16578,198145678.05,4.74,0.51,0.09,2.76
2010-10-26,17.73,17.04,17.84,16.88,23471,273917352.26,5.45,-3.18,-0.56,3.91
2010-10-27,17.17,16.96,17.51,16.88,15071,175582521.18,3.70,-0.47,-0.08,2.51
2010-10-28,17.00,17.04,17.16,16.68,13819,159623262.06,2.83,0.47,0.08,2.30
2010-10-29,17.04,17.31,17.42,16.71,15831,184952978.29,4.17,1.58,0.27,2.64
2010-11-01,17.24,18.02,18.44,17.05,31399,382134414.33,8.03,4.10,0.71,5.23
2010-11-02,18.12,17.56,18.12,17.53,17039,205941097.16,3.27,-2.55,-0.46,2.84
2010-11-03,17.50,17.69,18.16,17.28,14299,172310699.10,5.01,0.74,0.13,2.38
2010-11-04,17.69,19.69,19.69,17.59,38756,496248108.75,11.87,11.31,2.00,6.46
2010-11-05,19.68,20.08,20.41,19.45,29467,392928966.83,4.88,1.98,0.39,4.91
2010-11-08,19.94,20.33,20.76,19.84,20049,271889153.16,4.58,1.25,0.25,3.34
2010-11-09,20.18,20.68,20.72,19.86,15030,204015951.39,4.23,1.72,0.35,2.50
2010-11-10,20.72,21.51,22.68,20.71,31663,459817259.15,9.53,4.01,0.83,5.28
2010-11-11,21.77,21.34,22.14,21.25,18909,272368476.33,4.14,-0.79,-0.17,3.15
2010-11-12,21.05,21.68,22.71,21.03,37407,540551009.52,7.87,1.59,0.34,6.23
2010-11-15,21.63,23.60,23.67,21.63,28699,432515724.23,9.41,8.86,1.92,4.78
2010-11-16,23.53,22.22,24.09,22.01,31390,476697503.42,8.81,-5.85,-1.38,5.23
2010-11-17,21.88,20.81,22.57,20.69,27600,397145915.39,8.46,-6.35,-1.41,4.60
2010-11-18,20.94,21.26,21.44,20.43,18298,256172363.04,4.85,2.16,0.45,3.05
2010-11-19,21.36,23.54,23.54,20.99,30988,458647055.13,11.99,10.72,2.28,5.16
2010-11-22,23.34,23.01,24.01,22.54,27577,424616275.21,6.24,-2.25,-0.53,4.60
2010-11-23,22.68,23.97,24.29,22.53,31420,490626382.15,7.65,4.17,0.96,5.24
2010-11-24,23.83,24.64,24.66,23.58,17418,276797432.18,4.51,2.80,0.67,2.90
2010-11-25,24.59,23.74,24.97,23.51,23045,364037970.27,5.93,-3.65,-0.90,3.84
2010-11-26,23.56,23.84,23.93,23.23,14427,224223691.83,2.95,0.42,0.10,2.40
2010-11-29,23.88,25.31,25.42,23.60,24353,396077327.71,7.63,6.17,1.47,4.06
2010-11-30,25.18,24.69,25.31,23.26,33541,535940649.08,8.10,-2.45,-0.62,5.59
2010-12-01,24.23,24.07,24.73,23.93,15616,248820267.80,3.24,-2.51,-0.62,2.60
2010-12-02,24.38,23.68,24.38,23.61,15133,237515193.46,3.20,-1.62,-0.39,2.52
2010-12-03,23.54,23.20,23.68,22.88,13693,209616195.87,3.38,-2.03,-0.48,2.28
2010-12-06,23.21,22.91,23.51,22.10,20930,314804896.46,6.08,-1.25,-0.29,3.49
2010-12-07,22.70,23.49,23.86,22.70,15455,239156851.74,5.06,2.53,0.58,2.58
2010-12-08,23.34,23.02,23.82,22.99,13197,203221790.54,3.53,-2.00,-0.47,2.20
2010-12-09,22.85,22.23,22.93,22.21,13577,202280957.93,3.13,-3.43,-0.79,2.26
2010-12-10,22.13,23.17,23.60,22.07,14164,215069642.06,6.88,4.23,0.94,2.36
2010-12-13,23.43,24.29,24.68,23.43,17569,280333271.91,5.39,4.83,1.12,2.93
2010-12-14,24.30,24.34,24.61,24.09,9730,155896379.22,2.14,0.21,0.05,1.62
2010-12-15,24.34,24.07,24.48,23.86,10441,165748955.49,2.55,-1.11,-0.27,1.74
2010-12-16,24.01,24.67,25.26,24.01,13375,218047817.64,5.19,2.49,0.60,2.23
2010-12-17,24.67,24.83,25.08,24.45,9723,158176602.58,2.55,0.65,0.16,1.62
2010-12-20,24.64,23.63,24.83,23.15,25533,399533882.02,6.77,-4.83,-1.20,4.26
2010-12-21,23.64,23.76,23.96,23.26,12902,200434317.36,2.96,0.55,0.13,2.15
2010-12-22,23.74,22.97,23.84,22.62,16655,254097371.18,5.13,-3.32,-0.79,2.78
2010-12-23,22.84,22.98,23.33,22.69,6343,96566672.53,2.79,0.04,0.01,1.06
2010-12-24,22.81,22.04,22.81,21.60,16159,236192105.38,5.27,-4.09,-0.94,2.69
2010-12-27,22.23,21.54,22.40,21.34,15660,226601172.28,4.81,-2.27,-0.50,2.61
2010-12-28,21.46,21.84,22.16,21.43,13502,195487249.72,3.39,1.39,0.30,2.25
2010-12-29,21.83,22.48,22.51,21.67,10376,151985867.90,3.85,2.93,0.64,1.73
2010-12-30,22.48,23.06,23.08,22.23,12092,181467975.39,3.78,2.58,0.58,2.02
2010-12-31,23.01,23.93,24.05,22.89,14887,231977369.17,5.03,3.77,0.87,2.48