2022-01-04,13.24,13.38,13.47,13.11,12333,16698764.00,2.74,1.75,0.23,3.41
2022-01-05,13.35,13.37,13.49,13.13,9514,12820689.00,2.69,-0.07,-0.01,2.63
2022-01-06,13.36,13.55,13.62,13.30,13495,18521367.00,2.39,1.35,0.18,3.73
2022-01-07,13.49,13.20,13.64,13.17,11395,15475728.00,3.47,-2.58,-0.35,3.15
2022-01-10,13.11,13.38,13.48,13.10,7486,10177052.00,2.88,1.36,0.18,2.07
2022-01-11,13.48,13.31,13.54,13.29,6665,9082703.00,1.87,-0.52,-0.07,1.84
2022-01-12,13.31,13.73,13.79,13.31,19901,27682950.00,3.61,3.16,0.42,5.50
2022-01-13,13.63,13.73,13.85,13.63,12555,17523971.00,1.60,0.00,0.00,3.47
2022-01-14,13.63,13.50,13.88,13.47,10764,14920652.00,2.99,-1.68,-0.23,2.97
2022-01-17,13.62,13.72,13.73,13.38,10595,14669709.00,2.59,1.63,0.22,2.93
2022-01-18,13.68,13.41,13.77,13.38,11449,15680240.00,2.84,-2.26,-0.31,3.16
2022-01-19,13.45,13.41,13.55,13.38,5349,7313951.00,1.27,0.00,0.00,1.48
2022-01-20,13.45,12.95,13.46,12.90,8928,11933912.00,4.18,-3.43,-0.46,2.47
2022-01-21,13.05,12.80,13.06,12.75,6763,8849739.00,2.39,-1.16,-0.15,1.87
2022-01-24,12.89,12.98,13.06,12.74,7913,10435883.00,2.50,1.41,0.18,2.19
2022-01-25,13.00,12.45,13.00,12.27,9551,12197070.00,5.62,-4.08,-0.53,2.64
2022-01-26,12.44,12.51,12.62,12.37,4970,6338397.00,2.01,0.48,0.06,1.37
2022-01-27,12.40,11.98,12.60,11.97,6716,8308776.00,5.04,-4.24,-0.53,1.85
2022-01-28,12.12,12.24,12.38,12.08,5435,6784566.00,2.50,2.17,0.26,1.50
2022-02-07,12.41,12.52,12.63,12.36,3796,4839691.00,2.21,2.29,0.28,1.05
2022-02-08,12.57,12.57,12.62,12.42,5157,6580600.00,1.60,0.40,0.05,1.42
2022-02-09,12.49,12.72,12.77,12.49,4244,5476286.00,2.23,1.19,0.15,1.17
2022-02-10,12.77,12.73,12.77,12.59,4289,5528390.00,1.42,0.08,0.01,1.18
2022-02-11,12.69,12.40,12.73,12.34,6574,8350491.00,3.06,-2.59,-0.33,1.82
2022-02-14,12.32,12.19,12.40,12.17,6172,7719062.00,1.85,-1.69,-0.21,1.70
2022-02-15,12.17,12.28,12.33,12.15,3955,4940337.00,1.48,0.74,0.09,1.09
2022-02-16,12.38,12.42,12.46,12.23,3695,4661783.00,1.87,1.14,0.14,1.02
2022-02-17,12.46,12.45,12.62,12.37,5213,6647089.00,2.01,0.24,0.03,1.44
2022-02-18,12.45,12.54,12.55,12.27,4054,5123756.00,2.25,0.72,0.09,1.12
2022-02-21,12.54,12.66,12.69,12.45,3059,3928969.00,1.91,0.96,0.12,0.85
2022-02-22,12.61,12.55,12.65,12.40,3989,5081438.00,1.97,-0.87,-0.11,1.10
2022-02-23,12.55,12.72,12.72,12.54,5932,7640494.00,1.43,1.35,0.17,1.64
2022-02-24,12.72,12.30,12.77,12.27,8380,10666516.00,3.93,-3.30,-0.42,2.31
2022-02-25,12.38,12.46,12.57,12.38,3657,4652563.00,1.54,1.30,0.16,1.01
2022-02-28,12.49,12.39,12.50,12.19,3889,4886460.00,2.49,-0.56,-0.07,1.07
2022-03-01,12.39,12.60,12.69,12.39,5243,6733899.00,2.42,1.69,0.21,1.45
2022-03-02,12.42,12.64,12.68,12.42,4150,5334600.00,2.06,0.32,0.04,1.15
2022-03-03,12.82,12.66,12.82,12.63,4163,5387832.00,1.50,0.16,0.02,1.15
2022-03-04,12.73,12.49,12.76,12.45,3820,4904313.00,2.45,-1.34,-0.17,1.06
2022-03-07,12.43,12.43,12.63,12.30,7423,9399649.00,2.64,-0.48,-0.06,2.05
2022-03-08,12.41,11.94,12.43,11.82,8759,10775097.00,4.91,-3.94,-0.49,2.42
2022-03-09,11.94,11.71,11.97,11.04,7978,9495866.00,7.79,-1.93,-0.23,2.20
2022-03-10,11.92,11.79,11.96,11.73,4941,5971845.00,1.96,0.68,0.08,1.36
2022-03-11,11.70,11.90,11.91,11.48,4598,5483029.00,3.65,0.93,0.11,1.27
2022-03-14,11.78,11.55,11.86,11.55,3395,4045414.00,2.61,-2.94,-0.35,0.94
2022-03-15,11.42,10.78,11.88,10.78,4868,5579613.00,9.52,-6.67,-0.77,1.34
2022-03-16,11.16,11.15,11.23,10.82,4319,4869678.00,3.80,3.43,0.37,1.19
2022-03-17,11.28,11.30,11.54,11.27,3966,4612758.00,2.42,1.35,0.15,1.10
2022-03-18,11.32,11.45,11.52,11.24,4333,5036064.00,2.48,1.33,0.15,0.80
2022-03-21,11.38,11.59,11.60,11.38,4600,5421336.00,1.92,1.22,0.14,0.85
2022-03-22,11.54,11.63,11.84,11.42,4471,5291316.00,3.62,0.35,0.04,0.82
2022-03-23,11.69,11.59,11.70,11.58,2433,2885391.00,1.03,-0.34,-0.04,0.45
2022-03-24,11.47,11.36,11.58,11.23,5054,5858297.00,3.02,-1.98,-0.23,0.93
2022-03-25,11.36,11.28,11.46,11.27,3912,4531665.00,1.67,-0.70,-0.08,0.72
2022-03-28,11.42,11.33,11.42,11.00,3098,3554194.00,3.72,0.44,0.05,0.57
2022-03-29,11.27,11.16,11.41,11.16,2907,3345504.00,2.21,-1.50,-0.17,0.54
2022-03-30,11.19,11.22,11.32,11.18,3245,3721085.00,1.25,0.54,0.06,0.60
2022-03-31,11.22,11.25,11.37,11.20,3935,4532021.00,1.52,0.27,0.03,0.73
2022-04-01,11.15,11.13,11.24,11.11,3749,4268206.00,1.16,-1.07,-0.12,0.69
2022-04-06,11.13,11.24,11.28,11.07,3512,4020164.00,1.89,0.99,0.11,0.65
2022-04-07,11.18,11.02,11.26,10.99,3437,3905992.00,2.40,-1.96,-0.22,0.63
2022-04-08,11.02,10.87,11.08,10.84,3473,3871784.00,2.18,-1.36,-0.15,0.64
2022-04-11,10.83,10.48,10.84,10.44,3488,3796296.00,3.68,-3.59,-0.39,0.64
2022-04-12,10.48,10.69,10.75,10.39,2786,3014616.00,3.44,2.00,0.21,0.51
2022-04-13,10.59,10.53,10.77,10.48,2963,3217800.00,2.71,-1.50,-0.16,0.55
2022-04-14,10.53,10.60,10.70,10.43,5355,5774441.00,2.56,0.66,0.07,0.99
2022-04-15,10.47,10.36,10.56,10.30,4338,4616281.00,2.45,-2.26,-0.24,0.80
2022-04-18,10.36,10.45,10.50,10.12,3355,3554194.00,3.67,0.87,0.09,0.62
2022-04-19,10.47,10.49,10.59,10.37,2384,2553141.00,2.11,0.38,0.04,0.44
2022-04-20,10.40,10.51,10.58,10.40,3928,4216743.00,1.72,0.19,0.02,0.72
2022-04-21,10.47,10.32,10.62,10.18,4433,4748541.00,4.19,-1.81,-0.19,0.82
2022-04-22,10.32,10.24,10.46,10.16,4301,4533325.00,2.91,-0.78,-0.08,0.79
2022-04-25,10.11,9.50,10.20,9.50,5032,5061234.00,6.84,-7.23,-0.74,0.93
2022-04-26,9.72,8.92,9.86,8.84,6460,6159497.00,10.74,-6.11,-0.58,1.19
2022-04-27,8.78,8.93,9.12,8.43,6359,5665195.00,7.74,0.11,0.01,1.17
2022-04-28,8.92,8.82,9.22,8.73,5723,5266321.00,5.49,-1.23,-0.11,1.06
2022-04-29,8.82,9.11,9.16,8.82,3544,3297477.00,3.85,3.29,0.29,0.65
2022-05-05,9.13,9.24,9.33,8.99,3817,3602881.00,3.73,1.43,0.13,0.70
2022-05-06,9.18,9.16,9.28,8.98,6212,5816766.00,3.25,-0.87,-0.08,1.15
2022-05-09,9.16,9.32,9.40,9.09,3764,3588218.00,3.38,1.75,0.16,0.69
2022-05-10,9.08,9.45,9.47,9.07,3561,3411561.00,4.29,1.39,0.13,0.66
2022-05-11,9.43,9.34,9.64,9.34,3304,3219140.00,3.17,-1.16,-0.11,0.61
2022-05-12,9.27,9.65,9.65,9.23,4593,4477039.00,4.50,3.32,0.31,0.85
2022-05-13,9.55,9.51,9.64,9.49,4371,4283690.00,1.55,-1.45,-0.14,0.81
2022-05-16,9.65,9.67,9.84,9.63,4854,4827146.00,2.21,1.68,0.16,0.90
2022-05-17,9.76,9.76,9.77,9.54,3699,3677984.00,2.38,0.93,0.09,0.68
2022-05-18,9.80,9.76,9.90,9.59,3658,3674122.00,3.18,0.00,0.00,0.68
2022-05-19,9.89,10.02,10.03,9.67,4413,4463915.00,3.69,2.66,0.26,0.81
2022-05-20,9.98,10.11,10.16,9.93,4795,4935054.00,2.30,0.90,0.09,0.88
2022-05-23,10.17,10.07,10.22,10.03,3188,3300894.00,1.88,-0.40,-0.04,0.59
2022-05-24,10.20,9.75,10.22,9.75,5110,5215812.00,4.67,-3.18,-0.32,0.94
2022-05-25,9.68,9.97,10.15,9.67,4963,5076999.00,4.92,2.26,0.22,0.92
2022-05-26,9.87,9.96,10.14,9.70,5279,5330357.00,4.41,-0.10,-0.01,0.97
2022-05-27,10.05,9.81,10.05,9.73,3752,3782147.00,3.21,-1.51,-0.15,0.69
2022-05-30,9.91,9.77,9.91,9.71,4698,4702848.00,2.04,-0.41,-0.04,0.87
2022-05-31,9.74,10.00,10.04,9.73,10671,10851962.00,3.17,2.35,0.23,1.97
2022-06-01,10.00,10.21,10.28,9.94,8228,8564333.00,3.40,2.10,0.21,1.52
2022-06-02,10.30,10.88,11.05,10.06,17350,18978173.00,9.70,6.56,0.67,3.20
2022-06-06,10.86,11.39,11.53,10.86,18726,21525748.00,6.16,4.69,0.51,3.46
2022-06-07,11.33,11.04,11.34,10.84,12546,14092253.00,4.39,-3.07,-0.35,2.31
2022-06-08,11.04,10.72,11.15,10.49,8313,9142182.00,5.98,-2.90,-0.32,1.53
2022-06-09,10.74,10.25,10.76,10.18,7318,7784862.00,5.41,-4.38,-0.47,1.35
2022-06-10,10.16,10.51,10.57,10.16,5326,5691881.00,4.00,2.54,0.26,0.98
2022-06-13,10.42,10.30,10.49,10.23,6745,7128999.00,2.47,-2.00,-0.21,1.24
2022-06-14,10.22,10.31,10.34,10.10,7149,7461032.00,2.33,0.10,0.01,1.32
2022-06-15,10.36,10.53,10.57,10.34,8291,8837106.00,2.23,2.13,0.22,1.53
2022-06-16,10.39,10.51,10.57,10.38,6000,6418875.00,1.80,-0.19,-0.02,1.11
2022-06-17,10.34,10.50,10.53,10.26,4743,5053314.00,2.57,-0.10,-0.01,0.88
2022-06-20,10.50,10.60,10.61,10.46,6912,7442665.00,1.43,0.95,0.10,1.28
2022-06-21,10.81,10.79,11.04,10.63,10839,11990642.00,3.87,1.79,0.19,2.00
2022-06-22,10.94,10.69,10.94,10.63,4941,5407976.00,2.87,-0.93,-0.10,0.91
2022-06-23,10.69,10.71,10.75,10.57,7026,7656846.00,1.68,0.19,0.02,1.30
2022-06-24,10.81,10.70,10.94,10.69,5381,5792201.00,2.33,-0.09,-0.01,0.99
2022-06-27,10.80,10.77,10.97,10.68,6336,6829615.00,2.71,0.65,0.07,1.17
2022-06-28,10.70,11.00,11.01,10.70,6377,6961099.00,2.88,2.14,0.23,1.18
2022-06-29,11.11,10.75,11.11,10.75,5799,6305770.00,3.27,-2.27,-0.25,1.07
2022-06-30,10.92,11.82,12.36,10.83,75107,89682446.00,14.23,9.95,1.07,13.79
2022-07-01,12.20,11.08,12.20,10.90,62573,70354443.00,11.00,-6.26,-0.74,11.49
2022-07-04,10.96,10.67,11.01,10.54,27160,29030224.00,4.24,-3.70,-0.41,4.99
2022-07-05,10.59,10.54,10.79,10.44,14498,15351818.00,3.28,-1.22,-0.13,2.66
2022-07-06,10.46,10.59,10.60,10.42,7297,7678026.00,1.71,0.47,0.05,1.34
2022-07-07,10.48,10.60,10.65,10.42,6042,6401495.00,2.17,0.09,0.01,1.11
2022-07-08,10.65,10.69,10.99,10.65,12098,13109178.00,3.21,0.85,0.09,2.22
2022-07-11,10.70,10.63,10.81,10.51,7915,8431930.00,2.81,-0.56,-0.06,1.45
2022-07-12,10.79,10.58,10.79,10.54,6629,7038087.00,2.35,-0.47,-0.05,1.22
2022-07-13,10.51,10.69,10.75,10.51,6219,6609802.00,2.27,1.04,0.11,1.14
2022-07-14,10.65,10.96,11.05,10.65,11941,13031973.00,3.74,2.53,0.27,2.19
2022-07-15,10.82,11.11,11.28,10.77,17305,19147269.00,4.65,1.37,0.15,3.18
2022-07-18,11.47,11.43,11.49,11.18,17457,19809031.00,2.79,2.88,0.32,3.21
2022-07-19,11.58,11.31,11.58,11.23,12626,14337948.00,3.06,-1.05,-0.12,2.32
2022-07-20,11.51,11.45,11.68,11.31,11561,13275053.00,3.27,1.24,0.14,2.12
2022-07-21,11.63,11.65,11.82,11.46,15396,18045788.00,3.14,1.75,0.20,2.83
2022-07-22,11.75,11.51,11.94,11.43,8629,10013909.00,4.38,-1.20,-0.14,1.58
2022-07-25,11.60,11.30,11.60,11.25,7658,8697534.00,3.04,-1.82,-0.21,1.41
2022-07-26,11.39,11.37,11.40,11.13,4182,4716488.00,2.39,0.62,0.07,0.77
2022-07-27,11.43,11.37,11.44,11.23,4328,4926771.00,1.85,0.00,0.00,0.79
2022-07-28,11.45,11.47,11.54,11.30,6085,6985660.00,2.11,0.88,0.10,1.12
2022-07-29,11.58,11.78,11.92,11.41,13906,16329419.00,4.45,2.70,0.31,2.55
2022-08-01,11.89,11.76,11.89,11.66,6988,8220147.00,1.95,-0.17,-0.02,1.28
2022-08-02,11.77,11.28,11.77,11.10,9490,10797155.00,5.70,-4.08,-0.48,1.74
2022-08-03,11.38,11.10,11.51,11.08,7926,8991970.00,3.81,-1.60,-0.18,1.46
2022-08-04,11.30,11.44,11.58,11.24,6879,7871539.00,3.06,3.06,0.34,1.26
2022-08-05,11.50,11.48,11.52,11.31,7396,8448869.00,1.84,0.35,0.04,1.36
2022-08-08,11.60,11.61,11.66,11.43,8045,9283844.00,2.00,1.13,0.13,1.48
2022-08-09,11.62,11.96,12.10,11.55,19865,23752074.00,4.74,3.01,0.35,3.65
2022-08-10,12.02,12.18,12.30,11.82,15851,19117908.00,4.01,1.84,0.22,2.91
2022-08-11,12.10,12.35,12.89,12.10,18365,23019054.00,6.49,1.40,0.17,3.37
2022-08-12,12.35,12.13,12.66,12.12,14934,18522931.00,4.37,-1.78,-0.22,2.74
2022-08-15,12.42,12.23,12.42,11.95,9083,10998117.00,3.87,0.82,0.10,1.67
2022-08-16,12.23,12.22,12.37,12.22,5600,6872792.00,1.23,-0.08,-0.01,1.03
2022-08-17,12.28,12.50,12.59,12.11,16302,20266957.00,3.93,2.29,0.28,2.99
2022-08-18,12.61,12.77,12.86,12.40,16536,21079647.00,3.68,2.16,0.27,3.04
2022-08-19,12.77,12.44,12.93,12.44,12166,15373112.00,3.84,-2.58,-0.33,2.23
2022-08-22,12.43,12.44,12.68,12.28,10911,13508276.00,3.22,0.00,0.00,2.00
2022-08-23,12.43,12.62,12.65,12.31,11095,13873286.00,2.73,1.45,0.18,2.04
2022-08-24,12.62,12.24,12.75,12.07,13536,16641323.00,5.39,-3.01,-0.38,2.49
2022-08-25,12.24,11.84,12.27,11.71,11911,14187132.00,4.58,-3.27,-0.40,2.19
2022-08-26,11.95,11.62,12.00,11.62,6181,7302257.00,3.21,-1.86,-0.22,1.13
2022-08-29,11.58,12.08,12.13,11.38,11342,13589721.00,6.45,3.96,0.46,2.08
2022-08-30,12.02,12.11,12.40,11.90,11716,14281857.00,4.14,0.25,0.03,2.15
2022-08-31,12.22,11.63,12.22,11.60,13701,16131813.00,5.12,-3.96,-0.48,2.52
2022-09-01,11.63,11.49,11.73,11.42,8019,9243927.00,2.67,-1.20,-0.14,1.47
2022-09-02,11.62,11.88,12.00,11.42,9667,11383935.00,5.05,3.39,0.39,1.78
2022-09-05,11.88,11.86,12.08,11.66,6162,7319528.00,3.54,-0.17,-0.02,1.13
2022-09-06,12.02,11.82,12.06,11.79,5426,6432027.00,2.28,-0.34,-0.04,1.00
2022-09-07,11.88,11.86,12.04,11.85,5869,6999227.00,1.61,0.34,0.04,1.08
2022-09-08,11.96,11.60,12.00,11.58,8005,9383036.00,3.54,-2.19,-0.26,1.47
2022-09-09,11.60,11.27,11.85,11.25,7859,8943092.00,5.17,-2.84,-0.33,1.44
2022-09-13,11.11,11.16,11.33,11.11,5710,6401067.00,1.95,-0.98,-0.11,1.05
2022-09-14,11.08,11.07,11.18,10.90,7448,8221400.00,2.51,-0.81,-0.09,1.37
2022-09-15,11.08,10.67,11.15,10.57,9568,10294082.00,5.24,-3.61,-0.40,1.76
2022-09-16,10.75,10.39,10.77,10.35,6887,7252602.00,3.94,-2.62,-0.28,1.26
2022-09-19,10.48,10.03,10.53,9.96,13242,13418042.00,5.49,-3.46,-0.36,2.43
2022-09-20,10.04,10.20,10.32,10.04,7379,7517400.00,2.79,1.69,0.17,1.36
2022-09-21,10.32,10.31,10.35,10.01,5311,5418193.00,3.33,1.08,0.11,0.98
2022-09-22,10.08,11.93,12.37,10.08,89749,106069611.00,22.21,15.71,1.62,16.48
2022-09-23,11.54,10.85,11.57,10.69,65845,72734327.00,7.38,-9.05,-1.08,12.09
2022-09-26,10.82,10.35,11.05,10.16,36268,37832462.00,8.20,-4.61,-0.50,6.66
2022-09-27,10.19,10.43,10.50,10.11,25693,26487023.00,3.77,0.77,0.08,4.72
2022-09-28,10.41,10.30,10.68,10.24,17381,18156477.00,4.22,-1.25,-0.13,3.19
2022-09-29,10.36,10.46,10.54,10.25,14767,15319546.00,2.82,1.55,0.16,2.71
2022-09-30,10.40,10.12,10.54,10.10,13813,14250118.00,4.21,-3.25,-0.34,2.54
2022-10-10,10.13,9.75,10.26,9.60,11986,11952550.00,6.52,-3.66,-0.37,2.20
2022-10-11,9.83,9.91,9.98,9.70,9665,9502069.00,2.87,1.64,0.16,1.77
2022-10-12,9.72,10.18,10.20,9.71,8248,8217961.00,4.94,2.72,0.27,1.51
2022-10-13,10.18,10.37,10.54,10.18,11375,11847250.00,3.54,1.87,0.19,2.09
2022-10-14,10.55,10.64,10.67,10.30,10155,10724785.00,3.57,2.60,0.27,1.86
2022-10-17,10.60,11.03,11.11,10.51,13544,14748963.00,5.64,3.67,0.39,2.49
2022-10-18,11.11,11.10,11.24,10.99,14617,16255899.00,2.27,0.63,0.07,2.68
2022-10-19,11.13,10.91,11.20,10.80,18203,19945423.00,3.60,-1.71,-0.19,3.34
2022-10-20,10.97,10.82,11.05,10.63,9978,10815943.00,3.85,-0.82,-0.09,1.83
2022-10-21,10.93,10.88,10.96,10.75,8565,9304566.00,1.94,0.55,0.06,1.57
2022-10-24,10.80,10.77,11.03,10.67,10818,11769599.00,3.31,-1.01,-0.11,1.99
2022-10-25,10.71,10.63,10.76,10.48,10827,11495873.00,2.60,-1.30,-0.14,1.99
2022-10-26,10.60,11.00,11.08,10.60,8881,9689184.00,4.52,3.48,0.37,1.63
2022-10-27,11.34,11.25,11.75,11.22,28405,32588611.00,4.82,2.27,0.25,5.22
2022-10-28,11.38,10.95,11.54,10.95,17523,19649578.00,5.24,-2.67,-0.30,3.22
2022-10-31,10.95,11.20,11.47,10.79,19269,21722384.00,6.21,2.28,0.25,3.54
2022-11-01,11.39,11.39,11.40,11.16,13070,14788815.00,2.14,1.70,0.19,2.40
2022-11-02,11.28,11.59,11.63,11.28,14335,16480311.00,3.07,1.76,0.20,2.63
2022-11-03,11.31,11.77,11.86,11.31,16949,19762736.00,4.75,1.55,0.18,3.11
2022-11-04,11.77,11.80,11.98,11.66,10646,12577119.00,2.72,0.25,0.03,1.95
2022-11-07,11.81,11.83,11.98,11.71,12589,14883138.00,2.29,0.25,0.03,2.31
2022-11-08,11.72,11.66,11.79,11.57,7823,9116327.00,1.86,-1.44,-0.17,1.44
2022-11-09,11.70,11.67,11.78,11.62,9448,11038588.00,1.37,0.09,0.01,1.73
2022-11-10,11.79,11.57,11.88,11.55,8608,10034475.00,2.83,-0.86,-0.10,1.58
2022-11-11,11.75,11.61,11.85,11.60,14966,17534068.00,2.16,0.35,0.04,2.75
2022-11-14,11.76,11.45,11.76,11.44,10060,11601350.00,2.76,-1.38,-0.16,1.85
2022-11-15,11.48,11.65,11.65,11.45,9395,10880758.00,1.75,1.75,0.20,1.73
2022-11-16,11.71,11.66,11.77,11.55,6325,7387420.00,1.89,0.09,0.01,1.16
2022-11-17,11.62,12.19,12.31,11.51,22145,26492511.00,6.86,4.55,0.53,4.07
2022-11-18,12.04,11.86,12.25,11.86,13913,16813856.00,3.20,-2.71,-0.33,2.55
2022-11-21,11.93,11.98,12.07,11.86,9594,11494390.00,1.77,1.01,0.12,1.76
2022-11-22,11.93,11.74,12.09,11.69,12321,14619522.00,3.34,-2.00,-0.24,2.26
2022-11-23,11.85,11.57,11.85,11.37,8898,10277291.00,4.09,-1.45,-0.17,1.63
2022-11-24,11.57,11.86,11.96,11.57,9846,11628382.00,3.37,2.51,0.29,1.81
2022-11-25,11.97,11.60,11.99,11.56,9481,11108638.00,3.63,-2.19,-0.26,1.74
2022-11-28,11.49,11.69,11.85,11.41,11381,13340583.00,3.79,0.78,0.09,2.09
2022-11-29,11.87,11.67,11.87,11.56,10385,12099837.00,2.65,-0.17,-0.02,1.91
2022-11-30,11.64,11.58,11.75,11.58,6728,7847651.00,1.46,-0.77,-0.09,1.24
2022-12-01,11.53,11.64,11.85,11.53,10826,12681113.00,2.76,0.52,0.06,1.99
2022-12-02,11.65,11.89,11.96,11.56,10450,12373723.00,3.44,2.15,0.25,1.92
2022-12-05,11.91,11.85,12.03,11.76,11364,13504721.00,2.27,-0.34,-0.04,2.09
2022-12-06,11.90,11.80,11.93,11.74,8388,9926938.00,1.60,-0.42,-0.05,1.54
2022-12-07,11.76,11.56,11.93,11.52,12694,14787850.00,3.47,-2.03,-0.24,2.33
2022-12-08,11.58,11.38,11.68,11.37,9081,10408341.00,2.68,-1.56,-0.18,1.67
2022-12-09,11.51,11.33,11.52,11.30,5674,6449197.00,1.93,-0.44,-0.05,1.04
2022-12-12,11.30,11.44,11.47,11.21,6198,7029276.00,2.29,0.97,0.11,1.14
2022-12-13,11.40,11.24,11.49,11.18,5558,6280335.00,2.71,-1.75,-0.20,1.02
2022-12-14,11.35,11.09,11.40,11.06,6450,7236629.00,3.02,-1.33,-0.15,1.18
2022-12-15,11.08,11.27,11.30,11.01,4694,5271060.00,2.61,1.62,0.18,0.86
2022-12-16,11.15,10.90,11.19,10.86,6471,7124857.00,2.93,-3.28,-0.37,1.19
2022-12-19,10.99,10.71,11.15,10.66,6354,6846940.00,4.50,-1.74,-0.19,1.17
2022-12-20,10.65,10.89,10.93,10.64,5524,5963680.00,2.71,1.68,0.18,1.01
2022-12-21,10.76,10.68,10.89,10.61,6362,6828271.00,2.57,-1.93,-0.21,1.17
2022-12-22,10.70,10.36,10.76,10.33,6906,7265604.00,4.03,-3.00,-0.32,1.27
2022-12-23,10.48,10.47,10.59,10.29,5299,5537474.00,2.90,1.06,0.11,0.97
2022-12-26,10.43,10.65,10.65,10.42,8511,8982102.00,2.20,1.72,0.18,1.56
2022-12-27,10.68,10.76,10.84,10.55,6111,6533916.00,2.72,1.03,0.11,1.12
2022-12-28,10.60,10.63,10.77,10.52,5424,5755284.00,2.32,-1.21,-0.13,1.00
2022-12-29,10.65,10.49,10.77,10.45,5499,5830323.00,3.01,-1.32,-0.14,1.01
2022-12-30,10.58,10.46,10.59,10.41,4450,4661529.00,1.72,-0.29,-0.03,0.82