2020-01-02,15.68,15.82,15.83,15.60,27784,44957309.00,1.48,1.61,0.25,4.51
2020-01-03,15.87,16.00,16.07,15.71,36319,59276751.00,2.28,1.14,0.18,5.90
2020-01-06,15.87,15.91,16.03,15.79,25186,41182657.00,1.50,-0.56,-0.09,4.09
2020-01-07,15.90,16.09,16.16,15.88,20747,34132770.00,1.76,1.13,0.18,3.37
2020-01-08,16.09,15.60,16.09,15.60,29241,47467522.00,3.05,-3.05,-0.49,4.75
2020-01-09,15.70,15.81,15.84,15.66,21668,35042908.00,1.15,1.35,0.21,3.52
2020-01-10,15.83,15.87,16.01,15.78,18844,30727637.00,1.45,0.38,0.06,3.06
2020-01-13,15.87,16.34,16.44,15.79,47860,79667990.00,4.10,2.96,0.47,7.77
2020-01-14,16.39,16.37,16.43,16.19,38060,63686130.00,1.47,0.18,0.03,6.18
2020-01-15,16.35,16.39,16.53,16.17,36817,61819874.00,2.20,0.12,0.02,5.98
2020-01-16,16.40,16.32,16.68,16.27,57736,97349353.00,2.50,-0.43,-0.07,9.38
2020-01-17,16.28,16.08,16.41,16.08,42834,71042223.00,2.02,-1.47,-0.24,6.96
2020-01-20,16.06,16.04,16.06,15.87,25609,41944889.00,1.18,-0.25,-0.04,4.16
2020-01-21,15.98,15.70,16.03,15.70,23623,38448506.00,2.06,-2.12,-0.34,3.84
2020-01-22,15.44,15.68,15.79,15.40,20301,32460093.00,2.48,-0.13,-0.02,3.30
2020-01-23,15.59,15.40,15.78,15.24,24655,39103318.00,3.44,-1.79,-0.28,4.00
2020-02-03,13.82,13.82,13.82,13.82,6251,8901424.00,0.00,-10.26,-1.58,1.02
2020-02-04,12.40,12.93,13.27,12.40,36042,48170853.00,6.30,-6.44,-0.89,5.85
2020-02-05,13.06,13.08,13.37,12.91,23822,32348893.00,3.56,1.16,0.15,3.87
2020-02-06,13.14,13.25,13.34,12.99,25250,34325813.00,2.68,1.30,0.17,4.10
2020-02-07,13.25,13.37,13.38,13.10,25040,34159326.00,2.11,0.91,0.12,4.07
2020-02-10,13.29,13.62,13.71,13.22,25609,35610263.00,3.66,1.87,0.25,4.16
2020-02-11,13.64,13.70,13.96,13.55,25610,36382664.00,3.01,0.59,0.08,4.16
2020-02-12,13.70,13.81,13.89,13.66,17285,24534045.00,1.68,0.80,0.11,2.81
2020-02-13,13.88,13.51,13.88,13.46,26110,36743587.00,3.04,-2.17,-0.30,4.24
2020-02-14,13.46,13.40,13.55,13.20,29289,40300454.00,2.59,-0.81,-0.11,4.76
2020-02-17,13.32,13.74,13.78,13.24,32259,45270536.00,4.03,2.54,0.34,5.24
2020-02-18,13.77,14.04,14.07,13.69,31635,45420971.00,2.77,2.18,0.30,5.14
2020-02-19,13.93,13.97,14.17,13.88,27898,40294563.00,2.07,-0.50,-0.07,4.53
2020-02-20,13.99,14.17,14.18,13.86,33901,49138345.00,2.29,1.43,0.20,5.51
2020-02-21,14.23,14.09,14.27,14.05,34493,50209248.00,1.55,-0.56,-0.08,5.60
2020-02-24,13.97,14.02,14.06,13.86,34476,49588005.00,1.42,-0.50,-0.07,5.60
2020-02-25,13.60,13.60,13.74,13.24,44571,62200837.00,3.57,-3.00,-0.42,7.24
2020-02-26,13.51,13.50,13.76,13.39,30668,43026988.00,2.72,-0.74,-0.10,4.98
2020-02-27,13.51,13.50,13.66,13.41,22646,31559736.00,1.85,0.00,0.00,3.68
2020-02-28,13.08,12.36,13.32,12.36,46026,60901282.00,7.11,-8.44,-1.14,7.47
2020-03-02,12.48,13.00,13.02,12.48,27547,36487162.00,4.37,5.18,0.64,4.47
2020-03-03,13.21,13.00,13.34,12.88,30068,40708607.00,3.54,0.00,0.00,4.88
2020-03-04,13.08,13.83,13.97,13.08,71924,101345121.00,6.85,6.38,0.83,11.68
2020-03-05,13.88,13.86,13.98,13.61,57078,81250370.00,2.68,0.22,0.03,9.27
2020-03-06,13.66,13.69,13.77,13.59,36452,51466551.00,1.30,-1.23,-0.17,5.92
2020-03-09,13.59,13.26,13.80,13.26,32033,44454379.00,3.94,-3.14,-0.43,5.20
2020-03-10,12.96,13.41,13.43,12.73,33035,44767492.00,5.28,1.13,0.15,5.36
2020-03-11,13.42,13.20,13.50,13.20,24241,33403117.00,2.24,-1.57,-0.21,3.94
2020-03-12,13.06,12.86,13.06,12.78,21838,29083773.00,2.12,-2.58,-0.34,3.55
2020-03-13,12.35,12.56,12.67,12.15,26005,33263820.00,4.04,-2.33,-0.30,4.22
2020-03-16,12.68,12.12,12.76,11.97,21289,27389726.00,6.29,-3.50,-0.44,3.46
2020-03-17,12.13,12.02,12.31,11.62,16530,20488000.00,5.69,-0.83,-0.10,2.68
2020-03-18,12.11,11.79,12.27,11.77,15884,19781382.00,4.16,-1.91,-0.23,2.58
2020-03-19,11.79,11.88,11.93,11.64,14492,17703257.00,2.46,0.76,0.09,2.35
2020-03-20,11.92,12.09,12.10,11.83,16779,20783135.00,2.27,1.77,0.21,2.72
2020-03-23,11.77,11.79,12.06,11.68,16221,19863621.00,3.14,-2.48,-0.30,2.63
2020-03-24,11.97,12.09,12.11,11.82,14362,17805802.00,2.46,2.54,0.30,2.33
2020-03-25,12.25,13.19,13.34,12.23,81951,109818137.00,9.18,9.10,1.10,13.31
2020-03-26,12.88,13.03,13.22,12.79,63305,85262436.00,3.26,-1.21,-0.16,10.28
2020-03-27,13.03,12.74,13.15,12.72,30337,40488731.00,3.30,-2.23,-0.29,4.93
2020-03-30,12.55,12.77,13.05,12.16,30066,39329923.00,6.99,0.24,0.03,4.88
2020-03-31,12.88,14.09,14.09,12.88,96132,136236007.00,9.48,10.34,1.32,15.61
2020-04-01,14.33,14.75,15.07,13.78,192395,283960176.00,9.16,4.68,0.66,31.24
2020-04-02,14.38,14.04,14.98,13.78,160995,238818653.00,8.14,-4.81,-0.71,26.14
2020-04-03,13.83,13.44,13.84,13.35,93616,130840919.00,3.49,-4.27,-0.60,15.20
2020-04-07,13.58,13.95,14.06,13.33,105882,148694389.00,5.43,3.79,0.51,17.19
2020-04-08,13.68,13.48,13.68,13.34,70743,98341942.00,2.44,-3.37,-0.47,11.49
2020-04-09,13.48,13.37,13.56,13.35,47212,65497153.00,1.56,-0.82,-0.11,7.67
2020-04-10,13.43,13.26,13.57,13.04,51376,70366372.00,3.96,-0.82,-0.11,8.34
2020-04-13,13.17,13.28,13.34,13.08,25328,34619906.00,1.96,0.15,0.02,4.11
2020-04-14,13.36,13.32,13.36,13.15,27157,37100378.00,1.58,0.30,0.04,4.41
2020-04-15,13.28,12.95,13.28,12.94,33724,45611249.00,2.55,-2.78,-0.37,5.48
2020-04-16,12.90,12.57,12.90,12.48,36763,47944651.00,3.24,-2.93,-0.38,5.97
2020-04-17,12.57,12.40,12.65,12.37,27062,35017982.00,2.23,-1.35,-0.17,4.39
2020-04-20,12.40,12.59,12.63,12.38,18182,23552273.00,2.02,1.53,0.19,2.95
2020-04-21,12.47,12.44,12.58,12.27,18198,23302870.00,2.46,-1.19,-0.15,2.96
2020-04-22,12.38,12.53,12.55,12.29,14999,19337183.00,2.09,0.72,0.09,2.44
2020-04-23,12.56,12.56,12.64,12.47,19459,25267755.00,1.36,0.24,0.03,3.16
2020-04-24,12.50,12.17,12.55,12.15,19476,24725288.00,3.18,-3.11,-0.39,3.16
2020-04-27,12.15,12.08,12.24,12.07,10891,13691412.00,1.40,-0.74,-0.09,1.77
2020-04-28,12.03,11.48,12.11,10.96,24642,29542791.00,9.52,-4.97,-0.60,4.00
2020-04-29,11.53,11.37,11.62,11.30,14629,17327787.00,2.79,-0.96,-0.11,2.38
2020-04-30,11.38,11.65,11.72,11.38,15059,18017442.00,2.99,2.46,0.28,2.45
2020-05-06,11.53,12.86,12.86,11.39,56067,72236318.00,12.62,10.39,1.21,9.10
2020-05-07,12.89,12.77,13.22,12.70,87097,116632800.00,4.04,-0.70,-0.09,14.14
2020-05-08,12.73,13.83,13.84,12.60,125275,171372683.00,9.71,8.30,1.06,20.34
2020-05-11,13.85,13.40,14.16,13.30,146778,208537116.00,6.22,-3.11,-0.43,23.83
2020-05-12,13.28,12.82,13.30,12.67,97739,130491688.00,4.70,-4.33,-0.58,15.87
2020-05-13,12.81,12.50,12.88,12.42,56058,72940746.00,3.59,-2.50,-0.32,9.10
2020-05-14,12.33,12.33,12.52,12.33,25901,33183273.00,1.52,-1.36,-0.17,4.21
2020-05-15,12.45,12.49,12.73,12.29,49785,64666290.00,3.57,1.30,0.16,8.08
2020-05-18,12.39,12.63,13.05,12.33,49316,64660459.00,5.76,1.12,0.14,8.01
2020-05-19,12.63,13.08,13.15,12.58,68337,91332578.00,4.51,3.56,0.45,11.10
2020-05-20,12.99,12.84,13.04,12.64,34915,46123620.00,3.06,-1.83,-0.24,5.67
2020-05-21,12.84,12.43,12.87,12.36,33186,43122738.00,3.97,-3.19,-0.41,5.39
2020-05-22,12.42,12.50,12.97,12.30,54748,71563681.00,5.39,0.56,0.07,8.89
2020-05-25,12.44,12.61,12.78,12.34,39703,51573894.00,3.52,0.88,0.11,6.45
2020-05-26,12.53,12.71,12.73,12.44,36862,48043842.00,2.30,0.79,0.10,5.99
2020-05-27,12.67,12.57,12.68,12.48,18468,24008830.00,1.57,-1.10,-0.14,3.00
2020-05-28,12.58,12.30,12.77,12.18,25240,32489600.00,4.69,-2.15,-0.27,4.10
2020-05-29,12.27,12.51,12.65,11.58,34630,44722589.00,8.70,1.71,0.21,5.62
2020-06-01,12.55,12.67,12.72,12.51,32077,41866672.00,1.68,1.28,0.16,5.21
2020-06-02,12.68,12.97,13.07,12.58,45609,60454075.00,3.87,2.37,0.30,7.41
2020-06-03,12.94,13.86,13.92,12.80,111215,153223230.00,8.64,6.86,0.89,18.06
2020-06-04,13.59,13.24,13.67,13.14,76474,104985771.00,3.82,-4.47,-0.62,12.42
2020-06-05,13.19,13.27,13.43,13.13,35503,48590274.00,2.27,0.23,0.03,5.77
2020-06-08,13.27,13.24,13.50,13.11,49521,68049145.00,2.94,-0.23,-0.03,8.04
2020-06-09,13.30,13.43,13.65,13.16,75961,105328945.00,3.70,1.44,0.19,12.33
2020-06-10,13.34,13.24,13.41,13.10,31490,42863754.00,2.31,-1.41,-0.19,5.11
2020-06-11,13.15,13.63,14.02,13.08,125728,176925090.00,7.10,2.95,0.39,20.42
2020-06-12,13.37,13.42,13.83,13.24,101118,140908993.00,4.33,-1.54,-0.21,16.42
2020-06-15,13.49,13.84,14.34,13.26,116162,165909434.00,8.05,3.13,0.42,18.86
2020-06-16,13.84,14.14,14.21,13.61,104576,150517241.00,4.34,2.17,0.30,16.98
2020-06-17,14.13,13.73,14.14,13.61,64762,91907038.00,3.75,-2.90,-0.41,10.52
2020-06-18,13.68,13.67,13.86,13.45,48367,68216402.00,2.99,-0.44,-0.06,7.85
2020-06-19,13.60,13.91,14.00,13.58,63982,90684231.00,3.07,1.76,0.24,10.39
2020-06-22,13.94,13.64,13.98,13.61,68570,96434719.00,2.66,-1.94,-0.27,11.13
2020-06-23,13.62,13.74,13.91,13.48,66553,92721114.00,3.15,0.73,0.10,10.81
2020-06-24,13.76,13.81,14.03,13.67,67929,95716114.00,2.62,0.51,0.07,11.03
2020-06-29,13.75,13.95,13.98,13.37,73295,102644721.00,4.42,1.01,0.14,11.90
2020-06-30,13.95,13.61,14.03,13.52,62732,87356755.00,3.66,-2.44,-0.34,10.19
2020-07-01,13.49,13.05,13.60,13.02,66204,89026155.00,4.26,-4.11,-0.56,10.75
2020-07-02,13.08,13.17,13.22,12.84,34476,45750445.00,2.91,0.92,0.12,5.60
2020-07-03,13.17,13.19,13.31,13.08,29175,39100662.00,1.75,0.15,0.02,4.74
2020-07-06,13.23,13.65,13.65,13.23,50140,68839787.00,3.18,3.49,0.46,8.14
2020-07-07,13.81,13.60,13.83,13.49,62141,86499751.00,2.49,-0.37,-0.05,10.09
2020-07-08,13.58,13.99,13.99,13.48,65041,90803883.00,3.75,2.87,0.39,10.56
2020-07-09,13.99,14.30,14.31,13.86,80326,114837367.00,3.22,2.22,0.31,13.04
2020-07-10,14.27,13.83,14.27,13.80,58363,83143921.00,3.29,-3.29,-0.47,9.48
2020-07-13,13.92,14.50,14.54,13.84,77751,112621071.00,5.06,4.84,0.67,12.63
2020-07-14,14.42,14.36,14.63,13.89,65570,95085294.00,5.10,-0.97,-0.14,10.65
2020-07-15,14.33,13.93,14.47,13.88,45512,65337758.00,4.11,-2.99,-0.43,7.39
2020-07-16,14.08,13.41,14.15,13.33,45756,64047429.00,5.89,-3.73,-0.52,7.43
2020-07-17,13.43,13.42,13.65,13.18,28473,38772024.00,3.50,0.07,0.01,4.62
2020-07-20,13.47,13.98,13.98,13.46,38888,54487772.00,3.87,4.17,0.56,6.31
2020-07-21,13.93,14.10,14.11,13.86,36764,52283718.00,1.79,0.86,0.12,5.97
2020-07-22,14.10,13.84,14.16,13.79,33529,47561949.00,2.62,-1.84,-0.26,5.44
2020-07-23,13.77,13.66,13.77,13.30,34457,47411453.00,3.40,-1.30,-0.18,5.60
2020-07-24,13.58,12.97,13.76,12.97,37120,50235530.00,5.78,-5.05,-0.69,6.03
2020-07-27,12.98,12.93,13.12,12.73,23530,30757094.00,3.01,-0.31,-0.04,3.82
2020-07-28,12.98,13.08,13.14,12.93,18777,24874227.00,1.62,1.16,0.15,3.05
2020-07-29,13.01,13.28,13.32,12.79,22294,29747582.00,4.05,1.53,0.20,3.62
2020-07-30,13.38,13.45,13.66,13.33,28995,39744328.00,2.48,1.28,0.17,4.71
2020-07-31,13.36,13.52,13.57,13.26,25448,34770821.00,2.30,0.52,0.07,4.13
2020-08-03,13.52,13.84,13.94,13.52,34457,48173385.00,3.11,2.37,0.32,5.60
2020-08-04,13.79,13.69,13.88,13.63,23653,32970716.00,1.81,-1.08,-0.15,3.84
2020-08-05,13.69,13.90,13.95,13.57,30141,42301696.00,2.78,1.53,0.21,4.89
2020-08-06,13.92,13.70,13.92,13.58,23421,32695847.00,2.45,-1.44,-0.20,3.80
2020-08-07,13.58,13.48,13.73,13.34,27099,37210628.00,2.85,-1.61,-0.22,4.40
2020-08-10,13.59,14.00,14.20,13.43,54852,77776751.00,5.71,3.86,0.52,8.91
2020-08-11,14.01,13.66,14.07,13.63,30357,42689045.00,3.14,-2.43,-0.34,4.93
2020-08-12,13.68,13.50,13.73,13.16,27866,37895790.00,4.17,-1.17,-0.16,4.52
2020-08-13,13.48,13.57,13.75,13.47,19950,27588230.00,2.07,0.52,0.07,3.24
2020-08-14,13.67,13.64,13.67,13.33,16666,22852699.00,2.51,0.52,0.07,2.71
2020-08-17,13.67,13.88,13.95,13.61,24907,34996596.00,2.49,1.76,0.24,4.04
2020-08-18,13.88,13.88,14.01,13.80,23058,32538462.00,1.51,0.00,0.00,3.74
2020-08-19,13.94,13.82,14.01,13.73,28052,39610934.00,2.02,-0.43,-0.06,4.56
2020-08-20,13.70,13.66,13.81,13.53,21880,30362201.00,2.03,-1.16,-0.16,3.55
2020-08-21,13.68,13.97,14.00,13.68,30718,43306765.00,2.34,2.27,0.31,4.99
2020-08-24,13.88,14.09,14.14,13.75,44099,62630622.00,2.79,0.86,0.12,7.16
2020-08-25,14.10,14.31,14.51,13.90,73149,105900656.00,4.33,1.56,0.22,11.88
2020-08-26,14.28,14.35,14.56,14.08,60508,87851206.00,3.35,0.28,0.04,9.83
2020-08-27,14.23,14.59,15.03,14.01,119752,177807027.00,7.11,1.67,0.24,19.45
2020-08-28,14.64,13.58,15.96,13.39,138740,198588261.00,17.61,-6.92,-1.01,22.53
2020-08-31,13.43,13.41,13.59,13.03,61293,83008817.00,4.12,-1.25,-0.17,9.95
2020-09-01,13.28,13.38,13.51,13.23,30055,40808764.00,2.09,-0.22,-0.03,4.88
2020-09-02,13.38,13.41,13.69,13.38,31570,43355688.00,2.32,0.22,0.03,5.13
2020-09-03,13.36,13.44,13.46,13.21,28113,38003687.00,1.86,0.22,0.03,4.57
2020-09-04,13.26,13.55,13.61,13.19,24010,32838323.00,3.13,0.82,0.11,3.90
2020-09-07,13.55,13.89,14.19,13.44,74512,105139712.00,5.54,2.51,0.34,12.10
2020-09-08,13.90,13.92,14.06,13.63,34585,48553215.00,3.10,0.22,0.03,5.62
2020-09-09,13.90,13.75,14.23,13.73,53778,76361618.00,3.59,-1.22,-0.17,8.73
2020-09-10,13.79,13.35,13.89,13.34,37168,50951288.00,4.00,-2.91,-0.40,6.04
2020-09-11,13.24,13.55,13.62,13.24,14397,19691998.00,2.85,1.50,0.20,2.34
2020-09-14,13.55,13.57,13.74,13.42,15058,20742108.00,2.36,0.15,0.02,2.45
2020-09-15,13.54,13.34,13.54,13.26,15679,21266504.00,2.06,-1.69,-0.23,2.55
2020-09-16,13.34,13.34,13.38,13.10,14077,18909288.00,2.10,0.00,0.00,2.29
2020-09-17,13.37,13.37,13.42,13.23,10414,14104557.00,1.42,0.22,0.03,1.69
2020-09-18,13.33,13.35,13.40,13.20,13375,18123452.00,1.50,-0.15,-0.02,2.17
2020-09-21,13.42,13.43,13.47,13.28,10735,14591484.00,1.42,0.60,0.08,1.74
2020-09-22,13.38,13.34,13.64,13.19,15804,21544013.00,3.35,-0.67,-0.09,2.57
2020-09-23,13.31,13.36,13.42,13.22,12594,17034440.00,1.50,0.15,0.02,2.05
2020-09-24,13.26,12.83,13.35,12.79,18810,24885939.00,4.19,-3.97,-0.53,3.05
2020-09-25,12.87,12.70,12.92,12.57,13910,18010151.00,2.73,-1.01,-0.13,2.26
2020-09-28,12.54,11.88,12.77,11.88,31108,38537506.00,7.01,-6.46,-0.82,5.05
2020-09-29,11.88,11.78,12.02,11.62,18259,21933508.00,3.37,-0.84,-0.10,2.96
2020-09-30,11.84,11.80,11.86,11.68,8071,9691139.00,1.53,0.17,0.02,1.31
2020-10-09,11.96,12.19,12.32,11.93,15178,18772376.00,3.31,3.31,0.39,2.46
2020-10-12,12.21,12.45,12.52,12.19,16501,20822645.00,2.71,2.13,0.26,2.68
2020-10-13,12.45,12.37,12.51,12.27,12540,15754205.00,1.93,-0.64,-0.08,2.04
2020-10-14,12.38,12.15,12.38,12.08,14488,17962763.00,2.43,-1.78,-0.22,2.35
2020-10-15,12.19,12.92,13.16,12.07,47812,61810241.00,8.97,6.34,0.77,7.76
2020-10-16,13.02,12.56,13.05,12.49,34610,44608344.00,4.33,-2.79,-0.36,5.62
2020-10-19,12.55,12.62,12.78,12.44,22427,28753848.00,2.71,0.48,0.06,3.64
2020-10-20,12.56,12.50,12.61,12.40,17185,21813476.00,1.66,-0.95,-0.12,2.79
2020-10-21,12.50,12.22,12.50,12.18,14790,18480003.00,2.56,-2.24,-0.28,2.40
2020-10-22,12.23,12.24,12.38,11.99,13416,16676228.00,3.19,0.16,0.02,2.18
2020-10-23,12.24,12.08,12.31,12.03,8085,10006247.00,2.29,-1.31,-0.16,1.31
2020-10-26,12.08,12.07,12.14,11.88,8331,10220502.00,2.15,-0.08,-0.01,1.35
2020-10-27,11.96,12.07,12.12,11.95,7549,9250071.00,1.41,0.00,0.00,1.23
2020-10-28,12.07,12.01,12.07,11.87,8383,10224660.00,1.66,-0.50,-0.06,1.36
2020-10-29,12.06,12.15,12.30,11.87,15335,18881573.00,3.58,1.17,0.14,2.49
2020-10-30,12.24,11.78,12.24,11.73,14031,17049947.00,4.20,-3.05,-0.37,2.28
2020-11-02,11.73,11.75,11.87,11.67,7615,9130384.00,1.70,-0.25,-0.03,1.24
2020-11-03,11.76,11.94,11.98,11.76,7613,9221694.00,1.87,1.62,0.19,1.24
2020-11-04,11.89,11.90,11.98,11.79,7014,8487434.00,1.59,-0.34,-0.04,1.14
2020-11-05,11.98,12.03,12.05,11.90,8849,10811084.00,1.26,1.09,0.13,1.44
2020-11-06,12.05,11.84,12.13,11.77,12928,15630374.00,2.99,-1.58,-0.19,2.10
2020-11-09,11.88,12.11,12.16,11.86,15724,19307173.00,2.53,2.28,0.27,2.55
2020-11-10,12.18,12.18,12.24,12.06,11969,14802772.00,1.49,0.58,0.07,1.94
2020-11-11,12.21,12.16,12.40,12.05,13618,16963961.00,2.87,-0.16,-0.02,2.21
2020-11-12,12.18,12.05,12.22,11.96,9819,12076700.00,2.14,-0.90,-0.11,1.59
2020-11-13,12.02,12.09,12.17,11.98,6998,8610605.00,1.58,0.33,0.04,1.14
2020-11-16,12.24,12.32,12.35,12.14,16127,20144207.00,1.74,1.90,0.23,2.62
2020-11-17,12.26,12.22,12.31,12.14,10626,13211395.00,1.38,-0.81,-0.10,1.73
2020-11-18,12.25,12.42,12.50,12.18,19429,24491154.00,2.62,1.64,0.20,3.15
2020-11-19,12.47,12.46,12.47,12.29,11608,14640861.00,1.45,0.32,0.04,1.88
2020-11-20,12.46,12.33,12.46,12.30,10144,12745543.00,1.28,-1.04,-0.13,1.65
2020-11-23,12.44,12.52,12.95,12.38,37462,48210240.00,4.62,1.54,0.19,6.08
2020-11-24,12.44,12.28,12.51,12.20,26270,32998808.00,2.48,-1.92,-0.24,4.27
2020-11-25,12.29,12.50,13.03,12.21,43768,56337484.00,6.68,1.79,0.22,7.11
2020-11-26,12.39,13.77,13.77,12.39,99931,136444211.00,11.04,10.16,1.27,16.23
2020-11-27,13.67,13.24,13.95,13.05,105144,142575778.00,6.54,-3.85,-0.53,17.07
2020-11-30,13.18,13.10,13.24,12.81,60904,80756840.00,3.25,-1.06,-0.14,9.89
2020-12-01,13.10,13.04,13.12,12.86,39647,52458367.00,1.98,-0.46,-0.06,6.44
2020-12-02,13.05,13.16,13.34,12.91,49864,66677163.00,3.30,0.92,0.12,8.10
2020-12-03,13.03,12.77,13.03,12.72,37421,48857798.00,2.36,-2.96,-0.39,6.08
2020-12-04,12.69,12.91,12.95,12.68,19194,25080588.00,2.11,1.10,0.14,3.12
2020-12-07,12.96,12.74,13.03,12.74,15029,19627229.00,2.25,-1.32,-0.17,2.44
2020-12-08,12.73,12.83,12.93,12.68,13232,17231772.00,1.96,0.71,0.09,2.15
2020-12-09,12.78,12.40,12.87,12.39,19540,24991032.00,3.74,-3.35,-0.43,3.17
2020-12-10,12.29,12.25,12.48,12.14,17160,21475592.00,2.74,-1.21,-0.15,2.79
2020-12-11,12.25,11.95,12.26,11.78,17128,20850286.00,3.92,-2.45,-0.30,2.78
2020-12-14,11.87,11.93,12.01,11.86,9454,11480102.00,1.26,-0.17,-0.02,1.54
2020-12-15,11.91,12.02,12.04,11.83,8571,10438499.00,1.76,0.75,0.09,1.39
2020-12-16,12.01,11.75,12.01,11.74,10920,13176440.00,2.25,-2.25,-0.27,1.77
2020-12-17,11.78,11.93,12.00,11.65,13844,16652252.00,2.98,1.53,0.18,2.25
2020-12-18,11.88,11.94,12.07,11.85,6693,8139776.00,1.84,0.08,0.01,1.09
2020-12-21,11.92,11.89,11.93,11.75,7844,9474680.00,1.51,-0.42,-0.05,1.27
2020-12-22,11.88,11.77,11.97,11.71,11838,14248699.00,2.19,-1.01,-0.12,1.92
2020-12-23,11.78,11.43,11.78,11.29,19249,22611085.00,4.16,-2.89,-0.34,3.13
2020-12-24,11.43,11.05,11.44,11.04,16746,19072011.00,3.50,-3.32,-0.38,2.72
2020-12-25,11.00,11.25,11.33,10.98,9563,10910941.00,3.17,1.81,0.20,1.55
2020-12-28,11.12,11.01,11.23,10.97,7715,8699831.00,2.31,-2.13,-0.24,1.25
2020-12-29,11.08,11.02,11.13,10.90,6071,6834848.00,2.09,0.09,0.01,0.99
2020-12-30,10.96,10.99,11.09,10.96,7837,8815986.00,1.18,-0.27,-0.03,1.27
2020-12-31,11.05,11.13,11.27,11.04,6223,7066966.00,2.09,1.27,0.14,1.01