2016-01-04,14.49,13.21,14.49,13.21,35958,151568499.00,8.69,-10.32,-1.52,1.74
2016-01-05,11.85,12.80,13.45,11.85,84536,331583232.00,12.11,-3.10,-0.41,4.10
2016-01-06,12.90,12.75,13.00,12.00,33762,131784550.00,7.81,-0.39,-0.05,1.64
2016-01-07,12.43,11.44,12.43,11.43,9415,34050613.00,7.84,-10.27,-1.31,0.46
2016-01-08,11.62,11.37,11.90,10.40,31122,109335419.00,13.11,-0.61,-0.07,1.51
2016-01-11,10.99,10.19,11.35,10.19,43223,141105060.00,10.20,-10.38,-1.18,2.10
2016-01-12,10.19,10.06,10.52,9.40,31836,100257135.00,10.99,-1.28,-0.13,1.54
2016-01-13,10.23,9.44,10.26,9.42,21182,65855903.00,8.35,-6.16,-0.62,1.03
2016-01-14,8.90,10.16,10.43,8.90,24690,76217059.00,16.21,7.63,0.72,1.20
2016-01-15,10.03,9.58,10.15,9.56,32538,99828080.00,5.81,-5.71,-0.58,1.58
2016-01-18,9.30,10.13,10.55,9.19,21296,66780358.00,14.20,5.74,0.55,1.03
2016-01-19,10.13,10.73,11.06,10.00,24853,81693653.00,10.46,5.92,0.60,1.21
2016-01-20,10.56,10.53,10.96,10.23,22717,75360796.00,6.80,-1.86,-0.20,1.10
2016-01-21,10.26,9.90,10.63,9.88,28417,91456645.00,7.12,-5.98,-0.63,1.38
2016-01-22,9.99,9.86,10.13,9.40,31255,95442306.00,7.37,-0.40,-0.04,1.52
2016-01-25,9.96,9.86,10.05,9.76,16654,51513466.00,2.94,0.00,0.00,0.81
2016-01-26,9.73,8.86,10.23,8.83,29396,87357385.00,14.20,-10.14,-1.00,1.43
2016-01-27,8.86,8.88,9.04,8.40,21160,57927878.00,7.22,0.23,0.02,1.03
2016-01-28,8.86,8.93,9.42,8.75,25687,73815455.00,7.55,0.56,0.05,1.25
2016-01-29,9.02,9.20,9.62,8.90,20574,60150814.00,8.06,3.02,0.27,1.00
2016-02-01,9.15,9.03,9.20,8.90,15410,43772161.00,3.26,-1.85,-0.17,0.75
2016-02-02,8.99,9.57,9.65,8.99,17132,51063510.00,7.31,5.98,0.54,0.83
2016-02-03,9.43,9.73,9.77,9.32,14754,43969842.00,4.70,1.67,0.16,0.72
2016-02-04,9.66,10.11,10.13,9.60,21342,66703179.00,5.45,3.91,0.38,1.04
2016-02-05,10.06,10.06,10.46,9.77,15522,49420587.00,6.82,-0.49,-0.05,0.75
2016-02-15,9.56,10.89,11.10,9.40,22245,72555904.00,16.90,8.25,0.83,1.08
2016-02-16,11.10,11.34,11.42,10.86,27427,95733450.00,5.14,4.13,0.45,1.33
2016-02-17,11.38,11.30,11.66,11.03,19696,69606049.00,5.56,-0.35,-0.04,0.96
2016-02-18,11.38,10.93,11.52,10.91,23704,82699757.00,5.40,-3.27,-0.37,1.15
2016-02-19,10.96,10.88,11.06,10.56,23754,79599132.00,4.57,-0.46,-0.05,1.15
2016-02-22,10.98,11.26,11.32,10.78,23819,82128009.00,4.96,3.49,0.38,1.16
2016-02-23,11.21,11.10,11.25,10.94,14887,51392985.00,2.75,-1.42,-0.16,0.72
2016-02-24,10.97,10.72,11.14,10.30,25466,84303863.00,7.57,-3.42,-0.38,1.24
2016-02-25,10.57,9.61,10.67,9.61,24515,76494327.00,9.89,-10.35,-1.11,1.19
2016-02-26,9.69,9.80,10.03,9.42,17888,54382653.00,6.35,1.98,0.19,0.87
2016-02-29,9.80,8.78,9.80,8.77,24942,70467262.00,10.51,-10.41,-1.02,1.21
2016-03-01,8.78,9.48,9.56,8.10,38647,107412055.00,16.63,7.97,0.70,1.87
2016-03-02,9.29,9.66,9.73,9.29,34155,102406455.00,4.64,1.90,0.18,1.66
2016-03-03,9.62,9.36,9.72,9.35,26050,77951574.00,3.83,-3.11,-0.30,1.26
2016-03-04,9.23,8.67,9.33,8.56,38807,108516097.00,8.23,-7.37,-0.69,1.88
2016-03-07,8.70,8.75,9.02,8.66,17225,47900899.00,4.15,0.92,0.08,0.84
2016-03-08,8.73,9.23,9.37,8.23,38947,110045187.00,13.03,5.49,0.48,1.89
2016-03-09,9.03,9.16,9.38,8.91,19325,55610153.00,5.09,-0.76,-0.07,0.94
2016-03-10,9.13,8.95,9.30,8.93,9939,28483175.00,4.04,-2.29,-0.21,0.48
2016-03-11,8.95,8.85,9.03,8.80,14675,41012637.00,2.57,-1.12,-0.10,0.71
2016-03-14,9.00,9.40,9.43,8.96,27897,81291475.00,5.31,6.21,0.55,1.35
2016-03-15,9.33,9.50,9.67,9.33,20777,62338641.00,3.62,1.06,0.10,1.01
2016-03-16,9.71,9.12,9.76,8.93,26873,77538952.00,8.74,-4.00,-0.38,1.30
2016-03-17,8.94,9.42,9.55,8.94,22486,65853711.00,6.69,3.29,0.30,1.09
2016-03-18,9.53,10.40,10.40,9.40,79198,254290689.00,10.62,10.40,0.98,3.84
2016-03-21,10.46,10.72,11.10,10.40,59239,197519675.00,6.73,3.08,0.32,2.87
2016-03-22,10.57,10.84,10.93,10.47,35067,117995892.00,4.29,1.12,0.12,1.70
2016-03-23,10.70,10.73,10.84,10.46,16916,56214662.00,3.51,-1.01,-0.11,0.82
2016-03-24,10.56,10.54,10.76,10.44,16234,53830494.00,2.98,-1.77,-0.19,0.79
2016-03-25,10.49,10.57,10.70,10.32,23448,77406114.00,3.61,0.28,0.03,1.14
2016-03-28,10.57,10.23,10.66,10.06,45941,149336861.00,5.68,-3.22,-0.34,2.23
2016-03-29,10.23,9.93,10.23,9.80,24742,76943634.00,4.20,-2.93,-0.30,1.20
2016-05-16,9.90,10.76,10.97,9.43,80105,263622630.00,15.51,8.36,0.83,3.89
2016-05-17,10.97,10.93,11.30,10.77,66967,229898999.00,4.93,1.58,0.17,3.25
2016-05-18,10.73,10.00,10.73,9.81,38573,123250539.00,8.42,-8.51,-0.93,1.87
2016-05-19,9.73,9.89,10.23,9.70,23119,72384731.00,5.30,-1.10,-0.11,1.12
2016-05-20,10.00,10.60,10.65,9.43,46461,146797284.00,12.34,7.18,0.71,2.25
2016-05-23,10.51,10.72,10.76,10.24,58434,191287970.00,4.91,1.13,0.12,2.83
2016-05-24,10.57,10.60,10.73,10.40,35815,118167610.00,3.08,-1.12,-0.12,1.74
2016-05-25,10.68,10.26,10.72,10.26,26185,85823649.00,4.34,-3.21,-0.34,1.27
2016-05-26,10.13,10.14,10.22,9.83,22843,71615706.00,3.80,-1.17,-0.12,1.11
2016-05-27,10.14,10.05,10.32,10.03,13964,44408357.00,2.86,-0.89,-0.09,0.68
2016-05-30,9.95,9.83,9.96,9.56,14143,43365180.00,3.98,-2.19,-0.22,0.69
2016-05-31,9.80,10.26,10.38,9.80,23338,74075195.00,5.90,4.37,0.43,1.13
2016-06-01,10.31,10.68,10.79,10.26,35691,118809315.00,5.17,4.09,0.42,1.73
2016-06-02,10.65,11.14,11.23,10.54,57713,196535136.00,6.46,4.31,0.46,2.80
2016-06-03,12.06,11.58,12.29,11.25,82078,299502576.00,9.34,3.95,0.44,3.98
2016-06-06,11.49,11.23,12.10,11.18,69578,250370711.00,7.94,-3.02,-0.35,3.37
2016-06-07,11.17,11.60,11.60,10.79,68890,238523753.00,7.21,3.29,0.37,3.34
2016-06-08,11.49,11.38,11.93,11.36,48366,175028629.00,4.91,-1.90,-0.22,2.35
2016-06-13,10.94,10.56,11.35,10.56,43103,148173258.00,6.94,-7.21,-0.82,2.09
2016-06-14,10.62,10.98,11.16,10.62,45170,153841923.00,5.11,3.98,0.42,2.19
2016-06-15,10.76,11.76,11.78,10.76,41824,149687553.00,9.29,7.10,0.78,2.03
2016-06-16,11.81,12.04,12.15,11.57,46856,172891841.00,4.93,2.38,0.28,2.27
2016-06-17,11.98,12.54,13.29,11.96,70532,279973664.00,11.05,4.15,0.50,3.42
2016-06-20,13.43,13.83,13.83,13.43,114361,487864208.00,3.19,10.29,1.29,5.55
2016-06-21,13.76,12.93,13.86,12.76,73345,303181504.00,7.95,-6.51,-0.90,3.56
2016-06-22,13.08,13.21,13.40,12.68,45618,183905577.00,5.57,2.17,0.28,2.21
2016-06-23,13.43,12.50,13.43,12.43,39819,158611509.00,7.57,-5.37,-0.71,1.93
2016-06-24,12.48,12.67,12.93,11.96,44566,173976671.00,7.76,1.36,0.17,2.16
2016-06-27,12.70,13.03,13.25,12.68,37912,151708371.00,4.50,2.84,0.36,1.84
2016-06-28,13.16,12.82,13.16,12.48,44209,174874596.00,5.22,-1.61,-0.21,2.14
2016-06-29,12.64,12.80,12.81,12.43,44393,173091439.00,2.96,-0.16,-0.02,2.15
2016-06-30,12.79,12.89,12.93,12.44,36825,144408475.00,3.83,0.70,0.09,1.79
2016-07-01,12.83,12.63,12.88,12.53,33377,131400436.00,2.72,-2.02,-0.26,1.62
2016-07-04,12.51,12.64,12.75,12.33,34584,134319631.00,3.33,0.08,0.01,1.68
2016-07-05,12.66,12.93,13.09,12.52,55208,218836690.00,4.51,2.29,0.29,2.68
2016-07-06,12.92,12.48,12.93,12.36,75753,295580592.00,4.41,-3.48,-0.45,3.67
2016-07-07,12.50,12.41,12.66,11.89,65464,247523782.00,6.17,-0.56,-0.07,3.17
2016-07-08,12.23,12.30,12.52,12.23,28056,107324869.00,2.34,-0.89,-0.11,1.36
2016-07-11,12.30,12.21,12.40,12.03,24987,94668384.00,3.01,-0.73,-0.09,1.21
2016-07-12,12.22,12.31,12.39,12.05,21367,81012472.00,2.78,0.82,0.10,1.04
2016-07-13,12.42,12.38,12.42,12.29,18156,69534842.00,1.06,0.57,0.07,0.88
2016-07-14,12.38,12.62,12.65,12.36,20253,78496792.00,2.34,1.94,0.24,0.98
2016-07-15,12.60,12.23,12.69,12.15,23016,88248155.00,4.28,-3.09,-0.39,1.12
2016-07-18,12.10,11.93,12.39,11.76,31663,117519980.00,5.15,-2.45,-0.30,1.54
2016-07-19,11.94,11.99,12.03,11.82,12293,45458206.00,1.76,0.50,0.06,0.60
2016-07-20,12.01,11.87,12.11,11.87,15659,57988383.00,2.00,-1.00,-0.12,0.76
2016-07-21,11.95,11.76,12.03,11.71,17206,63138995.00,2.70,-0.93,-0.11,0.83
2016-07-22,11.71,11.91,11.96,11.71,15178,55731166.00,2.13,1.28,0.15,0.74
2016-07-25,12.00,11.99,12.02,11.77,13505,50060524.00,2.10,0.67,0.08,0.65
2016-07-26,11.92,12.23,12.24,11.92,17004,63887024.00,2.67,2.00,0.24,0.82
2016-07-27,12.20,11.59,12.27,11.34,23734,86623487.00,7.60,-5.23,-0.64,1.15
2016-07-28,11.55,11.77,11.90,11.51,16448,59534825.00,3.36,1.55,0.18,0.80
2016-07-29,11.79,11.77,11.85,11.46,11708,42351963.00,3.31,0.00,0.00,0.57
2016-08-01,11.45,11.43,11.80,11.20,11491,40920449.00,5.10,-2.89,-0.34,0.56
2016-08-02,11.44,11.49,11.64,11.43,12774,45660141.00,1.84,0.52,0.06,0.62
2016-08-03,11.40,11.48,11.58,11.40,6750,24102966.00,1.57,-0.09,-0.01,0.33
2016-08-04,11.54,11.73,11.75,11.47,11211,40431398.00,2.44,2.18,0.25,0.54
2016-08-05,11.70,11.72,11.82,11.65,8856,32211024.00,1.45,-0.09,-0.01,0.43
2016-08-08,11.63,11.80,11.89,11.50,8501,30844694.00,3.33,0.68,0.08,0.41
2016-08-09,11.87,12.32,12.60,11.79,30893,117541559.00,6.86,4.41,0.52,1.50
2016-08-10,12.23,12.26,12.47,12.13,18460,70184958.00,2.76,-0.49,-0.06,0.90
2016-08-11,12.24,12.18,12.35,12.10,11583,43848949.00,2.04,-0.65,-0.08,0.56
2016-08-12,12.01,12.11,12.23,11.96,11602,43392244.00,2.22,-0.57,-0.07,0.56
2016-08-15,12.11,12.31,12.39,11.94,18701,70967776.00,3.72,1.65,0.20,0.91
2016-08-16,12.36,12.32,12.39,12.28,13069,49984335.00,0.89,0.08,0.01,0.63
2016-08-17,12.33,12.71,12.73,12.31,33861,132160382.00,3.41,3.17,0.39,1.64
2016-08-18,12.73,12.95,13.36,12.72,48837,198147824.00,5.04,1.89,0.24,2.37
2016-08-19,12.95,13.25,13.40,12.72,31416,127919933.00,5.25,2.32,0.30,1.52
2016-08-22,13.20,12.78,13.33,12.60,21170,84625512.00,5.51,-3.55,-0.47,1.03
2016-08-23,12.83,12.62,12.88,12.56,9988,39272064.00,2.50,-1.25,-0.16,0.48
2016-08-24,12.73,12.60,12.89,12.48,10002,39033905.00,3.25,-0.16,-0.02,0.48
2016-08-25,12.51,12.57,12.59,12.23,11268,43177139.00,2.86,-0.24,-0.03,0.55
2016-08-26,12.62,12.56,12.66,12.43,7629,29570790.00,1.83,-0.08,-0.01,0.37
2016-08-29,12.59,12.68,12.75,12.43,8962,34976933.00,2.55,0.96,0.12,0.43
2016-08-30,12.70,12.48,12.76,12.43,6370,24791088.00,2.60,-1.58,-0.20,0.31
2016-08-31,12.43,12.29,12.43,12.15,11834,44896948.00,2.24,-1.52,-0.19,0.57
2016-09-01,12.40,11.96,12.41,11.96,12073,45561583.00,3.66,-2.69,-0.33,0.59
2016-09-02,12.08,12.33,12.33,11.94,16480,62198686.00,3.26,3.09,0.37,0.80
2016-09-05,12.59,12.23,12.66,12.14,19401,74138383.00,4.22,-0.81,-0.10,0.94
2016-09-06,12.30,12.26,12.30,11.96,10128,38134412.00,2.78,0.25,0.03,0.49
2016-09-07,12.38,12.30,12.38,12.22,11585,44100968.00,1.31,0.33,0.04,0.56
2016-09-08,12.27,12.26,12.34,12.03,8091,30627285.00,2.52,-0.33,-0.04,0.39
2016-09-20,12.40,12.20,12.78,12.20,33682,130274213.00,4.73,-0.49,-0.06,1.63
2016-09-21,11.91,12.49,12.49,11.70,18910,70717564.00,6.48,2.38,0.29,0.92
2016-09-22,12.56,12.26,12.59,12.22,12112,46328315.00,2.96,-1.84,-0.23,0.59
2016-09-23,12.29,12.18,12.36,12.16,7631,28960451.00,1.63,-0.65,-0.08,0.37
2016-09-26,12.13,11.93,12.15,11.89,9582,35493992.00,2.13,-2.05,-0.25,0.46
2016-09-27,11.99,12.07,12.15,11.87,5390,20013987.00,2.35,1.17,0.14,0.26
2016-09-28,11.97,11.93,12.03,11.89,6400,23687929.00,1.16,-1.16,-0.14,0.31
2016-09-29,11.99,11.87,12.09,11.86,6384,23636729.00,1.93,-0.50,-0.06,0.31
2016-09-30,11.80,11.85,11.89,11.69,6218,22743325.00,1.68,-0.17,-0.02,0.30
2016-10-10,11.85,11.99,12.12,11.80,13166,49026771.00,2.70,1.18,0.14,0.64
2016-10-11,12.08,11.92,12.08,11.79,15848,58382180.00,2.42,-0.58,-0.07,0.77
2016-10-12,11.90,12.00,12.03,11.76,5222,19317564.00,2.27,0.67,0.08,0.25
2016-10-13,12.00,12.20,12.25,11.99,12312,46369434.00,2.17,1.67,0.20,0.60
2016-10-14,12.13,12.26,12.32,12.10,9187,34827425.00,1.80,0.49,0.06,0.45
2016-10-17,12.27,12.28,12.42,12.11,8108,30985977.00,2.53,0.16,0.02,0.39
2016-10-18,12.17,12.46,12.49,12.17,12539,48245976.00,2.61,1.47,0.18,0.61
2016-10-19,12.56,12.32,12.56,12.23,7271,27773406.00,2.65,-1.12,-0.14,0.35
2016-10-20,12.30,12.39,12.43,12.15,9694,37014039.00,2.27,0.57,0.07,0.47
2016-10-21,12.39,12.26,12.39,12.13,9982,37870570.00,2.10,-1.05,-0.13,0.48
2016-10-24,12.16,12.22,12.35,12.16,12216,46376256.00,1.55,-0.33,-0.04,0.59
2016-10-25,12.40,12.22,12.40,12.06,4355,16468862.00,2.78,0.00,0.00,0.21
2016-10-26,12.29,11.96,12.29,11.93,7777,29148456.00,2.95,-2.13,-0.26,0.38
2016-10-27,12.00,11.93,12.12,11.90,6964,25965760.00,1.84,-0.25,-0.03,0.34
2016-10-28,11.81,11.72,12.08,11.70,11973,44000682.00,3.19,-1.76,-0.21,0.58
2016-10-31,11.60,11.60,11.72,10.93,36986,129596933.00,6.74,-1.02,-0.12,1.79
2016-11-01,11.53,11.73,11.83,11.35,13712,49488894.00,4.14,1.12,0.13,0.66
2016-11-02,11.73,11.68,11.82,11.63,7783,28353305.00,1.62,-0.43,-0.05,0.38
2016-11-03,11.60,11.83,11.90,11.60,10220,37436172.00,2.57,1.28,0.15,0.50
2016-11-04,11.83,11.56,11.85,11.53,13199,47929391.00,2.70,-2.28,-0.27,0.64
2016-11-07,11.62,11.52,11.69,11.50,9633,34636203.00,1.64,-0.35,-0.04,0.47
2016-11-08,11.56,11.72,11.78,11.56,7379,26800110.00,1.91,1.74,0.20,0.36
2016-11-09,11.76,12.10,12.38,11.72,24416,91687713.00,5.63,3.24,0.38,1.18
2016-11-10,12.13,12.10,12.25,12.01,17482,65445981.00,1.98,0.00,0.00,0.85
2016-11-11,12.06,11.98,12.10,11.89,12121,44918494.00,1.74,-0.99,-0.12,0.59
2016-11-14,11.98,12.26,12.26,11.98,15841,59647463.00,2.34,2.34,0.28,0.77
2016-11-15,12.27,12.27,12.31,12.11,14344,54159935.00,1.63,0.08,0.01,0.70
2016-11-16,12.22,12.38,12.47,12.14,17718,67698711.00,2.69,0.90,0.11,0.86
2016-11-17,12.38,12.13,12.38,12.10,11424,43118199.00,2.26,-2.02,-0.25,0.55
2016-11-18,12.13,12.17,12.29,12.07,10300,38929186.00,1.81,0.33,0.04,0.50
2016-11-21,12.14,12.17,12.39,12.12,12286,46675103.00,2.22,0.00,0.00,0.60
2016-11-22,12.18,12.47,12.50,12.18,21660,83279564.00,2.63,2.47,0.30,1.05
2016-11-23,12.48,12.37,12.59,12.25,14863,56864897.00,2.73,-0.80,-0.10,0.72
2016-11-24,12.39,12.19,12.52,12.15,11272,42935035.00,2.99,-1.46,-0.18,0.55
2016-11-25,12.20,12.37,12.38,11.87,20400,76413485.00,4.18,1.48,0.18,0.99
2016-11-28,12.33,12.21,12.33,11.95,21813,82394698.00,3.07,-1.29,-0.16,1.06
2016-11-29,12.12,12.31,12.39,12.06,16780,63555429.00,2.70,0.82,0.10,0.81
2016-11-30,12.31,12.46,12.56,12.14,25845,98798697.00,3.41,1.22,0.15,1.25
2016-12-01,12.39,12.78,13.01,12.39,30409,120590366.00,4.98,2.57,0.32,1.47
2016-12-02,12.77,12.77,12.96,12.59,18209,71950892.00,2.90,-0.08,-0.01,0.88
2016-12-05,12.64,13.24,13.25,12.64,26372,106666204.00,4.78,3.68,0.47,1.28
2016-12-06,13.26,13.19,13.32,13.10,16876,68894267.00,1.66,-0.38,-0.05,0.82
2016-12-07,13.10,13.20,13.26,12.99,13578,55027963.00,2.05,0.08,0.01,0.66
2016-12-08,13.20,12.90,13.30,12.80,23945,96250591.00,3.79,-2.27,-0.30,1.16
2016-12-09,12.94,12.84,13.03,12.79,10045,40089167.00,1.86,-0.47,-0.06,0.49
2016-12-12,12.70,12.04,12.81,12.00,21678,82686950.00,6.31,-6.23,-0.80,1.05
2016-12-13,12.01,12.34,12.41,11.80,16024,60827706.00,5.07,2.49,0.30,0.78
2016-12-14,12.26,12.33,12.49,12.26,17090,65564314.00,1.86,-0.08,-0.01,0.83
2016-12-15,12.36,12.93,13.07,12.36,29128,114259353.00,5.76,4.87,0.60,1.41
2016-12-16,12.98,12.81,13.05,12.66,11750,46616955.00,3.02,-0.93,-0.12,0.57
2016-12-19,12.81,13.15,13.25,12.74,18883,75933693.00,3.98,2.65,0.34,0.92
2016-12-20,13.13,13.21,13.57,13.04,22480,92506977.00,4.03,0.46,0.06,1.09
2016-12-21,13.26,13.21,13.33,13.07,11654,47635719.00,1.97,0.00,0.00,0.57
2016-12-22,13.10,13.23,13.46,13.05,13804,56743385.00,3.10,0.15,0.02,0.67
2016-12-23,13.10,13.23,13.30,12.83,11400,45902496.00,3.55,0.00,0.00,0.55
2016-12-26,13.26,13.06,13.26,12.94,10091,40780469.00,2.42,-1.28,-0.17,0.49
2016-12-27,13.14,12.85,13.14,12.60,16776,66648610.00,4.13,-1.61,-0.21,0.81
2016-12-28,12.77,12.82,12.91,12.70,5818,23012412.00,1.63,-0.23,-0.03,0.28
2016-12-29,12.86,12.83,13.08,12.78,7779,31168078.00,2.34,0.08,0.01,0.38
2016-12-30,12.88,12.63,12.92,12.47,20802,81547607.00,3.51,-1.56,-0.20,1.01