2019-01-02,7.08,7.10,7.14,7.04,34371,24579817.00,1.41,0.42,0.03,0.35
2019-01-03,7.10,7.03,7.23,7.02,59823,42915465.00,2.96,-0.99,-0.07,0.62
2019-01-04,6.95,7.22,7.22,6.90,81631,58550417.00,4.55,2.70,0.19,0.84
2019-01-07,7.27,7.40,7.43,7.23,99951,74132231.00,2.77,2.49,0.18,1.03
2019-01-08,7.37,7.33,7.39,7.29,60057,44427279.00,1.35,-0.95,-0.07,0.62
2019-01-09,7.37,7.57,7.92,7.34,201006,154395687.00,7.91,3.27,0.24,2.07
2019-01-10,7.51,7.49,7.60,7.45,107661,81585215.00,1.98,-1.06,-0.08,1.11
2019-01-11,7.46,7.57,7.67,7.46,90152,68774960.00,2.80,1.07,0.08,0.93
2019-01-14,7.57,7.41,7.59,7.34,67342,50429899.00,3.30,-2.11,-0.16,0.69
2019-01-15,7.41,7.52,7.53,7.35,76426,57550548.00,2.43,1.48,0.11,0.79
2019-01-16,7.52,7.54,7.62,7.48,74992,57032907.00,1.86,0.27,0.02,0.77
2019-01-17,7.48,7.38,7.52,7.35,57108,42789467.00,2.25,-2.12,-0.16,0.59
2019-01-18,7.44,7.59,7.72,7.33,113450,86205804.00,5.28,2.85,0.21,1.17
2019-01-21,7.59,7.64,7.83,7.54,137053,105871576.00,3.82,0.66,0.05,1.41
2019-01-22,7.64,7.50,7.64,7.44,82162,62290245.00,2.62,-1.83,-0.14,0.84
2019-01-23,7.47,7.48,7.50,7.39,47698,35766723.00,1.47,-0.27,-0.02,0.41
2019-01-24,7.49,7.82,8.14,7.47,351774,278571136.00,8.96,4.55,0.34,3.05
2019-01-25,7.78,7.89,8.10,7.70,298935,238683516.00,5.12,0.90,0.07,2.59
2019-01-28,7.98,7.93,8.07,7.76,179534,143508138.00,3.93,0.51,0.04,1.56
2019-01-29,7.85,7.70,7.89,7.51,147810,114635999.00,4.79,-2.90,-0.23,1.28
2019-01-30,7.67,7.59,7.86,7.55,111930,87099471.00,4.03,-1.43,-0.11,0.97
2019-01-31,7.52,7.08,7.58,6.90,267984,193795136.00,8.96,-6.72,-0.51,2.32
2019-02-01,7.09,7.39,7.41,7.09,129852,95567438.00,4.52,4.38,0.31,1.13
2019-02-11,7.37,7.68,7.70,7.34,126240,96476357.00,4.87,3.92,0.29,1.09
2019-02-12,7.72,7.78,7.88,7.64,140788,110352585.00,3.13,1.30,0.10,1.22
2019-02-13,7.85,7.98,8.08,7.81,243312,195996307.00,3.47,2.57,0.20,2.11
2019-02-14,8.02,7.98,8.08,7.88,185671,149333373.00,2.51,0.00,0.00,1.61
2019-02-15,7.98,8.14,8.27,7.92,327619,267173312.00,4.39,2.01,0.16,2.84
2019-02-18,8.30,8.96,8.96,8.12,464552,405201776.00,10.32,10.07,0.82,4.03
2019-02-19,9.23,9.06,9.42,8.94,706122,652929456.00,5.36,1.12,0.10,6.12
2019-02-20,8.97,8.80,8.97,8.62,402125,354420160.00,3.86,-2.87,-0.26,3.49
2019-02-21,8.71,8.85,9.22,8.62,458146,413345760.00,6.82,0.57,0.05,3.97
2019-02-22,8.77,9.06,9.11,8.72,320651,288531696.00,4.41,2.37,0.21,2.78
2019-02-25,9.15,9.45,9.56,9.11,517446,485675616.00,4.97,4.30,0.39,4.49
2019-02-26,9.43,9.11,9.43,9.04,404468,373554576.00,4.13,-3.60,-0.34,3.51
2019-02-27,9.05,8.93,9.15,8.84,283390,255902578.00,3.40,-1.98,-0.18,2.46
2019-02-28,8.94,8.95,9.01,8.84,163461,146773967.00,1.90,0.22,0.02,1.42
2019-03-01,8.97,8.83,9.01,8.65,218730,192950143.00,4.02,-1.34,-0.12,1.90
2019-03-04,8.97,8.99,9.22,8.86,385503,350935184.00,4.08,1.81,0.16,3.34
2019-03-05,8.98,9.57,9.61,8.89,524735,493758400.00,8.01,6.45,0.58,4.55
2019-03-06,9.60,9.46,9.68,9.29,405647,384209472.00,4.08,-1.15,-0.11,3.52
2019-03-07,9.37,9.61,9.80,9.30,431945,414324432.00,5.29,1.59,0.15,3.74
2019-03-08,9.61,10.58,10.58,9.49,500562,518076880.00,11.34,10.09,0.97,4.34
2019-03-11,11.64,11.05,11.64,10.75,1222575,1386083744.00,8.41,4.44,0.47,10.60
2019-03-12,10.95,11.68,12.04,10.76,974782,1105762848.00,11.58,5.70,0.63,8.45
2019-03-13,11.44,10.84,11.76,10.57,714621,810242032.00,10.19,-7.19,-0.84,6.20
2019-03-14,10.43,10.16,10.60,9.95,419074,430550384.00,6.00,-6.27,-0.68,3.63
2019-03-15,10.31,10.17,10.47,9.98,267257,275058544.00,4.82,0.10,0.01,2.32
2019-03-18,10.13,10.36,10.38,9.93,239878,246814027.00,4.42,1.87,0.19,2.08
2019-03-19,10.35,10.44,10.69,10.20,247691,260297074.00,4.73,0.77,0.08,2.15
2019-03-20,10.45,10.25,10.47,10.05,218559,225041230.00,4.02,-1.82,-0.19,1.89
2019-03-21,10.39,10.71,10.91,10.35,416193,444768032.00,5.46,4.49,0.46,3.61
2019-03-22,10.71,10.90,11.06,10.64,391007,428319984.00,3.92,1.77,0.19,3.39
2019-03-25,10.74,10.95,11.22,10.52,354197,387775040.00,6.42,0.46,0.05,3.07
2019-03-26,10.94,10.29,10.99,10.17,312760,335192288.00,7.49,-6.03,-0.66,2.71
2019-03-27,10.42,10.45,10.62,9.95,280076,290991568.00,6.51,1.55,0.16,2.43
2019-03-28,10.32,10.41,10.92,10.20,320459,343466352.00,6.89,-0.38,-0.04,2.78
2019-03-29,10.33,10.65,10.68,10.02,299156,311986016.00,6.34,2.31,0.24,2.59
2019-04-01,10.31,10.82,10.92,10.29,493142,527733904.00,5.92,1.60,0.17,4.28
2019-04-02,10.78,10.96,11.12,10.66,431758,473587760.00,4.25,1.29,0.14,3.74
2019-04-03,10.83,10.86,10.96,10.62,265225,287762656.00,3.10,-0.91,-0.10,2.30
2019-04-04,10.94,10.91,11.09,10.77,267571,293734752.00,2.95,0.46,0.05,2.32
2019-04-08,10.92,10.38,10.93,10.26,296083,313955248.00,6.14,-4.86,-0.53,2.57
2019-04-09,10.39,10.43,10.59,10.29,143543,150521055.00,2.89,0.48,0.05,1.24
2019-04-10,10.32,10.14,10.39,10.09,203656,208593202.00,2.88,-2.78,-0.29,1.77
2019-04-11,10.16,9.95,10.21,9.94,141797,143255555.00,2.66,-1.87,-0.19,1.23
2019-04-12,10.00,10.08,10.15,9.82,105717,106759198.00,3.32,1.31,0.13,0.92
2019-04-15,10.19,10.08,10.39,10.05,128447,132424671.00,3.37,0.00,0.00,1.11
2019-04-16,10.03,10.31,10.33,9.86,159181,162339757.00,4.66,2.28,0.23,1.38
2019-04-17,10.29,10.38,10.69,10.26,180367,190139791.00,4.17,0.68,0.07,1.56
2019-04-18,10.36,10.19,10.46,10.13,140779,145060298.00,3.18,-1.83,-0.19,1.22
2019-04-19,10.18,10.20,10.30,10.01,104412,106607025.00,2.85,0.10,0.01,0.91
2019-04-22,10.24,10.15,10.42,10.14,135335,139614686.00,2.75,-0.49,-0.05,1.17
2019-04-23,10.06,9.79,10.14,9.78,147924,147608418.00,3.55,-3.55,-0.36,1.28
2019-04-24,9.79,10.13,10.38,9.73,140033,141067587.00,6.64,3.47,0.34,1.21
2019-04-25,10.08,9.62,10.16,9.61,128229,127622207.00,5.43,-5.03,-0.51,1.11
2019-04-26,9.64,9.38,9.85,9.35,116385,113051257.00,5.20,-2.49,-0.24,1.01
2019-04-29,9.35,8.44,9.36,8.44,223498,196741768.00,9.81,-10.02,-0.94,1.94
2019-04-30,8.48,8.43,8.63,8.27,125628,107252182.00,4.27,-0.12,-0.01,1.09
2019-05-06,8.13,7.71,8.13,7.58,169843,135119136.00,6.52,-8.54,-0.72,1.47
2019-05-07,7.78,7.84,7.91,7.65,96575,75792356.00,3.37,1.69,0.13,0.84
2019-05-08,7.73,7.96,8.19,7.55,160275,128348714.00,8.16,1.53,0.12,1.39
2019-05-09,8.07,8.09,8.42,8.02,174785,144405248.00,5.03,1.63,0.13,1.52
2019-05-10,8.15,8.61,8.62,7.69,259047,216900961.00,11.50,6.43,0.52,2.25
2019-05-13,8.41,8.38,8.54,8.31,136865,115935099.00,2.67,-2.67,-0.23,1.19
2019-05-14,8.39,8.39,8.57,8.31,131889,112163223.00,3.10,0.12,0.01,1.14
2019-05-15,8.45,8.48,8.53,8.38,121515,103630512.00,1.79,1.07,0.09,1.05
2019-05-16,8.45,8.43,8.51,8.26,106083,89661908.00,2.95,-0.59,-0.05,0.92
2019-05-17,8.56,8.77,9.28,8.44,358418,316955456.00,9.96,4.03,0.34,3.11
2019-05-20,9.17,9.24,9.52,9.08,409579,382899824.00,5.02,5.36,0.47,3.55
2019-05-21,8.98,9.10,9.18,8.75,296962,266780530.00,4.65,-1.52,-0.14,2.57
2019-05-22,9.03,9.25,9.33,8.97,233706,215439504.00,3.96,1.65,0.15,2.03
2019-05-23,9.44,9.76,9.97,9.12,464322,443164928.00,9.19,5.51,0.51,4.03
2019-05-24,9.36,8.92,9.49,8.87,291279,268860624.00,6.35,-8.61,-0.84,2.53
2019-05-27,8.95,9.54,9.65,8.91,353500,333955760.00,8.30,6.95,0.62,3.06
2019-05-28,9.58,9.45,9.73,9.29,295810,281021888.00,4.61,-0.94,-0.09,2.56
2019-05-29,9.45,9.70,9.95,9.37,378276,368236464.00,6.14,2.65,0.25,3.28
2019-05-30,9.48,9.40,9.56,9.12,235976,221168993.00,4.54,-3.09,-0.30,2.05
2019-05-31,9.36,9.45,9.72,9.29,228032,217539337.00,4.57,0.53,0.05,1.98
2019-06-03,9.45,9.19,9.52,9.12,166917,155333020.00,4.23,-2.75,-0.26,1.45
2019-06-04,9.19,8.96,9.33,8.87,152173,139278010.00,5.01,-2.50,-0.23,1.32
2019-06-05,9.06,9.19,9.35,9.03,178602,164747269.00,3.57,2.57,0.23,1.55
2019-06-06,8.97,8.27,8.97,8.27,313855,266082178.00,7.62,-10.01,-0.92,2.72
2019-06-10,8.31,8.27,8.43,8.21,111320,92981663.00,2.66,0.00,0.00,0.97
2019-06-11,8.35,8.55,8.60,8.12,172667,145968938.00,5.80,3.39,0.28,1.50
2019-06-12,8.55,8.70,8.82,8.50,193744,168331203.00,3.74,1.75,0.15,1.68
2019-06-13,8.58,8.64,8.70,8.49,122629,105910944.00,2.41,-0.69,-0.06,1.06
2019-06-14,8.64,8.28,8.71,8.23,117816,99657664.00,5.56,-4.17,-0.36,1.02
2019-06-17,8.22,8.22,8.32,8.10,56516,46494000.00,2.66,-0.72,-0.06,0.49
2019-06-18,8.22,8.11,8.24,8.07,59011,48224078.00,2.07,-1.34,-0.11,0.51
2019-06-19,8.30,8.31,8.47,8.28,129582,108812350.00,2.34,2.47,0.20,1.12
2019-06-20,8.31,8.37,8.46,8.17,115467,96659460.00,3.49,0.72,0.06,1.00
2019-06-21,8.44,8.62,8.62,8.43,125567,107516074.00,2.27,2.99,0.25,1.09
2019-06-24,8.59,8.67,8.84,8.54,137542,119757155.00,3.48,0.58,0.05,1.19
2019-06-25,8.63,8.40,8.63,8.28,101291,85649209.00,4.04,-3.11,-0.27,0.88
2019-06-26,8.38,8.48,8.59,8.36,90323,77141276.00,2.74,0.95,0.08,0.78
2019-06-27,8.49,8.58,8.67,8.48,108900,93911626.00,2.24,1.18,0.10,0.94
2019-06-28,8.57,8.45,8.57,8.32,106430,90090472.00,2.91,-1.52,-0.13,0.92
2019-07-01,8.66,9.05,9.29,8.66,302019,272087120.00,7.46,7.10,0.60,2.62
2019-07-02,9.09,8.93,9.23,8.90,171520,154915016.00,3.65,-1.33,-0.12,1.49
2019-07-03,8.91,8.71,8.92,8.61,126148,110476184.00,3.47,-2.46,-0.22,1.09
2019-07-04,8.71,8.62,8.80,8.54,105100,91308245.00,2.99,-1.03,-0.09,0.91
2019-07-05,8.62,8.65,8.75,8.59,83456,72697587.00,1.86,0.35,0.03,0.72
2019-07-08,8.69,8.23,8.69,8.14,135769,113169647.00,6.36,-4.86,-0.42,1.18
2019-07-09,8.17,8.16,8.28,8.03,96777,79174179.00,3.04,-0.85,-0.07,0.84
2019-07-10,8.22,8.22,8.29,8.12,66718,55051003.00,2.08,0.74,0.06,0.58
2019-07-11,8.23,8.13,8.28,8.08,65751,53987764.00,2.43,-1.09,-0.09,0.57
2019-07-12,8.13,8.14,8.22,8.04,50881,41589435.00,2.21,0.12,0.01,0.44
2019-07-15,7.82,8.03,8.09,7.60,132465,104575981.00,6.02,-1.35,-0.11,1.15
2019-07-16,7.92,8.13,8.24,7.87,91341,74302115.00,4.61,1.25,0.10,0.79
2019-07-17,8.13,8.24,8.42,8.12,123319,102721782.00,3.69,1.35,0.11,1.07
2019-07-18,8.17,8.07,8.22,8.01,60710,49490848.00,2.55,-2.06,-0.17,0.53
2019-07-19,8.23,8.21,8.33,8.15,78293,64702630.00,2.23,1.73,0.14,0.68
2019-07-22,8.21,8.02,8.25,7.85,70958,57397708.00,4.87,-2.31,-0.19,0.62
2019-07-23,8.04,8.26,8.27,8.03,86139,70758623.00,2.99,2.99,0.24,0.75
2019-07-24,8.27,8.38,8.57,8.27,132970,112513637.00,3.63,1.45,0.12,1.15
2019-07-25,8.38,8.43,8.60,8.36,110634,94027413.00,2.86,0.60,0.05,0.96
2019-07-26,8.55,8.35,8.59,8.28,93874,79067748.00,3.68,-0.95,-0.08,0.81
2019-07-29,8.36,8.89,9.19,8.34,445076,400506800.00,10.18,6.47,0.54,3.86
2019-07-30,8.77,8.83,8.95,8.65,284852,251528939.00,3.37,-0.67,-0.06,2.47
2019-07-31,8.75,9.05,9.32,8.73,359755,329156464.00,6.68,2.49,0.22,3.12
2019-08-01,9.06,9.10,9.27,9.00,204849,187385208.00,2.98,0.55,0.05,1.78
2019-08-02,8.87,8.98,9.05,8.73,179113,160277128.00,3.52,-1.32,-0.12,1.55
2019-08-05,8.98,8.80,9.12,8.72,183133,163523013.00,4.45,-2.00,-0.18,1.59
2019-08-06,8.45,8.36,8.57,8.12,178093,149266189.00,5.11,-5.00,-0.44,1.54
2019-08-07,8.41,8.11,8.51,8.08,129913,107437005.00,5.14,-2.99,-0.25,1.13
2019-08-08,8.17,8.50,8.59,8.11,192256,161716960.00,5.92,4.81,0.39,1.67
2019-08-09,8.56,8.45,8.71,8.29,182225,155852138.00,4.94,-0.59,-0.05,1.58
2019-08-12,8.57,8.80,8.82,8.37,175023,151324398.00,5.33,4.14,0.35,1.52
2019-08-13,8.66,8.67,8.75,8.55,145158,125861136.00,2.27,-1.48,-0.13,1.26
2019-08-14,8.80,8.67,9.02,8.67,202104,179324104.00,4.04,0.00,0.00,1.75
2019-08-15,8.46,9.01,9.03,8.37,234487,206380721.00,7.61,3.92,0.34,2.03
2019-08-16,8.92,8.88,9.02,8.83,142431,127573118.00,2.11,-1.44,-0.13,1.23
2019-08-19,8.99,9.19,9.24,8.87,261761,239281159.00,4.17,3.49,0.31,2.27
2019-08-20,9.19,9.11,9.22,9.05,131689,120404709.00,1.85,-0.87,-0.08,1.14
2019-08-21,9.11,9.05,9.21,8.88,137793,125049215.00,3.62,-0.66,-0.06,1.19
2019-08-22,9.10,9.03,9.21,8.92,124956,113572940.00,3.20,-0.22,-0.02,1.08
2019-08-23,9.02,8.83,9.05,8.78,107301,95533348.00,2.99,-2.21,-0.20,0.93
2019-08-26,8.65,8.78,8.89,8.59,73691,64856802.00,3.40,-0.57,-0.05,0.64
2019-08-27,8.84,9.00,9.14,8.79,144865,130799968.00,3.99,2.51,0.22,1.26
2019-08-28,8.99,8.92,9.07,8.84,127292,114268517.00,2.56,-0.89,-0.08,1.10
2019-08-29,8.89,9.12,9.24,8.88,218426,199632030.00,4.04,2.24,0.20,1.89
2019-08-30,9.23,8.96,9.39,8.88,224924,207141002.00,5.59,-1.75,-0.16,1.95
2019-09-02,9.04,9.26,9.27,8.90,191777,175576870.00,4.13,3.35,0.30,1.66
2019-09-03,9.32,9.55,9.61,9.17,313409,296810304.00,4.75,3.13,0.29,2.72
2019-09-04,9.45,9.85,10.12,9.42,390993,385355056.00,7.33,3.14,0.30,3.39
2019-09-05,9.85,9.88,10.16,9.72,318206,317950176.00,4.47,0.30,0.03,2.76
2019-09-06,9.89,9.98,10.12,9.81,179803,179566669.00,3.14,1.01,0.10,1.56
2019-09-09,10.20,10.30,10.33,10.03,263225,268864224.00,3.01,3.21,0.32,2.28
2019-09-10,10.35,10.07,10.40,9.98,256492,260276109.00,4.08,-2.23,-0.23,2.22
2019-09-11,10.17,10.06,10.24,10.02,177022,179880150.00,2.18,-0.10,-0.01,1.53
2019-09-12,10.18,10.13,10.50,10.04,264189,271362112.00,4.57,0.70,0.07,2.29
2019-09-16,10.17,10.52,10.82,9.94,424112,447547968.00,8.69,3.85,0.39,3.68
2019-09-17,10.31,10.16,10.60,10.05,300374,309089216.00,5.23,-3.42,-0.36,2.60
2019-09-18,10.18,10.07,10.22,9.85,196748,197981018.00,3.64,-0.89,-0.09,1.71
2019-09-19,10.13,10.47,10.51,10.08,255432,265434660.00,4.27,3.97,0.40,2.21
2019-09-20,10.52,10.66,10.74,10.38,271633,287848464.00,3.44,1.81,0.19,2.35
2019-09-23,10.77,11.73,11.73,10.72,839770,958094688.00,9.47,10.04,1.07,7.28
2019-09-24,11.95,12.54,12.91,11.80,1033406,1276845600.00,9.46,6.91,0.81,8.96
2019-09-25,12.32,11.99,12.36,11.77,540029,654221584.00,4.70,-4.39,-0.55,4.68
2019-09-26,11.99,11.48,12.06,11.00,579341,668634272.00,8.84,-4.25,-0.51,5.02
2019-09-27,11.55,11.47,11.82,11.26,309294,357342000.00,4.88,-0.09,-0.01,2.68
2019-09-30,11.37,10.92,11.55,10.82,276494,307807024.00,6.36,-4.80,-0.55,2.40
2019-10-08,10.96,10.76,11.30,10.69,282717,311050928.00,5.59,-1.47,-0.16,2.45
2019-10-09,10.80,10.94,11.09,10.68,226091,246512671.00,3.81,1.67,0.18,1.96
2019-10-10,10.87,10.96,11.05,10.72,253426,276691520.00,3.02,0.18,0.02,2.20
2019-10-11,11.00,10.82,11.19,10.80,273375,302216032.00,3.56,-1.28,-0.14,2.37
2019-10-14,10.97,11.27,11.37,10.86,286453,320813952.00,4.71,4.16,0.45,2.48
2019-10-15,11.14,11.37,11.54,10.95,258176,290810544.00,5.24,0.89,0.10,2.24
2019-10-16,11.36,10.99,11.36,10.97,135915,152130538.00,3.43,-3.34,-0.38,1.18
2019-10-17,10.90,10.48,10.97,10.25,277706,295214592.00,6.55,-4.64,-0.51,2.41
2019-10-18,10.42,10.03,10.54,10.02,157414,161610076.00,4.96,-4.29,-0.45,1.36
2019-10-21,9.98,9.95,10.08,9.77,123324,122927277.00,3.09,-0.80,-0.08,1.07
2019-10-22,10.00,10.29,10.29,9.99,117445,119741226.00,3.02,3.42,0.34,1.02
2019-10-23,10.25,10.34,10.62,10.13,135683,141824135.00,4.76,0.49,0.05,1.18
2019-10-24,10.33,10.29,10.52,10.06,102509,105601264.00,4.45,-0.48,-0.05,0.89
2019-10-25,10.22,10.41,10.46,10.13,101917,105187740.00,3.21,1.17,0.12,0.88
2019-10-28,10.56,10.90,11.19,10.52,269582,295138704.00,6.44,4.71,0.49,2.34
2019-10-29,10.90,10.97,11.36,10.71,210826,234107236.00,5.96,0.64,0.07,1.83
2019-10-30,10.94,11.48,12.07,10.92,474136,548071360.00,10.48,4.65,0.51,4.11
2019-10-31,11.30,11.34,11.65,11.14,222949,254701423.00,4.44,-1.22,-0.14,1.93
2019-11-01,11.23,11.60,11.75,11.20,200942,232411537.00,4.85,2.29,0.26,1.74
2019-11-04,11.62,11.51,11.85,11.48,141270,165076730.00,3.19,-0.78,-0.09,1.22
2019-11-05,11.57,12.24,12.60,11.57,403332,492282448.00,8.95,6.34,0.73,3.50
2019-11-06,11.97,12.24,12.40,11.94,281223,343523584.00,3.76,0.00,0.00,2.44
2019-11-07,12.26,12.11,12.40,12.00,230782,280902944.00,3.27,-1.06,-0.13,2.00
2019-11-08,12.12,11.90,12.27,11.81,315885,380689520.00,3.80,-1.73,-0.21,2.74
2019-11-11,11.74,11.72,12.07,11.63,139779,165963150.00,3.70,-1.51,-0.18,1.21
2019-11-12,11.88,11.78,11.89,11.45,141968,166865496.00,3.75,0.51,0.06,1.23
2019-11-13,11.81,11.97,12.24,11.61,291908,350564880.00,5.35,1.61,0.19,2.53
2019-11-14,11.97,12.85,13.11,11.90,430391,546884128.00,10.11,7.35,0.88,3.73
2019-11-15,12.74,12.49,12.97,12.42,349145,444063680.00,4.28,-2.80,-0.36,3.03
2019-11-18,12.52,12.27,12.91,12.17,346082,431087712.00,5.92,-1.76,-0.22,3.00
2019-11-19,12.29,12.47,12.65,12.08,240513,298781040.00,4.65,1.63,0.20,2.09
2019-11-20,12.51,12.91,13.20,12.30,340274,438164128.00,7.22,3.53,0.44,2.95
2019-11-21,12.79,12.67,12.95,12.50,171745,218818468.00,3.49,-1.86,-0.24,1.49
2019-11-22,12.66,12.11,13.22,12.02,331843,418826720.00,9.47,-4.42,-0.56,2.88
2019-11-25,12.00,11.49,12.02,11.24,281550,326060016.00,6.44,-5.12,-0.62,2.44
2019-11-26,11.48,11.38,11.82,11.38,163022,189455295.00,3.83,-0.96,-0.11,1.41
2019-11-27,11.42,12.52,12.52,11.19,291762,354948912.00,11.69,10.02,1.14,2.53
2019-11-28,12.63,12.75,12.99,12.27,485280,616746192.00,5.75,1.84,0.23,4.21
2019-11-29,12.77,12.90,13.09,12.57,346588,445623232.00,4.08,1.18,0.15,3.00
2019-12-02,12.80,12.90,13.06,12.49,327377,420399888.00,4.42,0.00,0.00,2.84
2019-12-03,12.71,13.02,13.12,12.36,372890,476630144.00,5.89,0.93,0.12,3.23
2019-12-04,12.80,12.87,13.16,12.53,414531,532616880.00,4.84,-1.15,-0.15,3.59
2019-12-05,12.87,13.05,13.43,12.71,614681,809843312.00,5.59,1.40,0.18,5.33
2019-12-06,13.05,13.39,13.41,12.77,508081,667735664.00,4.90,2.61,0.34,4.40
2019-12-09,14.20,14.33,14.73,14.20,915286,1332902912.00,3.96,7.02,0.94,7.93
2019-12-10,14.45,15.77,15.77,14.40,1013688,1529329840.00,9.56,10.05,1.44,8.79
2019-12-11,15.67,15.22,15.77,14.86,791995,1209766976.00,5.77,-3.49,-0.55,6.87
2019-12-12,15.17,16.17,16.64,15.08,984310,1577078480.00,10.25,6.24,0.95,8.53
2019-12-13,16.55,16.51,16.97,15.79,687061,1122886992.00,7.30,2.10,0.34,5.96
2019-12-16,16.35,17.36,17.92,16.27,687272,1182397808.00,9.99,5.15,0.85,5.96
2019-12-17,17.02,17.16,17.42,16.84,509779,871978192.00,3.34,-1.15,-0.20,4.42
2019-12-18,16.97,17.63,18.32,16.82,601015,1061648704.00,8.74,2.74,0.47,5.21
2019-12-19,17.28,16.77,17.28,16.32,573500,964734480.00,5.45,-4.88,-0.86,4.97
2019-12-20,16.68,16.65,17.06,16.47,373127,627580112.00,3.52,-0.72,-0.12,3.23
2019-12-23,15.89,15.55,16.12,15.33,543714,852304736.00,4.74,-6.61,-1.10,4.71
2019-12-24,15.76,16.43,16.59,15.48,435007,700542496.00,7.14,5.66,0.88,3.77
2019-12-25,16.52,17.55,17.83,16.35,547613,949758944.00,9.01,6.82,1.12,4.75
2019-12-26,17.32,17.39,17.57,17.00,344575,596479248.00,3.25,-0.91,-0.16,2.99
2019-12-27,17.58,16.44,17.95,16.24,559931,954038272.00,9.83,-5.46,-0.95,4.85
2019-12-30,16.02,16.76,17.16,15.47,452153,740609088.00,10.28,1.95,0.32,3.92
2019-12-31,16.49,16.42,16.85,16.19,273205,450647840.00,3.94,-2.03,-0.34,2.37