2017-01-03,12.31,12.47,12.55,12.27,15329,156039665.00,2.29,2.13,0.26,7.36
2017-01-04,12.46,12.45,12.54,12.34,15655,159476407.00,1.60,-0.16,-0.02,7.51
2017-01-05,12.45,12.03,12.50,12.03,19481,195071119.00,3.78,-3.37,-0.42,9.35
2017-01-06,12.06,11.15,12.06,11.06,31117,293872064.00,8.31,-7.32,-0.88,14.93
2017-01-09,11.21,11.20,11.41,11.15,13603,126226556.00,2.33,0.45,0.05,6.53
2017-01-10,11.20,11.21,11.44,11.12,11853,109875790.00,2.86,0.09,0.01,5.69
2017-01-11,11.18,10.71,11.18,10.69,17500,157355007.00,4.37,-4.46,-0.50,8.40
2017-01-12,10.72,10.75,10.97,10.70,13065,116664844.00,2.52,0.37,0.04,6.27
2017-01-13,10.67,10.30,10.77,10.18,19040,164034381.00,5.49,-4.19,-0.45,9.14
2017-01-16,10.22,9.67,10.22,9.33,20598,167588742.00,8.64,-6.12,-0.63,9.88
2017-01-17,9.64,10.09,10.23,9.00,26475,214026489.00,12.72,4.34,0.42,12.70
2017-01-18,9.91,9.68,9.95,9.68,15027,122444683.00,2.68,-4.06,-0.41,7.21
2017-01-19,9.54,9.72,10.03,9.33,18871,151788506.00,7.23,0.41,0.04,9.06
2017-01-20,9.61,9.99,10.09,9.53,18888,155102745.00,5.76,2.78,0.27,9.06
2017-01-23,10.03,10.16,10.36,9.94,16094,135702967.00,4.20,1.70,0.17,7.72
2017-01-24,10.07,10.11,10.35,10.05,10191,85536346.00,2.95,-0.49,-0.05,4.89
2017-01-25,10.11,10.39,10.48,10.07,14964,127672882.00,4.06,2.77,0.28,7.18
2017-01-26,10.39,10.35,10.43,10.25,10675,91154081.00,1.73,-0.38,-0.04,5.12
2017-02-03,10.41,10.12,10.41,10.10,8950,75398342.00,3.00,-2.22,-0.23,4.29
2017-02-06,10.14,10.48,10.49,10.14,13782,117875797.00,3.46,3.56,0.36,6.61
2017-02-07,10.43,10.36,10.45,10.25,10600,90534998.00,1.91,-1.15,-0.12,5.09
2017-02-08,10.41,10.48,10.52,10.32,11899,102455101.00,1.93,1.16,0.12,5.71
2017-02-09,10.44,10.49,10.61,10.43,12564,109036540.00,1.72,0.10,0.01,6.03
2017-02-10,10.50,10.14,10.54,10.13,16328,138725046.00,3.91,-3.34,-0.35,7.83
2017-02-13,10.13,10.33,10.38,10.07,11977,101673452.00,3.06,1.87,0.19,5.75
2017-02-14,10.34,10.51,10.60,10.30,15034,129865616.00,2.90,1.74,0.18,7.21
2017-02-15,10.43,10.89,11.62,10.43,32342,292168624.00,11.32,3.62,0.38,15.52
2017-02-16,10.80,11.54,11.63,10.74,35170,326892608.00,8.17,5.97,0.65,16.88
2017-02-17,11.41,11.10,11.50,11.07,22337,206537452.00,3.73,-3.81,-0.44,10.72
2017-02-20,11.07,11.22,11.44,10.80,18870,172675674.00,5.77,1.08,0.12,9.05
2017-02-21,11.25,11.24,11.39,11.00,16523,152526705.00,3.48,0.18,0.02,7.93
2017-02-22,11.19,11.07,11.25,10.96,14144,128858331.00,2.58,-1.51,-0.17,6.79
2017-02-23,11.05,11.21,11.26,10.96,14026,128707095.00,2.71,1.26,0.14,6.73
2017-02-24,11.21,11.42,11.47,11.19,18288,171224898.00,2.50,1.87,0.21,8.78
2017-02-27,11.44,11.03,11.44,11.02,15010,138342634.00,3.68,-3.42,-0.39,7.20
2017-02-28,11.03,11.11,11.16,10.95,8929,81311585.00,1.90,0.73,0.08,4.28
2017-03-01,11.11,11.04,11.27,11.02,11084,101505344.00,2.25,-0.63,-0.07,5.32
2017-03-02,11.04,11.06,11.13,10.80,15429,139476997.00,2.99,0.18,0.02,7.40
2017-03-03,10.97,11.11,11.12,10.90,9967,90447585.00,1.99,0.45,0.05,4.78
2017-03-06,11.12,11.37,11.40,11.07,15690,145728687.00,2.97,2.34,0.26,7.53
2017-03-07,11.37,11.44,11.49,11.23,14748,137679797.00,2.29,0.62,0.07,7.08
2017-03-08,11.44,11.42,11.75,11.38,19893,189050934.00,3.23,-0.17,-0.02,9.55
2017-03-09,11.39,11.20,11.44,11.11,14728,135852027.00,2.89,-1.93,-0.22,7.07
2017-03-10,11.20,11.26,11.37,11.19,10695,99132283.00,1.61,0.54,0.06,5.13
2017-03-13,11.25,11.41,11.42,11.00,14102,130895964.00,3.73,1.33,0.15,6.77
2017-03-14,11.46,11.82,11.95,11.42,30798,298081376.00,4.65,3.59,0.41,14.78
2017-03-15,11.69,11.78,11.87,11.57,16795,161442115.00,2.54,-0.34,-0.04,8.06
2017-03-16,11.83,11.95,12.04,11.76,20157,196934643.00,2.38,1.44,0.17,9.67
2017-03-17,11.91,11.53,12.02,11.53,19567,189238991.00,4.10,-3.51,-0.42,9.39
2017-03-20,12.74,12.74,12.74,12.74,3717,38717105.00,0.00,10.49,1.21,1.78
2017-03-21,14.08,13.28,14.08,13.22,74274,830893056.00,6.75,4.24,0.54,35.64
2017-03-22,13.36,13.73,13.95,13.30,52369,582183904.00,4.89,3.39,0.45,25.13
2017-03-23,13.49,13.22,13.73,12.82,39960,435986480.00,6.63,-3.71,-0.51,19.17
2017-03-24,13.30,13.24,13.64,12.98,25624,280213808.00,4.99,0.15,0.02,12.30
2017-03-27,13.11,12.82,13.23,12.72,19791,209176161.00,3.85,-3.17,-0.42,9.50
2017-03-28,12.87,12.79,13.06,12.74,16154,170369776.00,2.50,-0.23,-0.03,7.75
2017-03-29,12.84,12.21,12.87,12.18,20643,211668264.00,5.39,-4.53,-0.58,9.91
2017-03-30,12.21,11.67,12.32,11.61,20893,203541910.00,5.81,-4.42,-0.54,10.03
2017-03-31,11.63,11.59,11.91,11.38,16348,156068063.00,4.54,-0.69,-0.08,7.84
2017-04-05,11.59,11.72,11.78,11.39,13359,127779405.00,3.36,1.12,0.13,6.41
2017-04-06,11.72,11.80,11.97,11.61,12647,122671730.00,3.07,0.68,0.08,6.07
2017-04-07,11.76,11.48,11.80,11.40,15750,149193202.00,3.39,-2.71,-0.32,7.56
2017-04-10,10.93,10.27,10.95,10.27,25204,216542903.00,5.92,-10.54,-1.21,12.09
2017-04-11,10.02,10.35,10.40,10.02,13912,117796312.00,3.70,0.78,0.08,6.68
2017-04-12,10.35,9.98,10.35,9.97,11806,98768816.00,3.67,-3.57,-0.37,5.67
2017-04-13,10.03,10.05,10.29,10.00,9436,79107500.00,2.91,0.70,0.07,4.53
2017-04-14,10.00,10.06,10.20,9.94,8155,68089397.00,2.59,0.10,0.01,3.91
2017-04-17,9.84,9.64,9.84,9.47,8378,67056647.00,3.68,-4.17,-0.42,4.02
2017-04-18,9.66,9.61,9.77,9.59,5895,47302820.00,1.87,-0.31,-0.03,2.83
2017-04-19,9.62,9.82,9.83,9.52,9860,79188375.00,3.23,2.19,0.21,4.73
2017-04-20,9.93,9.91,10.10,9.80,10532,86800290.00,3.05,0.92,0.09,5.05
2017-04-21,9.91,9.79,10.03,9.79,5348,43886915.00,2.42,-1.21,-0.12,2.57
2017-04-24,9.74,9.55,9.77,9.47,6260,49859916.00,3.06,-2.45,-0.24,3.00
2017-04-25,9.63,9.82,9.86,9.60,6761,54709314.00,2.72,2.83,0.27,3.24
2017-04-26,9.80,9.88,9.97,9.79,6546,53626941.00,1.83,0.61,0.06,3.14
2017-04-27,9.77,9.70,9.77,9.01,21109,165115711.00,7.69,-1.82,-0.18,10.13
2017-04-28,9.30,9.39,9.51,9.27,15065,117421492.00,2.47,-3.20,-0.31,7.23
2017-05-02,9.36,9.09,9.41,9.04,11172,85749699.00,3.94,-3.19,-0.30,5.36
2017-05-03,9.09,9.09,9.15,9.01,7823,59071981.00,1.54,0.00,0.00,3.75
2017-05-04,9.09,8.88,9.09,8.88,9814,73186864.00,2.31,-2.31,-0.21,4.71
2017-05-05,8.76,8.90,9.04,8.76,10210,75693167.00,3.15,0.23,0.02,4.90
2017-05-08,8.86,8.66,8.86,8.66,6312,46065814.00,2.25,-2.70,-0.24,3.03
2017-05-09,8.62,8.74,8.77,8.57,7661,55548589.00,2.31,0.92,0.08,3.68
2017-05-10,8.75,8.53,8.83,8.50,8024,58353262.00,3.78,-2.40,-0.21,3.85
2017-05-11,8.48,8.60,8.61,8.38,8074,57332628.00,2.70,0.82,0.07,3.87
2017-05-12,8.59,8.59,8.64,8.51,5151,36854301.00,1.51,-0.12,-0.01,2.47
2017-05-15,8.59,8.59,8.68,8.58,4642,33389744.00,1.16,0.00,0.00,2.23
2017-05-16,8.56,8.78,8.79,8.47,9336,67331614.00,3.73,2.21,0.19,4.48
2017-05-17,8.81,8.84,8.94,8.81,11669,86382159.00,1.48,0.68,0.06,5.60
2017-05-18,8.74,8.73,8.87,8.70,6681,48946095.00,1.92,-1.24,-0.11,3.21
2017-05-19,8.72,8.62,8.78,8.58,5455,39536184.00,2.29,-1.26,-0.11,2.62
2017-05-22,8.51,7.99,8.62,7.98,10992,76367030.00,7.42,-7.31,-0.63,5.27
2017-05-23,7.95,7.40,7.98,7.40,10011,64838723.00,7.26,-7.38,-0.59,4.80
2017-05-24,7.40,7.54,7.58,7.21,7023,44058942.00,5.00,1.89,0.14,3.37
2017-05-25,7.47,7.55,7.61,7.27,7629,47985587.00,4.51,0.13,0.01,3.66
2017-05-26,7.54,7.60,7.70,7.47,5734,36609039.00,3.05,0.66,0.05,2.75
2017-05-31,7.82,7.61,7.94,7.60,9271,60979779.00,4.47,0.13,0.01,4.45
2017-06-01,7.53,7.22,7.61,7.21,7459,46706180.00,5.26,-5.12,-0.39,3.58
2017-06-02,7.23,7.51,7.54,7.18,7231,45063377.00,4.99,4.02,0.29,3.47
2017-06-05,7.65,7.67,7.71,7.60,6229,40209323.00,1.46,2.13,0.16,2.99
2017-06-06,7.70,7.64,7.71,7.58,6429,41421759.00,1.69,-0.39,-0.03,3.08
2017-06-07,7.67,8.01,8.31,7.63,28984,107310853.00,8.90,4.84,0.37,7.73
2017-06-08,8.11,7.87,8.19,7.86,20627,76758751.00,4.12,-1.75,-0.14,5.50
2017-06-09,7.82,7.78,7.84,7.64,15180,54578417.00,2.54,-1.14,-0.09,4.05
2017-06-12,7.62,7.30,7.70,7.28,15897,55419522.00,5.40,-6.17,-0.48,4.24
2017-06-13,7.32,7.50,7.57,7.28,12603,43855922.00,3.97,2.74,0.20,3.36
2017-06-14,7.50,7.49,7.58,7.37,11058,38595415.00,2.80,-0.13,-0.01,2.95
2017-06-15,7.49,8.30,8.30,7.49,51701,195069167.00,10.81,10.81,0.81,13.78
2017-06-16,8.30,8.02,8.30,7.94,38383,143975007.00,4.34,-3.37,-0.28,10.23
2017-06-19,8.08,8.06,8.16,7.94,21012,78316384.00,2.74,0.50,0.04,5.60
2017-06-20,8.11,7.96,8.14,7.94,18454,68831763.00,2.48,-1.24,-0.10,4.92
2017-06-21,7.97,7.96,8.04,7.85,13842,50916236.00,2.39,0.00,0.00,3.69
2017-06-22,7.96,7.74,8.00,7.74,13529,49481536.00,3.27,-2.76,-0.22,3.61
2017-06-23,7.73,7.67,7.79,7.46,14655,51907887.00,4.26,-0.90,-0.07,3.91
2017-06-26,7.58,7.75,7.83,7.58,9373,33620152.00,3.26,1.04,0.08,2.50
2017-06-27,7.76,7.77,7.84,7.70,9481,34231620.00,1.81,0.26,0.02,2.53
2017-06-28,7.82,7.53,7.82,7.52,12714,45088143.00,3.86,-3.09,-0.24,3.39
2017-06-29,7.49,7.54,7.61,7.49,8091,28456235.00,1.59,0.13,0.01,2.16
2017-06-30,7.51,7.54,7.60,7.45,9740,34192355.00,1.99,0.00,0.00,2.60
2017-07-03,7.57,7.63,7.64,7.53,8976,31737713.00,1.46,1.19,0.09,2.39
2017-07-04,7.63,7.62,7.68,7.60,6943,24684794.00,1.05,-0.13,-0.01,1.85
2017-07-05,7.65,7.71,7.73,7.61,10509,37620977.00,1.57,1.18,0.09,2.80
2017-07-06,7.72,7.67,7.85,7.60,14380,51748937.00,3.24,-0.52,-0.04,3.83
2017-07-07,7.67,7.83,7.89,7.67,17182,62311331.00,2.87,2.09,0.16,4.58
2017-07-10,7.75,7.53,7.76,7.52,15422,54675445.00,3.07,-3.83,-0.30,4.11
2017-07-11,7.54,7.33,7.58,7.31,11080,38542002.00,3.59,-2.66,-0.20,2.95
2017-07-12,7.35,7.29,7.35,7.08,12352,41602237.00,3.68,-0.55,-0.04,3.29
2017-07-13,7.10,6.54,7.12,6.51,39587,124836112.00,8.37,-10.29,-0.75,10.55
2017-07-14,6.47,6.47,6.62,6.43,18091,55552065.00,2.91,-1.07,-0.07,4.82
2017-07-17,6.40,5.77,6.46,5.77,26201,74804909.00,10.66,-10.82,-0.70,6.98
2017-07-18,5.76,5.92,5.97,5.71,14931,41470385.00,4.51,2.60,0.15,3.98
2017-07-19,5.94,5.93,5.94,5.86,12388,34729306.00,1.35,0.17,0.01,3.30
2017-07-20,5.91,5.87,6.06,5.85,14517,41230115.00,3.54,-1.01,-0.06,3.87
2017-07-21,5.84,5.99,5.99,5.78,14180,39683753.00,3.58,2.04,0.12,3.78
2017-07-24,5.94,6.36,6.42,5.90,32316,95141991.00,8.68,6.18,0.37,8.61
2017-07-25,6.31,6.29,6.41,6.21,15805,47035417.00,3.14,-1.10,-0.07,4.21
2017-07-26,6.28,6.33,6.46,6.25,14733,44175862.00,3.34,0.64,0.04,3.93
2017-07-27,6.33,6.46,6.54,6.24,18244,55306967.00,4.74,2.05,0.13,4.86
2017-07-28,6.46,6.36,6.47,6.30,12984,39038915.00,2.63,-1.55,-0.10,3.46
2017-07-31,6.27,6.33,6.38,6.27,11051,32981325.00,1.73,-0.47,-0.03,2.95
2017-08-01,6.30,6.29,6.36,6.20,9437,27974619.00,2.53,-0.63,-0.04,2.52
2017-08-02,6.29,6.14,6.32,6.14,8203,24135041.00,2.86,-2.38,-0.15,2.19
2017-08-03,6.13,6.29,6.37,6.12,11152,33108232.00,4.07,2.44,0.15,2.97
2017-08-04,6.28,6.23,6.35,6.22,7145,21271070.00,2.07,-0.95,-0.06,1.90
2017-08-07,6.23,6.27,6.35,6.22,6151,18231401.00,2.09,0.64,0.04,1.64
2017-08-08,6.24,6.22,6.29,6.13,7795,22861675.00,2.55,-0.80,-0.05,2.08
2017-08-09,6.23,6.16,6.23,6.14,7445,21760655.00,1.45,-0.96,-0.06,1.98
2017-08-10,6.15,6.27,6.31,6.06,15312,44865745.00,4.06,1.79,0.11,4.08
2017-08-11,6.24,6.18,6.35,6.15,11396,33657056.00,3.19,-1.44,-0.09,3.04
2017-08-14,6.10,6.24,6.26,6.10,12194,35743130.00,2.59,0.97,0.06,3.25
2017-08-15,6.23,6.21,6.30,6.18,9078,26771841.00,1.92,-0.48,-0.03,2.42
2017-08-16,6.22,6.35,6.39,6.21,14702,43945051.00,2.90,2.25,0.14,3.92
2017-08-17,6.36,6.46,6.49,6.29,16178,48787102.00,3.15,1.73,0.11,4.31
2017-08-18,6.40,6.40,6.55,6.36,17818,54130990.00,2.94,-0.93,-0.06,4.75
2017-08-21,6.40,6.42,6.45,6.33,13672,41164217.00,1.88,0.31,0.02,3.64
2017-08-22,6.40,6.36,6.46,6.36,9190,27739692.00,1.56,-0.93,-0.06,2.45
2017-08-23,6.36,6.28,6.39,6.23,7310,21799971.00,2.52,-1.26,-0.08,1.95
2017-08-24,6.29,6.22,6.35,6.22,7499,22229502.00,2.07,-0.96,-0.06,2.00
2017-08-25,6.25,6.34,6.37,6.17,9075,27037597.00,3.22,1.93,0.12,2.42
2017-08-28,6.32,6.51,6.58,6.32,19432,59264917.00,4.10,2.68,0.17,5.18
2017-08-29,6.51,6.55,6.69,6.44,16395,50597069.00,3.84,0.61,0.04,4.37
2017-08-30,6.55,6.45,6.55,6.43,9824,29933313.00,1.83,-1.53,-0.10,2.62
2017-08-31,6.45,6.61,6.70,6.44,23302,72481761.00,4.03,2.48,0.16,6.21
2017-09-01,6.62,6.61,6.66,6.54,12592,39004945.00,1.82,0.00,0.00,3.36
2017-09-04,6.58,6.62,6.65,6.57,10240,31854373.00,1.21,0.15,0.01,2.73
2017-09-05,6.62,7.07,7.21,6.57,49782,159809572.00,9.67,6.80,0.45,13.27
2017-09-06,6.99,6.92,6.99,6.85,36103,117051858.00,1.98,-2.12,-0.15,9.62
2017-09-07,6.87,6.84,7.02,6.81,23810,77151066.00,3.03,-1.16,-0.08,6.35
2017-09-08,6.83,6.78,6.90,6.76,12144,38816075.00,2.05,-0.88,-0.06,3.24
2017-09-11,6.78,7.00,7.03,6.78,16050,52093533.00,3.69,3.24,0.22,4.28
2017-09-12,7.01,6.77,7.16,6.74,16088,52301956.00,6.00,-3.29,-0.23,4.29
2017-09-13,6.82,6.81,6.93,6.73,9812,31369662.00,2.95,0.59,0.04,2.62
2017-09-14,6.82,7.37,7.48,6.74,62780,210114671.00,10.87,8.22,0.56,16.74
2017-09-15,7.26,7.51,7.56,7.14,67518,233344036.00,5.70,1.90,0.14,18.00
2017-09-18,7.39,7.50,7.67,7.35,56986,199643983.00,4.26,-0.13,-0.01,15.19
2017-09-19,7.41,7.56,7.65,7.40,48212,169491549.00,3.33,0.80,0.06,12.85
2017-09-20,7.56,7.52,7.67,7.44,47572,167429799.00,3.04,-0.53,-0.04,12.68
2017-09-21,7.44,7.35,7.52,7.12,38468,131320666.00,5.32,-2.26,-0.17,10.25
2017-09-22,7.32,7.23,7.32,7.05,18346,62065321.00,3.67,-1.63,-0.12,4.89
2017-09-25,7.16,7.35,7.38,7.09,20613,70021875.00,4.01,1.66,0.12,5.50
2017-09-26,7.26,7.06,7.33,7.03,14343,47912200.00,4.08,-3.95,-0.29,3.82
2017-09-27,7.05,7.14,7.18,6.93,24213,80305212.00,3.54,1.13,0.08,6.45
2017-09-28,7.14,7.03,7.21,7.02,18869,62854476.00,2.66,-1.54,-0.11,5.03
2017-09-29,7.03,6.98,7.09,6.93,10538,34573373.00,2.28,-0.71,-0.05,2.81
2017-10-09,7.09,7.03,7.15,7.00,16794,55564391.00,2.15,0.72,0.05,4.48
2017-10-10,7.03,7.17,7.23,7.00,30889,103425484.00,3.27,1.99,0.14,8.23
2017-10-11,7.15,7.19,7.35,7.10,26072,87935448.00,3.49,0.28,0.02,6.95
2017-10-12,7.16,6.81,7.20,6.77,26608,86651070.00,5.98,-5.29,-0.38,7.09
2017-10-13,6.71,6.72,6.77,6.61,23572,73904079.00,2.35,-1.32,-0.09,6.28
2017-10-16,6.66,6.42,6.81,6.42,17087,52944228.00,5.80,-4.46,-0.30,4.56
2017-10-17,6.41,6.45,6.48,6.36,9017,27294355.00,1.87,0.47,0.03,2.40
2017-10-18,6.43,6.28,6.49,6.24,9875,29729909.00,3.88,-2.64,-0.17,2.63
2017-10-19,6.28,6.09,6.31,6.07,9541,27744022.00,3.82,-3.03,-0.19,2.54
2017-10-20,6.08,6.19,6.21,6.04,6697,19510632.00,2.79,1.64,0.10,1.79
2017-10-23,6.21,6.21,6.24,6.18,6474,18996003.00,0.97,0.32,0.02,1.73
2017-10-24,6.23,6.21,6.23,6.06,8763,25485220.00,2.74,0.00,0.00,2.34
2017-10-25,6.17,6.29,6.30,6.17,9939,29361341.00,2.09,1.29,0.08,2.65
2017-10-26,6.28,6.28,6.33,6.23,6886,20394858.00,1.59,-0.16,-0.01,1.84
2017-10-27,6.27,6.27,6.34,6.25,7440,22136092.00,1.43,-0.16,-0.01,1.98
2017-10-30,6.24,5.83,6.25,5.79,12298,34631035.00,7.34,-7.02,-0.44,3.28
2017-10-31,5.85,5.90,5.94,5.81,7282,20304267.00,2.23,1.20,0.07,1.94
2017-11-01,5.92,5.90,5.96,5.87,6450,18116107.00,1.53,0.00,0.00,1.72
2017-11-02,5.90,5.76,5.90,5.74,8707,24044300.00,2.71,-2.37,-0.14,2.32
2017-11-03,5.77,5.71,5.80,5.67,6692,18265600.00,2.26,-0.87,-0.05,1.78
2017-11-06,5.77,5.78,5.79,5.68,6284,17198973.00,1.93,1.23,0.07,1.68
2017-11-07,5.79,5.84,5.88,5.73,8018,22073861.00,2.60,1.04,0.06,2.14
2017-11-08,5.84,5.86,5.93,5.81,9450,26412011.00,2.05,0.34,0.02,2.52
2017-11-09,5.86,5.92,5.92,5.82,6933,19420259.00,1.71,1.02,0.06,1.85
2017-11-10,5.92,6.01,6.10,5.92,13960,39926761.00,3.04,1.52,0.09,3.72
2017-11-13,6.01,5.93,6.03,5.88,8393,23676282.00,2.50,-1.33,-0.08,2.24
2017-11-14,5.95,5.77,5.96,5.71,11072,30659342.00,4.22,-2.70,-0.16,2.95
2017-11-15,5.73,5.70,5.77,5.66,7738,21041677.00,1.91,-1.21,-0.07,2.06
2017-11-16,5.67,5.56,5.70,5.56,11049,29635912.00,2.46,-2.46,-0.14,2.95
2017-11-17,5.56,5.13,5.56,5.09,17473,44317727.00,8.45,-7.73,-0.43,4.66
2017-11-20,5.07,5.07,5.13,4.95,8540,20754107.00,3.51,-1.17,-0.06,2.28
2017-11-21,5.06,4.99,5.09,4.91,8709,21042298.00,3.55,-1.58,-0.08,2.32
2017-11-22,4.99,4.96,5.08,4.93,8016,19303053.00,3.01,-0.60,-0.03,2.14
2017-11-23,4.96,4.74,4.98,4.74,10501,24644442.00,4.84,-4.44,-0.22,2.80
2017-11-24,4.75,4.77,4.83,4.74,6694,15500607.00,1.90,0.63,0.03,1.78
2017-11-27,4.77,4.84,4.97,4.73,8658,20395245.00,5.03,1.47,0.07,1.08
2017-11-28,4.81,4.80,4.85,4.72,14492,33642751.00,2.69,-0.83,-0.04,1.81
2017-11-29,4.80,4.72,4.81,4.63,12137,27731383.00,3.75,-1.67,-0.08,1.52
2017-11-30,4.73,4.86,5.15,4.71,34520,82319058.00,9.32,2.97,0.14,4.31
2017-12-01,4.69,4.82,4.87,4.69,20121,46729280.00,3.70,-0.82,-0.04,2.51
2017-12-04,4.77,4.64,4.85,4.64,17787,40716137.00,4.36,-3.73,-0.18,2.22
2017-12-05,4.65,4.32,4.72,4.30,22658,49532381.00,9.05,-6.90,-0.32,2.83
2017-12-06,4.30,4.39,4.41,4.26,18948,40225474.00,3.47,1.62,0.07,2.37
2017-12-07,4.34,4.36,4.40,4.30,14965,31899754.00,2.28,-0.68,-0.03,1.87
2017-12-08,4.36,4.42,4.46,4.34,20397,43957097.00,2.75,1.38,0.06,2.55
2017-12-11,4.42,4.44,4.44,4.39,20369,43960522.00,1.13,0.45,0.02,2.54
2017-12-12,4.41,4.29,4.46,4.29,21512,46063274.00,3.83,-3.38,-0.15,2.69
2017-12-13,4.29,4.34,4.35,4.25,21891,46080731.00,2.33,1.17,0.05,2.73
2017-12-14,4.34,4.34,4.36,4.31,14915,31701492.00,1.15,0.00,0.00,1.86
2017-12-15,4.34,4.37,4.38,4.32,14368,30646852.00,1.38,0.69,0.03,1.79
2017-12-18,4.37,4.30,4.39,4.26,12957,27408070.00,2.97,-1.60,-0.07,1.62
2017-12-19,4.31,4.34,4.36,4.29,11429,24281020.00,1.63,0.93,0.04,1.43
2017-12-20,4.32,4.15,4.35,4.13,25072,51899113.00,5.07,-4.38,-0.19,3.13
2017-12-21,4.18,4.12,4.18,4.04,20047,40618967.00,3.37,-0.72,-0.03,2.50
2017-12-22,4.11,4.34,4.45,4.11,47311,99973289.00,8.25,5.34,0.22,5.91
2017-12-25,4.34,4.24,4.39,4.18,24281,51011922.00,4.84,-2.30,-0.10,3.03
2017-12-26,4.27,4.45,4.49,4.20,33805,72719899.00,6.84,4.95,0.21,4.22
2017-12-27,4.55,4.42,4.68,4.42,41699,92598293.00,5.84,-0.67,-0.03,5.21
2017-12-28,4.40,4.46,4.58,4.40,27708,60856679.00,4.07,0.90,0.04,3.46
2017-12-29,4.47,4.66,4.77,4.46,34303,77882021.00,6.95,4.48,0.20,4.28