2020-01-02,10.04,10.28,10.29,9.98,45695,49334294.00,3.08,2.09,0.21,3.83
2020-01-03,10.22,10.66,10.83,10.22,65188,73285313.00,5.93,3.70,0.38,5.47
2020-01-06,10.66,11.20,11.79,10.55,104364,121463130.00,11.63,5.07,0.54,3.11
2020-01-07,11.19,11.26,11.68,10.78,100747,118558349.00,8.04,0.54,0.06,3.00
2020-01-08,11.31,11.33,11.54,11.10,69771,83549999.00,3.91,0.62,0.07,2.08
2020-01-09,11.42,11.14,11.54,11.06,67513,80011450.00,4.24,-1.68,-0.19,2.01
2020-01-10,11.08,10.89,11.14,10.72,60733,70002925.00,3.77,-2.24,-0.25,1.81
2020-01-13,10.92,10.95,11.04,10.77,46810,53945068.00,2.48,0.55,0.06,1.39
2020-01-14,11.05,10.81,11.06,10.74,42456,48800797.00,2.92,-1.28,-0.14,1.26
2020-01-15,10.86,10.90,10.97,10.71,28741,32982431.00,2.41,0.83,0.09,0.86
2020-01-16,10.98,10.66,11.03,10.59,32262,36645413.00,4.04,-2.20,-0.24,0.96
2020-01-17,10.66,10.53,10.76,10.48,31626,35454008.00,2.63,-1.22,-0.13,0.94
2020-01-20,10.67,10.77,10.80,10.54,33109,37424243.00,2.47,2.28,0.24,0.99
2020-01-21,10.76,11.38,11.67,10.69,127463,150867666.00,9.10,5.66,0.61,3.80
2020-01-22,11.51,11.11,11.61,10.93,119206,140681692.00,5.98,-2.37,-0.27,3.55
2020-01-23,11.26,10.84,11.38,10.43,83990,97372271.00,8.55,-2.43,-0.27,2.50
2020-02-03,11.99,11.99,11.99,11.99,48743,61465049.00,0.00,10.61,1.15,1.45
2020-02-04,13.25,13.25,13.25,13.25,36817,51065733.00,0.00,10.51,1.26,1.10
2020-02-05,14.64,14.64,14.64,14.64,11482,17522096.00,0.00,10.49,1.39,0.34
2020-02-06,16.17,16.17,16.17,16.17,4608,7736832.00,0.00,10.45,1.53,0.14
2020-02-07,17.85,17.85,17.85,17.85,12255,22635354.00,0.00,10.39,1.68,0.36
2020-02-10,19.70,19.70,19.70,19.26,554270,1125681696.00,2.46,10.36,1.85,16.51
2020-02-11,19.70,21.73,21.73,18.39,639619,1348466288.00,16.95,10.30,2.03,19.05
2020-02-12,21.58,21.51,21.88,19.50,648270,1379685504.00,10.95,-1.01,-0.22,19.31
2020-02-13,22.58,21.17,23.72,20.97,769696,1788343984.00,12.78,-1.58,-0.34,22.92
2020-02-14,20.07,18.99,20.35,18.99,452624,910670576.00,6.42,-10.30,-2.18,13.48
2020-02-17,18.61,18.73,19.51,18.01,337814,654934144.00,7.90,-1.37,-0.26,10.06
2020-02-18,18.66,19.50,19.70,18.49,336762,666594880.00,6.46,4.11,0.77,10.03
2020-02-19,19.26,20.32,21.40,18.55,432844,896999952.00,14.62,4.21,0.82,12.89
2020-02-20,19.39,19.70,21.27,19.30,394360,823933632.00,9.69,-3.05,-0.62,11.74
2020-02-21,19.67,21.73,21.73,19.67,396652,871018672.00,10.46,10.30,2.03,11.81
2020-02-24,23.97,23.97,23.97,23.97,15371,37796305.00,0.00,10.31,2.24,0.46
2020-02-25,26.43,26.43,26.43,26.43,25976,70265404.00,0.00,10.26,2.46,0.77
2020-02-26,29.14,29.14,29.14,27.89,604685,1787732704.00,4.73,10.25,2.71,18.01
2020-02-27,29.40,30.18,32.12,27.28,720703,2228077376.00,16.61,3.57,1.04,21.46
2020-02-28,32.38,33.26,33.26,31.18,362925,1214065360.00,6.89,10.21,3.08,10.81
2020-03-02,36.04,36.65,36.65,34.00,627414,2308045184.00,7.97,10.19,3.39,18.69
2020-03-03,34.76,39.68,40.38,34.76,595113,2276040480.00,15.33,8.27,3.03,17.72
2020-03-04,40.38,43.71,43.71,39.39,572455,2487425600.00,10.89,10.16,4.03,17.05
2020-03-05,44.40,48.14,48.14,44.38,426625,2022163824.00,8.60,10.13,4.43,12.71
2020-03-06,52.87,53.02,53.02,50.88,139162,739720512.00,4.45,10.14,4.88,4.14
2020-03-09,57.38,58.38,58.38,55.38,220776,1291548512.00,5.66,10.11,5.36,6.57
2020-03-10,52.48,52.48,61.88,52.48,698988,3817095968.00,16.10,-10.11,-5.90,20.82
2020-03-11,48.17,50.58,55.08,47.17,580772,2923419328.00,15.07,-3.62,-1.90,17.30
2020-03-12,51.58,45.46,52.94,45.46,502838,2450441616.00,14.79,-10.12,-5.12,14.98
2020-03-13,42.29,40.85,43.37,40.85,429137,1800040704.00,5.54,-10.14,-4.61,12.78
2020-03-16,43.07,45.00,45.00,42.09,388516,1747046384.00,7.12,10.16,4.15,11.57
2020-03-17,43.38,41.24,43.82,40.44,540853,2271201536.00,7.51,-8.36,-3.76,16.11
2020-03-18,39.19,42.03,44.38,37.58,514221,2127333616.00,16.49,1.92,0.79,15.31
2020-03-19,39.68,37.77,40.78,37.77,393160,1548570080.00,7.16,-10.14,-4.26,11.71
2020-03-20,38.13,38.88,40.61,38.13,377075,1514211280.00,6.57,2.94,1.11,11.23
2020-03-23,40.15,34.98,40.88,34.93,409860,1555943280.00,15.30,-10.03,-3.90,12.21
2020-03-24,34.66,33.44,35.33,31.78,372776,1268132256.00,10.15,-4.40,-1.54,11.10
2020-03-25,34.02,36.10,36.76,32.83,384921,1361277248.00,11.75,7.95,2.66,11.46
2020-03-26,34.38,34.36,37.18,33.28,386700,1363693520.00,10.80,-4.82,-1.74,11.52
2020-03-27,34.43,36.26,37.48,33.43,429957,1565065024.00,11.79,5.53,1.90,12.80
2020-03-30,36.88,38.98,39.88,36.38,489720,1896933760.00,9.65,7.50,2.72,14.58
2020-03-31,37.38,37.11,39.79,36.38,372594,1436064080.00,8.75,-4.80,-1.87,11.10
2020-04-01,36.18,34.64,36.35,34.19,311167,1107260320.00,5.82,-6.66,-2.47,9.27
2020-04-02,34.77,35.48,35.87,32.72,320101,1126955360.00,9.09,2.42,0.84,9.53
2020-04-03,35.18,39.09,39.09,35.18,414456,1615462496.00,11.02,10.17,3.61,12.34
2020-04-07,40.37,43.06,43.06,39.39,468903,1969610368.00,9.39,10.16,3.97,13.96
2020-04-08,44.38,47.43,47.43,41.88,596002,2700827088.00,12.89,10.15,4.37,17.75
2020-04-09,42.65,43.16,47.42,42.65,524871,2359938560.00,10.06,-9.00,-4.27,15.63
2020-04-10,42.38,40.61,44.38,40.38,411219,1753176544.00,9.27,-5.91,-2.55,12.25
2020-04-13,40.88,42.18,43.58,38.56,385648,1633445536.00,12.36,3.87,1.57,11.49
2020-04-14,42.83,40.65,42.98,39.87,298116,1230704768.00,7.37,-3.63,-1.53,8.88
2020-04-15,39.43,40.79,41.62,39.43,277265,1145992752.00,5.39,0.34,0.14,8.26
2020-04-16,40.07,38.63,40.83,38.08,286233,1137466128.00,6.74,-5.30,-2.16,8.52
2020-04-17,38.88,37.66,39.29,37.18,255418,989082080.00,5.46,-2.51,-0.97,7.61
2020-04-20,37.19,38.02,38.46,36.09,240138,908183936.00,6.29,0.96,0.36,7.15
2020-04-21,37.72,38.10,40.51,37.21,288399,1138213632.00,8.68,0.21,0.08,8.59
2020-04-22,37.41,37.48,38.58,36.64,166720,633271104.00,5.09,-1.63,-0.62,4.97
2020-04-23,37.89,38.23,38.83,37.76,203057,788520720.00,2.85,2.00,0.75,6.05
2020-04-24,37.73,34.69,37.77,34.39,259858,941100608.00,8.84,-9.26,-3.54,7.74
2020-04-27,35.74,34.92,36.70,34.26,186404,674466816.00,7.03,0.66,0.23,5.55
2020-04-28,33.56,33.20,33.87,31.46,206113,687333712.00,6.90,-4.93,-1.72,6.14
2020-04-29,32.92,31.77,33.25,31.41,171811,567079168.00,5.54,-4.31,-1.43,5.12
2020-04-30,31.96,32.00,32.58,31.41,141458,461765344.00,3.68,0.72,0.23,4.21
2020-05-06,31.83,32.32,32.50,31.46,133550,436248096.00,3.25,1.00,0.32,3.98
2020-05-07,32.88,33.32,34.62,32.40,261353,893888464.00,6.87,3.09,1.00,7.78
2020-05-08,32.88,32.29,32.88,31.89,175038,577101200.00,2.97,-3.09,-1.03,5.21
2020-05-11,32.53,32.23,32.57,31.63,129893,425330336.00,2.91,-0.19,-0.06,3.87
2020-05-12,32.37,32.18,32.56,31.78,97106,317452896.00,2.42,-0.16,-0.05,2.89
2020-05-13,32.06,33.29,33.91,31.89,225532,763125344.00,6.28,3.45,1.11,6.72
2020-05-14,32.56,31.46,32.57,31.45,176497,573112112.00,3.36,-5.50,-1.83,5.26
2020-05-15,31.53,30.92,31.77,30.43,146189,460926880.00,4.26,-1.72,-0.54,4.35
2020-05-18,31.33,30.77,31.48,30.76,101956,322939936.00,2.33,-0.49,-0.15,3.04
2020-05-19,31.25,30.68,31.38,30.48,90277,283954528.00,2.92,-0.29,-0.09,2.69
2020-05-20,30.94,30.72,31.27,30.52,105171,331460608.00,2.44,0.13,0.04,3.13
2020-05-21,30.37,28.88,30.37,28.69,169417,508158544.00,5.47,-5.99,-1.84,5.05
2020-05-22,29.11,27.68,29.13,27.48,147260,422613584.00,5.71,-4.16,-1.20,4.39
2020-05-25,28.04,27.52,28.16,27.35,80798,228978355.00,2.93,-0.58,-0.16,2.41
2020-05-26,27.58,28.09,28.14,27.38,88994,253421119.00,2.76,2.07,0.57,2.65
2020-05-27,28.09,27.41,28.37,27.37,89990,254787031.00,3.56,-2.42,-0.68,2.68
2020-05-28,27.36,27.08,27.55,26.39,100077,275442496.00,4.23,-1.20,-0.33,2.98
2020-05-29,27.18,27.10,28.38,26.80,106102,295147680.00,5.83,0.07,0.02,3.16
2020-06-01,26.90,27.81,27.95,26.51,117172,327869168.00,5.31,2.62,0.71,3.49
2020-06-02,28.19,27.31,28.19,27.27,97269,272164880.00,3.31,-1.80,-0.50,2.90
2020-06-03,27.43,27.62,28.42,27.23,153691,435328528.00,4.36,1.14,0.31,4.58
2020-06-04,27.62,27.01,27.63,26.92,105065,290660480.00,2.57,-2.21,-0.61,3.13
2020-06-05,27.11,26.83,27.35,26.63,64387,176583964.00,2.67,-0.67,-0.18,1.92
2020-06-08,27.07,26.33,27.29,26.30,81864,222517641.00,3.69,-1.86,-0.50,2.44
2020-06-09,26.46,26.58,26.68,26.01,87202,234432268.00,2.54,0.95,0.25,2.60
2020-06-10,26.85,26.17,26.87,26.05,74622,200169110.00,3.09,-1.54,-0.41,2.22
2020-06-11,26.17,26.27,26.78,25.90,99236,266196391.00,3.36,0.38,0.10,2.96
2020-06-12,27.11,28.65,28.95,27.11,359250,1035980064.00,7.00,9.06,2.38,10.70
2020-06-15,29.50,31.57,31.57,29.03,388418,1195974304.00,8.87,10.19,2.92,11.57
2020-06-16,31.58,30.23,31.66,29.51,307542,951637136.00,6.81,-4.24,-1.34,9.16
2020-06-17,30.42,31.15,33.01,30.41,354897,1136320960.00,8.60,3.04,0.92,10.57
2020-06-18,30.54,29.56,30.61,29.13,232650,702168304.00,4.75,-5.10,-1.59,6.93
2020-06-19,29.13,28.65,29.20,28.33,159041,463210752.00,2.94,-3.08,-0.91,4.74
2020-06-22,28.68,28.88,28.99,27.97,167743,486282912.00,3.56,0.80,0.23,5.00
2020-06-23,28.77,28.05,28.77,28.00,116117,334320208.00,2.67,-2.87,-0.83,3.46
2020-06-24,27.97,28.20,28.59,27.11,149433,422490080.00,5.28,0.53,0.15,4.45
2020-06-29,28.34,28.60,28.88,28.33,136417,397212080.00,1.95,1.42,0.40,4.06
2020-06-30,28.41,28.69,28.69,27.38,121892,350497952.00,4.58,0.31,0.09,3.63
2020-07-01,28.90,27.92,28.90,27.55,116429,333397184.00,4.71,-2.68,-0.77,3.47
2020-07-02,27.44,28.28,28.78,27.40,116068,332606688.00,4.94,1.29,0.36,3.46
2020-07-03,28.30,28.60,28.75,28.05,114534,331398736.00,2.48,1.13,0.32,3.41
2020-07-06,28.80,29.26,29.43,28.31,166198,491123232.00,3.92,2.31,0.66,4.95
2020-07-07,29.30,29.96,30.69,28.90,238083,725278528.00,6.12,2.39,0.70,7.09
2020-07-08,30.58,33.01,33.01,29.97,333728,1075430000.00,10.15,10.18,3.05,9.94
2020-07-09,33.06,34.98,36.24,33.05,366238,1290385792.00,9.66,5.97,1.97,10.91
2020-07-10,35.37,38.53,38.53,34.20,379950,1436180176.00,12.38,10.15,3.55,11.31
2020-07-13,41.52,38.61,41.52,37.60,402250,1617621696.00,10.17,0.21,0.08,11.98
2020-07-14,36.51,35.50,37.50,34.85,431353,1583758320.00,6.86,-8.05,-3.11,12.84
2020-07-15,35.08,35.81,37.15,33.35,321226,1154031216.00,10.70,0.87,0.31,9.57
2020-07-16,35.16,32.18,35.17,32.18,218254,744988400.00,8.35,-10.14,-3.63,6.50
2020-07-17,31.75,32.64,33.15,31.75,125960,416631312.00,4.35,1.43,0.46,3.75
2020-07-20,33.30,33.42,33.80,32.85,110098,372229488.00,2.91,2.39,0.78,3.28
2020-07-21,32.80,32.76,33.48,32.51,103940,347232528.00,2.90,-1.97,-0.66,3.10
2020-07-22,32.60,32.53,33.28,32.28,110634,368934016.00,3.05,-0.70,-0.23,3.29
2020-07-23,32.26,32.11,32.85,31.18,129309,421116016.00,5.13,-1.29,-0.42,3.85
2020-07-24,32.10,29.19,32.39,28.94,157548,488961680.00,10.74,-9.09,-2.92,4.69
2020-07-27,29.42,29.62,29.78,29.01,90198,270771312.00,2.64,1.47,0.43,2.69
2020-07-28,29.77,32.63,32.63,29.77,186782,594739520.00,9.66,10.16,3.01,5.56
2020-07-29,32.50,32.67,33.38,31.58,211177,699357104.00,5.52,0.12,0.04,6.29
2020-07-30,32.49,31.08,32.69,31.05,170923,549391776.00,5.02,-4.87,-1.59,5.09
2020-07-31,30.61,31.94,32.49,30.40,159426,510547248.00,6.72,2.77,0.86,4.75
2020-08-03,32.05,34.02,34.85,31.62,221945,747067136.00,10.11,6.51,2.08,6.61
2020-08-04,34.30,34.05,35.05,32.66,238379,818607712.00,7.03,0.09,0.03,7.10
2020-08-05,33.48,33.35,34.19,32.86,131670,446490048.00,3.91,-2.06,-0.70,3.92
2020-08-06,33.16,32.21,33.68,32.17,134434,444726432.00,4.53,-3.42,-1.14,4.00
2020-08-07,32.08,31.17,32.10,30.62,108070,343920672.00,4.59,-3.23,-1.04,3.22
2020-08-10,30.94,31.34,31.71,30.63,82610,262069603.00,3.46,0.55,0.17,2.46
2020-08-11,31.29,30.05,31.65,29.82,92747,290336000.00,5.84,-4.12,-1.29,2.76
2020-08-12,29.80,28.95,30.05,28.08,108140,317801584.00,6.56,-3.66,-1.10,3.22
2020-08-13,28.94,29.15,29.45,28.66,60185,177971601.00,2.73,0.69,0.20,1.79
2020-08-14,29.15,29.13,29.25,28.42,53375,156838855.00,2.85,-0.07,-0.02,1.59
2020-08-17,29.11,29.80,29.81,29.10,78154,235029311.00,2.44,2.30,0.67,2.33
2020-08-18,29.95,29.76,29.95,29.56,56121,169542371.00,1.31,-0.13,-0.04,1.67
2020-08-19,29.55,28.78,29.72,28.76,72112,213604059.00,3.23,-3.29,-0.98,2.15
2020-08-20,28.28,28.78,29.29,27.40,62460,181688348.00,6.57,0.00,0.00,1.86
2020-08-21,29.06,29.61,29.87,28.91,78239,234926579.00,3.34,2.88,0.83,2.33
2020-08-24,29.80,29.60,29.90,29.05,53879,161520903.00,2.87,-0.03,-0.01,1.60
2020-08-25,29.57,29.50,30.10,29.40,70816,213998316.00,2.36,-0.34,-0.10,2.11
2020-08-26,30.31,29.73,30.49,29.53,121879,372082064.00,3.25,0.78,0.23,3.63
2020-08-27,29.66,29.49,29.95,28.81,84627,254373266.00,3.83,-0.81,-0.24,2.52
2020-08-28,29.48,29.39,29.65,28.94,74980,222748039.00,2.41,-0.34,-0.10,2.23
2020-08-31,29.38,30.70,31.48,29.21,163916,507326160.00,7.72,4.46,1.31,4.88
2020-09-01,30.69,30.33,30.95,29.90,79064,244183914.00,3.42,-1.21,-0.37,2.35
2020-09-02,30.47,30.94,31.40,30.47,98359,309032496.00,3.07,2.01,0.61,2.93
2020-09-03,30.89,31.78,31.99,30.51,130854,419278480.00,4.78,2.71,0.84,3.90
2020-09-04,31.10,30.51,31.35,30.36,90888,283381088.00,3.12,-4.00,-1.27,2.71
2020-09-07,30.45,28.81,30.45,28.58,92385,278291680.00,6.13,-5.57,-1.70,2.75
2020-09-08,28.72,29.25,29.81,28.10,66681,195033534.00,5.94,1.53,0.44,1.99
2020-09-09,28.74,27.46,28.97,27.45,84264,239791368.00,5.20,-6.12,-1.79,2.51
2020-09-10,27.77,27.50,28.20,27.28,55963,158157298.00,3.35,0.15,0.04,1.67
2020-09-11,27.48,27.97,28.03,27.23,42221,119114789.00,2.91,1.71,0.47,1.26
2020-09-14,27.92,28.03,28.52,27.90,40806,116752913.00,2.22,0.21,0.06,1.22
2020-09-15,28.10,28.23,28.48,27.52,43034,122411879.00,3.42,0.71,0.20,1.28
2020-09-16,28.14,27.76,28.35,27.56,34900,98957634.00,2.80,-1.66,-0.47,1.04
2020-09-17,27.70,28.25,28.49,27.51,44716,127796801.00,3.53,1.77,0.49,1.33
2020-09-18,28.17,28.20,28.48,27.85,45251,129636380.00,2.23,-0.18,-0.05,1.35
2020-09-21,28.27,28.89,28.99,28.22,51329,149872837.00,2.73,2.45,0.69,1.53
2020-09-22,29.22,30.36,31.18,29.22,151626,470235552.00,6.78,5.09,1.47,4.52
2020-09-23,29.87,29.59,29.98,29.26,81052,243661273.00,2.37,-2.54,-0.77,2.41
2020-09-24,29.45,28.10,29.45,28.03,78910,226085631.00,4.80,-5.04,-1.49,2.35
2020-09-25,28.14,28.41,28.99,28.14,54951,157844569.00,3.02,1.10,0.31,1.64
2020-09-28,28.40,27.62,28.40,27.56,45963,128788089.00,2.96,-2.78,-0.79,1.37
2020-09-29,27.72,27.69,28.02,27.61,33229,93205982.00,1.48,0.25,0.07,0.99
2020-09-30,27.65,27.75,27.92,27.41,27319,76363972.00,1.84,0.22,0.06,0.81
2020-10-09,28.25,28.17,28.55,28.05,41575,118682751.00,1.80,1.51,0.42,1.24
2020-10-12,28.74,30.05,30.14,28.74,94241,280476464.00,4.97,6.67,1.88,2.81
2020-10-13,30.05,29.96,30.30,29.58,87038,262802728.00,2.40,-0.30,-0.09,2.59
2020-10-14,29.90,30.69,31.40,29.50,134832,418417936.00,6.34,2.44,0.73,4.02
2020-10-15,30.44,30.17,30.90,29.97,77795,237891709.00,3.03,-1.69,-0.52,2.32
2020-10-16,30.41,30.83,31.29,30.26,91901,285056768.00,3.41,2.19,0.66,2.74
2020-10-19,30.95,29.57,30.95,29.37,85847,258138818.00,5.12,-4.09,-1.26,2.56
2020-10-20,29.51,29.62,29.72,28.97,47112,139520853.00,2.54,0.17,0.05,1.40
2020-10-21,29.60,28.56,29.72,28.45,61104,178508995.00,4.29,-3.58,-1.06,1.82
2020-10-22,28.31,28.38,28.52,27.76,45811,129978501.00,2.66,-0.63,-0.18,1.36
2020-10-23,28.37,28.11,28.69,28.03,33498,95523636.00,2.33,-0.95,-0.27,1.00
2020-10-26,28.45,28.93,28.93,28.16,52297,151036813.00,2.74,2.92,0.82,1.56
2020-10-27,28.94,28.03,29.00,27.81,68087,192746638.00,4.11,-3.11,-0.90,2.03
2020-10-28,28.02,27.61,28.02,27.05,68411,189568305.00,3.46,-1.50,-0.42,2.04
2020-10-29,27.25,27.89,28.40,27.16,67411,190001616.00,4.49,1.01,0.28,2.01
2020-10-30,27.78,26.95,27.92,26.83,58936,162648224.00,3.91,-3.37,-0.94,1.75
2020-11-02,27.05,26.95,27.33,26.76,40915,111390556.00,2.12,0.00,0.00,1.22
2020-11-03,27.02,27.25,27.25,26.84,40179,109800515.00,1.52,1.11,0.30,1.20
2020-11-04,27.25,27.06,27.40,26.87,32623,89021714.00,1.94,-0.70,-0.19,0.97
2020-11-05,27.21,27.55,27.59,26.93,50472,138668634.00,2.44,1.81,0.49,1.50
2020-11-06,27.45,26.88,27.45,26.80,50516,137483051.00,2.36,-2.43,-0.67,1.50
2020-11-09,27.00,27.84,27.89,27.00,78268,217683910.00,3.31,3.57,0.96,2.33
2020-11-10,27.53,27.11,27.54,26.91,74379,203863000.00,2.26,-2.62,-0.73,2.21
2020-11-11,27.31,26.87,27.31,26.85,39324,107134349.00,1.70,-0.89,-0.24,1.17
2020-11-12,26.96,27.02,27.10,26.87,26819,72981073.00,0.86,0.56,0.15,0.80
2020-11-13,27.03,26.05,27.03,25.85,58157,153523517.00,4.37,-3.59,-0.97,1.73
2020-11-16,26.07,26.21,26.21,25.78,33313,87479399.00,1.65,0.61,0.16,0.99
2020-11-17,26.05,24.85,26.11,24.78,74940,190521433.00,5.07,-5.19,-1.36,2.23
2020-11-18,24.81,24.89,25.13,24.60,35663,89858953.00,2.13,0.16,0.04,1.06
2020-11-19,24.74,25.21,25.25,24.67,34641,87631351.00,2.33,1.29,0.32,1.03
2020-11-20,25.20,25.07,25.34,24.82,29952,75708382.00,2.06,-0.56,-0.14,0.89
2020-11-23,25.53,26.04,26.42,25.45,70831,186081826.00,3.87,3.87,0.97,2.11
2020-11-24,25.92,25.66,25.92,25.41,40420,104412388.00,1.96,-1.46,-0.38,1.20
2020-11-25,25.67,25.85,26.03,25.49,51705,134798263.00,2.10,0.74,0.19,1.54
2020-11-26,25.48,23.24,25.48,23.24,154028,368856560.00,8.67,-10.10,-2.61,4.59
2020-11-27,22.65,22.55,22.80,21.97,95881,216549004.00,3.57,-2.97,-0.69,2.86
2020-11-30,22.36,22.05,22.53,21.67,72134,161384853.00,3.81,-2.22,-0.50,2.15
2020-12-01,21.93,22.27,22.48,21.90,50002,112385521.00,2.63,1.00,0.22,1.49
2020-12-02,22.29,23.39,23.93,22.28,106546,251870612.00,7.41,5.03,1.12,3.17
2020-12-03,23.11,23.14,23.61,22.76,64010,149495531.00,3.63,-1.07,-0.25,1.91
2020-12-04,23.14,24.03,24.43,22.85,89234,215721914.00,6.83,3.85,0.89,2.66
2020-12-07,24.03,24.21,24.72,23.96,76452,188344479.00,3.16,0.75,0.18,2.28
2020-12-08,24.30,24.06,24.38,23.65,49908,121068520.00,3.02,-0.62,-0.15,1.49
2020-12-09,24.06,23.31,24.06,23.26,53578,128010941.00,3.33,-3.12,-0.75,1.60
2020-12-10,23.36,23.27,23.59,23.01,40121,94220093.00,2.49,-0.17,-0.04,1.19
2020-12-11,23.14,22.75,23.39,22.31,44495,102191133.00,4.64,-2.23,-0.52,1.32
2020-12-14,22.75,23.25,23.33,22.21,38765,89548438.00,4.92,2.20,0.50,1.15
2020-12-15,23.26,23.14,23.62,22.96,39699,93236691.00,2.84,-0.47,-0.11,1.18
2020-12-16,22.90,22.61,23.05,22.50,34801,79833096.00,2.38,-2.29,-0.53,1.04
2020-12-17,22.50,22.97,23.02,22.35,36261,83164008.00,2.96,1.59,0.36,1.08
2020-12-18,23.01,22.37,23.01,22.28,39025,88858130.00,3.18,-2.61,-0.60,1.16
2020-12-21,22.41,23.25,23.63,22.38,72186,168982784.00,5.59,3.93,0.88,2.15
2020-12-22,23.38,25.60,25.60,23.35,194308,494091824.00,9.68,10.11,2.35,5.79
2020-12-23,25.59,25.21,25.97,24.60,221022,562088512.00,5.35,-1.52,-0.39,6.58
2020-12-24,24.75,24.40,25.25,24.17,130219,323272800.00,4.28,-3.21,-0.81,3.88
2020-12-25,24.23,25.15,25.75,23.66,130032,322362480.00,8.57,3.07,0.75,3.86
2020-12-28,25.15,25.85,27.03,25.15,204067,537231840.00,7.48,2.78,0.70,6.06
2020-12-29,25.30,26.45,27.42,24.55,167673,433665552.00,11.10,2.32,0.60,4.98
2020-12-30,25.79,25.83,26.75,25.55,122468,322102848.00,4.54,-2.34,-0.62,3.63
2020-12-31,25.75,25.49,26.19,25.43,108537,281520096.00,2.94,-1.32,-0.34,3.21