2011-01-04,8.67,8.79,8.92,8.59,21370,84115421.30,3.85,2.45,0.21,3.37
2011-01-05,8.78,8.74,8.81,8.62,21116,82293776.59,2.16,-0.57,-0.05,3.33
2011-01-06,8.69,8.51,8.91,8.51,23306,90548851.54,4.58,-2.63,-0.23,3.67
2011-01-07,8.49,8.60,8.74,8.44,29590,114402357.00,3.53,1.06,0.09,4.66
2011-01-10,8.62,8.31,8.77,8.29,17049,65646853.40,5.58,-3.37,-0.29,2.68
2011-01-11,8.23,8.11,8.31,8.01,17044,62644966.13,3.61,-2.41,-0.20,2.68
2011-01-12,8.17,8.18,8.27,8.04,10189,37560043.90,2.84,0.86,0.07,1.60
2011-01-13,8.23,8.15,8.23,8.09,8186,30177818.47,1.71,-0.37,-0.03,1.29
2011-01-14,8.17,7.77,8.17,7.74,15389,55301533.69,5.28,-4.66,-0.38,2.42
2011-01-17,7.67,7.42,7.73,7.41,20003,68807934.94,4.12,-4.50,-0.35,3.15
2011-01-18,7.42,7.44,7.51,7.39,6851,23325207.20,1.62,0.27,0.02,1.08
2011-01-19,7.50,7.73,7.75,7.42,15301,53191035.88,4.44,3.90,0.29,2.41
2011-01-20,7.71,7.66,7.96,7.59,23173,82365846.91,4.79,-0.91,-0.07,3.65
2011-01-21,7.64,7.76,7.90,7.56,12791,45089998.12,4.44,1.31,0.10,2.01
2011-01-24,7.79,7.69,7.88,7.67,11746,41360682.83,2.71,-0.90,-0.07,1.85
2011-01-25,7.69,7.56,7.70,7.44,11824,40632488.27,3.38,-1.69,-0.13,1.86
2011-01-26,7.53,7.79,7.81,7.53,6883,24199291.83,3.70,3.04,0.23,1.08
2011-01-27,7.79,7.90,7.98,7.72,8981,32164577.12,3.34,1.41,0.11,1.41
2011-01-28,7.90,7.88,7.96,7.74,10555,37600706.86,2.78,-0.25,-0.02,1.66
2011-01-31,7.88,7.91,8.06,7.88,14519,52300714.88,2.28,0.38,0.03,2.29
2011-02-01,7.90,7.84,7.97,7.78,8751,31167333.13,2.40,-0.88,-0.07,1.38
2011-02-09,7.69,7.58,7.81,7.56,8725,30599789.85,3.19,-3.32,-0.26,1.37
2011-02-10,7.57,7.81,7.82,7.57,17588,61732706.62,3.30,3.03,0.23,2.77
2011-02-11,7.83,8.11,8.14,7.82,24636,89514203.83,4.10,3.84,0.30,3.88
2011-02-14,8.12,8.16,8.21,8.01,21291,78300994.79,2.47,0.62,0.05,3.35
2011-02-15,8.16,8.43,8.51,8.04,33291,123828521.22,5.76,3.31,0.27,5.24
2011-02-16,8.34,8.48,8.51,8.31,18093,68577529.23,2.37,0.59,0.05,2.85
2011-02-17,8.44,8.50,8.51,8.26,20538,77680256.71,2.95,0.24,0.02,3.23
2011-02-18,8.44,8.25,8.47,8.22,17157,64452740.25,2.94,-2.94,-0.25,2.70
2011-02-21,8.30,8.80,8.81,8.19,29708,114596921.05,7.52,6.67,0.55,4.68
2011-02-22,8.80,8.44,8.81,8.39,25043,96201853.20,4.77,-4.09,-0.36,3.94
2011-02-23,8.40,8.65,8.69,8.40,23999,92404828.83,3.44,2.49,0.21,3.78
2011-02-24,8.61,8.63,8.72,8.48,20122,77740972.61,2.77,-0.23,-0.02,3.17
2011-02-25,8.44,8.02,8.46,7.83,45240,165064330.13,7.30,-7.07,-0.61,7.12
2011-02-28,8.02,8.12,8.14,7.90,28575,103385552.35,2.99,1.25,0.10,4.50
2011-03-01,8.06,7.81,8.11,7.78,30570,110405466.49,4.06,-3.82,-0.31,4.81
2011-03-02,7.86,7.98,8.01,7.82,18068,64975071.85,2.43,2.18,0.17,2.85
2011-03-03,7.96,7.93,8.06,7.82,17869,64226104.02,3.01,-0.63,-0.05,2.81
2011-03-04,7.95,8.00,8.02,7.87,13830,49778373.92,1.89,0.88,0.07,2.18
2011-03-07,8.00,8.21,8.24,7.96,25218,92320514.09,3.50,2.63,0.21,3.97
2011-03-08,8.19,8.21,8.22,8.08,12410,45736470.48,1.71,0.00,0.00,1.95
2011-03-09,8.21,8.10,8.24,8.04,16993,62314911.48,2.44,-1.34,-0.11,2.68
2011-03-10,8.08,8.08,8.20,8.06,16469,60577968.71,1.73,-0.25,-0.02,2.59
2011-03-11,8.06,8.57,8.79,8.03,63006,240982851.31,9.41,6.06,0.49,9.92
2011-03-14,8.51,8.65,8.68,8.49,27543,106594196.67,2.22,0.93,0.08,4.34
2011-03-15,8.59,8.59,8.64,8.14,32419,122356670.96,5.78,-0.69,-0.06,5.11
2011-03-16,8.53,8.60,8.64,8.40,19427,74576755.72,2.79,0.12,0.01,3.06
2011-03-17,8.51,8.23,8.51,8.14,18738,70449883.06,4.30,-4.30,-0.37,2.95
2011-03-18,8.24,8.35,8.38,8.14,20831,77593115.18,2.92,1.46,0.12,3.28
2011-03-21,8.32,8.34,8.39,8.19,11648,43573262.90,2.40,-0.12,-0.01,1.83
2011-03-22,8.34,8.51,8.61,8.29,32835,125765195.24,3.84,2.04,0.17,5.17
2011-03-23,8.54,8.53,8.58,8.42,20794,79474560.85,1.88,0.24,0.02,3.27
2011-03-24,8.53,8.67,8.76,8.53,34713,135343701.27,2.70,1.64,0.14,5.47
2011-03-25,8.67,8.71,8.80,8.61,40226,157396897.59,2.19,0.46,0.04,6.33
2011-03-28,8.75,8.45,8.81,8.37,58993,225955568.66,5.05,-2.99,-0.26,9.29
2011-03-29,8.53,8.31,8.61,8.29,60778,230831592.13,3.79,-1.66,-0.14,9.57
2011-03-30,8.34,8.11,8.36,8.04,23650,87215356.09,3.85,-2.41,-0.20,3.72
2011-03-31,8.12,8.17,8.23,8.12,11784,43518404.64,1.36,0.74,0.06,1.86
2011-04-01,8.17,8.33,8.35,8.17,14598,54530083.45,2.20,1.96,0.16,2.30
2011-04-06,8.39,8.10,8.41,8.08,26164,97240382.90,3.96,-2.76,-0.23,4.12
2011-04-07,8.08,7.99,8.17,7.91,23871,86403319.17,3.21,-1.36,-0.11,3.76
2011-04-08,7.96,8.04,8.12,7.96,22184,80916732.82,2.00,0.63,0.05,3.49
2011-04-11,8.07,8.08,8.16,8.06,17254,63268170.80,1.24,0.50,0.04,2.72
2011-04-12,8.09,8.11,8.15,8.07,10690,39245950.86,0.99,0.37,0.03,1.68
2011-04-13,8.11,8.25,8.25,7.94,14774,54439529.31,3.82,1.73,0.14,2.33
2011-04-14,8.27,8.20,8.28,8.19,11963,44507064.43,1.09,-0.61,-0.05,1.88
2011-04-15,8.20,8.39,8.41,8.19,19953,75103907.71,2.68,2.32,0.19,3.14
2011-04-19,8.46,8.44,8.53,8.34,24674,93801273.19,2.26,0.60,0.05,3.89
2011-04-20,8.60,8.74,8.81,8.60,40649,158729757.78,2.49,3.55,0.30,6.40
2011-04-21,9.03,9.34,9.47,9.03,86381,357321397.00,5.03,6.86,0.60,13.60
2011-04-22,9.37,9.52,9.55,9.21,61721,257407243.43,3.64,1.93,0.18,9.72
2011-04-25,9.54,9.18,9.58,9.13,64903,268659735.52,4.73,-3.57,-0.34,10.22
2011-04-26,8.69,8.18,8.80,8.18,93292,169895732.17,6.75,-10.89,-1.00,7.35
2011-04-27,8.07,7.81,8.07,7.64,75860,131128911.39,5.26,-4.52,-0.37,5.97
2011-04-28,7.83,7.38,7.91,7.34,44261,74832840.55,7.30,-5.51,-0.43,3.49
2011-04-29,7.37,7.58,7.67,7.31,34573,57345127.40,4.88,2.71,0.20,2.72
2011-05-03,7.51,7.54,7.60,7.20,38281,62907967.35,5.28,-0.53,-0.04,3.01
2011-05-04,7.50,7.34,7.50,7.32,29179,47727429.50,2.39,-2.65,-0.20,2.30
2011-05-05,7.29,7.28,7.42,7.24,23982,38970680.71,2.45,-0.82,-0.06,1.89
2011-05-06,7.21,7.06,7.23,6.97,40878,64356870.93,3.57,-3.02,-0.22,3.22
2011-05-09,7.10,7.07,7.26,7.06,27482,43723550.39,2.83,0.14,0.01,2.16
2011-05-10,7.07,7.15,7.17,6.84,28708,45214543.75,4.67,1.13,0.08,2.26
2011-05-11,7.14,7.09,7.17,7.04,21042,33303936.94,1.82,-0.84,-0.06,1.66
2011-05-12,6.99,6.85,7.03,6.84,26485,41122530.73,2.68,-3.39,-0.24,2.09
2011-05-13,6.84,6.96,6.98,6.82,19731,30386515.15,2.34,1.61,0.11,1.55
2011-05-16,6.99,7.27,7.39,6.96,53337,85848134.73,6.18,4.45,0.31,4.20
2011-05-17,7.22,7.25,7.41,7.19,34485,56004508.87,3.03,-0.28,-0.02,2.72
2011-05-18,7.22,7.28,7.37,7.09,23137,37040545.04,3.86,0.41,0.03,1.82
2011-05-19,7.28,7.68,8.07,7.28,81092,138376684.12,10.85,5.49,0.40,6.39
2011-05-20,7.67,7.69,7.94,7.61,51832,88887942.67,4.30,0.13,0.01,4.08
2011-05-23,7.60,7.21,7.69,7.19,40720,66638156.40,6.50,-6.24,-0.48,3.21
2011-05-24,7.18,7.00,7.18,6.84,48754,75826609.79,4.72,-2.91,-0.21,3.84
2011-05-25,7.00,6.87,7.11,6.85,20939,32468795.17,3.71,-1.86,-0.13,1.65
2011-05-26,6.95,6.68,7.04,6.68,23853,36316236.95,5.24,-2.77,-0.19,1.88
2011-05-27,6.59,6.40,6.70,6.36,26379,38471018.23,5.09,-4.19,-0.28,2.08
2011-05-30,6.42,6.41,6.61,6.31,16362,23910791.62,4.69,0.16,0.01,1.29
2011-05-31,6.46,6.66,6.67,6.44,19716,29071651.83,3.59,3.90,0.25,1.55
2011-06-01,6.64,6.70,6.79,6.55,19095,28544876.70,3.60,0.60,0.04,1.50
2011-06-02,6.61,6.47,6.61,6.34,17707,25862111.73,4.03,-3.43,-0.23,1.39
2011-06-03,6.45,6.58,6.61,6.44,15171,22366754.60,2.63,1.70,0.11,1.19
2011-06-07,6.57,6.74,6.75,6.50,17268,25882154.45,3.80,2.43,0.16,1.36
2011-06-08,6.86,7.04,7.07,6.85,43711,67952802.89,3.26,4.45,0.30,3.44
2011-06-09,6.91,6.66,6.94,6.66,23620,36002716.79,3.98,-5.40,-0.38,1.86
2011-06-10,6.66,6.64,6.69,6.46,15970,23651526.17,3.45,-0.30,-0.02,1.26
2011-06-13,6.57,6.53,6.65,6.44,12050,17659657.92,3.16,-1.66,-0.11,0.95
2011-06-14,6.58,6.77,6.83,6.47,21697,32782365.73,5.51,3.68,0.24,1.71
2011-06-15,6.79,6.60,6.79,6.59,13822,20726929.13,2.95,-2.51,-0.17,1.09
2011-06-16,6.49,6.42,6.53,6.39,14838,21588437.50,2.12,-2.73,-0.18,1.17
2011-06-17,6.42,6.38,6.51,6.35,11659,16881652.52,2.49,-0.62,-0.04,0.92
2011-06-20,6.36,6.39,6.44,6.34,7509,10804027.47,1.57,0.16,0.01,0.59
2011-06-21,6.43,6.49,6.50,6.39,9346,13574816.99,1.72,1.56,0.10,0.74
2011-06-22,6.51,6.38,6.57,6.35,11526,16671207.15,3.39,-1.69,-0.11,0.91
2011-06-23,6.41,6.54,6.57,6.32,20002,29162951.16,3.92,2.51,0.16,1.57
2011-06-24,6.50,6.80,6.95,6.50,39636,60057744.54,6.88,3.98,0.26,3.12
2011-06-27,6.83,6.97,7.02,6.75,42573,65673698.02,3.97,2.50,0.17,3.35
2011-06-28,6.97,6.93,6.97,6.82,22542,34675464.23,2.15,-0.57,-0.04,1.77
2011-06-29,6.90,6.82,7.06,6.80,18470,28619030.30,3.75,-1.59,-0.11,1.45
2011-06-30,6.81,6.94,6.95,6.79,22730,35077208.08,2.35,1.76,0.12,1.79
2011-07-01,6.94,6.87,6.99,6.86,19416,30072131.97,1.87,-1.01,-0.07,1.53
2011-07-05,7.09,7.14,7.33,7.04,61699,98399777.38,4.22,3.93,0.27,4.86
2011-07-06,7.09,7.11,7.13,6.97,33065,51913908.26,2.24,-0.42,-0.03,2.60
2011-07-07,7.14,7.17,7.31,7.06,44050,70589236.04,3.52,0.84,0.06,3.47
2011-07-08,7.13,7.31,7.31,7.11,38702,62362227.64,2.79,1.95,0.14,3.05
2011-07-11,7.24,7.25,7.31,7.16,30322,48843625.68,2.05,-0.82,-0.06,2.39
2011-07-12,7.17,6.97,7.17,6.94,28747,45335844.80,3.17,-3.86,-0.28,2.26
2011-07-13,6.99,7.16,7.19,6.99,24699,39153225.94,2.87,2.73,0.19,1.79
2011-07-14,7.19,7.32,7.32,7.14,40308,64928327.77,2.51,2.23,0.16,2.92
2011-07-15,7.20,7.17,7.25,6.99,62977,99944848.00,3.55,-2.05,-0.15,4.56
2011-07-18,7.12,7.07,7.22,7.03,35498,56234289.39,2.65,-1.39,-0.10,2.57
2011-07-19,7.04,6.95,7.04,6.90,25417,39481717.46,1.98,-1.70,-0.12,1.84
2011-07-20,6.95,6.99,7.08,6.89,20979,32614874.27,2.73,0.58,0.04,1.52
2011-07-21,6.99,6.94,7.06,6.92,18549,28975123.43,2.00,-0.72,-0.05,1.34
2011-07-22,6.99,7.01,7.11,6.99,19168,30134511.92,1.73,1.01,0.07,1.39
2011-07-25,6.95,6.53,6.95,6.53,40999,61661763.61,5.99,-6.85,-0.48,2.97
2011-07-26,6.53,6.58,6.61,6.43,16040,23431208.38,2.76,0.77,0.05,1.16
2011-07-27,6.58,6.77,6.80,6.39,24484,36654034.99,6.23,2.89,0.19,1.77
2011-07-28,6.68,7.18,7.31,6.64,73434,115993772.53,9.90,6.06,0.41,5.32
2011-07-29,7.18,7.21,7.38,7.14,76708,124192454.25,3.34,0.42,0.03,5.56
2011-08-01,7.19,6.99,7.19,6.89,44480,69373165.04,4.16,-3.05,-0.22,3.22
2011-08-02,6.90,6.75,6.97,6.59,33428,50444023.52,5.44,-3.43,-0.24,2.42
2011-08-03,6.68,6.76,6.80,6.61,18887,28474169.25,2.81,0.15,0.01,1.37
2011-08-04,6.69,6.70,6.84,6.61,31263,46904998.03,3.40,-0.89,-0.06,2.26
2011-08-05,6.49,6.54,6.62,6.44,22809,33606587.32,2.69,-2.39,-0.16,1.65
2011-08-08,6.48,5.94,6.48,5.84,40122,55657545.81,9.79,-9.17,-0.60,2.91
2011-08-09,5.74,5.82,5.93,5.54,24156,31528129.02,6.57,-2.02,-0.12,1.75
2011-08-10,5.94,5.88,6.02,5.86,23277,31399433.44,2.75,1.03,0.06,1.69
2011-08-11,5.66,5.91,5.92,5.63,29997,39605952.89,4.93,0.51,0.03,2.17
2011-08-12,5.98,5.96,6.06,5.94,21663,29520980.00,2.03,0.85,0.05,1.57
2011-08-15,5.97,6.11,6.14,5.97,19712,27149826.00,2.85,2.52,0.15,1.43
2011-08-17,6.03,5.98,6.15,5.97,22315,30581809.00,2.95,-2.13,-0.13,1.62
2011-08-18,6.03,5.75,6.03,5.71,22113,29442279.00,5.35,-3.85,-0.23,1.60
2011-08-19,5.63,5.63,5.63,5.49,20035,25564512.00,2.43,-2.09,-0.12,1.45
2011-08-22,5.67,5.66,5.73,5.59,13950,18060239.00,2.49,0.53,0.03,1.01
2011-08-23,5.75,5.74,5.76,5.61,23355,30373017.00,2.65,1.41,0.08,1.69
2011-08-24,5.80,5.96,6.02,5.76,45472,61508579.00,4.53,3.83,0.22,3.29
2011-08-25,5.94,6.03,6.06,5.91,24819,33786002.00,2.52,1.17,0.07,1.80
2011-08-26,6.01,5.98,6.08,5.94,20711,28317172.00,2.32,-0.83,-0.05,1.50
2011-08-29,5.95,5.93,6.04,5.91,15841,21460879.00,2.17,-0.84,-0.05,1.15
2011-08-30,5.97,5.88,6.04,5.87,20727,28055425.00,2.87,-0.84,-0.05,1.50
2011-08-31,5.84,5.70,5.91,5.66,24305,31743642.00,4.25,-3.06,-0.18,1.76
2011-09-01,5.74,5.63,5.75,5.61,16308,21166722.00,2.46,-1.23,-0.07,1.18
2011-09-02,5.62,5.58,5.65,5.54,12548,16036856.00,1.95,-0.89,-0.05,0.91
2011-09-05,5.55,5.32,5.56,5.29,26724,32888284.00,4.84,-4.66,-0.26,1.94
2011-09-06,5.23,5.26,5.33,5.22,11485,14009816.00,2.07,-1.13,-0.06,0.83
2011-09-07,5.31,5.37,5.38,5.26,21992,26965837.00,2.28,2.09,0.11,1.59
2011-09-08,5.42,5.22,5.42,5.22,15323,18792216.00,3.72,-2.79,-0.15,1.11
2011-09-09,5.24,5.27,5.30,5.22,11355,13773513.00,1.53,0.96,0.05,0.82
2011-09-13,5.14,5.11,5.18,5.07,12853,15230161.00,2.09,-3.04,-0.16,0.93
2011-09-14,5.14,5.13,5.16,5.00,17881,21096948.00,3.13,0.39,0.02,1.29
2011-09-15,5.13,5.15,5.19,5.09,18285,21788674.00,1.95,0.39,0.02,1.32
2011-09-16,5.17,5.04,5.20,5.02,17958,21225829.00,3.50,-2.14,-0.11,1.30
2011-09-19,5.01,4.82,5.01,4.81,23170,26239630.00,3.97,-4.37,-0.22,1.68
2011-09-20,4.78,4.80,4.88,4.69,16095,18003176.00,3.94,-0.41,-0.02,1.17
2011-09-21,4.79,5.11,5.12,4.77,30026,34759150.00,7.29,6.46,0.31,2.17
2011-09-22,5.03,5.02,5.28,5.02,46670,55672204.00,5.09,-1.76,-0.09,3.38
2011-09-23,4.86,5.09,5.15,4.84,24716,28903351.00,6.18,1.39,0.07,1.79
2011-09-26,5.09,4.95,5.22,4.86,19215,22405516.00,7.07,-2.75,-0.14,1.39
2011-09-27,5.00,4.90,5.03,4.82,11832,13559381.00,4.24,-1.01,-0.05,0.86
2011-09-28,5.01,4.77,5.01,4.74,14995,16979737.00,5.51,-2.65,-0.13,1.09
2011-09-29,4.72,4.43,4.76,4.39,27182,29330889.00,7.76,-7.13,-0.34,1.97
2011-09-30,4.45,4.43,4.51,4.37,10987,11536810.00,3.16,0.00,0.00,0.80
2011-10-10,4.49,4.53,4.60,4.39,13873,14741676.00,4.74,2.26,0.10,1.00
2011-10-11,4.68,4.54,4.75,4.49,16112,17453999.00,5.74,0.22,0.01,1.17
2011-10-12,4.54,4.74,4.76,4.45,23277,25428840.00,6.83,4.41,0.20,1.69
2011-10-13,4.71,4.76,4.81,4.69,22776,25376736.00,2.53,0.42,0.02,1.65
2011-10-14,4.79,4.72,4.80,4.67,14020,15484120.00,2.73,-0.84,-0.04,1.02
2011-10-17,4.74,4.75,4.83,4.71,14356,15988376.00,2.54,0.64,0.03,1.04
2011-10-18,4.70,4.44,4.70,4.44,13700,14800689.00,5.47,-6.53,-0.31,0.99
2011-10-19,4.49,4.46,4.56,4.43,10027,10602406.00,2.93,0.45,0.02,0.73
2011-10-20,4.40,4.26,4.49,4.19,16282,16584471.00,6.73,-4.48,-0.20,1.18
2011-10-21,4.26,4.19,4.28,4.13,14651,14635215.00,3.52,-1.64,-0.07,1.06
2011-10-24,4.19,4.30,4.31,4.15,14924,15098973.00,3.82,2.63,0.11,1.08
2011-10-25,4.28,4.47,4.54,4.27,18168,18994319.00,6.28,3.95,0.17,1.32
2011-10-26,4.42,4.49,4.56,4.39,18054,19190023.00,3.80,0.45,0.02,1.31
2011-10-27,4.53,4.43,4.57,4.41,16987,17991944.00,3.56,-1.34,-0.06,1.23
2011-10-28,4.52,4.95,4.95,4.49,69083,77283456.00,10.38,11.74,0.52,5.00
2011-10-31,5.06,5.21,5.28,4.99,107997,129008274.00,5.86,5.25,0.26,7.82
2011-11-01,5.13,5.21,5.24,5.07,59712,71272669.00,3.26,0.00,0.00,4.32
2011-11-02,5.09,5.35,5.42,5.01,74736,90107537.00,7.87,2.69,0.14,5.41
2011-11-03,5.38,5.24,5.51,5.24,75364,92760190.00,5.05,-2.06,-0.11,5.46
2011-11-04,5.21,5.21,5.31,5.14,37789,45597504.00,3.24,-0.57,-0.03,2.74
2011-11-07,5.19,5.26,5.40,5.16,38763,47477596.00,4.61,0.96,0.05,2.81
2011-11-08,5.31,5.23,5.36,5.19,28340,34367427.00,3.23,-0.57,-0.03,2.05
2011-11-09,5.24,5.49,5.51,5.17,70051,86581845.00,6.50,4.97,0.26,5.07
2011-11-10,5.36,5.43,5.58,5.36,68130,85448262.00,4.01,-1.09,-0.06,4.93
2011-11-11,5.49,5.55,5.58,5.42,55677,70342288.00,2.95,2.21,0.12,4.03
2011-11-14,5.63,5.54,5.73,5.52,58118,74258104.00,3.78,-0.18,-0.01,4.21
2011-11-15,5.52,5.52,5.54,5.41,42042,52784894.00,2.35,-0.36,-0.02,3.04
2011-11-16,5.51,5.23,5.51,5.20,39924,49064905.00,5.62,-5.25,-0.29,2.89
2011-11-17,5.26,5.25,5.36,5.17,25022,30419997.00,3.63,0.38,0.02,1.81
2011-11-18,5.16,5.23,5.31,5.14,36738,44443227.00,3.24,-0.38,-0.02,2.66
2011-11-21,5.21,5.08,5.26,4.95,27626,32582835.00,5.93,-2.87,-0.15,2.00
2011-11-22,5.03,5.01,5.06,4.89,19010,22061200.00,3.35,-1.38,-0.07,1.38
2011-11-23,5.04,4.91,5.09,4.91,15731,18291176.00,3.59,-2.00,-0.10,1.14
2011-11-24,4.82,4.81,4.88,4.69,23180,25983116.00,3.87,-2.04,-0.10,1.68
2011-11-28,4.73,4.77,4.84,4.71,14192,15837074.00,2.70,-0.83,-0.04,1.03
2011-11-29,4.84,4.91,4.93,4.80,16242,18412491.00,2.73,2.94,0.14,1.18
2011-11-30,4.92,4.49,4.92,4.47,28997,31727267.00,9.16,-8.55,-0.42,2.10
2011-12-01,4.68,4.60,4.72,4.60,27340,29897896.00,2.67,2.45,0.11,1.98
2011-12-02,4.55,4.42,4.58,4.37,15630,16464233.00,4.57,-3.91,-0.18,1.13
2011-12-05,4.43,4.30,4.44,4.28,10795,11100964.00,3.62,-2.71,-0.12,0.78
2011-12-06,4.30,4.40,4.42,4.29,9668,10031900.00,3.02,2.33,0.10,0.70
2011-12-07,4.44,4.49,4.49,4.39,11611,12238318.00,2.27,2.05,0.09,0.84
2011-12-08,4.46,4.54,4.61,4.35,13116,13976052.00,5.79,1.11,0.05,0.95
2011-12-09,4.45,4.49,4.59,4.45,8903,9509932.00,3.08,-1.10,-0.05,0.64
2011-12-12,4.51,4.42,4.57,4.42,11594,12347110.00,3.34,-1.56,-0.07,0.84
2011-12-13,4.39,4.19,4.42,4.18,16376,16518951.00,5.43,-5.20,-0.23,1.19
2011-12-14,4.19,4.18,4.26,4.15,8586,8613953.00,2.63,-0.24,-0.01,0.62
2011-12-15,4.18,4.14,4.25,4.10,14365,14332783.00,3.59,-0.96,-0.04,1.04
2011-12-16,4.20,4.37,4.39,4.14,12289,12465986.00,6.04,5.56,0.23,0.89
2011-12-19,4.33,4.27,4.33,4.09,32249,32339272.00,5.49,-2.29,-0.10,2.34
2011-12-20,4.26,4.33,4.35,4.20,28303,28874694.00,3.51,1.41,0.06,2.05
2011-12-21,4.38,4.11,4.39,4.10,26789,27131072.00,6.70,-5.08,-0.22,1.94
2011-12-22,4.13,4.09,4.16,3.92,20845,20145744.00,5.84,-0.49,-0.02,1.51
2011-12-23,4.06,4.12,4.21,4.01,12328,12160330.00,4.89,0.73,0.03,0.89
2011-12-26,4.04,4.07,4.18,4.04,8786,8667248.00,3.40,-1.21,-0.05,0.64
2011-12-27,4.07,3.90,4.10,3.87,14957,14271563.00,5.65,-4.18,-0.17,1.08
2011-12-28,3.88,3.83,3.88,3.70,12759,11701760.00,4.62,-1.79,-0.07,0.92
2011-12-29,3.83,3.79,3.90,3.78,12498,11582983.00,3.13,-1.04,-0.04,0.91
2011-12-30,3.86,3.84,3.88,3.79,12921,12022222.00,2.37,1.32,0.05,0.94