2019-01-02,5.49,5.52,5.59,5.45,17800,10548258.00,2.55,0.55,0.03,0.24
2019-01-03,5.57,5.57,5.67,5.50,18834,11305451.00,3.08,0.91,0.05,0.26
2019-01-04,5.51,5.77,5.78,5.47,42137,25620827.00,5.57,3.59,0.20,0.57
2019-01-07,5.86,5.96,6.00,5.75,61291,38707068.00,4.33,3.29,0.19,0.83
2019-01-08,5.93,5.99,6.32,5.92,115390,75522060.00,6.71,0.50,0.03,1.57
2019-01-09,5.92,5.89,6.06,5.88,72037,45753883.00,3.01,-1.67,-0.10,0.98
2019-01-10,5.84,5.81,5.94,5.81,32142,20148794.00,2.21,-1.36,-0.08,0.44
2019-01-11,5.83,5.98,6.00,5.82,43614,27645057.00,3.10,2.93,0.17,0.59
2019-01-14,5.97,5.98,6.09,5.90,36898,23654440.00,3.18,0.00,0.00,0.50
2019-01-15,5.98,6.02,6.06,5.93,34974,22397286.00,2.17,0.67,0.04,0.48
2019-01-16,6.03,5.92,6.05,5.90,23426,14897366.00,2.49,-1.66,-0.10,0.32
2019-01-17,6.00,5.91,6.01,5.84,29255,18492055.00,2.87,-0.17,-0.01,0.40
2019-01-18,5.87,5.94,5.95,5.85,25547,16110904.00,1.69,0.51,0.03,0.35
2019-01-21,5.98,5.96,6.00,5.91,20847,13247354.00,1.52,0.34,0.02,0.28
2019-01-22,5.95,5.88,6.00,5.85,24094,15225168.00,2.52,-1.34,-0.08,0.33
2019-01-23,5.88,5.92,5.94,5.84,17792,11207351.00,1.70,0.68,0.04,0.24
2019-01-24,5.91,5.91,5.96,5.86,21162,13400980.00,1.69,-0.17,-0.01,0.29
2019-01-25,5.91,5.98,6.02,5.88,24935,15870034.00,2.37,1.18,0.07,0.34
2019-01-28,6.02,5.88,6.02,5.86,28089,17885766.00,2.68,-1.67,-0.10,0.38
2019-01-29,5.54,5.25,5.55,5.25,110703,63239749.00,5.10,-10.71,-0.63,1.50
2019-01-30,5.12,5.20,5.36,5.12,37557,21233378.00,4.57,-0.95,-0.05,0.51
2019-01-31,5.19,5.33,5.39,5.17,43489,24916162.00,4.23,2.50,0.13,0.59
2019-02-01,5.41,5.44,5.47,5.35,24929,14544080.00,2.25,2.06,0.11,0.34
2019-02-11,5.48,5.57,5.57,5.46,23144,13743880.00,2.02,2.39,0.13,0.31
2019-02-12,5.54,5.62,5.65,5.54,24759,14861264.00,1.97,0.90,0.05,0.34
2019-02-13,5.60,5.87,5.94,5.59,63334,39365531.00,6.23,4.45,0.25,0.86
2019-02-14,5.92,5.93,5.96,5.81,38286,24143884.00,2.56,1.02,0.06,0.52
2019-02-15,5.90,5.92,6.08,5.86,40837,25976581.00,3.71,-0.17,-0.01,0.55
2019-02-18,5.90,6.13,6.19,5.90,64712,41780942.00,4.90,3.55,0.21,0.88
2019-02-19,6.13,6.27,6.28,6.05,92368,60954584.00,3.75,2.28,0.14,1.25
2019-02-20,6.26,6.29,6.47,6.12,54478,36317968.00,5.58,0.32,0.02,0.74
2019-02-21,6.27,6.20,6.35,6.17,43848,29257309.00,2.86,-1.43,-0.09,0.60
2019-02-22,6.16,6.33,6.35,6.14,42886,28766311.00,3.39,2.10,0.13,0.58
2019-02-25,6.40,6.65,6.70,6.35,93280,65420299.00,5.53,5.06,0.32,1.27
2019-02-26,6.69,6.70,6.89,6.65,94830,68075617.00,3.61,0.75,0.05,1.29
2019-02-27,6.56,6.59,6.85,6.54,60576,42932615.00,4.63,-1.64,-0.11,0.82
2019-02-28,6.59,6.76,6.85,6.59,57568,41208221.00,3.95,2.58,0.17,0.78
2019-03-01,6.75,6.74,6.84,6.63,38652,27546707.00,3.11,-0.30,-0.02,0.53
2019-03-04,6.84,6.76,6.91,6.64,88886,63952544.00,4.01,0.30,0.02,1.21
2019-03-05,6.80,6.92,6.95,6.73,56846,41355459.00,3.25,2.37,0.16,0.77
2019-03-06,6.94,7.12,7.28,6.94,86943,65209044.00,4.91,2.89,0.20,1.18
2019-03-07,7.14,7.30,7.42,7.12,83177,63646507.00,4.21,2.53,0.18,1.13
2019-03-08,7.22,6.85,7.28,6.85,99767,74604084.00,5.89,-6.16,-0.45,1.36
2019-03-11,6.88,7.37,7.45,6.88,98035,75264390.00,8.32,7.59,0.52,1.33
2019-03-12,7.45,7.30,7.54,7.21,79753,61976619.00,4.48,-0.95,-0.07,1.08
2019-03-13,7.22,7.25,7.59,7.15,88368,69050758.00,6.03,-0.68,-0.05,1.20
2019-03-14,7.26,6.92,7.47,6.90,89482,67445726.00,7.86,-4.55,-0.33,1.22
2019-03-15,7.08,6.98,7.20,6.80,104577,77286582.00,5.78,0.87,0.06,1.42
2019-03-18,7.08,7.42,7.45,7.05,105687,81519090.00,5.73,6.30,0.44,1.44
2019-03-19,7.60,7.08,7.64,6.96,145917,110079186.00,9.16,-4.58,-0.34,1.98
2019-03-20,6.99,6.97,7.13,6.79,83277,61231902.00,4.80,-1.55,-0.11,1.13
2019-03-21,6.97,7.04,7.09,6.96,69413,51578018.00,1.87,1.00,0.07,0.94
2019-03-22,6.94,6.94,7.11,6.88,54402,40048702.00,3.27,-1.42,-0.10,0.74
2019-03-25,6.84,6.90,7.05,6.78,62782,46121958.00,3.89,-0.58,-0.04,0.85
2019-03-26,6.90,6.42,6.97,6.37,115226,80864844.00,8.70,-6.96,-0.48,1.57
2019-03-27,6.49,6.52,6.55,6.35,74721,51449390.00,3.12,1.56,0.10,1.02
2019-03-28,6.45,6.46,6.65,6.44,60137,41665820.00,3.22,-0.92,-0.06,0.82
2019-03-29,6.47,6.55,6.56,6.30,93806,64326128.00,4.02,1.39,0.09,1.27
2019-04-01,6.57,6.72,6.77,6.55,94019,66562374.00,3.36,2.60,0.17,1.28
2019-04-02,6.74,6.73,6.85,6.70,104793,74936310.00,2.23,0.15,0.01,1.42
2019-04-03,6.69,6.70,6.72,6.62,95228,67331392.00,1.49,-0.45,-0.03,1.29
2019-04-04,6.71,6.83,6.95,6.68,146579,105446057.00,4.03,1.94,0.13,1.99
2019-04-08,6.83,6.61,6.91,6.50,125456,89392322.00,6.00,-3.22,-0.22,1.70
2019-04-09,6.61,6.61,6.66,6.51,64415,44937073.00,2.27,0.00,0.00,0.88
2019-04-10,6.61,6.54,6.61,6.41,60904,42033107.00,3.03,-1.06,-0.07,0.83
2019-04-11,6.57,6.46,6.59,6.38,65159,44688598.00,3.21,-1.22,-0.08,0.89
2019-04-12,6.44,6.45,6.49,6.35,46675,31861250.00,2.17,-0.15,-0.01,0.63
2019-04-15,6.51,6.36,6.60,6.30,49058,33767216.00,4.65,-1.40,-0.09,0.67
2019-04-16,6.38,6.52,6.54,6.30,58854,40190686.00,3.77,2.52,0.16,0.80
2019-04-17,6.55,6.63,6.70,6.53,89377,62960554.00,2.61,1.69,0.11,1.21
2019-04-18,6.70,6.64,6.99,6.61,123431,89001952.00,5.73,0.15,0.01,1.68
2019-04-19,6.61,6.77,6.86,6.58,81993,58343107.00,4.22,1.96,0.13,1.11
2019-04-22,6.78,6.68,6.88,6.66,58847,42076793.00,3.25,-1.33,-0.09,0.80
2019-04-23,6.64,6.73,6.84,6.50,81051,57204669.00,5.09,0.75,0.05,1.10
2019-04-24,6.70,6.59,6.72,6.45,90948,63247208.00,4.01,-2.08,-0.14,1.24
2019-04-25,6.49,6.24,6.63,6.22,86648,59149885.00,6.22,-5.31,-0.35,1.18
2019-04-26,6.21,6.27,6.39,6.13,53081,35438990.00,4.17,0.48,0.03,0.72
2019-04-29,6.28,5.89,6.32,5.88,73307,46991052.00,7.02,-6.06,-0.38,1.00
2019-04-30,6.00,5.96,6.01,5.90,26934,17118108.00,1.87,1.19,0.07,0.37
2019-05-06,5.83,5.51,5.83,5.42,52635,31720233.00,6.88,-7.55,-0.45,0.72
2019-05-07,5.56,5.59,5.66,5.49,35835,21460478.00,3.09,1.45,0.08,0.49
2019-05-08,5.35,5.56,5.63,5.35,27891,16592044.00,5.01,-0.54,-0.03,0.38
2019-05-09,5.51,5.64,5.76,5.47,40567,24428114.00,5.22,1.44,0.08,0.55
2019-05-10,5.65,5.79,5.79,5.52,56569,34497258.00,4.79,2.66,0.15,0.77
2019-05-13,5.70,5.66,5.76,5.63,30531,18585307.00,2.25,-2.25,-0.13,0.41
2019-05-14,5.60,5.69,5.75,5.60,44264,26889234.00,2.65,0.53,0.03,0.60
2019-05-15,5.68,5.71,5.74,5.66,48622,29634929.00,1.41,0.35,0.02,0.66
2019-05-16,5.71,6.32,6.32,5.69,238211,156340397.00,11.03,10.68,0.61,3.24
2019-05-17,6.34,5.96,6.45,5.93,198574,130303378.00,8.23,-5.70,-0.36,2.70
2019-05-20,5.83,6.60,6.60,5.76,250070,167970695.00,14.09,10.74,0.64,3.40
2019-05-21,6.91,7.30,7.30,6.67,400776,298818496.00,9.55,10.61,0.70,5.44
2019-05-22,7.59,7.07,7.84,7.07,480786,377338352.00,10.55,-3.15,-0.23,6.53
2019-05-23,7.12,7.18,7.45,6.95,300481,229085463.00,7.07,1.56,0.11,4.08
2019-05-24,6.86,6.90,7.40,6.63,298794,221840324.00,10.72,-3.90,-0.28,4.06
2019-05-27,7.10,7.63,7.63,7.04,304386,236041253.00,8.55,10.58,0.73,4.14
2019-05-28,8.15,8.03,8.43,7.71,594918,505122224.00,9.44,5.24,0.40,8.08
2019-05-29,8.20,8.87,8.87,8.20,575188,517948992.00,8.34,10.46,0.84,7.81
2019-05-30,8.60,8.33,8.62,7.94,625399,545151840.00,7.67,-6.09,-0.54,8.50
2019-05-31,7.96,8.01,8.40,7.72,352992,299161184.00,8.16,-3.84,-0.32,4.80
2019-06-03,8.00,7.49,8.04,7.30,336329,272422592.00,9.24,-6.49,-0.52,4.57
2019-06-04,7.48,7.33,7.66,7.19,242431,188392247.00,6.28,-2.14,-0.16,3.29
2019-06-05,7.76,7.88,8.10,7.76,565029,473469408.00,4.64,7.50,0.55,7.68
2019-06-06,7.46,8.09,8.45,7.10,597355,495835600.00,17.13,2.66,0.21,8.12
2019-06-10,8.38,8.94,8.94,8.01,547352,490631552.00,11.50,10.51,0.85,7.44
2019-06-11,8.98,9.87,9.87,8.81,505133,498911440.00,11.86,10.40,0.93,6.86
2019-06-12,10.90,9.96,10.90,9.91,1092525,1195129808.00,10.03,0.91,0.09,14.84
2019-06-13,9.81,9.55,10.08,9.19,842000,835466704.00,8.94,-4.12,-0.41,11.44
2019-06-14,9.40,8.94,9.44,8.63,606974,571093984.00,8.48,-6.39,-0.61,8.25
2019-06-17,8.93,9.00,9.22,8.76,419610,394295616.00,5.15,0.67,0.06,5.70
2019-06-18,8.37,8.34,8.55,8.06,653467,566948768.00,5.44,-7.33,-0.66,8.88
2019-06-19,8.27,8.32,8.63,8.05,524490,460231840.00,6.95,-0.24,-0.02,7.13
2019-06-20,8.26,8.09,8.28,7.72,474171,396559968.00,6.73,-2.76,-0.23,6.44
2019-06-21,8.05,8.05,8.37,7.97,451927,386547632.00,4.94,-0.49,-0.04,6.14
2019-06-24,8.05,8.43,8.62,7.95,558144,487541648.00,8.32,4.72,0.38,7.58
2019-06-25,8.24,7.76,8.24,7.67,433358,356513600.00,6.76,-7.95,-0.67,5.89
2019-06-26,7.65,7.61,7.80,7.52,240695,193512582.00,3.61,-1.93,-0.15,3.27
2019-06-27,7.60,7.66,7.75,7.56,183934,148139236.00,2.50,0.66,0.05,2.50
2019-06-28,7.73,8.47,8.47,7.66,556203,472709744.00,10.57,10.57,0.81,7.56
2019-07-01,8.10,8.70,8.90,7.96,766606,675423552.00,11.10,2.72,0.23,10.42
2019-07-02,8.46,8.40,8.85,8.35,500434,447366912.00,5.75,-3.45,-0.30,6.80
2019-07-03,8.30,8.06,8.48,7.94,339159,290243024.00,6.43,-4.05,-0.34,4.61
2019-07-04,8.07,8.12,8.25,7.78,329305,277431984.00,5.83,0.74,0.06,4.47
2019-07-05,8.04,7.95,8.17,7.86,200405,168107877.00,3.82,-2.09,-0.17,2.72
2019-07-08,7.90,7.38,7.90,7.28,299077,236725934.00,7.80,-7.17,-0.57,4.06
2019-07-09,7.35,7.51,7.74,7.33,226789,180183674.00,5.56,1.76,0.13,3.08
2019-07-10,7.53,7.41,7.69,7.34,178690,141024646.00,4.66,-1.33,-0.10,2.43
2019-07-11,7.49,7.23,7.55,7.12,169693,131262788.00,5.80,-2.43,-0.18,2.31
2019-07-12,7.35,7.29,7.45,7.16,153506,118837456.00,4.01,0.83,0.06,2.09
2019-07-15,7.35,7.59,7.83,7.34,267673,214603904.00,6.72,4.12,0.30,3.64
2019-07-16,7.51,7.50,7.66,7.46,146641,116444750.00,2.64,-1.19,-0.09,1.99
2019-07-17,7.47,7.54,7.80,7.42,189287,151074785.00,5.07,0.53,0.04,2.57
2019-07-18,7.59,7.71,7.96,7.59,321886,263793478.00,4.91,2.25,0.17,4.37
2019-07-19,7.60,7.55,7.68,7.49,189286,150996324.00,2.46,-2.08,-0.16,2.57
2019-07-22,7.49,6.80,7.51,6.77,261005,191806156.00,9.80,-9.93,-0.75,3.55
2019-07-23,6.82,6.86,6.90,6.68,132497,95611063.00,3.24,0.88,0.06,1.80
2019-07-24,6.88,6.96,7.04,6.88,110600,81516741.00,2.33,1.46,0.10,1.50
2019-07-25,6.97,7.07,7.17,6.87,157596,116892871.00,4.31,1.58,0.11,2.14
2019-07-26,6.98,6.96,7.02,6.86,100424,73578239.00,2.26,-1.56,-0.11,1.36
2019-07-29,6.95,6.87,7.03,6.84,74057,54200351.00,2.73,-1.29,-0.09,1.01
2019-07-30,6.89,6.88,6.97,6.87,79077,57841993.00,1.46,0.15,0.01,1.07
2019-07-31,6.86,6.90,6.96,6.68,140105,101239127.00,4.07,0.29,0.02,1.90
2019-08-01,6.79,6.77,6.87,6.75,98894,71144929.00,1.74,-1.88,-0.13,1.34
2019-08-02,7.16,7.47,7.48,7.03,487572,373978144.00,6.65,10.34,0.70,6.62
2019-08-05,7.40,7.70,8.01,7.27,462150,374319264.00,9.91,3.08,0.23,6.28
2019-08-06,7.48,7.81,8.08,7.33,493109,405077168.00,9.74,1.43,0.11,6.70
2019-08-07,7.72,8.26,8.49,7.60,618222,517490192.00,11.40,5.76,0.45,8.40
2019-08-08,8.00,7.78,8.08,7.71,395263,327244960.00,4.48,-5.81,-0.48,5.37
2019-08-09,7.74,7.67,7.95,7.62,263785,215959829.00,4.24,-1.41,-0.11,3.58
2019-08-12,7.61,7.33,7.70,7.10,343044,263486470.00,7.82,-4.43,-0.34,4.66
2019-08-13,7.24,7.39,7.50,7.21,252360,196048871.00,3.96,0.82,0.06,3.43
2019-08-14,7.10,7.13,7.23,7.01,220066,165741413.00,2.98,-3.52,-0.26,2.99
2019-08-15,6.96,7.02,7.20,6.90,170750,126919547.00,4.21,-1.54,-0.11,2.32
2019-08-16,7.18,7.52,7.54,7.18,394756,308021344.00,5.13,7.12,0.50,5.36
2019-08-19,7.34,7.62,7.66,7.26,311411,245221627.00,5.32,1.33,0.10,4.23
2019-08-20,7.56,7.64,7.78,7.46,301579,241604325.00,4.20,0.26,0.02,4.10
2019-08-21,7.55,7.40,7.62,7.37,195952,154286818.00,3.27,-3.14,-0.24,2.66
2019-08-22,7.40,7.45,7.53,7.36,146851,115413811.00,2.30,0.68,0.05,2.00
2019-08-23,7.47,7.82,7.99,7.42,453518,370759136.00,7.65,4.97,0.37,6.16
2019-08-26,8.17,7.81,8.28,7.79,520126,439211824.00,6.27,-0.13,-0.01,7.07
2019-08-27,7.79,7.78,7.83,7.50,326836,263657969.00,4.23,-0.38,-0.03,4.44
2019-08-28,7.69,7.59,7.79,7.58,230944,185560203.00,2.70,-2.44,-0.19,3.14
2019-08-29,7.62,7.87,7.88,7.51,274777,223171887.00,4.87,3.69,0.28,3.73
2019-08-30,7.77,8.01,8.35,7.56,465589,386907472.00,10.04,1.78,0.14,6.33
2019-09-02,7.86,7.98,8.04,7.73,288015,239251999.00,3.87,-0.37,-0.03,3.91
2019-09-03,7.98,7.91,8.17,7.87,262676,220159382.00,3.76,-0.88,-0.07,3.57
2019-09-04,7.92,7.81,7.95,7.78,210986,173879759.00,2.15,-1.26,-0.10,2.87
2019-09-05,7.81,7.83,7.94,7.73,242855,199770569.00,2.69,0.26,0.02,3.30
2019-09-06,7.83,7.67,7.83,7.66,203781,165292752.00,2.17,-2.04,-0.16,2.77
2019-09-09,7.73,7.78,7.78,7.68,161910,131683921.00,1.30,1.43,0.11,2.20
2019-09-10,7.77,7.90,7.95,7.73,242006,200307510.00,2.83,1.54,0.12,3.29
2019-09-11,7.90,8.05,8.09,7.75,364007,304170160.00,4.30,1.90,0.15,4.95
2019-09-12,8.01,7.90,8.04,7.89,215182,179786847.00,1.86,-1.86,-0.15,2.92
2019-09-16,7.88,7.84,7.90,7.76,179807,147636622.00,1.77,-0.76,-0.06,2.44
2019-09-17,7.82,7.63,8.02,7.63,237134,195401868.00,4.97,-2.68,-0.21,3.22
2019-09-18,7.58,7.42,7.59,7.37,179628,141074713.00,2.88,-2.75,-0.21,2.44
2019-09-19,7.42,7.48,7.48,7.35,92717,72613710.00,1.75,0.81,0.06,1.26
2019-09-20,7.46,7.47,7.53,7.43,87735,69048120.00,1.34,-0.13,-0.01,1.19
2019-09-23,7.35,7.18,7.35,7.12,128388,97367012.00,3.08,-3.88,-0.29,1.74
2019-09-24,7.16,7.11,7.24,7.04,96146,72613596.00,2.79,-0.97,-0.07,1.31
2019-09-25,7.08,7.11,7.20,7.02,78460,59006459.00,2.53,0.00,0.00,1.07
2019-09-26,7.11,6.71,7.11,6.70,127881,92731065.00,5.77,-5.63,-0.40,1.74
2019-09-27,6.71,6.78,6.84,6.68,60552,43533936.00,2.38,1.04,0.07,0.82
2019-09-30,6.79,6.78,6.98,6.77,57928,41928558.00,3.10,0.00,0.00,0.79
2019-10-08,6.78,7.05,7.11,6.78,90169,66070689.00,4.87,3.98,0.27,1.23
2019-10-09,6.94,7.15,7.27,6.89,144853,108954882.00,5.39,1.42,0.10,1.97
2019-10-10,7.15,7.10,7.16,7.02,90066,67325994.00,1.96,-0.70,-0.05,1.22
2019-10-11,7.06,6.95,7.07,6.95,71834,53210392.00,1.69,-2.11,-0.15,0.98
2019-10-14,6.89,6.99,7.05,6.81,74795,54979455.00,3.45,0.58,0.04,1.02
2019-10-15,7.00,6.99,7.08,6.96,81577,60620297.00,1.72,0.00,0.00,1.11
2019-10-16,7.00,7.11,7.15,6.96,95301,71358020.00,2.72,1.72,0.12,1.29
2019-10-17,7.12,7.00,7.14,7.00,52802,39314174.00,1.97,-1.55,-0.11,0.72
2019-10-18,7.00,6.75,7.02,6.72,70952,51377961.00,4.29,-3.57,-0.25,0.96
2019-10-21,6.76,6.77,6.85,6.62,46414,33127396.00,3.41,0.30,0.02,0.63
2019-10-22,6.76,6.90,6.94,6.75,52372,38054748.00,2.81,1.92,0.13,0.71
2019-10-23,6.93,6.89,6.99,6.88,52397,38482738.00,1.59,-0.14,-0.01,0.71
2019-10-24,6.88,6.94,6.99,6.85,46207,33912806.00,2.03,0.73,0.05,0.63
2019-10-25,6.92,6.88,6.96,6.80,46766,33972145.00,2.31,-0.86,-0.06,0.64
2019-10-28,6.89,7.01,7.01,6.83,59463,43668990.00,2.62,1.89,0.13,0.81
2019-10-29,7.01,6.85,7.03,6.84,58631,42788438.00,2.71,-2.28,-0.16,0.80
2019-10-30,6.84,6.70,6.88,6.70,52952,37918043.00,2.63,-2.19,-0.15,0.72
2019-10-31,6.74,6.65,6.78,6.65,35224,25073420.00,1.94,-0.75,-0.05,0.48
2019-11-01,6.64,6.86,7.02,6.62,98785,71965658.00,6.02,3.16,0.21,1.34
2019-11-04,6.86,6.79,6.88,6.78,51010,36799502.00,1.46,-1.02,-0.07,0.69
2019-11-05,6.79,6.82,6.87,6.75,45060,32559054.00,1.77,0.44,0.03,0.61
2019-11-06,6.83,6.86,6.98,6.81,56569,41247490.00,2.49,0.59,0.04,0.77
2019-11-07,6.89,6.78,6.89,6.76,41786,30048299.00,1.90,-1.17,-0.08,0.57
2019-11-08,6.80,6.79,6.85,6.78,42055,30334172.00,1.03,0.15,0.01,0.57
2019-11-11,6.74,6.81,6.98,6.74,84496,61525619.00,3.53,0.29,0.02,1.15
2019-11-12,6.75,6.91,6.92,6.74,58299,42246248.00,2.64,1.47,0.10,0.79
2019-11-13,6.91,7.11,7.20,6.88,137846,102635681.00,4.63,2.89,0.20,1.87
2019-11-14,7.10,7.06,7.17,6.94,83167,61957118.00,3.23,-0.70,-0.05,1.13
2019-11-15,7.02,7.39,7.50,7.01,230214,177763204.00,6.94,4.67,0.33,3.13
2019-11-18,7.30,7.40,7.45,7.25,110413,85607874.00,2.71,0.14,0.01,1.50
2019-11-19,7.41,7.38,7.48,7.27,99684,77102572.00,2.84,-0.27,-0.02,1.35
2019-11-20,7.33,7.66,7.91,7.16,262082,207377405.00,10.16,3.79,0.28,3.56
2019-11-21,7.52,7.28,7.59,7.26,148290,115536757.00,4.31,-4.96,-0.38,2.01
2019-11-22,7.26,7.21,7.47,7.21,109632,84689420.00,3.57,-0.96,-0.07,1.49
2019-11-25,7.08,6.92,7.15,6.91,88824,65938278.00,3.33,-4.02,-0.29,1.21
2019-11-26,6.92,7.00,7.05,6.86,49402,36475800.00,2.75,1.16,0.08,0.67
2019-11-27,6.94,6.99,7.09,6.91,36996,27480739.00,2.57,-0.14,-0.01,0.50
2019-11-28,6.99,7.05,7.15,6.99,62834,47101944.00,2.29,0.86,0.06,0.85
2019-11-29,6.91,7.01,7.16,6.86,57961,42925921.00,4.26,-0.57,-0.04,0.79
2019-12-02,6.96,7.13,7.18,6.92,70683,53086208.00,3.71,1.71,0.12,0.96
2019-12-03,7.12,7.31,7.38,7.09,91484,70521321.00,4.07,2.52,0.18,1.24
2019-12-04,7.34,7.47,7.56,7.29,135916,106430369.00,3.69,2.19,0.16,1.85
2019-12-05,7.39,7.42,7.51,7.33,97367,76083622.00,2.41,-0.67,-0.05,1.32
2019-12-06,7.43,7.50,7.60,7.37,85427,67540514.00,3.10,1.08,0.08,1.16
2019-12-09,7.59,7.47,7.66,7.45,76222,60578575.00,2.80,-0.40,-0.03,1.04
2019-12-10,7.37,7.68,7.70,7.36,118214,94679576.00,4.55,2.81,0.21,1.61
2019-12-11,7.60,7.42,7.65,7.40,67931,53723524.00,3.26,-3.39,-0.26,0.92
2019-12-12,7.41,7.67,7.88,7.41,191416,155693834.00,6.33,3.37,0.25,2.60
2019-12-13,7.60,7.69,7.77,7.55,90588,72980853.00,2.87,0.26,0.02,1.23
2019-12-16,7.64,7.80,7.86,7.64,106593,87191643.00,2.86,1.43,0.11,1.45
2019-12-17,7.80,8.08,8.13,7.80,181554,152869001.00,4.23,3.59,0.28,2.47
2019-12-18,8.18,8.68,8.93,7.97,353293,316377664.00,11.88,7.43,0.60,4.80
2019-12-19,8.60,8.52,8.90,8.38,207705,185994632.00,5.99,-1.84,-0.16,2.82
2019-12-20,8.50,8.17,8.51,8.16,131130,114218622.00,4.11,-4.11,-0.35,1.78
2019-12-23,8.12,8.11,8.47,8.08,129151,112191278.00,4.77,-0.73,-0.06,1.75
2019-12-24,8.17,8.55,8.70,8.15,155984,138478653.00,6.78,5.43,0.44,2.12
2019-12-25,8.50,9.27,9.45,8.30,416391,399896832.00,13.45,8.42,0.72,5.66
2019-12-26,9.21,9.41,9.69,8.91,313863,303658592.00,8.41,1.51,0.14,4.26
2019-12-27,9.28,9.22,9.63,9.15,201316,197861071.00,5.10,-2.02,-0.19,2.74
2019-12-30,9.18,9.30,9.42,9.01,166092,159745256.00,4.45,0.87,0.08,2.26
2019-12-31,9.20,9.14,9.22,8.88,126715,119921335.00,3.66,-1.72,-0.16,1.72