2004-01-02,-1.48,-1.47,-1.46,-1.48,26449,19907762.00,-1.37,-0.68,-0.01,2.09
2004-01-05,-1.48,-1.62,-1.48,-1.62,3457,2410916.00,-9.52,-10.20,-0.15,0.27
2004-01-06,-1.75,-1.67,-1.67,-1.75,39659,24808308.00,-4.94,-3.09,-0.05,3.14
2004-01-07,-1.68,-1.60,-1.59,-1.68,12505,8404795.00,-5.39,4.19,0.07,0.99
2004-01-08,-1.60,-1.54,-1.50,-1.60,14024,10041829.00,-6.25,3.75,0.06,1.11
2004-01-09,-1.54,-1.57,-1.51,-1.60,10198,7164801.50,-5.84,-1.95,-0.03,0.81
2004-01-12,-1.57,-1.57,-1.56,-1.59,3462,2418628.75,-1.91,0.00,0.00,0.27
2004-01-13,-1.57,-1.58,-1.55,-1.58,3510,2466111.00,-1.91,-0.64,-0.01,0.28
2004-01-14,-1.57,-1.57,-1.56,-1.59,5859,4101143.50,-1.90,0.63,0.01,0.46
2004-01-15,-1.57,-1.57,-1.55,-1.59,4764,3325663.00,-2.55,0.00,0.00,0.38
2004-01-16,-1.57,-1.53,-1.52,-1.58,3841,2704968.00,-3.82,2.55,0.04,0.30
2004-01-29,-1.54,-1.49,-1.48,-1.54,5698,4183146.00,-3.92,2.61,0.04,0.45
2004-01-30,-1.50,-1.49,-1.46,-1.52,5020,3730260.75,-4.03,0.00,0.00,0.40
2004-02-02,-1.48,-1.49,-1.48,-1.51,6424,4757541.50,-2.01,0.00,0.00,0.51
2004-02-03,-1.51,-1.45,-1.45,-1.52,9656,7173851.00,-4.70,2.68,0.04,0.76
2004-02-04,-1.43,-1.37,-1.37,-1.45,14860,11589639.00,-5.52,5.52,0.08,1.18
2004-02-05,-1.37,-1.35,-1.35,-1.38,10387,8385792.00,-2.19,1.46,0.02,0.82
2004-02-06,-1.35,-1.40,-1.35,-1.40,5297,4215896.00,-3.70,-3.70,-0.05,0.42
2004-02-09,-1.40,-1.39,-1.39,-1.44,5180,4045350.50,-3.57,0.71,0.01,0.41
2004-02-10,-1.39,-1.41,-1.37,-1.42,5555,4386010.00,-3.60,-1.44,-0.02,0.44
2004-02-11,-1.41,-1.42,-1.40,-1.43,4440,3455964.00,-2.13,-0.71,-0.01,0.35
2004-02-12,-1.42,-1.38,-1.37,-1.44,7640,6075883.50,-4.93,2.82,0.04,0.61
2004-02-13,-1.37,-1.35,-1.30,-1.37,11767,9730953.00,-5.07,2.17,0.03,0.93
2004-02-16,-1.36,-1.33,-1.31,-1.36,5840,4816688.00,-3.70,1.48,0.02,0.46
2004-02-17,-1.32,-1.22,-1.17,-1.33,15801,13653583.00,-12.03,8.27,0.11,1.25
2004-02-18,-1.23,-1.22,-1.20,-1.27,8240,7190864.00,-5.74,0.00,0.00,0.65
2004-02-19,-1.22,-1.25,-1.22,-1.27,9322,8075815.00,-4.10,-2.46,-0.03,0.74
2004-02-20,-1.25,-1.28,-1.24,-1.29,6325,5396694.50,-4.00,-2.40,-0.03,0.50
2004-02-23,-1.26,-1.31,-1.24,-1.32,14484,12256729.00,-6.25,-2.34,-0.03,1.15
2004-02-24,-1.31,-1.36,-1.31,-1.39,19437,15723975.00,-6.11,-3.82,-0.05,1.54
2004-02-25,-1.36,-1.38,-1.33,-1.38,4397,3573979.00,-3.68,-1.47,-0.02,0.35
2004-02-26,-1.36,-1.40,-1.36,-1.42,4210,3314683.50,-4.35,-1.45,-0.02,0.33
2004-02-27,-1.40,-1.38,-1.37,-1.41,2865,2276894.00,-2.86,1.43,0.02,0.23
2004-03-01,-1.35,-1.37,-1.35,-1.39,2659,2127380.00,-2.90,0.72,0.01,0.21
2004-03-02,-1.37,-1.37,-1.35,-1.40,5484,4399148.50,-3.65,0.00,0.00,0.43
2004-03-03,-1.37,-1.39,-1.36,-1.40,2783,2223033.75,-2.92,-1.46,-0.02,0.22
2004-03-04,-1.41,-1.40,-1.39,-1.42,2014,1580169.12,-2.16,-0.72,-0.01,0.16
2004-03-05,-1.40,-1.39,-1.39,-1.43,2935,2287899.00,-2.86,0.71,0.01,0.23
2004-03-08,-1.39,-1.43,-1.39,-1.43,1892,1473984.00,-2.88,-2.88,-0.04,0.15
2004-03-09,-1.44,-1.45,-1.42,-1.47,5110,3916564.50,-3.50,-1.40,-0.02,0.40
2004-03-10,-1.45,-1.39,-1.39,-1.46,5693,4436768.00,-4.83,4.14,0.06,0.45
2004-03-11,-1.40,-1.39,-1.38,-1.41,4953,3910855.00,-2.16,0.00,0.00,0.39
2004-03-12,-1.37,-1.40,-1.37,-1.42,2883,2277736.50,-3.60,-0.72,-0.01,0.23
2004-03-15,-1.40,-1.41,-1.38,-1.42,9673,7566131.00,-2.86,-0.71,-0.01,0.77
2004-03-16,-1.41,-1.41,-1.41,-1.44,16088,12486601.00,-2.13,0.00,0.00,1.27
2004-03-17,-1.40,-1.41,-1.40,-1.44,7478,5801705.50,-2.84,0.00,0.00,0.59
2004-03-18,-1.42,-1.42,-1.41,-1.44,8367,6494452.00,-2.13,-0.71,-0.01,0.66
2004-03-19,-1.44,-1.43,-1.41,-1.44,7990,6172504.50,-2.11,-0.70,-0.01,0.63
2004-03-22,-1.42,-1.43,-1.42,-1.44,2977,2300125.25,-1.40,0.00,0.00,0.24
2004-03-23,-1.44,-1.43,-1.42,-1.48,6707,5168469.00,-4.20,0.00,0.00,0.53
2004-03-24,-1.43,-1.44,-1.42,-1.44,11117,8577508.00,-1.40,-0.70,-0.01,0.88
2004-03-25,-1.44,-1.42,-1.42,-1.46,3716,2860334.25,-2.78,1.39,0.02,0.29
2004-03-26,-1.42,-1.40,-1.39,-1.42,6021,4744058.00,-2.11,1.41,0.02,0.48
2004-03-29,-1.40,-1.40,-1.38,-1.42,14775,11587628.00,-2.86,0.00,0.00,1.17
2004-03-30,-1.42,-1.33,-1.33,-1.42,35879,28930222.00,-6.43,5.00,0.07,2.84
2004-03-31,-1.33,-1.33,-1.32,-1.38,17633,14356252.00,-4.51,0.00,0.00,1.40
2004-04-01,-1.34,-1.31,-1.30,-1.36,18401,15219483.00,-4.51,1.50,0.02,1.46
2004-04-02,-1.31,-1.31,-1.30,-1.34,9275,7685541.00,-3.05,0.00,0.00,0.73
2004-04-05,-1.32,-1.32,-1.30,-1.35,8793,7242397.50,-3.82,-0.76,-0.01,0.70
2004-04-06,-1.32,-1.35,-1.32,-1.39,16349,13188466.00,-5.30,-2.27,-0.03,1.29
2004-04-07,-1.35,-1.36,-1.34,-1.38,11398,9179307.00,-2.96,-0.74,-0.01,0.90
2004-04-08,-1.34,-1.31,-1.29,-1.34,13709,11410698.00,-3.68,3.68,0.05,1.09
2004-04-09,-1.30,-1.34,-1.29,-1.38,8876,7294408.00,-6.87,-2.29,-0.03,0.70
2004-04-12,-1.37,-1.35,-1.34,-1.37,4955,4011745.75,-2.24,-0.75,-0.01,0.39
2004-04-13,-1.35,-1.34,-1.33,-1.35,12818,10519105.00,-1.48,0.74,0.01,1.02
2004-04-14,-1.34,-1.35,-1.33,-1.38,12891,10451638.00,-3.73,-0.75,-0.01,1.02
2004-04-15,-1.36,-1.36,-1.35,-1.39,8548,6891909.00,-2.96,-0.74,-0.01,0.68
2004-04-16,-1.36,-1.35,-1.34,-1.39,11298,9116788.00,-3.68,0.74,0.01,0.89
2004-04-19,-1.35,-1.36,-1.34,-1.38,4160,3361047.75,-2.96,-0.74,-0.01,0.33
2004-04-20,-1.36,-1.41,-1.36,-1.43,6534,5156649.00,-5.15,-3.68,-0.05,0.52
2004-04-21,-1.42,-1.43,-1.41,-1.44,3760,2913500.25,-2.13,-1.42,-0.02,0.30
2004-04-22,-1.43,-1.43,-1.43,-1.46,5783,4419424.50,-2.10,0.00,0.00,0.46
2004-04-23,-1.44,-1.44,-1.41,-1.44,1606,1242813.00,-2.10,-0.70,-0.01,0.13
2004-04-26,-1.43,-1.47,-1.43,-1.49,3947,2973282.00,-4.17,-2.08,-0.03,0.31
2004-04-29,-1.48,-1.45,-1.45,-1.48,2824,2128414.50,-2.04,1.36,0.02,0.22
2004-04-30,-1.46,-1.46,-1.44,-1.47,1802,1371137.62,-2.07,-0.69,-0.01,0.14
2004-05-10,-1.46,-1.48,-1.45,-1.50,2346,1764597.00,-3.42,-1.37,-0.02,0.19
2004-05-11,-1.48,-1.49,-1.47,-1.51,1827,1352616.00,-2.70,-0.68,-0.01,0.14
2004-05-12,-1.49,-1.48,-1.48,-1.50,1387,1029891.00,-1.34,0.67,0.01,0.11
2004-05-13,-1.48,-1.46,-1.46,-1.49,1204,904140.62,-2.03,1.35,0.02,0.10
2004-05-14,-1.48,-1.49,-1.48,-1.51,1366,1010475.00,-2.05,-2.05,-0.03,0.11
2004-05-17,-1.49,-1.50,-1.49,-1.51,816,601352.38,-1.34,-0.67,-0.01,0.06
2004-05-18,-1.49,-1.51,-1.49,-1.53,1656,1205486.38,-2.67,-0.67,-0.01,0.13
2004-05-19,-1.51,-1.51,-1.50,-1.52,827,606419.75,-1.32,0.00,0.00,0.07
2004-05-20,-1.49,-1.50,-1.49,-1.53,1527,1118894.12,-2.65,0.66,0.01,0.12
2004-05-21,-1.49,-1.50,-1.49,-1.51,1317,972215.19,-1.33,0.00,0.00,0.10
2004-05-24,-1.49,-1.50,-1.49,-1.51,316,233218.00,-1.33,0.00,0.00,0.03
2004-05-25,-1.49,-1.48,-1.48,-1.50,4946,3639682.50,-1.33,1.33,0.02,0.39
2004-05-26,-1.49,-1.48,-1.46,-1.50,4588,3366094.50,-2.70,0.00,0.00,0.36
2004-05-27,-1.49,-1.48,-1.48,-1.49,1561,1153543.88,-0.68,0.00,0.00,0.12
2004-05-28,-1.48,-1.45,-1.45,-1.48,3313,2485418.25,-2.03,2.03,0.03,0.26
2004-05-31,-1.46,-1.45,-1.44,-1.47,906,681253.44,-2.07,0.00,0.00,0.07
2004-06-01,-1.46,-1.46,-1.45,-1.48,1673,1246577.50,-2.07,-0.69,-0.01,0.13
2004-06-02,-1.46,-1.46,-1.45,-1.48,1715,1284122.62,-2.05,0.00,0.00,0.14
2004-06-03,-1.46,-1.47,-1.46,-1.49,3600,2670519.75,-2.05,-0.68,-0.01,0.29
2004-06-04,-1.47,-1.47,-1.47,-1.50,1733,1281963.00,-2.04,0.00,0.00,0.14
2004-06-07,-1.47,-1.48,-1.46,-1.49,1108,822649.19,-2.04,-0.68,-0.01,0.09
2004-06-08,-1.49,-1.48,-1.46,-1.50,1867,1380163.75,-2.70,0.00,0.00,0.15
2004-06-09,-1.47,-1.49,-1.47,-1.50,1222,899434.38,-2.03,-0.68,-0.01,0.10
2004-06-10,-1.49,-1.52,-1.49,-1.56,2633,1909720.00,-4.70,-2.01,-0.03,0.21
2004-06-11,-1.51,-1.55,-1.51,-1.56,5133,3654257.25,-3.29,-1.97,-0.03,0.41
2004-06-14,-1.55,-1.55,-1.52,-1.56,1887,1330612.00,-2.58,0.00,0.00,0.15
2004-06-15,-1.55,-1.54,-1.53,-1.56,1699,1199088.62,-1.94,0.65,0.01,0.13
2004-06-16,-1.53,-1.54,-1.52,-1.56,5374,3790251.00,-2.60,0.00,0.00,0.43
2004-06-17,-1.54,-1.55,-1.54,-1.56,773,543215.00,-1.30,-0.65,-0.01,0.06
2004-06-18,-1.56,-1.57,-1.56,-1.58,1564,1084158.00,-1.29,-1.29,-0.02,0.12
2004-06-21,-1.57,-1.56,-1.56,-1.57,915,638083.00,-0.64,0.64,0.01,0.07
2004-06-22,-1.56,-1.56,-1.54,-1.58,2403,1672659.00,-2.56,0.00,0.00,0.19
2004-06-23,-1.56,-1.56,-1.56,-1.57,1263,878145.25,-0.64,0.00,0.00,0.10
2004-06-24,-1.56,-1.56,-1.55,-1.57,2680,1870740.25,-1.28,0.00,0.00,0.21
2004-06-25,-1.55,-1.56,-1.53,-1.57,2309,1618778.88,-2.56,0.00,0.00,0.18
2004-06-28,-1.56,-1.58,-1.56,-1.59,2045,1417957.25,-1.92,-1.28,-0.02,0.16
2004-06-29,-1.58,-1.59,-1.57,-1.61,1907,1301611.88,-2.53,-0.63,-0.01,0.15
2004-06-30,-1.59,-1.62,-1.58,-1.63,2945,1984880.75,-3.14,-1.89,-0.03,0.23
2004-07-01,-1.62,-1.57,-1.56,-1.62,5836,4008065.50,-3.70,3.09,0.05,0.46
2004-07-02,-1.57,-1.57,-1.57,-1.60,1360,935463.62,-1.91,0.00,0.00,0.11
2004-07-05,-1.58,-1.57,-1.56,-1.59,808,558136.31,-1.91,0.00,0.00,0.06
2004-07-06,-1.57,-1.56,-1.55,-1.57,919,642044.00,-1.27,0.64,0.01,0.07
2004-07-07,-1.55,-1.56,-1.54,-1.57,5855,4084803.25,-1.92,0.00,0.00,0.46
2004-07-08,-1.57,-1.55,-1.54,-1.57,6548,4578802.00,-1.92,0.64,0.01,0.52
2004-07-09,-1.55,-1.56,-1.55,-1.57,2029,1417054.00,-1.29,-0.65,-0.01,0.16
2004-07-12,-1.57,-1.58,-1.56,-1.61,2189,1519229.50,-3.21,-1.28,-0.02,0.17
2004-07-13,-1.60,-1.58,-1.57,-1.60,2839,1958183.00,-1.90,0.00,0.00,0.22
2004-07-14,-1.58,-1.59,-1.57,-1.62,1717,1177836.00,-3.16,-0.63,-0.01,0.14
2004-07-15,-1.59,-1.58,-1.57,-1.59,939,645437.25,-1.26,0.63,0.01,0.07
2004-07-16,-1.61,-1.57,-1.56,-1.62,4457,3058035.00,-3.80,0.63,0.01,0.35
2004-07-19,-1.57,-1.58,-1.57,-1.59,4262,2945324.00,-1.27,-0.64,-0.01,0.34
2004-07-20,-1.58,-1.59,-1.58,-1.62,2288,1557140.00,-2.53,-0.63,-0.01,0.18
2004-07-21,-1.58,-1.59,-1.57,-1.59,1131,776619.06,-1.26,0.00,0.00,0.09
2004-07-22,-1.59,-1.59,-1.58,-1.60,2324,1591542.75,-1.26,0.00,0.00,0.18
2004-07-23,-1.59,-1.59,-1.59,-1.61,984,669711.44,-1.26,0.00,0.00,0.08
2004-07-26,-1.59,-1.60,-1.58,-1.62,4216,2875329.50,-2.52,-0.63,-0.01,0.33
2004-07-27,-1.60,-1.59,-1.58,-1.61,3354,2297868.75,-1.88,0.63,0.01,0.27
2004-07-28,-1.58,-1.60,-1.56,-1.61,3071,2093345.75,-3.14,-0.63,-0.01,0.24
2004-07-29,-1.60,-1.60,-1.59,-1.61,1368,928781.38,-1.25,0.00,0.00,0.11
2004-07-30,-1.60,-1.60,-1.59,-1.62,2385,1617949.75,-1.88,0.00,0.00,0.19
2004-08-02,-1.60,-1.60,-1.59,-1.62,2583,1740823.62,-1.88,0.00,0.00,0.20
2004-08-03,-1.60,-1.58,-1.57,-1.60,6341,4335981.00,-1.88,1.25,0.02,0.50
2004-08-04,-1.58,-1.58,-1.55,-1.60,7329,5052490.00,-3.16,0.00,0.00,0.58
2004-08-05,-1.58,-1.58,-1.56,-1.60,3536,2425724.00,-2.53,0.00,0.00,0.28
2004-08-06,-1.58,-1.59,-1.58,-1.61,2935,2005977.00,-1.90,-0.63,-0.01,0.23
2004-08-09,-1.62,-1.60,-1.59,-1.62,922,622757.00,-1.89,-0.63,-0.01,0.07
2004-08-10,-1.61,-1.63,-1.60,-1.63,1049,706744.19,-1.88,-1.88,-0.03,0.08
2004-08-11,-1.63,-1.62,-1.60,-1.68,4271,2827323.75,-4.91,0.61,0.01,0.34
2004-08-12,-1.63,-1.61,-1.60,-1.63,3704,2481752.75,-1.85,0.62,0.01,0.29
2004-08-13,-1.61,-1.58,-1.58,-1.61,2853,1941922.38,-1.86,1.86,0.03,0.23
2004-08-16,-1.58,-1.57,-1.56,-1.60,9285,6419525.00,-2.53,0.63,0.01,0.74
2004-08-17,-1.57,-1.57,-1.57,-1.60,5037,3482850.25,-1.91,0.00,0.00,0.40
2004-08-18,-1.58,-1.58,-1.58,-1.60,1000,685900.81,-1.27,-0.64,-0.01,0.08
2004-08-19,-1.59,-1.59,-1.58,-1.62,2304,1571622.25,-2.53,-0.63,-0.01,0.18
2004-08-20,-1.60,-1.58,-1.56,-1.62,15958,10880802.00,-3.77,0.63,0.01,1.26
2004-08-23,-1.60,-1.57,-1.56,-1.60,15305,10530889.00,-2.53,0.63,0.01,1.21
2004-08-24,-1.58,-1.58,-1.57,-1.61,11982,8153027.00,-2.55,-0.64,-0.01,0.95
2004-08-25,-1.58,-1.59,-1.58,-1.61,4386,2974000.00,-1.90,-0.63,-0.01,0.35
2004-08-26,-1.59,-1.60,-1.59,-1.61,2386,1621658.00,-1.26,-0.63,-0.01,0.19
2004-08-27,-1.60,-1.60,-1.60,-1.62,1082,731130.94,-1.25,0.00,0.00,0.09
2004-08-30,-1.61,-1.61,-1.61,-1.63,623,418343.47,-1.25,-0.63,-0.01,0.05
2004-08-31,-1.59,-1.59,-1.55,-1.60,5130,3517536.50,-3.11,1.24,0.02,0.41
2004-09-01,-1.58,-1.59,-1.57,-1.60,1016,699365.00,-1.89,0.00,0.00,0.08
2004-09-02,-1.60,-1.60,-1.59,-1.62,5545,3770175.00,-1.89,-0.63,-0.01,0.44
2004-09-03,-1.60,-1.60,-1.60,-1.62,2039,1375632.00,-1.25,0.00,0.00,0.16
2004-09-06,-1.59,-1.61,-1.59,-1.63,2720,1815872.25,-2.50,-0.63,-0.01,0.22
2004-09-07,-1.61,-1.62,-1.61,-1.64,4127,2737174.75,-1.86,-0.62,-0.01,0.33
2004-09-08,-1.62,-1.64,-1.62,-1.67,5361,3520450.00,-3.09,-1.23,-0.02,0.42
2004-09-09,-1.65,-1.65,-1.64,-1.67,3454,2241986.00,-1.83,-0.61,-0.01,0.27
2004-09-10,-1.66,-1.66,-1.65,-1.69,2503,1606805.00,-2.42,-0.61,-0.01,0.20
2004-09-13,-1.68,-1.69,-1.67,-1.73,10127,6349041.00,-3.61,-1.81,-0.03,0.80
2004-09-14,-1.71,-1.72,-1.70,-1.73,22769,13990565.00,-1.78,-1.78,-0.03,1.80
2004-09-15,-1.73,-1.68,-1.66,-1.73,37442,23502276.00,-4.07,2.33,0.04,2.97
2004-09-16,-1.67,-1.70,-1.67,-1.72,32550,20396216.00,-2.98,-1.19,-0.02,2.58
2004-09-17,-1.70,-1.67,-1.66,-1.71,30207,19104814.00,-2.94,1.76,0.03,2.39
2004-09-20,-1.65,-1.58,-1.58,-1.67,33909,22491914.00,-5.39,5.39,0.09,2.69
2004-09-21,-1.58,-1.63,-1.58,-1.64,21752,14561889.00,-3.80,-3.16,-0.05,1.72
2004-09-22,-1.63,-1.66,-1.62,-1.66,13981,9216429.00,-2.45,-1.84,-0.03,1.11
2004-09-23,-1.66,-1.64,-1.63,-1.67,16927,11061098.00,-2.41,1.20,0.02,1.34
2004-09-24,-1.63,-1.65,-1.62,-1.66,23168,15317544.00,-2.44,-0.61,-0.01,1.83
2004-09-27,-1.65,-1.70,-1.64,-1.72,13008,8327044.00,-4.85,-3.03,-0.05,1.03
2004-09-28,-1.70,-1.70,-1.68,-1.71,11047,6928563.00,-1.76,0.00,0.00,0.87
2004-09-29,-1.69,-1.74,-1.69,-1.75,10077,6163680.00,-3.53,-2.35,-0.04,0.80
2004-09-30,-1.72,-1.73,-1.72,-1.76,10491,6361659.00,-2.30,0.57,0.01,0.83
2004-10-08,-1.74,-1.73,-1.73,-1.75,5125,3101745.50,-1.16,0.00,0.00,0.41
2004-10-11,-1.73,-1.75,-1.73,-1.76,8968,5427058.50,-1.73,-1.16,-0.02,0.71
2004-10-12,-1.75,-1.80,-1.75,-1.82,12507,7205214.00,-4.00,-2.86,-0.05,0.99
2004-10-13,-1.80,-1.80,-1.78,-1.83,12927,7421923.00,-2.78,0.00,0.00,1.02
2004-10-14,-1.80,-1.87,-1.79,-1.91,25749,13824255.00,-6.67,-3.89,-0.07,2.04
2004-10-15,-1.89,-1.93,-1.88,-1.97,50150,25245068.00,-4.81,-3.21,-0.06,3.97
2004-10-18,-1.92,-2.00,-1.90,-2.03,89476,41878700.00,-6.74,-3.63,-0.07,7.09
2004-10-19,-2.00,-2.03,-2.00,-2.05,87268,39709564.00,-2.50,-1.50,-0.03,6.91
2004-10-20,-2.03,-2.02,-2.01,-2.06,68921,31295424.00,-2.46,0.49,0.01,5.46
2004-10-21,-2.02,-2.07,-2.02,-2.10,54855,24093602.00,-3.96,-2.48,-0.05,4.34
2004-10-22,-2.08,-2.05,-2.05,-2.10,37788,16586732.00,-2.42,0.97,0.02,2.99
2004-10-25,-2.05,-2.04,-2.04,-2.09,30731,13599254.00,-2.44,0.49,0.01,2.43
2004-10-26,-2.04,-2.04,-2.04,-2.06,17476,7823932.50,-0.98,0.00,0.00,1.38
2004-10-27,-2.05,-2.03,-2.02,-2.08,29816,13430948.00,-2.94,0.49,0.01,2.36
2004-10-28,-2.03,-2.05,-2.00,-2.05,34813,16087303.00,-2.46,-0.99,-0.02,2.76
2004-10-29,-2.09,-2.08,-2.06,-2.12,20062,8633021.00,-2.93,-1.46,-0.03,1.59
2004-11-01,-2.08,-2.08,-2.06,-2.10,13457,5841260.00,-1.92,0.00,0.00,1.07
2004-11-02,-2.08,-2.08,-2.07,-2.09,14855,6402313.00,-0.96,0.00,0.00,1.18
2004-11-03,-2.08,-2.03,-2.03,-2.08,39043,17550018.00,-2.40,2.40,0.05,3.09
2004-11-04,-2.03,-2.05,-2.01,-2.07,27273,12378636.00,-2.96,-0.99,-0.02,2.16
2004-11-05,-2.05,-2.02,-2.02,-2.05,54965,25023506.00,-1.46,1.46,0.03,4.35
2004-11-08,-2.02,-2.02,-2.01,-2.04,14062,6480992.50,-1.49,0.00,0.00,1.11
2004-11-09,-2.03,-2.03,-2.02,-2.04,12060,5497209.50,-0.99,-0.50,-0.01,0.96
2004-11-10,-2.04,-2.00,-1.99,-2.04,26531,12374850.00,-2.46,1.48,0.03,2.10
2004-11-11,-2.00,-2.00,-1.96,-2.02,41767,19964040.00,-3.00,0.00,0.00,3.31
2004-11-12,-2.00,-1.96,-1.96,-2.00,48281,23521422.00,-2.00,2.00,0.04,3.82
2004-11-15,-1.96,-1.95,-1.95,-1.98,33053,16284245.00,-1.53,0.51,0.01,2.62
2004-11-16,-1.94,-1.95,-1.93,-1.98,65837,32585396.00,-2.56,0.00,0.00,5.21
2004-11-17,-1.97,-1.98,-1.96,-1.98,16909,8189223.00,-1.03,-1.54,-0.03,1.34
2004-11-18,-1.98,-1.98,-1.98,-1.99,18935,9100569.00,-0.51,0.00,0.00,1.50
2004-11-19,-1.98,-1.97,-1.96,-1.98,33903,16497534.00,-1.01,0.51,0.01,2.68
2004-11-22,-1.97,-1.96,-1.96,-1.98,14018,6851563.00,-1.02,0.51,0.01,1.11
2004-11-23,-1.97,-1.95,-1.95,-1.98,46876,23042576.00,-1.53,0.51,0.01,3.71
2004-11-24,-1.95,-1.93,-1.92,-1.96,83824,42186580.00,-2.05,1.03,0.02,6.64
2004-11-25,-1.93,-1.95,-1.93,-1.97,23485,11688066.00,-2.07,-1.04,-0.02,1.86
2004-11-26,-1.94,-1.95,-1.94,-1.96,18467,9235225.00,-1.03,0.00,0.00,1.46
2004-11-29,-1.96,-1.98,-1.96,-1.99,15731,7617477.50,-1.54,-1.54,-0.03,1.25
2004-11-30,-1.99,-1.99,-1.98,-2.00,7410,3543676.25,-1.01,-0.51,-0.01,0.59
2004-12-01,-1.99,-2.00,-1.97,-2.01,6772,3236378.00,-2.01,-0.50,-0.01,0.54
2004-12-02,-2.00,-1.99,-1.99,-2.01,9785,4613169.00,-1.00,0.50,0.01,0.77
2004-12-03,-1.99,-1.98,-1.94,-2.01,19295,9396525.00,-3.52,0.50,0.01,1.53
2004-12-06,-1.97,-1.96,-1.95,-1.98,13673,6711854.50,-1.52,1.01,0.02,1.08
2004-12-07,-1.95,-1.95,-1.91,-1.95,59155,30106568.00,-2.04,0.51,0.01,4.68
2004-12-08,-1.95,-1.98,-1.94,-1.99,24798,12056354.00,-2.56,-1.54,-0.03,1.96
2004-12-09,-1.97,-1.98,-1.97,-1.99,11978,5812092.50,-1.01,0.00,0.00,0.95
2004-12-10,-1.98,-2.00,-1.98,-2.00,11043,5257880.50,-1.01,-1.01,-0.02,0.87
2004-12-13,-2.01,-2.01,-2.01,-2.04,10892,5051934.50,-1.50,-0.50,-0.01,0.86
2004-12-14,-2.01,-2.01,-1.99,-2.02,2816,1321336.75,-1.49,0.00,0.00,0.22
2004-12-15,-2.01,-2.04,-2.01,-2.06,6964,3159708.50,-2.49,-1.49,-0.03,0.55
2004-12-16,-2.04,-2.07,-2.04,-2.07,7319,3233703.75,-1.47,-1.47,-0.03,0.58
2004-12-17,-2.07,-2.09,-2.06,-2.09,10500,4527022.00,-1.45,-0.97,-0.02,0.83
2004-12-20,-2.09,-2.06,-2.01,-2.09,41291,18611094.00,-3.83,1.44,0.03,3.27
2004-12-21,-2.07,-2.05,-2.03,-2.07,8471,3778563.00,-1.94,0.49,0.01,0.67
2004-12-22,-2.05,-2.03,-2.03,-2.06,7519,3392279.75,-1.46,0.98,0.02,0.60
2004-12-23,-2.03,-2.05,-2.03,-2.06,4542,2034436.00,-1.48,-0.99,-0.02,0.36
2004-12-24,-2.05,-2.07,-2.05,-2.08,5920,2584539.00,-1.46,-0.98,-0.02,0.47
2004-12-27,-2.07,-2.07,-2.05,-2.08,12129,5320378.00,-1.45,0.00,0.00,0.96
2004-12-28,-2.07,-2.04,-2.02,-2.07,36860,16770236.00,-2.42,1.45,0.03,2.92
2004-12-29,-2.05,-2.04,-2.03,-2.05,19071,8587254.00,-0.98,0.00,0.00,1.51
2004-12-30,-2.04,-2.05,-2.04,-2.07,16913,7513302.50,-1.47,-0.49,-0.01,1.34
2004-12-31,-2.05,-2.07,-2.05,-2.08,4601,2025848.50,-1.46,-0.98,-0.02,0.36