2015-01-05,12.16,12.44,12.69,11.72,64015,336928256.00,7.98,2.30,0.28,1.47
2015-01-06,12.31,12.71,13.08,12.18,67599,369143664.00,7.23,2.17,0.27,1.56
2015-01-07,12.55,12.96,13.21,12.55,40900,227600874.00,5.19,1.97,0.25,0.94
2015-01-08,12.96,12.88,13.42,12.84,26315,147341275.00,4.48,-0.62,-0.08,0.61
2015-01-09,12.80,12.96,13.38,12.77,20887,116941079.00,4.74,0.62,0.08,0.48
2015-01-12,12.83,13.28,13.43,12.77,15912,88812380.00,5.09,2.47,0.32,0.37
2015-01-13,13.28,13.24,13.71,13.15,23021,132132616.00,4.22,-0.30,-0.04,0.53
2015-01-14,13.35,12.83,13.51,12.58,15737,87486162.00,7.02,-3.10,-0.41,0.36
2015-01-15,12.86,13.26,13.26,12.74,12820,71838275.00,4.05,3.35,0.43,0.30
2015-01-16,13.38,13.29,13.51,13.02,29964,169913398.00,3.70,0.23,0.03,0.69
2015-01-19,12.83,13.30,13.91,12.73,30167,173114216.00,8.88,0.08,0.01,0.69
2015-01-20,13.33,13.34,13.60,12.91,23395,132528773.00,5.19,0.30,0.04,0.54
2015-01-21,13.26,13.94,14.02,13.10,25865,151083354.00,6.90,4.50,0.60,0.60
2015-01-22,13.94,13.62,13.99,13.32,29367,169607271.00,4.81,-2.30,-0.32,0.68
2015-01-23,13.62,13.50,13.62,13.10,31826,180703119.00,3.82,-0.88,-0.12,0.73
2015-01-26,13.32,13.38,13.55,13.29,26367,150270208.00,1.93,-0.89,-0.12,0.61
2015-01-27,13.47,13.40,13.48,13.24,23338,132688276.00,1.79,0.15,0.02,0.54
2015-01-28,13.24,12.80,13.37,12.77,32870,183533892.00,4.48,-4.48,-0.60,0.76
2015-01-29,12.69,12.46,12.75,12.24,31095,166798090.00,3.98,-2.66,-0.34,0.72
2015-01-30,12.45,12.37,12.65,12.21,26826,143219574.00,3.53,-0.72,-0.09,0.62
2015-02-02,12.27,12.54,12.75,12.22,25235,136143015.00,4.28,1.37,0.17,0.58
2015-02-03,12.71,12.71,12.89,12.54,26082,143011591.00,2.79,1.36,0.17,0.60
2015-02-04,12.70,12.27,12.70,12.27,35762,191172347.00,3.38,-3.46,-0.44,0.82
2015-02-05,12.35,11.87,12.40,11.87,41274,216189544.00,4.32,-3.26,-0.40,0.95
2015-02-06,11.95,11.75,11.98,11.62,21415,109368786.00,3.03,-1.01,-0.12,0.49
2015-02-09,11.82,11.66,11.82,11.62,22820,116153248.00,1.70,-0.77,-0.09,0.53
2015-02-10,11.77,11.81,11.98,11.62,26630,136484326.00,3.09,1.29,0.15,0.61
2015-02-11,11.83,12.11,12.21,11.76,32502,169967375.00,3.81,2.54,0.30,0.75
2015-02-12,12.12,12.31,12.37,12.12,20938,111033469.00,2.06,1.65,0.20,0.48
2015-02-13,12.37,12.04,12.37,11.94,34345,180250000.00,3.49,-2.19,-0.27,0.79
2015-02-16,12.04,12.04,12.10,11.80,44587,230264814.00,2.49,0.00,0.00,1.03
2015-02-17,12.02,12.11,12.17,11.95,29687,155285672.00,1.83,0.58,0.07,0.68
2015-02-25,12.19,12.23,12.26,11.98,37920,198366758.00,2.31,0.99,0.12,0.87
2015-02-26,12.24,12.38,12.41,12.16,21655,115287695.00,2.04,1.23,0.15,0.50
2015-02-27,12.38,12.37,12.46,12.21,30862,163831388.00,2.02,-0.08,-0.01,0.71
2015-03-02,12.36,12.33,12.36,12.17,26311,139318271.00,1.54,-0.32,-0.04,0.61
2015-03-03,12.25,12.29,12.46,12.22,40955,218457281.00,1.95,-0.32,-0.04,0.94
2015-03-04,12.40,12.93,13.10,12.21,58104,317257088.00,7.24,5.21,0.64,1.34
2015-03-05,12.69,12.82,13.18,12.61,30345,167063753.00,4.41,-0.85,-0.11,0.70
2015-03-06,12.79,12.55,12.85,12.44,26410,143402595.00,3.20,-2.11,-0.27,0.61
2015-03-09,12.35,12.71,12.73,12.27,23171,125465154.00,3.67,1.27,0.16,0.53
2015-03-10,12.63,12.83,12.98,12.61,18348,101052906.00,2.91,0.94,0.12,0.42
2015-03-11,12.88,12.55,12.99,12.54,16438,89684909.00,3.51,-2.18,-0.28,0.38
2015-03-12,12.55,12.73,12.77,12.52,27625,149831604.00,1.99,1.43,0.18,0.64
2015-03-13,12.66,13.61,13.96,12.63,60562,347625280.00,10.45,6.91,0.88,1.40
2015-03-16,15.04,15.21,15.21,14.65,64166,406626400.00,4.11,11.76,1.60,1.48
2015-03-17,16.01,15.33,16.44,15.02,93190,606611840.00,9.34,0.79,0.12,2.15
2015-03-18,15.42,15.34,15.42,14.85,67985,429421568.00,3.72,0.07,0.01,1.57
2015-03-19,15.14,15.21,15.26,14.91,32767,207133049.00,2.28,-0.85,-0.13,0.75
2015-03-20,14.99,15.16,15.19,14.78,57039,357856240.00,2.70,-0.33,-0.05,1.31
2015-03-23,15.15,14.99,15.46,14.91,72264,454024080.00,3.63,-1.12,-0.17,1.66
2015-03-24,15.02,15.45,15.47,14.94,87513,558518368.00,3.54,3.07,0.46,2.02
2015-03-25,15.51,15.65,16.01,15.20,58437,378971632.00,5.24,1.29,0.20,1.35
2015-03-26,15.33,15.32,15.59,15.19,32108,205796740.00,2.56,-2.11,-0.33,0.74
2015-03-27,15.32,14.75,15.43,14.74,57337,359205824.00,4.50,-3.72,-0.57,1.32
2015-03-30,14.78,14.94,15.03,14.55,52637,326368464.00,3.25,1.29,0.19,1.21
2015-03-31,14.94,14.80,15.10,14.73,40909,255525499.00,2.48,-0.94,-0.14,0.94
2015-04-01,14.80,15.22,15.40,14.74,61373,387456288.00,4.46,2.84,0.42,1.41
2015-04-02,15.34,15.23,15.40,14.91,60331,380875680.00,3.22,0.07,0.01,1.39
2015-04-03,15.08,15.43,15.45,14.99,66070,420839840.00,3.02,1.31,0.20,1.52
2015-04-07,15.45,15.90,16.08,15.29,85113,552249184.00,5.12,3.05,0.47,1.96
2015-04-08,15.90,15.33,15.91,15.00,62973,405475152.00,5.72,-3.58,-0.57,1.45
2015-04-09,15.33,15.05,15.35,14.75,46795,293964544.00,3.91,-1.83,-0.28,1.08
2015-04-10,15.06,16.31,16.80,15.05,109149,718449104.00,11.63,8.37,1.26,2.51
2015-04-13,16.33,17.03,17.42,16.16,89494,622278064.00,7.73,4.41,0.72,2.06
2015-04-14,17.01,16.52,17.40,16.38,56408,390251712.00,5.99,-2.99,-0.51,1.30
2015-04-15,16.83,16.31,17.10,16.17,47544,325998304.00,5.63,-1.27,-0.21,1.10
2015-04-16,16.67,17.76,17.85,16.66,84159,602324032.00,7.30,8.89,1.45,1.94
2015-04-17,17.85,17.54,18.65,17.35,61806,454421456.00,7.32,-1.24,-0.22,1.42
2015-04-20,17.55,17.63,18.63,17.46,62528,460853344.00,6.67,0.51,0.09,1.44
2015-04-21,17.64,18.38,18.52,17.42,67620,495889312.00,6.24,4.25,0.75,1.56
2015-04-22,18.52,18.20,18.52,18.02,57230,427420144.00,2.72,-0.98,-0.18,1.32
2015-04-23,18.20,17.69,18.20,17.51,50369,366058544.00,3.79,-2.80,-0.51,1.16
2015-04-24,17.44,17.11,17.82,16.85,60328,427689504.00,5.48,-3.28,-0.58,1.39
2015-04-27,17.24,17.22,17.40,16.74,51628,363990528.00,3.86,0.64,0.11,1.19
2015-04-28,17.03,16.64,17.21,16.52,48751,336235392.00,4.01,-3.37,-0.58,1.12
2015-04-29,16.54,16.97,17.09,16.44,39710,276388992.00,3.91,1.98,0.33,0.91
2015-04-30,17.16,16.91,17.35,16.84,39389,277010992.00,3.01,-0.35,-0.06,0.91
2015-05-04,16.99,17.05,17.38,16.76,35768,250151992.00,3.67,0.83,0.14,0.82
2015-05-05,16.80,16.49,16.99,16.33,37068,253818534.00,3.87,-3.28,-0.56,0.85
2015-05-06,16.71,16.23,16.96,16.09,43367,296964448.00,5.28,-1.58,-0.26,1.00
2015-05-07,16.16,15.79,16.56,15.46,47299,314236720.00,6.78,-2.71,-0.44,1.09
2015-05-08,15.98,16.31,16.34,15.82,39174,257047085.00,3.29,3.29,0.52,0.90
2015-05-11,16.29,16.68,16.69,15.86,75621,506231088.00,5.09,2.27,0.37,1.74
2015-05-12,16.64,16.49,16.83,16.34,59556,401108368.00,2.94,-1.14,-0.19,1.37
2015-05-13,16.43,17.41,17.65,16.35,80250,558628432.00,7.88,5.58,0.92,1.85
2015-05-14,17.28,17.21,17.50,16.87,35966,250083731.00,3.62,-1.15,-0.20,0.83
2015-05-15,17.24,16.70,17.24,16.55,32289,220610522.00,4.01,-2.96,-0.51,0.74
2015-05-18,16.66,16.64,17.18,16.51,27184,185771648.00,4.01,-0.36,-0.06,0.63
2015-05-19,16.64,17.48,17.66,16.58,58353,407630480.00,6.49,5.05,0.84,1.34
2015-05-20,17.48,17.22,17.90,17.13,54162,386445760.00,4.41,-1.49,-0.26,1.25
2015-05-21,17.25,18.25,18.27,17.20,60998,442073712.00,6.21,5.98,1.03,1.41
2015-05-22,18.33,18.21,18.48,17.89,50073,365547392.00,3.23,-0.22,-0.04,1.15
2015-05-25,18.00,18.58,18.78,17.78,52685,389363232.00,5.49,2.03,0.37,1.21
2015-05-26,18.50,18.64,19.36,18.16,60115,452274352.00,6.46,0.32,0.06,1.38
2015-05-27,18.66,20.30,20.55,18.66,71131,559163120.00,10.14,8.91,1.66,1.64
2015-05-28,20.16,18.67,20.48,18.51,60600,475446624.00,9.70,-8.03,-1.63,1.40
2015-05-29,18.83,18.91,19.33,18.17,48405,366987776.00,6.21,1.29,0.24,1.12
2015-06-01,19.16,19.69,19.69,18.82,57431,444464304.00,4.60,4.12,0.78,1.32
2015-06-02,19.80,19.27,19.83,18.69,62989,484365680.00,5.79,-2.13,-0.42,1.45
2015-06-03,19.23,18.75,19.23,18.52,46502,351280784.00,3.68,-2.70,-0.52,1.07
2015-06-04,18.75,17.92,18.75,17.12,59991,436591120.00,8.69,-4.43,-0.83,1.38
2015-06-05,18.22,18.48,18.80,18.08,66406,492834704.00,4.02,3.13,0.56,1.53
2015-06-08,18.51,18.17,18.61,17.69,53826,391439472.00,4.98,-1.68,-0.31,1.24
2015-06-09,18.19,18.88,18.91,18.04,68253,508197792.00,4.79,3.91,0.71,1.57
2015-06-10,18.74,19.21,19.22,18.36,59981,456075120.00,4.56,1.75,0.33,1.38
2015-06-11,19.14,19.08,19.15,18.79,41199,314109552.00,1.87,-0.68,-0.13,0.95
2015-06-12,19.08,18.99,19.33,18.66,60198,457688096.00,3.51,-0.47,-0.09,1.39
2015-06-15,19.01,19.28,20.41,18.91,81463,638062368.00,7.90,1.53,0.29,1.88
2015-06-16,18.92,18.26,19.28,17.99,66467,494809136.00,6.69,-5.29,-1.02,1.53
2015-06-17,18.23,18.27,18.41,17.57,45179,329589024.00,4.60,0.05,0.01,1.04
2015-06-18,18.03,17.94,18.34,17.69,43224,314506080.00,3.56,-1.81,-0.33,1.00
2015-06-19,17.94,17.28,18.24,17.25,53211,381538960.00,5.52,-3.68,-0.66,1.23
2015-06-23,17.25,17.85,17.88,16.75,47723,336231088.00,6.54,3.30,0.57,1.10
2015-06-24,17.86,17.91,18.19,17.53,55020,397358928.00,3.70,0.34,0.06,1.27
2015-06-25,17.91,17.66,18.44,17.59,60438,442273248.00,4.75,-1.40,-0.25,1.39
2015-08-05,17.03,18.08,19.19,17.01,232629,1719483536.00,12.34,2.38,0.42,5.36
2015-08-06,17.80,17.74,18.41,17.15,69257,500972672.00,6.97,-1.88,-0.34,1.60
2015-08-07,18.08,18.74,18.91,17.77,72967,538194144.00,6.43,5.64,1.00,1.68
2015-08-10,19.25,19.75,19.95,18.91,64484,499841632.00,5.55,5.39,1.01,1.49
2015-08-11,19.53,19.89,20.02,19.10,45501,358428016.00,4.66,0.71,0.14,1.05
2015-08-12,19.64,19.36,19.71,19.17,28119,218676712.00,2.71,-2.66,-0.53,0.65
2015-08-13,19.39,19.20,19.39,18.86,28753,219957153.00,2.74,-0.83,-0.16,0.66
2015-08-14,19.84,20.25,21.33,19.84,77058,625816256.00,7.76,5.47,1.05,1.78
2015-08-17,20.19,22.15,22.25,19.82,73610,626192672.00,12.00,9.38,1.90,1.70
2015-08-18,21.95,19.72,21.95,19.72,62602,520254432.00,10.07,-10.97,-2.43,1.44
2015-08-19,19.36,20.28,20.52,18.82,67445,538095440.00,8.62,2.84,0.56,1.55
2015-08-20,20.03,19.05,20.24,18.93,38171,300040000.00,6.46,-6.07,-1.23,0.88
2015-08-21,18.72,18.64,19.25,18.41,51823,388953088.00,4.41,-2.15,-0.41,1.19
2015-08-24,17.77,16.55,18.07,16.55,78431,548084432.00,8.15,-11.21,-2.09,1.81
2015-08-25,15.87,16.50,17.75,15.87,68566,470731792.00,11.36,-0.30,-0.05,1.58
2015-08-26,16.83,16.97,17.88,15.86,76519,529520624.00,12.24,2.85,0.47,1.76
2015-08-27,17.27,18.03,18.04,17.26,63239,453841328.00,4.60,6.25,1.06,1.46
2015-08-28,18.33,19.04,19.16,17.56,73955,546254432.00,8.87,5.60,1.01,1.70
2015-08-31,19.53,18.08,19.65,18.08,56225,425196928.00,8.25,-5.04,-0.96,1.30
2015-09-01,17.80,18.50,18.64,17.25,78483,577310400.00,7.69,2.32,0.42,1.81
2015-09-02,17.66,17.52,18.50,17.41,39905,287230672.00,5.89,-5.30,-0.98,0.92
2015-09-07,17.22,17.50,18.22,16.97,33358,237582210.00,7.13,-0.11,-0.02,0.77
2015-09-08,17.41,17.94,17.99,17.13,28716,204640666.00,4.91,2.51,0.44,0.66
2015-09-09,17.94,18.41,18.64,17.72,35335,260630755.00,5.13,2.62,0.47,0.81
2015-09-10,18.13,17.89,18.30,17.81,19739,143899673.00,2.66,-2.82,-0.52,0.45
2015-09-11,17.89,17.51,18.17,17.25,23307,165907617.00,5.14,-2.12,-0.38,0.54
2015-09-14,17.43,17.53,18.16,17.11,36487,259043336.00,6.00,0.11,0.02,0.84
2015-09-15,17.25,17.16,17.51,16.94,16765,116768890.00,3.25,-2.11,-0.37,0.39
2015-09-16,16.97,18.19,18.64,16.97,29759,213178012.00,9.73,6.00,1.03,0.69
2015-09-17,17.97,17.49,17.97,17.49,43634,311553152.00,2.64,-3.85,-0.70,1.01
2015-09-18,17.44,17.35,17.58,17.04,18681,131080496.00,3.09,-0.80,-0.14,0.43
2015-09-21,17.25,17.55,17.70,16.98,45986,322838608.00,4.15,1.15,0.20,1.06
2015-09-22,17.55,17.49,17.68,17.42,16084,114230843.00,1.48,-0.34,-0.06,0.37
2015-09-23,17.25,16.73,17.48,16.56,37449,257050399.00,5.26,-4.35,-0.76,0.86
2015-09-24,16.83,16.98,17.10,16.57,34150,232986820.00,3.17,1.49,0.25,0.79
2015-09-25,16.78,16.76,16.94,16.65,26847,183706725.00,1.71,-1.30,-0.22,0.62
2015-09-28,16.75,16.80,16.87,16.47,18796,127878303.00,2.39,0.24,0.04,0.43
2015-09-29,16.64,16.89,17.22,16.56,18324,126081703.00,3.93,0.54,0.09,0.42
2015-09-30,17.02,17.21,17.41,16.85,15563,108559150.00,3.32,1.89,0.32,0.36
2015-10-08,17.72,17.33,17.75,17.30,30720,217859850.00,2.61,0.70,0.12,0.71
2015-10-09,17.30,17.53,17.60,17.12,29327,206189061.00,2.77,1.15,0.20,0.68
2015-10-12,17.54,18.04,18.43,17.53,49603,361105216.00,5.13,2.91,0.51,1.14
2015-10-13,18.00,17.92,18.19,17.83,26480,192826542.00,2.00,-0.67,-0.12,0.61
2015-10-14,17.91,17.84,17.98,17.69,19143,137862961.00,1.62,-0.45,-0.08,0.44
2015-10-15,17.71,18.20,18.20,17.71,18189,132061704.00,2.75,2.02,0.36,0.42
2015-10-16,18.20,18.19,18.41,18.09,25504,187487459.00,1.76,-0.05,-0.01,0.59
2015-10-19,18.28,18.58,18.58,17.95,24637,181046913.00,3.46,2.14,0.39,0.57
2015-10-20,18.55,18.52,18.72,18.42,25487,190440260.00,1.61,-0.32,-0.06,0.59
2015-10-21,18.52,17.83,18.96,17.28,34257,254511158.00,9.07,-3.73,-0.69,0.79
2015-10-22,17.98,18.18,18.22,17.66,35577,257164267.00,3.14,1.96,0.35,0.82
2015-10-23,18.23,18.51,18.96,18.23,41779,313413952.00,4.02,1.82,0.33,0.96
2015-10-26,18.78,18.72,18.90,18.41,29733,223879434.00,2.65,1.13,0.21,0.68
2015-10-27,18.61,18.59,18.71,17.97,26557,197206616.00,3.95,-0.69,-0.13,0.61
2015-10-28,18.59,19.05,19.58,18.44,44394,343443392.00,6.13,2.47,0.46,1.02
2015-10-29,19.06,19.05,19.41,18.74,15447,118164588.00,3.52,0.00,0.00,0.36
2015-10-30,19.07,18.86,19.19,18.70,20457,155661761.00,2.57,-1.00,-0.19,0.47
2015-11-02,18.64,18.67,19.10,18.54,20583,155847180.00,2.97,-1.01,-0.19,0.47
2015-11-03,18.69,18.50,18.80,18.33,27022,201473444.00,2.52,-0.91,-0.17,0.62
2015-11-04,18.49,19.14,19.14,18.38,24143,183252210.00,4.11,3.46,0.64,0.56
2015-11-05,19.08,18.88,19.14,18.75,28363,215526558.00,2.04,-1.36,-0.26,0.65
2015-11-06,18.88,18.96,19.00,18.81,31929,242492007.00,1.01,0.42,0.08,0.74
2015-11-09,18.87,18.87,19.00,18.56,51969,392117360.00,2.32,-0.47,-0.09,1.20
2015-11-10,18.64,18.64,18.83,18.47,36634,275230432.00,1.91,-1.22,-0.23,0.84
2015-11-11,18.64,18.60,18.69,18.36,30290,225745259.00,1.77,-0.21,-0.04,0.70
2015-11-12,18.63,19.09,19.18,18.63,51576,391975600.00,2.96,2.63,0.49,1.19
2015-11-13,19.11,18.86,19.11,18.55,28153,213054676.00,2.93,-1.20,-0.23,0.65
2015-11-16,18.65,19.31,19.43,18.64,27141,206561640.00,4.19,2.39,0.45,0.63
2015-11-17,19.32,19.28,19.83,19.21,33776,264075310.00,3.21,-0.16,-0.03,0.78
2015-11-18,19.41,20.03,20.25,19.14,27839,216985025.00,5.76,3.89,0.75,0.64
2015-11-19,20.35,20.13,20.58,19.94,24993,201490706.00,3.20,0.50,0.10,0.58
2015-11-20,20.03,19.75,20.14,19.59,35344,280887904.00,2.73,-1.89,-0.38,0.81
2015-11-23,19.69,19.74,19.89,19.33,29013,226884861.00,2.84,-0.05,-0.01,0.67
2015-11-24,19.68,19.29,19.68,19.16,28255,218678410.00,2.63,-2.28,-0.45,0.65
2015-11-25,19.28,19.47,19.72,19.07,39823,307624256.00,3.37,0.93,0.18,0.92
2015-11-26,19.47,19.44,19.86,19.25,32210,252273741.00,3.13,-0.15,-0.03,0.74
2015-11-27,19.47,18.88,19.83,18.64,46015,358639808.00,6.12,-2.88,-0.56,1.06
2015-11-30,18.87,18.64,19.05,18.41,43239,324366320.00,3.39,-1.27,-0.24,1.00
2015-12-01,18.66,18.98,19.36,18.57,27739,212151189.00,4.24,1.82,0.34,0.64
2015-12-02,18.92,19.00,19.25,18.62,21627,164637407.00,3.32,0.11,0.02,0.50
2015-12-03,18.91,19.33,19.33,18.89,22641,173424881.00,2.32,1.74,0.33,0.52
2015-12-04,19.28,19.44,19.85,19.14,19081,149243911.00,3.67,0.57,0.11,0.44
2015-12-07,19.48,19.83,20.16,19.48,33018,261580426.00,3.50,2.01,0.39,0.76
2015-12-08,19.69,19.33,19.75,19.28,18833,147230804.00,2.37,-2.52,-0.50,0.43
2015-12-09,19.41,20.22,20.30,19.30,51937,414125408.00,5.17,4.60,0.89,1.20
2015-12-10,20.22,19.99,20.33,19.91,22319,178970387.00,2.08,-1.14,-0.23,0.51
2015-12-11,19.99,19.75,20.04,19.61,15270,120533494.00,2.15,-1.20,-0.24,0.35
2015-12-14,19.61,20.00,20.03,19.55,17436,137926432.00,2.43,1.27,0.25,0.40
2015-12-15,20.16,20.17,20.36,19.89,24533,197269643.00,2.35,0.85,0.17,0.57
2015-12-16,20.16,19.92,20.54,19.75,21980,176579832.00,3.92,-1.24,-0.25,0.51
2015-12-17,19.97,20.25,20.44,19.91,31877,256662909.00,2.66,1.66,0.33,0.73
2015-12-18,20.18,20.01,20.58,19.99,33903,273610448.00,2.91,-1.19,-0.24,0.78
2015-12-21,20.02,20.71,20.85,19.92,34266,280273120.00,4.65,3.50,0.70,0.79
2015-12-22,20.69,20.83,21.07,20.45,24249,200127744.00,2.99,0.58,0.12,0.56
2015-12-23,20.72,20.86,21.83,20.72,35066,296286864.00,5.33,0.14,0.03,0.81
2015-12-24,20.91,20.89,21.26,20.67,19526,162338011.00,2.83,0.14,0.03,0.45
2015-12-25,20.95,20.75,21.04,20.42,27663,227370511.00,2.97,-0.67,-0.14,0.64
2015-12-28,20.76,20.71,21.14,20.41,32628,268722304.00,3.52,-0.19,-0.04,0.75
2015-12-29,20.58,20.42,20.69,20.19,18310,148765910.00,2.41,-1.40,-0.29,0.42
2015-12-30,20.41,20.58,20.83,20.31,20106,164885159.00,2.55,0.78,0.16,0.46
2015-12-31,20.58,20.57,21.10,20.52,22071,182530319.00,2.82,-0.05,-0.01,0.51