2022-01-04,12.11,12.42,12.45,12.11,19631,24289736.00,2.80,2.39,0.29,1.81
2022-01-05,12.42,12.32,12.56,12.15,18066,22348034.00,3.30,-0.81,-0.10,1.67
2022-01-06,12.30,12.32,12.42,12.20,10864,13442725.00,1.79,0.00,0.00,1.00
2022-01-07,12.39,12.00,12.39,11.99,14018,17124636.00,3.25,-2.60,-0.32,1.29
2022-01-10,12.05,12.24,12.30,11.85,14585,17749205.00,3.75,2.00,0.24,1.34
2022-01-11,12.24,12.30,12.44,12.13,16581,20524214.00,2.53,0.49,0.06,1.53
2022-01-12,12.30,12.42,12.51,12.10,19600,24321217.00,3.33,0.98,0.12,1.81
2022-01-13,12.40,12.47,12.78,12.40,28970,36572287.00,3.06,0.40,0.05,2.67
2022-01-14,12.52,12.37,12.59,12.22,17263,21545242.00,2.97,-0.80,-0.10,1.59
2022-01-17,12.23,12.76,12.81,12.23,31254,39801732.00,4.69,3.15,0.39,2.88
2022-01-18,12.93,12.58,12.97,12.57,29257,37437679.00,3.13,-1.41,-0.18,2.70
2022-01-19,12.64,12.87,12.88,12.45,27804,35652854.00,3.42,2.31,0.29,2.56
2022-01-20,12.87,12.22,12.89,12.17,32605,40582624.00,5.59,-5.05,-0.65,3.01
2022-01-21,12.17,12.30,12.69,12.15,18372,22779901.00,4.42,0.65,0.08,1.69
2022-01-24,12.28,12.60,12.80,12.15,28170,35482557.00,5.28,2.44,0.30,2.60
2022-01-25,12.57,11.75,12.61,11.75,29171,35227117.00,6.83,-6.75,-0.85,2.69
2022-01-26,11.87,11.71,12.06,11.55,18018,21268433.00,4.34,-0.34,-0.04,1.66
2022-01-27,11.70,11.20,11.79,11.16,18994,21688297.00,5.38,-4.36,-0.51,1.75
2022-01-28,11.25,11.83,12.03,11.25,23323,27466879.00,6.96,5.63,0.63,2.15
2022-02-07,12.23,11.90,12.39,11.64,18179,21574517.00,6.34,0.59,0.07,1.68
2022-02-08,11.99,11.96,12.14,11.73,15724,18852816.00,3.45,0.50,0.06,1.45
2022-02-09,11.84,12.71,12.82,11.84,34608,43260215.00,8.19,6.27,0.75,3.19
2022-02-10,12.61,12.54,12.85,12.35,35295,44436305.00,3.93,-1.34,-0.17,3.25
2022-02-11,12.53,12.37,12.69,12.30,16643,20754789.00,3.11,-1.36,-0.17,1.53
2022-02-14,12.43,12.31,12.53,12.10,15905,19706625.00,3.48,-0.49,-0.06,1.47
2022-02-15,12.30,12.31,12.51,12.15,16636,20570465.00,2.92,0.00,0.00,1.53
2022-02-16,12.45,12.53,12.61,12.31,27861,34906804.00,2.44,1.79,0.22,2.57
2022-02-17,12.53,12.32,12.65,12.21,25048,31177288.00,3.51,-1.68,-0.21,2.31
2022-02-18,12.28,12.46,12.49,12.17,16810,20826504.00,2.60,1.14,0.14,1.55
2022-02-21,12.46,12.85,12.90,12.46,35213,45117833.00,3.53,3.13,0.39,3.25
2022-02-22,12.87,12.76,12.93,12.65,24436,31328555.00,2.18,-0.70,-0.09,2.25
2022-02-23,12.80,12.92,12.94,12.67,27060,34915700.00,2.12,1.25,0.16,2.49
2022-02-24,12.90,12.64,13.07,12.46,39951,51262917.00,4.72,-2.17,-0.28,3.68
2022-02-25,12.72,12.65,13.00,12.60,25239,32481337.00,3.16,0.08,0.01,2.33
2022-02-28,12.66,12.58,12.76,12.35,19043,24024814.00,3.24,-0.55,-0.07,1.76
2022-03-01,12.70,12.90,12.91,12.60,19984,25738684.00,2.46,2.54,0.32,1.84
2022-03-02,12.81,12.77,13.02,12.65,19569,25208973.00,2.87,-1.01,-0.13,1.80
2022-03-03,13.00,12.36,13.01,12.33,31102,39132155.00,5.32,-3.21,-0.41,2.87
2022-03-04,12.43,12.16,12.47,12.10,19461,23934721.00,2.99,-1.62,-0.20,1.79
2022-03-07,12.11,11.91,12.29,11.75,22324,26960552.00,4.44,-2.06,-0.25,2.06
2022-03-08,11.91,11.71,12.04,11.65,20843,24776423.00,3.27,-1.68,-0.20,1.92
2022-03-09,11.72,11.55,11.90,11.11,19244,22248792.00,6.75,-1.37,-0.16,1.77
2022-03-10,11.70,11.61,11.91,11.61,14702,17374718.00,2.60,0.52,0.06,1.36
2022-03-11,11.39,11.56,11.62,11.15,21752,24848420.00,4.05,-0.43,-0.05,2.00
2022-03-14,11.46,10.96,11.57,10.96,21812,24485739.00,5.28,-5.19,-0.60,2.01
2022-03-15,10.87,10.25,10.95,10.20,22946,24467667.00,6.84,-6.48,-0.71,2.11
2022-03-16,10.40,10.50,10.72,10.08,17508,18259761.00,6.24,2.44,0.25,1.61
2022-03-17,10.71,10.73,10.84,10.46,22581,24231331.00,3.62,2.19,0.23,2.08
2022-03-18,10.67,10.85,10.96,10.61,18450,20065192.00,3.26,1.12,0.12,1.70
2022-03-21,10.84,11.02,11.04,10.80,15988,17525935.00,2.21,1.57,0.17,1.47
2022-03-22,10.98,10.94,11.09,10.84,13050,14363845.00,2.27,-0.73,-0.08,1.20
2022-03-23,10.94,12.37,12.66,10.94,115280,140730015.00,15.72,13.07,1.43,10.63
2022-03-24,11.85,11.54,11.92,11.37,81956,95757211.00,4.45,-6.71,-0.83,7.55
2022-03-25,11.46,11.19,11.50,11.11,45174,51055974.00,3.38,-3.03,-0.35,4.16
2022-03-28,11.08,11.32,11.63,10.86,42314,48117888.00,6.88,1.16,0.13,3.90
2022-03-29,11.25,11.71,11.78,11.17,48280,55726234.00,5.39,3.45,0.39,4.45
2022-03-30,11.65,11.28,11.65,11.10,48395,54754744.00,4.70,-3.67,-0.43,4.46
2022-03-31,11.19,11.10,11.32,10.97,30295,33925889.00,3.10,-1.60,-0.18,2.79
2022-04-01,11.16,10.75,11.20,10.68,32350,35150804.00,4.68,-3.15,-0.35,2.98
2022-04-06,10.80,11.12,11.20,10.72,34357,38136228.00,4.47,3.44,0.37,3.17
2022-04-07,11.20,10.76,11.22,10.75,19474,21382711.00,4.23,-3.24,-0.36,1.79
2022-04-08,10.76,10.59,10.83,10.41,19402,20661648.00,3.90,-1.58,-0.17,1.79
2022-04-11,10.59,10.30,10.65,10.25,14536,15225173.00,3.78,-2.74,-0.29,1.34
2022-04-12,10.58,10.53,10.58,10.18,16998,17743388.00,3.88,2.23,0.23,1.57
2022-04-13,10.51,10.23,10.52,10.20,10388,10758599.00,3.04,-2.85,-0.30,0.96
2022-04-14,10.21,10.50,10.93,10.21,21361,22783396.00,7.04,2.64,0.27,1.97
2022-04-15,10.42,10.04,10.43,9.93,24940,25459963.00,4.76,-4.38,-0.46,2.30
2022-04-18,9.95,10.17,10.21,9.69,12632,12708040.00,5.18,1.29,0.13,1.16
2022-04-19,10.17,10.34,10.40,10.17,9596,9943261.00,2.26,1.67,0.17,0.88
2022-04-20,10.25,10.35,10.49,10.25,10637,11119249.00,2.32,0.10,0.01,0.98
2022-04-21,10.25,9.93,10.43,9.93,12238,12422975.00,4.83,-4.06,-0.42,1.13
2022-04-22,9.89,9.81,9.96,9.65,12394,12242269.00,3.12,-1.21,-0.12,1.14
2022-04-25,9.61,8.69,9.63,8.55,20924,19087698.00,11.01,-11.42,-1.12,1.93
2022-04-26,8.75,8.96,9.58,8.75,35888,33302118.00,9.55,3.11,0.27,3.31
2022-04-27,9.05,9.21,9.26,8.72,24549,22265462.00,6.03,2.79,0.25,2.26
2022-04-28,9.14,8.85,9.15,8.68,20723,18505678.00,5.10,-3.91,-0.36,1.91
2022-04-29,8.73,9.16,9.28,8.73,19248,17626313.00,6.21,3.50,0.31,1.77
2022-05-05,9.16,9.28,9.42,9.03,18831,17557104.00,4.26,1.31,0.12,1.74
2022-05-06,9.24,9.26,9.35,9.02,10091,9362021.00,3.56,-0.22,-0.02,0.93
2022-05-09,9.20,9.46,9.52,9.16,11339,10760391.00,3.89,2.16,0.20,1.05
2022-05-10,9.43,9.66,9.72,9.30,11087,10705109.00,4.44,2.11,0.20,1.02
2022-05-11,9.66,9.58,9.92,9.53,14703,14421319.00,4.04,-0.83,-0.08,1.36
2022-05-12,9.59,9.73,10.00,9.59,15085,14788315.00,4.28,1.57,0.15,1.39
2022-05-13,9.79,9.85,9.90,9.69,13487,13322070.00,2.16,1.23,0.12,1.24
2022-05-16,10.11,9.84,10.14,9.75,11952,11885597.00,3.96,-0.10,-0.01,1.10
2022-05-17,9.86,9.74,9.91,9.64,9372,9182791.00,2.74,-1.02,-0.10,0.86
2022-05-18,9.56,9.96,10.07,9.56,14454,14490371.00,5.24,2.26,0.22,1.33
2022-05-19,9.86,9.98,10.04,9.78,8826,8836744.00,2.61,0.20,0.02,0.81
2022-05-20,10.24,9.96,10.24,9.86,12741,12734949.00,3.81,-0.20,-0.02,1.17
2022-05-23,9.97,10.11,10.13,9.92,12737,12853054.00,2.11,1.51,0.15,1.17
2022-05-24,10.07,9.68,10.18,9.64,13871,13822499.00,5.34,-4.25,-0.43,1.28
2022-05-25,9.58,9.93,10.00,9.56,10365,10303142.00,4.55,2.58,0.25,0.96
2022-05-26,9.93,10.21,10.60,9.73,31197,32043470.00,8.76,2.82,0.28,2.88
2022-05-27,10.32,10.11,10.40,9.97,22012,22388395.00,4.21,-0.98,-0.10,2.03
2022-05-30,10.19,10.18,10.25,10.01,13371,13541194.00,2.37,0.69,0.07,1.23
2022-05-31,10.21,10.34,10.37,10.08,16513,16893561.00,2.85,1.57,0.16,1.52
2022-06-01,10.41,10.80,10.86,10.31,30290,32451234.00,5.32,4.45,0.46,2.79
2022-06-02,10.80,10.86,10.99,10.61,30664,33302964.00,3.52,0.56,0.06,2.83
2022-06-06,10.84,10.82,11.15,10.79,23932,26154198.00,3.31,-0.37,-0.04,2.21
2022-06-07,10.87,10.68,10.89,10.60,16040,17163070.00,2.68,-1.29,-0.14,1.48
2022-06-08,10.63,10.52,10.70,10.30,15829,16634034.00,3.75,-1.50,-0.16,1.46
2022-06-09,10.58,10.21,10.69,10.12,18075,18558935.00,5.42,-2.95,-0.31,1.67
2022-06-10,10.08,10.33,10.41,10.08,10565,10912552.00,3.23,1.18,0.12,0.97
2022-06-13,10.25,10.34,10.48,10.15,13369,13808617.00,3.19,0.10,0.01,1.23
2022-06-14,10.35,10.17,10.36,9.90,17724,17910302.00,4.45,-1.64,-0.17,1.63
2022-06-15,10.23,10.09,10.38,10.09,14450,14805683.00,2.85,-0.79,-0.08,1.33
2022-06-16,10.05,10.29,10.35,10.01,20686,21272578.00,3.37,1.98,0.20,1.91
2022-06-17,10.25,10.27,10.37,10.08,15018,15353361.00,2.82,-0.19,-0.02,1.38
2022-06-20,10.39,10.56,10.56,10.24,23423,24381263.00,3.12,2.82,0.29,2.16
2022-06-21,10.55,10.62,10.65,10.39,23734,25069294.00,2.46,0.57,0.06,2.19
2022-06-22,10.59,10.38,10.64,10.35,17077,17894042.00,2.73,-2.26,-0.24,1.57
2022-06-23,10.44,10.63,10.67,10.33,25203,26601991.00,3.28,2.41,0.25,2.31
2022-06-24,10.65,10.86,10.92,10.65,30834,33327639.00,2.54,2.16,0.23,2.83
2022-06-27,10.88,10.90,10.99,10.67,20549,22280084.00,2.95,0.37,0.04,1.87
2022-06-28,10.79,11.14,11.15,10.79,20349,22489162.00,3.30,2.20,0.24,1.85
2022-06-29,11.11,11.17,11.76,10.96,48566,55047796.00,7.18,0.27,0.03,4.42
2022-06-30,11.30,11.02,11.55,11.02,33756,37941623.00,4.74,-1.34,-0.15,2.64
2022-07-01,11.25,10.97,11.31,10.95,18815,20851566.00,3.27,-0.45,-0.05,1.47
2022-07-04,10.97,10.87,11.13,10.83,19113,20849104.00,2.73,-0.91,-0.10,1.49
2022-07-05,10.83,10.58,10.90,10.46,20347,21617824.00,4.05,-2.67,-0.29,1.59
2022-07-06,10.58,10.44,10.68,10.34,15904,16568186.00,3.21,-1.32,-0.14,1.24
2022-07-07,10.40,10.60,10.65,10.25,13601,14324125.00,3.83,1.53,0.16,1.06
2022-07-08,10.61,10.82,11.05,10.51,21315,23120329.00,5.09,2.08,0.22,1.67
2022-07-11,10.77,10.65,10.94,10.56,13713,14732066.00,3.51,-1.57,-0.17,1.07
2022-07-12,10.62,10.51,10.74,10.37,17092,17994137.00,3.47,-1.31,-0.14,1.34
2022-07-13,10.55,10.64,10.68,10.42,17004,17930684.00,2.47,1.24,0.13,1.33
2022-07-14,10.63,11.03,11.19,10.60,30422,33590841.00,5.55,3.67,0.39,2.38
2022-07-15,11.00,10.67,11.03,10.60,23689,25394672.00,3.90,-3.26,-0.36,1.85
2022-07-18,10.69,11.44,11.50,10.69,48522,54776425.00,7.59,7.22,0.77,3.79
2022-07-19,11.44,11.52,11.65,11.27,34185,39126059.00,3.32,0.70,0.08,2.67
2022-07-20,11.50,11.50,11.74,11.41,18829,21679265.00,2.86,-0.17,-0.02,1.47
2022-07-21,11.40,11.38,11.60,11.38,14468,16571123.00,1.91,-1.04,-0.12,1.13
2022-07-22,11.33,11.47,11.50,11.26,16567,18910772.00,2.11,0.79,0.09,1.29
2022-07-25,11.50,11.21,11.53,11.18,12841,14487734.00,3.05,-2.27,-0.26,1.00
2022-07-26,11.21,11.24,11.42,11.13,10665,11971733.00,2.59,0.27,0.03,0.83
2022-07-27,11.25,11.50,11.52,11.25,14023,16027748.00,2.40,2.31,0.26,1.10
2022-07-28,11.46,11.71,11.73,11.39,22434,26073839.00,2.96,1.83,0.21,1.75
2022-07-29,11.76,11.39,11.76,11.33,19404,22250007.00,3.67,-2.73,-0.32,1.52
2022-08-01,11.46,11.61,11.68,11.26,21977,25453749.00,3.69,1.93,0.22,1.72
2022-08-02,11.52,11.13,11.52,10.96,22595,25219951.00,4.82,-4.13,-0.48,1.77
2022-08-03,11.16,11.08,11.56,11.07,18569,21165986.00,4.40,-0.45,-0.05,1.45
2022-08-04,11.21,11.64,11.70,11.21,28942,33307538.00,4.42,5.05,0.56,2.26
2022-08-05,11.80,11.66,11.80,11.45,21380,24808218.00,3.01,0.17,0.02,1.67
2022-08-08,11.89,11.99,12.09,11.64,24705,29411583.00,3.86,2.83,0.33,1.93
2022-08-09,11.99,12.06,12.16,11.86,19000,22791813.00,2.50,0.58,0.07,1.48
2022-08-10,12.25,12.17,12.30,11.95,15196,18406325.00,2.90,0.91,0.11,1.19
2022-08-11,12.28,12.24,12.43,12.14,19241,23637770.00,2.38,0.58,0.07,1.50
2022-08-12,12.39,12.15,12.39,12.02,25520,31027638.00,3.02,-0.74,-0.09,1.99
2022-08-15,12.07,12.27,12.30,11.83,19057,23067191.00,3.87,0.99,0.12,1.49
2022-08-16,12.21,12.22,12.31,12.09,12241,14917284.00,1.79,-0.41,-0.05,0.96
2022-08-17,12.23,12.24,12.38,12.15,11207,13711173.00,1.88,0.16,0.02,0.88
2022-08-18,12.16,12.45,12.56,12.09,17730,21939494.00,3.84,1.72,0.21,1.39
2022-08-19,12.45,12.25,12.68,12.25,14660,18240386.00,3.45,-1.61,-0.20,1.15
2022-08-22,12.27,12.23,12.39,12.10,15580,19025100.00,2.37,-0.16,-0.02,1.22
2022-08-23,12.72,12.64,13.36,12.48,83113,107077269.00,7.20,3.35,0.41,6.50
2022-08-24,12.63,12.90,13.34,12.63,94569,123501927.00,5.62,2.06,0.26,7.39
2022-08-25,12.92,13.63,14.29,12.79,122919,168231082.00,11.63,5.66,0.73,9.61
2022-08-26,13.13,14.00,14.45,12.61,132117,179808441.00,13.50,2.71,0.37,10.32
2022-08-29,13.56,13.87,13.89,13.20,114845,154933235.00,4.93,-0.93,-0.13,8.97
2022-08-30,13.58,13.03,13.70,12.97,93754,123332645.00,5.26,-6.06,-0.84,7.33
2022-08-31,12.82,11.88,13.08,11.76,95827,116927654.00,10.13,-8.83,-1.15,7.49
2022-09-01,12.00,12.03,12.69,11.80,77027,94722825.00,7.49,1.26,0.15,6.02
2022-09-02,12.05,12.58,12.65,11.92,65624,81484416.00,6.07,4.57,0.55,5.13
2022-09-05,12.72,12.43,12.77,12.27,38324,47716620.00,3.97,-1.19,-0.15,2.99
2022-09-06,12.41,12.47,12.64,12.28,27608,34320914.00,2.90,0.32,0.04,2.16
2022-09-07,12.52,12.76,13.31,12.50,60130,77063353.00,6.50,2.33,0.29,4.70
2022-09-08,12.66,12.30,12.84,12.23,42119,52305354.00,4.78,-3.61,-0.46,3.29
2022-09-09,12.31,11.97,12.48,11.86,31774,38105107.00,5.04,-2.68,-0.33,2.48
2022-09-13,11.98,12.13,12.30,11.92,26964,32608548.00,3.17,1.34,0.16,2.11
2022-09-14,11.97,11.73,12.01,11.58,34442,40428599.00,3.54,-3.30,-0.40,2.69
2022-09-15,11.79,11.18,11.87,11.04,35306,39964118.00,7.08,-4.69,-0.55,2.76
2022-09-16,11.14,11.01,11.33,10.99,22033,24504954.00,3.04,-1.52,-0.17,1.72
2022-09-19,10.92,10.84,11.27,10.70,22596,24578863.00,5.18,-1.54,-0.17,1.77
2022-09-20,10.87,11.18,11.25,10.87,23049,25699822.00,3.51,3.14,0.34,1.80
2022-09-21,11.17,11.10,11.20,10.90,17963,19877139.00,2.68,-0.72,-0.08,1.40
2022-09-22,11.01,11.07,11.26,10.92,14534,16198251.00,3.06,-0.27,-0.03,1.14
2022-09-23,11.21,10.93,11.21,10.68,20964,22864852.00,4.79,-1.26,-0.14,1.63
2022-09-26,10.88,10.63,10.91,10.57,20258,21702405.00,3.11,-2.74,-0.30,1.58
2022-09-27,10.74,10.96,10.98,10.71,18811,20495419.00,2.54,3.10,0.33,1.47
2022-09-28,11.07,10.57,11.08,10.55,21614,23243249.00,4.84,-3.56,-0.39,1.68
2022-09-29,11.01,10.67,11.04,10.45,28111,29949953.00,5.58,0.95,0.10,2.19
2022-09-30,10.60,10.83,11.04,10.46,23971,25993146.00,5.44,1.50,0.16,1.87
2022-10-10,10.85,10.70,10.97,10.49,18127,19346993.00,4.43,-1.20,-0.13,1.41
2022-10-11,10.70,10.71,10.80,10.56,16638,17760514.00,2.24,0.09,0.01,1.30
2022-10-12,10.85,11.59,11.84,10.72,42453,48403074.00,10.46,8.22,0.88,3.31
2022-10-13,11.45,11.58,11.73,11.30,39254,45229766.00,3.71,-0.09,-0.01,3.06
2022-10-14,11.62,11.90,11.91,11.52,32036,37699985.00,3.37,2.76,0.32,2.50
2022-10-17,11.84,12.05,12.15,11.77,21458,25820611.00,3.19,1.26,0.15,1.67
2022-10-18,12.11,12.47,12.49,12.06,29515,36410476.00,3.57,3.49,0.42,2.30
2022-10-19,12.37,12.31,12.45,12.16,24808,30518123.00,2.33,-1.28,-0.16,1.93
2022-10-20,12.21,12.26,12.44,12.13,17623,21666347.00,2.52,-0.41,-0.05,1.37
2022-10-21,12.28,12.30,12.51,12.13,15710,19331698.00,3.10,0.33,0.04,1.22
2022-10-24,12.35,12.13,12.47,11.96,22018,27008471.00,4.15,-1.38,-0.17,1.72
2022-10-25,12.07,12.10,12.25,11.83,23286,28006834.00,3.46,-0.25,-0.03,1.82
2022-10-26,12.25,12.04,12.36,11.96,45245,55018346.00,3.31,-0.50,-0.06,3.53
2022-10-27,12.09,12.15,12.32,11.98,28331,34455829.00,2.82,0.91,0.11,2.21
2022-10-28,12.02,11.81,12.18,11.70,25313,30073140.00,3.95,-2.80,-0.34,1.97
2022-10-31,11.77,12.28,12.35,11.66,33679,41107215.00,5.84,3.98,0.47,2.63
2022-11-01,12.29,12.36,12.45,12.20,26431,32570545.00,2.04,0.65,0.08,2.06
2022-11-02,12.52,12.29,12.68,12.22,28176,34978564.00,3.72,-0.57,-0.07,2.20
2022-11-03,12.16,12.28,12.44,12.12,16740,20502207.00,2.60,-0.08,-0.01,1.30
2022-11-04,12.28,12.30,12.41,12.15,21103,25987380.00,2.12,0.16,0.02,1.65
2022-11-07,12.33,12.19,12.38,12.12,18548,22642057.00,2.11,-0.89,-0.11,1.45
2022-11-08,12.25,12.14,12.25,11.91,15574,18776445.00,2.79,-0.41,-0.05,1.21
2022-11-09,12.08,11.94,12.18,11.89,13271,15916145.00,2.39,-1.65,-0.20,1.03
2022-11-10,11.71,11.86,11.98,11.71,17556,20859259.00,2.26,-0.67,-0.08,1.37
2022-11-11,12.04,11.72,12.13,11.71,22420,26611433.00,3.54,-1.18,-0.14,1.75
2022-11-14,11.82,11.77,12.01,11.66,25387,30015824.00,2.99,0.43,0.05,1.98
2022-11-15,11.76,12.07,12.08,11.75,22823,27320134.00,2.80,2.55,0.30,1.78
2022-11-16,12.05,12.39,12.41,11.97,33785,41533695.00,3.65,2.65,0.32,2.63
2022-11-17,12.39,12.87,12.87,12.31,51686,65316986.00,4.52,3.87,0.48,4.03
2022-11-18,12.84,12.68,12.99,12.64,37444,48082230.00,2.72,-1.48,-0.19,2.92
2022-11-21,12.51,12.53,12.76,12.41,23437,29328063.00,2.76,-1.18,-0.15,1.83
2022-11-22,12.54,13.16,13.16,12.41,62992,81393330.00,5.99,5.03,0.63,4.91
2022-11-23,13.14,12.38,13.14,12.02,77269,95236440.00,8.51,-5.93,-0.78,6.02
2022-11-24,12.28,12.24,12.66,12.19,32563,40319952.00,3.80,-1.13,-0.14,2.54
2022-11-25,12.24,11.80,12.29,11.79,29461,35186922.00,4.08,-3.59,-0.44,2.30
2022-11-28,11.70,11.57,11.77,11.43,24067,27832951.00,2.88,-1.95,-0.23,1.88
2022-11-29,11.59,11.63,11.74,11.50,20034,23230620.00,2.07,0.52,0.06,1.56
2022-11-30,11.68,11.79,11.86,11.21,30953,35809917.00,5.59,1.38,0.16,2.41
2022-12-01,11.85,11.76,11.99,11.70,25965,30719584.00,2.46,-0.25,-0.03,2.02
2022-12-02,11.76,11.93,11.97,11.66,19599,23290005.00,2.64,1.45,0.17,1.53
2022-12-05,11.96,12.15,12.39,11.95,28961,35260421.00,3.69,1.84,0.22,2.26
2022-12-06,12.22,12.08,12.24,12.03,19706,23879989.00,1.73,-0.58,-0.07,1.54
2022-12-07,12.08,11.87,12.09,11.78,22344,26631339.00,2.57,-1.74,-0.21,1.74
2022-12-08,11.82,11.91,11.98,11.67,16010,18950384.00,2.61,0.34,0.04,1.25
2022-12-09,11.85,11.60,11.95,11.53,18823,21938504.00,3.53,-2.60,-0.31,1.47
2022-12-12,11.55,11.64,11.67,11.44,17381,20070925.00,1.98,0.34,0.04,1.35
2022-12-13,11.65,11.38,11.69,11.36,12083,13879253.00,2.84,-2.23,-0.26,0.94
2022-12-14,11.49,11.34,11.61,11.29,13637,15627632.00,2.81,-0.35,-0.04,1.06
2022-12-15,11.43,11.48,11.64,11.25,12699,14621390.00,3.44,1.23,0.14,0.99
2022-12-16,11.48,11.20,11.48,11.11,12857,14432179.00,3.22,-2.44,-0.28,1.00
2022-12-19,11.20,10.95,11.20,10.84,15016,16504879.00,3.21,-2.23,-0.25,1.17
2022-12-20,10.99,11.14,11.20,10.91,10678,11832933.00,2.65,1.74,0.19,0.83
2022-12-21,11.14,11.03,11.24,10.94,9562,10605483.00,2.69,-0.99,-0.11,0.75
2022-12-22,11.20,10.76,11.20,10.76,8899,9714213.00,3.99,-2.45,-0.27,0.69
2022-12-23,10.66,10.88,10.93,10.66,8065,8752294.00,2.51,1.12,0.12,0.63
2022-12-26,10.89,11.05,11.10,10.88,7674,8465246.00,2.02,1.56,0.17,0.60
2022-12-27,11.05,11.02,11.16,10.85,14706,16160817.00,2.81,-0.27,-0.03,1.14
2022-12-28,11.02,11.01,11.26,10.90,16449,18105722.00,3.27,-0.09,-0.01,1.28
2022-12-29,11.05,11.24,11.32,10.97,23908,26754284.00,3.18,2.09,0.23,1.86
2022-12-30,11.20,11.24,11.35,11.09,16161,18122893.00,2.31,0.00,0.00,1.26