2012-01-04,3.01,2.93,3.06,2.93,8973,14509068.00,4.28,-3.62,-0.11,0.94
2012-01-05,2.91,2.76,2.93,2.76,7207,11118826.00,5.80,-5.80,-0.17,0.76
2012-01-06,2.75,2.75,2.78,2.47,11087,16110679.00,11.23,-0.36,-0.01,1.16
2012-01-09,2.75,2.82,2.84,2.64,10510,15755804.00,7.27,2.55,0.07,1.10
2012-01-10,2.82,2.95,2.95,2.74,18560,29136244.00,7.45,4.61,0.13,1.95
2012-01-11,3.08,2.88,3.08,2.87,19085,30221109.00,7.12,-2.37,-0.07,2.00
2012-01-12,2.87,2.84,2.93,2.84,7178,11212231.00,3.13,-1.39,-0.04,0.75
2012-01-13,2.86,2.66,2.86,2.66,9167,13680778.00,7.04,-6.34,-0.18,0.96
2012-01-16,2.64,2.46,2.64,2.46,5945,8394367.00,6.77,-7.52,-0.20,0.62
2012-01-17,2.49,2.58,2.59,2.42,8828,12373619.00,6.91,4.88,0.12,0.93
2012-01-18,2.58,2.50,2.63,2.50,8862,12527498.00,5.04,-3.10,-0.08,0.93
2012-01-19,2.55,2.45,2.55,2.44,7627,10600125.00,4.40,-2.00,-0.05,0.80
2012-01-20,2.52,2.58,2.66,2.46,19853,28455260.00,8.16,5.31,0.13,2.08
2012-01-30,2.57,2.53,2.57,2.51,8807,12406496.00,2.33,-1.94,-0.05,0.92
2012-01-31,2.52,2.53,2.54,2.50,3621,5068253.00,1.58,0.00,0.00,0.38
2012-02-01,2.54,2.54,2.57,2.52,6547,9212689.00,1.98,0.40,0.01,0.69
2012-02-02,2.56,2.57,2.58,2.53,6289,8904016.00,1.97,1.18,0.03,0.66
2012-02-03,2.55,2.62,2.64,2.54,15274,21840504.00,3.89,1.95,0.05,1.60
2012-02-06,2.61,2.61,2.65,2.58,10090,14527631.00,2.67,-0.38,-0.01,1.06
2012-02-07,2.62,2.60,2.65,2.57,10055,14477252.00,3.07,-0.38,-0.01,1.06
2012-02-08,2.57,2.66,2.69,2.56,10817,15669889.00,5.00,2.31,0.06,1.14
2012-02-09,2.65,2.66,2.69,2.63,13394,19612050.00,2.26,0.00,0.00,1.41
2012-02-10,2.64,2.66,2.68,2.64,10266,15018713.00,1.50,0.00,0.00,1.08
2012-02-13,2.56,2.69,2.69,2.56,12747,18607000.00,4.89,1.13,0.03,1.34
2012-02-14,2.66,2.69,2.72,2.65,10043,14797991.00,2.60,0.00,0.00,1.05
2012-02-15,2.69,2.76,2.81,2.69,17315,25974589.00,4.46,2.60,0.07,1.82
2012-02-16,2.75,2.72,2.76,2.70,11730,17511412.00,2.17,-1.45,-0.04,1.23
2012-02-17,2.73,2.73,2.80,2.72,13726,20705373.00,2.94,0.37,0.01,1.44
2012-02-20,2.77,2.76,2.80,2.74,14415,21832655.00,2.20,1.10,0.03,1.51
2012-02-21,2.78,2.76,2.78,2.70,12351,18564998.00,2.90,0.00,0.00,1.30
2012-02-22,2.76,2.82,2.83,2.74,24952,37949739.00,3.26,2.17,0.06,2.62
2012-02-23,2.81,2.81,2.84,2.77,21095,32327967.00,2.48,-0.35,-0.01,2.22
2012-02-24,2.81,2.88,2.94,2.81,28132,44233997.00,4.63,2.49,0.07,2.95
2012-02-27,2.88,2.89,2.98,2.87,27223,43070062.00,3.82,0.35,0.01,2.86
2012-02-28,2.86,2.87,2.95,2.83,18804,29453649.00,4.15,-0.69,-0.02,1.97
2012-02-29,2.87,2.82,2.87,2.80,12340,19018370.00,2.44,-1.74,-0.05,1.30
2012-03-01,2.81,2.83,2.86,2.79,8904,13717310.00,2.48,0.35,0.01,0.94
2012-03-02,2.83,2.86,2.87,2.83,10567,16422012.00,1.41,1.06,0.03,1.11
2012-03-05,2.86,2.86,2.91,2.86,12436,19443649.00,1.75,0.00,0.00,1.31
2012-03-06,2.89,2.87,2.94,2.81,20279,31734486.00,4.55,0.35,0.01,2.13
2012-03-07,2.84,2.86,2.92,2.78,13353,20763208.00,4.88,-0.35,-0.01,1.40
2012-03-08,2.86,2.91,2.93,2.84,22897,36015990.00,3.15,1.75,0.05,2.40
2012-03-09,2.92,2.94,2.94,2.88,20334,32166646.00,2.06,1.03,0.03,2.14
2012-03-13,2.95,2.95,2.98,2.91,21617,34525793.00,2.38,0.34,0.01,2.27
2012-03-14,2.97,2.78,3.01,2.74,31821,50213344.00,9.15,-5.76,-0.17,3.34
2012-03-15,2.78,2.66,2.80,2.64,19065,28216398.00,5.76,-4.32,-0.12,2.00
2012-03-16,2.67,2.70,2.71,2.63,33707,49495657.00,3.01,1.50,0.04,3.54
2012-03-19,2.68,2.72,2.73,2.65,24463,36044084.00,2.96,0.74,0.02,2.57
2012-03-20,2.72,2.64,2.72,2.63,25449,37333107.00,3.31,-2.94,-0.08,2.67
2012-03-21,2.64,2.70,2.71,2.60,21759,31854912.00,4.17,2.27,0.06,2.29
2012-03-22,2.69,2.71,2.76,2.68,18916,28209831.00,2.96,0.37,0.01,1.99
2012-03-23,2.70,2.63,2.72,2.61,12313,17908003.00,4.06,-2.95,-0.08,1.29
2012-03-26,2.63,2.61,2.63,2.56,8732,12505242.00,2.66,-0.76,-0.02,0.92
2012-03-27,2.62,2.61,2.69,2.61,10669,15530993.00,3.07,0.00,0.00,1.12
2012-03-28,2.61,2.42,2.64,2.42,12516,17445909.00,8.43,-7.28,-0.19,1.31
2012-04-06,2.67,2.52,2.67,2.47,25951,36533308.00,8.26,4.13,0.10,2.73
2012-04-09,2.51,2.44,2.52,2.44,10538,14498768.00,3.17,-3.17,-0.08,1.11
2012-04-10,2.35,2.41,2.42,2.29,15227,20177895.00,5.33,-1.23,-0.03,1.60
2012-04-11,2.35,2.38,2.42,2.31,15835,21001371.00,4.56,-1.24,-0.03,1.66
2012-04-12,2.38,2.42,2.42,2.36,15293,20500978.00,2.52,1.68,0.04,1.61
2012-04-13,2.42,2.44,2.46,2.40,20587,27926676.00,2.48,0.83,0.02,2.16
2012-04-16,2.40,2.45,2.47,2.38,11882,16110823.00,3.69,0.41,0.01,1.25
2012-04-17,2.44,2.41,2.45,2.40,10758,14558956.00,2.04,-1.63,-0.04,1.13
2012-04-18,2.43,2.52,2.53,2.40,27504,38018602.00,5.39,4.56,0.11,2.89
2012-04-19,2.52,2.50,2.53,2.47,14749,20418386.00,2.38,-0.79,-0.02,1.55
2012-04-20,2.49,2.50,2.51,2.48,15154,20981381.00,1.20,0.00,0.00,1.59
2012-04-23,2.50,2.40,2.51,2.40,12596,17184674.00,4.40,-4.00,-0.10,1.32
2012-04-24,2.37,2.36,2.44,2.31,11789,15542260.00,5.42,-1.67,-0.04,1.24
2012-04-25,2.35,2.46,2.47,2.33,21583,29147870.00,5.93,4.24,0.10,2.27
2012-04-26,2.52,2.47,2.55,2.46,18493,25615647.00,3.66,0.41,0.01,1.94
2012-04-27,2.52,2.45,2.52,2.39,18482,25056621.00,5.26,-0.81,-0.02,1.94
2012-05-02,2.47,2.45,2.50,2.41,17483,23776111.00,3.67,0.00,0.00,1.84
2012-05-03,2.44,2.47,2.47,2.42,12581,17156387.00,2.04,0.82,0.02,1.32
2012-05-04,2.47,2.48,2.50,2.45,13565,18723234.00,2.02,0.40,0.01,1.42
2012-05-07,2.47,2.54,2.56,2.45,19846,27753703.00,4.44,2.42,0.06,2.08
2012-05-08,2.55,2.53,2.55,2.50,14076,19716563.00,1.97,-0.39,-0.01,1.48
2012-05-09,2.50,2.43,2.50,2.41,16909,23090026.00,3.56,-3.95,-0.10,1.78
2012-05-10,2.44,2.45,2.47,2.43,7202,9845426.00,1.65,0.82,0.02,0.76
2012-05-11,2.45,2.41,2.46,2.41,8738,11838740.00,2.04,-1.63,-0.04,0.92
2012-05-14,2.48,2.49,2.54,2.46,39135,54581659.00,3.32,3.32,0.08,4.11
2012-05-15,2.45,2.42,2.46,2.38,16758,22565582.00,3.21,-2.81,-0.07,1.76
2012-05-16,2.43,2.43,2.47,2.41,13313,18118911.00,2.48,0.41,0.01,1.40
2012-05-17,2.44,2.53,2.60,2.39,26497,36846890.00,8.64,4.12,0.10,2.78
2012-05-18,2.49,2.57,2.59,2.48,34092,48068941.00,4.35,1.58,0.04,3.58
2012-05-21,2.60,2.54,2.67,2.50,30284,43046227.00,6.61,-1.17,-0.03,3.18
2012-05-22,2.54,2.55,2.60,2.53,15366,21692024.00,2.76,0.39,0.01,1.61
2012-05-23,2.53,2.46,2.57,2.44,19537,27131394.00,5.10,-3.53,-0.09,2.05
2012-05-24,2.45,2.40,2.48,2.39,15159,20559982.00,3.66,-2.44,-0.06,1.59
2012-05-25,2.40,2.41,2.43,2.39,8994,12115352.00,1.67,0.42,0.01,0.94
2012-05-28,2.40,2.41,2.42,2.32,10693,14159711.00,4.15,0.00,0.00,1.12
2012-05-29,2.38,2.43,2.45,2.38,11382,15424385.00,2.90,0.83,0.02,1.20
2012-05-30,2.44,2.42,2.45,2.41,9849,13353042.00,1.65,-0.41,-0.01,1.03
2012-06-01,2.46,2.46,2.52,2.44,12718,17435057.00,3.31,1.65,0.04,1.34
2012-06-04,2.41,2.34,2.42,2.34,12835,17148450.00,3.25,-4.88,-0.12,1.35
2012-06-06,2.38,2.29,2.41,2.29,10974,14360306.00,5.13,-2.14,-0.05,1.15
2012-06-07,2.33,2.24,2.34,2.23,15486,19898118.00,4.80,-2.18,-0.05,1.63
2012-06-08,2.25,2.19,2.27,2.18,11239,14120603.00,4.02,-2.23,-0.05,1.18
2012-06-11,2.19,2.21,2.24,2.19,8480,10659244.00,2.28,0.91,0.02,0.89
2012-06-12,2.20,2.14,2.21,2.14,11366,14024140.00,3.17,-3.17,-0.07,1.19
2012-06-13,2.15,2.17,2.18,2.14,13785,16987819.00,1.87,1.40,0.03,1.45
2012-06-14,2.17,2.18,2.21,2.16,11072,13743513.00,2.30,0.46,0.01,1.16
2012-06-15,2.19,2.21,2.22,2.15,13011,16208826.00,3.21,1.38,0.03,1.37
2012-06-18,2.21,2.23,2.24,2.20,10328,13007307.00,1.81,0.90,0.02,1.08
2012-06-19,2.23,2.19,2.23,2.19,9525,11911794.00,1.79,-1.79,-0.04,1.00
2012-06-20,2.21,2.21,2.22,2.18,11680,14597015.00,1.83,0.91,0.02,1.23
2012-06-21,2.21,2.01,2.21,2.00,64468,76296643.00,9.50,-9.05,-0.20,6.77
2012-06-26,1.90,1.88,1.90,1.80,30457,33123342.00,4.98,-6.47,-0.13,3.20
2012-06-27,1.86,1.83,1.88,1.83,15770,17146597.00,2.66,-2.66,-0.05,1.66
2012-06-28,1.82,1.77,1.84,1.76,19000,20210837.00,4.37,-3.28,-0.06,2.00
2012-06-29,1.77,1.80,1.82,1.73,21056,22198044.00,5.08,1.69,0.03,2.21
2012-07-02,1.81,1.82,1.83,1.77,11521,12309539.00,3.33,1.11,0.02,1.21
2012-07-03,1.81,1.85,1.86,1.80,16614,17903220.00,3.30,1.65,0.03,1.74
2012-07-04,1.85,1.95,1.96,1.83,30900,34247375.00,7.03,5.41,0.10,3.25
2012-07-05,1.90,1.84,1.92,1.83,23614,25888308.00,4.62,-5.64,-0.11,2.48
2012-07-06,1.84,1.89,1.90,1.80,16292,17787759.00,5.43,2.72,0.05,1.71
2012-07-09,1.86,1.78,1.89,1.78,11639,12544280.00,5.82,-5.82,-0.11,1.22
2012-07-10,1.78,1.70,1.78,1.69,14482,14895874.00,5.06,-4.49,-0.08,1.52
2012-07-11,1.71,1.72,1.78,1.70,9564,9859829.00,4.71,1.18,0.02,1.00
2012-07-12,1.71,1.77,1.78,1.70,12304,12730973.00,4.65,2.91,0.05,1.29
2012-07-13,1.75,1.73,1.77,1.72,9264,9596940.00,2.82,-2.26,-0.04,0.97
2012-07-16,1.73,1.56,1.74,1.52,19711,19173638.00,12.72,-9.83,-0.17,2.07
2012-07-17,1.54,1.57,1.58,1.53,9817,9330225.00,3.21,0.64,0.01,1.03
2012-07-18,1.56,1.58,1.62,1.50,12549,11862497.00,7.64,0.64,0.01,1.32
2012-07-19,1.58,1.61,1.62,1.56,13932,13528983.00,3.80,1.90,0.03,1.46
2012-07-20,1.61,1.58,1.62,1.58,8231,7982641.00,2.48,-1.86,-0.03,0.86
2012-07-23,1.57,1.55,1.57,1.52,9803,9273759.00,3.16,-1.90,-0.03,1.03
2012-07-24,1.52,1.58,1.59,1.52,6860,6543422.00,4.52,1.94,0.03,0.72
2012-07-25,1.58,1.63,1.72,1.56,28026,27793424.00,10.13,3.16,0.05,2.94
2012-07-26,1.61,1.57,1.63,1.57,14561,14126405.00,3.68,-3.68,-0.06,1.53
2012-07-27,1.57,1.57,1.59,1.55,6029,5776823.00,2.55,0.00,0.00,0.63
2012-07-30,1.57,1.54,1.59,1.52,7653,7273467.00,4.46,-1.91,-0.03,0.80
2012-07-31,1.51,1.41,1.53,1.39,14184,12608327.00,9.09,-8.44,-0.13,1.49
2012-08-01,1.41,1.43,1.46,1.40,7794,6949476.00,4.26,1.42,0.02,0.82
2012-08-02,1.46,1.49,1.56,1.46,27530,25555412.00,6.99,4.20,0.06,2.89
2012-08-03,1.46,1.51,1.51,1.44,15513,14250505.00,4.70,1.34,0.02,1.63
2012-08-06,1.50,1.54,1.55,1.48,14692,13722494.00,4.64,1.99,0.03,1.54
2012-08-07,1.54,1.57,1.59,1.54,19497,18606311.00,3.25,1.95,0.03,2.05
2012-08-08,1.56,1.62,1.66,1.53,31120,30115536.00,8.28,3.18,0.05,3.27
2012-08-09,1.58,1.60,1.60,1.53,71029,67850082.00,4.32,-1.23,-0.02,7.46
2012-08-10,1.58,1.56,1.59,1.55,27100,25880158.00,2.50,-2.50,-0.04,2.85
2012-08-13,1.55,1.53,1.59,1.53,18547,17678888.00,3.85,-1.92,-0.03,1.95
2012-08-14,1.53,1.51,1.54,1.47,18787,17333650.00,4.58,-1.31,-0.02,1.97
2012-08-15,1.50,1.49,1.52,1.49,11660,10796460.00,1.99,-1.32,-0.02,1.22
2012-08-16,1.48,1.49,1.52,1.48,10818,9989944.00,2.68,0.00,0.00,1.14
2012-08-17,1.57,1.55,1.61,1.53,35883,34206232.00,5.37,4.03,0.06,3.77
2012-08-20,1.52,1.50,1.52,1.47,17453,16036843.00,3.23,-3.23,-0.05,1.83
2012-08-21,1.50,1.54,1.55,1.49,16334,15265637.00,4.00,2.67,0.04,1.72
2012-08-22,1.54,1.53,1.57,1.52,19977,18870206.00,3.25,-0.65,-0.01,2.10
2012-08-23,1.53,1.57,1.59,1.52,21758,20638950.00,4.58,2.61,0.04,2.29
2012-08-24,1.55,1.53,1.59,1.52,17131,16242737.00,4.46,-2.55,-0.04,1.80
2012-08-27,1.51,1.47,1.51,1.46,13151,12031550.00,3.27,-3.92,-0.06,1.38
2012-08-28,1.46,1.47,1.49,1.44,11408,10355981.00,3.40,0.00,0.00,1.20
2012-08-29,1.47,1.46,1.49,1.45,12170,11074983.00,2.72,-0.68,-0.01,1.28
2012-08-30,1.52,1.48,1.57,1.47,34069,31776286.00,6.85,1.37,0.02,3.58
2012-08-31,1.45,1.47,1.48,1.44,14938,13543222.00,2.70,-0.68,-0.01,1.57
2012-09-03,1.44,1.48,1.50,1.44,10802,9859071.00,4.08,0.68,0.01,1.13
2012-09-04,1.49,1.47,1.49,1.45,11541,10519636.00,2.70,-0.68,-0.01,1.21
2012-09-05,1.46,1.50,1.52,1.46,15880,14601799.00,4.08,2.04,0.03,1.67
2012-09-06,1.51,1.56,1.57,1.51,32047,30346015.00,4.00,4.00,0.06,3.37
2012-09-07,1.58,1.62,1.65,1.56,51230,50031521.00,5.77,3.85,0.06,5.38
2012-09-10,1.61,1.70,1.70,1.59,57841,57588751.00,6.79,4.94,0.08,6.07
2012-09-11,1.69,1.67,1.70,1.66,33274,33435524.00,2.35,-1.76,-0.03,3.49
2012-09-12,1.68,1.69,1.70,1.65,22816,22894724.00,2.99,1.20,0.02,2.40
2012-09-13,1.69,1.65,1.71,1.64,18605,18729939.00,4.14,-2.37,-0.04,1.95
2012-09-14,1.66,1.66,1.69,1.62,19030,18961079.00,4.24,0.61,0.01,2.00
2012-09-17,1.65,1.59,1.66,1.59,17680,17253414.00,4.22,-4.22,-0.07,1.86
2012-09-18,1.58,1.59,1.61,1.58,11979,11588468.00,1.89,0.00,0.00,1.26
2012-09-19,1.58,1.61,1.62,1.58,8000,7781649.00,2.52,1.26,0.02,0.84
2012-09-20,1.61,1.49,1.61,1.49,17124,16227819.00,7.45,-7.45,-0.12,1.80
2012-09-21,1.49,1.46,1.51,1.45,12803,11702491.00,4.03,-2.01,-0.03,1.34
2012-09-24,1.46,1.46,1.48,1.44,8680,7865170.00,2.74,0.00,0.00,0.91
2012-09-25,1.46,1.42,1.48,1.40,13784,12334608.00,5.48,-2.74,-0.04,1.45
2012-09-26,1.41,1.35,1.44,1.34,14890,12923748.00,7.04,-4.93,-0.07,1.56
2012-09-27,1.34,1.37,1.39,1.30,27242,23208579.00,6.67,1.48,0.02,2.86
2012-09-28,1.36,1.40,1.41,1.35,14370,12482208.00,4.38,2.19,0.03,1.51
2012-10-08,1.41,1.41,1.43,1.41,9454,8359918.00,1.43,0.71,0.01,0.99
2012-10-09,1.44,1.48,1.48,1.44,11586,10498354.00,2.84,4.96,0.07,1.22
2012-10-10,1.55,1.52,1.59,1.50,23983,22518298.00,6.08,2.70,0.04,2.52
2012-10-11,1.50,1.46,1.51,1.46,13744,12567525.00,3.29,-3.95,-0.06,1.44
2012-10-12,1.47,1.44,1.49,1.43,11686,10528048.00,4.11,-1.37,-0.02,1.23
2012-10-15,1.45,1.42,1.46,1.40,9688,8606139.00,4.17,-1.39,-0.02,1.02
2012-10-16,1.42,1.44,1.46,1.42,6067,5438966.00,2.82,1.41,0.02,0.64
2012-10-17,1.44,1.46,1.47,1.43,7558,6812444.00,2.78,1.39,0.02,0.79
2012-10-18,1.46,1.50,1.51,1.46,12831,11798099.00,3.42,2.74,0.04,1.35
2012-10-19,1.51,1.49,1.51,1.48,9694,8779243.00,2.00,-0.67,-0.01,1.02
2012-10-22,1.48,1.50,1.50,1.48,6317,5715861.00,1.34,0.67,0.01,0.66
2012-10-23,1.51,1.48,1.51,1.47,8786,7947993.00,2.67,-1.33,-0.02,0.92
2012-10-24,1.46,1.50,1.53,1.46,11375,10366912.00,4.73,1.35,0.02,1.19
2012-10-25,1.55,1.50,1.60,1.50,20227,18816776.00,6.67,0.00,0.00,2.12
2012-10-26,1.47,1.43,1.49,1.42,14852,13104421.00,4.67,-4.67,-0.07,1.56
2012-10-29,1.43,1.43,1.43,1.40,4168,3631834.00,2.10,0.00,0.00,0.44
2012-10-30,1.44,1.43,1.44,1.42,4496,3934647.00,1.40,0.00,0.00,0.47
2012-10-31,1.43,1.45,1.46,1.41,5682,4982568.00,3.50,1.40,0.02,0.60
2012-11-01,1.45,1.48,1.49,1.44,8951,8022455.00,3.45,2.07,0.03,0.94
2012-11-02,1.47,1.49,1.51,1.46,7152,6438518.00,3.38,0.68,0.01,0.75
2012-11-05,1.48,1.50,1.50,1.46,8439,7585732.00,2.68,0.67,0.01,0.89
2012-11-06,1.50,1.56,1.57,1.46,35835,33027019.00,7.33,4.00,0.06,3.76
2012-11-07,1.55,1.58,1.58,1.53,32755,30664145.00,3.21,1.28,0.02,3.44
2012-11-08,1.55,1.50,1.55,1.50,18375,16868180.00,3.16,-5.06,-0.08,1.93
2012-11-09,1.50,1.48,1.50,1.45,12274,10996829.00,3.33,-1.33,-0.02,1.29
2012-11-12,1.47,1.49,1.49,1.45,10362,9286197.00,2.70,0.68,0.01,1.09
2012-11-13,1.55,1.51,1.58,1.51,44919,41814736.00,4.70,1.34,0.02,4.72
2012-11-14,1.48,1.45,1.49,1.42,20658,18345569.00,4.64,-3.97,-0.06,2.17
2012-11-15,1.43,1.39,1.45,1.39,10615,9232615.00,4.14,-4.14,-0.06,1.11
2012-11-16,1.39,1.40,1.42,1.38,7265,6248109.00,2.88,0.72,0.01,0.76
2012-11-19,1.40,1.42,1.42,1.38,6737,5818831.00,2.86,1.43,0.02,0.71
2012-11-20,1.48,1.43,1.52,1.43,21057,18786429.00,6.34,0.70,0.01,2.21
2012-11-21,1.40,1.45,1.45,1.38,12543,10923703.00,4.90,1.40,0.02,1.32
2012-11-22,1.43,1.42,1.44,1.41,7316,6381025.00,2.07,-2.07,-0.03,0.77
2012-11-23,1.42,1.42,1.44,1.41,7055,6160372.00,2.11,0.00,0.00,0.74
2012-11-26,1.42,1.37,1.43,1.37,8286,7120112.00,4.23,-3.52,-0.05,0.87
2012-11-27,1.38,1.27,1.39,1.27,15537,12835144.00,8.76,-7.30,-0.10,1.63
2012-11-28,1.26,1.22,1.26,1.20,7622,5947179.00,4.72,-3.94,-0.05,0.80
2012-11-29,1.22,1.19,1.24,1.18,6614,5135367.00,4.92,-2.46,-0.03,0.69
2012-11-30,1.19,1.22,1.23,1.18,6161,4759746.00,4.20,2.52,0.03,0.65
2012-12-03,1.20,1.18,1.22,1.17,5367,4124214.00,4.10,-3.28,-0.04,0.56
2012-12-04,1.18,1.22,1.22,1.14,8668,6591244.00,6.78,3.39,0.04,0.91
2012-12-05,1.20,1.27,1.28,1.19,17230,13711389.00,7.38,4.10,0.05,1.81
2012-12-06,1.26,1.26,1.28,1.24,7102,5659356.00,3.15,-0.79,-0.01,0.75
2012-12-07,1.27,1.30,1.30,1.25,14520,11743530.00,3.97,3.17,0.04,1.52
2012-12-10,1.31,1.35,1.37,1.29,18621,15405102.00,6.15,3.85,0.05,1.96
2012-12-11,1.34,1.36,1.39,1.31,23484,19778706.00,5.93,0.74,0.01,2.47
2012-12-12,1.37,1.43,1.52,1.35,49790,43393850.00,12.50,5.15,0.07,5.23
2012-12-13,1.38,1.33,1.40,1.32,22884,19305764.00,5.59,-6.99,-0.10,2.40
2012-12-14,1.31,1.39,1.40,1.31,24203,20576995.00,6.77,4.51,0.06,2.54
2012-12-17,1.40,1.39,1.41,1.36,19116,16330756.00,3.60,0.00,0.00,2.01
2012-12-18,1.40,1.38,1.41,1.37,15216,13068665.00,2.88,-0.72,-0.01,1.60
2012-12-19,1.38,1.39,1.40,1.37,12263,10518346.00,2.17,0.72,0.01,1.29
2012-12-20,1.39,1.43,1.44,1.37,23874,20703818.00,5.04,2.88,0.04,2.51
2012-12-21,1.43,1.44,1.47,1.41,28255,25017358.00,4.20,0.70,0.01,2.97
2012-12-24,1.45,1.45,1.48,1.43,24881,22015464.00,3.47,0.69,0.01,2.61
2012-12-25,1.44,1.49,1.50,1.43,31998,28656924.00,4.83,2.76,0.04,3.36
2012-12-26,1.48,1.49,1.50,1.46,25632,23107182.00,2.68,0.00,0.00,2.69
2012-12-27,1.49,1.47,1.52,1.47,23340,21098460.00,3.36,-1.34,-0.02,2.45
2012-12-28,1.47,1.47,1.49,1.46,18318,16409281.00,2.04,0.00,0.00,1.92
2012-12-31,1.48,1.49,1.52,1.48,15617,14175109.00,2.72,1.36,0.02,1.64