2006-01-12,-0.37,-0.37,-0.37,-0.37,37532,29800591.00,0.00,28.85,0.15,4.17
2006-01-13,-0.32,-0.31,-0.28,-0.34,80385,66312548.00,-16.22,16.22,0.06,8.93
2006-01-16,-0.31,-0.31,-0.29,-0.33,49966,41338385.00,-12.90,0.00,0.00,5.55
2006-01-17,-0.32,-0.36,-0.31,-0.37,34346,27664548.00,-19.35,-16.13,-0.05,3.82
2006-01-18,-0.36,-0.32,-0.31,-0.38,26183,21144692.00,-19.44,11.11,0.04,2.91
2006-01-19,-0.32,-0.27,-0.26,-0.35,61314,50365414.00,-28.13,15.63,0.05,6.81
2006-02-22,-0.73,-0.77,-0.72,-0.77,116785,70935591.00,-18.52,-185.19,-0.50,9.76
2006-02-23,-0.77,-0.77,-0.76,-0.80,28590,16819605.00,-5.19,0.00,0.00,2.39
2006-02-24,-0.77,-0.72,-0.72,-0.77,44381,27297712.00,-6.49,6.49,0.05,3.71
2006-02-27,-0.72,-0.74,-0.70,-0.75,34338,21087120.00,-6.94,-2.78,-0.02,2.87
2006-02-28,-0.74,-0.74,-0.74,-0.76,26282,16011938.00,-2.70,0.00,0.00,2.20
2006-03-01,-0.74,-0.69,-0.68,-0.74,57260,36191738.00,-8.11,6.76,0.05,4.78
2006-03-02,-0.69,-0.72,-0.67,-0.72,64312,40937940.00,-7.25,-4.35,-0.03,5.37
2006-03-03,-0.71,-0.68,-0.67,-0.72,51535,32684639.00,-6.94,5.56,0.04,4.31
2006-03-06,-0.68,-0.66,-0.64,-0.68,42184,27491088.00,-5.88,2.94,0.02,3.52
2006-03-07,-0.66,-0.67,-0.64,-0.68,49536,32258391.00,-6.06,-1.52,-0.01,4.14
2006-03-08,-0.64,-0.72,-0.64,-0.74,47104,29611053.00,-14.93,-7.46,-0.05,3.94
2006-03-09,-0.73,-0.72,-0.70,-0.74,14934,9296200.00,-5.56,0.00,0.00,1.25
2006-03-10,-0.72,-0.73,-0.71,-0.73,10150,6309870.00,-2.78,-1.39,-0.01,0.85
2006-03-13,-0.73,-0.72,-0.71,-0.74,12374,7643897.00,-4.11,1.37,0.01,1.03
2006-03-14,-0.72,-0.70,-0.70,-0.73,18238,11365927.00,-4.17,2.78,0.02,1.52
2006-03-15,-0.70,-0.66,-0.65,-0.72,46557,29829564.00,-10.00,5.71,0.04,3.89
2006-03-16,-0.66,-0.68,-0.66,-0.69,40887,26243869.00,-4.55,-3.03,-0.02,3.42
2006-03-17,-0.67,-0.64,-0.62,-0.68,83214,55068213.00,-8.82,5.88,0.04,6.95
2006-03-20,-0.64,-0.58,-0.57,-0.65,65685,44823264.00,-12.50,9.38,0.06,5.49
2006-03-21,-0.58,-0.58,-0.56,-0.59,43280,29888005.00,-5.17,0.00,0.00,3.62
2006-03-22,-0.57,-0.56,-0.55,-0.59,36400,25448903.00,-6.90,3.45,0.02,3.04
2006-03-23,-0.56,-0.52,-0.51,-0.56,57930,41441623.00,-8.93,7.14,0.04,4.84
2006-03-24,-0.53,-0.53,-0.52,-0.57,36532,26012838.00,-9.62,-1.92,-0.01,3.05
2006-03-27,-0.53,-0.58,-0.53,-0.60,57648,39705142.00,-13.21,-9.43,-0.05,4.82
2006-03-28,-0.56,-0.53,-0.53,-0.59,42740,30123480.00,-10.34,8.62,0.05,3.57
2006-03-29,-0.53,-0.56,-0.51,-0.57,67084,47849526.00,-11.32,-5.66,-0.03,5.60
2006-03-30,-0.56,-0.60,-0.55,-0.62,61558,42049744.00,-12.50,-7.14,-0.04,5.14
2006-03-31,-0.60,-0.57,-0.56,-0.62,34410,23584056.00,-10.00,5.00,0.03,2.87
2006-04-03,-0.56,-0.52,-0.51,-0.58,84602,59656543.00,-12.28,8.77,0.05,7.07
2006-04-04,-0.51,-0.49,-0.48,-0.53,65021,47463677.00,-9.62,5.77,0.03,5.43
2006-04-05,-0.48,-0.52,-0.48,-0.52,50725,36878130.00,-8.16,-6.12,-0.03,4.24
2006-04-06,-0.51,-0.53,-0.50,-0.55,51608,36932509.00,-9.62,-1.92,-0.01,4.31
2006-04-07,-0.53,-0.55,-0.52,-0.58,51578,36330543.00,-11.32,-3.77,-0.02,4.31
2006-04-10,-0.55,-0.50,-0.50,-0.56,45482,32396316.00,-10.91,9.09,0.05,3.80
2006-04-11,-0.50,-0.47,-0.45,-0.51,90609,67030027.00,-12.00,6.00,0.03,7.57
2006-04-12,-0.47,-0.52,-0.47,-0.54,57993,41886731.00,-14.89,-10.64,-0.05,4.84
2006-04-13,-0.53,-0.57,-0.51,-0.57,53940,38200536.00,-11.54,-9.62,-0.05,4.51
2006-04-14,-0.58,-0.55,-0.53,-0.59,25351,17637749.00,-10.53,3.51,0.02,2.12
2006-04-17,-0.57,-0.57,-0.53,-0.57,39217,27542113.00,-7.27,-3.64,-0.02,3.28
2006-04-18,-0.57,-0.56,-0.54,-0.57,22169,15535384.00,-5.26,1.75,0.01,1.85
2006-04-19,-0.56,-0.61,-0.55,-0.65,91681,61915096.00,-17.86,-8.93,-0.05,7.66
2006-04-20,-0.61,-0.62,-0.60,-0.65,57756,38425610.00,-8.20,-1.64,-0.01,4.83
2006-04-21,-0.61,-0.58,-0.56,-0.64,86887,59182487.00,-12.90,6.45,0.04,7.26
2006-04-24,-0.58,-0.62,-0.57,-0.64,73369,49314036.00,-12.07,-6.90,-0.04,6.13
2006-04-25,-0.62,-0.54,-0.53,-0.64,93069,64263557.00,-17.74,12.90,0.08,7.78
2006-04-26,-0.53,-0.51,-0.44,-0.54,146648,108743618.00,-18.52,5.56,0.03,12.25
2006-05-08,-0.49,-0.44,-0.44,-0.49,111749,83735797.00,-9.80,13.73,0.07,9.34
2006-05-09,-0.44,-0.44,-0.42,-0.49,104000,78238413.00,-15.91,0.00,0.00,8.69
2006-05-10,-0.45,-0.39,-0.37,-0.48,89017,69201667.00,-25.00,11.36,0.05,7.44
2006-05-11,-0.39,-0.45,-0.34,-0.46,78175,60990712.00,-30.77,-15.38,-0.06,6.53
2006-05-12,-0.46,-0.41,-0.40,-0.48,78274,59251062.00,-17.78,8.89,0.04,6.54
2006-05-15,-0.41,-0.35,-0.33,-0.43,98287,77674371.00,-24.39,14.63,0.06,8.21
2006-05-16,-0.36,-0.48,-0.36,-0.49,80730,62128285.00,-37.14,-37.14,-0.13,6.74
2006-05-17,-0.48,-0.47,-0.44,-0.51,53239,39421290.00,-14.58,2.08,0.01,4.45
2006-05-18,-0.48,-0.39,-0.37,-0.49,76438,59184866.00,-25.53,17.02,0.08,6.39
2006-05-19,-0.39,-0.32,-0.26,-0.39,106718,87942649.00,-33.33,17.95,0.07,8.92
2006-05-22,-0.30,-0.31,-0.26,-0.34,58355,48298024.00,-25.00,3.13,0.01,4.88
2006-05-23,-0.32,-0.44,-0.32,-0.44,54248,42888372.00,-38.71,-41.94,-0.13,4.53
2006-05-24,-0.44,-0.46,-0.39,-0.51,41707,31350283.00,-27.27,-4.55,-0.02,3.48
2006-05-25,-0.46,-0.46,-0.44,-0.49,28446,21198912.00,-10.87,0.00,0.00,2.38
2006-05-26,-0.46,-0.47,-0.44,-0.50,70335,52391793.00,-13.04,-2.17,-0.01,5.88
2006-05-29,-0.45,-0.34,-0.33,-0.46,87744,68805084.00,-27.66,27.66,0.13,7.33
2006-05-31,-0.28,-0.41,-0.26,-0.42,66618,52821124.00,-47.06,-20.59,-0.07,5.57
2006-06-01,-0.42,-0.38,-0.37,-0.42,49675,38974569.00,-12.20,7.32,0.03,4.15
2006-06-02,-0.38,-0.33,-0.31,-0.42,95535,75923513.00,-28.95,13.16,0.05,7.98
2006-06-05,-0.33,-0.32,-0.30,-0.38,41701,33781246.00,-24.24,3.03,0.01,3.48
2006-06-06,-0.32,-0.34,-0.32,-0.38,40393,32555449.00,-18.75,-6.25,-0.02,3.37
2006-06-07,-0.36,-0.48,-0.34,-0.49,35592,27412006.00,-44.12,-41.18,-0.14,2.97
2006-06-08,-0.48,-0.43,-0.42,-0.50,33231,25011887.00,-16.67,10.42,0.05,2.78
2006-06-09,-0.43,-0.44,-0.42,-0.46,27856,21122149.00,-9.30,-2.33,-0.01,2.33
2006-06-12,-0.46,-0.44,-0.42,-0.49,15484,11743776.00,-15.91,0.00,0.00,1.29
2006-06-13,-0.43,-0.41,-0.41,-0.44,17872,13567373.00,-6.82,6.82,0.03,1.49
2006-06-14,-0.41,-0.42,-0.41,-0.46,11240,8447663.00,-12.20,-2.44,-0.01,0.94
2006-06-15,-0.43,-0.35,-0.33,-0.43,32929,25797860.00,-23.81,16.67,0.07,2.75
2006-06-16,-0.34,-0.34,-0.31,-0.36,52970,42445775.00,-14.29,2.86,0.01,4.43
2006-06-19,-0.35,-0.33,-0.31,-0.39,44379,35585839.00,-23.53,2.94,0.01,3.71
2006-06-20,-0.33,-0.25,-0.22,-0.35,84222,69972203.00,-39.39,24.24,0.08,7.04
2006-06-21,-0.25,-0.21,-0.17,-0.26,91050,78731429.00,-36.00,16.00,0.04,7.61
2006-06-22,-0.18,-0.16,-0.12,-0.20,101641,90732035.00,-38.10,23.81,0.05,8.49
2006-06-23,-0.16,-0.16,-0.14,-0.21,44778,39483160.00,-43.75,0.00,0.00,3.74
2006-06-26,-0.16,-0.14,-0.10,-0.17,54840,49227200.00,-43.75,12.50,0.02,4.58
2006-06-27,-0.13,-0.14,-0.13,-0.19,45482,40490120.00,-42.86,0.00,0.00,3.80
2006-06-28,-0.14,-0.16,-0.11,-0.18,52722,46977021.00,-50.00,-14.29,-0.02,4.40
2006-06-30,-0.11,-0.12,-0.09,-0.15,89289,81502818.00,-37.50,25.00,0.04,7.46
2006-07-03,-0.10,0.00,0.01,-0.12,70811,66843550.00,-108.33,100.00,0.12,5.92
2006-07-04,0.02,-0.02,0.04,-0.05,62503,60201516.00,2303.86,0.00,-0.02,5.22
2006-07-05,-0.02,-0.06,-0.02,-0.11,39983,37296797.00,-450.00,-200.00,-0.04,3.34
2006-07-06,-0.06,0.08,0.12,-0.08,65848,65127700.00,-333.33,233.33,0.14,5.50
2006-07-07,0.08,0.13,0.13,0.05,44522,45273947.00,100.00,62.50,0.05,3.72
2006-07-10,0.16,0.10,0.19,0.08,42630,44160815.00,84.62,-23.08,-0.03,3.56
2006-07-11,0.09,0.10,0.11,0.07,42844,43340323.00,40.00,0.00,0.00,3.58
2006-07-12,0.11,0.10,0.19,0.10,41467,42986509.00,90.00,0.00,0.00,3.46
2006-07-13,0.08,-0.08,0.11,-0.10,78305,75157034.00,210.00,-180.00,-0.18,6.54
2006-07-14,-0.10,0.10,0.10,-0.12,82272,81036859.00,-275.00,225.00,0.18,6.87
2006-07-17,0.10,0.23,0.25,0.09,78111,82877802.00,160.00,130.00,0.13,6.53
2006-07-18,0.19,0.22,0.25,0.16,66395,70990159.00,39.13,-4.35,-0.01,5.55
2006-07-19,0.22,0.29,0.36,0.20,114494,127762697.00,72.73,31.82,0.07,9.57
2006-07-20,0.27,0.30,0.30,0.22,32991,36121875.00,27.59,3.45,0.01,2.76
2006-07-21,0.29,0.24,0.31,0.20,35630,38720189.00,36.67,-20.00,-0.06,2.98
2006-07-24,0.19,0.23,0.24,0.15,20946,22258738.00,37.50,-4.17,-0.01,1.75
2006-07-25,0.23,0.24,0.30,0.19,22549,24614003.00,47.83,4.35,0.01,1.88
2006-07-26,0.23,0.22,0.24,0.18,19798,21110614.00,25.00,-8.33,-0.02,1.65
2006-07-27,0.19,0.16,0.22,0.14,22559,23634555.00,36.36,-27.27,-0.06,1.88
2006-07-28,0.14,0.16,0.18,0.10,27086,28054852.00,50.00,0.00,0.00,2.26
2006-07-31,0.15,0.00,0.17,0.00,26528,26562957.00,106.25,-100.00,-0.16,2.22
2006-08-01,0.00,-0.07,0.03,-0.08,36006,33862967.00,2745.02,0.00,-0.07,3.01
2006-08-02,-0.07,-0.02,-0.01,-0.10,16293,15394722.00,-128.57,71.43,0.05,1.36
2006-08-03,-0.02,-0.04,0.01,-0.05,17574,16777982.00,-300.00,-100.00,-0.02,1.47
2006-08-04,-0.01,-0.03,0.09,-0.04,30945,30337333.00,-325.00,25.00,0.01,2.59
2006-08-07,-0.04,-0.03,0.01,-0.07,24704,23772001.00,-266.67,0.00,0.00,2.06
2006-08-08,-0.01,0.06,0.07,-0.01,27210,26647616.00,-266.67,300.00,0.09,2.27
2006-08-09,0.07,0.03,0.07,0.01,19145,18878927.00,100.00,-50.00,-0.03,1.60
2006-08-10,0.02,0.06,0.08,0.01,23694,23602206.00,233.33,100.00,0.03,1.98
2006-08-11,0.05,0.03,0.07,0.03,15375,15179864.00,66.67,-50.00,-0.03,1.28
2006-08-14,0.02,-0.03,0.04,-0.06,21995,20972732.00,333.33,-200.00,-0.06,1.84
2006-08-15,-0.04,-0.02,-0.01,-0.08,20517,19377521.00,-233.33,33.33,0.01,1.71
2006-08-16,-0.03,0.01,0.02,-0.04,16302,15709885.00,-300.00,150.00,0.03,1.36
2006-08-17,0.00,-0.04,0.00,-0.06,17461,16543509.00,600.00,-500.00,-0.05,1.46
2006-08-18,-0.05,-0.04,0.00,-0.06,10055,9591615.00,-150.00,0.00,0.00,0.84
2006-08-21,-0.12,-0.04,-0.03,-0.13,13420,12454959.00,-250.00,0.00,0.00,1.12
2006-08-22,-0.05,-0.02,-0.01,-0.06,19321,18418632.00,-125.00,50.00,0.02,1.61
2006-08-23,-0.01,-0.04,0.00,-0.06,14871,14188979.00,-300.00,-100.00,-0.02,1.24
2006-08-24,-0.05,-0.03,-0.03,-0.06,15904,15075786.00,-75.00,25.00,0.01,1.33
2006-08-25,-0.03,0.00,0.03,-0.04,26307,25499732.00,-233.33,100.00,0.03,2.20
2006-08-28,0.04,0.13,0.14,0.04,54652,55081014.00,2352.88,0.00,0.13,4.57
2006-08-29,0.13,0.10,0.18,0.10,40522,41961708.00,61.54,-23.08,-0.03,3.39
2006-08-30,0.10,0.11,0.12,0.08,23067,23435162.00,40.00,10.00,0.01,1.93
2006-08-31,0.12,0.11,0.13,0.09,17561,17850639.00,36.36,0.00,0.00,1.47
2006-09-01,0.11,0.04,0.11,0.03,23003,22912984.00,72.73,-63.64,-0.07,1.92
2006-09-04,0.04,0.06,0.07,0.03,12485,12412983.00,100.00,50.00,0.02,1.04
2006-09-05,0.06,0.03,0.09,0.02,21044,20706240.00,116.67,-50.00,-0.03,1.76
2006-09-06,0.04,0.03,0.04,0.00,16184,15825796.00,133.33,0.00,0.00,1.35
2006-09-07,0.04,0.06,0.10,0.03,31405,31487363.00,233.33,100.00,0.03,2.62
2006-09-08,0.06,0.04,0.08,0.03,17076,16997677.00,83.33,-33.33,-0.02,1.43
2006-09-11,0.04,0.14,0.16,0.04,51854,53042624.00,300.00,250.00,0.10,4.33
2006-09-12,0.14,0.11,0.16,0.10,38579,39663551.00,42.86,-21.43,-0.03,3.22
2006-09-13,0.12,0.06,0.13,0.05,21262,21501920.00,72.73,-45.45,-0.05,1.78
2006-09-14,0.06,0.03,0.07,0.00,23256,22914990.00,116.67,-50.00,-0.03,1.94
2006-09-15,0.03,0.03,0.05,0.02,31785,31255830.00,100.00,0.00,0.00,2.66
2006-09-18,0.04,0.06,0.08,0.04,20041,19941409.00,133.33,100.00,0.03,1.67
2006-09-19,0.07,0.09,0.11,0.05,26137,26396459.00,100.00,50.00,0.03,2.18
2006-09-20,0.07,0.06,0.08,0.04,19434,19322569.00,44.44,-33.33,-0.03,1.62
2006-09-21,0.05,0.02,0.06,0.00,44966,44131514.00,100.00,-66.67,-0.04,3.76
2006-09-22,0.02,-0.03,0.04,-0.04,36623,35273081.00,400.00,-250.00,-0.05,3.06
2006-09-25,-0.04,-0.05,-0.01,-0.08,21726,20450841.00,-233.33,-66.67,-0.02,1.82
2006-09-26,-0.06,-0.04,-0.04,-0.06,11824,11140659.00,-40.00,20.00,0.01,0.99
2006-09-27,-0.04,-0.07,-0.04,-0.09,22016,20572015.00,-125.00,-75.00,-0.03,1.84
2006-09-28,-0.07,-0.05,-0.03,-0.07,21333,20115935.00,-57.14,28.57,0.02,1.78
2006-09-29,-0.06,-0.01,0.00,-0.06,21653,20739146.00,-120.00,80.00,0.04,1.81
2006-10-09,0.00,0.00,0.02,-0.03,25874,24932254.00,-500.00,100.00,0.01,2.16
2006-10-10,0.01,0.00,0.02,-0.04,29046,27985376.00,72396.73,0.00,0.00,2.43
2006-10-11,0.00,0.03,0.04,-0.03,42970,41382699.00,-1632.70,0.00,0.03,3.59
2006-10-12,0.06,0.04,0.10,0.03,68968,69225455.00,233.33,33.33,0.01,5.76
2006-10-13,0.02,-0.01,0.04,-0.01,40735,39597158.00,125.00,-125.00,-0.05,3.40
2006-10-16,-0.01,-0.01,0.03,-0.02,19206,18577204.00,-500.00,0.00,0.00,1.60
2006-10-17,-0.01,-0.03,0.01,-0.03,18549,17772546.00,-400.00,-200.00,-0.02,1.55
2006-10-18,-0.02,0.00,0.00,-0.03,11468,11051017.00,-100.00,100.00,0.03,0.96
2006-10-19,0.00,0.02,0.04,-0.01,21358,20909562.00,2596.01,0.00,0.02,1.78
2006-10-20,0.03,0.07,0.07,0.02,40581,40302875.00,250.00,250.00,0.05,3.39
2006-10-23,0.09,0.02,0.12,0.01,50850,51161394.00,157.14,-71.43,-0.05,4.25
2006-10-24,0.01,0.12,0.12,0.01,55301,55875880.00,550.00,500.00,0.10,4.62
2006-10-25,0.12,0.09,0.19,0.05,53404,54267008.00,116.67,-25.00,-0.03,4.46
2006-10-26,0.09,0.06,0.12,0.04,29941,30209271.00,88.89,-33.33,-0.03,2.50
2006-10-27,0.05,0.05,0.07,0.02,20371,20151808.00,83.33,-16.67,-0.01,1.70
2006-10-30,0.06,0.03,0.06,-0.01,28213,27454916.00,140.00,-40.00,-0.02,2.36
2006-10-31,0.04,0.05,0.09,0.03,31272,31058099.00,200.00,66.67,0.02,2.61
2006-11-01,0.05,-0.01,0.06,-0.06,77695,74222451.00,240.00,-120.00,-0.06,6.49
2006-11-02,-0.02,-0.03,-0.02,-0.06,23260,22056354.00,-400.00,-200.00,-0.02,1.94
2006-11-03,-0.01,-0.02,0.00,-0.04,28098,26906905.00,-133.33,33.33,0.01,2.35
2006-11-06,-0.02,-0.03,-0.01,-0.05,26368,25031467.00,-200.00,-50.00,-0.01,2.20
2006-11-07,-0.03,0.01,0.02,-0.04,46588,45032785.00,-200.00,133.33,0.04,3.89
2006-11-08,0.02,-0.01,0.03,-0.01,31470,30755516.00,400.00,-200.00,-0.02,2.63
2006-11-09,-0.01,-0.01,0.00,-0.05,32669,31181697.00,-500.00,0.00,0.00,2.73
2006-11-10,0.00,-0.06,0.01,-0.07,43119,41076276.00,-800.00,-500.00,-0.05,3.60
2006-11-13,-0.07,-0.08,-0.06,-0.14,47652,43876751.00,-133.33,-33.33,-0.02,3.98
2006-11-14,-0.08,-0.09,-0.07,-0.12,14267,13146971.00,-62.50,-12.50,-0.01,1.19
2006-11-15,-0.08,-0.05,-0.02,-0.09,21831,20452126.00,-77.78,44.44,0.04,1.82
2006-11-16,-0.05,-0.09,-0.01,-0.09,25760,24205137.00,-160.00,-80.00,-0.04,2.15
2006-11-17,-0.10,-0.08,-0.07,-0.11,19556,18082529.00,-44.44,11.11,0.01,1.63
2006-11-20,-0.09,-0.13,-0.08,-0.14,36076,32810928.00,-75.00,-62.50,-0.05,3.01
2006-11-21,-0.14,-0.08,-0.08,-0.16,29269,26380903.00,-61.54,38.46,0.05,2.45
2006-11-22,-0.09,-0.08,-0.05,-0.09,26839,25071149.00,-50.00,0.00,0.00,2.24
2006-11-23,-0.06,0.01,0.01,-0.06,79597,76400373.00,-87.50,112.50,0.09,6.65
2006-11-24,0.03,0.06,0.09,0.01,76660,76513616.00,800.00,500.00,0.05,6.40
2006-11-27,0.06,0.07,0.09,0.04,57354,57337021.00,83.33,16.67,0.01,4.79
2006-11-28,0.07,0.11,0.14,0.05,64426,65580145.00,128.57,57.14,0.04,5.38
2006-11-29,0.09,0.16,0.17,0.07,65769,68318833.00,90.91,45.45,0.05,5.49
2006-11-30,0.18,0.25,0.30,0.16,108268,116639376.00,87.50,56.25,0.09,9.04
2006-12-01,0.25,0.26,0.29,0.21,76655,83856660.00,32.00,4.00,0.01,6.40
2006-12-04,0.26,0.29,0.32,0.23,57944,64083481.00,34.62,11.54,0.03,4.84
2006-12-05,0.29,0.25,0.30,0.24,55658,61227825.00,20.69,-13.79,-0.04,4.65
2006-12-06,0.23,0.21,0.25,0.06,99759,105553671.00,76.00,-16.00,-0.04,8.33
2006-12-07,0.20,0.19,0.24,0.17,58913,62638265.00,33.33,-9.52,-0.02,4.92
2006-12-08,0.17,0.11,0.18,0.11,67591,69841734.00,36.84,-42.11,-0.08,5.65
2006-12-11,0.10,0.17,0.18,0.08,22242,23128578.00,90.91,54.55,0.06,1.86
2006-12-12,0.17,0.18,0.20,0.15,35051,36947138.00,29.41,5.88,0.01,2.93
2006-12-13,0.18,0.20,0.22,0.15,39871,42194877.00,38.89,11.11,0.02,3.33
2006-12-14,0.19,0.24,0.26,0.17,77595,82967743.00,45.00,20.00,0.04,6.48
2006-12-15,0.23,0.24,0.29,0.23,56006,61149224.00,25.00,0.00,0.00,4.68
2006-12-18,0.24,0.27,0.29,0.24,46980,51742022.00,20.83,12.50,0.03,3.92
2006-12-19,0.28,0.24,0.28,0.21,61537,66563240.00,25.93,-11.11,-0.03,5.14
2006-12-20,0.24,0.34,0.37,0.22,59148,66195722.00,62.50,41.67,0.10,4.94
2006-12-21,0.35,0.33,0.42,0.32,65760,75953516.00,29.41,-2.94,-0.01,5.49
2006-12-22,0.31,0.34,0.36,0.27,41838,47221297.00,27.27,3.03,0.01,3.50
2006-12-25,0.34,0.33,0.40,0.30,51726,58959088.00,29.41,-2.94,-0.01,4.32
2006-12-26,0.33,0.32,0.37,0.29,59304,66941586.00,24.24,-3.03,-0.01,4.95
2006-12-27,0.32,0.40,0.41,0.29,73365,83952523.00,37.50,25.00,0.08,6.13
2006-12-28,0.41,0.32,0.44,0.31,38001,43522036.00,32.50,-20.00,-0.08,3.17
2006-12-29,0.32,0.38,0.44,0.32,66228,77331518.00,37.50,18.75,0.06,5.53