2017-01-03,7.73,7.77,7.82,7.57,327229,263921378.00,3.23,0.52,0.04,4.47
2017-01-04,7.77,7.79,7.80,7.46,529903,422848448.00,4.38,0.26,0.02,7.24
2017-01-05,8.50,8.60,8.60,8.20,1477686,1313327264.00,5.13,10.40,0.81,20.20
2017-01-06,8.44,8.06,8.44,8.01,1151669,984605648.00,5.00,-6.28,-0.54,15.75
2017-01-09,7.82,7.99,8.03,7.80,528052,435166112.00,2.85,-0.87,-0.07,7.22
2017-01-10,7.93,8.82,8.82,7.93,1164564,1035522336.00,11.14,10.39,0.83,15.92
2017-01-11,8.90,8.47,8.90,8.27,1219466,1082540784.00,7.14,-3.97,-0.35,16.67
2017-01-12,8.35,8.59,8.63,8.21,887332,781533824.00,4.96,1.42,0.12,12.13
2017-01-13,8.47,7.98,8.51,7.91,607593,521284736.00,6.98,-7.10,-0.61,8.31
2017-01-16,7.78,7.28,7.91,7.15,594186,467867904.00,9.52,-8.77,-0.70,8.12
2017-01-17,7.15,7.57,7.63,7.10,431896,334323472.00,7.28,3.98,0.29,5.90
2017-01-18,7.55,7.38,7.61,7.35,291235,227695302.00,3.43,-2.51,-0.19,3.98
2017-01-19,7.23,7.41,7.62,7.18,306116,238230342.00,5.96,0.41,0.03,4.19
2017-01-20,7.35,7.44,7.51,7.30,283764,220782346.00,2.83,0.40,0.03,3.88
2017-01-23,7.42,7.38,7.50,7.35,280140,217670238.00,2.02,-0.81,-0.06,3.83
2017-01-24,7.34,7.19,7.43,7.19,238206,181416729.00,3.25,-2.57,-0.19,3.26
2017-01-25,7.20,7.24,7.43,7.12,207405,157959651.00,4.31,0.70,0.05,2.84
2017-01-26,7.21,7.22,7.29,7.16,135199,102344240.00,1.80,-0.28,-0.02,1.85
2017-02-03,7.24,7.44,7.51,7.22,269538,208660229.00,4.02,3.05,0.22,3.69
2017-02-06,7.37,7.50,7.50,7.36,208809,162635296.00,1.88,0.81,0.06,2.85
2017-02-07,7.49,7.90,8.15,7.45,576148,467926096.00,9.33,5.33,0.40,7.88
2017-02-08,7.82,7.85,7.86,7.60,345307,279233120.00,3.29,-0.63,-0.05,4.72
2017-02-09,7.81,7.83,7.91,7.75,246410,201202395.00,2.04,-0.25,-0.02,3.37
2017-02-10,7.77,7.58,7.85,7.57,338215,271642144.00,3.58,-3.19,-0.25,4.62
2017-02-13,7.56,7.74,7.88,7.56,270329,218846215.00,4.22,2.11,0.16,3.70
2017-02-14,7.76,7.80,7.93,7.73,263386,215211717.00,2.58,0.78,0.06,3.60
2017-02-15,7.80,7.85,8.08,7.65,470928,386597296.00,5.51,0.64,0.05,6.44
2017-02-16,7.78,8.12,8.24,7.70,600702,501911264.00,6.88,3.44,0.27,8.21
2017-02-17,8.05,7.97,8.12,7.83,460067,382890960.00,3.57,-1.85,-0.15,6.29
2017-02-20,7.95,8.04,8.18,7.87,383356,320765968.00,3.89,0.88,0.07,5.24
2017-02-21,8.12,8.40,8.45,8.07,762430,658284048.00,4.73,4.48,0.36,10.42
2017-02-22,8.30,8.28,8.34,8.19,392391,337831472.00,1.79,-1.43,-0.12,5.36
2017-02-23,8.25,8.06,8.31,7.99,340993,288433712.00,3.86,-2.66,-0.22,4.66
2017-02-24,7.99,8.06,8.15,7.99,162586,136743379.00,1.99,0.00,0.00,2.22
2017-02-27,8.10,8.03,8.29,8.03,241585,205488696.00,3.23,-0.37,-0.03,3.30
2017-02-28,7.97,7.99,8.02,7.86,208605,172448581.00,1.99,-0.50,-0.04,2.85
2017-03-01,8.01,8.00,8.08,7.92,172255,143931303.00,2.00,0.13,0.01,2.36
2017-03-02,7.96,7.76,8.02,7.72,285698,233678688.00,3.75,-3.00,-0.24,3.91
2017-03-03,7.76,7.77,7.83,7.72,128563,104489157.00,1.42,0.13,0.01,1.76
2017-03-06,7.76,7.74,7.81,7.65,185190,149838119.00,2.06,-0.39,-0.03,2.53
2017-03-07,7.74,7.71,7.76,7.66,166376,133948509.00,1.29,-0.39,-0.03,2.27
2017-03-08,7.72,7.56,7.73,7.53,198795,158167049.00,2.59,-1.95,-0.15,2.72
2017-03-09,7.56,7.59,7.68,7.55,137013,108883145.00,1.72,0.40,0.03,1.87
2017-03-10,7.53,7.56,7.65,7.50,104753,83053867.00,1.98,-0.40,-0.03,1.43
2017-03-13,7.53,7.57,7.59,7.46,133401,105067374.00,1.72,0.13,0.01,1.82
2017-03-14,7.56,7.48,7.58,7.47,113407,89133423.00,1.45,-1.19,-0.09,1.55
2017-03-15,7.47,7.34,7.48,7.33,159206,122867725.00,2.01,-1.87,-0.14,2.18
2017-03-16,7.38,7.57,7.60,7.36,184013,144689807.00,3.27,3.13,0.23,2.52
2017-03-17,7.56,7.42,7.60,7.41,156173,122537440.00,2.51,-1.98,-0.15,2.14
2017-03-20,7.43,7.43,7.50,7.35,94412,73388933.00,2.02,0.13,0.01,1.29
2017-03-21,7.40,7.44,7.48,7.39,85147,66328444.00,1.21,0.13,0.01,1.16
2017-03-22,7.40,7.36,7.43,7.30,126947,97762335.00,1.75,-1.08,-0.08,1.74
2017-03-23,7.31,7.26,7.41,7.20,143557,109579115.00,2.85,-1.36,-0.10,1.96
2017-03-24,7.28,7.31,7.31,7.20,98455,74897337.00,1.52,0.69,0.05,1.35
2017-03-27,7.33,7.38,7.42,7.31,101701,78602629.00,1.50,0.96,0.07,1.39
2017-03-28,7.38,7.43,7.44,7.35,89319,69265640.00,1.22,0.68,0.05,1.22
2017-03-29,7.43,7.33,7.44,7.30,94776,72904010.00,1.88,-1.35,-0.10,1.30
2017-03-30,7.31,7.10,7.33,7.10,124189,93503477.00,3.14,-3.14,-0.23,1.70
2017-03-31,7.10,7.00,7.19,6.95,98724,73267335.00,3.38,-1.41,-0.10,1.35
2017-04-05,7.00,7.13,7.14,6.94,107880,79760976.00,2.86,1.86,0.13,1.47
2017-04-06,7.15,7.04,7.15,7.01,89447,66168881.00,1.96,-1.26,-0.09,1.22
2017-04-07,7.03,7.05,7.13,6.95,94234,69700637.00,2.56,0.14,0.01,1.29
2017-04-10,7.04,6.89,7.04,6.85,132683,96412438.00,2.70,-2.27,-0.16,1.81
2017-04-11,6.66,6.89,7.01,6.66,136262,98412515.00,5.08,0.00,0.00,1.86
2017-04-12,6.85,6.67,6.85,6.65,180999,128101079.00,2.90,-3.19,-0.22,2.47
2017-04-13,6.68,6.50,6.70,6.49,190355,131083902.00,3.15,-2.55,-0.17,2.60
2017-04-14,6.52,6.35,6.54,6.33,143069,96526333.00,3.23,-2.31,-0.15,1.96
2017-04-17,6.35,6.37,6.41,6.31,104852,70323373.00,1.57,0.31,0.02,1.43
2017-04-18,6.35,6.35,6.40,6.33,97087,65181571.00,1.10,-0.31,-0.02,1.33
2017-04-19,6.42,6.18,6.42,6.05,148383,96666886.00,5.83,-2.68,-0.17,2.03
2017-04-20,6.15,6.12,6.22,6.06,81688,52890526.00,2.59,-0.97,-0.06,1.12
2017-04-21,6.11,6.09,6.16,6.07,53763,34694597.00,1.47,-0.49,-0.03,0.74
2017-04-24,6.11,5.80,6.12,5.67,104646,65098527.00,7.39,-4.76,-0.29,1.43
2017-04-25,5.83,5.81,5.88,5.77,87468,53795573.00,1.90,0.17,0.01,1.20
2017-04-26,5.80,5.79,5.81,5.73,73419,44859036.00,1.38,-0.34,-0.02,1.00
2017-04-27,5.81,5.78,5.81,5.57,116320,70165739.00,4.15,-0.17,-0.01,1.59
2017-04-28,5.80,5.91,5.95,5.72,137554,85142658.00,3.98,2.25,0.13,1.88
2017-05-02,5.87,5.98,6.01,5.82,116517,73045302.00,3.21,1.18,0.07,1.59
2017-05-03,5.96,5.99,6.05,5.92,98509,62138663.00,2.17,0.17,0.01,1.35
2017-05-04,5.97,5.84,5.97,5.82,86436,53905172.00,2.50,-2.50,-0.15,1.18
2017-05-05,5.83,5.73,5.83,5.73,95031,57876197.00,1.71,-1.88,-0.11,1.30
2017-05-08,5.68,5.57,5.75,5.57,97705,58380635.00,3.14,-2.79,-0.16,1.34
2017-05-09,5.58,5.69,5.92,5.48,175773,105906836.00,7.90,2.15,0.12,2.40
2017-05-10,5.71,5.52,5.71,5.51,94466,56180278.00,3.51,-2.99,-0.17,1.29
2017-05-11,5.34,5.38,5.47,5.12,132026,74642594.00,6.34,-2.54,-0.14,1.81
2017-05-12,5.38,5.40,5.43,5.31,62158,35507511.00,2.23,0.37,0.02,0.85
2017-05-15,5.42,5.39,5.45,5.38,46359,26621412.00,1.30,-0.19,-0.01,0.63
2017-05-16,5.40,5.49,5.50,5.23,82569,46943490.00,5.01,1.86,0.10,1.13
2017-05-17,5.49,5.50,5.59,5.44,84371,49390235.00,2.73,0.18,0.01,1.15
2017-05-18,5.45,5.44,5.50,5.41,49505,28640595.00,1.64,-1.09,-0.06,0.68
2017-05-19,5.46,5.45,5.49,5.41,39975,23118824.00,1.47,0.18,0.01,0.55
2017-05-22,5.44,5.36,5.48,5.35,52686,30293808.00,2.39,-1.65,-0.09,0.72
2017-05-23,5.27,5.14,5.33,5.13,86041,47848733.00,3.73,-4.10,-0.22,1.18
2017-05-24,5.08,5.12,5.15,4.97,67665,36575916.00,3.50,-0.39,-0.02,0.93
2017-05-25,5.12,5.16,5.17,4.99,72943,39573899.00,3.52,0.78,0.04,1.00
2017-05-26,5.14,5.21,5.31,5.11,69003,38142308.00,3.88,0.97,0.05,0.94
2017-05-31,5.37,5.76,5.76,5.37,205119,123135753.00,7.49,10.56,0.55,2.80
2017-06-01,5.76,5.71,6.01,5.69,477855,295942384.00,5.56,-0.87,-0.05,6.53
2017-06-02,5.41,5.59,5.69,5.33,226251,132006911.00,6.30,-2.10,-0.12,3.09
2017-06-05,5.54,6.02,6.07,5.48,366766,227990379.00,10.55,7.69,0.43,5.01
2017-06-06,5.95,5.98,6.08,5.85,243658,153625259.00,3.82,-0.66,-0.04,3.33
2017-06-07,5.95,5.99,6.04,5.87,225723,142054485.00,2.84,0.17,0.01,3.09
2017-06-08,6.03,5.98,6.05,5.91,138420,87159007.00,2.34,-0.17,-0.01,1.89
2017-06-09,6.04,5.98,6.27,5.97,209170,134157212.00,5.02,0.00,0.00,2.86
2017-06-12,5.86,5.77,5.89,5.73,148641,91076417.00,2.68,-3.51,-0.21,2.03
2017-06-13,5.79,5.79,5.82,5.73,93814,57275604.00,1.56,0.35,0.02,1.28
2017-06-14,5.79,5.96,6.12,5.73,255863,161452571.00,6.74,2.94,0.17,3.50
2017-06-15,5.96,5.96,6.00,5.83,132042,82491532.00,2.85,0.00,0.00,1.81
2017-06-16,5.98,5.92,6.05,5.89,92438,58130024.00,2.68,-0.67,-0.04,1.26
2017-06-19,5.97,5.91,5.97,5.86,68173,42473729.00,1.86,-0.17,-0.01,0.93
2017-06-20,5.91,5.84,5.94,5.82,87696,54363929.00,2.03,-1.18,-0.07,1.20
2017-06-21,5.86,5.83,5.89,5.77,72102,44308664.00,2.05,-0.17,-0.01,0.99
2017-06-22,5.83,5.78,5.90,5.77,92562,57092905.00,2.23,-0.86,-0.05,1.27
2017-06-23,5.77,5.81,5.82,5.67,89819,54520544.00,2.60,0.52,0.03,1.23
2017-06-26,5.78,5.82,5.85,5.76,81622,50140671.00,1.55,0.17,0.01,1.12
2017-06-27,5.81,5.88,5.91,5.80,86402,53484709.00,1.89,1.03,0.06,1.18
2017-06-28,5.76,5.75,5.81,5.60,119440,72366923.00,3.57,-2.21,-0.13,1.63
2017-06-29,5.73,5.73,5.78,5.72,57234,34768805.00,1.04,-0.35,-0.02,0.78
2017-06-30,5.73,5.74,5.77,5.69,53246,32233267.00,1.40,0.17,0.01,0.62
2017-07-03,5.74,5.75,5.77,5.70,46369,28109137.00,1.22,0.17,0.01,0.54
2017-07-04,5.75,5.68,5.76,5.68,49453,29858189.00,1.39,-1.22,-0.07,0.57
2017-07-05,5.67,5.69,5.72,5.64,64739,38807009.00,1.41,0.18,0.01,0.75
2017-07-06,5.68,5.63,5.68,5.60,78833,46966346.00,1.41,-1.05,-0.06,0.91
2017-07-07,5.63,5.52,5.63,5.49,107455,63126755.00,2.49,-1.95,-0.11,1.24
2017-07-10,5.48,5.69,5.75,5.47,140597,83973380.00,5.07,3.08,0.17,1.63
2017-07-11,5.67,5.85,6.17,5.63,242072,151161541.00,9.49,2.81,0.16,2.80
2017-07-12,5.84,5.77,5.84,5.67,130088,79013754.00,2.91,-1.37,-0.08,1.51
2017-07-13,5.74,5.88,5.92,5.72,149952,92927862.00,3.47,1.91,0.11,1.74
2017-07-14,5.90,5.84,5.94,5.79,71858,44269456.00,2.55,-0.68,-0.04,0.83
2017-07-17,5.86,5.51,5.86,5.43,136566,81023103.00,7.36,-5.65,-0.33,1.58
2017-07-18,5.51,5.57,5.63,5.45,64313,37792500.00,3.27,1.09,0.06,0.74
2017-07-19,5.52,5.60,5.62,5.50,71874,42439041.00,2.15,0.54,0.03,0.83
2017-07-20,5.56,5.59,5.65,5.52,57215,33888908.00,2.32,-0.18,-0.01,0.66
2017-07-21,5.59,5.59,5.65,5.54,57098,33772966.00,1.97,0.00,0.00,0.66
2017-07-24,5.58,5.56,5.59,5.50,54471,32028579.00,1.61,-0.54,-0.03,0.63
2017-07-25,5.53,5.59,5.60,5.52,41916,24685759.00,1.44,0.54,0.03,0.49
2017-07-26,5.60,5.81,5.95,5.52,119807,72457102.00,7.69,3.94,0.22,1.39
2017-07-27,5.74,5.78,5.84,5.72,114328,69835329.00,2.07,-0.52,-0.03,1.32
2017-07-28,5.83,5.82,5.96,5.81,126663,78426829.00,2.60,0.69,0.04,1.47
2017-07-31,5.79,5.84,5.92,5.75,111204,68689496.00,2.92,0.34,0.02,1.29
2017-08-01,5.82,5.76,5.85,5.75,86784,53004184.00,1.71,-1.37,-0.08,1.00
2017-08-02,5.76,5.72,5.79,5.71,64491,39170344.00,1.39,-0.69,-0.04,0.75
2017-08-03,5.70,5.71,5.75,5.67,53616,32370213.00,1.40,-0.17,-0.01,0.62
2017-08-04,5.72,5.65,5.76,5.61,80267,48241137.00,2.63,-1.05,-0.06,0.93
2017-08-07,5.65,5.68,5.74,5.62,42486,25541992.00,2.12,0.53,0.03,0.49
2017-08-08,5.68,5.69,5.72,5.65,47225,28420034.00,1.23,0.18,0.01,0.55
2017-08-09,5.69,5.68,5.71,5.66,44387,26660770.00,0.88,-0.18,-0.01,0.51
2017-08-10,5.66,5.60,5.67,5.57,59659,35470841.00,1.76,-1.41,-0.08,0.69
2017-08-11,5.57,5.52,5.59,5.50,54560,31993476.00,1.61,-1.43,-0.08,0.63
2017-08-14,5.54,5.56,5.59,5.52,40600,23917141.00,1.27,0.72,0.04,0.47
2017-08-15,5.56,5.71,5.84,5.56,113787,68958331.00,5.04,2.70,0.15,1.32
2017-08-16,5.65,5.64,5.66,5.57,86152,51202829.00,1.58,-1.23,-0.07,1.00
2017-08-17,5.65,5.65,5.66,5.59,64435,38392789.00,1.24,0.18,0.01,0.75
2017-08-18,5.63,5.61,5.63,5.59,57255,33960966.00,0.71,-0.71,-0.04,0.66
2017-08-21,5.60,5.63,5.63,5.58,41416,24580348.00,0.89,0.36,0.02,0.48
2017-08-22,5.63,5.60,5.65,5.58,48895,28981245.00,1.24,-0.53,-0.03,0.57
2017-08-23,5.58,5.58,5.60,5.56,43795,25881240.00,0.71,-0.36,-0.02,0.51
2017-08-24,5.57,5.55,5.59,5.53,34379,20232073.00,1.08,-0.54,-0.03,0.40
2017-08-25,5.52,5.59,5.62,5.52,53277,31442328.00,1.80,0.72,0.04,0.62
2017-08-28,5.61,5.61,5.61,5.57,86706,51331418.00,0.72,0.36,0.02,1.00
2017-08-29,5.61,5.58,5.61,5.56,59789,35372770.00,0.89,-0.53,-0.03,0.69
2017-08-30,5.57,5.56,5.57,5.54,62868,37003574.00,0.54,-0.36,-0.02,0.73
2017-08-31,5.55,5.58,5.58,5.55,45949,27071597.00,0.54,0.36,0.02,0.53
2017-09-01,5.58,5.60,5.62,5.55,64856,38293717.00,1.25,0.36,0.02,0.75
2017-09-04,5.58,5.59,5.61,5.55,56340,33265548.00,1.07,-0.18,-0.01,0.65
2017-09-05,5.59,5.58,5.60,5.57,44642,26395270.00,0.54,-0.18,-0.01,0.52
2017-09-06,5.58,5.60,5.64,5.55,82741,49007947.00,1.61,0.36,0.02,0.96
2017-09-07,5.60,5.57,5.60,5.57,51867,30647058.00,0.54,-0.54,-0.03,0.60
2017-09-08,5.55,5.58,5.59,5.55,42757,25223828.00,0.72,0.18,0.01,0.49
2017-09-11,5.56,5.60,5.62,5.54,72484,42830115.00,1.43,0.36,0.02,0.84
2017-09-12,5.60,5.58,5.60,5.56,72738,43002191.00,0.71,-0.36,-0.02,0.84
2017-09-13,5.57,5.60,5.61,5.55,69269,40958757.00,1.08,0.36,0.02,0.80
2017-09-14,5.59,5.66,5.76,5.57,174883,104839757.00,3.39,1.07,0.06,2.02
2017-09-15,5.66,5.69,5.73,5.60,130909,78686915.00,2.30,0.53,0.03,1.52
2017-09-18,5.70,5.72,5.77,5.67,120585,73008940.00,1.76,0.53,0.03,1.40
2017-09-19,5.72,5.90,6.04,5.70,322378,199252514.00,5.94,3.15,0.18,3.73
2017-09-20,5.87,5.89,5.96,5.82,184033,114029103.00,2.37,-0.17,-0.01,2.13
2017-09-21,5.87,5.77,5.87,5.77,145873,89511628.00,1.70,-2.04,-0.12,1.69
2017-09-22,5.75,5.69,5.75,5.67,103398,62290457.00,1.39,-1.39,-0.08,1.20
2017-09-25,5.69,5.76,5.81,5.68,105830,64125091.00,2.28,1.23,0.07,1.22
2017-09-26,5.73,5.68,5.74,5.66,77965,46904942.00,1.39,-1.39,-0.08,0.90
2017-09-27,5.77,5.73,5.88,5.71,120363,73593984.00,2.99,0.88,0.05,1.39
2017-09-28,5.68,5.63,5.73,5.57,109885,65961433.00,2.79,-1.75,-0.10,1.27
2017-09-29,5.64,5.66,5.68,5.61,68069,40674594.00,1.24,0.53,0.03,0.79
2017-10-09,5.71,5.67,5.72,5.66,69004,41454211.00,1.06,0.18,0.01,0.80
2017-10-10,5.68,5.82,5.85,5.68,186414,113795335.00,3.00,2.65,0.15,2.16
2017-10-11,5.79,5.79,5.89,5.76,125987,77367364.00,2.23,-0.52,-0.03,1.46
2017-10-12,5.77,5.93,6.01,5.73,303506,188579508.00,4.84,2.42,0.14,3.51
2017-10-13,5.88,5.87,5.91,5.82,142718,88289705.00,1.52,-1.01,-0.06,1.65
2017-10-16,5.88,5.79,5.92,5.74,149259,92100278.00,3.07,-1.36,-0.08,1.73
2017-10-17,5.80,5.99,6.01,5.76,296614,185775891.00,4.32,3.45,0.20,3.43
2017-10-18,6.03,5.88,6.04,5.85,203204,127463537.00,3.17,-1.84,-0.11,2.35
2017-10-19,5.86,6.07,6.09,5.85,315574,199006151.00,4.08,3.23,0.19,3.65
2017-10-20,6.03,6.29,6.43,5.98,518973,341379888.00,7.41,3.62,0.22,6.01
2017-10-23,6.20,6.28,6.29,6.14,268411,175651529.00,2.38,-0.16,-0.01,3.11
2017-10-24,6.23,6.12,6.39,6.02,289044,189019204.00,5.89,-2.55,-0.16,3.35
2017-10-25,6.09,6.22,6.26,6.06,191185,123796741.00,3.27,1.63,0.10,2.21
2017-10-26,6.18,6.12,6.24,6.09,159315,103187461.00,2.41,-1.61,-0.10,1.84
2017-10-27,6.13,6.02,6.15,5.97,157939,100473160.00,2.94,-1.63,-0.10,1.83
2017-10-30,5.98,5.82,6.01,5.75,147025,90888054.00,4.32,-3.32,-0.20,1.70
2017-10-31,5.81,5.89,5.92,5.81,78989,48855472.00,1.89,1.20,0.07,0.91
2017-11-01,5.90,5.80,5.95,5.77,98193,60800072.00,3.06,-1.53,-0.09,1.14
2017-11-02,5.78,5.71,5.82,5.69,104588,63590566.00,2.24,-1.55,-0.09,1.21
2017-11-03,5.72,5.64,5.75,5.62,89565,53707638.00,2.28,-1.23,-0.07,1.04
2017-11-06,5.71,5.77,5.79,5.65,82419,49813997.00,2.48,2.30,0.13,0.95
2017-11-07,5.78,5.75,5.79,5.72,65887,40051909.00,1.21,-0.35,-0.02,0.76
2017-11-08,5.75,5.76,5.82,5.68,98357,59766200.00,2.43,0.17,0.01,1.14
2017-11-09,5.76,5.73,5.76,5.72,60068,36413343.00,0.69,-0.52,-0.03,0.70
2017-11-10,5.74,5.69,5.75,5.69,74814,45204130.00,1.05,-0.70,-0.04,0.87
2017-11-13,5.70,5.57,5.71,5.55,173782,102761079.00,2.81,-2.11,-0.12,2.01
2017-11-14,5.53,5.44,5.53,5.37,153824,88905640.00,2.87,-2.33,-0.13,1.78
2017-11-15,5.40,5.42,5.50,5.36,74270,42694052.00,2.57,-0.37,-0.02,0.86
2017-11-16,5.45,5.57,5.72,5.43,138319,82067233.00,5.35,2.77,0.15,1.60
2017-11-17,5.59,5.38,5.59,5.32,91848,53130060.00,4.85,-3.41,-0.19,1.06
2017-11-20,5.39,5.41,5.43,5.17,50989,28846517.00,4.83,0.56,0.03,0.59
2017-11-21,5.38,5.49,5.51,5.35,57783,33311515.00,2.96,1.48,0.08,0.67
2017-11-22,5.48,5.43,5.50,5.41,43414,25062944.00,1.64,-1.09,-0.06,0.50
2017-11-23,5.44,5.29,5.46,5.28,55875,31711087.00,3.31,-2.58,-0.14,0.65
2017-11-24,5.27,5.32,5.39,5.25,39457,22276931.00,2.65,0.57,0.03,0.46
2017-11-27,5.27,5.25,5.33,5.24,37904,21265430.00,1.69,-1.32,-0.07,0.44
2017-11-28,5.24,5.30,5.32,5.24,29918,16815308.00,1.52,0.95,0.05,0.35
2017-11-29,5.32,5.30,5.36,5.23,38398,21573937.00,2.45,0.00,0.00,0.44
2017-11-30,5.31,5.31,5.37,5.27,37227,21069013.00,1.89,0.19,0.01,0.43
2017-12-01,5.33,5.31,5.34,5.30,28170,15903022.00,0.75,0.00,0.00,0.33
2017-12-04,5.31,5.35,5.35,5.27,40266,22785183.00,1.51,0.75,0.04,0.47
2017-12-05,5.35,5.46,5.56,5.32,154518,89777552.00,4.49,2.06,0.11,1.79
2017-12-06,5.42,5.44,5.45,5.35,57943,33160396.00,1.83,-0.37,-0.02,0.67
2017-12-07,5.45,5.47,5.57,5.44,58388,34001597.00,2.39,0.55,0.03,0.68
2017-12-08,5.48,5.78,5.87,5.48,281016,169676585.00,7.13,5.67,0.31,3.25
2017-12-11,5.75,5.99,6.02,5.73,316178,197663870.00,5.02,3.63,0.21,3.66
2017-12-12,5.94,5.84,5.95,5.75,194759,119941370.00,3.34,-2.50,-0.15,2.25
2017-12-13,5.78,5.86,5.89,5.78,116691,71990956.00,1.88,0.34,0.02,1.35
2017-12-14,5.86,6.05,6.13,5.86,326470,207509961.00,4.61,3.24,0.19,3.78