2012-01-04,1.51,1.39,1.51,1.39,8947,14050946.00,8.05,-6.71,-0.10,4.47
2012-01-05,1.38,1.29,1.38,1.28,6928,10050259.00,7.19,-7.19,-0.10,3.46
2012-01-06,1.28,1.31,1.33,1.26,5846,8297982.00,5.43,1.55,0.02,2.92
2012-01-09,1.32,1.38,1.39,1.30,6831,10077304.00,6.87,5.34,0.07,3.42
2012-01-10,1.38,1.43,1.44,1.37,8570,13124515.00,5.07,3.62,0.05,4.29
2012-01-11,1.43,1.43,1.47,1.41,7262,11335362.00,4.20,0.00,0.00,3.63
2012-01-12,1.43,1.41,1.46,1.41,4903,7582981.00,3.50,-1.40,-0.02,2.45
2012-01-13,1.41,1.29,1.41,1.28,10106,14732207.00,9.22,-8.51,-0.12,5.05
2012-01-16,1.29,1.26,1.34,1.26,7401,10515156.00,6.20,-2.33,-0.03,3.70
2012-01-17,1.30,1.37,1.38,1.26,9425,13641720.00,9.52,8.73,0.11,4.71
2012-01-18,1.37,1.29,1.40,1.28,9282,13598725.00,8.76,-5.84,-0.08,4.64
2012-01-19,1.30,1.36,1.36,1.26,7367,10672510.00,7.75,5.43,0.07,3.68
2012-01-20,1.36,1.39,1.40,1.35,6454,9745537.00,3.68,2.21,0.03,3.23
2012-01-30,1.40,1.39,1.42,1.38,6869,10439473.00,2.88,0.00,0.00,3.43
2012-01-31,1.38,1.38,1.39,1.36,4604,6862428.00,2.16,-0.72,-0.01,2.30
2012-02-01,1.38,1.40,1.44,1.37,8930,13642400.00,5.07,1.45,0.02,4.46
2012-02-02,1.40,1.42,1.42,1.37,8288,12587193.00,3.57,1.43,0.02,4.14
2012-02-03,1.42,1.47,1.48,1.41,10420,16266711.00,4.93,3.52,0.05,5.21
2012-02-06,1.46,1.47,1.48,1.45,9016,14242810.00,2.04,0.00,0.00,4.51
2012-02-07,1.45,1.43,1.46,1.42,6413,9986971.00,2.72,-2.72,-0.04,3.21
2012-02-08,1.43,1.48,1.48,1.43,6475,10217882.00,3.50,3.50,0.05,3.24
2012-02-09,1.48,1.48,1.54,1.48,8080,13064294.00,4.05,0.00,0.00,4.04
2012-02-10,1.48,1.49,1.52,1.47,6542,10515973.00,3.38,0.68,0.01,3.27
2012-02-13,1.49,1.54,1.58,1.47,10879,17839212.00,7.38,3.36,0.05,5.44
2012-02-14,1.53,1.54,1.56,1.52,8401,13903806.00,2.60,0.00,0.00,4.20
2012-02-15,1.54,1.56,1.56,1.53,9592,15906954.00,1.95,1.30,0.02,4.80
2012-02-17,1.55,1.52,1.57,1.49,8537,14019758.00,5.13,-2.56,-0.04,4.27
2012-02-20,1.54,1.52,1.55,1.51,6807,11191668.00,2.63,0.00,0.00,3.40
2012-02-21,1.51,1.57,1.57,1.50,9916,16404848.00,4.61,3.29,0.05,4.96
2012-02-22,1.56,1.63,1.65,1.56,16514,28537354.00,5.73,3.82,0.06,8.26
2012-02-23,1.62,1.63,1.65,1.61,13264,22996889.00,2.45,0.00,0.00,6.63
2012-02-24,1.64,1.65,1.65,1.62,7066,12306359.00,1.84,1.23,0.02,3.53
2012-02-27,1.65,1.66,1.71,1.65,12236,21726663.00,3.64,0.61,0.01,6.12
2012-02-28,1.65,1.70,1.71,1.64,17176,30498729.00,4.22,2.41,0.04,8.59
2012-02-29,1.66,1.59,1.66,1.59,21306,36650710.00,4.12,-6.47,-0.11,10.65
2012-03-01,1.58,1.61,1.63,1.58,9045,15528506.00,3.14,1.26,0.02,4.52
2012-03-02,1.62,1.64,1.64,1.61,8547,14795539.00,1.86,1.86,0.03,4.27
2012-03-05,1.63,1.63,1.65,1.61,14435,25100035.00,2.44,-0.61,-0.01,7.22
2012-03-06,1.62,1.59,1.63,1.58,8010,13640308.00,3.07,-2.45,-0.04,4.01
2012-03-07,1.57,1.62,1.65,1.55,10718,18561678.00,6.29,1.89,0.03,5.36
2012-03-08,1.62,1.65,1.68,1.62,9479,16679549.00,3.70,1.85,0.03,4.74
2012-03-09,1.66,1.69,1.69,1.66,9209,16384053.00,1.82,2.42,0.04,4.60
2012-03-12,1.71,1.72,1.75,1.70,11300,20609042.00,2.96,1.78,0.03,5.65
2012-03-13,1.72,1.73,1.74,1.70,8465,15444148.00,2.33,0.58,0.01,4.23
2012-03-14,1.73,1.67,1.79,1.65,17812,32582731.00,8.09,-3.47,-0.06,8.91
2012-03-15,1.69,1.63,1.69,1.61,7231,12688542.00,4.79,-2.40,-0.04,3.62
2012-03-16,1.64,1.70,1.70,1.63,6156,10856056.00,4.29,4.29,0.07,3.08
2012-03-19,1.69,1.75,1.75,1.69,5845,10652931.00,3.53,2.94,0.05,2.92
2012-03-20,1.73,1.66,1.74,1.66,5569,10022820.00,4.57,-5.14,-0.09,2.78
2012-03-21,1.71,1.62,1.71,1.58,7236,12547994.00,7.83,-2.41,-0.04,3.62
2012-03-23,1.60,1.56,1.63,1.54,4516,7602166.00,5.56,-3.70,-0.06,2.26
2012-03-26,1.56,1.55,1.58,1.54,2435,4055085.00,2.56,-0.64,-0.01,1.22
2012-03-27,1.57,1.55,1.58,1.54,2667,4461440.00,2.58,0.00,0.00,1.33
2012-03-28,1.54,1.45,1.54,1.44,7160,11373509.00,6.45,-6.45,-0.10,3.58
2012-03-29,1.45,1.43,1.46,1.42,2898,4529263.00,2.76,-1.38,-0.02,1.45
2012-03-30,1.45,1.40,1.45,1.38,4686,7188986.00,4.90,-2.10,-0.03,2.34
2012-04-05,1.26,1.34,1.34,1.25,19679,28083239.00,6.43,-4.29,-0.06,9.84
2012-04-06,1.31,1.31,1.33,1.29,9997,14346772.00,2.99,-2.24,-0.03,5.00
2012-04-09,1.30,1.30,1.31,1.28,7205,10192308.00,2.29,-0.76,-0.01,3.60
2012-04-10,1.29,1.28,1.29,1.22,7763,10781857.00,5.38,-1.54,-0.02,3.88
2012-04-11,1.25,1.27,1.28,1.24,5102,7117891.00,3.13,-0.78,-0.01,2.55
2012-04-12,1.28,1.30,1.31,1.27,8132,11552383.00,3.15,2.36,0.03,4.07
2012-04-13,1.31,1.32,1.34,1.31,9501,13746993.00,2.31,1.54,0.02,4.75
2012-04-16,1.31,1.30,1.31,1.27,5044,7171342.00,3.03,-1.52,-0.02,2.52
2012-04-17,1.29,1.27,1.30,1.27,5170,7270682.00,2.31,-2.31,-0.03,2.58
2012-04-18,1.28,1.31,1.31,1.26,7136,10108751.00,3.94,3.15,0.04,3.57
2012-04-19,1.31,1.32,1.32,1.29,6918,9931013.00,2.29,0.76,0.01,3.46
2012-04-20,1.31,1.35,1.35,1.31,8070,11752736.00,3.03,2.27,0.03,4.04
2012-04-23,1.35,1.22,1.35,1.21,13490,18737133.00,10.37,-9.63,-0.13,6.75
2012-04-24,1.18,1.15,1.21,1.13,8702,11301605.00,6.56,-5.74,-0.07,4.35
2012-04-25,1.14,1.16,1.16,1.14,6209,7972652.00,1.74,0.87,0.01,3.10
2012-04-26,1.16,1.15,1.16,1.13,5308,6816530.00,2.59,-0.86,-0.01,2.65
2012-04-27,1.15,1.18,1.19,1.14,4444,5787625.00,4.35,2.61,0.03,2.22
2012-05-02,1.18,1.17,1.19,1.16,5487,7167776.00,2.54,-0.85,-0.01,2.74
2012-05-03,1.17,1.17,1.18,1.16,3963,5171804.00,1.71,0.00,0.00,1.98
2012-05-04,1.18,1.19,1.19,1.17,4786,6320168.00,1.71,1.71,0.02,2.39
2012-05-07,1.18,1.24,1.24,1.18,7377,9899406.00,5.04,4.20,0.05,3.69
2012-05-08,1.25,1.24,1.25,1.22,5463,7440644.00,2.42,0.00,0.00,2.73
2012-05-09,1.23,1.19,1.23,1.19,3892,5220562.00,3.23,-4.03,-0.05,1.95
2012-05-10,1.19,1.21,1.23,1.18,4036,5433086.00,4.20,1.68,0.02,2.02
2012-05-11,1.21,1.21,1.22,1.20,2808,3770084.00,1.65,0.00,0.00,1.40
2012-05-14,1.22,1.20,1.22,1.20,3058,4101855.00,1.65,-0.83,-0.01,1.53
2012-05-15,1.20,1.20,1.21,1.18,2510,3326470.00,2.50,0.00,0.00,1.26
2012-05-16,1.20,1.19,1.20,1.19,2262,3006542.00,0.83,-0.83,-0.01,1.13
2012-05-17,1.20,1.22,1.23,1.19,5183,6955050.00,3.36,2.52,0.03,2.59
2012-05-18,1.21,1.26,1.32,1.20,13546,18846837.00,9.84,3.28,0.04,6.77
2012-05-21,1.26,1.25,1.28,1.23,6483,8947653.00,3.97,-0.79,-0.01,3.24
2012-05-22,1.25,1.27,1.28,1.24,7217,10014524.00,3.20,1.60,0.02,3.61
2012-05-23,1.26,1.25,1.28,1.23,4491,6183900.00,3.94,-1.57,-0.02,2.25
2012-05-24,1.25,1.28,1.29,1.24,10283,14417186.00,4.00,2.40,0.03,5.14
2012-05-25,1.28,1.24,1.28,1.22,3314,4566596.00,4.69,-3.13,-0.04,1.66
2012-05-28,1.23,1.21,1.24,1.15,4918,6525599.00,7.26,-2.42,-0.03,2.46
2012-05-29,1.20,1.23,1.27,1.20,11194,15255736.00,5.79,1.65,0.02,5.60
2012-05-30,1.23,1.27,1.33,1.20,20723,22075111.00,10.57,3.25,0.04,7.97
2012-05-31,1.27,1.35,1.37,1.26,33041,36928840.00,8.66,6.30,0.08,12.71
2012-06-01,1.34,1.40,1.44,1.33,24886,28407360.00,8.15,3.70,0.05,9.57
2012-06-04,1.34,1.36,1.40,1.32,11992,13682405.00,5.71,-2.86,-0.04,4.61
2012-06-05,1.35,1.35,1.38,1.31,8027,8980275.00,5.15,-0.74,-0.01,3.09
2012-06-06,1.35,1.35,1.36,1.32,3622,4061033.00,2.96,0.00,0.00,1.39
2012-06-07,1.36,1.31,1.36,1.31,3383,3778801.00,3.70,-2.96,-0.04,1.30
2012-06-08,1.33,1.37,1.38,1.32,10426,11805893.00,4.58,4.58,0.06,4.01
2012-06-11,1.37,1.41,1.42,1.36,7237,8364066.00,4.38,2.92,0.04,2.78
2012-06-12,1.41,1.38,1.41,1.36,5533,6336076.00,3.55,-2.13,-0.03,2.13
2012-06-13,1.38,1.38,1.39,1.35,5203,5950586.00,2.90,0.00,0.00,2.00
2012-06-14,1.37,1.34,1.37,1.33,4824,5437004.00,2.90,-2.90,-0.04,1.86
2012-06-15,1.35,1.31,1.35,1.29,4610,5065825.00,4.48,-2.24,-0.03,1.77
2012-06-18,1.31,1.33,1.33,1.30,4081,4511586.00,2.29,1.53,0.02,1.57
2012-06-19,1.32,1.29,1.32,1.29,4117,4505423.00,2.26,-3.01,-0.04,1.58
2012-06-20,1.34,1.31,1.36,1.30,10653,11861088.00,4.65,1.55,0.02,4.10
2012-06-21,1.27,1.27,1.30,1.27,5803,6233542.00,2.29,-3.05,-0.04,2.23
2012-06-25,1.27,1.25,1.28,1.25,4237,4480497.00,2.36,-1.57,-0.02,1.47
2012-06-26,1.20,1.24,1.26,1.20,2179,2267561.00,4.80,-0.80,-0.01,0.75
2012-06-27,1.28,1.23,1.28,1.23,4930,5205316.00,4.03,-0.81,-0.01,1.71
2012-06-28,1.22,1.21,1.25,1.21,2684,2783575.00,3.25,-1.63,-0.02,0.93
2012-06-29,1.20,1.22,1.23,1.18,2345,2404700.00,4.13,0.83,0.01,0.81
2012-07-02,1.23,1.26,1.28,1.21,3093,3252062.00,5.74,3.28,0.04,1.07
2012-07-03,1.30,1.27,1.30,1.26,3879,4150390.00,3.17,0.79,0.01,1.34
2012-07-04,1.29,1.22,1.29,1.21,5176,5412366.00,6.30,-3.94,-0.05,1.79
2012-07-05,1.20,1.14,1.20,1.14,6704,6644500.00,4.92,-6.56,-0.08,2.32
2012-07-06,1.14,1.11,1.15,1.06,12759,12040823.00,7.89,-2.63,-0.03,4.42
2012-07-09,1.11,1.07,1.12,1.06,10018,9401187.00,5.41,-3.60,-0.04,3.47
2012-07-10,1.07,1.05,1.07,1.04,5097,4623070.00,2.80,-1.87,-0.02,1.76
2012-07-11,1.05,1.02,1.05,1.01,7639,6829228.00,3.81,-2.86,-0.03,2.64
2012-07-12,1.02,1.04,1.06,1.00,8479,7578378.00,5.88,1.96,0.02,2.93
2012-07-13,1.03,1.04,1.07,1.03,7198,6549836.00,3.85,0.00,0.00,2.49
2012-07-16,1.05,0.94,1.05,0.94,8618,7421937.00,10.58,-9.62,-0.10,2.98
2012-07-17,0.94,0.95,0.96,0.94,4109,3442477.00,2.13,1.06,0.01,1.42
2012-07-18,0.95,0.97,0.97,0.95,3128,2634670.00,2.11,2.11,0.02,1.08
2012-07-19,0.98,1.00,1.02,0.97,7625,6645668.00,5.15,3.09,0.03,2.64
2012-07-20,1.01,1.00,1.03,1.00,2302,2026477.00,3.00,0.00,0.00,0.80
2012-07-23,1.00,1.00,1.02,0.97,6187,5403244.00,5.00,0.00,0.00,2.14
2012-07-24,1.00,1.00,1.01,0.97,3502,3061675.00,4.00,0.00,0.00,1.21
2012-07-25,1.00,1.03,1.08,0.98,15093,13581188.00,10.00,3.00,0.03,5.22
2012-07-26,1.02,1.02,1.05,1.02,3599,3226383.00,2.91,-0.97,-0.01,1.25
2012-07-27,1.06,1.04,1.06,1.02,8501,7655957.00,3.92,1.96,0.02,2.94
2012-07-30,1.10,1.07,1.10,1.03,16510,15073494.00,6.73,2.88,0.03,5.71
2012-07-31,1.04,1.08,1.09,1.04,16068,14698549.00,4.67,0.93,0.01,5.56
2012-08-01,1.09,1.09,1.21,1.06,19796,18912787.00,13.89,0.93,0.01,6.85
2012-08-02,1.06,1.05,1.10,1.04,6762,6146666.00,5.50,-3.67,-0.04,2.34
2012-08-03,1.05,1.10,1.10,1.04,4692,4291553.00,5.71,4.76,0.05,1.62
2012-08-06,1.09,1.10,1.11,1.05,9594,8860988.00,5.45,0.00,0.00,3.32
2012-08-07,1.08,1.10,1.10,1.08,7969,7473784.00,1.82,0.00,0.00,2.76
2012-08-08,1.10,1.11,1.12,1.10,6710,6373231.00,1.82,0.91,0.01,2.32
2012-08-09,1.11,1.13,1.14,1.09,4608,4424279.00,4.50,1.80,0.02,1.59
2012-08-10,1.13,1.17,1.18,1.12,9643,9523352.00,5.31,3.54,0.04,3.34
2012-08-13,1.17,1.15,1.19,1.14,6723,6678186.00,4.27,-1.71,-0.02,2.33
2012-08-14,1.16,1.14,1.16,1.05,3749,3607010.00,9.57,-0.87,-0.01,1.30
2012-08-15,1.14,1.09,1.16,1.09,3868,3701410.00,6.14,-4.39,-0.05,1.34
2012-08-16,1.09,1.09,1.10,1.05,653,610229.00,4.59,0.00,0.00,0.23
2012-08-17,1.10,1.10,1.13,1.08,1950,1851737.00,4.59,0.92,0.01,0.67
2012-08-20,1.11,1.12,1.12,1.10,2618,2492320.00,1.82,1.82,0.02,0.91
2012-08-21,1.12,1.15,1.16,1.11,6092,5973315.00,4.46,2.68,0.03,2.11
2012-08-22,1.17,1.15,1.17,1.15,4352,4278940.00,1.74,0.00,0.00,1.51
2012-08-23,1.16,1.18,1.18,1.15,4726,4690380.00,2.61,2.61,0.03,1.64
2012-08-24,1.17,1.16,1.18,1.13,7285,7183909.00,4.24,-1.69,-0.02,2.52
2012-08-27,1.18,1.21,1.30,1.17,38784,40314863.00,11.21,4.31,0.05,13.42
2012-08-28,1.19,1.19,1.21,1.15,18976,19080528.00,4.96,-1.65,-0.02,6.57
2012-08-29,1.27,1.33,1.33,1.26,64255,70783564.00,5.88,11.76,0.14,22.24
2012-08-30,1.34,1.26,1.34,1.19,63212,67487630.00,11.28,-5.26,-0.07,21.88
2012-08-31,1.24,1.24,1.27,1.20,26606,27665618.00,5.56,-1.59,-0.02,9.21
2012-09-03,1.22,1.30,1.32,1.20,29373,31464370.00,9.68,4.84,0.06,10.17
2012-09-04,1.29,1.30,1.35,1.27,33905,37295829.00,6.15,0.00,0.00,11.73
2012-09-05,1.27,1.33,1.37,1.25,38379,42480334.00,9.23,2.31,0.03,13.28
2012-09-06,1.32,1.33,1.34,1.30,21645,23906486.00,3.01,0.00,0.00,7.49
2012-09-07,1.35,1.39,1.40,1.30,43179,48919736.00,7.52,4.51,0.06,14.94
2012-09-10,1.38,1.41,1.42,1.35,27736,31731257.00,5.04,1.44,0.02,9.60
2012-09-11,1.39,1.38,1.40,1.38,14225,16422087.00,1.42,-2.13,-0.03,4.92
2012-09-12,1.38,1.36,1.40,1.33,15965,18136870.00,5.07,-1.45,-0.02,5.53
2012-09-13,1.37,1.29,1.37,1.28,21500,23619707.00,6.62,-5.15,-0.07,7.44
2012-09-14,1.30,1.27,1.31,1.26,8592,9303072.00,3.88,-1.55,-0.02,2.97
2012-09-17,1.27,1.23,1.29,1.22,9684,10206309.00,5.51,-3.15,-0.04,3.35
2012-09-18,1.23,1.24,1.26,1.22,6094,6399817.00,3.25,0.81,0.01,2.11
2012-09-19,1.26,1.28,1.28,1.24,4575,4848956.00,3.23,3.23,0.04,1.58
2012-09-20,1.28,1.18,1.28,1.16,8920,9146481.00,9.38,-7.81,-0.10,3.09
2012-09-21,1.16,1.09,1.18,1.06,20204,19187496.00,10.17,-7.63,-0.09,6.99
2012-09-24,1.09,1.13,1.15,1.07,9670,9221319.00,7.34,3.67,0.04,3.35
2012-09-25,1.13,1.11,1.14,1.10,3279,3133347.00,3.54,-1.77,-0.02,1.13
2012-09-26,1.08,1.05,1.11,1.05,4954,4588189.00,5.41,-5.41,-0.06,1.71
2012-09-27,1.04,1.10,1.11,1.04,8683,8109186.00,6.67,4.76,0.05,3.00
2012-09-28,1.11,1.17,1.19,1.09,16277,16019623.00,9.09,6.36,0.07,5.63
2012-10-08,1.19,1.18,1.21,1.17,8336,8422531.00,3.42,0.85,0.01,2.88
2012-10-09,1.20,1.23,1.23,1.19,6362,6568399.00,3.39,4.24,0.05,2.20
2012-10-10,1.23,1.26,1.28,1.21,7670,8085272.00,5.69,2.44,0.03,2.65
2012-10-11,1.26,1.25,1.30,1.21,7898,8272634.00,7.14,-0.79,-0.01,2.73
2012-10-12,1.26,1.23,1.26,1.21,4161,4305639.00,4.00,-1.60,-0.02,1.44
2012-10-15,1.19,1.13,1.19,1.08,27285,25771163.00,8.94,-8.13,-0.10,9.44
2012-10-16,1.11,1.11,1.12,1.08,9567,9037572.00,3.54,-1.77,-0.02,3.31
2012-10-17,1.10,1.11,1.12,1.09,4639,4399107.00,2.70,0.00,0.00,1.61
2012-10-18,1.11,1.13,1.14,1.11,4865,4690777.00,2.70,1.80,0.02,1.68
2012-10-19,1.13,1.13,1.16,1.13,4490,4383304.00,2.65,0.00,0.00,1.55
2012-10-22,1.13,1.11,1.13,1.09,6252,5937803.00,3.54,-1.77,-0.02,2.16
2012-10-23,1.11,1.09,1.11,1.08,4120,3881317.00,2.70,-1.80,-0.02,1.43
2012-10-24,1.08,1.09,1.11,1.07,6785,6334258.00,3.67,0.00,0.00,2.35
2012-10-25,1.09,1.06,1.10,1.06,3118,2901147.00,3.67,-2.75,-0.03,1.08
2012-10-26,1.08,1.04,1.08,1.01,4818,4333970.00,6.60,-1.89,-0.02,1.67
2012-10-29,1.04,1.04,1.06,1.01,1596,1442775.00,4.81,0.00,0.00,0.55
2012-10-30,1.06,1.05,1.07,1.05,2283,2088044.00,1.92,0.96,0.01,0.79
2012-10-31,1.06,1.05,1.06,1.04,1837,1665657.00,1.90,0.00,0.00,0.64
2012-11-01,1.05,1.08,1.08,1.05,3750,3472145.00,2.86,2.86,0.03,1.30
2012-11-02,1.09,1.08,1.09,1.06,3182,2944035.00,2.78,0.00,0.00,1.10
2012-11-05,1.07,1.08,1.08,1.07,1915,1775070.00,0.93,0.00,0.00,0.66
2012-11-06,1.08,1.07,1.09,1.05,2856,2627898.00,3.70,-0.93,-0.01,0.99
2012-11-07,1.07,1.08,1.08,1.07,3150,2924628.00,0.93,0.93,0.01,1.09
2012-11-08,1.07,1.04,1.07,1.04,2180,1992743.00,2.78,-3.70,-0.04,0.75
2012-11-09,1.05,1.04,1.05,1.01,2007,1807438.00,3.85,0.00,0.00,0.69
2012-11-12,1.05,1.05,1.07,1.02,971,880279.00,4.81,0.96,0.01,0.34
2012-11-13,1.05,1.04,1.07,1.02,1524,1371674.00,4.76,-0.95,-0.01,0.53
2012-11-14,1.07,1.05,1.07,1.03,4476,4071472.00,3.85,0.96,0.01,1.55
2012-11-15,1.02,1.00,1.04,0.99,3604,3170841.00,4.76,-4.76,-0.05,1.25
2012-11-16,1.00,1.00,1.01,0.99,1151,1004450.00,2.00,0.00,0.00,0.40
2012-11-19,1.02,1.01,1.02,1.00,2648,2319566.00,2.00,1.00,0.01,0.92
2012-11-20,1.02,1.01,1.03,1.01,2408,2139432.00,1.98,0.00,0.00,0.83
2012-11-21,1.02,1.03,1.03,1.00,2093,1851084.00,2.97,1.98,0.02,0.72
2012-11-22,1.02,1.03,1.05,1.02,2825,2531986.00,2.91,0.00,0.00,0.98
2012-11-23,1.04,1.03,1.04,1.03,1775,1594600.00,0.97,0.00,0.00,0.61
2012-11-26,1.03,1.00,1.03,1.00,971,861265.00,2.91,-2.91,-0.03,0.34
2012-11-27,1.00,0.93,1.04,0.93,2913,2470140.00,11.00,-7.00,-0.07,1.01
2012-11-28,0.92,0.90,0.93,0.90,3610,2913933.00,3.23,-3.23,-0.03,1.25
2012-11-29,0.91,0.89,0.91,0.89,2295,1830925.00,2.22,-1.11,-0.01,0.79
2012-11-30,0.89,0.89,0.90,0.88,2210,1761733.00,2.25,0.00,0.00,0.76
2012-12-03,0.89,0.90,0.98,0.87,8129,6668530.00,12.36,1.12,0.01,2.81
2012-12-04,0.88,0.89,0.89,0.80,5761,4431348.00,10.00,-1.11,-0.01,1.99
2012-12-05,0.87,0.91,0.92,0.85,7918,6406884.00,7.87,2.25,0.02,2.74
2012-12-06,0.90,0.91,0.92,0.90,4974,4028366.00,2.20,0.00,0.00,1.72
2012-12-07,0.91,0.93,0.93,0.90,6276,5129811.00,3.30,2.20,0.02,2.17
2012-12-10,0.93,0.96,0.96,0.93,7632,6371627.00,3.23,3.23,0.03,2.64
2012-12-11,0.96,0.97,0.99,0.95,7183,6120078.00,4.17,1.04,0.01,2.49
2012-12-12,0.96,0.96,0.99,0.94,5486,4627080.00,5.15,-1.03,-0.01,1.90
2012-12-13,0.96,0.93,0.96,0.93,3794,3146753.00,3.13,-3.13,-0.03,1.31
2012-12-14,0.94,0.97,0.98,0.92,5956,5045920.00,6.45,4.30,0.04,2.06
2012-12-17,0.98,1.00,1.01,0.97,8112,7047293.00,4.12,3.09,0.03,2.81
2012-12-18,0.99,0.99,1.01,0.98,7792,6763402.00,3.00,-1.00,-0.01,2.70
2012-12-19,0.99,1.00,1.01,0.98,4767,4148237.00,3.03,1.01,0.01,1.65
2012-12-20,1.00,1.01,1.02,0.99,5829,5117205.00,3.00,1.00,0.01,2.02
2012-12-21,1.01,1.02,1.04,1.00,8085,7160117.00,3.96,0.99,0.01,2.80
2012-12-24,1.02,1.03,1.03,1.01,7523,6686957.00,1.96,0.98,0.01,2.60
2012-12-25,1.02,1.06,1.07,1.02,13480,12302262.00,4.85,2.91,0.03,4.67
2012-12-26,1.08,1.12,1.13,1.05,18141,17032005.00,7.55,5.66,0.06,6.28
2012-12-27,1.13,1.06,1.13,1.05,28360,26308716.00,7.14,-5.36,-0.06,9.82
2012-12-28,1.05,1.06,1.07,1.02,14134,12836248.00,4.72,0.00,0.00,4.89
2012-12-31,1.06,1.06,1.07,1.05,10919,10016898.00,1.89,0.00,0.00,3.66