2015-01-05,3.53,3.37,3.55,3.17,30183,38361686.00,10.76,-4.53,-0.16,2.42
2015-01-06,3.30,3.52,3.55,3.26,23048,30315651.00,8.61,4.45,0.15,1.85
2015-01-07,3.55,3.46,3.55,3.43,17608,23261347.00,3.41,-1.70,-0.06,1.41
2015-01-08,3.46,3.46,3.51,3.42,14677,19451738.00,2.60,0.00,0.00,1.18
2015-01-09,3.46,3.52,3.56,3.46,23740,31861146.00,2.89,1.73,0.06,1.90
2015-01-12,3.51,3.50,3.56,3.48,16459,22068417.00,2.27,-0.57,-0.02,1.32
2015-01-13,3.52,3.71,3.73,3.49,32082,44291808.00,6.86,6.00,0.21,2.57
2015-01-14,3.68,3.59,3.71,3.56,20025,27633363.00,4.04,-3.23,-0.12,1.61
2015-01-15,3.60,3.78,3.85,3.60,37326,53182477.00,6.96,5.29,0.19,2.99
2015-01-16,3.78,3.80,3.80,3.72,29547,42303240.00,2.12,0.53,0.02,2.37
2015-01-19,3.75,3.81,3.96,3.64,53027,76995410.00,8.42,0.26,0.01,4.25
2015-01-20,3.86,3.95,3.96,3.81,43297,63793276.00,3.94,3.67,0.14,3.47
2015-01-21,3.99,4.17,4.21,3.95,74465,114978518.00,6.58,5.57,0.22,5.63
2015-01-22,4.16,4.15,4.23,4.07,49269,76970765.00,3.84,-0.48,-0.02,3.73
2015-01-23,4.15,4.02,4.16,4.01,37212,57309376.00,3.61,-3.13,-0.13,2.81
2015-01-26,3.99,4.07,4.08,3.99,24779,38077083.00,2.24,1.24,0.05,1.87
2015-01-27,4.06,4.11,4.13,4.02,22244,34290602.00,2.70,0.98,0.04,1.68
2015-01-28,4.11,4.37,4.52,4.07,89080,145427358.00,10.95,6.33,0.26,6.74
2015-01-29,4.27,4.31,4.38,4.25,35789,58247995.00,2.97,-1.37,-0.06,2.71
2015-01-30,4.30,4.16,4.37,4.13,31805,50760852.00,5.57,-3.48,-0.15,2.41
2015-02-02,4.12,4.05,4.15,3.97,21500,33173108.00,4.33,-2.64,-0.11,1.63
2015-02-03,4.07,4.48,4.48,4.03,105179,174075972.00,11.11,10.62,0.43,7.96
2015-02-04,4.49,4.52,4.56,4.38,114736,193661292.00,4.02,0.89,0.04,8.68
2015-02-05,4.55,4.59,4.80,4.46,109742,191935575.00,7.52,1.55,0.07,8.30
2015-02-06,4.63,4.59,4.77,4.52,82681,144026768.00,5.45,0.00,0.00,6.25
2015-03-03,5.07,5.07,5.07,4.95,45581,86428065.00,2.61,10.46,0.48,3.45
2015-03-04,5.07,5.37,5.49,5.06,155252,308373824.00,8.48,5.92,0.30,11.74
2015-03-05,5.30,5.50,5.50,5.19,105917,212711758.00,5.77,2.42,0.13,8.01
2015-03-06,5.49,5.24,5.49,5.23,68871,137618905.00,4.73,-4.73,-0.26,5.21
2015-03-09,5.16,5.13,5.16,4.98,57455,109383745.00,3.44,-2.10,-0.11,4.35
2015-03-10,5.08,5.15,5.25,5.08,43278,83600537.00,3.31,0.39,0.02,3.27
2015-03-11,5.14,5.11,5.21,5.06,40742,78085391.00,2.91,-0.78,-0.04,3.08
2015-03-12,5.11,5.33,5.48,5.11,64972,128971333.00,7.24,4.31,0.22,4.91
2015-03-13,5.35,5.34,5.48,5.23,45332,90123620.00,4.69,0.19,0.01,3.43
2015-03-16,5.39,5.62,5.63,5.39,75342,156584430.00,4.49,5.24,0.28,5.70
2015-03-17,5.71,5.51,5.74,5.44,86005,178897831.00,5.34,-1.96,-0.11,6.51
2015-03-18,5.49,5.56,5.57,5.41,52623,108457518.00,2.90,0.91,0.05,3.98
2015-03-19,5.54,5.46,5.56,5.37,63966,129940285.00,3.42,-1.80,-0.10,4.84
2015-06-11,6.03,6.03,6.03,6.03,110,245501.00,0.00,10.44,0.57,0.01
2015-06-12,6.65,6.65,6.65,6.65,285,702549.00,0.00,10.28,0.62,0.02
2015-06-15,7.34,7.34,7.34,7.34,2381,6457027.00,0.00,10.38,0.69,0.18
2015-06-16,8.09,8.09,8.09,7.91,45494,135615159.00,2.45,10.22,0.75,3.44
2015-06-17,8.05,8.36,8.88,7.39,161072,475515280.00,18.42,3.34,0.27,12.18
2015-06-18,8.36,8.05,9.19,7.77,118149,373783440.00,16.99,-3.71,-0.31,8.94
2015-06-19,7.59,7.66,8.27,7.30,109910,312956768.00,12.05,-4.84,-0.39,8.31
2015-06-23,7.84,8.35,8.35,7.33,99576,293407040.00,13.32,9.01,0.69,7.53
2015-06-24,8.46,8.91,9.21,8.46,96461,319067504.00,8.98,6.71,0.56,7.30
2015-06-25,8.86,8.44,8.89,8.03,84108,262840948.00,9.65,-5.27,-0.47,6.36
2015-06-26,8.00,7.58,8.13,7.58,67155,191020467.00,6.52,-10.19,-0.86,5.08
2015-06-29,7.78,6.80,7.83,6.80,66461,172775300.00,13.59,-10.29,-0.78,5.04
2015-06-30,6.85,7.50,7.50,6.10,83888,214612783.00,20.59,10.29,0.70,6.07
2015-07-01,7.55,6.73,8.04,6.73,106879,295670544.00,17.47,-10.27,-0.77,7.73
2015-07-02,6.47,6.04,6.99,6.04,71784,166643969.00,14.12,-10.25,-0.69,5.19
2015-07-15,6.66,5.41,6.66,5.41,150221,340883200.00,20.70,-10.43,-0.63,10.86
2015-07-16,4.86,5.95,5.98,4.85,113678,230622336.00,20.89,9.98,0.54,8.22
2015-07-17,5.86,6.56,6.56,5.86,91770,218765485.00,11.76,10.25,0.61,6.64
2015-07-20,6.71,6.85,6.94,6.39,65198,161146190.00,8.38,4.42,0.29,4.72
2015-07-21,6.73,7.06,7.12,6.47,45095,115646375.00,9.49,3.07,0.21,3.26
2015-07-22,7.00,6.92,7.09,6.71,34078,87529645.00,5.38,-1.98,-0.14,2.46
2015-07-23,6.89,7.45,7.57,6.87,38591,102891690.00,10.12,7.66,0.53,2.79
2015-07-24,7.41,7.41,8.05,7.37,53400,152825451.00,9.13,-0.54,-0.04,3.86
2015-07-27,7.40,7.03,7.89,6.66,73663,202820484.00,16.60,-5.13,-0.38,5.33
2015-07-28,6.61,7.03,7.72,6.30,67205,172054674.00,20.20,0.00,0.00,4.86
2015-07-29,7.03,7.33,7.44,6.63,46282,119999429.00,11.52,4.27,0.30,3.35
2015-07-30,7.32,6.84,7.47,6.83,50964,136543060.00,8.73,-6.68,-0.49,3.69
2015-07-31,6.57,6.14,6.83,6.14,54487,130937795.00,10.09,-10.23,-0.70,3.99
2015-08-03,5.94,5.51,6.05,5.51,38271,81303939.00,8.79,-10.26,-0.63,2.80
2015-08-04,5.45,6.02,6.05,5.44,40937,87710768.00,11.07,9.26,0.51,3.00
2015-08-05,6.08,5.99,6.19,5.91,39528,89414813.00,4.65,-0.50,-0.03,2.89
2015-08-06,5.83,6.00,6.16,5.65,17984,40253737.00,8.51,0.17,0.01,1.32
2015-08-07,6.43,6.62,6.62,6.41,14536,35628216.00,3.50,10.33,0.62,1.06
2015-08-10,7.16,7.31,7.31,7.03,36655,98648756.00,4.23,10.42,0.69,2.68
2015-08-11,7.66,7.50,7.87,7.33,92598,258997785.00,7.39,2.60,0.19,6.77
2015-08-12,7.35,7.14,7.49,7.05,46458,124159790.00,5.87,-4.80,-0.36,3.40
2015-08-13,7.05,7.58,7.71,7.00,52804,145082363.00,9.94,6.16,0.44,3.86
2015-08-14,7.61,7.30,7.73,7.25,46079,127327233.00,6.33,-3.69,-0.28,3.37
2015-08-17,7.15,7.30,7.36,7.06,28082,74802823.00,4.11,0.00,0.00,2.05
2015-08-18,7.29,6.55,7.36,6.55,35231,91207745.00,11.10,-10.27,-0.75,2.58
2015-08-19,6.39,7.03,7.16,6.22,36620,89442105.00,14.35,7.33,0.48,2.68
2015-08-20,6.90,6.92,7.18,6.80,24152,62911191.00,5.41,-1.56,-0.11,1.77
2015-08-21,6.38,6.64,6.83,6.22,33989,81743332.00,8.82,-4.05,-0.28,2.49
2015-08-24,6.19,5.95,6.22,5.95,18147,40605920.00,4.07,-10.39,-0.69,1.33
2015-08-25,5.35,5.34,5.51,5.34,18853,37919839.00,2.86,-10.25,-0.61,1.36
2015-08-26,5.45,5.30,5.72,4.79,55233,108459125.00,17.42,-0.75,-0.04,3.99
2015-08-27,5.36,5.46,5.72,5.05,57003,113317310.00,12.64,3.02,0.16,4.11
2015-08-28,5.52,5.91,5.91,5.33,52447,107583474.00,10.62,8.24,0.45,3.78
2015-08-31,5.78,5.30,5.78,5.30,49172,99666635.00,8.12,-10.32,-0.61,3.55
2015-09-01,5.08,4.75,5.16,4.75,41756,75175921.00,7.74,-10.38,-0.55,3.01
2015-09-02,4.38,4.28,4.89,4.25,54136,90833468.00,13.47,-9.89,-0.47,3.91
2015-09-07,4.28,4.56,4.67,4.16,42029,71078476.00,11.92,6.54,0.28,3.03
2015-09-08,4.50,5.04,5.04,4.40,39982,71370104.00,14.04,10.53,0.48,2.88
2015-09-09,5.14,5.36,5.55,5.04,46141,91238160.00,10.12,6.35,0.32,3.33
2015-09-10,5.25,5.32,5.54,5.24,23994,48324488.00,5.60,-0.75,-0.04,1.73
2015-09-11,5.22,5.26,5.41,5.13,38170,75098174.00,5.26,-1.13,-0.06,2.75
2015-09-14,5.30,4.72,5.33,4.72,44609,82675602.00,11.60,-10.27,-0.54,3.22
2015-09-15,4.38,4.46,4.74,4.23,45387,76024425.00,10.81,-5.51,-0.26,3.27
2015-09-16,4.48,4.93,4.93,4.46,29887,52334238.00,10.54,10.54,0.47,2.16
2015-09-17,4.93,4.85,5.18,4.81,39711,74426096.00,7.51,-1.62,-0.08,2.87
2015-09-18,4.86,5.00,5.06,4.85,30830,57370221.00,4.33,3.09,0.15,2.22
2015-09-21,4.85,5.51,5.51,4.85,58796,117696730.00,13.20,10.20,0.51,4.24
2015-09-22,5.58,5.55,5.90,5.51,61443,129884016.00,7.08,0.73,0.04,4.43
2015-09-23,5.45,5.62,5.70,5.45,31128,64896473.00,4.50,1.26,0.07,2.25
2015-09-24,5.58,5.76,5.80,5.58,20948,44685082.00,3.91,2.49,0.14,1.51
2015-09-25,5.73,5.33,5.78,5.17,26142,53289670.00,10.59,-7.47,-0.43,1.89
2015-09-28,5.30,5.65,5.69,5.25,17992,36881656.00,8.26,6.00,0.32,1.30
2015-09-29,5.53,5.55,5.65,5.30,27116,55480206.00,6.19,-1.77,-0.10,1.96
2015-09-30,5.62,5.50,5.63,5.39,10458,21610084.00,4.32,-0.90,-0.05,0.75
2015-10-08,5.70,5.87,5.91,5.62,19302,41724902.00,5.27,6.73,0.37,1.39
2015-10-09,5.85,5.94,6.06,5.85,18289,40569430.00,3.58,1.19,0.07,1.32
2015-10-12,5.95,6.31,6.56,5.95,33393,79342674.00,10.27,6.23,0.37,2.41
2015-10-13,6.15,6.58,6.63,6.14,33351,79759242.00,7.77,4.28,0.27,2.41
2015-10-14,7.10,6.83,7.11,6.75,80539,206627668.00,5.47,3.80,0.25,5.81
2015-10-23,7.53,7.53,7.53,7.53,19831,55188977.00,0.00,10.25,0.70,1.43
2015-10-26,8.14,7.72,8.14,7.31,101608,290390064.00,11.02,2.52,0.19,7.33
2015-10-27,7.61,8.21,8.31,7.60,67034,196985519.00,9.20,6.35,0.49,4.84
2015-10-28,8.11,7.89,8.47,7.80,63988,193249090.00,8.16,-3.90,-0.32,4.62
2015-10-29,8.03,7.94,8.10,7.55,40325,115590523.00,6.97,0.63,0.05,2.91
2015-10-30,7.91,8.10,8.24,7.40,45386,131656371.00,10.58,2.02,0.16,3.27
2015-11-02,7.83,7.80,8.41,7.66,34043,101233432.00,9.26,-3.70,-0.30,2.46
2015-11-03,7.83,7.89,8.18,7.72,36572,106343420.00,5.90,1.15,0.09,2.64
2015-11-04,8.02,8.69,8.69,7.89,68618,212578504.00,10.14,10.14,0.80,4.95
2015-11-05,8.80,8.83,9.16,8.56,61133,200127652.00,6.90,1.61,0.14,4.41
2015-11-06,8.69,9.25,9.59,8.69,49671,169351771.00,10.19,4.76,0.42,3.58
2015-11-09,9.25,9.22,9.44,8.97,39777,134605160.00,5.08,-0.32,-0.03,2.87
2015-11-10,9.03,9.24,9.40,8.92,36630,123092469.00,5.21,0.22,0.02,2.64
2015-11-11,9.05,9.15,9.25,8.78,64764,213992999.00,5.09,-0.97,-0.09,4.67
2015-11-12,9.07,9.09,9.26,8.93,48015,160855513.00,3.61,-0.66,-0.06,3.46
2015-11-13,8.91,8.21,9.03,8.16,84487,261579570.00,9.57,-9.68,-0.88,6.10
2015-11-16,8.00,8.35,8.39,7.82,34560,104037510.00,6.94,1.71,0.14,2.49
2015-11-17,8.55,8.22,8.80,7.72,63783,199066804.00,12.93,-1.56,-0.13,4.60
2015-11-18,8.14,8.12,8.41,7.90,36903,110116771.00,6.20,-1.22,-0.10,2.66
2015-11-19,8.10,8.35,8.39,8.06,30574,92444764.00,4.06,2.83,0.23,2.21
2015-11-20,8.35,8.36,8.55,8.33,35664,110595334.00,2.63,0.12,0.01,2.57
2015-11-23,8.33,8.39,8.69,8.14,35411,110679383.00,6.58,0.36,0.03,2.56
2015-11-24,8.43,9.25,9.25,8.37,49215,160648839.00,10.49,10.25,0.86,3.55
2015-11-25,9.31,10.11,10.19,8.98,75764,266939409.00,13.08,9.30,0.86,5.47
2015-11-26,9.96,10.30,10.61,9.94,59690,225081676.00,6.63,1.88,0.19,4.31
2015-11-27,10.09,9.79,10.98,9.58,46284,175024184.00,13.59,-4.95,-0.51,3.34
2015-11-30,10.07,10.78,10.78,9.53,75462,282638336.00,12.77,10.11,0.99,5.45
2015-12-01,11.05,10.50,11.05,10.11,28931,112848060.00,8.72,-2.60,-0.28,2.09
2015-12-02,10.50,9.43,10.55,9.43,56224,199375909.00,10.67,-10.19,-1.07,4.06
2015-12-03,9.53,9.98,10.15,8.96,29331,104572249.00,12.62,5.83,0.55,2.11
2015-12-04,9.93,9.66,9.96,9.53,24721,88061667.00,4.31,-3.21,-0.32,1.78
2015-12-07,9.85,9.66,9.87,9.26,29951,105886105.00,6.31,0.00,0.00,2.16
2015-12-08,9.66,9.70,9.96,9.43,21657,77230987.00,5.49,0.41,0.04,1.55
2015-12-09,9.68,9.47,9.68,9.44,18329,64083139.00,2.47,-2.37,-0.23,1.31
2015-12-10,9.62,9.15,9.62,9.11,28059,95728184.00,5.39,-3.38,-0.32,2.01
2015-12-11,9.08,9.11,9.24,8.73,18178,60017511.00,5.57,-0.44,-0.04,1.30
2015-12-14,9.07,9.36,9.47,9.00,28379,97174697.00,5.16,2.74,0.25,2.03
2015-12-15,9.25,9.82,10.14,9.12,31229,111205449.00,10.90,4.91,0.46,2.23
2015-12-16,9.82,9.91,10.18,9.82,18512,67981601.00,3.67,0.92,0.09,1.32
2015-12-17,9.91,10.92,10.92,9.91,55114,216657110.00,10.19,10.19,1.01,3.94
2015-12-18,10.96,10.97,11.26,10.64,42452,171039035.00,5.68,0.46,0.05,3.04
2015-12-21,10.82,11.08,11.29,10.73,31377,127499765.00,5.10,1.00,0.11,2.24
2015-12-22,11.05,10.72,11.30,10.53,21713,85767948.00,6.95,-3.25,-0.36,1.55
2015-12-23,10.65,10.72,11.14,10.64,28136,112273373.00,4.66,0.00,0.00,2.01
2015-12-24,10.61,11.21,11.22,10.36,38994,155490621.00,8.02,4.57,0.49,2.78
2015-12-25,11.75,11.43,12.16,11.23,64325,277039280.00,8.30,1.96,0.22,4.59
2015-12-28,10.99,11.47,11.73,10.86,37753,155616550.00,7.61,0.35,0.04,2.70
2015-12-29,11.33,11.11,11.47,10.91,30473,124236565.00,4.88,-3.14,-0.36,2.18
2015-12-30,11.11,10.68,11.28,10.55,47471,188162943.00,6.57,-3.87,-0.43,3.39
2015-12-31,10.75,10.67,10.83,10.50,26572,103815729.00,3.09,-0.09,-0.01,1.89