2014-01-02,3.74,3.83,3.84,3.73,154704,62959873.00,2.93,2.13,0.08,2.00
2014-01-03,3.81,3.78,3.84,3.75,93911,37935647.00,2.35,-1.31,-0.05,1.22
2014-01-06,3.75,3.58,3.78,3.58,118254,46231804.00,5.29,-5.29,-0.20,1.53
2014-01-07,3.58,3.60,3.63,3.54,66750,25731779.00,2.51,0.56,0.02,0.86
2014-01-08,3.62,3.60,3.67,3.57,82393,31860822.00,2.78,0.00,0.00,1.07
2014-01-09,3.60,3.49,3.62,3.46,94888,36116715.00,4.44,-3.06,-0.11,1.23
2014-01-10,3.50,3.40,3.51,3.38,79967,29527943.00,3.72,-2.58,-0.09,1.04
2014-01-13,3.40,3.42,3.44,3.36,46671,17095714.00,2.35,0.59,0.02,0.60
2014-01-14,3.42,3.56,3.60,3.39,84768,31985571.00,6.14,4.09,0.14,1.10
2014-01-15,3.54,3.55,3.61,3.51,53185,20302371.00,2.81,-0.28,-0.01,0.69
2014-01-16,3.59,3.54,3.59,3.51,54960,20960804.00,2.25,-0.28,-0.01,0.71
2014-01-17,3.50,3.45,3.51,3.42,56687,21115265.00,2.54,-2.54,-0.09,0.73
2014-01-20,3.45,3.43,3.47,3.40,37560,13871182.00,2.03,-0.58,-0.02,0.49
2014-01-21,3.43,3.49,3.52,3.43,42065,15767545.00,2.62,1.75,0.06,0.54
2014-01-22,3.50,3.57,3.58,3.50,65731,25095963.00,2.29,2.29,0.08,0.85
2014-01-23,3.57,3.56,3.58,3.53,60236,22943277.00,1.40,-0.28,-0.01,0.78
2014-01-24,3.54,3.68,3.82,3.53,183437,72504939.00,8.15,3.37,0.12,2.37
2014-01-27,3.66,3.67,3.77,3.63,113779,44962620.00,3.80,-0.27,-0.01,1.47
2014-01-28,3.66,3.68,3.74,3.64,60421,23795819.00,2.72,0.27,0.01,0.78
2014-01-29,3.66,3.74,3.79,3.66,90720,36338123.00,3.53,1.63,0.06,1.17
2014-01-30,3.74,3.71,3.77,3.69,55639,22163967.00,2.14,-0.80,-0.03,0.72
2014-02-07,3.68,3.78,3.79,3.65,83754,33606776.00,3.77,1.89,0.07,1.08
2014-02-10,3.81,4.00,4.08,3.80,293509,124614620.00,7.41,5.82,0.22,3.80
2014-02-11,4.06,4.06,4.22,3.91,415278,179553709.00,7.75,1.50,0.06,5.38
2014-02-12,4.02,4.04,4.14,3.95,286418,123480922.00,4.68,-0.49,-0.02,3.71
2014-02-13,4.04,4.00,4.18,3.97,326637,142345242.00,5.20,-0.99,-0.04,4.23
2014-02-14,3.99,4.01,4.04,3.93,192807,81919461.00,2.75,0.25,0.01,2.50
2014-02-17,4.03,4.12,4.20,3.94,347938,150249169.00,6.48,2.74,0.11,4.50
2014-02-18,4.11,4.05,4.11,4.02,224912,96996089.00,2.18,-1.70,-0.07,2.91
2014-02-19,4.02,4.11,4.18,4.02,282491,123665409.00,3.95,1.48,0.06,3.66
2014-02-20,4.11,4.24,4.53,4.01,626138,284648160.00,12.65,3.16,0.13,8.11
2014-02-21,4.19,4.23,4.40,4.14,409195,184933501.00,6.13,-0.24,-0.01,5.30
2014-02-24,4.21,4.34,4.39,4.16,356567,162733844.00,5.44,2.60,0.11,4.62
2014-02-25,4.33,4.00,4.38,3.96,383098,169592259.00,9.68,-7.83,-0.34,4.96
2014-02-26,3.99,4.43,4.43,3.90,481105,215654401.00,13.25,10.75,0.43,6.23
2014-02-27,4.64,4.56,4.89,4.54,1199655,595879584.00,7.90,2.93,0.13,15.53
2014-02-28,4.46,5.04,5.04,4.43,1057755,537510464.00,13.38,10.53,0.48,13.69
2014-03-03,5.24,5.57,5.57,5.14,691113,392081456.00,8.53,10.52,0.53,8.95
2014-03-04,5.89,5.63,5.89,5.50,1696487,1012867872.00,7.00,1.08,0.06,21.96
2014-03-05,5.59,5.85,6.18,5.40,1354337,822048368.00,13.85,3.91,0.22,17.53
2014-03-06,5.64,5.61,5.71,5.44,843641,490500080.00,4.62,-4.10,-0.24,10.92
2014-03-07,5.59,5.59,5.82,5.42,758543,446536768.00,7.13,-0.36,-0.02,9.82
2014-03-10,5.41,5.17,5.43,5.15,651785,360279312.00,5.01,-7.51,-0.42,8.44
2014-03-11,5.08,5.11,5.28,4.89,523672,280968080.00,7.54,-1.16,-0.06,6.78
2014-03-12,5.05,5.39,5.59,4.82,906016,498215792.00,15.07,5.48,0.28,11.73
2014-03-13,5.24,5.24,5.39,5.06,480354,263815428.00,6.12,-2.78,-0.15,6.22
2014-03-14,5.14,5.03,5.28,4.98,378405,203151181.00,5.73,-4.01,-0.21,4.90
2014-03-17,4.99,5.26,5.39,4.96,551234,303540048.00,8.55,4.57,0.23,7.14
2014-03-18,5.23,5.29,5.41,5.17,455833,253163666.00,4.56,0.57,0.03,5.90
2014-03-19,5.23,5.35,5.41,5.13,428148,238495439.00,5.29,1.13,0.06,5.54
2014-03-20,5.26,4.88,5.28,4.86,541356,290609088.00,7.85,-8.79,-0.47,7.01
2014-03-21,4.83,5.03,5.08,4.78,361202,187125934.00,6.15,3.07,0.15,4.68
2014-03-24,5.02,5.02,5.06,4.92,291278,153054091.00,2.78,-0.20,-0.01,3.77
2014-03-25,5.00,5.23,5.28,4.92,451786,243961400.00,7.17,4.18,0.21,5.85
2014-03-26,5.30,5.22,5.52,5.21,507623,284758608.00,5.93,-0.19,-0.01,6.57
2014-03-27,5.15,5.00,5.19,4.99,319262,170172037.00,3.83,-4.21,-0.22,4.13
2014-03-28,5.00,5.07,5.25,5.00,373871,201467521.00,5.00,1.40,0.07,4.84
2014-03-31,5.24,5.09,5.38,5.03,335699,183391579.00,6.90,0.39,0.02,4.35
2014-04-01,4.84,4.97,5.02,4.80,274239,141843020.00,4.32,-2.36,-0.12,3.55
2014-04-02,4.94,4.86,4.98,4.85,222791,114871576.00,2.62,-2.21,-0.11,2.88
2014-04-03,4.89,4.90,4.98,4.83,170464,87904146.00,3.09,0.82,0.04,2.21
2014-04-04,4.86,4.93,4.95,4.85,127239,65714362.00,2.04,0.61,0.03,1.65
2014-04-08,4.88,4.95,4.98,4.85,157529,81794060.00,2.64,0.41,0.02,2.04
2014-04-09,4.94,5.01,5.06,4.93,168473,88623126.00,2.63,1.21,0.06,2.18
2014-04-10,5.03,5.27,5.36,4.96,502922,274390528.00,7.98,5.19,0.26,6.51
2014-04-11,5.16,5.27,5.43,5.12,398495,221794027.00,5.88,0.00,0.00,5.16
2014-04-14,5.22,5.25,5.38,5.20,277964,154420956.00,3.42,-0.38,-0.02,3.60
2014-04-15,5.23,5.13,5.24,5.08,240095,129459348.00,3.05,-2.29,-0.12,3.11
2014-04-16,5.10,5.17,5.21,5.05,155452,83974314.00,3.12,0.78,0.04,2.01
2014-04-17,5.18,5.29,5.36,5.12,315053,173712169.00,4.64,2.32,0.12,4.08
2014-04-18,5.25,5.25,5.29,5.19,184335,101292972.00,1.89,-0.76,-0.04,2.39
2014-04-21,5.21,4.95,5.24,4.90,227639,121493495.00,6.48,-5.71,-0.30,2.95
2014-04-22,4.95,4.91,5.03,4.84,168522,86995377.00,3.84,-0.81,-0.04,2.18
2014-04-23,4.89,4.87,4.93,4.84,97554,50120394.00,1.83,-0.81,-0.04,1.26
2014-04-24,4.87,4.85,4.92,4.84,88326,45363802.00,1.64,-0.41,-0.02,1.14
2014-04-25,4.84,4.45,4.87,4.44,269123,130599885.00,8.87,-8.25,-0.40,3.48
2014-04-28,4.40,4.24,4.43,4.23,133395,60732602.00,4.49,-4.72,-0.21,1.73
2014-04-29,4.29,4.38,4.39,4.26,84459,38792147.00,3.07,3.30,0.14,1.09
2014-04-30,4.35,4.38,4.39,4.30,78385,36102309.00,2.05,0.00,0.00,1.01
2014-05-05,4.39,4.50,4.50,4.34,102333,48103290.00,3.65,2.74,0.12,1.32
2014-05-06,4.50,4.46,4.56,4.44,103021,49042884.00,2.67,-0.89,-0.04,1.33
2014-05-07,4.47,4.31,4.47,4.29,94763,43686804.00,4.04,-3.36,-0.15,1.23
2014-05-08,4.31,4.31,4.43,4.25,93399,43097387.00,4.18,0.00,0.00,1.21
2014-05-09,4.24,4.42,4.54,4.20,147904,69309137.00,7.89,2.55,0.11,1.91
2014-05-12,4.49,4.55,4.56,4.39,173106,82281494.00,3.85,2.94,0.13,2.24
2014-05-13,4.50,4.44,4.50,4.43,117707,55505943.00,1.54,-2.42,-0.11,1.52
2014-05-14,4.44,4.45,4.47,4.40,62117,29164041.00,1.58,0.23,0.01,0.80
2014-05-15,4.44,4.27,4.47,4.26,90457,41536523.00,4.72,-4.04,-0.18,1.17
2014-05-16,4.27,4.27,4.30,4.22,59882,27039994.00,1.87,0.00,0.00,0.78
2014-05-19,4.28,4.18,4.29,4.14,63712,28343648.00,3.51,-2.11,-0.09,0.82
2014-05-20,4.20,4.19,4.25,4.16,60189,26897050.00,2.15,0.24,0.01,0.78
2014-05-21,4.16,4.30,4.32,4.10,98991,44627827.00,5.25,2.63,0.11,1.28
2014-05-22,4.30,4.28,4.37,4.26,80094,36612824.00,2.56,-0.47,-0.02,1.04
2014-05-23,4.30,4.33,4.33,4.24,70446,32072110.00,2.10,1.17,0.05,0.91
2014-05-26,4.43,4.39,4.52,4.37,133688,62779610.00,3.46,1.39,0.06,1.73
2014-05-27,4.38,4.32,4.44,4.31,81669,37839210.00,2.96,-1.59,-0.07,1.06
2014-05-28,4.31,4.39,4.42,4.30,90232,41763656.00,2.78,1.62,0.07,1.17
2014-05-29,4.42,4.32,4.43,4.31,82789,38333137.00,2.73,-1.59,-0.07,1.07
2014-05-30,4.32,4.43,4.43,4.17,146350,66842627.00,6.02,2.55,0.11,1.89
2014-06-03,4.44,4.38,4.44,4.34,100774,46954484.00,2.26,-1.13,-0.05,1.30
2014-06-04,4.34,4.25,4.36,4.24,78132,35405355.00,2.74,-2.97,-0.13,1.01
2014-06-05,4.27,4.29,4.31,4.24,55917,25340482.00,1.65,0.94,0.04,0.72
2014-06-06,4.30,4.29,4.33,4.24,67965,30887134.00,2.10,0.00,0.00,0.88
2014-06-09,4.28,4.32,4.40,4.23,99077,45298833.00,3.96,0.70,0.03,1.28
2014-06-10,4.32,4.39,4.39,4.25,116867,53776123.00,3.24,1.62,0.07,1.51
2014-06-11,4.36,4.39,4.41,4.32,104701,48405727.00,2.05,0.00,0.00,1.36
2014-06-12,4.39,4.45,4.47,4.31,172179,80416924.00,3.64,1.37,0.06,2.23
2014-06-13,4.44,4.58,4.68,4.42,308358,149075250.00,5.84,2.92,0.13,3.99
2014-06-16,4.55,4.56,4.63,4.52,175906,84766400.00,2.40,-0.44,-0.02,2.28
2014-06-17,4.55,4.44,4.57,4.44,142171,67055988.00,2.85,-2.63,-0.12,1.84
2014-06-18,4.45,4.47,4.51,4.43,104653,49148757.00,1.80,0.68,0.03,1.35
2014-06-19,4.47,4.23,4.53,4.18,138349,63779291.00,7.83,-5.37,-0.24,1.79
2014-06-20,4.23,4.29,4.35,4.19,94479,42469886.00,3.78,1.42,0.06,1.22
2014-06-23,4.29,4.27,4.34,4.26,76516,34587444.00,1.86,-0.47,-0.02,0.99
2014-06-24,4.27,4.33,4.35,4.25,90298,41040358.00,2.34,1.41,0.06,1.17
2014-06-25,4.33,4.30,4.33,4.25,69495,31341373.00,1.85,-0.69,-0.03,0.90
2014-06-26,4.30,4.37,4.39,4.30,98811,45267287.00,2.09,1.63,0.07,1.28
2014-06-27,4.36,4.83,4.83,4.33,330180,162756362.00,11.44,10.53,0.46,4.27
2014-06-30,4.97,5.05,5.22,4.93,885141,467168560.00,6.00,4.55,0.22,11.46
2014-07-01,5.05,5.20,5.50,4.93,747416,406690064.00,11.29,2.97,0.15,9.68
2014-07-02,5.07,5.17,5.29,4.97,469867,252069564.00,6.15,-0.58,-0.03,6.08
2014-07-03,5.12,5.71,5.71,5.08,961104,548792368.00,12.19,10.44,0.54,12.44
2014-07-04,5.70,5.40,5.70,5.37,804141,459760192.00,5.78,-5.43,-0.31,10.41
2014-07-07,5.31,5.31,5.54,5.28,413202,232505068.00,4.81,-1.67,-0.09,5.35
2014-07-08,5.29,5.42,5.50,5.08,511677,281990560.00,7.91,2.07,0.11,6.62
2014-07-09,5.34,5.23,5.59,5.22,448768,253207967.00,6.83,-3.51,-0.19,5.81
2014-07-10,5.30,5.11,5.44,5.10,359797,197567975.00,6.50,-2.29,-0.12,4.66
2014-07-11,5.09,5.53,5.64,5.08,1018776,589163920.00,10.96,8.22,0.42,13.19
2014-07-14,5.49,5.75,5.91,5.43,1045764,621534240.00,8.68,3.98,0.22,13.54
2014-07-15,5.67,5.65,5.72,5.53,489589,285950032.00,3.30,-1.74,-0.10,6.34
2014-07-16,5.64,5.50,5.71,5.43,370768,214443749.00,4.96,-2.65,-0.15,4.80
2014-07-17,5.58,5.60,5.69,5.47,369161,214458013.00,4.00,1.82,0.10,4.78
2014-07-18,5.53,5.91,6.18,5.47,953681,589754256.00,12.68,5.54,0.31,12.35
2014-07-21,5.89,5.90,5.95,5.74,467797,285054496.00,3.55,-0.17,-0.01,6.06
2014-07-22,5.87,6.07,6.32,5.84,841030,532904416.00,8.14,2.88,0.17,10.89
2014-07-23,5.99,5.85,6.09,5.77,529296,325061840.00,5.27,-3.62,-0.22,6.85
2014-07-24,5.87,5.64,5.87,5.45,441622,259726775.00,7.18,-3.59,-0.21,5.72
2014-07-25,5.65,5.65,5.73,5.54,247908,145632357.00,3.37,0.18,0.01,3.21
2014-07-28,5.67,5.75,5.75,5.60,335641,198368649.00,2.65,1.77,0.10,4.35
2014-07-29,5.72,5.87,6.03,5.67,508097,308879776.00,6.26,2.09,0.12,6.58
2014-07-30,5.80,5.83,5.96,5.77,327782,199389563.00,3.24,-0.68,-0.04,4.24
2014-07-31,5.83,5.83,5.91,5.79,276091,167752640.00,2.06,0.00,0.00,3.57
2014-08-01,5.84,5.93,6.24,5.83,800437,500948704.00,7.03,1.72,0.10,10.36
2014-11-03,6.55,6.55,6.55,6.55,9683,6565148.00,0.00,10.46,0.62,0.13
2014-11-04,7.23,7.23,7.23,7.23,7663,5716553.00,0.00,10.38,0.68,0.10
2014-11-05,7.98,7.05,7.98,7.03,1379627,1048531056.00,13.14,-2.49,-0.18,17.86
2014-11-06,7.07,7.10,7.22,6.89,578954,422050848.00,4.68,0.71,0.05,7.50
2014-11-07,7.03,6.72,7.08,6.69,681558,484360640.00,5.49,-5.35,-0.38,8.82
2014-11-10,6.75,6.81,6.91,6.67,351191,247367937.00,3.57,1.34,0.09,4.55
2014-11-11,6.77,6.41,6.78,6.22,540888,362989376.00,8.22,-5.87,-0.40,7.00
2014-11-12,6.41,6.61,6.72,6.40,353280,241608468.00,4.99,3.12,0.20,4.57
2014-11-13,6.60,6.50,6.63,6.44,247325,166990511.00,2.87,-1.66,-0.11,3.20
2014-11-14,6.50,6.82,7.02,6.44,522376,366240832.00,8.92,4.92,0.32,6.76
2014-11-17,6.87,6.97,6.97,6.66,433046,307062064.00,4.55,2.20,0.15,5.61
2014-11-18,6.93,6.85,7.01,6.82,272185,194036379.00,2.73,-1.72,-0.12,3.52
2014-11-19,6.95,6.90,7.00,6.81,273787,195356913.00,2.77,0.73,0.05,3.54
2014-11-20,6.87,6.74,6.90,6.73,204507,144251124.00,2.46,-2.32,-0.16,2.65
2014-11-21,6.69,6.78,6.79,6.63,191592,133382472.00,2.37,0.59,0.04,2.48
2014-11-24,6.86,6.79,6.89,6.68,289274,202537302.00,3.10,0.15,0.01,3.75
2014-11-25,6.83,6.97,7.06,6.83,417479,300607792.00,3.39,2.65,0.18,5.41
2014-11-26,6.99,6.91,7.05,6.80,303489,216339035.00,3.59,-0.86,-0.06,3.93
2014-11-27,6.91,6.87,6.96,6.82,276594,196729025.00,2.03,-0.58,-0.04,3.58
2014-11-28,6.87,6.84,6.96,6.78,281154,199129333.00,2.62,-0.44,-0.03,3.64
2014-12-01,6.87,6.62,6.88,6.57,358856,246804200.00,4.53,-3.22,-0.22,4.65
2014-12-02,6.58,6.65,6.70,6.54,230884,158852741.00,2.42,0.45,0.03,2.99
2014-12-03,6.58,6.83,6.87,6.55,408232,282957600.00,4.81,2.71,0.18,5.29
2014-12-04,6.86,6.90,6.94,6.80,382445,271234912.00,2.05,1.02,0.07,4.95
2014-12-05,6.90,6.53,6.90,6.34,393576,269555104.00,8.12,-5.36,-0.37,5.10
2014-12-08,6.52,6.54,6.63,6.35,259737,175336725.00,4.29,0.15,0.01,3.36
2014-12-09,6.52,6.16,6.52,6.12,419726,276100848.00,6.12,-5.81,-0.38,5.43
2014-12-10,6.25,6.31,6.41,6.16,194770,127046525.00,4.06,2.44,0.15,2.52
2014-12-11,6.30,6.43,6.43,6.23,260904,171442068.00,3.17,1.90,0.12,3.38
2014-12-12,6.43,6.65,6.70,6.37,342167,232370070.00,5.13,3.42,0.22,4.43
2014-12-15,6.67,6.80,6.91,6.67,389107,274012336.00,3.61,2.26,0.15,5.04
2014-12-16,6.82,6.67,6.82,6.65,234615,162415112.00,2.50,-1.91,-0.13,3.04
2014-12-17,6.65,6.45,6.65,6.38,271021,181892585.00,4.05,-3.30,-0.22,3.51
2014-12-18,6.43,6.45,6.54,6.38,182885,122344353.00,2.48,0.00,0.00,2.37
2014-12-19,6.38,6.30,6.43,6.23,201710,131923764.00,3.10,-2.33,-0.15,2.61
2014-12-22,6.28,5.88,6.28,5.78,291215,180541507.00,7.94,-6.67,-0.42,3.77
2014-12-23,5.87,5.82,5.96,5.78,130335,79725265.00,3.06,-1.02,-0.06,1.69
2014-12-24,5.85,5.95,5.95,5.84,113514,69756361.00,1.89,2.23,0.13,1.47
2014-12-25,5.95,6.02,6.02,5.90,114724,71086218.00,2.02,1.18,0.07,1.49
2014-12-26,6.01,5.98,6.02,5.94,124885,77333352.00,1.33,-0.66,-0.04,1.62
2014-12-29,6.04,6.14,6.28,6.02,247830,158715903.00,4.35,2.68,0.16,3.21
2014-12-30,6.18,5.96,6.20,5.93,128171,81162576.00,4.40,-2.93,-0.18,1.66
2014-12-31,5.94,5.95,6.02,5.85,108641,66989701.00,2.85,-0.17,-0.01,1.41