2023-01-03,4.44,4.49,4.51,4.41,71997,32153373.42,2.27,1.81,0.08,0.74
2023-01-04,4.48,4.53,4.54,4.48,59254,26722579.77,1.34,0.89,0.04,0.61
2023-01-05,4.53,4.51,4.54,4.49,53999,24377351.65,1.10,-0.44,-0.02,0.56
2023-01-06,4.53,4.49,4.54,4.48,55226,24896018.00,1.33,-0.44,-0.02,0.57
2023-01-09,4.50,4.52,4.53,4.50,44562,20122319.00,0.67,0.67,0.03,0.46
2023-01-10,4.51,4.45,4.51,4.44,53348,23834328.00,1.55,-1.55,-0.07,0.55
2023-01-11,4.46,4.38,4.49,4.38,68380,30293307.30,2.47,-1.57,-0.07,0.71
2023-01-12,4.38,4.40,4.43,4.38,56650,24929594.00,1.14,0.46,0.02,0.59
2023-01-13,4.42,4.39,4.43,4.36,47419,20808614.00,1.59,-0.23,-0.01,0.49
2023-01-16,4.39,4.49,4.50,4.36,77460,34647003.26,3.19,2.28,0.10,0.80
2023-01-17,4.50,4.50,4.51,4.47,46649,20945851.00,0.89,0.22,0.01,0.48
2023-01-18,4.54,4.57,4.59,4.52,79395,36239389.00,1.56,1.56,0.07,0.82
2023-01-19,4.57,4.61,4.62,4.54,77481,35585037.40,1.75,0.88,0.04,0.80
2023-01-20,4.61,4.63,4.64,4.60,67322,31092050.12,0.87,0.43,0.02,0.70