2021-01-04,41.41,42.48,43.47,41.35,21353,129637728.00,5.03,0.83,0.35,1.81
2021-01-05,42.13,46.80,46.80,41.36,54599,352479120.00,12.81,10.17,4.32,4.62
2021-01-06,47.36,45.27,47.84,44.79,35184,228671643.00,6.52,-3.27,-1.53,2.97
2021-01-07,45.36,44.69,46.41,44.24,35511,228049391.00,4.79,-1.28,-0.58,3.00
2021-01-08,45.06,45.06,47.28,44.13,33008,214482241.00,7.05,0.83,0.37,2.79
2021-01-11,45.56,43.06,46.74,41.44,46722,290671120.00,11.76,-4.44,-2.00,3.95
2021-01-12,41.59,44.20,44.51,41.56,30260,187112266.00,6.85,2.65,1.14,2.56
2021-01-13,43.91,42.84,44.14,42.20,26035,158702357.00,4.39,-3.08,-1.36,2.20
2021-01-14,42.23,44.87,44.87,40.70,29996,184691971.00,9.73,4.74,2.03,2.54
2021-01-15,44.59,44.88,45.62,42.54,26586,166604966.00,6.86,0.02,0.01,2.25
2021-01-18,44.20,46.24,46.24,43.69,19926,128860424.00,5.68,3.03,1.36,1.68
2021-01-19,46.05,45.63,47.13,45.49,17676,115957644.00,3.55,-1.32,-0.61,1.49
2021-01-20,45.79,45.02,45.79,44.56,11096,71164433.00,2.70,-1.34,-0.61,0.94
2021-01-21,45.20,48.51,48.51,44.34,27130,180628584.00,9.26,7.75,3.49,2.29
2021-01-22,47.66,49.69,52.04,47.42,37346,265817935.00,9.52,2.43,1.18,3.16
2021-01-25,48.35,47.95,49.18,46.27,29124,198128754.00,5.86,-3.50,-1.74,2.46
2021-01-26,47.05,46.95,48.33,45.82,20985,139571788.00,5.23,-2.09,-1.00,1.77
2021-01-27,46.41,48.70,48.70,46.16,21500,145655309.00,5.41,3.73,1.75,1.82
2021-01-28,47.13,45.00,47.95,44.11,33681,219300593.00,7.89,-7.60,-3.70,2.85
2021-01-29,45.26,43.70,45.26,41.63,32536,198515067.00,8.07,-2.89,-1.30,2.75
2021-02-01,43.21,42.49,43.41,41.88,26130,158211162.00,3.50,-2.77,-1.21,2.21
2021-02-02,42.19,43.31,44.66,41.96,17301,107432248.00,6.35,1.93,0.82,1.46
2021-02-03,43.21,43.81,44.30,42.46,14219,87800962.00,4.25,1.15,0.50,1.20
2021-02-04,42.84,44.64,45.77,40.78,27008,166083999.00,11.39,1.89,0.83,2.28
2021-02-05,44.23,43.05,44.90,42.64,16503,102764132.00,5.06,-3.56,-1.59,1.40
2021-02-08,42.17,44.92,45.16,42.17,18371,114810667.00,6.95,4.34,1.87,1.47
2021-02-09,44.96,47.35,47.84,44.71,20298,134814860.00,6.97,5.41,2.43,1.62
2021-02-10,47.12,47.84,48.31,46.27,17683,119863820.00,4.31,1.03,0.49,1.41
2021-02-18,47.60,44.71,48.49,44.18,21258,138397025.00,9.01,-6.54,-3.13,1.70
2021-02-19,44.72,43.34,44.72,42.20,16454,101141907.00,5.64,-3.06,-1.37,1.31
2021-02-22,43.47,41.99,43.49,41.98,20034,121631659.00,3.48,-3.11,-1.35,1.60
2021-02-23,41.34,42.74,42.91,41.14,14133,84836285.00,4.22,1.79,0.75,1.13
2021-02-24,42.27,41.04,42.77,40.71,16424,96782479.00,4.82,-3.98,-1.70,1.31
2021-02-25,40.90,39.99,41.27,39.28,13515,76999901.00,4.85,-2.56,-1.05,1.08
2021-02-26,39.01,38.60,39.13,37.76,19162,104793051.00,3.43,-3.48,-1.39,1.53
2021-03-01,38.60,39.63,39.63,36.90,24950,135005018.00,7.07,2.67,1.03,1.99
2021-03-02,39.11,40.49,41.02,37.91,21896,123899702.00,7.85,2.17,0.86,1.75
2021-03-03,40.11,40.45,41.12,39.70,9693,55949164.00,3.51,-0.10,-0.04,0.77
2021-03-04,40.21,39.88,40.76,38.69,11321,63905556.00,5.12,-1.41,-0.57,0.90
2021-03-05,39.34,40.09,42.14,39.34,16376,95192715.00,7.02,0.53,0.21,1.24
2021-03-08,40.26,39.68,40.71,38.56,19534,110844705.00,5.36,-1.02,-0.41,1.48
2021-03-09,39.09,38.70,39.96,38.60,9184,51374502.00,3.43,-2.47,-0.98,0.70
2021-03-10,38.81,39.84,39.95,37.76,14978,83784431.00,5.66,2.95,1.14,1.14
2021-03-11,39.77,39.27,40.18,38.49,21498,120287078.00,4.24,-1.43,-0.57,1.63
2021-03-12,39.19,37.48,39.25,37.13,21318,114798357.00,5.40,-4.56,-1.79,1.62
2021-03-15,37.23,36.81,37.23,35.71,26984,140424927.00,4.06,-1.79,-0.67,2.05
2021-03-16,36.91,36.13,37.26,35.86,12403,64211487.00,3.80,-1.85,-0.68,0.94
2021-03-17,36.09,37.13,37.14,35.43,9890,51740912.00,4.73,2.77,1.00,0.75
2021-03-18,37.21,37.11,37.64,36.41,6427,34049919.00,3.31,-0.05,-0.02,0.49
2021-03-19,36.63,36.46,37.34,36.21,5941,31134682.00,3.05,-1.75,-0.65,0.45
2021-03-22,36.38,36.43,36.74,35.81,9830,50837617.00,2.55,-0.08,-0.03,0.75
2021-03-23,36.49,35.89,36.53,35.63,9606,49365036.00,2.47,-1.48,-0.54,0.73
2021-03-24,35.63,34.45,35.88,34.35,11044,54947842.00,4.26,-4.01,-1.44,0.84
2021-03-25,34.15,36.47,36.75,34.15,14745,75178478.00,7.55,5.86,2.02,1.12
2021-03-26,36.49,38.41,38.51,35.99,13779,74070899.00,6.91,5.32,1.94,1.04
2021-03-29,38.82,37.15,38.82,37.14,10617,56980593.00,4.37,-3.28,-1.26,0.80
2021-03-30,36.86,37.28,37.69,36.54,9023,47822178.00,3.10,0.35,0.13,0.68
2021-03-31,37.28,36.64,37.49,36.13,7043,36924269.00,3.65,-1.72,-0.64,0.53
2021-04-01,36.71,36.21,36.89,36.09,7766,40342977.00,2.18,-1.17,-0.43,0.59
2021-04-02,36.33,36.56,37.25,36.24,7047,36844980.00,2.79,0.97,0.35,0.53
2021-04-06,36.56,35.74,36.95,35.71,6998,36049402.00,3.39,-2.24,-0.82,0.53
2021-04-07,35.96,35.77,36.08,35.44,5477,27966111.00,1.79,0.08,0.03,0.42
2021-04-08,35.96,35.03,36.02,34.86,10586,53379678.00,3.24,-2.07,-0.74,0.80
2021-04-09,34.84,35.22,35.39,34.84,7584,38092775.00,1.57,0.54,0.19,0.57
2021-04-12,35.14,33.92,35.45,33.63,14496,70699739.00,5.17,-3.69,-1.30,1.10
2021-04-13,33.92,33.65,34.91,33.37,10362,50261326.00,4.54,-0.80,-0.27,0.79
2021-04-14,33.91,33.26,34.13,33.03,9084,43408344.00,3.27,-1.16,-0.39,0.69
2021-04-15,33.31,33.74,34.55,32.99,9611,46493529.00,4.69,1.44,0.48,0.73
2021-04-16,33.74,34.88,35.23,33.10,13937,68200004.00,6.31,3.38,1.14,1.06
2021-04-19,35.09,36.27,36.32,34.41,11575,59044295.00,5.48,3.99,1.39,0.88
2021-04-20,36.26,37.95,39.36,35.99,21833,118904825.00,9.29,4.63,1.68,1.65
2021-04-21,37.59,38.42,38.92,37.34,13101,71286445.00,4.16,1.24,0.47,0.99
2021-04-22,38.57,37.20,38.57,36.95,14202,75985677.00,4.22,-3.18,-1.22,1.08
2021-04-23,38.49,40.70,40.99,37.91,31066,177420330.00,8.28,9.41,3.50,2.35
2021-04-26,41.13,41.56,43.34,40.41,31626,188847601.00,7.20,2.11,0.86,2.40
2021-04-27,41.71,41.91,42.56,40.66,21000,124490695.00,4.57,0.84,0.35,1.59
2021-04-28,40.34,44.13,44.53,39.99,20351,125668202.00,10.83,5.30,2.22,1.54
2021-04-29,44.05,42.77,44.51,42.69,9757,59954167.00,4.12,-3.08,-1.36,0.74
2021-04-30,42.76,42.59,43.83,42.05,13570,83391973.00,4.16,-0.42,-0.18,1.03
2021-05-06,42.94,42.58,43.90,42.18,10212,62256718.00,4.04,-0.02,-0.01,0.77
2021-05-07,42.31,41.66,43.27,40.98,11550,68630616.00,5.38,-2.16,-0.92,0.88
2021-05-10,41.66,40.13,41.75,39.70,15762,90181283.00,4.92,-3.67,-1.53,1.19
2021-05-11,39.82,40.90,40.99,39.31,8932,51376244.00,4.19,1.92,0.77,0.68
2021-05-12,40.56,40.06,40.95,39.70,9154,52379242.00,3.06,-2.05,-0.84,0.69
2021-05-13,39.99,40.64,40.99,38.99,9751,55825003.00,4.99,1.45,0.58,0.74
2021-05-14,41.06,40.94,42.02,40.06,8492,49582244.00,4.82,0.74,0.30,0.64
2021-05-17,40.45,40.76,41.54,39.63,9051,52508500.00,4.67,-0.44,-0.18,0.69
2021-05-18,40.66,40.66,41.09,39.41,8906,51009414.00,4.12,-0.25,-0.10,0.68
2021-05-19,40.65,41.31,41.39,40.17,5707,33404587.00,3.00,1.60,0.65,0.43
2021-05-20,41.96,41.56,42.80,40.96,7678,45645587.00,4.45,0.61,0.25,0.58
2021-05-21,41.55,40.96,42.19,40.48,6331,37316574.00,4.11,-1.44,-0.60,0.48
2021-05-24,40.86,41.03,41.51,40.52,3130,18280925.00,2.42,0.17,0.07,0.24
2021-05-25,40.70,41.75,42.76,40.56,9277,55102292.00,5.36,1.75,0.72,0.70
2021-05-26,41.66,40.45,41.66,40.04,11867,68359727.00,3.88,-3.11,-1.30,0.90
2021-05-27,40.43,44.57,44.57,40.43,26271,159064308.00,10.23,10.19,4.12,1.99
2021-05-28,45.60,43.31,47.13,42.26,37309,238991515.00,10.93,-2.83,-1.26,2.83
2021-05-31,43.84,43.91,44.20,42.17,13626,84103824.00,4.69,1.39,0.60,1.03
2021-06-01,43.58,43.81,45.61,43.21,16806,106664642.00,5.47,-0.23,-0.10,1.27
2021-06-02,43.88,42.70,44.09,42.61,9729,59818774.00,3.38,-2.53,-1.11,0.74
2021-06-03,42.49,43.53,44.90,42.44,16361,102678677.00,5.76,1.94,0.83,1.24
2021-06-04,43.36,45.16,45.24,42.94,11898,75039129.00,5.28,3.74,1.63,0.90
2021-06-07,45.69,45.18,45.70,43.63,16797,75622344.00,4.58,0.04,0.02,0.91
2021-06-08,44.81,42.99,44.81,42.41,26289,115560182.00,5.31,-4.85,-2.19,1.42
2021-06-09,42.94,42.10,43.28,41.85,20527,87567783.00,3.33,-2.07,-0.89,1.11
2021-06-10,42.18,43.57,43.96,41.73,14036,60997207.00,5.30,3.49,1.47,0.76
2021-06-11,43.65,42.97,43.95,42.87,8741,38255318.00,2.48,-1.38,-0.60,0.47
2021-06-15,43.08,44.60,45.00,42.31,14766,65466838.00,6.26,3.79,1.63,0.80
2021-06-16,44.55,43.66,45.17,42.98,12734,56167575.00,4.91,-2.11,-0.94,0.69
2021-06-17,43.81,45.61,47.70,43.46,34946,161693567.00,9.71,4.47,1.95,1.89
2021-06-18,45.30,45.60,46.57,45.10,13138,60757707.00,3.22,-0.02,-0.01,0.71
2021-06-21,45.70,44.14,46.57,43.70,25133,113881658.00,6.29,-3.20,-1.46,1.36
2021-06-22,43.93,43.66,45.08,42.08,29739,129378426.00,6.80,-1.09,-0.48,1.61
2021-06-23,43.46,41.15,43.54,40.97,35426,149317766.00,5.89,-5.75,-2.51,1.92
2021-06-24,41.08,42.70,43.04,40.87,31771,135746197.00,5.27,3.77,1.55,1.72
2021-06-25,42.70,43.51,44.08,41.85,17038,73993485.00,5.22,1.90,0.81,0.92
2021-06-28,43.60,42.40,43.70,41.71,21417,91545456.00,4.57,-2.55,-1.11,1.16
2021-06-29,42.30,41.88,42.67,41.41,11134,47022210.00,2.97,-1.23,-0.52,0.60
2021-06-30,41.80,42.58,43.50,41.80,16799,72169421.00,4.06,1.67,0.70,0.91
2021-07-01,42.30,41.50,42.99,41.50,10247,43603873.00,3.50,-2.54,-1.08,0.55
2021-07-02,41.64,42.09,42.48,41.00,13274,56118792.00,3.57,1.42,0.59,0.72
2021-07-05,42.20,40.97,42.73,40.43,21637,89470380.00,5.46,-2.66,-1.12,1.17
2021-07-06,40.97,42.55,42.75,38.06,50087,202350040.00,11.45,3.86,1.58,2.70
2021-07-07,41.96,42.07,42.50,40.55,16812,70800609.00,4.58,-1.13,-0.48,0.91
2021-07-08,41.91,41.98,43.35,41.70,14373,61645923.00,3.92,-0.21,-0.09,0.78
2021-07-09,41.71,40.73,41.98,40.58,14241,58802921.00,3.33,-2.98,-1.25,0.77
2021-07-12,41.20,41.20,41.55,39.71,13946,57099077.00,4.52,1.15,0.47,0.75
2021-07-13,41.33,41.72,41.99,40.57,12550,52303209.00,3.45,1.26,0.52,0.68
2021-07-14,41.56,42.69,43.35,41.51,14039,60218013.00,4.41,2.33,0.97,0.76
2021-07-15,42.69,41.70,43.05,41.22,11895,50000383.00,4.29,-2.32,-0.99,0.64
2021-07-16,41.70,41.46,41.89,40.54,9351,38927884.00,3.24,-0.58,-0.24,0.50
2021-07-19,41.39,40.40,41.67,40.39,11664,47900313.00,3.09,-2.56,-1.06,0.63
2021-07-20,40.37,40.20,41.13,40.04,7452,30342954.00,2.70,-0.50,-0.20,0.40
2021-07-21,40.20,40.15,40.45,39.75,8216,33120407.00,1.74,-0.12,-0.05,0.44
2021-07-22,40.14,39.15,40.14,38.58,20162,79704803.00,3.89,-2.49,-1.00,1.09
2021-07-23,39.04,38.55,39.33,38.23,11268,43764257.00,2.81,-1.53,-0.60,0.61
2021-07-26,38.26,36.54,38.55,35.61,26258,96724978.00,7.63,-5.21,-2.01,1.42
2021-07-27,36.40,38.55,39.39,36.34,29936,115709094.00,8.35,5.50,2.01,1.61
2021-07-28,38.07,37.97,39.20,37.13,19290,74267796.00,5.37,-1.50,-0.58,1.04
2021-07-29,37.96,36.75,38.35,36.50,19325,72084211.00,4.87,-3.21,-1.22,1.04
2021-07-30,36.70,36.86,37.35,36.20,17066,63237409.00,3.13,0.30,0.11,0.92
2021-08-02,36.86,38.51,38.83,36.50,13889,52967287.00,6.32,4.48,1.65,0.75
2021-08-03,37.85,39.30,39.85,37.83,15965,63281611.00,5.25,2.05,0.79,0.86
2021-08-04,38.29,38.72,39.70,38.29,11408,44566736.00,3.59,-1.48,-0.58,0.62
2021-08-05,38.28,39.40,39.55,38.22,9900,38899060.00,3.43,1.76,0.68,0.53
2021-08-06,39.49,37.73,39.49,37.40,14808,56656967.00,5.30,-4.24,-1.67,0.80
2021-08-09,37.55,38.22,38.55,37.26,9085,34877380.00,3.42,1.30,0.49,0.49
2021-08-10,38.09,36.95,38.67,36.62,18770,70097538.00,5.36,-3.32,-1.27,1.01
2021-08-11,37.05,37.98,38.50,37.05,15921,60672828.00,3.92,2.79,1.03,0.86
2021-08-12,37.98,37.17,39.20,36.98,21952,83459733.00,5.85,-2.13,-0.81,1.18
2021-08-13,37.17,37.65,38.53,36.45,14682,55271804.00,5.60,1.29,0.48,0.79
2021-08-16,37.50,37.53,38.19,37.00,11209,42514173.00,3.16,-0.32,-0.12,0.60
2021-08-17,37.55,37.36,37.69,37.08,8664,32526535.00,1.63,-0.45,-0.17,0.47
2021-08-18,37.07,36.82,37.34,36.70,6105,22678670.00,1.71,-1.45,-0.54,0.33
2021-08-19,36.82,36.37,37.16,36.04,11859,43728047.00,3.04,-1.22,-0.45,0.64
2021-08-20,35.67,37.32,37.56,35.28,10062,37310057.00,6.27,2.61,0.95,0.54
2021-08-23,37.30,39.15,39.20,37.30,18987,74170114.00,5.09,4.90,1.83,1.02
2021-08-24,39.15,39.30,39.90,38.70,10710,42471607.00,3.07,0.38,0.15,0.58
2021-08-25,38.46,39.92,41.20,37.07,32622,130538002.00,10.51,1.58,0.62,1.76
2021-08-26,40.28,38.78,40.28,38.61,17911,70452265.00,4.18,-2.86,-1.14,0.97
2021-08-27,38.71,38.90,39.37,38.08,21619,84636511.00,3.33,0.31,0.12,1.17
2021-08-30,38.56,39.05,40.65,38.51,22926,91014130.00,5.50,0.39,0.15,1.24
2021-08-31,39.09,39.24,39.66,38.30,12032,47556464.00,3.48,0.49,0.19,0.65
2021-09-01,39.19,39.82,40.70,39.01,11856,47793321.00,4.31,1.48,0.58,0.64
2021-09-02,40.60,39.08,41.10,38.67,23787,95508254.00,6.10,-1.86,-0.74,1.28
2021-09-03,39.08,38.81,39.79,38.46,12134,47822825.00,3.40,-0.69,-0.27,0.65
2021-09-06,39.40,39.44,40.04,38.25,8042,31672582.00,4.61,1.62,0.63,0.43
2021-09-07,39.45,41.10,41.51,38.92,17408,71151710.00,6.57,4.21,1.66,0.94
2021-09-08,41.00,41.09,41.62,40.61,7161,29614701.00,2.46,-0.02,-0.01,0.39
2021-09-09,41.19,41.60,43.05,40.58,18970,80327768.00,6.01,1.24,0.51,1.02
2021-09-10,41.90,41.57,42.50,40.91,9360,39256722.00,3.82,-0.07,-0.03,0.50
2021-09-13,41.25,41.52,42.68,40.70,11526,48238666.00,4.76,-0.12,-0.05,0.62
2021-09-14,41.47,41.77,42.34,41.30,7511,31667107.00,2.50,0.60,0.25,0.41
2021-09-15,41.69,42.37,42.50,41.20,6276,26682264.00,3.11,1.44,0.60,0.34
2021-09-16,42.18,41.84,43.44,41.80,9335,39867263.00,3.87,-1.25,-0.53,0.50
2021-09-17,42.16,43.45,44.56,41.67,17321,75170980.00,6.91,3.85,1.61,0.93
2021-09-22,43.05,42.36,43.89,41.98,13382,57647120.00,4.40,-2.51,-1.09,0.72
2021-09-23,42.00,42.22,42.89,41.81,9375,40113620.00,2.55,-0.33,-0.14,0.51
2021-09-24,42.19,39.57,42.19,39.44,21163,86660328.00,6.51,-6.28,-2.65,1.14
2021-09-27,39.70,38.96,40.16,38.57,11766,46600611.00,4.02,-1.54,-0.61,0.63
2021-09-28,38.94,41.52,42.06,38.52,18211,74933603.00,9.09,6.57,2.56,0.98
2021-09-29,41.53,39.45,41.84,39.21,12934,52586399.00,6.33,-4.99,-2.07,0.70
2021-09-30,39.39,40.30,40.58,39.32,9348,37796523.00,3.19,2.15,0.85,0.50
2021-10-08,40.57,40.60,41.35,39.61,11789,48192460.00,4.32,0.74,0.30,0.64
2021-10-11,40.67,40.70,41.36,39.93,10845,44455781.00,3.52,0.25,0.10,0.58
2021-10-12,40.55,40.30,40.89,39.06,12984,52422228.00,4.50,-0.98,-0.40,0.70
2021-10-13,40.04,39.48,40.28,39.17,11217,44640720.00,2.75,-2.03,-0.82,0.61
2021-10-14,39.47,39.86,40.16,39.03,11034,44107466.00,2.86,0.96,0.38,0.60
2021-10-15,39.86,38.99,40.06,38.08,13995,55047811.00,4.97,-2.18,-0.87,0.75
2021-10-18,38.85,39.08,39.50,38.58,4601,18117593.00,2.36,0.23,0.09,0.25
2021-10-19,39.19,39.34,39.50,38.51,5754,22696515.00,2.53,0.67,0.26,0.31
2021-10-20,39.21,41.60,41.70,39.05,12236,50246873.00,6.74,5.74,2.26,0.66
2021-10-21,41.70,40.98,41.96,40.70,7509,31168559.00,3.03,-1.49,-0.62,0.41
2021-10-22,40.82,41.32,41.70,39.98,10703,44258743.00,4.20,0.83,0.34,0.58
2021-10-25,41.23,40.23,41.90,39.82,9428,38476804.00,5.03,-2.64,-1.09,0.51
2021-10-26,40.00,39.55,40.70,38.30,22966,91494499.00,5.97,-1.69,-0.68,1.24
2021-10-27,38.80,40.61,40.77,38.42,16251,65194089.00,5.94,2.68,1.06,0.88
2021-10-28,40.69,39.20,40.69,38.71,9798,38865325.00,4.88,-3.47,-1.41,0.53
2021-10-29,38.97,38.25,39.42,38.00,9695,37658010.00,3.62,-2.42,-0.95,0.52
2021-11-01,38.09,38.28,39.06,37.98,9322,36106482.00,2.82,0.08,0.03,0.50
2021-11-02,38.28,38.95,39.17,37.69,6653,25935086.00,3.87,1.75,0.67,0.36
2021-11-03,39.01,39.09,39.59,38.45,7835,30897325.00,2.93,0.36,0.14,0.42
2021-11-04,39.13,43.03,43.03,38.94,28928,122920040.00,10.46,10.08,3.94,1.56
2021-11-05,44.24,42.14,44.47,41.89,23781,103176859.00,6.00,-2.07,-0.89,1.28
2021-11-08,43.03,41.18,43.03,40.87,20764,86532716.00,5.13,-2.28,-0.96,1.12
2021-11-09,41.17,41.18,41.58,40.57,10019,41492724.00,2.45,0.00,0.00,0.54
2021-11-10,41.08,41.18,41.38,40.25,9539,39214611.00,2.74,0.00,0.00,0.51
2021-11-11,41.17,41.28,42.68,40.80,12892,54379013.00,4.57,0.24,0.10,0.70
2021-11-12,41.06,42.40,44.28,40.58,18221,78278886.00,8.96,2.71,1.12,0.98
2021-11-15,43.23,42.99,43.88,42.62,12549,54640996.00,2.97,1.39,0.59,0.68
2021-11-16,42.79,43.69,44.20,42.13,11927,52423642.00,4.82,1.63,0.70,0.64
2021-11-17,43.98,44.15,45.11,43.39,22038,98390399.00,3.94,1.05,0.46,1.19
2021-11-18,44.17,43.12,44.88,42.49,13305,58069939.00,5.41,-2.33,-1.03,0.72
2021-11-19,43.12,44.68,44.90,42.78,14335,63725787.00,4.92,3.62,1.56,0.77
2021-11-22,44.71,42.97,45.71,42.90,18561,81667310.00,6.29,-3.83,-1.71,1.00
2021-11-23,42.60,42.30,42.60,41.58,13753,58280524.00,2.37,-1.56,-0.67,0.74
2021-11-24,42.61,42.25,42.61,41.50,7788,32932712.00,2.62,-0.12,-0.05,0.42
2021-11-25,42.57,43.10,43.66,41.59,10779,46390404.00,4.90,2.01,0.85,0.58
2021-11-26,42.90,44.85,45.48,42.57,27302,121773592.00,6.75,4.06,1.75,1.47
2021-11-29,44.60,43.58,45.43,42.70,20559,90750010.00,6.09,-2.83,-1.27,0.86
2021-11-30,44.13,43.58,44.26,43.01,12865,56543197.00,2.87,0.00,0.00,0.54
2021-12-01,43.90,43.35,44.48,43.20,10965,48196883.00,2.94,-0.53,-0.23,0.46
2021-12-02,43.98,44.03,44.70,42.90,14782,65516760.00,4.15,1.57,0.68,0.62
2021-12-03,44.12,45.19,45.40,44.03,11992,54214355.00,3.11,2.63,1.16,0.50
2021-12-06,45.11,45.53,47.47,44.50,19396,89788350.00,6.57,0.75,0.34,0.81
2021-12-07,45.30,44.99,46.20,43.48,16365,73331735.00,5.97,-1.19,-0.54,0.68
2021-12-08,44.72,44.62,46.98,44.24,21688,98941962.00,6.09,-0.82,-0.37,0.90
2021-12-09,44.12,44.86,45.55,43.75,12710,56948423.00,4.03,0.54,0.24,0.53
2021-12-10,44.66,45.75,46.20,43.96,12108,54852804.00,4.99,1.98,0.89,0.50
2021-12-13,47.09,46.50,48.30,44.50,36763,170292665.00,8.31,1.64,0.75,1.53
2021-12-14,46.12,48.24,48.60,45.54,35824,171542189.00,6.58,3.74,1.74,1.49
2021-12-15,48.02,47.39,48.28,47.00,22185,106214478.00,2.65,-1.76,-0.85,0.92
2021-12-16,47.00,46.90,47.21,45.99,15532,72802298.00,2.57,-1.03,-0.49,0.65
2021-12-17,46.54,46.72,47.59,46.21,12355,58206377.00,2.94,-0.38,-0.18,0.51
2021-12-20,46.06,46.78,47.44,46.06,7872,37174116.00,2.95,0.13,0.06,0.33
2021-12-21,46.47,45.55,46.88,44.92,12992,59508699.00,4.19,-2.63,-1.23,0.54
2021-12-22,45.33,46.67,46.87,44.35,15075,68989007.00,5.53,2.46,1.12,0.63
2021-12-23,46.51,45.41,46.51,45.20,7750,35553349.00,2.81,-2.70,-1.26,0.32
2021-12-24,45.01,43.70,45.58,43.09,13352,59115632.00,5.48,-3.77,-1.71,0.56
2021-12-27,43.60,44.11,44.47,43.00,8271,36297047.00,3.36,0.94,0.41,0.34
2021-12-28,43.47,44.70,44.79,43.47,6224,27848537.00,2.99,1.34,0.59,0.26
2021-12-29,44.36,45.90,46.27,43.85,11311,51759376.00,5.41,2.68,1.20,0.47
2021-12-30,46.18,45.68,46.18,45.22,7216,33138575.00,2.09,-0.48,-0.22,0.30
2021-12-31,45.58,47.15,47.28,45.29,7285,34068832.00,4.36,3.22,1.47,0.30