2010-01-08,3.50,3.50,3.76,3.49,134201,618292850.00,9.89,28.21,0.77,61.22
2010-01-11,3.45,3.24,3.45,3.15,45686,197224032.00,8.57,-7.43,-0.26,20.84
2010-01-12,3.24,3.26,3.32,3.23,28220,121759350.00,2.78,0.62,0.02,12.87
2010-01-13,3.19,3.18,3.24,3.15,23862,101151090.00,2.76,-2.45,-0.08,10.89
2010-01-14,3.19,3.28,3.32,3.19,26895,116508322.00,4.09,3.14,0.10,12.27
2010-01-15,3.26,3.27,3.31,3.25,15152,65512780.00,1.83,-0.30,-0.01,6.91
2010-01-18,3.30,3.30,3.33,3.28,17896,78019003.00,1.53,0.92,0.03,8.16
2010-01-19,3.30,3.22,3.30,3.21,16860,72254014.00,2.73,-2.42,-0.08,7.69
2010-01-20,3.21,2.94,3.23,2.91,25535,104913333.00,9.94,-8.70,-0.28,11.65
2010-01-21,2.96,2.97,3.02,2.95,10918,44071965.00,2.38,1.02,0.03,4.98
2010-01-22,2.95,2.86,2.95,2.79,17254,67629061.00,5.39,-3.70,-0.11,7.87
2010-01-25,2.84,2.85,2.85,2.76,11887,46008075.00,3.15,-0.35,-0.01,5.42
2010-01-26,2.92,2.96,3.08,2.89,30330,122738212.00,6.67,3.86,0.11,13.84
2010-01-27,2.99,3.01,3.04,2.95,17086,69210196.00,3.04,1.69,0.05,7.79
2010-01-28,3.01,3.03,3.03,2.95,18399,74700914.00,2.66,0.66,0.02,8.39
2010-01-29,3.03,3.16,3.18,3.01,25715,107821633.00,5.61,4.29,0.13,11.73
2010-02-01,3.04,3.25,3.29,3.01,27371,116882717.00,8.86,2.85,0.09,12.49
2010-02-02,3.26,3.23,3.27,3.13,14751,62516530.00,4.31,-0.62,-0.02,6.73
2010-02-03,3.20,2.96,3.22,2.92,15947,64599242.00,9.29,-8.36,-0.27,7.28
2010-02-04,2.91,2.88,2.96,2.81,10571,41582137.00,5.07,-2.70,-0.08,4.82
2010-02-05,2.83,2.89,2.93,2.79,9441,37095801.00,4.86,0.35,0.01,4.31
2010-02-08,2.88,2.90,2.92,2.84,4758,18772640.00,2.77,0.35,0.01,2.17
2010-02-09,2.89,2.86,2.89,2.84,3061,11991706.00,1.72,-1.38,-0.04,1.40
2010-02-10,2.90,2.93,2.97,2.82,6684,26447606.00,5.24,2.45,0.07,3.05
2010-02-11,2.93,2.99,2.99,2.89,8967,35883148.00,3.41,2.05,0.06,4.09
2010-02-12,2.95,3.00,3.01,2.93,4175,16873425.00,2.68,0.33,0.01,1.90
2010-02-22,3.00,3.02,3.07,3.00,7050,28933784.00,2.33,0.67,0.02,3.22
2010-02-23,2.96,3.07,3.11,2.96,7447,30496325.00,4.97,1.66,0.05,3.40
2010-02-24,3.07,3.21,3.21,3.07,8825,37197898.00,4.56,4.56,0.14,4.03
2010-02-25,3.27,3.38,3.50,3.27,31093,138862637.00,7.17,5.30,0.17,14.18
2010-02-26,3.44,3.46,3.49,3.38,21813,98273783.00,3.25,2.37,0.08,9.95
2010-03-01,3.46,3.46,3.58,3.45,19593,89647958.00,3.76,0.00,0.00,8.94
2010-03-02,3.47,3.49,3.51,3.39,12372,55581696.00,3.47,0.87,0.03,5.64
2010-03-03,3.49,3.46,3.54,3.44,10534,47967058.00,2.87,-0.86,-0.03,4.81
2010-03-04,3.48,3.37,3.50,3.36,12688,56737849.00,4.05,-2.60,-0.09,5.79
2010-03-05,3.37,3.40,3.43,3.32,7281,32151460.00,3.26,0.89,0.03,3.32
2010-03-08,3.40,3.67,3.67,3.40,21447,99675338.00,7.94,7.94,0.27,9.78
2010-03-09,3.67,3.85,3.91,3.65,30313,146618872.00,7.08,4.90,0.18,13.83
2010-03-10,3.85,3.78,3.85,3.72,16424,79238750.00,3.38,-1.82,-0.07,7.49
2010-03-11,3.78,3.82,3.86,3.71,10145,48804510.00,3.97,1.06,0.04,4.63
2010-03-12,3.82,3.67,3.96,3.67,12291,59454560.00,7.59,-3.93,-0.15,5.61
2010-03-15,3.68,3.73,3.76,3.61,6100,28829231.00,4.09,1.63,0.06,2.78
2010-03-16,3.71,3.69,3.76,3.64,4726,22351791.00,3.22,-1.07,-0.04,2.16
2010-03-17,3.66,3.79,3.80,3.66,4731,22679917.00,3.79,2.71,0.10,2.16
2010-03-18,3.83,3.66,3.83,3.63,9004,42821813.00,5.28,-3.43,-0.13,4.11
2010-03-19,3.68,3.64,3.70,3.62,4401,20620688.00,2.19,-0.55,-0.02,2.01
2010-03-22,3.64,3.75,3.79,3.56,7795,36850943.00,6.32,3.02,0.11,3.56
2010-03-23,3.76,3.69,3.76,3.66,5024,23862950.00,2.67,-1.60,-0.06,2.29
2010-03-24,3.71,3.85,3.85,3.68,15516,75290715.00,4.61,4.34,0.16,7.08
2010-03-25,3.86,3.88,4.05,3.86,14435,71500131.00,4.94,0.78,0.03,6.59
2010-03-26,3.85,3.79,3.85,3.71,8452,40710450.00,3.61,-2.32,-0.09,3.86
2010-03-29,3.76,3.85,3.86,3.72,8251,39800253.00,3.69,1.58,0.06,3.76
2010-03-30,3.84,4.01,4.02,3.81,13423,66980796.00,5.45,4.16,0.16,6.12
2010-03-31,4.04,4.17,4.26,3.98,13572,70543986.00,6.98,3.99,0.16,6.19
2010-04-01,4.17,4.21,4.28,4.11,12639,66129529.00,4.08,0.96,0.04,5.77
2010-04-02,4.05,4.08,4.19,4.05,7745,39768973.00,3.33,-3.09,-0.13,3.53
2010-04-06,4.06,4.15,4.21,4.06,6008,31050529.00,3.68,1.72,0.07,2.74
2010-04-07,4.16,4.20,4.23,4.05,10504,54627713.00,4.34,1.20,0.05,4.79
2010-04-08,4.18,4.24,4.41,4.10,41769,219708598.00,7.38,0.95,0.04,15.24
2010-04-09,4.20,4.33,4.38,4.20,17064,90631067.00,4.25,2.12,0.09,6.23
2010-04-13,4.45,4.07,4.47,3.97,27944,144279743.00,11.55,-6.00,-0.26,10.20
2010-04-14,4.04,4.10,4.25,4.03,16807,86156010.00,5.41,0.74,0.03,6.13
2010-04-15,4.11,3.83,4.12,3.81,17604,87568512.00,7.56,-6.59,-0.27,6.42
2010-04-16,3.82,3.98,4.03,3.81,10487,52008093.00,5.74,3.92,0.15,3.83
2010-04-19,3.97,4.02,4.08,3.88,9574,48254284.00,5.03,1.01,0.04,3.49
2010-04-20,4.00,4.17,4.22,3.82,12058,61252377.00,9.95,3.73,0.15,4.40
2010-04-21,4.16,4.41,4.44,4.14,19226,102920129.00,7.19,5.76,0.24,7.02
2010-04-22,4.46,4.58,4.68,4.31,13484,75581287.00,8.39,3.85,0.17,4.92
2010-04-23,4.58,4.58,4.74,4.38,12713,71214266.00,7.86,0.00,0.00,4.64
2010-04-26,4.56,4.72,4.77,4.41,18644,65545902.00,7.86,3.06,0.14,4.25
2010-04-27,4.63,4.41,4.74,4.23,17624,59526038.00,10.81,-6.57,-0.31,4.02
2010-04-28,4.28,4.57,4.70,4.28,20266,70420674.00,9.52,3.63,0.16,4.62
2010-04-29,4.61,4.36,4.74,4.34,11700,40893721.00,8.75,-4.60,-0.21,2.67
2010-04-30,4.37,4.29,4.47,4.04,10568,34411453.00,9.86,-1.61,-0.07,2.41
2010-05-04,4.21,4.42,4.54,4.14,8035,27103552.00,9.32,3.03,0.13,1.83
2010-05-05,4.38,4.97,4.97,4.33,21268,75099318.00,14.48,12.44,0.55,4.85
2010-05-06,4.97,4.74,5.07,4.71,15157,55479411.00,7.24,-4.63,-0.23,3.46
2010-05-07,4.65,4.89,5.02,4.63,19134,69597087.00,8.23,3.16,0.15,4.36
2010-05-10,4.89,4.28,4.94,4.28,30319,101869079.00,13.50,-12.47,-0.61,6.92
2010-05-11,4.33,4.04,4.35,4.04,10719,34751578.00,7.24,-5.61,-0.24,2.44
2010-05-12,4.02,4.01,4.02,3.71,16563,50298382.00,7.67,-0.74,-0.03,3.78
2010-05-13,4.01,4.10,4.11,3.82,10843,33744341.00,7.23,2.24,0.09,2.47
2010-05-14,4.10,4.23,4.27,3.95,8818,28398162.00,7.80,3.17,0.13,2.01
2010-05-17,4.20,4.03,4.40,3.88,20217,66403766.00,12.29,-4.73,-0.20,4.61
2010-05-18,4.04,4.29,4.32,4.04,11141,36325673.00,6.95,6.45,0.26,2.54
2010-05-19,4.28,4.43,4.47,4.23,10744,36107906.00,5.59,3.26,0.14,2.45
2010-05-20,4.37,4.28,4.45,4.24,7502,24966442.00,4.74,-3.39,-0.15,1.71
2010-05-21,4.12,4.38,4.40,3.95,9297,30342279.00,10.51,2.34,0.10,2.12
2010-05-24,4.32,4.68,4.78,4.32,20162,70435035.00,10.50,6.85,0.30,4.60
2010-05-25,4.62,4.69,4.86,4.56,11960,42428256.00,6.41,0.21,0.01,2.73
2010-05-26,4.61,4.61,4.73,4.54,5537,19381656.00,4.05,-1.71,-0.08,1.26
2010-05-27,4.66,4.78,4.81,4.54,10612,38037101.00,5.86,3.69,0.17,2.42
2010-05-28,4.94,4.91,4.99,4.81,12987,47611173.00,3.77,2.72,0.13,2.96
2010-05-31,4.94,5.11,5.35,4.91,31884,122163344.00,8.96,4.07,0.20,7.27
2010-06-01,5.15,4.81,5.15,4.69,17965,65762175.00,9.00,-5.87,-0.30,4.10
2010-06-02,4.79,4.88,4.88,4.65,6680,24022488.00,4.78,1.46,0.07,1.52
2010-06-03,4.89,4.82,5.01,4.81,12442,45971549.00,4.10,-1.23,-0.06,2.84
2010-06-04,4.78,4.89,4.90,4.66,8558,30898205.00,4.98,1.45,0.07,1.95
2010-06-07,4.76,5.00,5.04,4.70,17083,63379817.00,6.95,2.25,0.11,3.90
2010-06-08,5.01,4.94,5.05,4.89,9112,33780663.00,3.20,-1.20,-0.06,2.08
2010-06-09,5.00,5.13,5.21,4.92,18828,71669227.00,5.87,3.85,0.19,4.29
2010-06-10,5.11,5.21,5.25,5.05,14726,56568504.00,3.90,1.56,0.08,3.36
2010-06-11,5.26,4.93,5.26,4.63,38447,142498563.00,12.09,-5.37,-0.28,8.77
2010-06-17,4.92,4.70,4.92,4.65,16726,59958202.00,5.48,-4.67,-0.23,3.82
2010-06-18,4.61,4.47,4.69,4.40,19027,65527043.00,6.17,-4.89,-0.23,4.34
2010-06-21,4.40,4.47,4.55,4.28,15653,53006821.00,6.04,0.00,0.00,3.57
2010-06-22,4.47,4.35,4.53,4.31,12554,42361057.00,4.92,-2.68,-0.12,2.86
2010-06-23,4.41,4.30,4.47,4.26,12504,41791794.00,4.83,-1.15,-0.05,2.85
2010-06-24,4.30,4.27,4.35,4.13,9346,30571659.00,5.12,-0.70,-0.03,2.13
2010-06-25,4.27,4.34,4.36,4.18,9262,30574010.00,4.22,1.64,0.07,2.11
2010-06-28,4.34,4.09,4.34,4.04,10383,33506346.00,6.91,-5.76,-0.25,2.37
2010-06-29,4.04,3.57,4.09,3.57,19019,56724981.00,12.71,-12.71,-0.52,4.34
2010-06-30,3.24,3.52,3.58,3.24,15663,43138322.00,9.52,-1.40,-0.05,3.57
2010-07-01,3.46,3.32,3.56,3.31,9394,26295471.00,7.10,-5.68,-0.20,2.14
2010-07-02,3.31,3.14,3.43,2.96,12339,32004677.00,14.16,-5.42,-0.18,2.81
2010-07-05,3.09,3.14,3.17,2.97,6573,16785431.00,6.37,0.00,0.00,1.50
2010-07-06,3.16,3.36,3.46,3.13,8992,24512149.00,10.51,7.01,0.22,2.05
2010-07-07,3.36,3.40,3.45,3.30,4024,11064680.00,4.46,1.19,0.04,0.92
2010-07-08,3.41,3.48,3.51,3.36,9544,26713786.00,4.41,2.35,0.08,2.18
2010-07-09,3.52,3.56,3.68,3.41,9488,27180782.00,7.76,2.30,0.08,2.16
2010-07-12,3.53,3.49,3.58,3.42,10374,29151857.00,4.49,-1.97,-0.07,2.37
2010-07-13,3.46,3.45,3.49,3.38,5869,16286045.00,3.15,-1.15,-0.04,1.34
2010-07-14,3.46,3.51,3.67,3.46,10599,30421829.00,6.09,1.74,0.06,2.42
2010-07-15,3.51,3.53,3.67,3.50,9546,27615296.00,4.84,0.57,0.02,2.18
2010-07-16,3.51,3.51,3.56,3.43,4504,12609841.00,3.68,-0.57,-0.02,1.03
2010-07-19,3.44,3.59,3.62,3.44,4958,14187910.00,5.13,2.28,0.08,1.13
2010-07-20,3.64,3.83,3.83,3.58,9338,27803517.00,6.96,6.69,0.24,2.13
2010-07-21,3.87,3.77,3.91,3.77,7281,22041086.00,3.66,-1.57,-0.06,1.66
2010-07-22,3.78,3.82,3.90,3.78,5847,17728342.00,3.18,1.33,0.05,1.33
2010-07-23,3.82,3.93,4.00,3.82,12377,38289491.00,4.71,2.88,0.11,2.82
2010-07-26,3.91,3.97,4.06,3.91,7317,22848045.00,3.82,1.02,0.04,1.67
2010-07-27,3.97,4.20,4.30,3.96,14413,46620346.00,8.56,5.79,0.23,3.29
2010-07-28,4.19,4.26,4.39,4.09,10917,35935170.00,7.14,1.43,0.06,2.49
2010-07-29,4.33,4.24,4.35,4.17,8768,28736406.00,4.23,-0.47,-0.02,2.00
2010-07-30,4.22,4.32,4.42,4.21,14914,49587429.00,4.95,1.89,0.08,3.40
2010-08-02,4.32,4.53,4.53,4.30,11544,39105182.00,5.32,4.86,0.21,2.63
2010-08-03,4.54,4.47,4.57,4.45,10095,34638928.00,2.65,-1.32,-0.06,2.30
2010-08-04,4.45,4.42,4.52,4.29,8907,29934606.00,5.15,-1.12,-0.05,2.03
2010-08-05,4.43,4.38,4.47,4.35,7078,23844300.00,2.71,-0.90,-0.04,1.61
2010-08-06,4.38,4.42,4.46,4.34,7487,25305606.00,2.74,0.91,0.04,1.71
2010-08-09,4.46,4.49,4.50,4.42,7117,24234323.00,1.81,1.58,0.07,1.62
2010-08-10,4.53,4.34,4.54,4.29,7829,26479283.00,5.57,-3.34,-0.15,1.79
2010-08-11,4.36,4.32,4.36,4.24,4952,16414700.00,2.76,-0.46,-0.02,1.13
2010-08-12,4.28,4.21,4.33,4.21,5381,17704382.00,2.78,-2.55,-0.11,1.23
2010-08-13,4.22,4.23,4.23,4.10,9574,30840199.00,3.09,0.48,0.02,2.18
2010-08-16,4.23,4.39,4.43,4.20,9312,31175787.00,5.44,3.78,0.16,2.12
2010-08-17,4.39,4.45,4.49,4.33,5815,19678416.00,3.64,1.37,0.06,1.33
2010-08-18,4.54,4.28,4.54,4.25,12100,40259289.00,6.52,-3.82,-0.17,2.76
2010-08-19,4.25,4.37,4.43,4.10,12024,39667336.00,7.71,2.10,0.09,2.74
2010-08-20,4.29,4.22,4.36,4.20,6620,21766448.00,3.66,-3.43,-0.15,1.51
2010-08-23,4.23,4.13,4.27,4.12,5534,17889807.00,3.55,-2.13,-0.09,1.26
2010-08-24,4.17,4.20,4.25,4.05,5084,16387082.00,4.84,1.69,0.07,1.16
2010-08-25,4.14,4.18,4.24,4.12,5503,17830727.00,2.86,-0.48,-0.02,1.26
2010-08-26,4.20,4.22,4.23,4.10,3947,12777552.00,3.11,0.96,0.04,0.90
2010-08-27,4.23,4.55,4.56,4.20,21362,72153362.00,8.53,7.82,0.33,4.87
2010-08-30,4.56,4.84,4.89,4.56,17942,64598223.00,7.25,6.37,0.29,4.09
2010-08-31,4.84,4.74,4.84,4.66,12958,46415130.00,3.72,-2.07,-0.10,2.96
2010-09-01,4.73,4.67,4.94,4.60,14796,53008757.00,7.17,-1.48,-0.07,3.38
2010-09-02,4.69,4.78,4.79,4.46,22442,79607116.00,7.07,2.36,0.11,5.12
2010-09-03,4.84,4.70,4.84,4.63,13814,49453781.00,4.39,-1.67,-0.08,3.15
2010-09-06,4.74,4.50,4.78,4.45,18140,62792631.00,7.02,-4.26,-0.20,4.14
2010-09-07,4.45,4.42,4.54,4.33,14386,48407380.00,4.67,-1.78,-0.08,3.28
2010-09-08,4.42,4.66,4.68,4.34,15668,54475294.00,7.69,5.43,0.24,3.57
2010-09-09,4.67,4.77,4.84,4.62,20153,72459741.00,4.72,2.36,0.11,4.60
2010-09-10,4.71,5.08,5.11,4.70,28733,105404530.00,8.60,6.50,0.31,6.55
2010-09-13,5.11,5.11,5.14,4.92,17713,66851256.00,4.33,0.59,0.03,4.04
2010-09-14,5.11,5.40,5.48,5.11,25864,101512232.00,7.24,5.68,0.29,5.90
2010-09-15,5.40,5.43,5.57,5.37,32879,132349524.00,3.70,0.56,0.03,7.50
2010-09-16,5.43,5.09,5.56,5.02,19486,75336286.00,9.94,-6.26,-0.34,4.44
2010-09-17,5.02,5.60,5.72,5.02,27989,113353012.00,13.75,10.02,0.51,6.38
2010-09-20,5.61,5.42,5.69,5.27,12303,49786898.00,7.50,-3.21,-0.18,2.81
2010-09-21,5.42,5.68,5.73,5.37,12245,49609340.00,6.64,4.80,0.26,2.79
2010-09-27,5.69,6.07,6.09,5.68,16434,70708034.00,7.22,6.87,0.39,3.75
2010-09-28,5.99,6.08,6.15,5.91,8861,38724241.00,3.95,0.16,0.01,2.02
2010-09-29,5.98,6.03,6.08,5.86,7783,33779982.00,3.62,-0.82,-0.05,1.78
2010-09-30,5.97,6.21,6.35,5.93,8508,37647482.00,6.97,2.99,0.18,1.94
2010-10-08,6.21,6.54,6.55,6.12,12432,57038652.00,6.92,5.31,0.33,2.84
2010-10-11,6.58,6.32,6.66,6.03,18084,82943839.00,9.63,-3.36,-0.22,4.12
2010-10-12,6.40,6.33,6.50,6.09,13407,60674229.00,6.49,0.16,0.01,3.06
2010-10-13,6.18,6.34,6.49,6.18,12631,57374116.00,4.90,0.16,0.01,2.88
2010-10-14,6.26,6.34,6.38,6.20,8042,36242223.00,2.84,0.00,0.00,1.83
2010-10-15,6.31,5.82,6.31,5.59,28849,121478769.00,11.36,-8.20,-0.52,6.58
2010-10-18,5.75,5.81,6.04,5.30,27526,113315560.00,12.71,-0.17,-0.01,6.28
2010-10-19,5.76,6.17,6.33,5.61,23445,102514618.00,12.39,6.20,0.36,5.35
2010-10-20,6.11,6.17,6.26,5.91,23893,105013809.00,5.67,0.00,0.00,5.45
2010-10-21,6.10,6.09,6.17,5.89,13841,59888233.00,4.54,-1.30,-0.08,3.16
2010-10-22,6.07,6.42,6.45,5.96,11849,53802564.00,8.05,5.42,0.33,2.70
2010-10-25,6.47,6.38,6.57,6.27,5142,23586324.00,4.67,-0.62,-0.04,1.17
2010-10-26,6.49,6.09,6.49,5.99,19367,85380071.00,7.84,-4.55,-0.29,4.42
2010-10-27,6.09,6.08,6.45,6.07,14647,65551883.00,6.24,-0.16,-0.01,3.34
2010-10-28,6.01,5.93,6.12,5.77,14438,62389999.00,5.76,-2.47,-0.15,3.29
2010-10-29,6.02,6.21,6.21,5.93,11344,49789463.00,4.72,4.72,0.28,2.59
2010-11-01,6.21,6.44,6.47,6.12,12027,54674360.00,5.64,3.70,0.23,2.74
2010-11-02,6.37,6.31,6.42,6.14,10680,48007359.00,4.35,-2.02,-0.13,2.44
2010-11-03,6.14,6.15,6.26,6.03,9023,39930359.00,3.65,-2.54,-0.16,2.06
2010-11-04,6.19,6.07,6.19,5.93,13758,59750371.00,4.23,-1.30,-0.08,3.14
2010-11-05,6.09,6.10,6.19,5.98,12024,52816772.00,3.46,0.49,0.03,2.74
2010-11-08,6.10,6.21,6.40,6.04,15481,69528036.00,5.90,1.80,0.11,3.53
2010-11-09,6.21,6.50,6.63,6.19,16279,74796672.00,7.09,4.67,0.29,3.71
2010-11-10,6.56,6.98,7.26,6.50,21760,108133798.00,11.69,7.38,0.48,4.96
2010-11-11,6.86,6.88,7.27,6.86,12859,64044227.00,5.87,-1.43,-0.10,2.93
2010-11-12,6.85,6.58,7.08,6.34,14228,67300965.00,10.76,-4.36,-0.30,3.25
2010-11-15,6.59,6.95,6.98,6.45,15110,72161247.00,8.05,5.62,0.37,3.45
2010-11-16,7.06,6.65,7.34,6.58,21788,107873054.00,10.94,-4.32,-0.30,4.97
2010-11-17,6.65,6.32,6.72,6.09,14277,65758546.00,9.47,-4.96,-0.33,3.26
2010-11-18,6.26,6.47,6.50,6.09,7981,36170280.00,6.49,2.37,0.15,1.82
2010-11-19,6.42,6.77,6.80,6.42,14720,70122679.00,5.87,4.64,0.30,3.36
2010-11-22,6.87,7.08,7.16,6.67,16455,81870353.00,7.24,4.58,0.31,3.75
2010-11-23,6.92,7.08,7.11,6.82,6573,32539122.00,4.10,0.00,0.00,1.50
2010-11-24,7.11,7.81,7.83,7.09,21565,113539346.00,10.45,10.31,0.73,4.92
2010-11-25,7.72,7.63,8.15,7.50,17233,93708923.00,8.32,-2.30,-0.18,3.93
2010-11-26,7.59,7.50,7.71,7.43,6927,36623390.00,3.67,-1.70,-0.13,1.58
2010-11-29,7.57,7.93,7.98,7.49,13007,71307883.00,6.53,5.73,0.43,2.97
2010-11-30,7.99,7.76,8.03,7.45,8692,46824253.00,7.31,-2.14,-0.17,1.98
2010-12-01,7.77,7.70,7.77,7.54,5668,30221608.00,2.96,-0.77,-0.06,1.29
2010-12-02,7.72,7.76,7.78,7.58,4654,25063342.00,2.60,0.78,0.06,1.06
2010-12-03,7.76,7.43,7.89,7.37,9348,49004405.00,6.70,-4.25,-0.33,2.13
2010-12-06,7.41,7.24,7.49,6.85,11733,59139334.00,8.61,-2.56,-0.19,2.68
2010-12-07,7.11,7.37,7.41,7.11,6419,33064172.00,4.14,1.80,0.13,1.46
2010-12-08,7.48,7.54,7.57,7.28,5100,26744490.00,3.93,2.31,0.17,1.16
2010-12-09,7.45,7.34,7.57,7.27,4593,23838418.00,3.98,-2.65,-0.20,1.05
2010-12-10,7.34,7.41,7.65,7.06,11376,58315352.00,8.04,0.95,0.07,2.59
2010-12-13,7.40,7.63,7.74,7.40,11603,61144584.00,4.59,2.97,0.22,2.65
2010-12-14,7.67,7.70,7.73,7.52,7698,40993608.00,2.75,0.92,0.07,1.76
2010-12-15,7.72,7.77,7.90,7.65,10541,57142704.00,3.25,0.91,0.07,2.40
2010-12-16,7.78,7.69,7.78,7.57,8391,45118564.00,2.70,-1.03,-0.08,1.91
2010-12-17,7.56,7.68,7.77,7.56,2554,13684111.00,2.73,-0.13,-0.01,0.58
2010-12-20,7.69,7.45,7.69,7.30,8483,44402619.00,5.08,-2.99,-0.23,1.93
2010-12-21,7.36,7.28,7.41,7.06,9468,48474059.00,4.70,-2.28,-0.17,2.16
2010-12-22,7.24,7.22,7.31,7.16,2986,15193304.00,2.06,-0.82,-0.06,0.68
2010-12-23,7.11,7.19,7.28,7.08,5916,29915568.00,2.77,-0.42,-0.03,1.35
2010-12-24,7.16,6.94,7.16,6.93,2939,14552182.00,3.20,-3.48,-0.25,0.67
2010-12-27,6.86,6.70,7.08,6.54,3579,17491519.00,7.78,-3.46,-0.24,0.82
2010-12-28,6.67,6.56,6.68,6.37,3372,15664525.00,4.63,-2.09,-0.14,0.77
2010-12-29,6.75,6.58,6.75,6.48,8659,40464452.00,4.12,0.30,0.02,1.98
2010-12-30,6.49,6.58,6.58,6.22,7520,34579981.00,5.47,0.00,0.00,1.72
2010-12-31,6.50,6.67,7.00,6.50,22442,108333190.00,7.60,1.37,0.09,5.12