2018-01-02,3.62,3.79,3.93,3.59,38093,27508422.00,9.42,4.99,0.18,0.86
2018-01-03,3.76,3.77,3.79,3.71,20715,14944812.00,2.11,-0.53,-0.02,0.47
2018-01-04,3.78,3.79,3.80,3.75,14189,10270572.00,1.33,0.53,0.02,0.32
2018-01-05,3.77,3.81,3.82,3.75,19135,13887897.00,1.85,0.53,0.02,0.43
2018-01-08,3.86,3.93,3.93,3.81,35980,26535850.00,3.15,3.15,0.12,0.81
2018-01-09,4.09,4.13,4.33,4.09,89586,69690899.00,6.11,5.09,0.20,2.03
2018-01-10,4.10,4.09,4.13,4.00,44350,33733298.00,3.15,-0.97,-0.04,1.00
2018-01-11,4.01,4.04,4.08,3.99,26362,19963908.00,2.20,-1.22,-0.05,0.60
2018-01-12,4.04,3.93,4.04,3.90,30366,22686597.00,3.47,-2.72,-0.11,0.69
2018-01-15,3.93,3.80,3.93,3.74,27306,19916494.00,4.83,-3.31,-0.13,0.62
2018-01-16,3.82,3.90,3.91,3.79,19205,14088251.00,3.16,2.63,0.10,0.43
2018-01-17,3.92,4.07,4.12,3.90,47136,35788692.00,5.64,4.36,0.17,1.07
2018-01-18,4.08,4.02,4.08,3.97,22115,16710760.00,2.70,-1.23,-0.05,0.50
2018-01-19,4.03,4.03,4.08,3.96,19960,15097801.00,2.99,0.25,0.01,0.45
2018-01-22,3.99,3.99,4.00,3.86,20170,15009644.00,3.47,-0.99,-0.04,0.46
2018-01-23,3.98,3.93,3.98,3.90,19126,14226487.00,2.01,-1.50,-0.06,0.43
2018-01-24,3.93,3.92,3.98,3.85,17510,12963732.00,3.31,-0.25,-0.01,0.40
2018-01-25,3.93,3.94,4.02,3.91,20199,15103362.00,2.81,0.51,0.02,0.46
2018-01-26,3.93,4.07,4.10,3.87,36852,27597054.00,5.84,3.30,0.13,0.83
2018-01-29,4.13,4.25,4.33,4.08,98937,77803512.00,6.14,4.42,0.18,2.24
2018-01-30,4.16,4.37,4.43,4.16,87961,69747110.00,6.35,2.82,0.12,1.99
2018-01-31,4.30,4.31,4.47,4.23,81497,65224986.00,5.49,-1.37,-0.06,1.84
2018-02-01,4.29,4.17,4.44,3.92,75689,59036927.00,12.06,-3.25,-0.14,1.71
2018-02-02,4.01,4.54,4.65,4.00,138169,111244957.00,15.59,8.87,0.37,3.12
2018-02-05,4.55,5.17,5.17,4.54,385914,339417616.00,13.88,13.88,0.63,8.73
2018-02-06,4.97,5.03,5.43,4.90,338871,307477712.00,10.25,-2.71,-0.14,7.66
2018-02-07,5.28,5.04,5.36,4.90,211701,190452437.00,9.15,0.20,0.01,4.79
2018-02-08,5.13,5.23,5.41,4.98,163163,148044593.00,8.53,3.77,0.19,3.69
2018-02-09,4.89,4.53,4.94,4.53,175387,147240974.00,7.84,-13.38,-0.70,3.97
2018-02-12,4.47,4.63,4.84,4.38,152331,126718936.00,10.15,2.21,0.10,3.44
2018-02-13,4.66,5.27,5.27,4.61,209731,184149753.00,14.25,13.82,0.64,4.74
2018-02-14,5.33,5.21,5.43,5.14,134515,123469110.00,5.50,-1.14,-0.06,3.04
2018-02-22,5.36,5.91,5.91,5.36,163375,160484104.00,10.56,13.44,0.70,3.69
2018-02-23,6.28,6.32,6.55,5.92,395190,413628400.00,10.66,6.94,0.41,8.94
2018-02-26,6.23,6.50,6.82,6.18,380193,410612320.00,10.13,2.85,0.18,8.60
2018-02-27,6.43,6.36,6.50,6.14,254219,267797909.00,5.54,-2.15,-0.14,5.75
2018-02-28,6.25,6.27,6.37,5.93,198132,205362591.00,6.92,-1.42,-0.09,4.48
2018-03-01,6.50,6.27,6.63,6.00,261305,273910512.00,10.05,0.00,0.00,5.91
2018-03-02,6.03,6.26,6.28,6.01,183014,188804612.00,4.31,-0.16,-0.01,4.14
2018-03-05,6.17,5.99,6.26,5.94,178209,182179629.00,5.11,-4.31,-0.27,4.03
2018-03-06,6.05,6.01,6.09,5.71,230822,230352798.00,6.34,0.33,0.02,5.22
2018-03-07,6.00,5.97,6.30,5.96,250155,257096373.00,5.66,-0.67,-0.04,5.66
2018-03-08,5.86,5.83,5.95,5.66,250886,246494056.00,4.86,-2.35,-0.14,5.67
2018-03-09,5.81,5.87,5.93,5.71,157464,156042258.00,3.77,0.69,0.04,3.56
2018-03-12,5.97,6.20,6.35,5.95,269672,277962784.00,6.81,5.62,0.33,6.10
2018-03-13,6.20,5.81,6.25,5.80,188658,190568497.00,7.26,-6.29,-0.39,4.27
2018-03-14,5.70,5.60,5.75,5.45,160051,153744977.00,5.16,-3.61,-0.21,3.62
2018-03-15,5.59,5.64,5.76,5.59,86834,84240469.00,3.04,0.71,0.04,1.96
2018-03-16,5.63,5.78,5.93,5.63,108991,107611541.00,5.32,2.48,0.14,2.46
2018-03-19,5.90,5.61,6.00,5.59,112186,110779441.00,7.09,-2.94,-0.17,2.54
2018-03-20,5.44,5.38,5.47,5.24,113797,105728899.00,4.10,-4.10,-0.23,2.57
2018-03-21,5.45,5.47,5.68,5.34,120588,114480290.00,6.32,1.67,0.09,2.73
2018-03-22,5.49,5.40,5.53,5.32,62559,58569546.00,3.84,-1.28,-0.07,1.41
2018-03-23,5.07,4.70,5.22,4.68,141671,123308527.00,10.00,-12.96,-0.70,3.20
2018-03-26,4.57,4.96,4.97,4.57,85674,74100452.00,8.51,5.53,0.26,1.94
2018-03-27,5.01,5.00,5.23,4.96,137521,123008588.00,5.44,0.81,0.04,3.11
2018-03-28,4.98,4.70,5.07,4.69,123460,107056269.00,7.60,-6.00,-0.30,2.79
2018-03-29,4.70,4.90,4.95,4.67,112263,96631728.00,5.96,4.26,0.20,2.54
2018-03-30,4.97,5.06,5.08,4.83,130273,114316891.00,5.10,3.27,0.16,2.95
2018-04-02,4.96,4.90,5.08,4.84,107819,94719350.00,4.74,-3.16,-0.16,2.44
2018-04-03,4.77,5.04,5.17,4.75,106110,93240659.00,8.57,2.86,0.14,2.40
2018-04-04,5.03,4.97,5.20,4.93,89901,79913869.00,5.36,-1.39,-0.07,2.03
2018-04-09,5.22,5.40,5.57,5.20,197163,184204512.00,7.44,8.65,0.43,4.46
2018-04-10,5.36,5.42,5.51,5.28,118244,110628953.00,4.26,0.37,0.02,2.67
2018-04-11,5.45,5.37,5.50,5.31,83946,78269541.00,3.51,-0.92,-0.05,1.90
2018-04-12,5.30,5.46,5.56,5.30,101533,95300516.00,4.84,1.68,0.09,2.30
2018-04-13,5.52,5.59,5.72,5.47,102308,98113913.00,4.58,2.38,0.13,2.31
2018-04-16,5.61,5.73,5.80,5.39,136939,131647126.00,7.33,2.50,0.14,3.10
2018-04-17,5.70,5.47,5.78,5.39,99264,95092568.00,6.81,-4.54,-0.26,2.24
2018-04-18,5.55,5.44,5.55,5.19,99036,92070369.00,6.58,-0.55,-0.03,2.24
2018-04-19,5.43,5.60,5.63,5.36,107243,102088868.00,4.96,2.94,0.16,2.42
2018-04-20,5.59,5.27,5.60,5.24,83017,77785232.00,6.43,-5.89,-0.33,1.88
2018-04-23,5.31,5.40,5.50,5.30,57891,54175874.00,3.80,2.47,0.13,1.31
2018-04-24,5.50,5.77,5.83,5.48,129098,126194364.00,6.48,6.85,0.37,2.92
2018-04-25,5.78,5.87,6.00,5.69,104424,104585409.00,5.37,1.73,0.10,2.36
2018-04-26,6.00,5.79,6.00,5.71,84308,83716825.00,4.94,-1.36,-0.08,1.91
2018-04-27,5.76,5.57,5.97,5.48,135598,131968057.00,8.46,-3.80,-0.22,3.07
2018-05-02,5.63,5.98,6.00,5.60,145732,145579736.00,7.18,7.36,0.41,3.30
2018-05-03,6.00,6.13,6.33,5.90,160897,166245430.00,7.19,2.51,0.15,3.64
2018-05-04,6.13,6.51,6.80,6.07,259209,277568624.00,11.91,6.20,0.38,5.86
2018-05-07,6.74,7.34,7.34,6.73,273993,316075888.00,9.37,12.75,0.83,6.20
2018-05-08,7.74,7.32,7.78,7.29,383637,465885440.00,6.68,-0.27,-0.02,8.67
2018-05-09,7.33,7.50,7.73,7.26,251852,303898832.00,6.42,2.46,0.18,5.69
2018-05-10,7.43,7.44,7.87,7.31,223011,271483344.00,7.47,-0.80,-0.06,5.04
2018-05-11,7.43,7.71,7.86,7.34,250519,306937648.00,6.99,3.63,0.27,5.66
2018-05-14,7.63,7.20,7.68,7.00,258153,304097296.00,8.82,-6.61,-0.51,5.84
2018-05-15,7.33,8.10,8.10,7.25,367166,454148672.00,11.81,12.50,0.90,8.30
2018-05-16,7.93,8.27,8.63,7.85,440742,577821152.00,9.63,2.10,0.17,9.97
2018-05-17,8.29,8.84,9.10,8.05,332864,452638800.00,12.70,6.89,0.57,7.53
2018-05-18,8.84,8.90,9.14,8.59,231670,320285632.00,6.22,0.68,0.06,5.24
2018-05-21,8.93,9.68,9.97,8.87,405603,601274960.00,12.36,8.76,0.78,9.17
2018-05-22,9.56,9.65,10.12,9.47,326798,491585344.00,6.71,-0.31,-0.03,7.39
2018-05-23,9.69,9.27,9.70,9.10,270369,393061056.00,6.22,-3.94,-0.38,6.11
2018-05-24,9.35,9.50,9.68,8.96,310280,448037696.00,7.77,2.48,0.23,7.02
2018-05-25,9.36,9.03,9.36,8.87,236085,333063888.00,5.16,-4.95,-0.47,5.34
2018-05-28,8.98,8.62,9.02,8.32,272155,369382336.00,7.75,-4.54,-0.41,6.15
2018-05-29,8.67,8.42,8.80,8.37,205183,277953536.00,4.99,-2.32,-0.20,4.64
2018-05-30,8.25,8.29,8.60,8.19,219815,291652048.00,4.87,-1.54,-0.13,4.97
2018-05-31,8.59,8.56,8.73,8.26,188510,252765778.00,5.67,3.26,0.27,4.26
2018-06-01,8.54,8.31,8.54,7.78,222521,285961504.00,8.88,-2.92,-0.25,5.03
2018-06-04,8.17,8.14,8.38,8.07,91395,118850719.00,3.73,-2.05,-0.17,2.07
2018-06-05,8.19,8.45,8.58,8.09,169658,223621189.00,6.02,3.81,0.31,3.84
2018-06-06,8.51,8.03,8.51,7.97,161717,209911100.00,6.39,-4.97,-0.42,3.66
2018-06-07,8.11,8.67,9.01,8.11,268056,363688160.00,11.21,7.97,0.64,6.06
2018-06-08,8.63,8.47,8.81,8.30,146012,195933057.00,5.88,-2.31,-0.20,3.30
2018-06-11,8.38,8.31,8.53,8.18,90678,119212122.00,4.13,-1.89,-0.16,2.05
2018-06-12,8.31,8.71,8.83,8.10,179830,241210864.00,8.78,4.81,0.40,4.07
2018-06-13,9.00,9.03,9.58,9.00,258532,368885680.00,6.66,3.67,0.32,5.85
2018-06-14,9.09,9.78,9.86,8.90,287932,420020000.00,10.63,8.31,0.75,6.51
2018-06-15,9.90,9.65,10.10,9.44,260395,390995712.00,6.75,-1.33,-0.13,5.89
2018-06-19,9.19,8.50,9.63,8.50,292613,409401248.00,11.71,-11.92,-1.15,6.62
2018-06-20,8.65,9.44,9.50,8.29,275915,387665040.00,14.24,11.06,0.94,6.24
2018-06-21,9.53,9.75,10.38,9.44,329781,503009488.00,9.96,3.28,0.31,7.46
2018-06-22,9.80,10.52,10.67,9.51,384834,599564496.00,11.90,7.90,0.77,8.70
2018-06-25,10.51,10.34,10.78,10.30,285696,458301760.00,4.56,-1.71,-0.18,6.46
2018-06-26,10.17,9.87,10.33,9.14,409868,611676912.00,11.51,-4.55,-0.47,9.27
2018-06-27,9.73,9.97,10.59,9.57,231791,359915376.00,10.33,1.01,0.10,5.24
2018-06-28,9.90,9.24,10.20,9.09,247387,365964000.00,11.13,-7.32,-0.73,5.59
2018-06-29,9.26,9.63,9.78,8.83,246011,355596784.00,10.28,4.22,0.39,5.56
2018-07-02,9.57,9.77,9.90,9.43,223845,333500528.00,4.88,1.45,0.14,5.06
2018-07-03,9.68,10.06,10.25,9.35,210567,316992096.00,9.21,2.97,0.29,4.76
2018-07-04,9.90,9.58,10.22,9.50,145261,219090852.00,7.16,-4.77,-0.48,3.28
2018-07-05,9.54,8.59,9.67,8.53,195417,275464304.00,11.90,-10.33,-0.99,4.42
2018-07-06,8.53,8.71,9.12,8.35,166770,228592110.00,8.96,1.40,0.12,3.77
2018-07-09,8.90,9.77,9.77,8.75,321447,473362512.00,11.71,12.17,1.06,7.27
2018-07-10,10.00,10.27,10.42,9.82,329124,508288624.00,6.14,5.12,0.50,7.44
2018-07-11,10.53,11.47,11.47,9.97,542627,869419824.00,14.61,11.68,1.20,12.27
2018-07-12,11.42,11.60,12.05,11.28,485606,850636576.00,6.71,1.13,0.13,10.98
2018-07-13,11.33,11.82,12.78,11.20,537165,960149472.00,13.62,1.90,0.22,12.15
2018-07-16,11.86,12.07,12.63,11.76,473058,857819600.00,7.36,2.12,0.25,10.70
2018-07-17,12.13,13.20,13.39,11.86,481215,890358464.00,12.68,9.36,1.13,10.88
2018-07-18,13.05,12.05,13.21,12.03,465486,871299040.00,8.94,-8.71,-1.15,10.52
2018-07-19,11.93,13.07,13.28,11.67,536523,988372896.00,13.36,8.46,1.02,12.13
2018-07-20,12.83,12.47,12.87,11.97,384548,712883152.00,6.89,-4.59,-0.60,8.69
2018-07-23,12.29,12.79,13.11,12.20,341150,640140832.00,7.30,2.57,0.32,7.71
2018-07-24,12.63,12.51,12.90,12.25,299095,554991216.00,5.08,-2.19,-0.28,6.76
2018-07-25,12.34,12.47,12.82,12.11,199055,369289984.00,5.68,-0.32,-0.04,4.50
2018-07-26,12.34,11.69,12.51,11.55,304385,542361056.00,7.70,-6.26,-0.78,6.88
2018-07-27,11.77,11.84,12.15,11.70,211269,377131312.00,3.85,1.28,0.15,4.78
2018-07-30,11.94,12.07,12.40,11.86,189567,343816736.00,4.56,1.94,0.23,4.29
2018-07-31,12.02,11.90,12.15,11.60,158385,280300688.00,4.56,-1.41,-0.17,3.58
2018-08-01,12.09,12.60,12.91,12.09,372445,693298256.00,6.89,5.88,0.70,8.42
2018-08-02,12.48,13.58,13.92,12.21,411821,785713392.00,13.57,7.78,0.98,9.31
2018-08-03,13.43,12.77,13.99,12.43,387471,756542608.00,11.49,-5.96,-0.81,8.76
2018-08-06,12.57,11.43,12.57,11.32,328949,581894384.00,9.79,-10.49,-1.34,7.44
2018-08-07,11.49,12.76,12.76,11.49,318688,579548448.00,11.11,11.64,1.33,7.21
2018-08-08,12.81,11.89,13.27,11.70,422074,783055232.00,12.30,-6.82,-0.87,9.54
2018-08-09,11.52,12.17,12.55,11.33,283516,513329872.00,10.26,2.35,0.28,6.41
2018-08-10,12.05,12.17,12.40,12.03,177552,323819680.00,3.04,0.00,0.00,4.01
2018-08-13,12.06,13.57,13.57,11.96,355124,676052768.00,13.23,11.50,1.40,8.03
2018-08-14,13.73,13.49,13.97,12.44,440393,860006448.00,11.27,-0.59,-0.08,9.96
2018-08-15,12.98,13.34,13.93,12.68,351970,689543952.00,9.27,-1.11,-0.15,7.96
2018-08-16,12.93,13.73,14.34,12.75,398429,807645760.00,11.92,2.92,0.39,9.01
2018-08-17,13.83,13.63,14.14,13.34,269089,541491248.00,5.83,-0.73,-0.10,6.08
2018-08-20,13.50,13.36,13.54,12.90,215075,419370128.00,4.70,-1.98,-0.27,4.86
2018-08-21,13.43,13.39,13.86,13.13,221339,440296000.00,5.46,0.22,0.03,5.00
2018-08-22,13.32,12.73,13.33,12.63,255371,485893376.00,5.23,-4.93,-0.66,5.77
2018-08-23,12.53,12.70,12.89,12.37,178363,334799472.00,4.08,-0.24,-0.03,4.03
2018-08-24,12.66,12.50,13.10,12.46,179084,339886368.00,5.04,-1.57,-0.20,4.05
2018-08-27,12.14,12.83,12.97,12.11,233435,434675552.00,6.88,2.64,0.33,5.28
2018-08-28,12.89,13.33,13.48,12.76,278642,541236256.00,5.61,3.90,0.50,6.30
2018-08-29,13.20,13.28,13.33,12.98,156309,303463200.00,2.63,-0.38,-0.05,3.53
2018-08-30,13.27,12.50,13.43,12.43,216999,413714016.00,7.53,-5.87,-0.78,4.91
2018-08-31,12.48,12.31,12.68,12.14,125558,231417170.00,4.32,-1.52,-0.19,2.84
2018-09-03,12.20,13.00,13.07,12.11,192138,360247792.00,7.80,5.61,0.69,4.34
2018-09-04,12.82,12.90,13.04,12.51,148986,283613504.00,4.08,-0.77,-0.10,3.37
2018-09-05,12.67,12.34,13.03,12.30,134416,251336056.00,5.66,-4.34,-0.56,3.04
2018-09-06,12.23,12.09,12.40,11.82,169057,304931296.00,4.70,-2.03,-0.25,3.82
2018-09-07,12.17,11.62,12.42,11.60,156799,280518288.00,6.78,-3.89,-0.47,3.55
2018-09-10,11.62,10.28,11.73,10.28,269845,437229904.00,12.48,-11.53,-1.34,6.10
2018-09-11,10.33,10.02,10.48,9.60,249030,379587824.00,8.56,-2.53,-0.26,5.63
2018-09-12,10.05,9.93,10.11,9.80,124048,189810653.00,3.09,-0.90,-0.09,2.80
2018-09-13,10.21,10.10,10.30,9.90,141139,217916897.00,4.03,1.71,0.17,3.19
2018-09-14,10.13,10.18,10.40,10.05,146551,229059146.00,3.47,0.79,0.08,3.31
2018-09-17,10.07,9.47,10.13,9.44,152360,227666842.00,6.78,-6.97,-0.71,3.44
2018-09-18,9.54,10.48,10.59,9.47,303422,470312752.00,11.83,10.67,1.01,6.86
2018-09-19,10.46,10.37,10.73,10.29,179106,285849600.00,4.20,-1.05,-0.11,4.05
2018-09-20,10.56,10.36,10.64,10.13,131194,207809719.00,4.92,-0.10,-0.01,2.97
2018-09-21,10.40,10.60,10.86,10.20,174749,280780256.00,6.37,2.32,0.24,3.95
2018-09-25,10.53,10.43,10.70,10.38,105163,168177645.00,3.02,-1.60,-0.17,2.38
2018-09-26,10.44,10.68,10.91,10.30,205186,332187232.00,5.85,2.40,0.25,4.64
2018-09-27,10.74,11.14,11.42,10.45,222727,366706144.00,9.08,4.31,0.46,5.04
2018-09-28,11.05,11.40,11.53,11.00,213145,361370144.00,4.76,2.33,0.26,4.82
2018-10-08,11.00,10.63,11.19,10.51,145090,238629294.00,5.96,-6.75,-0.77,3.28
2018-10-09,10.65,10.10,10.84,9.57,211999,329365568.00,11.95,-4.99,-0.53,4.79
2018-10-10,10.07,10.20,10.27,9.93,117888,182869597.00,3.37,0.99,0.10,2.67
2018-10-11,9.59,9.00,9.70,9.00,210654,302265792.00,6.86,-11.76,-1.20,4.76
2018-10-12,8.78,9.08,9.17,8.55,169196,235178794.00,6.89,0.89,0.08,3.83
2018-10-15,9.12,8.90,9.47,8.90,119823,171157401.00,6.28,-1.98,-0.18,2.71
2018-10-16,8.61,8.50,9.03,8.28,145049,196417145.00,8.43,-4.49,-0.40,3.28
2018-10-17,8.70,8.37,8.74,7.91,165594,217859929.00,9.76,-1.53,-0.13,3.74
2018-10-18,8.28,7.80,8.32,7.78,129515,165841529.00,6.45,-6.81,-0.57,2.93
2018-10-19,7.60,8.31,8.53,7.52,166012,211955833.00,12.95,6.54,0.51,3.75
2018-10-22,8.38,8.97,9.07,8.37,207941,284286448.00,8.42,7.94,0.66,4.70
2018-10-23,8.84,8.40,8.88,8.17,172630,231180315.00,7.92,-6.35,-0.57,3.90
2018-10-24,8.25,8.07,8.47,7.88,154914,199968540.00,7.02,-3.93,-0.33,3.50
2018-10-25,7.59,7.94,7.97,7.59,129144,160213262.00,4.71,-1.61,-0.13,2.92
2018-10-26,8.04,7.94,8.17,7.80,104020,132025064.00,4.66,0.00,0.00,2.35
2018-10-29,7.90,7.87,8.05,7.67,78482,98214992.00,4.79,-0.88,-0.07,1.77
2018-10-30,7.74,8.01,8.11,7.63,130056,164569797.00,6.10,1.78,0.14,2.94
2018-10-31,7.03,7.67,7.95,7.03,400708,473196720.00,11.49,-4.24,-0.34,9.06
2018-11-01,7.52,7.43,7.74,7.43,240736,293119600.00,4.04,-3.13,-0.24,5.44
2018-11-02,7.55,8.04,8.16,7.43,312121,387184480.00,9.83,8.21,0.61,7.06
2018-11-05,7.93,7.87,7.97,7.63,218758,273498704.00,4.23,-2.11,-0.17,4.95
2018-11-06,7.87,8.26,8.53,7.82,298113,384494464.00,9.02,4.96,0.39,6.74
2018-11-07,8.20,8.00,8.21,8.00,169455,217683807.00,2.54,-3.15,-0.26,3.83
2018-11-08,8.11,7.75,8.13,7.65,144911,181971233.00,6.00,-3.13,-0.25,3.28
2018-11-09,7.67,7.65,7.83,7.54,93609,115744148.00,3.74,-1.29,-0.10,2.12
2018-11-12,7.66,7.86,7.88,7.55,110402,136981962.00,4.31,2.75,0.21,2.50
2018-11-13,7.76,7.83,7.94,7.64,143825,178949878.00,3.82,-0.38,-0.03,3.25
2018-11-14,7.87,8.03,8.11,7.76,204409,259952873.00,4.47,2.55,0.20,4.62
2018-11-15,8.01,8.09,8.10,7.89,140236,178829241.00,2.62,0.75,0.06,3.17
2018-11-16,8.13,7.99,8.15,7.97,147503,188248946.00,2.22,-1.24,-0.10,3.34
2018-11-19,7.99,8.13,8.13,7.95,149829,191557561.00,2.25,1.75,0.14,3.39
2018-11-20,8.06,7.72,8.07,7.68,145323,182285749.00,4.80,-5.04,-0.41,3.29
2018-11-21,7.43,7.57,7.60,7.43,93083,112865151.00,2.20,-1.94,-0.15,2.10
2018-11-22,7.62,7.49,7.65,7.47,68640,83396757.00,2.38,-1.06,-0.08,1.55
2018-11-23,7.53,6.93,7.53,6.87,133914,155526753.00,8.81,-7.48,-0.56,3.03
2018-11-26,6.81,6.46,6.95,6.32,154413,168650751.00,9.09,-6.78,-0.47,3.49
2018-11-27,6.53,6.50,6.65,6.35,89763,96789490.00,4.64,0.62,0.04,2.03
2018-11-28,6.53,6.58,6.58,6.13,114637,122239728.00,6.92,1.23,0.08,2.59
2018-11-29,6.59,6.25,6.65,6.24,91538,98307795.00,6.23,-5.02,-0.33,2.07
2018-11-30,6.20,6.84,7.05,6.20,248860,277203520.00,13.60,9.44,0.59,5.63
2018-12-03,7.10,7.01,7.17,6.86,178916,205844697.00,4.53,2.49,0.17,4.05
2018-12-04,7.02,7.17,7.39,6.98,156394,183539790.00,5.85,2.28,0.16,3.54
2018-12-05,6.97,7.20,7.34,6.87,140822,163562597.00,6.56,0.42,0.03,3.18
2018-12-06,7.14,7.26,7.54,7.14,160704,190891881.00,5.56,0.83,0.06,3.63
2018-12-07,7.27,7.20,7.40,7.03,93130,108364449.00,5.10,-0.83,-0.06,2.11
2018-12-10,7.16,6.90,7.16,6.81,90502,102880599.00,4.86,-4.17,-0.30,2.05
2018-12-11,6.97,7.07,7.18,6.97,72071,83019752.00,3.04,2.46,0.17,1.63
2018-12-12,7.14,7.04,7.18,7.04,54727,63216237.00,1.98,-0.42,-0.03,1.24
2018-12-13,7.09,7.20,7.32,7.02,107158,125337709.00,4.26,2.27,0.16,2.42
2018-12-14,7.23,6.85,7.30,6.85,99613,114200687.00,6.25,-4.86,-0.35,2.25
2018-12-17,6.77,6.84,6.93,6.68,68185,76264364.00,3.65,-0.15,-0.01,1.54
2018-12-18,6.87,7.13,7.18,6.77,159140,183308118.00,5.99,4.24,0.29,3.60
2018-12-19,7.08,6.74,7.16,6.69,134249,150771194.00,6.59,-5.47,-0.39,3.04
2018-12-20,6.72,6.74,6.87,6.69,63935,71109949.00,2.67,0.00,0.00,1.45
2018-12-21,6.67,6.61,6.77,6.48,70205,76873018.00,4.30,-1.93,-0.13,1.59
2018-12-24,6.57,6.68,6.76,6.53,47972,52748752.00,3.48,1.06,0.07,1.08
2018-12-25,6.55,6.40,6.55,6.16,102402,108229298.00,5.84,-4.19,-0.28,2.32
2018-12-26,6.33,6.32,6.48,6.30,46228,49101337.00,2.81,-1.25,-0.08,1.05
2018-12-27,6.50,6.13,6.55,6.09,76184,80543316.00,7.28,-3.01,-0.19,1.72
2018-12-28,6.14,5.96,6.20,5.92,72079,73122728.00,4.57,-2.77,-0.17,1.63