2021-01-04,17.52,18.46,18.68,17.52,25416,65992488.00,6.63,5.55,0.97,6.50
2021-01-05,18.44,19.02,19.37,18.23,24985,67028574.00,6.18,3.03,0.56,6.39
2021-01-06,18.97,18.59,19.35,18.50,10898,28919297.00,4.47,-2.26,-0.43,2.79
2021-01-07,18.70,18.81,18.91,18.26,21098,55419322.00,3.50,1.18,0.22,5.39
2021-01-08,18.84,18.69,19.25,18.14,13649,36313895.00,5.90,-0.64,-0.12,3.49
2021-01-11,18.69,18.34,18.91,18.27,10080,26431187.00,3.42,-1.87,-0.35,2.58
2021-01-12,18.34,17.97,18.63,17.71,14906,38123117.00,5.02,-2.02,-0.37,3.81
2021-01-13,18.09,17.72,18.19,17.29,16143,40695382.00,5.01,-1.39,-0.25,4.13
2021-01-14,17.53,18.03,18.46,17.25,13069,33147263.00,6.83,1.75,0.31,3.34
2021-01-15,18.12,18.02,18.59,17.85,12084,31149824.00,4.10,-0.06,-0.01,3.09
2021-01-18,17.68,18.05,18.33,17.68,9205,23493997.00,3.61,0.17,0.03,2.35
2021-01-19,18.09,18.29,18.40,17.81,7731,19933436.00,3.27,1.33,0.24,1.98
2021-01-20,18.91,18.47,18.99,18.21,24243,63805400.00,4.26,0.98,0.18,6.20
2021-01-21,18.46,17.96,18.64,17.91,26669,68596248.00,3.95,-2.76,-0.51,6.82
2021-01-22,17.92,17.95,18.22,17.63,12670,32266906.00,3.29,-0.06,-0.01,3.24
2021-01-25,17.85,17.22,18.09,17.19,19009,46853315.00,5.01,-4.07,-0.73,4.86
2021-01-26,17.33,17.17,17.57,17.13,7829,19247109.00,2.56,-0.29,-0.05,2.00
2021-01-27,17.41,16.86,17.41,16.77,11191,26970075.00,3.73,-1.81,-0.31,2.86
2021-01-28,16.83,16.84,17.01,16.64,11589,27577590.00,2.19,-0.12,-0.02,2.96
2021-01-29,16.85,16.76,17.09,16.20,14734,34712202.00,5.29,-0.48,-0.08,3.77
2021-02-01,16.76,17.62,17.78,16.55,16900,41401537.00,7.34,5.13,0.86,4.32
2021-02-02,17.74,17.71,18.11,17.34,9811,24646516.00,4.37,0.51,0.09,2.51
2021-02-03,17.57,17.31,17.63,16.99,11444,28110984.00,3.61,-2.26,-0.40,2.93
2021-02-04,17.26,17.00,17.43,16.71,5581,13431264.00,4.16,-1.79,-0.31,1.43
2021-02-05,16.99,16.83,17.23,16.64,5519,13186509.00,3.47,-1.00,-0.17,1.41
2021-02-08,16.59,16.81,17.03,16.56,3805,9094451.00,2.79,-0.12,-0.02,0.97
2021-02-09,16.83,16.77,17.06,16.51,11405,27040634.00,3.27,-0.24,-0.04,2.92
2021-02-10,16.72,16.74,16.84,16.56,7143,16923902.00,1.67,-0.18,-0.03,1.83
2021-02-18,16.76,17.29,17.52,16.76,7179,17605560.00,4.54,3.29,0.55,1.84
2021-02-19,17.34,17.47,17.51,17.27,4117,10168128.00,1.39,1.04,0.18,1.05
2021-02-22,17.47,17.41,17.81,17.21,9225,22926667.00,3.43,-0.34,-0.06,2.36
2021-02-23,17.41,16.97,17.41,16.87,11970,28939070.00,3.10,-2.53,-0.44,3.06
2021-02-24,17.08,16.55,17.27,16.31,19395,45886305.00,5.66,-2.47,-0.42,4.96
2021-02-25,16.89,16.27,17.06,16.16,17867,41987470.00,5.44,-1.69,-0.28,4.57
2021-02-26,16.20,16.21,16.49,15.99,9646,22286834.00,3.07,-0.37,-0.06,2.47
2021-03-01,16.49,16.77,16.84,16.41,10289,24395808.00,2.65,3.45,0.56,2.63
2021-03-02,16.77,16.64,16.91,16.46,7252,17169839.00,2.68,-0.78,-0.13,1.85
2021-03-03,16.47,16.91,16.93,16.35,8350,19738795.00,3.49,1.62,0.27,2.13
2021-03-04,16.86,17.27,17.56,16.76,19559,47934698.00,4.73,2.13,0.36,5.00
2021-03-05,16.99,17.56,17.71,16.99,13296,33057945.00,4.17,1.68,0.29,3.40
2021-03-08,17.61,17.74,18.31,17.61,15302,39050795.00,3.99,1.03,0.18,3.91
2021-03-09,17.87,17.56,17.91,17.26,8124,20242805.00,3.66,-1.01,-0.18,2.08
2021-03-10,17.75,17.41,18.04,17.41,7662,19247726.00,3.59,-0.85,-0.15,1.96
2021-03-11,17.75,17.61,17.75,17.22,7256,17951386.00,3.04,1.15,0.20,1.86
2021-03-12,17.58,17.51,18.09,17.41,7435,18678842.00,3.86,-0.57,-0.10,1.90
2021-03-15,17.31,17.46,17.82,17.31,5319,13268685.00,2.91,-0.29,-0.05,1.36
2021-03-16,17.76,17.79,17.81,17.43,4234,10614514.00,2.18,1.89,0.33,1.08
2021-03-17,17.63,17.66,17.84,17.52,4910,12288985.00,1.80,-0.73,-0.13,1.26
2021-03-18,17.69,17.71,17.84,17.39,4947,12379546.00,2.55,0.28,0.05,1.26
2021-03-19,17.74,17.74,18.02,17.64,6962,17636020.00,2.15,0.17,0.03,1.78
2021-03-22,17.72,17.63,17.84,17.46,7770,19391455.00,2.14,-0.62,-0.11,1.99
2021-03-23,17.74,17.73,17.90,17.44,7449,18680626.00,2.61,0.57,0.10,1.90
2021-03-24,17.56,17.35,17.73,16.96,11037,27081685.00,4.34,-2.14,-0.38,2.82
2021-03-25,17.21,17.67,17.79,17.11,7590,18941705.00,3.92,1.84,0.32,1.94
2021-03-26,17.59,17.61,17.78,17.57,4463,11177563.00,1.19,-0.34,-0.06,1.14
2021-03-29,17.66,16.99,17.77,16.96,8023,19626501.00,4.60,-3.52,-0.62,2.05
2021-03-30,17.33,17.06,17.33,16.52,15597,37350964.00,4.77,0.41,0.07,3.82
2021-03-31,16.85,17.85,17.90,16.57,16282,40290888.00,7.80,4.63,0.79,3.99
2021-04-01,17.90,17.68,17.99,17.49,6749,16903521.00,2.80,-0.95,-0.17,1.65
2021-04-02,17.57,17.61,17.69,17.42,4271,10644701.00,1.53,-0.40,-0.07,1.05
2021-04-06,17.49,17.46,17.66,17.41,4474,11113045.00,1.42,-0.85,-0.15,1.10
2021-04-07,17.30,17.66,17.80,17.30,4274,10697172.00,2.86,1.15,0.20,1.05
2021-04-08,17.52,17.64,17.95,17.49,5531,13928965.00,2.60,-0.11,-0.02,1.35
2021-04-09,17.56,17.87,17.88,17.43,5513,13829305.00,2.55,1.30,0.23,1.35
2021-04-12,18.27,18.74,19.03,18.06,18749,49743569.00,5.43,4.87,0.87,4.59
2021-04-13,18.66,18.36,18.74,18.21,9873,25734009.00,2.83,-2.03,-0.38,2.42
2021-04-14,18.26,18.34,18.56,18.26,4483,11687909.00,1.63,-0.11,-0.02,1.10
2021-04-15,18.33,18.71,18.81,18.29,6150,16230988.00,2.84,2.02,0.37,1.51
2021-04-16,18.71,19.14,19.24,18.66,7154,19242543.00,3.10,2.30,0.43,1.75
2021-04-19,19.06,19.21,19.29,18.94,7758,21038767.00,1.83,0.37,0.07,1.90
2021-04-20,19.24,19.44,19.93,19.16,11167,30970330.00,4.01,1.20,0.23,2.73
2021-04-21,19.42,19.42,19.56,19.10,5523,15112435.00,2.37,-0.10,-0.02,1.35
2021-04-22,19.24,19.60,19.68,19.11,4171,11442129.00,2.94,0.93,0.18,1.02
2021-04-23,19.42,19.21,20.24,19.19,6710,18792655.00,5.36,-1.99,-0.39,1.64
2021-04-26,19.36,18.83,19.41,18.82,6462,17418481.00,3.07,-1.98,-0.38,1.58
2021-04-27,18.71,18.73,18.94,18.41,4137,10941664.00,2.81,-0.53,-0.10,1.01
2021-04-28,18.94,18.91,19.19,18.28,7808,20734891.00,4.86,0.96,0.18,1.91
2021-04-29,19.51,18.95,19.56,18.77,8401,22696159.00,4.18,0.21,0.04,2.06
2021-04-30,18.97,18.69,19.09,18.41,5903,15738111.00,3.59,-1.37,-0.26,1.45
2021-05-06,18.77,18.95,19.48,18.69,14408,39034012.00,4.23,1.39,0.26,3.53
2021-05-07,19.04,19.14,19.47,18.82,15317,41720253.00,3.43,1.00,0.19,3.75
2021-05-10,19.70,20.06,20.69,19.11,31586,89607452.00,8.25,4.81,0.92,7.73
2021-05-11,20.02,19.43,21.54,19.21,30934,88554787.00,11.62,-3.14,-0.63,7.57
2021-05-12,19.43,19.06,19.43,17.99,23150,61776565.00,7.41,-1.90,-0.37,5.67
2021-05-13,18.99,19.09,19.83,18.81,10402,28531259.00,5.35,0.16,0.03,2.55
2021-05-14,19.20,19.63,19.89,19.09,17482,48455688.00,4.19,2.83,0.54,4.28
2021-05-17,19.63,19.85,20.04,19.18,13666,38110568.00,4.38,1.12,0.22,3.35
2021-05-18,19.89,19.47,19.97,19.40,8516,23567227.00,2.87,-1.91,-0.38,2.08
2021-05-19,19.74,20.20,20.39,19.45,31766,90290596.00,4.83,3.75,0.73,7.78
2021-05-20,20.49,20.06,20.49,19.71,17475,49701186.00,3.86,-0.69,-0.14,4.28
2021-05-21,19.92,20.37,21.09,19.92,19393,56563467.00,5.83,1.55,0.31,4.75
2021-05-24,20.39,21.23,21.49,20.39,31811,95475474.00,5.40,4.22,0.86,7.79
2021-05-25,21.23,22.23,22.26,20.99,39200,120690968.00,5.98,4.71,1.00,9.60
2021-05-26,22.06,21.64,22.84,21.60,22788,70964864.00,5.58,-2.65,-0.59,5.58
2021-05-27,21.83,21.45,22.84,21.44,34667,107893455.00,6.47,-0.88,-0.19,8.49
2021-05-28,21.44,21.66,22.15,21.24,19000,58513061.00,4.24,0.98,0.21,4.65
2021-05-31,21.91,23.34,23.58,21.78,29016,93914903.00,8.31,7.76,1.68,7.10
2021-06-01,23.57,24.81,24.98,23.14,33368,113877476.00,7.88,6.30,1.47,8.17
2021-06-02,25.16,24.72,26.10,24.27,47803,170261505.00,7.38,-0.36,-0.09,11.70
2021-06-03,25.13,25.14,25.83,24.56,19074,67347519.00,5.14,1.70,0.42,4.67
2021-06-04,25.29,26.15,26.63,25.06,26362,95482328.00,6.25,4.02,1.01,6.45
2021-06-07,26.42,24.96,26.62,24.84,33190,118783369.00,6.81,-4.55,-1.19,8.12
2021-06-08,24.66,25.56,26.31,24.66,22278,80645234.00,6.61,2.40,0.60,5.45
2021-06-09,25.14,24.89,25.99,24.69,21672,76713423.00,5.09,-2.62,-0.67,5.31
2021-06-10,25.24,25.86,26.31,24.81,16910,61124199.00,6.03,3.90,0.97,4.14
2021-06-11,25.96,23.77,25.96,23.49,49124,166711898.00,9.55,-8.08,-2.09,12.03
2021-06-15,23.81,24.01,24.32,23.29,17149,57528932.00,4.33,1.01,0.24,4.20
2021-06-16,23.80,23.16,24.35,23.00,17782,58585147.00,5.62,-3.54,-0.85,4.35
2021-06-17,23.04,23.47,23.70,22.91,14953,49016582.00,3.41,1.34,0.31,3.66
2021-06-18,23.62,24.09,24.40,23.29,13907,46828264.00,4.73,2.64,0.62,3.40
2021-06-21,24.07,24.22,24.88,23.84,19558,67149600.00,4.32,0.54,0.13,4.79
2021-06-22,24.20,24.07,24.77,23.63,13626,46365767.00,4.71,-0.62,-0.15,3.34
2021-06-23,24.67,25.10,25.39,24.11,17995,62550997.00,5.32,4.28,1.03,4.41
2021-06-24,24.99,24.51,25.90,24.39,15859,56009518.00,6.02,-2.35,-0.59,3.88
2021-06-25,24.56,25.26,25.57,24.06,15373,53932854.00,6.16,3.06,0.75,3.76
2021-06-28,25.23,28.02,29.11,25.23,31191,121466530.00,15.36,10.93,2.76,7.64
2021-06-29,28.01,27.69,28.08,27.08,14293,55356128.00,3.57,-1.18,-0.33,3.50
2021-06-30,27.81,28.31,28.98,26.86,16922,66491016.00,7.66,2.24,0.62,4.14
2021-07-01,28.09,27.34,28.69,26.74,15654,61146996.00,6.89,-3.43,-0.97,3.83
2021-07-02,27.13,26.98,28.09,26.93,10465,40149561.00,4.24,-1.32,-0.36,2.56
2021-07-05,27.41,29.14,29.52,27.20,19185,76597924.00,8.60,8.01,2.16,4.70
2021-07-06,29.52,27.31,29.52,26.56,26142,102066613.00,10.16,-6.28,-1.83,6.40
2021-07-07,27.06,28.42,28.84,26.83,14440,57232833.00,7.36,4.06,1.11,3.53
2021-07-08,28.42,28.00,28.91,27.42,15464,61107573.00,5.24,-1.48,-0.42,3.79
2021-07-09,28.07,28.02,28.19,26.92,13534,52393388.00,4.54,0.07,0.02,3.31
2021-07-12,28.06,27.63,28.24,27.42,15554,60892992.00,2.93,-1.39,-0.39,3.81
2021-07-13,27.63,26.56,27.66,26.20,18536,69824923.00,5.28,-3.87,-1.07,4.54
2021-07-14,26.41,27.49,28.03,26.41,22421,86134459.00,6.10,3.50,0.93,5.49
2021-07-15,27.41,27.06,27.63,26.61,11604,44037288.00,3.71,-1.56,-0.43,2.84
2021-07-16,27.13,27.46,28.79,27.13,13240,52014217.00,6.13,1.48,0.40,3.24
2021-07-19,27.69,32.97,32.97,27.69,55882,249648819.00,19.23,20.07,5.51,13.68
2021-07-20,33.17,33.67,34.11,31.51,50407,232615995.00,7.89,2.12,0.70,12.34
2021-07-21,34.26,34.77,36.47,32.99,39613,193435194.00,10.34,3.27,1.10,9.70
2021-07-22,36.10,35.27,36.10,33.71,26219,128768320.00,6.87,1.44,0.50,6.42
2021-07-23,35.41,33.66,35.62,32.69,26371,124919176.00,8.31,-4.56,-1.61,6.46
2021-07-26,34.06,31.83,34.06,31.23,29317,132843116.00,8.41,-5.44,-1.83,7.18
2021-07-27,31.98,31.70,33.69,31.70,22587,103794375.00,6.25,-0.41,-0.13,5.53
2021-07-28,31.56,31.60,33.24,30.27,16092,72288366.00,9.37,-0.32,-0.10,3.94
2021-07-29,32.09,33.14,33.56,31.91,19622,90081206.00,5.22,4.87,1.54,4.80
2021-07-30,33.41,33.34,33.80,32.02,16149,74737702.00,5.37,0.60,0.20,3.95
2021-08-02,33.43,32.31,33.43,28.64,51207,224981191.00,14.37,-3.09,-1.03,12.54
2021-08-03,32.26,32.00,32.71,30.61,27013,120276892.00,6.50,-0.96,-0.31,6.61
2021-08-04,31.42,36.14,36.49,31.42,34179,167164045.00,15.84,12.94,4.14,8.37
2021-08-05,36.31,36.14,37.40,34.46,20040,100647263.00,8.14,0.00,0.00,4.91
2021-08-06,36.21,35.64,37.01,34.81,9517,47424726.00,6.09,-1.38,-0.50,2.33
2021-08-09,35.99,36.13,36.40,33.84,11697,58087564.00,7.18,1.37,0.49,2.86
2021-08-10,36.13,36.52,36.89,35.38,13404,68228114.00,4.18,1.08,0.39,3.28
2021-08-11,36.54,35.74,36.57,35.56,6060,30584866.00,2.77,-2.14,-0.78,1.48
2021-08-12,36.17,35.91,36.17,34.77,6792,33896114.00,3.92,0.48,0.17,1.66
2021-08-13,36.14,35.76,36.69,35.04,5858,29438587.00,4.59,-0.42,-0.15,1.43
2021-08-16,35.99,34.84,36.16,34.53,6914,34067722.00,4.56,-2.57,-0.92,1.69
2021-08-17,35.06,33.89,36.58,33.53,18789,93086668.00,8.75,-2.73,-0.95,4.60
2021-08-18,33.69,35.59,35.63,33.51,14231,69886366.00,6.26,5.02,1.70,3.48
2021-08-19,35.81,34.30,35.81,33.13,15341,73735872.00,7.53,-3.62,-1.29,3.76
2021-08-20,34.63,34.44,34.63,33.19,5545,26471031.00,4.20,0.41,0.14,1.36
2021-08-23,34.67,34.45,35.06,33.86,4805,23310446.00,3.48,0.03,0.01,1.18
2021-08-24,34.61,34.32,34.67,33.49,6756,32461981.00,3.43,-0.38,-0.13,1.65
2021-08-25,34.47,34.74,35.99,33.79,8414,41140369.00,6.41,1.22,0.42,2.06
2021-08-26,34.91,36.25,37.78,34.06,13409,67853038.00,10.71,4.35,1.51,3.28
2021-08-27,34.91,32.56,36.19,30.84,44756,205468039.00,14.76,-10.18,-3.69,10.96
2021-08-30,32.56,30.89,32.86,30.60,24889,110055080.00,6.94,-5.13,-1.67,6.09
2021-08-31,30.63,28.39,31.01,27.99,32106,131880183.00,9.78,-8.09,-2.50,7.86
2021-09-01,28.53,29.09,29.91,28.53,18378,75434999.00,4.86,2.47,0.70,4.50
2021-09-02,28.26,27.99,29.28,27.77,14365,57131109.00,5.19,-3.78,-1.10,3.52
2021-09-03,27.66,27.33,28.56,26.64,15088,57915322.00,6.86,-2.36,-0.66,3.69
2021-09-06,27.17,27.88,28.42,26.74,9959,38492321.00,6.15,2.01,0.55,2.44
2021-09-07,27.69,28.14,29.11,27.69,7813,31144510.00,5.09,0.93,0.26,1.91
2021-09-08,28.49,29.39,30.27,28.49,18033,74619949.00,6.33,4.44,1.25,4.41
2021-09-09,29.72,28.79,29.72,28.34,7151,28775035.00,4.70,-2.04,-0.60,1.75
2021-09-10,28.24,28.27,29.04,27.79,8601,34052112.00,4.34,-1.81,-0.52,2.11
2021-09-13,28.41,28.31,28.87,27.99,6085,24270919.00,3.11,0.14,0.04,1.49
2021-09-14,28.02,28.06,28.38,27.59,6383,25034743.00,2.79,-0.88,-0.25,1.56
2021-09-15,28.47,28.00,28.76,27.71,4870,19250826.00,3.74,-0.21,-0.06,1.19
2021-09-16,27.86,26.95,28.11,26.91,5982,22923950.00,4.29,-3.75,-1.05,1.46
2021-09-17,27.06,27.20,27.47,26.41,5811,21958015.00,3.93,0.93,0.25,1.42
2021-09-22,27.41,27.00,28.01,26.47,10652,40281481.00,5.66,-0.74,-0.20,2.61
2021-09-23,27.05,27.47,27.89,26.24,9547,36258746.00,6.11,1.74,0.47,2.34
2021-09-24,27.48,27.62,27.78,26.78,5102,19532158.00,3.64,0.55,0.15,1.25
2021-09-27,27.52,27.31,27.93,27.09,5000,19262796.00,3.04,-1.12,-0.31,1.22
2021-09-28,27.20,25.70,27.20,25.42,19122,69530988.00,6.52,-5.90,-1.61,4.68
2021-09-29,25.48,25.99,26.81,25.19,12024,43870198.00,6.30,1.13,0.29,2.94
2021-09-30,26.30,26.08,26.64,25.27,8888,32274479.00,5.27,0.35,0.09,2.10
2021-10-08,26.34,26.24,26.89,25.86,4650,17150849.00,3.95,0.61,0.16,1.10
2021-10-11,27.70,27.58,28.05,26.69,9028,35028854.00,5.18,5.11,1.34,2.14
2021-10-12,27.99,27.27,27.99,26.97,4675,18056591.00,3.70,-1.12,-0.31,1.11
2021-10-13,27.43,27.25,27.85,27.14,4042,15538001.00,2.60,-0.07,-0.02,0.96
2021-10-14,27.06,28.56,28.88,26.81,10525,41599845.00,7.60,4.81,1.31,2.49
2021-10-15,28.59,29.43,29.70,27.87,10628,43686672.00,6.41,3.05,0.87,2.51
2021-10-18,29.66,29.41,29.77,28.63,5719,23416684.00,3.87,-0.07,-0.02,1.35
2021-10-19,29.39,29.91,30.15,28.63,6837,28432278.00,5.17,1.70,0.50,1.62
2021-10-20,29.91,30.09,30.34,29.48,6324,26689375.00,2.88,0.60,0.18,1.50
2021-10-21,29.73,29.89,30.27,29.56,4549,19118272.00,2.36,-0.66,-0.20,1.08
2021-10-22,29.91,29.34,30.02,28.84,3180,13093737.00,3.95,-1.84,-0.55,0.75
2021-10-25,29.20,30.10,30.34,28.92,3685,15441118.00,4.84,2.59,0.76,0.87
2021-10-26,29.70,29.89,30.22,29.63,3298,13841332.00,1.96,-0.70,-0.21,0.78
2021-10-27,29.44,29.66,30.16,28.94,2612,10778896.00,4.08,-0.77,-0.23,0.62
2021-10-28,29.02,28.51,29.64,27.92,7377,29674748.00,5.80,-3.88,-1.15,1.75
2021-10-29,28.20,26.45,28.81,25.27,16876,62432750.00,12.42,-7.23,-2.06,3.99
2021-11-01,26.85,27.11,27.38,25.31,16288,60255420.00,7.83,2.50,0.66,3.85
2021-11-02,27.25,26.06,27.29,25.81,8193,30509353.00,5.46,-3.87,-1.05,1.94
2021-11-03,26.01,26.02,26.46,25.76,6709,24585351.00,2.69,-0.15,-0.04,1.59
2021-11-04,26.02,27.13,27.48,25.77,12424,46323037.00,6.57,4.27,1.11,2.94
2021-11-05,27.06,27.49,27.82,26.77,6324,24430896.00,3.87,1.33,0.36,1.50
2021-11-08,27.49,27.34,27.59,26.44,7802,29594052.00,4.18,-0.55,-0.15,1.85
2021-11-09,27.69,28.86,28.98,27.27,7256,28786862.00,6.25,5.56,1.52,1.72
2021-11-10,29.06,28.01,29.06,27.79,5962,23688480.00,4.40,-2.95,-0.85,1.41
2021-11-11,28.16,28.25,28.70,28.06,6360,25364256.00,2.28,0.86,0.24,1.50
2021-11-12,28.59,30.49,31.63,28.26,13651,57970956.00,11.93,7.93,2.24,3.23
2021-11-15,30.91,30.46,31.61,30.27,10471,45474241.00,4.39,-0.10,-0.03,2.48
2021-11-16,30.49,29.94,31.13,29.63,7451,31544258.00,4.92,-1.71,-0.52,1.76
2021-11-17,29.84,30.08,30.13,29.24,8564,35859960.00,2.97,0.47,0.14,2.03
2021-11-18,29.99,29.87,30.62,29.30,6470,27016676.00,4.39,-0.70,-0.21,1.53
2021-11-19,29.42,30.56,30.88,29.42,7501,31885749.00,4.89,2.31,0.69,1.77
2021-11-22,30.84,30.56,30.99,30.19,5136,22005469.00,2.62,0.00,0.00,1.22
2021-11-23,31.24,31.12,31.69,30.49,7016,30708169.00,3.93,1.83,0.56,1.66
2021-11-24,31.34,30.80,31.34,30.66,5057,21927339.00,2.19,-1.03,-0.32,1.20
2021-11-25,30.84,30.59,31.06,29.81,6407,27330881.00,4.06,-0.68,-0.21,1.52
2021-11-26,30.62,29.94,30.63,29.63,4686,19754467.00,3.27,-2.12,-0.65,1.11
2021-11-29,30.02,29.59,30.12,29.41,4469,18633945.00,2.37,-1.17,-0.35,1.06
2021-11-30,29.49,28.86,30.43,28.34,10152,41836174.00,7.06,-2.47,-0.73,2.40
2021-12-01,28.88,28.79,29.10,28.35,5371,21624983.00,2.60,-0.24,-0.07,1.27
2021-12-02,28.69,28.19,28.79,27.61,8433,33322336.00,4.10,-2.08,-0.60,2.00
2021-12-03,28.40,28.09,28.58,27.85,3374,13324751.00,2.59,-0.35,-0.10,0.80
2021-12-06,28.26,26.27,28.26,25.99,19049,70851817.00,8.08,-6.48,-1.82,4.51
2021-12-07,26.43,26.23,26.78,26.04,6497,24058226.00,2.82,-0.15,-0.04,1.54
2021-12-08,26.89,26.19,26.97,25.89,10649,39233623.00,4.12,-0.15,-0.04,2.52
2021-12-09,26.29,26.89,27.04,26.10,10172,38072322.00,3.59,2.67,0.70,2.41
2021-12-10,26.90,26.92,27.29,26.01,8718,32673636.00,4.76,0.11,0.03,2.06
2021-12-13,27.01,27.44,27.95,26.74,7712,29672149.00,4.49,1.93,0.52,1.82
2021-12-14,27.54,27.57,27.76,27.22,6189,23887834.00,1.97,0.47,0.13,1.46
2021-12-15,27.58,27.20,27.73,26.76,6344,24331820.00,3.52,-1.34,-0.37,1.50
2021-12-16,27.06,26.99,27.34,26.82,3324,12626019.00,1.91,-0.77,-0.21,0.79
2021-12-17,27.26,26.41,27.26,25.70,11258,41526182.00,5.78,-2.15,-0.58,2.66
2021-12-20,26.31,26.33,26.69,26.16,3806,14118143.00,2.01,-0.30,-0.08,0.90
2021-12-21,26.16,26.22,26.57,26.02,3127,11525298.00,2.09,-0.42,-0.11,0.74
2021-12-22,26.22,26.78,27.36,26.22,6962,26319166.00,4.35,2.14,0.56,1.65
2021-12-23,26.99,26.49,27.19,26.35,5198,19471442.00,3.14,-1.08,-0.29,1.23
2021-12-24,26.00,26.66,27.04,25.81,8498,31557911.00,4.64,0.64,0.17,2.01
2021-12-27,26.61,25.84,26.77,25.71,8095,29748394.00,3.98,-3.08,-0.82,1.92
2021-12-28,25.79,26.51,26.88,25.77,6480,23960755.00,4.30,2.59,0.67,1.53
2021-12-29,26.46,27.06,27.24,26.21,7243,27299402.00,3.89,2.07,0.55,1.71
2021-12-30,27.06,26.78,27.68,26.64,4672,17772375.00,3.84,-1.03,-0.28,1.11
2021-12-31,26.89,26.56,26.90,26.21,7478,27827477.00,2.58,-0.82,-0.22,1.77