2004-04-12,0.55,0.55,0.65,0.52,166154,246499853.00,-92.86,492.86,0.69,41.54
2004-04-13,0.53,0.46,0.54,0.45,66889,93793909.00,16.36,-16.36,-0.09,16.72
2004-04-14,0.45,0.45,0.48,0.43,27129,37049119.00,10.87,-2.17,-0.01,6.78
2004-04-15,0.45,0.38,0.47,0.38,22859,30559389.00,20.00,-15.56,-0.07,5.71
2004-04-16,0.38,0.40,0.41,0.35,18314,23857526.00,15.79,5.26,0.02,4.58
2004-04-19,0.40,0.37,0.40,0.35,13777,17901740.00,12.50,-7.50,-0.03,3.44
2004-04-20,0.37,0.33,0.37,0.32,13282,16805950.00,13.51,-10.81,-0.04,3.32
2004-04-21,0.33,0.33,0.35,0.31,12131,15280742.00,12.12,0.00,0.00,3.03
2004-04-22,0.33,0.35,0.36,0.33,7863,9988255.00,9.09,6.06,0.02,1.97
2004-04-23,0.36,0.32,0.37,0.32,8195,10387351.00,14.29,-8.57,-0.03,2.05
2004-04-26,0.35,0.28,0.35,0.27,11721,14315479.00,25.00,-12.50,-0.04,2.93
2004-04-27,0.29,0.27,0.29,0.24,13262,15827281.00,17.86,-3.57,-0.01,3.32
2004-04-28,0.27,0.29,0.30,0.26,14878,18144113.00,14.81,7.41,0.02,3.72
2004-04-29,0.28,0.27,0.28,0.25,9446,11291994.00,10.34,-6.90,-0.02,2.36
2004-04-30,0.26,0.28,0.30,0.26,9867,11978507.00,14.81,3.70,0.01,2.47
2004-05-10,0.28,0.25,0.29,0.24,4295,5099923.00,17.86,-10.71,-0.03,1.07
2004-05-11,0.25,0.25,0.27,0.24,3823,4549461.00,12.00,0.00,0.00,0.96
2004-05-12,0.25,0.30,0.30,0.25,6942,8406564.00,20.00,20.00,0.05,1.74
2004-05-13,0.30,0.30,0.31,0.27,10962,13399410.00,13.33,0.00,0.00,2.74
2004-05-14,0.31,0.27,0.31,0.26,9780,11873674.00,16.67,-10.00,-0.03,2.44
2004-05-17,0.27,0.27,0.28,0.26,5496,6598188.00,7.41,0.00,0.00,1.37
2004-05-18,0.27,0.30,0.30,0.27,13647,16614281.00,11.11,11.11,0.03,3.41
2004-05-19,0.30,0.29,0.31,0.28,13823,16912189.00,10.00,-3.33,-0.01,3.46
2004-05-20,0.29,0.26,0.29,0.25,6481,7791911.00,13.79,-10.34,-0.03,1.62
2004-05-21,0.26,0.28,0.28,0.25,4760,5677782.00,11.54,7.69,0.02,1.19
2004-05-24,0.28,0.25,0.28,0.25,5136,6116314.00,10.71,-10.71,-0.03,1.28
2004-05-26,0.20,0.18,0.20,0.12,17979,19888229.00,32.00,-28.00,-0.07,4.49
2004-05-27,0.18,0.21,0.21,0.16,12082,13689871.00,27.78,16.67,0.03,3.02
2004-05-28,0.23,0.25,0.31,0.23,32584,39199295.00,38.10,19.05,0.04,8.15
2004-05-31,0.25,0.27,0.27,0.23,9876,11702966.00,16.00,8.00,0.02,2.47
2004-06-01,0.25,0.35,0.38,0.25,38588,48360584.00,48.15,29.63,0.08,9.65
2004-06-02,0.35,0.36,0.44,0.34,66701,87559691.00,28.57,2.86,0.01,16.68
2004-06-03,0.36,0.37,0.41,0.33,28610,37117806.00,22.22,2.78,0.01,7.15
2004-06-04,0.37,0.38,0.43,0.36,27433,36113277.00,18.92,2.70,0.01,6.86
2004-06-07,0.38,0.40,0.42,0.37,25558,33766185.00,13.16,5.26,0.02,6.39
2004-06-08,0.41,0.39,0.43,0.37,30480,40444001.00,15.00,-2.50,-0.01,7.62
2004-06-09,0.39,0.42,0.48,0.39,58326,79480246.00,23.08,7.69,0.03,14.58
2004-06-10,0.41,0.33,0.44,0.29,44385,57364129.00,35.71,-21.43,-0.09,11.10
2004-06-11,0.32,0.42,0.44,0.32,54012,71471012.00,36.36,27.27,0.09,13.50
2004-06-14,0.42,0.47,0.49,0.39,71078,97350062.00,23.81,11.90,0.05,17.77
2004-06-15,0.48,0.48,0.49,0.43,41639,57455537.00,12.77,2.13,0.01,10.41
2004-06-16,0.47,0.46,0.48,0.44,28314,38829851.00,8.33,-4.17,-0.02,7.08
2004-06-17,0.46,0.47,0.53,0.46,45405,64016569.00,15.22,2.17,0.01,11.35
2004-06-18,0.47,0.47,0.49,0.44,30000,41319310.00,10.64,0.00,0.00,7.50
2004-06-21,0.47,0.54,0.55,0.45,50339,72019829.00,21.28,14.89,0.07,12.58
2004-06-22,0.55,0.56,0.56,0.52,36818,53297153.00,7.41,3.70,0.02,9.20
2004-06-23,0.56,0.53,0.56,0.50,30168,43239442.00,10.71,-5.36,-0.03,7.54
2004-06-24,0.53,0.51,0.57,0.51,34534,49940302.00,11.32,-3.77,-0.02,8.63
2004-06-25,0.52,0.36,0.54,0.36,46039,61573137.00,35.29,-29.41,-0.15,11.51
2004-06-28,0.32,0.22,0.32,0.22,33661,39743507.00,27.78,-38.89,-0.14,8.42
2004-06-29,0.16,0.23,0.25,0.16,21987,25085429.00,40.91,4.55,0.01,5.50
2004-06-30,0.21,0.18,0.24,0.18,13850,15802354.00,26.09,-21.74,-0.05,3.46
2004-07-01,0.18,0.21,0.24,0.17,19698,22622025.00,38.89,16.67,0.03,4.92
2004-07-02,0.22,0.20,0.23,0.17,15600,17802801.00,28.57,-4.76,-0.01,3.90
2004-07-05,0.20,0.19,0.21,0.18,6377,7199352.00,15.00,-5.00,-0.01,1.59
2004-07-06,0.20,0.23,0.24,0.19,17682,20476935.00,26.32,21.05,0.04,4.42
2004-07-07,0.23,0.22,0.23,0.20,9298,10684371.00,13.04,-4.35,-0.01,2.32
2004-07-08,0.21,0.22,0.23,0.21,6126,7082377.00,9.09,0.00,0.00,1.53
2004-07-09,0.23,0.18,0.23,0.18,11037,12527963.00,22.73,-18.18,-0.04,2.76
2004-07-12,0.18,0.06,0.18,0.06,29897,30846263.00,66.67,-66.67,-0.12,7.47
2004-07-13,0.05,0.07,0.07,0.04,12305,12355449.00,50.00,16.67,0.01,3.08
2004-07-14,0.07,0.07,0.08,0.02,11848,11769073.00,85.71,0.00,0.00,2.96
2004-07-15,0.07,0.06,0.10,0.04,11268,11468327.00,85.71,-14.29,-0.01,2.82
2004-07-16,0.07,0.13,0.14,0.06,24754,26075378.00,133.33,116.67,0.07,6.19
2004-07-19,0.12,0.11,0.13,0.10,10816,11448192.00,23.08,-15.38,-0.02,2.70
2004-07-20,0.11,0.07,0.11,0.07,12877,13235820.00,36.36,-36.36,-0.04,3.22
2004-07-21,0.06,0.07,0.08,0.05,6406,6496209.00,42.86,0.00,0.00,1.60
2004-07-22,0.06,0.05,0.09,0.04,7733,7825698.00,71.43,-28.57,-0.02,1.93
2004-07-23,0.03,0.06,0.06,0.02,7363,7290852.00,80.00,20.00,0.01,1.84
2004-07-26,0.07,0.03,0.07,0.02,5046,4971811.00,83.33,-50.00,-0.03,1.26
2004-07-27,0.03,0.01,0.05,-0.01,7242,7029282.00,200.00,-66.67,-0.02,1.81
2004-07-28,0.01,0.01,0.02,-0.02,7300,6951168.00,400.00,0.00,0.00,1.82
2004-07-29,0.01,0.05,0.05,0.00,13226,13059949.00,500.00,400.00,0.04,3.31
2004-07-30,0.05,0.03,0.07,0.03,9365,9373076.00,80.00,-40.00,-0.02,2.34
2004-08-02,-0.02,-0.05,-0.02,-0.08,26626,24063875.00,200.00,-266.67,-0.08,6.66
2004-08-03,-0.06,-0.05,-0.04,-0.07,10296,9282195.00,-60.00,0.00,0.00,2.57
2004-08-04,-0.05,-0.03,-0.01,-0.06,11778,10936753.00,-100.00,40.00,0.02,2.94
2004-08-05,-0.03,-0.06,-0.02,-0.06,8328,7588736.00,-133.33,-100.00,-0.03,2.08
2004-08-06,-0.05,-0.08,-0.05,-0.09,11266,9913534.00,-66.67,-33.33,-0.02,2.82
2004-08-09,-0.08,-0.09,-0.08,-0.11,5911,5110147.00,-37.50,-12.50,-0.01,1.48
2004-08-10,-0.10,-0.07,-0.07,-0.10,4070,3572296.00,-33.33,22.22,0.02,1.02
2004-08-11,-0.07,-0.09,-0.06,-0.10,4059,3569795.00,-57.14,-28.57,-0.02,1.01
2004-08-12,-0.10,-0.10,-0.10,-0.11,5337,4580087.00,-11.11,-11.11,-0.01,1.33
2004-08-13,-0.10,-0.10,-0.09,-0.11,3537,3058247.00,-20.00,0.00,0.00,0.88
2004-08-16,-0.10,-0.12,-0.10,-0.13,6111,5154519.00,-30.00,-20.00,-0.02,1.53
2004-08-17,-0.13,-0.14,-0.12,-0.17,9544,7825275.00,-41.67,-16.67,-0.02,2.39
2004-08-18,-0.14,-0.15,-0.12,-0.16,5673,4692084.00,-28.57,-7.14,-0.01,1.42
2004-08-19,-0.15,-0.15,-0.13,-0.16,4669,3815499.00,-20.00,0.00,0.00,1.17
2004-08-20,-0.15,-0.17,-0.14,-0.18,5095,4112127.00,-26.67,-13.33,-0.02,1.27
2004-08-23,-0.18,-0.19,-0.17,-0.19,4688,3683467.00,-11.76,-11.76,-0.02,1.17
2004-08-24,-0.19,-0.16,-0.16,-0.20,5661,4525405.00,-21.05,15.79,0.03,1.42
2004-08-25,-0.17,-0.17,-0.16,-0.18,2139,1708642.00,-12.50,-6.25,-0.01,0.53
2004-08-26,-0.16,-0.18,-0.16,-0.18,2120,1680862.00,-11.76,-5.88,-0.01,0.53
2004-08-27,-0.18,-0.20,-0.18,-0.20,3637,2825983.00,-11.11,-11.11,-0.02,0.91
2004-08-30,-0.20,-0.19,-0.18,-0.23,7998,6107523.00,-25.00,5.00,0.01,2.00
2004-08-31,-0.15,-0.17,-0.12,-0.17,8228,6650402.00,-26.32,10.53,0.02,2.06
2004-09-01,-0.18,-0.20,-0.17,-0.20,2137,1675469.00,-17.65,-17.65,-0.03,0.53
2004-09-02,-0.20,-0.18,-0.18,-0.20,2517,1966965.00,-10.00,10.00,0.02,0.63
2004-09-03,-0.19,-0.18,-0.17,-0.19,1806,1429636.00,-11.11,0.00,0.00,0.45
2004-09-06,-0.17,-0.19,-0.17,-0.20,1970,1544447.00,-16.67,-5.56,-0.01,0.49
2004-09-07,-0.19,-0.18,-0.18,-0.19,1378,1083686.00,-5.26,5.26,0.01,0.34
2004-09-08,-0.18,-0.18,-0.17,-0.19,1547,1217926.00,-11.11,0.00,0.00,0.39
2004-09-09,-0.21,-0.21,-0.19,-0.21,2149,1650060.00,-11.11,-16.67,-0.03,0.54
2004-09-10,-0.21,-0.21,-0.20,-0.22,2055,1556534.00,-9.52,0.00,0.00,0.51
2004-09-13,-0.22,-0.25,-0.21,-0.25,3219,2392929.00,-19.05,-19.05,-0.04,0.80
2004-09-14,-0.22,-0.21,-0.20,-0.23,4573,3457357.00,-12.00,16.00,0.04,1.14
2004-09-15,-0.21,-0.13,-0.13,-0.21,24649,20172898.00,-38.10,38.10,0.08,6.16
2004-09-16,-0.13,-0.11,-0.10,-0.15,23198,19620657.00,-38.46,15.38,0.02,5.80
2004-09-17,-0.11,-0.09,-0.09,-0.12,20467,17618121.00,-27.27,18.18,0.02,5.12
2004-09-20,-0.08,-0.05,-0.04,-0.09,24434,21668449.00,-55.56,44.44,0.04,6.11
2004-09-21,-0.04,-0.06,-0.04,-0.08,16851,15152144.00,-80.00,-20.00,-0.01,4.21
2004-09-22,-0.06,-0.02,0.02,-0.11,37275,34059456.00,-216.67,66.67,0.04,9.32
2004-09-23,-0.03,-0.02,-0.02,-0.06,13963,12828848.00,-200.00,0.00,0.00,3.49
2004-09-24,-0.02,-0.08,0.00,-0.08,23140,21490997.00,-400.00,-300.00,-0.06,5.79
2004-09-27,-0.06,-0.10,-0.04,-0.11,9490,8379043.00,-87.50,-25.00,-0.02,2.37
2004-09-28,-0.09,-0.09,-0.07,-0.11,5721,4940570.00,-40.00,10.00,0.01,1.43
2004-09-29,-0.09,-0.11,-0.09,-0.11,4327,3733983.00,-22.22,-22.22,-0.02,1.08
2004-09-30,-0.11,-0.11,-0.09,-0.12,5479,4681861.00,-27.27,0.00,0.00,1.37
2004-10-08,-0.11,-0.06,-0.05,-0.12,10623,9447074.00,-63.64,45.45,0.05,2.66
2004-10-11,-0.02,-0.06,-0.02,-0.06,14917,13731064.00,-66.67,0.00,0.00,3.73
2004-10-12,-0.06,-0.06,-0.04,-0.07,7015,6353357.00,-50.00,0.00,0.00,1.75
2004-10-13,-0.05,-0.04,-0.04,-0.06,5959,5416342.00,-33.33,33.33,0.02,1.49
2004-10-14,-0.04,-0.14,-0.03,-0.14,11980,10259653.00,-275.00,-250.00,-0.10,2.99
2004-10-15,-0.16,-0.15,-0.13,-0.19,11017,8823009.00,-42.86,-7.14,-0.01,2.75
2004-10-18,-0.14,-0.15,-0.13,-0.16,6339,5213384.00,-20.00,0.00,0.00,1.58
2004-10-19,-0.14,-0.16,-0.13,-0.16,3956,3265750.00,-20.00,-6.67,-0.01,0.99
2004-10-20,-0.16,-0.18,-0.15,-0.19,5897,4665601.00,-25.00,-12.50,-0.02,1.47
2004-10-21,-0.19,-0.21,-0.17,-0.21,6202,4800274.00,-22.22,-16.67,-0.03,1.55
2004-10-22,-0.23,-0.18,-0.18,-0.26,4746,3664173.00,-38.10,14.29,0.03,1.19
2004-10-25,-0.18,-0.19,-0.16,-0.19,5131,4073176.00,-16.67,-5.56,-0.01,1.28
2004-10-26,-0.20,-0.17,-0.17,-0.21,3590,2810970.00,-21.05,10.53,0.02,0.90
2004-10-27,-0.17,-0.14,-0.14,-0.17,7273,5933140.00,-17.65,17.65,0.03,1.82
2004-10-28,-0.14,-0.15,-0.12,-0.16,7594,6290844.00,-28.57,-7.14,-0.01,1.90
2004-10-29,-0.17,-0.18,-0.15,-0.21,5719,4523473.00,-40.00,-20.00,-0.03,1.43
2004-11-01,-0.18,-0.14,-0.13,-0.20,13692,11192729.00,-38.89,22.22,0.04,3.42
2004-11-02,-0.14,-0.16,-0.13,-0.16,11937,9810900.00,-21.43,-14.29,-0.02,2.98
2004-11-03,-0.15,-0.12,-0.12,-0.16,8665,7191602.00,-25.00,25.00,0.04,2.17
2004-11-04,-0.12,-0.16,-0.12,-0.16,5643,4660773.00,-33.33,-33.33,-0.04,1.41
2004-11-05,-0.15,-0.16,-0.14,-0.17,3723,3027184.00,-18.75,0.00,0.00,0.93
2004-11-08,-0.16,-0.16,-0.15,-0.17,2777,2234423.00,-12.50,0.00,0.00,0.69
2004-11-09,-0.16,-0.15,-0.15,-0.17,2020,1634003.00,-12.50,6.25,0.01,0.51
2004-11-10,-0.15,-0.11,-0.11,-0.16,9528,7990210.00,-33.33,26.67,0.04,2.38
2004-11-11,-0.11,-0.12,-0.08,-0.12,13039,11247621.00,-36.36,-9.09,-0.01,3.26
2004-11-12,-0.12,-0.07,-0.06,-0.12,30047,26482138.00,-50.00,41.67,0.05,7.51
2004-11-15,-0.07,-0.06,-0.06,-0.09,14495,12897922.00,-42.86,14.29,0.01,3.62
2004-11-16,-0.06,-0.08,-0.06,-0.08,8523,7560031.00,-33.33,-33.33,-0.02,2.13
2004-11-17,-0.08,-0.09,-0.08,-0.10,6783,5892544.00,-25.00,-12.50,-0.01,1.70
2004-11-18,-0.10,-0.08,-0.08,-0.10,4024,3528837.00,-22.22,11.11,0.01,1.01
2004-11-19,-0.08,-0.08,-0.07,-0.09,4096,3593918.00,-25.00,0.00,0.00,1.02
2004-11-22,-0.07,-0.06,-0.05,-0.08,10097,9032982.00,-37.50,25.00,0.02,2.52
2004-11-23,-0.05,-0.06,-0.04,-0.06,14875,13562762.00,-33.33,0.00,0.00,3.72
2004-11-24,-0.06,-0.09,-0.06,-0.10,8443,7423931.00,-66.67,-50.00,-0.03,2.11
2004-11-25,-0.09,-0.09,-0.09,-0.10,4740,4099770.00,-11.11,0.00,0.00,1.18
2004-11-26,-0.09,-0.09,-0.08,-0.10,2844,2496444.00,-22.22,0.00,0.00,0.71
2004-11-29,-0.09,-0.12,-0.09,-0.12,4450,3808765.00,-33.33,-33.33,-0.03,1.11
2004-11-30,-0.12,-0.11,-0.11,-0.12,2774,2349404.00,-8.33,8.33,0.01,0.69
2004-12-01,-0.11,-0.11,-0.10,-0.12,1618,1379316.00,-18.18,0.00,0.00,0.40
2004-12-02,-0.12,-0.12,-0.12,-0.14,4027,3357443.00,-18.18,-9.09,-0.01,1.01
2004-12-03,-0.12,-0.10,-0.10,-0.12,3628,3095440.00,-16.67,16.67,0.02,0.91
2004-12-06,-0.10,-0.11,-0.10,-0.12,2325,1981273.00,-20.00,-10.00,-0.01,0.58
2004-12-07,-0.11,-0.13,-0.11,-0.13,2533,2138551.00,-18.18,-18.18,-0.02,0.63
2004-12-08,-0.13,-0.14,-0.12,-0.14,2199,1836296.00,-15.38,-7.69,-0.01,0.55
2004-12-09,-0.14,-0.13,-0.11,-0.14,3219,2703826.00,-21.43,7.14,0.01,0.80
2004-12-10,-0.13,-0.15,-0.12,-0.15,3222,2658078.00,-23.08,-15.38,-0.02,0.81
2004-12-13,-0.16,-0.15,-0.14,-0.16,1791,1454657.00,-13.33,0.00,0.00,0.45
2004-12-14,-0.15,-0.16,-0.15,-0.16,1698,1379080.00,-6.67,-6.67,-0.01,0.42
2004-12-15,-0.16,-0.17,-0.16,-0.18,3607,2880422.00,-12.50,-6.25,-0.01,0.90
2004-12-16,-0.17,-0.18,-0.17,-0.18,1825,1445749.00,-5.88,-5.88,-0.01,0.46
2004-12-17,-0.18,-0.20,-0.18,-0.20,2726,2111154.00,-11.11,-11.11,-0.02,0.68
2004-12-20,-0.21,-0.20,-0.20,-0.21,1366,1049204.00,-5.00,0.00,0.00,0.34
2004-12-21,-0.19,-0.20,-0.19,-0.21,1353,1044654.00,-10.00,0.00,0.00,0.34
2004-12-22,-0.20,-0.17,-0.17,-0.20,2113,1663969.00,-15.00,15.00,0.03,0.53
2004-12-23,-0.17,-0.19,-0.17,-0.19,1715,1352019.00,-11.76,-11.76,-0.02,0.43
2004-12-24,-0.19,-0.20,-0.19,-0.20,1322,1028137.00,-5.26,-5.26,-0.01,0.33
2004-12-27,-0.18,-0.20,-0.18,-0.20,997,771212.00,-10.00,0.00,0.00,0.25
2004-12-30,-0.21,-0.23,-0.21,-0.25,5577,4105206.00,-20.00,-15.00,-0.03,1.39
2004-12-31,-0.23,-0.24,-0.22,-0.24,1609,1190250.00,-8.70,-4.35,-0.01,0.40