2012-01-04,12.63,12.43,13.27,12.41,134782,201640702.00,6.96,0.57,0.07,0.46
2012-01-05,12.32,12.70,13.17,12.28,113554,169354542.00,7.16,2.17,0.27,0.39
2012-01-06,12.56,12.97,13.02,12.38,71426,106614415.00,5.04,2.13,0.27,0.25
2012-01-09,12.87,13.48,13.53,12.85,117541,180546235.00,5.24,3.93,0.51,0.40
2012-01-10,13.47,13.81,13.93,13.34,133755,211584753.00,4.38,2.45,0.33,0.46
2012-01-11,13.80,13.50,13.81,13.42,120770,189610661.00,2.82,-2.24,-0.31,0.41
2012-01-12,13.43,13.16,13.66,13.06,128060,197782841.00,4.44,-2.52,-0.34,0.44
2012-01-13,13.14,13.14,13.35,12.78,94281,143530379.00,4.33,-0.15,-0.02,0.32
2012-01-16,12.99,12.98,13.35,12.88,61862,94788108.00,3.58,-1.22,-0.16,0.21
2012-01-17,12.87,13.74,13.86,12.68,125849,195492703.00,9.09,5.86,0.76,0.43
2012-01-18,13.72,13.32,13.92,13.29,108299,170475806.00,4.59,-3.06,-0.42,0.37
2012-01-19,13.26,13.73,13.77,12.80,132933,206467702.00,7.28,3.08,0.41,0.46
2012-01-20,13.63,13.77,13.90,13.58,98406,156505439.00,2.33,0.29,0.04,0.34
2012-01-30,13.83,14.12,14.57,13.67,110288,178843327.00,6.54,2.54,0.35,0.38
2012-01-31,14.08,14.28,14.29,13.87,70364,114340687.00,2.97,1.13,0.16,0.24
2012-02-01,14.26,13.75,14.35,13.69,87337,141104899.00,4.62,-3.71,-0.53,0.30
2012-02-02,13.67,14.17,14.18,13.67,85551,137414388.00,3.71,3.05,0.42,0.29
2012-02-03,14.07,14.22,14.37,13.92,72844,118677392.00,3.18,0.35,0.05,0.25
2012-02-06,14.22,14.23,14.36,13.95,67541,109783232.00,2.88,0.07,0.01,0.23
2012-02-07,14.15,13.98,14.15,13.90,60714,97854520.00,1.76,-1.76,-0.25,0.21
2012-02-08,14.06,14.47,14.52,14.06,103088,169992954.00,3.29,3.51,0.49,0.35
2012-02-09,14.37,14.32,14.75,14.17,86932,144318572.00,4.01,-1.04,-0.15,0.30
2012-02-10,14.32,14.02,14.40,13.92,97968,158877423.00,3.35,-2.09,-0.30,0.34
2012-02-13,13.92,14.02,14.12,13.85,86134,139145137.00,1.93,0.00,0.00,0.30
2012-02-14,14.02,14.00,14.38,13.93,70361,114254318.00,3.21,-0.14,-0.02,0.24
2012-02-15,14.00,14.06,14.21,13.83,83473,134837907.00,2.71,0.43,0.06,0.29
2012-02-16,14.05,14.48,14.60,13.97,187347,310004400.00,4.48,2.99,0.42,0.64
2012-02-17,14.51,14.35,14.58,14.29,59834,99081633.00,2.00,-0.90,-0.13,0.21
2012-02-20,14.56,14.36,14.90,14.29,137367,230572933.00,4.25,0.07,0.01,0.47
2012-02-21,14.49,14.72,14.74,14.26,104698,174845301.00,3.34,2.51,0.36,0.36
2012-02-22,14.67,14.80,14.87,14.62,84565,142854618.00,1.70,0.54,0.08,0.29
2012-02-23,14.81,14.76,14.97,14.70,74902,126881444.00,1.82,-0.27,-0.04,0.26
2012-02-24,14.87,15.31,15.47,14.87,171131,296440160.00,4.07,3.73,0.55,0.59
2012-02-27,15.48,15.68,16.19,15.45,282710,508751312.00,4.83,2.42,0.37,0.97
2012-02-28,15.58,15.55,15.77,15.27,129056,227258913.00,3.19,-0.83,-0.13,0.44
2012-02-29,15.46,15.26,15.58,15.22,62823,109996216.00,2.32,-1.86,-0.29,0.22
2012-03-01,15.17,15.54,15.57,15.10,73600,128881396.00,3.08,1.83,0.28,0.25
2012-03-02,15.62,15.66,15.77,15.42,76301,135399473.00,2.25,0.77,0.12,0.26
2012-03-05,15.66,15.23,15.69,15.18,98326,172179207.00,3.26,-2.75,-0.43,0.34
2012-03-06,15.09,14.92,15.17,14.83,98861,168818152.00,2.23,-2.04,-0.31,0.34
2012-03-07,14.77,14.88,15.17,14.67,88134,150816516.00,3.35,-0.27,-0.04,0.30
2012-03-08,14.94,15.01,15.17,14.85,84330,144341421.00,2.15,0.87,0.13,0.29
2012-03-09,15.05,15.27,15.29,15.03,80847,140018579.00,1.73,1.73,0.26,0.28
2012-03-12,15.27,15.38,15.69,15.22,76940,134919398.00,3.08,0.72,0.11,0.26
2012-03-13,15.44,16.25,16.32,15.39,238077,430426432.00,6.05,5.66,0.87,0.82
2012-03-14,16.28,15.72,16.78,15.54,235393,433072384.00,7.63,-3.26,-0.53,0.81
2012-03-15,15.73,15.73,16.21,15.63,127966,230206191.00,3.69,0.06,0.01,0.44
2012-03-16,15.78,16.50,16.52,15.78,199186,366138224.00,4.70,4.90,0.77,0.68
2012-03-19,16.57,16.57,16.75,16.16,99173,184524734.00,3.58,0.42,0.07,0.34
2012-03-20,16.69,16.36,17.22,16.34,141192,266757341.00,5.31,-1.27,-0.21,0.49
2012-03-21,16.45,15.76,16.55,15.25,202830,363023920.00,7.95,-3.67,-0.60,0.70
2012-03-22,15.76,15.39,15.76,15.27,95518,167581517.00,3.11,-2.35,-0.37,0.33
2012-03-23,15.32,15.57,15.66,15.09,101074,176040419.00,3.70,1.17,0.18,0.35
2012-03-26,15.42,15.37,15.50,15.30,41072,71973032.00,1.28,-1.28,-0.20,0.14
2012-03-27,15.47,14.76,15.51,14.59,102786,175872090.00,5.99,-3.97,-0.61,0.35
2012-03-28,14.73,14.68,15.05,14.47,115702,195137453.00,3.93,-0.54,-0.08,0.40
2012-03-29,14.39,14.37,14.96,14.30,91956,152868978.00,4.50,-2.11,-0.31,0.32
2012-03-30,14.37,14.54,14.55,14.32,77213,127658548.00,1.60,1.18,0.17,0.27
2012-04-05,14.58,14.90,15.12,14.33,62666,106145982.00,5.43,2.48,0.36,0.22
2012-04-06,14.89,14.99,15.02,14.75,58620,99960186.00,1.81,0.60,0.09,0.20
2012-04-09,14.95,14.67,15.04,14.65,33780,57240849.00,2.60,-2.13,-0.32,0.12
2012-04-10,14.58,14.84,14.86,14.18,56025,93041664.00,4.64,1.16,0.17,0.19
2012-04-11,14.57,14.62,14.84,14.48,38585,64900381.00,2.43,-1.48,-0.22,0.13
2012-04-12,14.72,15.02,15.04,14.57,63175,107272470.00,3.21,2.74,0.40,0.22
2012-04-13,15.03,15.04,15.22,14.87,49932,85677497.00,2.33,0.13,0.02,0.17
2012-04-16,15.00,14.87,15.00,14.74,27269,46436423.00,1.73,-1.13,-0.17,0.09
2012-04-17,14.87,14.25,15.00,14.22,79014,131467525.00,5.25,-4.17,-0.62,0.27
2012-04-18,14.35,15.02,15.16,14.33,91892,155109108.00,5.82,5.40,0.77,0.32
2012-04-19,14.96,15.23,15.41,14.87,88438,153291337.00,3.60,1.40,0.21,0.30
2012-04-20,15.22,15.31,15.43,15.15,52039,90597565.00,1.84,0.53,0.08,0.18
2012-04-23,15.33,15.10,15.39,14.97,54583,94276531.00,2.74,-1.37,-0.21,0.19
2012-04-24,14.98,14.88,15.55,14.71,113540,195255354.00,5.56,-1.46,-0.22,0.39
2012-04-25,14.86,14.99,15.14,14.63,64379,110128018.00,3.43,0.74,0.11,0.22
2012-04-26,15.05,15.13,15.37,14.96,77829,134490549.00,2.74,0.93,0.14,0.27
2012-04-27,15.37,15.86,15.97,15.37,211866,378440192.00,3.97,4.82,0.73,0.73
2012-05-02,16.15,16.03,16.30,15.85,123286,224359172.00,2.84,1.07,0.17,0.42
2012-05-03,15.95,16.26,16.28,15.89,100366,183072312.00,2.43,1.43,0.23,0.34
2012-05-04,16.26,16.36,16.47,16.01,92385,169893934.00,2.83,0.62,0.10,0.32
2012-05-07,16.14,16.20,16.28,15.68,118204,213939366.00,3.67,-0.98,-0.16,0.41
2012-05-08,16.42,16.27,17.02,16.17,208326,388515808.00,5.25,0.43,0.07,0.72
2012-05-09,16.07,16.88,17.24,15.93,260515,493885904.00,8.05,3.75,0.61,0.90
2012-05-10,16.88,17.26,17.56,16.62,216221,418476336.00,5.57,2.25,0.38,0.74
2012-05-11,17.21,16.36,17.21,16.30,180774,338239616.00,5.27,-5.21,-0.90,0.62
2012-05-14,16.43,16.36,16.96,16.08,140495,261795631.00,5.38,0.00,0.00,0.48
2012-05-15,16.25,16.54,16.60,16.16,94963,175813282.00,2.69,1.10,0.18,0.33
2012-05-16,16.41,15.97,16.72,15.95,99288,182033144.00,4.66,-3.45,-0.57,0.34
2012-05-17,15.88,16.13,16.27,15.87,63240,115305151.00,2.50,1.00,0.16,0.22
2012-05-18,15.97,15.85,16.31,15.78,57677,104558157.00,3.29,-1.74,-0.28,0.20
2012-05-21,15.87,16.17,16.32,15.87,53289,97410980.00,2.84,2.02,0.32,0.18
2012-05-22,16.37,16.53,16.74,16.22,76175,142329244.00,3.22,2.23,0.36,0.26
2012-05-23,16.47,16.61,16.76,16.26,65878,122631690.00,3.02,0.48,0.08,0.23
2012-05-24,16.39,16.42,16.72,16.37,65894,123291384.00,2.11,-1.14,-0.19,0.23
2012-05-25,16.43,15.86,16.50,15.79,75359,137220121.00,4.32,-3.41,-0.56,0.26
2012-05-28,15.83,16.09,16.15,15.60,124537,224303254.00,3.47,1.45,0.23,0.43
2012-05-29,16.00,16.37,16.49,15.93,174074,319159600.00,3.48,1.74,0.28,0.60
2012-05-30,16.27,15.93,16.32,15.83,123472,224523493.00,2.99,-2.69,-0.44,0.42
2012-05-31,15.73,15.72,15.92,15.50,81675,145434585.00,2.64,-1.32,-0.21,0.28
2012-06-01,15.66,15.72,15.89,15.62,72695,129834411.00,1.72,0.00,0.00,0.25
2012-06-04,15.32,14.75,15.55,14.74,107155,184828055.00,5.15,-6.17,-0.97,0.37
2012-06-06,14.88,14.46,14.95,14.36,61730,103566253.00,4.00,-1.97,-0.29,0.21
2012-06-07,14.68,14.58,14.87,14.40,47915,80659836.00,3.25,0.83,0.12,0.16
2012-06-08,14.76,14.58,14.77,14.43,43687,73235169.00,2.33,0.00,0.00,0.15
2012-06-11,14.60,15.06,15.11,14.60,54470,92866876.00,3.50,3.29,0.48,0.19
2012-06-12,14.97,14.78,14.97,14.69,57714,97577452.00,1.86,-1.86,-0.28,0.20
2012-06-13,14.79,14.99,15.04,14.61,40311,68332261.00,2.91,1.42,0.21,0.14
2012-06-14,14.95,14.57,14.97,14.54,51346,86573342.00,2.87,-2.80,-0.42,0.18
2012-06-15,14.72,14.80,14.81,14.57,36392,61264775.00,1.65,1.58,0.23,0.13
2012-06-18,15.02,15.05,15.34,14.93,50658,86232044.00,2.77,1.69,0.25,0.17
2012-06-19,15.10,14.89,15.13,14.85,30480,51523810.00,1.86,-1.06,-0.16,0.10
2012-06-20,14.91,15.02,15.09,14.90,49454,83830070.00,1.28,0.87,0.13,0.17
2012-06-21,14.91,14.35,14.95,14.12,60146,98487262.00,5.53,-4.46,-0.67,0.21
2012-06-25,14.31,13.32,14.31,13.08,99512,154065120.00,8.57,-7.18,-1.03,0.34
2012-06-26,13.26,13.40,13.53,13.12,59491,90849641.00,3.08,0.60,0.08,0.20
2012-06-27,13.63,14.33,14.94,13.62,234256,384399952.00,9.85,6.94,0.93,0.80
2012-06-28,14.32,13.97,14.49,13.89,110297,177311286.00,4.19,-2.51,-0.36,0.38
2012-06-29,13.73,14.56,14.82,13.45,132170,214501317.00,9.81,4.22,0.59,0.45
2012-07-02,14.78,15.13,15.23,14.56,125607,213334203.00,4.60,3.91,0.57,0.43
2012-07-03,15.14,15.35,16.03,15.14,157695,275815344.00,5.88,1.45,0.22,0.54
2012-07-04,15.46,15.37,15.99,15.05,95506,166670191.00,6.12,0.13,0.02,0.33
2012-07-05,15.13,15.08,15.41,15.05,61898,106151352.00,2.34,-1.89,-0.29,0.21
2012-07-06,15.25,15.38,15.58,14.85,73975,127270382.00,4.84,1.99,0.30,0.25
2012-07-09,15.24,14.94,15.42,14.86,69696,119327244.00,3.64,-2.86,-0.44,0.24
2012-07-10,14.93,15.08,15.24,14.40,92429,154898042.00,5.62,0.94,0.14,0.32
2012-07-11,14.84,15.05,15.15,14.76,87394,148181481.00,2.59,-0.20,-0.03,0.30
2012-07-12,15.04,15.28,15.50,14.58,80406,136832473.00,6.11,1.53,0.23,0.28
2012-07-13,15.28,15.13,15.43,15.12,58761,101306616.00,2.03,-0.98,-0.15,0.20
2012-07-16,15.05,14.72,15.41,14.70,64564,109854060.00,4.69,-2.71,-0.41,0.22
2012-07-17,14.68,15.34,15.45,14.65,74972,128382690.00,5.43,4.21,0.62,0.26
2012-07-18,15.18,15.63,15.89,15.18,161986,284356784.00,4.63,1.89,0.29,0.56
2012-07-19,15.75,15.99,16.05,15.53,144937,258103149.00,3.33,2.30,0.36,0.50
2012-07-20,15.88,15.74,16.40,15.61,105750,189671888.00,4.94,-1.56,-0.25,0.36
2012-07-23,15.53,15.55,15.88,15.35,78504,137669538.00,3.37,-1.21,-0.19,0.27
2012-07-24,15.55,15.82,16.01,15.46,73635,130906247.00,3.54,1.74,0.27,0.25
2012-07-25,15.65,15.60,16.00,15.55,54314,96244427.00,2.84,-1.39,-0.22,0.19
2012-07-26,15.60,15.15,15.75,15.11,48784,84907039.00,4.10,-2.88,-0.45,0.17
2012-07-27,15.30,14.35,15.33,14.25,140344,231490938.00,7.13,-5.28,-0.80,0.48
2012-07-30,14.40,14.50,14.93,14.27,59359,97877761.00,4.60,1.05,0.15,0.20
2012-07-31,14.38,14.60,14.64,14.36,49912,82143982.00,1.93,0.69,0.10,0.17
2012-08-01,14.57,14.68,14.91,14.36,58267,96810006.00,3.77,0.55,0.08,0.20
2012-08-02,14.67,14.15,14.67,14.10,48207,78730319.00,3.88,-3.61,-0.53,0.17
2012-08-03,14.17,14.76,14.90,14.17,60618,99817834.00,5.16,4.31,0.61,0.21
2012-08-06,14.90,15.05,15.08,14.65,85089,143256570.00,2.91,1.96,0.29,0.29
2012-08-07,15.01,14.99,15.24,14.74,74277,125952115.00,3.32,-0.40,-0.06,0.26
2012-08-08,15.05,14.95,15.10,14.74,60014,101204149.00,2.40,-0.27,-0.04,0.21
2012-08-09,14.92,15.44,15.45,14.88,91080,156707296.00,3.81,3.28,0.49,0.31
2012-08-10,15.41,15.23,15.45,15.20,58424,100714216.00,1.62,-1.36,-0.21,0.20
2012-08-13,15.23,14.86,15.26,14.82,46418,78687452.00,2.89,-2.43,-0.37,0.16
2012-08-14,14.85,15.39,15.47,14.68,100989,173220909.00,5.32,3.57,0.53,0.35
2012-08-15,15.40,14.93,15.50,14.85,63725,108765980.00,4.22,-2.99,-0.46,0.22
2012-08-16,14.85,14.65,15.00,14.64,36915,61696395.00,2.41,-1.88,-0.28,0.13
2012-08-17,14.73,14.83,15.13,14.69,36173,60781785.00,3.00,1.23,0.18,0.12
2012-08-20,14.73,14.87,14.93,14.56,34671,57816789.00,2.49,0.27,0.04,0.12
2012-08-21,14.85,14.94,15.13,14.80,40297,68014402.00,2.22,0.47,0.07,0.14
2012-08-22,15.13,15.00,15.21,14.90,63941,108757359.00,2.07,0.40,0.06,0.22
2012-08-23,15.00,14.90,15.08,14.68,38349,64568028.00,2.67,-0.67,-0.10,0.13
2012-08-24,14.71,14.22,14.75,13.95,86616,140930112.00,5.37,-4.56,-0.68,0.30
2012-08-27,14.22,14.25,14.50,13.97,49460,80030282.00,3.73,0.21,0.03,0.17
2012-08-28,14.21,14.39,14.48,14.06,36192,58821901.00,2.95,0.98,0.14,0.12
2012-08-29,14.42,14.09,14.51,14.08,33286,54233438.00,2.99,-2.08,-0.30,0.11
2012-08-30,14.05,14.23,14.40,13.87,39399,63479132.00,3.76,0.99,0.14,0.14
2012-08-31,14.10,14.23,14.33,14.10,18021,29153875.00,1.62,0.00,0.00,0.06
2012-09-03,14.23,14.49,14.55,14.12,37349,61078009.00,3.02,1.83,0.26,0.13
2012-09-04,14.43,14.26,14.54,14.25,24911,40666504.00,2.00,-1.59,-0.23,0.09
2012-09-05,14.25,14.28,14.46,14.11,23399,38018343.00,2.45,0.14,0.02,0.08
2012-09-06,14.20,14.36,14.54,14.20,33596,55026384.00,2.38,0.56,0.08,0.12
2012-09-07,14.49,15.07,15.25,14.45,95190,161238816.00,5.57,4.94,0.71,0.33
2012-09-10,15.15,15.11,15.27,14.93,80401,136677742.00,2.26,0.27,0.04,0.28
2012-09-11,15.15,14.95,15.20,14.84,57477,97273011.00,2.38,-1.06,-0.16,0.20
2012-09-12,15.05,15.11,15.18,14.95,83797,142551464.00,1.54,1.07,0.16,0.29
2012-09-13,15.13,14.84,15.17,14.80,42535,72099049.00,2.45,-1.79,-0.27,0.15
2012-09-14,15.02,14.94,15.14,14.78,54750,92722704.00,2.43,0.67,0.10,0.19
2012-09-17,14.94,14.69,15.04,14.68,31640,53182847.00,2.41,-1.67,-0.25,0.11
2012-09-18,14.53,14.55,14.80,14.51,23760,39425163.00,1.97,-0.95,-0.14,0.08
2012-09-19,14.54,14.46,14.62,14.43,22081,36384741.00,1.31,-0.62,-0.09,0.08
2012-09-20,14.40,13.85,14.41,13.78,54217,86480860.00,4.36,-4.22,-0.61,0.19
2012-09-21,13.85,13.52,14.00,13.43,75729,117804225.00,4.12,-2.38,-0.33,0.26
2012-09-24,13.55,13.63,13.72,13.36,26339,40924896.00,2.66,0.81,0.11,0.09
2012-09-25,13.55,13.92,13.98,13.55,36329,57285999.00,3.15,2.13,0.29,0.12
2012-09-26,13.92,13.62,13.95,13.58,21015,32858254.00,2.66,-2.16,-0.30,0.07
2012-09-27,13.62,14.01,14.13,13.62,35782,56913371.00,3.74,2.86,0.39,0.12
2012-09-28,14.05,14.26,14.36,13.93,46427,74613889.00,3.07,1.78,0.25,0.16
2012-10-08,14.29,13.98,14.33,13.96,25107,40190346.00,2.59,-1.96,-0.28,0.09
2012-10-09,14.20,14.34,14.40,14.10,53185,86357423.00,2.15,2.58,0.36,0.18
2012-10-10,14.32,14.30,14.35,14.19,28008,45444591.00,1.12,-0.28,-0.04,0.10
2012-10-11,14.25,14.08,14.30,14.05,25152,40506975.00,1.75,-1.54,-0.22,0.09
2012-10-12,14.24,14.18,14.35,14.07,20722,33491597.00,1.99,0.71,0.10,0.07
2012-10-15,14.17,14.20,14.28,14.08,27314,44138012.00,1.41,0.14,0.02,0.09
2012-10-16,14.19,14.35,14.39,14.17,33345,54240426.00,1.55,1.06,0.15,0.11
2012-10-17,14.45,14.34,14.51,14.28,29524,48253429.00,1.60,-0.07,-0.01,0.10
2012-10-18,14.40,14.51,14.51,14.34,29993,49227611.00,1.19,1.19,0.17,0.10
2012-10-19,14.45,14.45,14.59,14.36,29478,48303099.00,1.59,-0.41,-0.06,0.10
2012-10-22,14.36,14.37,14.43,14.18,24703,40056114.00,1.73,-0.55,-0.08,0.08
2012-10-23,14.33,14.13,14.38,14.11,19202,31006555.00,1.88,-1.67,-0.24,0.07
2012-10-24,14.10,14.01,14.10,13.72,23196,36833865.00,2.69,-0.85,-0.12,0.08
2012-10-25,13.86,13.91,14.05,13.86,13579,21587435.00,1.36,-0.71,-0.10,0.05
2012-10-26,13.89,13.92,14.03,13.79,20694,32791349.00,1.73,0.07,0.01,0.07
2012-10-29,13.85,14.17,14.21,13.85,30601,49022757.00,2.59,1.80,0.25,0.11
2012-10-30,14.16,13.93,14.24,13.88,23184,37032730.00,2.54,-1.69,-0.24,0.08
2012-10-31,13.95,13.86,14.02,13.76,18195,28710324.00,1.87,-0.50,-0.07,0.06
2012-11-01,13.85,14.31,14.31,13.85,34246,55216669.00,3.32,3.25,0.45,0.12
2012-11-02,14.31,14.32,14.44,14.21,23690,38536901.00,1.61,0.07,0.01,0.08
2012-11-05,14.35,14.31,14.42,14.22,21711,35308552.00,1.40,-0.07,-0.01,0.07
2012-11-06,14.32,14.29,14.34,13.96,26490,42578493.00,2.66,-0.14,-0.02,0.09
2012-11-07,14.33,14.20,14.35,14.15,14217,23019872.00,1.40,-0.63,-0.09,0.05
2012-11-08,14.09,13.87,14.15,13.85,17276,27522206.00,2.11,-2.32,-0.33,0.06
2012-11-09,13.84,13.85,14.03,13.84,13779,21844064.00,1.37,-0.14,-0.02,0.05
2012-11-12,13.86,13.84,13.93,13.56,25308,39754229.00,2.67,-0.07,-0.01,0.09
2012-11-13,13.76,13.78,13.83,13.57,22010,34478438.00,1.88,-0.43,-0.06,0.08
2012-11-14,13.77,13.77,13.91,13.72,13097,20633440.00,1.38,-0.07,-0.01,0.05
2012-11-15,13.71,13.52,13.81,13.51,21423,33426934.00,2.18,-1.82,-0.25,0.07
2012-11-16,13.52,13.59,13.72,13.40,29237,45473211.00,2.37,0.52,0.07,0.10
2012-11-19,13.58,13.68,13.84,13.50,29468,46254336.00,2.50,0.66,0.09,0.10
2012-11-20,13.73,13.60,13.95,13.55,15908,24873391.00,2.92,-0.58,-0.08,0.05
2012-11-21,13.60,13.90,13.90,13.60,23798,37429719.00,2.21,2.21,0.30,0.08
2012-11-22,13.84,13.75,13.85,13.67,11054,17384344.00,1.29,-1.08,-0.15,0.04
2012-11-23,13.85,13.86,13.91,13.71,15204,24020537.00,1.45,0.80,0.11,0.05
2012-11-26,13.84,13.63,13.84,13.55,23899,37383482.00,2.09,-1.66,-0.23,0.08
2012-11-27,13.51,13.09,13.61,13.07,29272,44609324.00,3.96,-3.96,-0.54,0.10
2012-11-28,13.10,13.05,13.22,13.03,21045,31687798.00,1.45,-0.31,-0.04,0.07
2012-11-29,13.06,12.90,13.20,12.83,18602,27689866.00,2.84,-1.15,-0.15,0.06
2012-11-30,12.91,13.07,13.10,12.86,18763,28007891.00,1.86,1.32,0.17,0.06
2012-12-03,12.96,12.97,13.08,12.86,17947,26879321.00,1.68,-0.77,-0.10,0.06
2012-12-04,13.04,13.05,13.10,12.66,21033,31183145.00,3.39,0.62,0.08,0.07
2012-12-05,12.98,13.44,13.54,12.92,40845,62451365.00,4.75,2.99,0.39,0.14
2012-12-06,13.53,13.46,13.53,13.29,20753,31840093.00,1.79,0.15,0.02,0.07
2012-12-07,13.45,13.92,13.95,13.38,67373,105941018.00,4.23,3.42,0.46,0.23
2012-12-10,14.11,14.31,14.85,14.11,77883,127721879.00,5.32,2.80,0.39,0.27
2012-12-11,14.19,14.27,14.41,14.07,34344,55752432.00,2.38,-0.28,-0.04,0.12
2012-12-12,14.27,14.29,14.31,14.14,21820,35355829.00,1.19,0.14,0.02,0.07
2012-12-13,14.20,14.19,14.42,14.15,21224,34393576.00,1.89,-0.70,-0.10,0.07
2012-12-14,14.27,14.72,14.78,14.20,57899,95889586.00,4.09,3.74,0.53,0.20
2012-12-17,14.75,14.81,15.14,14.58,58382,98157469.00,3.80,0.61,0.09,0.20
2012-12-18,14.54,13.86,14.54,13.38,297339,465250816.00,7.83,-6.41,-0.95,1.02
2012-12-19,13.64,13.70,13.78,13.56,94318,147336758.00,1.59,-1.15,-0.16,0.32
2012-12-20,13.67,13.83,13.87,13.63,74976,117920214.00,1.75,0.95,0.13,0.26
2012-12-21,13.80,13.83,14.20,13.80,102470,163274282.00,2.89,0.00,0.00,0.35
2012-12-24,13.85,13.86,13.97,13.74,34488,54480693.00,1.66,0.22,0.03,0.12
2012-12-25,13.85,14.08,14.15,13.71,77389,123353341.00,3.17,1.59,0.22,0.27
2012-12-26,14.08,14.50,14.74,14.00,131556,215017363.00,5.26,2.98,0.42,0.45
2012-12-27,14.56,14.26,14.64,14.20,68217,111240596.00,3.03,-1.66,-0.24,0.23
2012-12-28,14.40,14.30,14.45,14.09,68008,109921730.00,2.52,0.28,0.04,0.23
2012-12-31,14.24,14.45,14.52,14.02,105832,171423455.00,3.50,1.05,0.15,0.36