2023-01-03,41.10,43.00,43.15,41.10,4364,18539032.00,4.99,4.67,1.92,1.15
2023-01-04,43.09,43.90,43.95,42.31,3851,16657481.00,3.81,2.09,0.90,1.02
2023-01-05,44.50,45.53,45.71,43.69,5067,22746842.00,4.60,3.71,1.63,1.34
2023-01-06,45.50,44.01,45.53,43.98,3789,16930845.00,3.40,-3.34,-1.52,1.00
2023-01-09,44.40,44.32,45.70,44.05,2836,12693544.00,3.75,0.70,0.31,0.75
2023-01-10,44.04,43.75,44.48,43.50,2711,11897029.00,2.21,-1.29,-0.57,0.71
2023-01-11,43.95,42.16,43.95,42.00,2795,11987798.00,4.46,-3.63,-1.59,0.74
2023-01-12,42.20,42.16,42.68,41.61,2872,12078657.00,2.54,0.00,0.00,0.76
2023-01-13,42.20,41.72,42.20,41.00,2660,11054951.00,2.85,-1.04,-0.44,0.70
2023-01-16,42.19,43.17,43.20,41.82,5129,21785673.00,3.31,3.48,1.45,1.35
2023-01-17,42.63,42.56,43.26,42.35,2815,12036029.00,2.11,-1.41,-0.61,0.74
2023-01-18,42.25,42.30,42.88,42.11,2726,11575567.00,1.81,-0.61,-0.26,0.72
2023-01-19,42.59,43.27,43.34,42.30,3983,17076022.00,2.46,2.29,0.97,1.05
2023-01-20,43.22,43.51,43.90,42.91,3130,13561236.00,2.29,0.55,0.24,0.83