2023-01-03,16.23,16.70,16.75,16.22,28815,47839233.00,3.25,2.45,0.40,1.14
2023-01-04,16.75,16.75,16.85,16.50,26228,43802310.00,2.10,0.30,0.05,1.04
2023-01-05,16.84,16.67,16.84,16.54,29538,49187004.00,1.79,-0.48,-0.08,1.17
2023-01-06,16.65,16.59,16.82,16.55,18427,30742536.00,1.62,-0.48,-0.08,0.73
2023-01-09,16.67,16.36,16.68,16.31,23928,39389606.00,2.23,-1.39,-0.23,0.94
2023-01-10,16.30,16.21,16.43,16.11,14634,23715820.00,1.96,-0.92,-0.15,0.58
2023-01-11,16.12,15.90,16.29,15.90,21935,35255110.00,2.41,-1.91,-0.31,0.87
2023-01-12,16.43,16.15,16.59,15.97,32412,52632578.00,3.90,1.57,0.25,1.28
2023-01-13,16.13,16.28,16.55,16.01,25672,41829658.00,3.34,0.80,0.13,1.01
2023-01-16,16.25,17.20,17.55,16.25,83634,142232138.00,7.99,5.65,0.92,3.30
2023-01-17,17.22,17.36,17.48,17.05,46383,80400134.00,2.50,0.93,0.16,1.83
2023-01-18,17.48,18.05,18.36,17.30,75511,134993376.00,6.11,3.97,0.69,2.98
2023-01-19,17.92,18.36,18.56,17.85,55657,101624443.00,3.93,1.72,0.31,2.20
2023-01-20,18.37,18.29,18.54,18.20,44154,81090421.00,1.85,-0.38,-0.07,1.74
2023-01-30,18.56,19.02,19.17,18.40,72388,136403813.00,4.21,3.99,0.73,2.86
2023-01-31,18.81,18.78,18.98,18.70,21373,40229438.00,1.47,-1.26,-0.24,0.84