2020-01-02,12.75,12.93,12.96,12.66,52363,68700900.00,2.37,2.29,0.29,2.38
2020-01-03,12.96,13.01,13.10,12.87,49176,65220937.00,1.78,0.62,0.08,2.24
2020-01-06,13.03,13.12,13.32,12.89,70072,93696778.00,3.31,0.85,0.11,3.19
2020-01-07,13.12,13.21,13.22,13.01,46637,62438753.00,1.60,0.69,0.09,2.12
2020-01-08,13.22,12.92,13.39,12.92,68601,91878583.00,3.56,-2.20,-0.29,3.12
2020-01-09,13.17,13.35,13.54,13.02,90703,122924259.00,4.02,3.33,0.43,4.13
2020-01-10,13.54,13.15,13.54,13.12,63318,85620717.00,3.15,-1.50,-0.20,2.88
2020-01-13,13.15,13.36,13.38,13.02,69013,93250750.00,2.74,1.60,0.21,3.14
2020-01-14,13.43,13.24,13.49,13.21,60378,82065423.00,2.10,-0.90,-0.12,2.75
2020-01-15,13.26,13.34,13.36,13.09,47547,64142102.00,2.04,0.76,0.10,2.16
2020-01-16,13.32,13.14,13.39,13.13,42197,56883768.00,1.95,-1.50,-0.20,1.92
2020-01-17,13.21,13.05,13.29,13.04,39508,53016721.00,1.90,-0.68,-0.09,1.80
2020-01-20,13.10,13.59,13.59,12.97,113564,155114916.00,4.75,4.14,0.54,5.17
2020-01-21,13.59,13.73,13.83,13.40,110338,153516542.00,3.16,1.03,0.14,5.02
2020-01-22,13.56,14.04,14.13,13.42,120135,168875418.00,5.17,2.26,0.31,5.47
2020-01-23,13.77,13.49,14.33,13.15,139735,196203419.00,8.40,-3.92,-0.55,6.36
2020-02-03,12.12,12.12,12.12,12.12,13481,16689478.00,0.00,-10.16,-1.37,0.61
2020-02-04,10.92,11.55,11.84,10.92,127096,149515554.00,7.59,-4.70,-0.57,5.78
2020-02-05,11.57,11.65,11.93,11.44,109776,131454193.00,4.24,0.87,0.10,4.99
2020-02-06,11.75,11.91,11.99,11.49,86569,104404608.00,4.29,2.23,0.26,3.94
2020-02-07,11.83,12.25,12.44,11.78,92262,114562763.00,5.54,2.85,0.34,4.20
2020-02-10,12.10,12.52,12.66,12.05,75572,95815882.00,4.98,2.20,0.27,3.44
2020-02-11,12.56,12.30,12.56,12.21,62126,78307734.00,2.80,-1.76,-0.22,2.83
2020-02-12,12.34,12.49,12.54,12.23,68056,86299354.00,2.52,1.54,0.19,3.10
2020-02-13,12.47,12.52,12.76,12.36,72835,93248719.00,3.20,0.24,0.03,3.31
2020-02-14,12.45,12.74,12.99,12.44,84564,109824472.00,4.39,1.76,0.22,3.85
2020-02-17,12.94,13.29,13.31,12.84,110727,148407431.00,3.69,4.32,0.55,5.04
2020-02-18,13.28,13.69,13.72,13.17,122143,168311942.00,4.14,3.01,0.40,5.56
2020-02-19,13.74,13.69,14.12,13.52,155634,219212864.00,4.38,0.00,0.00,7.08
2020-02-20,13.82,14.01,14.04,13.52,128586,181432786.00,3.80,2.34,0.32,5.85
2020-02-21,13.95,14.08,14.34,13.92,133907,192945885.00,3.00,0.50,0.07,6.09
2020-02-24,14.44,14.93,15.18,14.26,194881,293343664.00,6.53,6.04,0.85,8.87
2020-02-25,14.45,15.48,15.70,14.45,300278,464404896.00,8.37,3.68,0.55,13.66
2020-02-26,15.18,14.35,15.45,14.24,220813,332845168.00,7.82,-7.30,-1.13,10.05
2020-02-27,14.53,14.39,14.82,14.10,125460,185072221.00,5.02,0.28,0.04,5.71
2020-02-28,13.40,13.61,14.10,13.40,156131,219299140.00,4.86,-5.42,-0.78,7.10
2020-03-02,13.88,14.59,14.84,13.74,154306,223908393.00,8.08,7.20,0.98,7.02
2020-03-03,15.09,14.69,15.44,14.54,192591,294378464.00,6.17,0.69,0.10,8.76
2020-03-04,14.42,14.67,15.15,14.35,139398,208375271.00,5.45,-0.14,-0.02,6.34
2020-03-05,15.26,14.64,15.34,14.47,135779,204737747.00,5.93,-0.20,-0.03,6.18
2020-03-06,14.25,15.43,15.50,14.25,230989,354065280.00,8.54,5.40,0.79,10.51
2020-03-09,15.34,16.00,17.00,15.12,410853,682352912.00,12.18,3.69,0.57,18.69
2020-03-10,15.80,17.05,17.21,15.04,389327,641961696.00,13.56,6.56,1.05,17.71
2020-03-11,16.86,16.00,17.17,15.90,333931,559518736.00,7.45,-6.16,-1.05,15.19
2020-03-12,15.45,15.31,15.94,14.88,216105,337909760.00,6.63,-4.31,-0.69,9.83
2020-03-13,14.64,15.43,15.80,14.51,207813,318671184.00,8.43,0.78,0.12,9.45
2020-03-16,15.49,13.94,15.52,13.86,193988,288171888.00,10.76,-9.66,-1.49,8.83
2020-03-17,14.05,14.12,14.32,13.47,125883,179057221.00,6.10,1.29,0.18,5.73
2020-03-18,14.29,13.38,14.47,13.31,157679,224596624.00,8.22,-5.24,-0.74,7.17
2020-03-19,13.38,13.87,14.02,13.22,137258,190361045.00,5.98,3.66,0.49,6.24
2020-03-20,14.03,13.95,14.09,13.72,99291,140822060.00,2.67,0.58,0.08,4.52
2020-03-23,13.32,13.65,14.32,13.27,116179,163256185.00,7.53,-2.15,-0.30,5.29
2020-03-24,14.01,14.00,14.14,13.34,112573,158684811.00,5.86,2.56,0.35,5.12
2020-03-25,14.34,14.06,14.44,13.96,94521,136256569.00,3.43,0.43,0.06,4.30
2020-03-26,13.85,13.63,13.89,13.50,73892,103256591.00,2.77,-3.06,-0.43,3.36
2020-03-27,13.79,13.44,13.99,13.44,69961,97861259.00,4.04,-1.39,-0.19,3.18
2020-03-30,13.20,12.42,13.20,12.22,88205,113592131.00,7.29,-7.59,-1.02,4.01
2020-03-31,12.64,12.39,12.82,12.34,67178,85963655.00,3.86,-0.24,-0.03,3.06
2020-04-01,12.35,12.34,12.69,12.26,55125,70258363.00,3.47,-0.40,-0.05,2.51
2020-04-02,12.34,12.73,12.76,12.27,63739,81643692.00,3.97,3.16,0.39,2.90
2020-04-03,12.62,12.58,12.83,12.50,48521,62602328.00,2.59,-1.18,-0.15,2.21
2020-04-07,12.83,13.03,13.21,12.70,83240,109705690.00,4.05,3.58,0.45,3.79
2020-04-08,12.89,13.14,13.30,12.83,86539,115529496.00,3.61,0.84,0.11,3.94
2020-04-09,13.64,13.80,14.04,13.32,137481,191260351.00,5.48,5.02,0.66,6.26
2020-04-10,13.54,13.00,13.64,12.99,92094,124457371.00,4.71,-5.80,-0.80,4.19
2020-04-13,12.77,12.54,12.95,12.47,49120,63276025.00,3.69,-3.54,-0.46,2.23
2020-04-14,12.65,12.74,12.77,12.55,41862,54162289.00,1.75,1.59,0.20,1.90
2020-04-15,12.76,12.43,12.79,12.42,45675,58807906.00,2.90,-2.43,-0.31,2.08
2020-04-16,12.37,12.51,12.56,12.30,41064,52194191.00,2.09,0.64,0.08,1.87
2020-04-17,12.59,12.49,12.79,12.44,54360,70113118.00,2.80,-0.16,-0.02,2.47
2020-04-20,12.55,12.75,12.75,12.46,37963,48970932.00,2.32,2.08,0.26,1.73
2020-04-21,12.70,13.00,13.00,12.59,66446,86879785.00,3.22,1.96,0.25,3.02
2020-04-22,12.94,13.15,13.19,12.76,54305,72058628.00,3.31,1.15,0.15,2.47
2020-04-23,13.23,12.84,13.24,12.83,52291,69091286.00,3.12,-2.36,-0.31,2.38
2020-04-24,12.29,11.54,12.38,11.53,141525,172044604.00,6.62,-10.12,-1.30,6.44
2020-04-27,11.67,11.14,11.70,11.11,76567,88559363.00,5.11,-3.47,-0.40,3.48
2020-04-28,11.23,10.75,11.23,10.00,94613,102537045.00,11.04,-3.50,-0.39,4.30
2020-04-29,10.75,10.64,10.90,10.54,37168,40833478.00,3.35,-1.02,-0.11,1.69
2020-04-30,10.67,11.14,11.20,10.66,49831,56230020.00,5.08,4.70,0.50,2.27
2020-05-06,10.99,11.42,11.43,10.97,54304,62621066.00,4.13,2.51,0.28,2.47
2020-05-07,11.41,11.42,11.79,11.38,54783,64706369.00,3.59,0.00,0.00,2.49
2020-05-08,11.53,11.51,11.74,11.49,44507,52718596.00,2.19,0.79,0.09,2.02
2020-05-11,11.69,11.78,12.09,11.57,79208,95471061.00,4.52,2.35,0.27,3.60
2020-05-12,11.57,11.59,11.66,11.37,55932,65851886.00,2.46,-1.61,-0.19,2.54
2020-05-13,11.36,11.45,11.57,11.36,33782,39617430.00,1.81,-1.21,-0.14,1.54
2020-05-14,11.42,11.28,11.52,11.23,40336,46973636.00,2.53,-1.48,-0.17,1.84
2020-05-15,11.28,11.35,11.57,11.28,39279,45944747.00,2.57,0.62,0.07,0.93
2020-05-18,11.37,11.01,11.44,10.89,46185,52525709.00,4.85,-3.00,-0.34,1.10
2020-05-19,11.12,11.16,11.22,11.03,31179,35525709.00,1.73,1.36,0.15,0.74
2020-05-20,11.12,10.84,11.14,10.74,51675,57707810.00,3.58,-2.87,-0.32,1.23
2020-05-21,10.80,10.60,10.92,10.55,47250,51853278.00,3.41,-2.21,-0.24,1.12
2020-05-22,10.78,10.30,10.78,10.24,50787,54429769.00,5.09,-2.83,-0.30,1.21
2020-05-25,10.25,10.13,10.34,10.06,45873,47881510.00,2.72,-1.65,-0.17,1.09
2020-05-26,10.20,10.45,10.48,10.18,42278,45014645.00,2.96,3.16,0.32,1.00
2020-05-27,10.52,10.46,10.63,10.35,48894,52503180.00,2.68,0.10,0.01,1.16
2020-05-28,10.56,10.30,10.56,10.05,41889,44160668.00,4.88,-1.53,-0.16,0.99
2020-05-29,10.08,10.26,10.46,10.08,37427,39613346.00,3.69,-0.39,-0.04,0.89
2020-06-01,10.26,10.74,10.78,10.26,54396,59177612.00,5.07,4.68,0.48,1.29
2020-06-02,10.77,10.88,10.90,10.71,40246,44688730.00,1.77,1.30,0.14,0.96
2020-06-03,10.93,10.82,11.07,10.81,43324,48390313.00,2.39,-0.55,-0.06,1.03
2020-06-04,10.86,10.74,10.89,10.63,33479,36775444.00,2.40,-0.74,-0.08,0.80
2020-06-05,10.83,10.78,10.96,10.66,33018,36546068.00,2.79,0.37,0.04,0.78
2020-06-08,10.80,10.92,11.23,10.79,55324,62599628.00,4.08,1.30,0.14,1.31
2020-06-09,10.94,11.00,11.03,10.74,39169,43839146.00,2.66,0.73,0.08,0.93
2020-06-10,10.95,10.81,10.99,10.75,33042,36620513.00,2.18,-1.73,-0.19,0.78
2020-06-11,10.82,10.88,11.04,10.79,39076,43662321.00,2.31,0.65,0.07,0.93
2020-06-12,10.56,10.83,10.88,10.55,31615,34804685.00,3.03,-0.46,-0.05,0.75
2020-06-15,10.83,10.69,10.88,10.69,33293,36739927.00,1.75,-1.29,-0.14,0.79
2020-06-16,10.82,10.96,10.98,10.79,38601,43068814.00,1.78,2.53,0.27,0.92
2020-06-17,10.99,10.93,11.03,10.80,34678,38195541.00,2.10,-0.27,-0.03,0.82
2020-06-18,10.96,11.26,11.32,10.87,68096,76398569.00,4.12,3.02,0.33,1.62
2020-06-19,11.26,11.10,11.26,11.06,42868,48121579.00,1.78,-1.42,-0.16,1.02
2020-06-22,11.13,11.14,11.26,11.07,41069,46316912.00,1.71,0.36,0.04,0.98
2020-06-23,11.09,11.03,11.19,10.96,34734,38709277.00,2.06,-0.99,-0.11,0.82
2020-06-24,11.15,11.17,11.23,10.98,46376,52035789.00,2.27,1.27,0.14,1.10
2020-06-29,11.16,10.90,11.16,10.85,35459,39197837.00,2.78,-2.42,-0.27,0.84
2020-06-30,10.92,11.57,11.87,10.92,119600,138434631.00,8.72,6.15,0.67,2.84
2020-07-01,11.55,11.38,11.67,11.24,83773,96410083.00,3.72,-1.64,-0.19,1.99
2020-07-02,11.31,11.42,11.49,11.19,66613,76505551.00,2.64,0.35,0.04,1.58
2020-07-03,11.37,11.58,11.68,11.32,65691,76529185.00,3.15,1.40,0.16,1.56
2020-07-06,11.74,12.15,12.24,11.68,100931,121878875.00,4.84,4.92,0.57,2.40
2020-07-07,12.45,12.15,12.52,12.05,101756,126520598.00,3.87,0.00,0.00,2.42
2020-07-08,12.16,12.52,12.53,12.09,92816,115848197.00,3.62,3.05,0.37,2.20
2020-07-09,12.69,12.78,12.79,12.42,103334,131791288.00,2.96,2.08,0.26,2.45
2020-07-10,12.67,12.57,12.78,12.45,80185,101959282.00,2.58,-1.64,-0.21,1.90
2020-07-13,12.59,13.08,13.14,12.55,97604,127434907.00,4.69,4.06,0.51,2.32
2020-07-14,13.35,13.16,13.62,12.90,111880,149470828.00,5.50,0.61,0.08,2.66
2020-07-15,13.34,12.63,13.34,12.44,85514,110425268.00,6.84,-4.03,-0.53,2.03
2020-07-16,12.59,11.99,12.77,11.93,83542,104000717.00,6.65,-5.07,-0.64,1.98
2020-07-17,12.01,11.89,12.17,11.76,54958,66180847.00,3.42,-0.83,-0.10,1.31
2020-07-20,12.00,12.25,12.25,11.93,45020,55047847.00,2.69,3.03,0.36,1.07
2020-07-21,12.19,12.18,12.32,12.05,38328,47078907.00,2.20,-0.57,-0.07,0.91
2020-07-22,12.19,12.24,12.40,12.12,44384,55010435.00,2.30,0.49,0.06,1.05
2020-07-23,12.14,12.01,12.22,11.72,51429,62036038.00,4.08,-1.88,-0.23,1.22
2020-07-24,11.96,11.59,12.29,11.52,62132,74668700.00,6.41,-3.50,-0.42,1.48
2020-07-27,11.59,11.41,11.68,11.30,42028,48470884.00,3.28,-1.55,-0.18,1.00
2020-07-28,11.44,11.62,11.66,11.44,31471,36705120.00,1.93,1.84,0.21,0.75
2020-07-29,11.62,12.08,12.09,11.50,53702,64478760.00,5.08,3.96,0.46,1.28
2020-07-30,12.16,12.24,12.53,12.08,71109,88670333.00,3.73,1.32,0.16,1.69
2020-07-31,12.25,12.53,12.63,12.25,66525,83637499.00,3.10,2.37,0.29,1.58
2020-08-03,12.58,12.67,12.78,12.58,64884,82876601.00,1.60,1.12,0.14,1.54
2020-08-04,12.69,12.49,12.79,12.40,59952,75821532.00,3.08,-1.42,-0.18,1.42
2020-08-05,12.55,12.66,12.78,12.49,53533,68227912.00,2.32,1.36,0.17,1.27
2020-08-06,12.59,12.82,12.85,12.45,64760,82906713.00,3.16,1.26,0.16,1.54
2020-08-07,12.74,12.42,12.76,12.26,57774,72574681.00,3.90,-3.12,-0.40,1.37
2020-08-10,12.32,12.41,12.59,12.26,42417,53318146.00,2.66,-0.08,-0.01,1.01
2020-08-11,12.37,11.80,12.43,11.80,62124,75692103.00,5.08,-4.92,-0.61,1.48
2020-08-12,11.80,11.82,11.89,11.47,46039,54212079.00,3.56,0.17,0.02,1.09
2020-08-13,11.72,11.97,12.06,11.72,31327,37742490.00,2.88,1.27,0.15,0.74
2020-08-14,11.92,12.04,12.05,11.82,25769,31046374.00,1.92,0.58,0.07,0.61
2020-08-17,12.04,12.22,12.26,11.99,35048,42956809.00,2.24,1.50,0.18,0.83
2020-08-18,12.28,12.14,12.29,12.07,31799,38988168.00,1.80,-0.65,-0.08,0.76
2020-08-19,12.08,11.79,12.10,11.74,35077,42116167.00,2.97,-2.88,-0.35,0.83
2020-08-20,11.77,11.82,12.02,11.59,27520,32885815.00,3.65,0.25,0.03,0.65
2020-08-21,11.84,11.85,11.96,11.73,22927,27416130.00,1.95,0.25,0.03,0.54
2020-08-24,11.81,12.04,12.08,11.70,36679,44222755.00,3.21,1.60,0.19,0.87
2020-08-25,11.98,11.93,12.12,11.89,28985,35097490.00,1.91,-0.91,-0.11,0.69
2020-08-26,12.17,12.31,12.76,12.14,110693,138311683.00,5.20,3.19,0.38,2.63
2020-08-27,12.25,12.51,12.57,12.20,70901,88914593.00,3.01,1.62,0.20,1.68
2020-08-28,12.44,12.46,12.54,12.28,50904,63687646.00,2.08,-0.40,-0.05,1.21
2020-08-31,12.49,12.62,12.85,12.41,68697,87850892.00,3.53,1.28,0.16,1.63
2020-09-01,12.57,12.72,12.81,12.57,52823,67748563.00,1.90,0.79,0.10,1.25
2020-09-02,12.65,12.85,12.95,12.65,66719,86340236.00,2.36,1.02,0.13,1.58
2020-09-03,12.85,12.84,13.03,12.77,62037,80783745.00,2.02,-0.08,-0.01,1.47
2020-09-04,12.59,12.80,12.94,12.48,62568,80382783.00,3.58,-0.31,-0.04,1.49
2020-09-07,12.76,12.69,13.01,12.67,75660,98164352.00,2.66,-0.86,-0.11,1.80
2020-09-08,12.72,13.04,13.16,12.70,78941,103324497.00,3.62,2.76,0.35,1.87
2020-09-09,12.94,12.63,13.13,12.49,89457,115912253.00,4.91,-3.14,-0.41,2.12
2020-09-10,12.78,11.70,12.78,11.67,86307,105784596.00,8.79,-7.36,-0.93,2.05
2020-09-11,11.63,11.67,11.71,11.42,49942,58450819.00,2.48,-0.26,-0.03,1.19
2020-09-14,11.70,11.88,11.95,11.66,31266,37371210.00,2.49,1.80,0.21,0.74
2020-09-15,11.88,11.69,11.94,11.59,34415,40754935.00,2.95,-1.60,-0.19,0.82
2020-09-16,11.87,11.53,11.87,11.43,32100,37398276.00,3.76,-1.37,-0.16,0.76
2020-09-17,11.53,11.57,11.66,11.45,24825,28974246.00,1.82,0.35,0.04,0.59
2020-09-18,11.60,11.74,11.77,11.50,32070,37733593.00,2.33,1.47,0.17,0.76
2020-09-21,11.79,11.68,11.87,11.61,27497,32584795.00,2.21,-0.51,-0.06,0.65
2020-09-22,11.50,11.51,11.69,11.46,23076,26931959.00,1.97,-1.46,-0.17,0.55
2020-09-23,11.74,11.59,11.74,11.52,19653,22982093.00,1.91,0.70,0.08,0.47
2020-09-24,11.49,11.24,11.54,11.20,28963,33077052.00,2.93,-3.02,-0.35,0.69
2020-09-25,11.29,11.16,11.34,11.04,26975,30333666.00,2.67,-0.71,-0.08,0.64
2020-09-28,11.17,11.12,11.25,11.08,18463,20786369.00,1.52,-0.36,-0.04,0.44
2020-09-29,11.14,11.15,11.27,11.05,20332,22973023.00,1.98,0.27,0.03,0.48
2020-09-30,11.17,11.03,11.18,10.97,18741,20969534.00,1.88,-1.08,-0.12,0.45
2020-10-09,11.16,11.34,11.46,11.09,26446,30339337.00,3.35,2.81,0.31,0.63
2020-10-12,11.42,11.64,11.70,11.34,35624,41728220.00,3.17,2.65,0.30,0.85
2020-10-13,11.65,11.65,11.67,11.52,20757,24327602.00,1.29,0.09,0.01,0.49
2020-10-14,11.58,11.59,11.69,11.52,18408,21552028.00,1.46,-0.52,-0.06,0.44
2020-10-15,11.56,11.47,11.61,11.45,18328,21308344.00,1.38,-1.04,-0.12,0.44
2020-10-16,11.47,11.43,11.51,11.34,14802,17044490.00,1.48,-0.35,-0.04,0.35
2020-10-19,11.47,11.44,11.64,11.39,20403,23674611.00,2.19,0.09,0.01,0.48
2020-10-20,11.36,11.49,11.51,11.24,18232,20932621.00,2.36,0.44,0.05,0.43
2020-10-21,11.49,11.38,11.51,11.30,15371,17643252.00,1.83,-0.96,-0.11,0.37
2020-10-22,11.31,11.35,11.47,11.17,20652,23648703.00,2.64,-0.26,-0.03,0.49
2020-10-23,11.34,11.26,11.44,11.22,17693,20256977.00,1.94,-0.79,-0.09,0.42
2020-10-26,11.26,11.34,11.39,11.13,12122,13830285.00,2.31,0.71,0.08,0.29
2020-10-27,11.34,11.15,11.40,11.15,22729,25733762.00,2.20,-1.68,-0.19,0.54
2020-10-28,11.13,10.93,11.19,10.79,31734,35012273.00,3.59,-1.97,-0.22,0.75
2020-10-29,10.79,10.89,10.99,10.66,22548,24842258.00,3.02,-0.37,-0.04,0.54
2020-10-30,10.95,10.52,11.03,10.52,27291,29637887.00,4.68,-3.40,-0.37,0.65
2020-11-02,10.56,10.61,10.64,10.20,21355,22643993.00,4.18,0.86,0.09,0.51
2020-11-03,10.60,10.84,10.93,10.59,20466,22350931.00,3.20,2.17,0.23,0.49
2020-11-04,10.88,10.76,10.91,10.67,16955,18421648.00,2.21,-0.74,-0.08,0.40
2020-11-05,10.77,11.14,11.24,10.77,45432,50609728.00,4.37,3.53,0.38,1.08
2020-11-06,11.10,11.17,11.28,11.04,28966,32646854.00,2.15,0.27,0.03,0.69
2020-11-09,11.19,11.33,11.47,11.19,34889,40008368.00,2.51,1.43,0.16,0.83
2020-11-10,11.44,11.22,11.44,11.17,21161,24052334.00,2.38,-0.97,-0.11,0.50
2020-11-11,11.22,11.00,11.28,10.96,28542,31842348.00,2.85,-1.96,-0.22,0.68
2020-11-12,11.04,11.02,11.14,10.95,15262,16993449.00,1.73,0.18,0.02,0.36
2020-11-13,10.98,10.92,10.99,10.80,20064,22052405.00,1.72,-0.91,-0.10,0.48
2020-11-16,10.92,10.97,11.04,10.82,15523,17189697.00,2.01,0.46,0.05,0.37
2020-11-17,11.00,10.94,11.02,10.85,16883,18599142.00,1.55,-0.27,-0.03,0.40
2020-11-18,10.95,11.14,11.34,10.92,33985,38386840.00,3.84,1.83,0.20,0.81
2020-11-19,11.25,11.26,11.35,11.09,22269,25307515.00,2.33,1.08,0.12,0.53
2020-11-20,11.26,11.28,11.47,11.18,22017,25061548.00,2.58,0.18,0.02,0.52
2020-11-23,11.28,11.26,11.32,11.13,19680,22282953.00,1.68,-0.18,-0.02,0.47
2020-11-24,11.25,11.54,12.21,11.25,53831,62895935.00,8.53,2.49,0.28,1.28
2020-11-25,11.65,11.79,11.84,11.46,57085,67380451.00,3.29,2.17,0.25,1.36
2020-11-26,11.67,11.69,11.92,11.62,40604,48200790.00,2.54,-0.85,-0.10,0.96
2020-11-27,11.69,11.59,11.79,11.44,35428,41459615.00,2.99,-0.86,-0.10,0.84
2020-11-30,11.62,11.77,11.87,11.60,38069,45101876.00,2.33,1.55,0.18,0.90
2020-12-01,11.81,11.72,11.86,11.66,25241,29923679.00,1.70,-0.42,-0.05,0.60
2020-12-02,11.73,11.72,11.88,11.61,25950,30693935.00,2.30,0.00,0.00,0.62
2020-12-03,11.76,11.48,11.76,11.45,31152,36404557.00,2.65,-2.05,-0.24,0.74
2020-12-04,11.48,11.51,11.57,11.35,19927,23041692.00,1.92,0.26,0.03,0.47
2020-12-07,11.52,11.45,11.61,11.42,15043,17485783.00,1.65,-0.52,-0.06,0.36
2020-12-08,11.45,11.35,11.49,11.30,22092,25379315.00,1.66,-0.87,-0.10,0.52
2020-12-09,11.43,11.40,12.08,11.30,46792,54593450.00,6.87,0.44,0.05,1.11
2020-12-10,11.30,10.91,11.36,10.89,40704,45345776.00,4.12,-4.30,-0.49,0.97
2020-12-11,10.84,10.49,10.93,10.36,51421,54882805.00,5.22,-3.85,-0.42,1.22
2020-12-14,10.54,10.42,10.66,10.32,24528,25812414.00,3.24,-0.67,-0.07,0.58
2020-12-15,10.44,10.41,10.49,10.35,13274,13972597.00,1.34,-0.10,-0.01,0.32
2020-12-16,10.42,10.20,10.46,10.18,16534,17182228.00,2.69,-2.02,-0.21,0.39
2020-12-17,10.16,10.37,10.37,9.87,30351,30931233.00,4.90,1.67,0.17,0.72
2020-12-18,10.40,10.25,10.42,10.17,12500,12992909.00,2.41,-1.16,-0.12,0.30
2020-12-21,10.19,10.98,11.09,10.11,60944,65829451.00,9.56,7.12,0.73,1.45
2020-12-22,10.97,10.89,11.14,10.70,42647,47198361.00,4.01,-0.82,-0.09,1.01
2020-12-23,10.83,11.14,11.19,10.61,36981,40671615.00,5.33,2.30,0.25,0.88
2020-12-24,11.24,10.89,11.67,10.87,74971,86333258.00,7.18,-2.24,-0.25,1.78
2020-12-25,10.69,10.75,10.85,10.59,17760,19226533.00,2.39,-1.29,-0.14,0.42
2020-12-28,10.64,10.40,10.69,10.33,18554,19609668.00,3.35,-3.26,-0.35,0.44
2020-12-29,10.40,10.84,11.02,10.36,32906,35898090.00,6.35,4.23,0.44,0.78
2020-12-30,10.79,10.76,10.87,10.69,15299,16628244.00,1.66,-0.74,-0.08,0.36
2020-12-31,10.77,10.94,11.07,10.73,18082,19898926.00,3.16,1.67,0.18,0.43