2021-01-04,27.63,27.86,28.03,27.41,153598,435706144.00,2.25,0.91,0.25,1.83
2021-01-05,27.79,28.26,28.33,27.68,187883,539315936.00,2.33,1.44,0.40,2.23
2021-01-06,28.40,29.24,29.67,27.89,325566,959478992.00,6.30,3.47,0.98,3.87
2021-01-07,28.88,28.31,29.02,27.96,229091,665869600.00,3.63,-3.18,-0.93,2.72
2021-01-08,28.14,28.75,29.03,28.02,178864,522795952.00,3.57,1.55,0.44,2.13
2021-01-11,28.88,28.95,29.28,28.51,200601,593380688.00,2.68,0.70,0.20,2.39
2021-01-12,28.94,29.10,29.26,28.85,152885,454016192.00,1.42,0.52,0.15,1.82
2021-01-13,28.97,28.17,28.98,28.05,200262,578633616.00,3.20,-3.20,-0.93,2.38
2021-01-14,28.20,29.60,29.96,28.20,373433,1120481824.00,6.25,5.08,1.43,4.44
2021-01-15,29.60,29.30,29.60,28.96,177346,529133248.00,2.16,-1.01,-0.30,2.11
2021-01-18,29.12,29.32,29.73,28.83,179900,537532592.00,3.07,0.07,0.02,2.14
2021-01-19,29.34,28.67,29.46,28.49,161992,475051776.00,3.31,-2.22,-0.65,1.93
2021-01-20,28.54,28.42,28.62,27.96,130631,377571376.00,2.30,-0.87,-0.25,1.55
2021-01-21,28.42,29.09,29.37,28.42,177472,525085664.00,3.34,2.36,0.67,2.11
2021-01-22,29.02,29.93,30.07,28.79,285253,860445136.00,4.40,2.89,0.84,3.39
2021-01-25,30.15,29.17,30.25,29.10,222834,668372752.00,3.84,-2.54,-0.76,2.65
2021-01-26,28.93,28.37,28.95,28.18,155341,451543792.00,2.64,-2.74,-0.80,1.85
2021-01-27,28.35,28.10,28.82,28.10,113263,328629424.00,2.54,-0.95,-0.27,1.35
2021-01-28,27.90,26.74,27.91,26.65,183345,507143776.00,4.48,-4.84,-1.36,2.18
2021-01-29,27.38,27.18,27.60,26.90,136521,380689216.00,2.62,1.65,0.44,1.62
2021-02-01,27.38,27.49,27.75,27.09,109925,307799312.00,2.43,1.14,0.31,1.31
2021-02-02,27.54,27.55,28.17,27.53,122515,347590752.00,2.33,0.22,0.06,1.46
2021-02-03,28.28,27.17,28.38,27.14,129713,366176480.00,4.50,-1.38,-0.38,1.54
2021-02-04,26.70,25.82,26.70,25.74,180477,482029360.00,3.53,-4.97,-1.35,2.15
2021-02-05,25.80,25.73,26.19,25.40,118103,311001440.00,3.06,-0.35,-0.09,1.40
2021-02-08,25.46,25.12,25.55,24.82,129255,332684832.00,2.84,-2.37,-0.61,1.54
2021-02-09,25.14,25.58,25.67,24.94,99771,259638823.00,2.91,1.83,0.46,1.19
2021-02-10,26.62,27.39,27.92,26.62,251829,700055472.00,5.08,7.08,1.81,2.99
2021-02-18,27.40,27.11,28.05,27.00,160343,447490544.00,3.83,-1.02,-0.28,1.91
2021-02-19,27.10,27.22,27.31,26.56,116339,320794160.00,2.77,0.41,0.11,1.38
2021-02-22,27.47,27.35,27.71,27.16,166476,466168800.00,2.02,0.48,0.13,1.98
2021-02-23,26.97,27.17,27.35,26.71,100862,278745472.00,2.34,-0.66,-0.18,1.20
2021-02-24,27.27,28.25,28.51,27.02,295267,844495136.00,5.48,3.97,1.08,3.51
2021-02-25,28.10,27.72,28.15,27.52,172455,489303824.00,2.23,-1.88,-0.53,2.05
2021-02-26,27.37,27.49,27.74,27.09,110201,309107344.00,2.34,-0.83,-0.23,1.31
2021-03-01,27.54,27.87,27.95,27.29,123221,347751008.00,2.40,1.38,0.38,1.47
2021-03-02,27.94,27.43,28.08,27.07,135353,380401968.00,3.62,-1.58,-0.44,1.61
2021-03-03,27.30,27.25,27.54,27.16,101801,283687632.00,1.39,-0.66,-0.18,1.21
2021-03-04,27.11,26.38,27.16,26.21,146977,398696784.00,3.49,-3.19,-0.87,1.75
2021-03-05,26.06,26.49,26.57,26.05,79567,214187999.00,1.97,0.42,0.11,0.95
2021-03-08,26.52,26.98,27.35,26.43,152452,418953888.00,3.47,1.85,0.49,1.81
2021-03-09,27.05,27.50,27.77,26.88,195183,546370192.00,3.30,1.93,0.52,2.32
2021-03-10,27.56,26.40,27.70,26.38,143556,392773888.00,4.80,-4.00,-1.10,1.71
2021-03-11,26.25,27.15,27.17,26.04,118743,323610608.00,4.28,2.84,0.75,1.41
2021-03-12,27.24,27.10,28.02,27.05,133253,373499728.00,3.57,-0.18,-0.05,1.58
2021-03-15,26.75,26.44,26.83,26.28,91439,247848300.00,2.03,-2.44,-0.66,1.09
2021-03-16,26.33,26.41,26.54,26.20,51967,140149437.00,1.29,-0.11,-0.03,0.62
2021-03-17,26.40,26.46,26.62,26.30,57900,156530548.00,1.21,0.19,0.05,0.69
2021-03-18,26.41,26.48,26.63,26.22,54855,148484252.00,1.55,0.08,0.02,0.65
2021-03-19,26.33,25.94,26.49,25.85,80696,215790108.00,2.42,-2.04,-0.54,0.96
2021-03-22,25.90,26.02,26.14,25.83,52048,138442990.00,1.20,0.31,0.08,0.62
2021-03-23,26.02,25.80,26.15,25.68,59392,157176519.00,1.81,-0.85,-0.22,0.71
2021-03-24,25.75,25.44,25.93,25.28,62347,163124480.00,2.52,-1.40,-0.36,0.74
2021-03-25,25.38,25.58,25.70,25.36,39495,103276451.00,1.34,0.55,0.14,0.47
2021-03-26,25.66,25.76,25.85,25.56,53462,140722915.00,1.13,0.70,0.18,0.64
2021-03-29,25.76,26.03,26.21,25.46,67006,177672588.00,2.91,1.05,0.27,0.80
2021-03-30,25.90,25.90,26.03,25.78,44225,117032951.00,0.96,-0.50,-0.13,0.53
2021-03-31,25.96,25.64,25.98,25.53,52266,137173379.00,1.74,-1.00,-0.26,0.62
2021-04-01,25.65,25.85,25.94,25.60,44073,116270748.00,1.33,0.82,0.21,0.52
2021-04-02,25.90,25.93,26.15,25.89,52935,140659125.00,1.01,0.31,0.08,0.63
2021-04-06,26.01,26.06,26.36,25.98,67268,179802557.00,1.47,0.50,0.13,0.80
2021-04-07,26.00,25.74,26.04,25.59,61724,162321178.00,1.73,-1.23,-0.32,0.73
2021-04-08,25.71,25.76,25.90,25.51,64618,170172268.00,1.52,0.08,0.02,0.77
2021-04-09,25.77,25.62,25.89,25.43,57647,150932695.00,1.79,-0.54,-0.14,0.69
2021-04-12,25.61,25.34,25.62,25.10,91834,238204263.00,2.03,-1.09,-0.28,1.09
2021-04-13,25.34,25.50,25.61,25.23,55872,145631145.00,1.50,0.63,0.16,0.66
2021-04-14,25.53,25.48,25.67,25.39,47035,122881261.00,1.10,-0.08,-0.02,0.56
2021-04-15,25.43,25.69,25.78,25.21,63217,164682755.00,2.24,0.82,0.21,0.75
2021-04-16,25.70,26.27,26.48,25.51,108462,289387824.00,3.78,2.26,0.58,1.29
2021-04-19,26.12,26.31,26.45,26.01,113644,305625728.00,1.67,0.15,0.04,1.35
2021-04-20,26.25,26.34,26.70,26.15,111093,300836352.00,2.09,0.11,0.03,1.32
2021-04-21,26.23,26.62,26.77,26.09,101364,275092528.00,2.58,1.06,0.28,1.21
2021-04-22,26.62,26.53,26.85,26.25,104988,284695392.00,2.25,-0.34,-0.09,1.25
2021-04-23,26.54,27.05,27.20,26.31,146054,401891408.00,3.35,1.96,0.52,1.74
2021-04-26,29.82,28.60,29.82,28.06,560201,1654918528.00,6.51,5.73,1.55,6.66
2021-04-27,29.33,30.55,31.38,28.33,700880,2118894240.00,10.66,6.82,1.95,8.33
2021-04-28,30.70,29.70,30.70,29.20,442471,1340433328.00,4.91,-2.78,-0.85,5.26
2021-04-29,29.90,29.62,30.36,29.28,339767,1033539792.00,3.64,-0.27,-0.08,4.04
2021-04-30,29.89,31.20,31.27,29.70,535672,1672806400.00,5.30,5.33,1.58,6.37
2021-05-06,31.39,30.66,33.39,30.56,580265,1884250528.00,9.07,-1.73,-0.54,6.90
2021-05-07,30.27,29.35,30.40,29.11,369757,1114178064.00,4.21,-4.27,-1.31,4.40
2021-05-10,29.31,29.78,30.03,28.87,325153,977155552.00,3.95,1.47,0.43,3.87
2021-05-11,29.70,29.29,29.74,28.68,282537,843457104.00,3.56,-1.65,-0.49,3.36
2021-05-12,29.06,29.53,29.74,28.25,275531,816422736.00,5.09,0.82,0.24,3.28
2021-05-13,29.15,30.19,30.51,29.00,293865,899098448.00,5.11,2.24,0.66,3.49
2021-05-14,29.91,30.00,30.86,29.70,276479,852848080.00,3.84,-0.63,-0.19,3.29
2021-05-17,30.00,31.23,31.46,29.43,354540,1112375504.00,6.77,4.10,1.23,4.22
2021-05-18,31.02,30.80,31.06,30.34,213665,667663248.00,2.31,-1.38,-0.43,2.54
2021-05-19,30.75,30.21,31.10,29.79,180710,554323296.00,4.25,-1.92,-0.59,2.15
2021-05-20,30.21,30.61,31.08,29.90,190137,586064992.00,3.91,1.32,0.40,2.26
2021-05-21,30.70,29.74,30.85,29.70,185873,563311408.00,3.76,-2.84,-0.87,2.21
2021-05-24,29.50,29.75,29.89,29.15,150115,448635440.00,2.49,0.03,0.01,1.78
2021-05-25,29.70,29.72,30.28,29.61,138016,416904240.00,2.25,-0.10,-0.03,1.64
2021-05-26,29.71,30.25,30.32,29.26,183268,552299808.00,3.57,1.78,0.53,2.18
2021-05-27,30.10,30.52,30.92,29.85,201436,620070720.00,3.54,0.89,0.27,2.40
2021-05-28,30.55,29.77,30.62,29.58,171064,518363552.00,3.41,-2.46,-0.75,2.03
2021-05-31,29.76,29.85,30.21,29.69,143003,432324880.00,1.75,0.27,0.08,1.70
2021-06-01,29.65,30.91,31.10,29.60,251598,770852704.00,5.03,3.55,1.06,2.99
2021-06-02,30.88,30.96,31.20,30.48,201823,630562912.00,2.33,0.16,0.05,2.40
2021-06-03,30.99,30.04,31.12,30.01,148728,456459920.00,3.59,-2.97,-0.92,1.77
2021-06-04,30.68,32.81,32.97,30.60,567434,1847690480.00,7.89,9.22,2.77,6.75
2021-06-07,32.59,32.61,33.00,31.76,352527,1152192336.00,3.78,-0.61,-0.20,4.19
2021-06-08,32.89,33.63,34.69,32.51,476014,1629956960.00,6.69,3.13,1.02,5.66
2021-06-09,33.60,33.68,34.03,33.05,223194,755776336.00,2.91,0.15,0.05,2.65
2021-06-10,33.59,33.35,34.40,32.96,252968,855137776.00,4.28,-0.98,-0.33,3.01
2021-06-11,33.31,33.25,34.50,33.10,246404,837602192.00,4.20,-0.30,-0.10,2.93
2021-06-15,33.33,33.73,33.95,32.50,225709,760257392.00,4.36,1.44,0.48,2.68
2021-06-16,33.41,33.05,34.30,32.98,163286,554429024.00,3.91,-2.02,-0.68,1.94
2021-06-17,33.05,33.58,34.05,33.00,133565,453100976.00,3.18,1.60,0.53,1.59
2021-06-18,34.24,35.83,36.44,33.74,422597,1509420304.00,8.04,6.70,2.25,5.02
2021-06-21,35.84,36.53,36.98,35.43,282274,1032219872.00,4.33,1.95,0.70,3.36
2021-06-22,36.50,37.10,37.47,36.36,231192,862276208.00,3.04,1.56,0.57,2.75
2021-06-23,37.03,37.10,37.36,36.15,194728,723150816.00,3.26,0.00,0.00,2.32
2021-06-24,36.91,36.60,37.28,36.30,150393,555635088.00,2.64,-1.35,-0.50,1.79
2021-06-25,36.80,36.37,36.88,35.73,163401,597603104.00,3.14,-0.63,-0.23,1.94
2021-06-28,36.40,37.18,37.92,36.39,208497,783788400.00,4.21,2.23,0.81,2.48
2021-06-29,37.18,36.68,37.58,36.32,164372,611068640.00,3.39,-1.34,-0.50,1.95
2021-06-30,36.68,37.83,38.08,36.58,206807,782519168.00,4.09,3.14,1.15,2.19
2021-07-01,38.29,37.50,38.38,37.15,164769,624656384.00,3.25,-0.87,-0.33,1.74
2021-07-02,37.62,36.70,37.75,36.31,173315,645292544.00,3.84,-2.13,-0.80,1.84
2021-07-05,36.75,38.15,38.49,36.75,193073,740086704.00,4.74,3.95,1.45,2.04
2021-07-06,37.98,37.38,38.22,36.91,161030,607080432.00,3.43,-2.02,-0.77,1.71
2021-07-07,37.00,41.13,41.15,36.85,453475,1838965792.00,11.50,10.03,3.75,4.80
2021-07-08,40.80,40.74,41.47,40.11,213622,876104448.00,3.31,-0.95,-0.39,2.26
2021-07-09,40.29,38.74,40.70,38.60,226856,897521136.00,5.15,-4.91,-2.00,2.40
2021-07-12,38.90,39.11,39.55,38.00,176764,693371424.00,4.00,0.96,0.37,1.87
2021-07-13,39.11,39.17,40.38,38.39,184776,729291760.00,5.09,0.15,0.06,1.96
2021-07-14,38.70,39.36,39.81,38.56,177098,699994624.00,3.19,0.49,0.19,1.88
2021-07-15,39.14,39.76,39.96,38.32,194100,769643488.00,4.17,1.02,0.40,2.06
2021-07-16,39.64,37.05,39.68,36.95,295692,1133776720.00,6.87,-6.82,-2.71,3.13
2021-07-19,36.62,35.91,36.95,35.50,232490,844721472.00,3.91,-3.08,-1.14,2.46
2021-07-20,36.07,36.45,37.21,36.07,129719,478599936.00,3.17,1.50,0.54,1.37
2021-07-21,36.52,37.74,38.09,36.36,146811,555266976.00,4.75,3.54,1.29,1.55
2021-07-22,37.69,37.86,38.29,36.98,109148,415804416.00,3.47,0.32,0.12,1.16
2021-07-23,38.07,35.59,38.20,35.40,266511,970805584.00,7.40,-6.00,-2.27,2.82
2021-07-26,35.58,35.52,36.35,34.57,203468,722127456.00,5.00,-0.20,-0.07,2.15
2021-07-27,35.40,34.45,36.13,34.10,164463,584904752.00,5.72,-3.01,-1.07,1.74
2021-07-28,34.20,34.65,35.00,33.45,187477,648587184.00,4.50,0.58,0.20,1.99
2021-07-29,35.39,34.90,35.89,34.40,163921,580104912.00,4.30,0.72,0.25,1.74
2021-07-30,34.50,33.79,34.85,33.20,184808,628559312.00,4.73,-3.18,-1.11,1.96
2021-08-02,33.76,34.42,34.66,33.21,160410,552156944.00,4.29,1.86,0.63,1.70
2021-08-03,34.15,36.41,37.49,34.10,252331,921767136.00,9.85,5.78,1.99,2.67
2021-08-04,36.48,36.52,36.88,35.40,162941,595129744.00,4.06,0.30,0.11,1.73
2021-08-05,36.51,36.24,37.47,36.05,124321,458023600.00,3.89,-0.77,-0.28,1.32
2021-08-06,36.18,35.57,36.30,35.22,103428,370717456.00,2.98,-1.85,-0.67,1.10
2021-08-09,35.20,36.20,36.30,34.88,110483,399483120.00,3.99,1.77,0.63,1.17
2021-08-10,36.20,38.26,38.66,35.81,217021,823586528.00,7.87,5.69,2.06,2.30
2021-08-11,38.35,37.69,38.35,37.45,115253,438101136.00,2.35,-1.49,-0.57,1.22
2021-08-12,36.49,36.49,37.59,35.61,270498,994267088.00,5.25,-3.18,-1.20,2.86
2021-08-13,37.04,36.80,37.96,36.10,150744,561529360.00,5.10,0.85,0.31,1.60
2021-08-16,37.38,38.25,39.06,36.82,188414,725984432.00,6.09,3.94,1.45,1.99
2021-08-17,38.10,36.52,38.59,36.40,148055,558930096.00,5.73,-4.52,-1.73,1.57
2021-08-18,37.08,37.78,38.58,36.89,148473,566824656.00,4.63,3.45,1.26,1.57
2021-08-19,37.59,37.40,39.02,37.10,147180,563635376.00,5.08,-1.01,-0.38,1.56
2021-08-20,36.96,34.40,36.98,33.69,302057,1060588144.00,8.80,-8.02,-3.00,3.20
2021-08-23,34.20,34.28,34.64,33.35,133986,461169664.00,3.75,-0.35,-0.12,1.42
2021-08-24,34.29,34.93,35.64,33.87,133185,469226448.00,5.16,1.90,0.65,1.41
2021-08-25,35.08,35.51,36.20,34.46,127584,454927104.00,4.98,1.66,0.58,1.35
2021-08-26,35.29,33.15,35.30,33.08,190379,646529728.00,6.25,-6.65,-2.36,2.02
2021-08-27,33.15,33.14,33.36,32.50,86299,287595696.00,2.59,-0.03,-0.01,0.91
2021-08-30,32.87,32.72,33.35,32.37,113296,374293456.00,2.96,-1.27,-0.42,1.20
2021-08-31,32.71,32.44,32.96,31.80,97039,316052096.00,3.55,-0.86,-0.28,1.03
2021-09-01,32.28,32.23,32.79,31.24,134842,434559760.00,4.78,-0.65,-0.21,1.43
2021-09-02,32.53,31.72,32.53,31.58,86735,278334128.00,2.95,-1.58,-0.51,0.92
2021-09-03,31.92,31.36,32.00,31.26,94714,301086736.00,2.33,-1.13,-0.36,1.00
2021-09-06,31.40,32.36,32.59,31.20,115405,374590064.00,4.43,3.19,1.00,1.22
2021-09-07,32.53,32.56,32.83,32.05,83299,273199056.00,2.41,0.62,0.20,0.88
2021-09-08,32.56,32.02,32.78,31.90,81510,264429507.00,2.70,-1.66,-0.54,0.86
2021-09-09,31.99,31.84,32.34,31.63,57218,184155860.00,2.22,-0.56,-0.18,0.61
2021-09-10,31.84,31.65,31.91,31.50,63112,201415619.00,1.29,-0.60,-0.19,0.67
2021-09-13,31.75,31.63,32.45,31.52,90602,291679568.00,2.94,-0.06,-0.02,0.96
2021-09-14,31.50,31.88,32.46,31.41,97332,314568576.00,3.32,0.79,0.25,1.03
2021-09-15,31.85,30.70,31.88,30.16,142370,441769216.00,5.40,-3.70,-1.18,1.51
2021-09-16,30.70,30.83,31.16,30.44,66795,208432921.00,2.35,0.42,0.13,0.71
2021-09-17,30.70,31.39,31.80,30.60,82072,259117876.00,3.89,1.82,0.56,0.87
2021-09-22,31.21,30.95,31.26,30.60,57371,179160020.00,2.10,-1.40,-0.44,0.61
2021-09-23,30.83,31.19,31.59,30.74,50005,157805029.00,2.75,0.78,0.24,0.53
2021-09-24,31.16,32.26,32.45,31.11,115669,374505584.00,4.30,3.43,1.07,1.22
2021-09-27,32.14,31.68,32.88,31.55,114785,372530848.00,4.12,-1.80,-0.58,1.22
2021-09-28,31.68,31.08,31.88,31.00,55427,175185372.00,2.78,-1.89,-0.60,0.59
2021-09-29,30.99,31.23,31.39,30.60,71882,225530085.00,2.54,0.48,0.15,0.76
2021-09-30,31.20,32.11,32.50,31.01,78104,251062144.00,4.77,2.82,0.88,0.83
2021-10-08,32.66,32.18,33.25,32.16,87032,286599232.00,3.39,0.22,0.07,0.92
2021-10-11,32.11,33.80,33.90,32.11,154077,520788016.00,5.56,5.03,1.62,1.63
2021-10-12,33.60,33.06,33.88,32.83,88267,297138384.00,3.11,-2.19,-0.74,0.93
2021-10-13,33.30,34.04,34.68,32.92,172536,591063408.00,5.32,2.96,0.98,1.83
2021-10-14,34.15,33.92,35.15,33.67,102889,355305024.00,4.35,-0.35,-0.12,1.09
2021-10-15,33.74,33.99,34.12,33.05,80720,274416272.00,3.15,0.21,0.07,0.85
2021-10-18,33.99,33.82,34.20,32.90,87853,297950304.00,3.82,-0.50,-0.17,0.93
2021-10-19,33.83,33.97,34.28,33.36,64964,222218323.00,2.72,0.44,0.15,0.69
2021-10-20,33.80,33.83,34.25,33.51,41347,141238587.00,2.18,-0.41,-0.14,0.44
2021-10-21,33.69,34.11,35.05,33.69,66549,230777031.00,4.02,0.83,0.28,0.70
2021-10-22,34.04,33.60,34.86,33.30,76854,263205624.00,4.57,-1.50,-0.51,0.81
2021-10-25,34.33,36.16,36.38,34.33,194487,696333888.00,6.10,7.62,2.56,2.06
2021-10-26,36.09,35.45,36.42,35.36,103188,373334752.00,2.93,-1.96,-0.71,1.09
2021-10-27,35.44,35.22,35.82,34.74,73512,260746594.00,3.05,-0.65,-0.23,0.78
2021-10-28,35.06,34.61,35.63,34.31,69588,243731092.00,3.75,-1.73,-0.61,0.74
2021-10-29,34.47,34.93,35.16,34.06,74019,260143189.00,3.18,0.92,0.32,0.78
2021-11-01,34.90,35.76,36.25,34.42,92792,333018160.00,5.24,2.38,0.83,0.98
2021-11-02,35.60,35.77,36.64,35.31,105789,384266064.00,3.72,0.03,0.01,1.12
2021-11-03,35.77,35.70,36.29,35.42,44766,161522798.00,2.43,-0.20,-0.07,0.47
2021-11-04,35.70,35.88,36.30,35.38,57996,209819383.00,2.58,0.50,0.18,0.61
2021-11-05,35.95,34.75,35.95,34.32,95123,335020384.00,4.54,-3.15,-1.13,1.01
2021-11-08,34.45,34.14,34.80,33.82,73970,255359247.00,2.82,-1.76,-0.61,0.78
2021-11-09,34.38,34.85,34.94,34.11,52232,182445892.00,2.43,2.08,0.71,0.55
2021-11-10,34.99,34.12,35.09,33.97,61300,212629185.00,3.21,-2.09,-0.73,0.65
2021-11-11,34.04,34.02,34.30,33.62,64134,219484610.00,1.99,-0.29,-0.10,0.68
2021-11-12,34.14,33.76,34.14,33.29,68624,233150245.00,2.50,-0.76,-0.26,0.73
2021-11-15,33.70,34.51,36.26,33.66,134110,474604480.00,7.70,2.22,0.75,1.42
2021-11-16,34.36,36.06,36.80,34.32,191358,696124832.00,7.19,4.49,1.55,2.03
2021-11-17,36.06,35.82,36.79,35.77,87449,318350752.00,2.83,-0.67,-0.24,0.93
2021-11-18,35.85,35.03,35.90,34.92,63509,225288721.00,2.74,-2.21,-0.79,0.67
2021-11-19,35.03,34.94,35.14,34.14,77349,270338032.00,2.85,-0.26,-0.09,0.82
2021-11-22,34.85,34.70,35.29,34.31,80745,282036560.00,2.80,-0.69,-0.24,0.85
2021-11-23,34.72,35.31,35.70,34.36,91345,323227632.00,3.86,1.76,0.61,0.97
2021-11-24,35.20,35.79,36.36,34.95,94771,341836704.00,3.99,1.36,0.48,1.00
2021-11-25,35.80,36.58,36.92,35.77,127244,469077552.00,3.21,2.21,0.79,1.35
2021-11-26,37.08,36.48,37.08,36.10,86058,317218768.00,2.68,-0.27,-0.10,0.91
2021-11-29,36.85,36.10,37.70,35.55,113047,415349200.00,5.89,-1.04,-0.38,1.20
2021-11-30,35.60,35.71,36.09,35.41,76347,274895584.00,1.88,-1.08,-0.39,0.81
2021-12-01,35.51,35.12,35.80,35.11,63139,224734933.00,1.93,-1.65,-0.59,0.67
2021-12-02,34.98,34.31,35.28,34.17,73860,258036000.00,3.16,-2.31,-0.81,0.78
2021-12-03,34.02,34.29,34.47,33.90,78050,268827184.00,1.66,-0.06,-0.02,0.83
2021-12-06,34.19,33.74,34.27,33.73,63991,218932232.00,1.57,-1.60,-0.55,0.68
2021-12-07,33.75,33.30,34.20,32.91,121646,410983936.00,3.82,-1.30,-0.44,1.29
2021-12-08,33.44,34.02,34.38,33.40,83844,286754320.00,2.94,2.16,0.72,0.89
2021-12-09,34.20,34.40,34.90,34.10,97717,339815696.00,2.35,1.12,0.38,1.03
2021-12-10,34.54,34.19,34.55,34.07,85313,294740480.00,1.40,-0.61,-0.21,0.90
2021-12-13,34.18,34.55,34.72,33.95,68158,237119916.00,2.25,1.05,0.36,0.72
2021-12-14,34.48,35.59,35.80,34.29,126628,451580464.00,4.37,3.01,1.04,1.34
2021-12-15,35.54,35.40,36.12,35.18,101849,365641264.00,2.64,-0.53,-0.19,1.08
2021-12-16,35.40,35.50,35.69,35.04,85033,303710032.00,1.84,0.28,0.10,0.90
2021-12-17,35.40,35.56,35.78,35.20,72794,261042589.00,1.63,0.17,0.06,0.77
2021-12-20,35.58,35.59,35.88,35.15,78293,281055520.00,2.05,0.08,0.03,0.83
2021-12-21,35.48,35.93,36.07,35.31,82000,296171744.00,2.14,0.96,0.34,0.87
2021-12-22,36.12,35.58,36.13,35.50,59365,213549322.00,1.75,-0.97,-0.35,0.63
2021-12-23,35.50,35.88,36.40,35.38,74994,271773824.00,2.87,0.84,0.30,0.79
2021-12-24,35.80,36.05,36.38,35.50,73535,266878957.00,2.45,0.47,0.17,0.78
2021-12-27,36.70,36.64,37.66,36.34,157749,589271728.00,3.66,1.64,0.59,1.67
2021-12-28,36.50,36.66,36.89,35.68,110567,406074640.00,3.30,0.05,0.02,1.17
2021-12-29,36.80,36.09,36.93,35.80,70898,258273269.00,3.08,-1.55,-0.57,0.75
2021-12-30,35.75,36.31,36.44,35.58,74058,269707136.00,2.38,0.61,0.22,0.78
2021-12-31,36.36,37.50,37.68,36.27,129445,484662528.00,3.88,3.28,1.19,1.38