1998-12-10,-14.19,-14.28,-14.19,-14.29,213087,262082992.00,-0.68,3.38,0.50,53.27
1998-12-11,-14.31,-14.30,-14.29,-14.33,62726,71928736.00,-0.28,-0.14,-0.02,15.68
1998-12-14,-14.31,-14.30,-14.28,-14.31,24748,28837718.00,-0.21,0.00,0.00,6.19
1998-12-15,-14.31,-14.30,-14.29,-14.35,28625,32326776.00,-0.42,0.00,0.00,7.16
1998-12-16,-14.30,-14.34,-14.30,-14.34,16307,18373764.00,-0.28,-0.28,-0.04,4.08
1998-12-17,-14.35,-14.37,-14.34,-14.38,23046,25241092.00,-0.28,-0.21,-0.03,5.76
1998-12-18,-14.39,-14.38,-14.35,-14.39,16904,18109168.00,-0.28,-0.07,-0.01,4.23
1998-12-21,-14.39,-14.39,-14.37,-14.40,7829,8317930.00,-0.21,-0.07,-0.01,1.96
1998-12-22,-14.39,-14.34,-14.33,-14.39,27373,30241372.00,-0.42,0.35,0.05,6.84
1998-12-23,-14.34,-14.36,-14.33,-14.36,13655,15017012.00,-0.21,-0.14,-0.02,3.41
1998-12-24,-14.37,-14.33,-14.33,-14.38,15332,16901556.00,-0.35,0.21,0.03,3.83
1998-12-25,-14.33,-14.33,-14.32,-14.34,15678,17695334.00,-0.14,0.00,0.00,3.92
1998-12-28,-14.33,-14.36,-14.33,-14.36,10335,11447576.00,-0.21,-0.21,-0.03,2.58
1998-12-29,-14.37,-14.37,-14.35,-14.37,10556,11463080.00,-0.14,-0.07,-0.01,2.64
1998-12-30,-14.37,-14.34,-14.33,-14.38,11891,13037277.00,-0.35,0.21,0.03,2.97
1998-12-31,-14.34,-14.35,-14.33,-14.35,10701,11917260.00,-0.14,-0.07,-0.01,2.68