2022-01-04,36.59,34.70,36.59,34.40,28560,100611581.00,5.99,-5.17,-1.89,1.35
2022-01-05,34.63,32.86,34.63,32.18,38486,127649669.00,7.06,-5.30,-1.84,1.82
2022-01-06,32.48,33.63,34.03,32.48,15860,53382601.00,4.72,2.34,0.77,0.75
2022-01-07,33.97,33.31,33.97,32.78,17239,57866145.00,3.54,-0.95,-0.32,0.82
2022-01-10,33.31,34.17,34.72,33.08,14492,49642716.00,4.92,2.58,0.86,0.69
2022-01-11,34.32,34.18,34.73,33.91,10853,37432708.00,2.40,0.03,0.01,0.51
2022-01-12,34.16,34.29,34.76,33.77,9988,34475247.00,2.90,0.32,0.11,0.47
2022-01-13,34.68,33.28,34.68,33.28,15633,52983852.00,4.08,-2.95,-1.01,0.74
2022-01-14,33.24,33.58,34.36,33.01,24938,84695909.00,4.06,0.90,0.30,1.18
2022-01-17,33.54,34.16,36.04,33.19,67306,233011668.00,8.49,1.73,0.58,3.19
2022-01-18,34.38,32.63,34.43,32.58,40082,133509309.00,5.42,-4.48,-1.53,1.90
2022-01-19,32.78,32.44,33.18,31.80,18415,59833142.00,4.23,-0.58,-0.19,0.87
2022-01-20,32.67,31.78,32.99,31.71,14413,46394454.00,3.95,-2.03,-0.66,0.68
2022-01-21,38.16,38.16,38.16,38.16,85233,326270704.00,0.00,20.08,6.38,4.04
2022-01-24,37.88,34.58,37.88,33.54,190113,679136096.00,11.37,-9.38,-3.58,9.01
2022-01-25,33.48,35.96,37.45,33.43,166308,598998720.00,11.63,3.99,1.38,7.89
2022-01-26,34.98,33.38,35.38,32.17,129390,434872720.00,8.93,-7.17,-2.58,6.13
2022-01-27,33.88,32.00,35.28,31.51,112035,372539024.00,11.29,-4.13,-1.38,5.31
2022-01-28,31.87,29.88,32.43,29.58,85545,260543292.00,8.91,-6.63,-2.12,4.06
2022-02-07,30.49,30.48,31.25,29.49,47635,145451541.00,5.89,2.01,0.60,2.26
2022-02-08,30.69,30.66,31.08,29.80,34928,106813747.00,4.20,0.59,0.18,1.66
2022-02-09,30.39,30.09,30.60,29.11,41788,125279402.00,4.86,-1.86,-0.57,1.98
2022-02-10,29.99,29.39,30.32,29.12,31680,94716108.00,3.99,-2.33,-0.70,1.50
2022-02-11,29.26,28.29,29.26,28.04,41050,117457522.00,4.15,-3.74,-1.10,1.95
2022-02-14,28.89,29.24,30.34,28.89,37201,110578623.00,5.13,3.36,0.95,1.76
2022-02-15,28.88,29.13,29.98,28.38,35238,103483458.00,5.47,-0.38,-0.11,1.67
2022-02-16,29.29,29.56,30.21,28.89,28117,83423492.00,4.53,1.48,0.43,1.33
2022-02-17,29.58,28.85,29.65,28.73,24510,71549133.00,3.11,-2.40,-0.71,1.16
2022-02-18,28.86,29.80,30.10,28.59,32041,95050193.00,5.23,3.29,0.95,1.52
2022-02-21,29.68,30.05,30.56,29.43,27841,83710397.00,3.79,0.84,0.25,1.32
2022-02-22,29.65,28.98,29.67,28.74,26503,77269768.00,3.09,-3.56,-1.07,1.26
2022-02-23,28.87,29.28,29.60,28.78,26052,76615011.00,2.83,1.04,0.30,1.24
2022-02-24,29.35,28.51,30.03,28.17,41167,119639699.00,6.35,-2.63,-0.77,1.95
2022-02-25,28.40,29.19,30.04,28.38,48530,143742075.00,5.82,2.39,0.68,2.30
2022-02-28,29.19,29.02,29.51,28.49,42488,123328042.00,3.49,-0.58,-0.17,2.01
2022-03-01,29.10,29.10,29.36,28.71,32821,95683103.00,2.24,0.28,0.08,1.56
2022-03-02,29.07,29.19,29.40,28.41,24450,71243601.00,3.40,0.31,0.09,1.16
2022-03-03,29.38,29.22,29.53,28.69,34056,99757000.00,2.88,0.10,0.03,1.61
2022-03-04,28.89,29.21,30.22,28.88,39056,116095977.00,4.59,-0.03,-0.01,1.85
2022-03-07,29.15,29.89,30.36,28.79,64568,191467399.00,5.37,2.33,0.68,3.06
2022-03-08,29.97,28.08,30.14,28.03,68779,198205908.00,7.06,-6.06,-1.81,3.26
2022-03-09,28.32,26.44,28.33,25.48,62542,167152419.00,10.15,-5.84,-1.64,2.97
2022-03-10,27.19,27.92,28.26,26.76,57413,159260565.00,5.67,5.60,1.48,2.72
2022-03-11,27.73,29.10,29.13,27.44,82619,235130123.00,6.05,4.23,1.18,3.92
2022-03-14,30.11,28.88,30.11,28.55,113002,334144784.00,5.36,-0.76,-0.22,5.36
2022-03-15,27.84,27.04,28.74,26.88,69715,194989042.00,6.44,-6.37,-1.84,3.31
2022-03-16,27.48,26.45,27.83,25.16,67114,176108682.00,9.87,-2.18,-0.59,3.18
2022-03-17,26.49,28.63,29.04,26.49,107721,306187040.00,9.64,8.24,2.18,5.11
2022-03-18,29.18,29.06,30.25,28.88,108998,322751616.00,4.79,1.50,0.43,5.17
2022-03-21,28.91,29.97,29.98,28.68,88593,262650414.00,4.47,3.13,0.91,4.20
2022-03-22,30.31,28.58,30.32,28.29,76297,221705032.00,6.77,-4.64,-1.39,3.62
2022-03-23,28.58,28.11,28.74,27.96,41277,117236754.00,2.73,-1.64,-0.47,1.96
2022-03-24,28.38,28.03,28.43,27.45,51889,145395465.00,3.49,-0.28,-0.08,2.46
2022-03-25,27.98,26.44,28.00,26.38,64057,173968798.00,5.78,-5.67,-1.59,3.04
2022-03-28,26.74,25.83,26.84,25.73,44661,117073053.00,4.20,-2.31,-0.61,2.12
2022-03-29,25.84,25.81,26.53,25.54,29548,77081382.00,3.83,-0.08,-0.02,1.40
2022-03-30,26.19,27.36,27.51,25.55,52767,141896558.00,7.59,6.01,1.55,2.50
2022-03-31,26.98,26.77,27.56,26.68,36989,100399556.00,3.22,-2.16,-0.59,1.75
2022-04-01,26.62,25.94,26.62,25.69,40404,105328955.00,3.47,-3.10,-0.83,1.92
2022-04-06,26.24,25.73,26.72,25.59,31371,82182389.00,4.36,-0.81,-0.21,1.49
2022-04-07,25.65,24.89,25.96,24.86,35494,89886714.00,4.28,-3.26,-0.84,1.68
2022-04-08,25.13,23.81,25.32,23.75,40640,98934082.00,6.31,-4.34,-1.08,1.93
2022-04-11,23.78,22.79,23.78,22.62,38743,90047342.00,4.87,-4.28,-1.02,1.84
2022-04-12,22.79,22.66,22.82,22.26,45313,102558826.00,2.46,-0.57,-0.13,2.15
2022-04-13,22.74,21.89,22.81,21.54,32650,72187842.00,5.60,-3.40,-0.77,1.55
2022-04-14,21.90,21.81,22.21,21.77,25958,57295253.00,2.01,-0.37,-0.08,1.23
2022-04-15,21.46,21.55,22.06,21.14,28657,62192893.00,4.22,-1.19,-0.26,1.36
2022-04-18,21.55,22.05,22.35,21.06,36005,79197158.00,5.99,2.32,0.50,1.71
2022-04-19,22.33,22.06,22.99,21.84,56134,126448760.00,5.22,0.05,0.01,2.66
2022-04-20,22.27,22.07,22.42,21.99,25734,57356071.00,1.95,0.05,0.01,1.22
2022-04-21,22.18,21.15,22.23,20.98,33197,71841350.00,5.66,-4.17,-0.92,1.57
2022-04-22,20.79,20.57,21.11,20.43,28824,60092868.00,3.22,-2.74,-0.58,1.37
2022-04-25,20.10,18.91,20.95,18.77,45431,89491776.00,10.60,-8.07,-1.66,2.15
2022-04-26,18.91,19.10,19.52,18.56,27900,53817436.00,5.08,1.00,0.19,1.32
2022-04-27,18.83,19.98,20.26,18.41,36358,70514161.00,9.69,4.61,0.88,1.72
2022-04-28,20.38,19.53,20.88,19.40,35366,71101472.00,7.41,-2.25,-0.45,1.68
2022-04-29,19.59,20.33,20.61,19.48,31640,64279325.00,5.79,4.10,0.80,1.50
2022-05-05,20.23,21.13,21.45,20.11,29821,62897098.00,6.59,3.94,0.80,1.41
2022-05-06,20.61,21.01,21.48,20.53,18545,39222856.00,4.50,-0.57,-0.12,0.88
2022-05-09,21.04,21.37,21.44,20.72,16086,34322180.00,3.43,1.71,0.36,0.76
2022-05-10,21.08,21.49,21.63,20.67,18292,39362988.00,4.49,0.56,0.12,0.87
2022-05-11,21.58,21.88,22.57,21.58,34498,76849260.00,4.61,1.81,0.39,1.64
2022-05-12,21.72,22.61,22.84,21.36,31530,71150247.00,6.76,3.34,0.73,1.49
2022-05-13,22.98,22.14,22.98,21.88,28280,63108219.00,4.87,-2.08,-0.47,1.34
2022-05-16,22.20,21.95,22.64,21.78,26957,60006311.00,3.88,-0.86,-0.19,1.28
2022-05-17,21.95,21.71,22.02,21.32,18106,39302183.00,3.19,-1.09,-0.24,0.86
2022-05-18,21.71,21.38,22.27,21.36,18146,39670530.00,4.19,-1.52,-0.33,0.86
2022-05-19,21.05,21.70,21.87,20.95,20896,45345091.00,4.30,1.50,0.32,0.99
2022-05-20,21.70,22.72,22.84,21.70,36553,82140939.00,5.25,4.70,1.02,1.73
2022-05-23,22.88,22.72,22.90,22.32,22122,50268460.00,2.55,0.00,0.00,1.05
2022-05-24,22.82,21.37,22.82,21.28,28155,62330692.00,6.78,-5.94,-1.35,1.33
2022-05-25,21.39,21.41,21.73,21.16,21679,46597125.00,2.67,0.19,0.04,1.03
2022-05-26,21.46,20.94,21.53,20.48,28928,60953041.00,4.90,-2.20,-0.47,1.37
2022-05-27,21.08,21.12,21.47,20.86,23906,50985428.00,2.91,0.86,0.18,1.13
2022-05-30,21.13,21.32,21.33,20.60,20026,42325483.00,3.46,0.95,0.20,0.95
2022-05-31,21.36,21.92,22.16,20.88,30702,66840305.00,6.00,2.81,0.60,1.46
2022-06-01,22.03,21.93,22.37,21.79,15624,34694989.00,2.65,0.05,0.01,0.74
2022-06-02,22.25,22.76,22.97,21.71,27590,62140688.00,5.75,3.78,0.83,1.31
2022-06-06,23.11,23.50,23.99,22.99,50511,119330592.00,4.39,3.25,0.74,2.39
2022-06-07,23.40,22.88,23.53,22.69,36089,83527202.00,3.57,-2.64,-0.62,1.71
2022-06-08,23.15,22.65,23.40,22.43,29266,67163319.00,4.24,-1.01,-0.23,1.39
2022-06-09,22.40,21.79,22.64,21.56,34153,75247667.00,4.77,-3.80,-0.86,1.62
2022-06-10,21.83,22.47,22.63,21.62,22767,51221516.00,4.64,3.12,0.68,1.08
2022-06-13,22.58,22.59,22.85,22.02,20802,47033512.00,3.69,0.53,0.12,0.99
2022-06-14,22.51,22.10,22.51,21.59,19736,43574804.00,4.07,-2.17,-0.49,0.94
2022-06-15,22.18,22.07,22.55,21.90,23039,51348700.00,2.94,-0.14,-0.03,1.09
2022-06-16,22.36,23.08,23.31,22.15,35297,81092349.00,5.26,4.58,1.01,1.67
2022-06-17,22.81,23.27,23.55,22.53,25161,58125155.00,4.42,0.82,0.19,1.19
2022-06-20,23.70,24.16,24.65,23.50,41117,99421888.00,4.94,3.82,0.89,1.95
2022-06-21,24.19,23.39,24.35,23.26,30005,70864744.00,4.51,-3.19,-0.77,1.42
2022-06-22,23.87,23.01,24.50,23.01,35806,84189276.00,6.37,-1.62,-0.38,1.70
2022-06-23,23.62,23.78,25.02,23.62,55723,134633999.00,6.08,3.35,0.77,2.64
2022-06-24,24.09,24.75,25.08,23.88,72631,178798165.00,5.05,4.08,0.97,3.44
2022-06-27,25.50,24.78,25.53,24.66,47085,117489740.00,3.52,0.12,0.03,2.23
2022-06-28,24.70,24.47,24.88,24.00,43371,105763423.00,3.55,-1.25,-0.31,2.06
2022-06-29,24.56,24.12,24.95,24.02,34181,83528452.00,3.80,-1.43,-0.35,1.62
2022-06-30,24.07,24.15,24.55,24.04,42076,101891323.00,2.11,0.12,0.03,1.99
2022-07-01,24.26,23.77,24.44,23.58,26941,64382731.00,3.56,-1.57,-0.38,1.28
2022-07-04,24.16,24.79,24.85,23.48,60884,149273087.00,5.76,4.29,1.02,2.89
2022-07-05,24.79,24.24,25.14,23.90,30308,73868765.00,5.00,-2.22,-0.55,1.44
2022-07-06,24.26,24.38,24.79,23.82,31426,76667841.00,4.00,0.58,0.14,1.49
2022-07-07,24.38,23.81,24.43,23.28,28185,66827572.00,4.72,-2.34,-0.57,1.34
2022-07-08,23.81,23.85,24.26,23.48,26820,64021423.00,3.28,0.17,0.04,1.27
2022-07-11,23.85,23.36,24.10,23.18,19656,46237982.00,3.86,-2.05,-0.49,0.93
2022-07-12,23.41,22.47,23.45,22.40,26559,60475533.00,4.49,-3.81,-0.89,1.26
2022-07-13,22.47,22.08,22.50,21.83,25407,56021236.00,2.98,-1.74,-0.39,1.20
2022-07-14,22.40,22.87,23.29,22.04,29474,67212061.00,5.66,3.58,0.79,1.40
2022-07-15,23.07,21.79,23.07,21.78,25106,55830470.00,5.64,-4.72,-1.08,1.19
2022-07-18,22.03,22.12,22.25,21.70,20121,44358267.00,2.52,1.51,0.33,0.95
2022-07-19,22.12,22.15,22.49,21.80,17991,39790735.00,3.12,0.14,0.03,0.85
2022-07-20,22.17,22.11,22.46,21.87,37369,82534633.00,2.66,-0.18,-0.04,1.77
2022-07-21,22.15,22.11,22.46,21.82,30206,66990769.00,2.89,0.00,0.00,1.43
2022-07-22,22.28,21.82,22.42,21.58,33770,73994836.00,3.80,-1.31,-0.29,1.60
2022-07-25,21.88,21.90,22.56,21.70,35060,77701495.00,3.94,0.37,0.08,1.66
2022-07-26,21.91,21.88,22.13,21.60,18599,40562270.00,2.42,-0.09,-0.02,0.88
2022-07-27,21.80,21.92,22.05,21.69,17932,39262205.00,1.65,0.18,0.04,0.85
2022-07-28,22.05,22.38,22.65,21.83,33246,74333525.00,3.74,2.10,0.46,1.58
2022-07-29,22.50,21.94,22.50,21.87,23567,52100412.00,2.82,-1.97,-0.44,1.12
2022-08-01,21.82,20.99,21.93,20.66,60037,126294620.00,5.79,-4.33,-0.95,2.85
2022-08-02,20.93,20.17,20.94,19.85,44205,89368032.00,5.19,-3.91,-0.82,2.10
2022-08-03,20.28,20.66,21.27,20.28,35780,74638053.00,4.91,2.43,0.49,1.70
2022-08-04,20.68,20.69,20.90,20.32,24839,51113268.00,2.81,0.15,0.03,1.18
2022-08-05,20.99,21.94,21.95,20.85,39682,85588698.00,5.32,6.04,1.25,1.88
2022-08-08,22.00,23.02,23.25,22.00,65080,148733662.00,5.70,4.92,1.08,3.09
2022-08-09,23.00,22.90,23.07,22.64,32641,74478949.00,1.87,-0.52,-0.12,1.55
2022-08-10,22.98,22.75,23.07,22.66,20987,47872385.00,1.79,-0.66,-0.15,1.00
2022-08-11,22.89,23.18,23.33,22.76,29611,68328174.00,2.51,1.89,0.43,1.40
2022-08-12,23.21,22.86,23.50,22.82,26195,60469772.00,2.93,-1.38,-0.32,1.24
2022-08-15,22.83,22.40,22.88,22.18,24119,54146463.00,3.06,-2.01,-0.46,1.14
2022-08-16,22.48,22.34,22.60,22.25,16407,36747194.00,1.56,-0.27,-0.06,0.78
2022-08-17,22.36,22.55,23.27,22.28,32829,74422814.00,4.43,0.94,0.21,1.56
2022-08-18,22.35,22.69,22.99,22.10,32758,73983155.00,3.95,0.62,0.14,1.55
2022-08-19,22.61,22.84,23.56,22.52,37514,86720819.00,4.58,0.66,0.15,1.78
2022-08-22,22.71,23.15,23.45,22.31,34432,79410744.00,4.99,1.36,0.31,1.63
2022-08-23,22.99,22.78,23.10,22.50,23770,54017271.00,2.59,-1.60,-0.37,1.13
2022-08-24,22.61,21.96,22.94,21.81,32269,71557604.00,4.96,-3.60,-0.82,1.53
2022-08-25,21.40,21.09,21.69,20.85,56472,119432262.00,3.83,-3.96,-0.87,2.68
2022-08-26,21.00,20.30,21.33,20.25,39610,81570058.00,5.12,-3.75,-0.79,1.88
2022-08-29,20.16,20.40,20.42,19.70,22979,46522246.00,3.55,0.49,0.10,1.09
2022-08-30,20.26,20.60,20.67,20.25,15464,31743488.00,2.06,0.98,0.20,0.73
2022-08-31,20.50,20.47,20.93,20.30,24713,50960482.00,3.06,-0.63,-0.13,1.17
2022-09-01,20.39,20.57,20.80,20.22,25394,52282918.00,2.83,0.49,0.10,1.20
2022-09-02,20.74,21.20,21.53,20.51,27519,58176643.00,4.96,3.06,0.63,1.30
2022-09-05,21.05,21.42,21.60,20.83,20199,42828962.00,3.63,1.04,0.22,0.96
2022-09-06,21.18,21.23,21.42,21.10,12325,26154274.00,1.49,-0.89,-0.19,0.58
2022-09-07,21.17,21.27,21.39,20.82,15313,32426289.00,2.68,0.19,0.04,0.73
2022-09-08,21.27,20.68,21.29,20.68,17315,36152694.00,2.87,-2.77,-0.59,0.82
2022-09-09,20.69,20.74,20.93,20.58,11162,23161301.00,1.69,0.29,0.06,0.53
2022-09-13,20.66,20.64,21.05,20.31,21686,44681809.00,3.57,-0.48,-0.10,1.03
2022-09-14,20.30,20.41,20.60,20.13,12356,25088522.00,2.28,-1.11,-0.23,0.59
2022-09-15,20.50,20.12,21.01,19.98,20466,41737383.00,5.05,-1.42,-0.29,0.97
2022-09-16,20.08,19.62,20.39,19.62,14808,29527639.00,3.83,-2.49,-0.50,0.70
2022-09-19,19.65,19.00,19.68,18.66,32166,61121265.00,5.20,-3.16,-0.62,1.53
2022-09-20,19.18,18.96,19.27,18.67,19289,36349773.00,3.16,-0.21,-0.04,0.91
2022-09-21,18.98,18.94,19.12,18.52,14695,27610739.00,3.16,-0.11,-0.02,0.70
2022-09-22,18.86,18.61,19.08,18.58,10945,20608190.00,2.64,-1.74,-0.33,0.52
2022-09-23,18.78,18.20,18.78,17.89,17023,31115936.00,4.78,-2.20,-0.41,0.81
2022-09-26,18.31,17.97,18.49,17.91,9946,18062243.00,3.19,-1.26,-0.23,0.47
2022-09-27,17.92,18.74,18.80,17.92,12203,22491418.00,4.90,4.28,0.77,0.58
2022-09-28,18.78,18.35,19.01,18.31,11633,21593268.00,3.74,-2.08,-0.39,0.55
2022-09-29,18.60,18.62,19.07,18.40,18113,34072359.00,3.65,1.47,0.27,0.86
2022-09-30,18.84,18.44,18.84,18.41,12385,23020710.00,2.31,-0.97,-0.18,0.59
2022-10-10,18.89,17.75,18.89,17.68,13806,24930703.00,6.56,-3.74,-0.69,0.65
2022-10-11,17.75,17.48,17.85,17.32,10953,19189011.00,2.99,-1.52,-0.27,0.52
2022-10-12,17.49,17.90,17.93,17.10,16208,28303393.00,4.75,2.40,0.42,0.77
2022-10-13,17.88,18.55,18.74,17.81,18363,33842679.00,5.20,3.63,0.65,0.87
2022-10-14,18.57,19.64,19.98,18.55,28546,55508479.00,7.71,5.88,1.09,1.35
2022-10-17,19.50,19.97,20.49,19.50,23458,47008175.00,5.04,1.68,0.33,1.11
2022-10-18,19.95,20.25,20.58,19.60,23224,46788494.00,4.91,1.40,0.28,1.10
2022-10-19,20.40,20.03,20.40,19.93,19639,39535274.00,2.32,-1.09,-0.22,0.93
2022-10-20,19.98,20.00,20.48,19.66,19617,39430640.00,4.09,-0.15,-0.03,0.93
2022-10-21,20.00,20.00,20.30,19.59,18402,36655388.00,3.55,0.00,0.00,0.87
2022-10-24,20.05,19.55,20.92,19.38,29418,58741966.00,7.70,-2.25,-0.45,1.39
2022-10-25,19.42,18.92,19.84,18.70,18573,35385992.00,5.83,-3.22,-0.63,0.88
2022-10-26,19.10,21.06,21.20,19.08,54005,110693020.00,11.21,11.31,2.14,2.56
2022-10-27,21.49,20.90,21.50,20.61,27743,57948987.00,4.23,-0.76,-0.16,1.32
2022-10-28,20.90,20.60,21.50,20.60,38874,82214344.00,4.31,-1.44,-0.30,1.84
2022-10-31,21.08,21.21,21.70,20.79,35468,75478100.00,4.42,2.96,0.61,1.68
2022-11-01,21.48,21.77,22.05,20.60,45198,96563968.00,6.84,2.64,0.56,2.14
2022-11-02,21.98,22.02,22.44,21.70,37338,82565908.00,3.40,1.15,0.25,1.77
2022-11-03,21.77,22.52,22.73,21.77,37473,84002356.00,4.36,2.27,0.50,1.78
2022-11-04,22.54,22.40,22.78,22.22,28746,64549398.00,2.49,-0.53,-0.12,1.36
2022-11-07,22.38,22.51,22.63,22.08,29354,65826595.00,2.46,0.49,0.11,1.39
2022-11-08,22.48,22.30,22.49,21.89,24767,55024528.00,2.67,-0.93,-0.21,0.60
2022-11-09,22.53,22.30,22.63,22.01,24975,55843011.00,2.78,0.00,0.00,0.61
2022-11-10,22.10,22.15,22.97,22.10,34632,78011613.00,3.90,-0.67,-0.15,0.84
2022-11-11,22.70,21.92,23.08,21.83,44135,99594540.00,5.64,-1.04,-0.23,1.08
2022-11-14,21.69,22.49,22.65,21.60,34067,75844424.00,4.79,2.60,0.57,0.83
2022-11-15,22.70,22.73,22.82,22.00,36161,81181967.00,3.65,1.07,0.24,0.88
2022-11-16,22.67,22.72,22.99,22.41,30654,69827556.00,2.55,-0.04,-0.01,0.75
2022-11-17,22.92,23.07,23.39,22.60,34139,78450724.00,3.48,1.54,0.35,0.83
2022-11-18,23.10,23.14,23.52,22.78,27206,63002699.00,3.21,0.30,0.07,0.66
2022-11-21,22.80,23.51,23.71,22.63,43308,101191377.00,4.67,1.60,0.37,1.06
2022-11-22,23.53,22.27,23.78,22.00,38849,88444663.00,7.57,-5.27,-1.24,0.95
2022-11-23,22.27,21.53,22.48,21.45,46767,101585064.00,4.63,-3.32,-0.74,1.14
2022-11-24,21.38,21.56,21.95,21.26,21565,46541573.00,3.20,0.14,0.03,0.53
2022-11-25,21.56,21.62,21.79,21.06,17481,37596813.00,3.39,0.28,0.06,0.43
2022-11-28,21.50,21.28,21.96,21.11,20588,44078143.00,3.93,-1.57,-0.34,0.50
2022-11-29,21.48,22.23,22.45,21.29,26171,57802317.00,5.45,4.46,0.95,0.64
2022-11-30,22.23,21.59,22.71,21.48,26427,57949016.00,5.53,-2.88,-0.64,0.64
2022-12-01,21.92,22.71,22.76,21.71,38015,84901308.00,4.86,5.19,1.12,0.93
2022-12-02,22.71,22.80,23.08,22.33,28393,64725907.00,3.30,0.40,0.09,0.69
2022-12-05,22.83,22.58,23.05,22.38,29624,66886239.00,2.94,-0.96,-0.22,0.72
2022-12-06,22.23,22.19,22.53,22.04,24732,55150205.00,2.17,-1.73,-0.39,0.60
2022-12-07,22.30,23.16,23.20,21.86,43359,98763415.00,6.04,4.37,0.97,1.06
2022-12-08,23.14,22.24,23.14,22.05,43600,97684424.00,4.71,-3.97,-0.92,1.06
2022-12-09,22.25,22.09,22.50,21.91,30907,68414179.00,2.65,-0.67,-0.15,0.75
2022-12-12,22.36,22.86,23.23,22.10,43698,99507668.00,5.12,3.49,0.77,1.07
2022-12-13,23.15,22.69,23.15,22.14,31624,71177760.00,4.42,-0.74,-0.17,0.77
2022-12-14,22.72,22.58,23.36,22.30,27948,63692003.00,4.67,-0.48,-0.11,0.68
2022-12-15,22.43,22.31,22.96,22.28,20171,45521822.00,3.01,-1.20,-0.27,0.49
2022-12-16,22.40,22.72,22.90,22.04,24219,54771862.00,3.85,1.84,0.41,0.59
2022-12-19,22.66,21.93,22.70,21.60,36419,80012615.00,4.84,-3.48,-0.79,0.89
2022-12-20,21.84,21.66,22.16,21.43,25261,54666971.00,3.33,-1.23,-0.27,0.62
2022-12-21,21.67,21.08,21.77,20.75,24585,51915642.00,4.71,-2.68,-0.58,0.60
2022-12-22,21.07,20.68,21.30,20.45,16184,33717771.00,4.03,-1.90,-0.40,0.39
2022-12-23,20.67,20.86,21.10,20.35,12994,27182314.00,3.63,0.87,0.18,0.32
2022-12-26,20.78,20.20,21.11,20.13,35612,72566606.00,4.70,-3.16,-0.66,0.87
2022-12-27,20.19,20.31,20.41,19.86,28003,56420296.00,2.72,0.54,0.11,0.68
2022-12-28,20.30,21.30,21.30,20.12,54102,112364820.00,5.81,4.87,0.99,1.32
2022-12-29,21.07,22.30,22.55,21.00,57728,126849528.00,7.28,4.69,1.00,1.41
2022-12-30,22.43,22.57,22.88,22.00,42771,96218473.00,3.95,1.21,0.27,1.04