2002-01-04,1.32,1.26,1.33,1.25,8524,11303934.00,6.06,-4.55,-0.06,0.32
2002-01-07,1.25,1.26,1.26,1.22,11511,14870615.00,3.17,0.00,0.00,0.43
2002-01-08,1.26,1.23,1.28,1.23,9367,12165929.00,3.97,-2.38,-0.03,0.35
2002-01-09,1.23,1.18,1.23,1.17,16426,20760905.00,4.88,-4.07,-0.05,0.62
2002-01-10,1.18,1.26,1.26,1.13,26945,33661865.00,11.02,6.78,0.08,1.02
2002-01-11,1.25,1.20,1.26,1.20,21498,27603347.00,4.76,-4.76,-0.06,0.81
2002-01-14,1.14,1.15,1.19,1.13,24380,30189774.00,5.00,-4.17,-0.05,0.92
2002-01-15,1.14,1.11,1.18,1.11,22506,27632354.00,6.09,-3.48,-0.04,0.85
2002-01-16,1.11,1.16,1.17,1.07,24517,29792421.00,9.01,4.50,0.05,0.93
2002-01-17,1.17,1.10,1.17,1.08,19209,23321596.00,7.76,-5.17,-0.06,0.72
2002-01-18,1.09,1.16,1.19,1.07,41123,50702143.00,10.91,5.45,0.06,1.55
2002-01-21,1.15,1.17,1.17,1.14,19275,23780259.00,2.59,0.86,0.01,0.73
2002-01-22,1.16,1.21,1.25,1.16,41406,52879911.00,7.69,3.42,0.04,1.56
2002-01-23,1.21,1.34,1.35,1.20,44633,58499153.00,12.40,10.74,0.13,1.68
2002-01-24,1.31,1.32,1.39,1.27,70844,96479319.00,8.96,-1.49,-0.02,2.67
2002-01-25,1.30,1.31,1.35,1.29,22866,30820240.00,4.55,-0.76,-0.01,0.86
2002-01-28,1.25,1.15,1.31,1.13,58744,74869777.00,13.74,-12.21,-0.16,2.22
2002-01-29,1.13,1.24,1.24,1.13,33128,41983518.00,9.57,7.83,0.09,1.25
2002-01-30,1.23,1.22,1.26,1.20,21263,27353312.00,4.84,-1.61,-0.02,0.80
2002-01-31,1.25,1.38,1.41,1.25,88496,121611404.00,13.11,13.11,0.16,3.34
2002-02-01,1.38,1.38,1.46,1.36,61326,86127978.00,7.25,0.00,0.00,2.31
2002-02-04,1.38,1.42,1.44,1.38,30087,42308833.00,4.35,2.90,0.04,1.14
2002-02-05,1.42,1.42,1.44,1.41,25947,36759193.00,2.11,0.00,0.00,0.98
2002-02-06,1.41,1.36,1.43,1.36,35098,48673705.00,4.93,-4.23,-0.06,1.32
2002-02-07,1.35,1.39,1.41,1.35,19286,26897864.00,4.41,2.21,0.03,0.73
2002-02-08,1.40,1.39,1.43,1.39,17110,23985553.00,2.88,0.00,0.00,0.65
2002-02-25,1.43,1.43,1.46,1.41,25241,35961194.00,3.60,2.88,0.04,0.95
2002-02-26,1.43,1.46,1.46,1.40,18855,26879805.00,4.20,2.10,0.03,0.71
2002-02-27,1.46,1.45,1.47,1.43,12245,17596567.00,2.74,-0.68,-0.01,0.46
2002-02-28,1.46,1.41,1.46,1.40,17227,24440529.00,4.14,-2.76,-0.04,0.65
2002-03-01,1.43,1.39,1.44,1.39,12569,17635945.00,3.55,-1.42,-0.02,0.47
2002-03-04,1.39,1.42,1.43,1.38,15163,21343779.00,3.60,2.16,0.03,0.57
2002-03-05,1.43,1.46,1.49,1.42,27902,40288437.00,4.93,2.82,0.04,1.05
2002-03-06,1.46,1.47,1.52,1.46,44407,64887890.00,4.11,0.68,0.01,1.68
2002-03-07,1.47,1.53,1.53,1.47,37658,55292810.00,4.08,4.08,0.06,1.42
2002-03-08,1.54,1.53,1.56,1.50,71226,105978204.00,3.92,0.00,0.00,2.69
2002-03-11,1.52,1.53,1.56,1.50,38714,57480435.00,3.92,0.00,0.00,1.46
2002-03-12,1.53,1.48,1.54,1.47,43536,63952869.00,4.58,-3.27,-0.05,1.64
2002-03-13,1.47,1.46,1.52,1.46,30949,45109564.00,4.05,-1.35,-0.02,1.17
2002-03-14,1.46,1.50,1.50,1.45,26360,38192711.00,3.42,2.74,0.04,0.99
2002-03-15,1.51,1.49,1.59,1.49,89776,134958172.00,6.67,-0.67,-0.01,3.39
2002-03-18,1.55,1.48,1.55,1.46,25098,36896096.00,6.04,-0.67,-0.01,0.95
2002-03-19,1.49,1.53,1.55,1.47,24369,36166657.00,5.41,3.38,0.05,0.92
2002-03-20,1.55,1.56,1.59,1.53,60563,91255197.00,3.92,1.96,0.03,2.29
2002-03-21,1.56,1.53,1.58,1.52,28464,42750569.00,3.85,-1.92,-0.03,1.07
2002-03-22,1.53,1.51,1.55,1.49,19633,28933186.00,3.92,-1.31,-0.02,0.74
2002-03-25,1.51,1.52,1.53,1.49,12130,17910681.00,2.65,0.66,0.01,0.46
2002-03-26,1.52,1.47,1.52,1.46,23495,34122819.00,3.95,-3.29,-0.05,0.89
2002-03-27,1.45,1.47,1.48,1.45,15977,23064131.00,2.04,0.00,0.00,0.60
2002-03-28,1.47,1.46,1.48,1.45,14705,21259033.00,2.04,-0.68,-0.01,0.55
2002-03-29,1.46,1.42,1.49,1.41,19547,27973507.00,5.48,-2.74,-0.04,0.74
2002-04-01,1.40,1.43,1.45,1.40,11724,16656066.00,3.52,0.70,0.01,0.44
2002-04-03,1.40,1.41,1.43,1.37,11786,16552200.00,4.20,-1.40,-0.02,0.44
2002-04-04,1.41,1.45,1.46,1.38,13666,19311296.00,5.67,2.84,0.04,0.52
2002-04-05,1.45,1.44,1.47,1.43,10675,15362153.00,2.76,-0.69,-0.01,0.40
2002-04-08,1.40,1.41,1.43,1.40,11071,15583943.00,2.08,-2.08,-0.03,0.42
2002-04-09,1.41,1.44,1.45,1.37,39834,55800123.00,5.67,2.13,0.03,1.50
2002-04-10,1.45,1.47,1.48,1.43,27654,39907236.00,3.47,2.08,0.03,1.04
2002-04-11,1.47,1.48,1.53,1.44,56266,82205959.00,6.12,0.68,0.01,1.88
2002-04-12,1.48,1.49,1.52,1.46,38950,57130584.00,4.05,0.68,0.01,1.30
2002-04-15,1.52,1.46,1.52,1.46,16410,23972427.00,4.03,-2.01,-0.03,0.55
2002-04-16,1.46,1.46,1.49,1.44,8667,12525920.00,3.42,0.00,0.00,0.29
2002-04-17,1.47,1.44,1.48,1.43,7096,10151886.00,3.42,-1.37,-0.02,0.24
2002-04-18,1.44,1.43,1.46,1.42,7143,10175748.00,2.78,-0.69,-0.01,0.24
2002-04-19,1.42,1.44,1.44,1.40,14136,19907823.00,2.80,0.70,0.01,0.47
2002-04-22,1.45,1.41,1.45,1.40,6230,8839874.00,3.47,-2.08,-0.03,0.21
2002-04-23,1.41,1.42,1.44,1.41,6442,9125990.00,2.13,0.71,0.01,0.21
2002-04-24,1.41,1.40,1.43,1.40,7652,10767039.00,2.11,-1.41,-0.02,0.26
2002-04-25,1.40,1.40,1.41,1.39,6770,9475286.00,1.43,0.00,0.00,0.23
2002-04-26,1.40,1.43,1.44,1.40,4813,6842705.00,2.86,2.14,0.03,0.16
2002-04-29,1.46,1.47,1.48,1.43,11882,17086873.00,3.50,2.80,0.04,0.40
2002-04-30,1.48,1.46,1.48,1.45,9751,13713220.00,2.04,-0.68,-0.01,0.33
2002-05-08,1.45,1.45,1.47,1.45,5079,7121714.00,1.37,-0.68,-0.01,0.17
2002-05-09,1.45,1.45,1.47,1.45,6368,8949977.00,1.38,0.00,0.00,0.21
2002-05-10,1.45,1.45,1.47,1.45,5325,7465795.00,1.38,0.00,0.00,0.18
2002-05-13,1.45,1.40,1.47,1.40,14942,20739706.00,4.83,-3.45,-0.05,0.50
2002-05-14,1.39,1.36,1.42,1.35,10470,14183899.00,5.00,-2.86,-0.04,0.35
2002-05-15,1.37,1.34,1.37,1.33,10195,13552718.00,2.94,-1.47,-0.02,0.34
2002-05-16,1.32,1.27,1.33,1.27,24266,31432183.00,4.48,-5.22,-0.07,0.81
2002-05-17,1.28,1.31,1.32,1.28,15355,19885790.00,3.15,3.15,0.04,0.51
2002-05-20,1.31,1.28,1.31,1.26,9022,11535875.00,3.82,-2.29,-0.03,0.30
2002-05-21,1.33,1.33,1.36,1.30,19656,25920591.00,4.69,3.91,0.05,0.66
2002-05-22,1.33,1.30,1.35,1.30,7459,9724042.00,3.76,-2.26,-0.03,0.25
2002-05-23,1.31,1.32,1.33,1.31,9230,12083253.00,1.54,1.54,0.02,0.31
2002-05-24,1.32,1.28,1.32,1.27,7125,9146104.00,3.79,-3.03,-0.04,0.24
2002-05-27,1.28,1.28,1.31,1.27,4638,5948180.00,3.13,0.00,0.00,0.15
2002-05-28,1.28,1.29,1.30,1.28,8531,11002468.00,1.56,0.78,0.01,0.28
2002-05-29,1.29,1.24,1.29,1.23,12868,16240961.00,4.65,-3.88,-0.05,0.43
2002-05-30,1.24,1.21,1.27,1.20,15007,18588311.00,5.65,-2.42,-0.03,0.50
2002-05-31,1.20,1.22,1.23,1.20,26933,33441341.00,2.48,0.83,0.01,0.90
2002-06-03,1.22,1.18,1.22,1.18,42584,52055719.00,3.28,-3.28,-0.04,1.42
2002-06-04,1.22,1.19,1.22,1.17,28903,35334289.00,4.24,0.85,0.01,0.96
2002-06-05,1.19,1.17,1.20,1.17,6010,7305996.00,2.52,-1.68,-0.02,0.20
2002-06-06,1.17,1.23,1.27,1.16,13751,17018700.00,9.40,5.13,0.06,0.46
2002-06-07,1.24,1.24,1.26,1.22,16504,20795172.00,3.25,0.81,0.01,0.55
2002-06-10,1.24,1.26,1.26,1.22,13481,16960648.00,3.23,1.61,0.02,0.45
2002-06-11,1.26,1.25,1.27,1.23,3973,5031449.00,3.17,-0.79,-0.01,0.13
2002-06-12,1.26,1.24,1.27,1.23,4844,6096258.00,3.20,-0.80,-0.01,0.16
2002-06-13,1.27,1.22,1.27,1.22,3547,4452754.00,4.03,-1.61,-0.02,0.12
2002-06-14,1.22,1.19,1.22,1.19,4183,5153664.00,2.46,-2.46,-0.03,0.14
2002-06-17,1.19,1.19,1.20,1.17,2495,3039926.00,2.52,0.00,0.00,0.08
2002-06-18,1.18,1.25,1.27,1.18,8177,10252397.00,7.56,5.04,0.06,0.27
2002-06-19,1.24,1.21,1.24,1.21,2288,2855747.00,2.40,-3.20,-0.04,0.08
2002-06-20,1.22,1.22,1.25,1.22,4350,5461573.00,2.48,0.83,0.01,0.15
2002-06-21,1.23,1.29,1.30,1.23,16386,20996680.00,5.74,5.74,0.07,0.55
2002-06-24,1.48,1.48,1.48,1.42,144059,203368906.00,4.65,14.73,0.19,4.80
2002-06-25,1.49,1.48,1.57,1.47,96770,139279599.00,6.76,0.00,0.00,3.23
2002-06-26,1.47,1.51,1.52,1.45,32859,46842036.00,4.73,2.03,0.03,1.10
2002-06-27,1.50,1.48,1.53,1.47,28779,41232000.00,3.97,-1.99,-0.03,0.96
2002-07-01,1.53,1.46,1.53,1.46,31096,44536762.00,4.73,-1.35,-0.02,1.04
2002-07-02,1.45,1.48,1.48,1.44,17661,24760283.00,2.74,1.37,0.02,0.59
2002-07-03,1.47,1.47,1.49,1.45,14574,20553305.00,2.70,-0.68,-0.01,0.49
2002-07-04,1.48,1.44,1.48,1.44,16857,23566946.00,2.72,-2.04,-0.03,0.56
2002-07-05,1.44,1.44,1.46,1.43,9466,13183136.00,2.08,0.00,0.00,0.32
2002-07-08,1.44,1.47,1.49,1.44,10460,14695150.00,3.47,2.08,0.03,0.35
2002-07-09,1.48,1.46,1.48,1.46,7409,10436212.00,1.36,-0.68,-0.01,0.25
2002-07-10,1.46,1.43,1.46,1.42,9890,13761438.00,2.74,-2.05,-0.03,0.33
2002-07-11,1.42,1.41,1.44,1.41,6282,8663862.00,2.10,-1.40,-0.02,0.21
2002-07-12,1.42,1.42,1.43,1.41,9261,12770524.00,1.42,0.71,0.01,0.31
2002-07-15,1.42,1.43,1.43,1.40,6287,8629689.00,2.11,0.70,0.01,0.21
2002-07-16,1.43,1.44,1.46,1.42,6146,8551504.00,2.80,0.70,0.01,0.20
2002-07-17,1.44,1.44,1.45,1.42,5151,7142409.00,2.08,0.00,0.00,0.17
2002-07-18,1.45,1.45,1.46,1.42,9591,13435464.00,2.78,0.69,0.01,0.32
2002-07-19,1.44,1.45,1.46,1.44,4299,6010401.00,1.38,0.00,0.00,0.14
2002-07-22,1.46,1.42,1.46,1.41,6098,8435732.00,3.45,-2.07,-0.03,0.20
2002-07-23,1.41,1.41,1.42,1.41,6256,8598683.00,0.70,-0.70,-0.01,0.21
2002-07-24,1.41,1.42,1.43,1.40,5583,7673944.00,2.13,0.71,0.01,0.19
2002-07-25,1.42,1.41,1.43,1.40,4841,6645982.00,2.11,-0.70,-0.01,0.16
2002-07-26,1.41,1.42,1.44,1.41,3336,4595847.00,2.13,0.71,0.01,0.11
2002-07-29,1.42,1.43,1.43,1.40,4338,5956132.00,2.11,0.70,0.01,0.14
2002-07-30,1.43,1.43,1.43,1.40,6305,8674692.00,2.10,0.00,0.00,0.21
2002-07-31,1.44,1.41,1.44,1.41,3723,5148637.00,2.10,-1.40,-0.02,0.12
2002-08-01,1.41,1.41,1.43,1.40,5363,7362447.00,2.13,0.00,0.00,0.18
2002-08-02,1.40,1.42,1.42,1.40,2801,3848963.00,1.42,0.71,0.01,0.09
2002-08-05,1.41,1.41,1.42,1.40,2209,3024000.00,1.41,-0.70,-0.01,0.07
2002-08-06,1.40,1.41,1.43,1.38,8804,12038486.00,3.55,0.00,0.00,0.29
2002-08-07,1.41,1.41,1.42,1.40,2210,3024886.00,1.42,0.00,0.00,0.07
2002-08-08,1.41,1.39,1.42,1.39,2769,3788216.00,2.13,-1.42,-0.02,0.09
2002-08-09,1.39,1.38,1.39,1.36,6600,8875208.00,2.16,-0.72,-0.01,0.22
2002-08-12,1.35,1.35,1.37,1.35,3739,4993507.00,1.45,-2.17,-0.03,0.12
2002-08-13,1.35,1.35,1.36,1.34,2079,2770343.00,1.48,0.00,0.00,0.07
2002-08-14,1.35,1.36,1.36,1.33,2075,2763814.00,2.22,0.74,0.01,0.07
2002-08-15,1.37,1.37,1.37,1.35,2784,3737264.00,1.47,0.74,0.01,0.09
2002-08-16,1.36,1.40,1.41,1.36,3047,4126813.00,3.65,2.19,0.03,0.10
2002-08-19,1.40,1.38,1.40,1.37,3456,4681952.00,2.14,-1.43,-0.02,0.12
2002-08-20,1.38,1.41,1.43,1.38,5388,7382088.00,3.62,2.17,0.03,0.18
2002-08-21,1.42,1.41,1.42,1.40,2093,2871750.00,1.42,0.00,0.00,0.07
2002-08-22,1.41,1.43,1.45,1.40,13634,18941934.00,3.55,1.42,0.02,0.45
2002-08-23,1.43,1.42,1.45,1.42,6077,8439782.00,2.10,-0.70,-0.01,0.20
2002-08-26,1.42,1.41,1.42,1.40,2628,3607999.00,1.41,-0.70,-0.01,0.09
2002-08-27,1.41,1.41,1.44,1.41,3459,4765353.00,2.13,0.00,0.00,0.12
2002-08-28,1.42,1.42,1.43,1.40,4710,6480000.00,2.13,0.71,0.01,0.16
2002-08-29,1.42,1.39,1.42,1.39,3497,4791063.00,2.11,-2.11,-0.03,0.12
2002-08-30,1.39,1.39,1.41,1.39,2524,3436840.00,1.44,0.00,0.00,0.08
2002-09-02,1.39,1.41,1.41,1.36,20870,28412853.00,3.60,1.44,0.02,0.70
2002-09-03,1.40,1.42,1.44,1.39,17570,24267764.00,3.55,0.71,0.01,0.59
2002-09-04,1.43,1.42,1.44,1.42,3865,5335774.00,1.41,0.00,0.00,0.13
2002-09-05,1.42,1.39,1.43,1.39,5373,7330909.00,2.82,-2.11,-0.03,0.18
2002-09-06,1.39,1.39,1.40,1.37,7922,10742120.00,2.16,0.00,0.00,0.26
2002-09-09,1.37,1.35,1.38,1.35,6934,9309905.00,2.16,-2.88,-0.04,0.23
2002-09-10,1.35,1.35,1.36,1.35,1546,2062187.00,0.74,0.00,0.00,0.05
2002-09-11,1.36,1.35,1.36,1.33,3909,5193556.00,2.22,0.00,0.00,0.13
2002-09-12,1.35,1.35,1.36,1.35,3424,4562200.00,0.74,0.00,0.00,0.11
2002-09-13,1.35,1.33,1.35,1.33,3215,4250919.00,1.48,-1.48,-0.02,0.11
2002-09-16,1.33,1.30,1.33,1.30,7406,9635909.00,2.26,-2.26,-0.03,0.25
2002-09-17,1.30,1.31,1.33,1.30,3142,4090618.00,2.31,0.77,0.01,0.10
2002-09-18,1.32,1.29,1.33,1.29,2933,3803586.00,3.05,-1.53,-0.02,0.10
2002-09-19,1.29,1.33,1.35,1.27,6298,8139397.00,6.20,3.10,0.04,0.21
2002-09-20,1.32,1.30,1.32,1.29,4137,5372237.00,2.26,-2.26,-0.03,0.14
2002-09-23,1.29,1.29,1.30,1.27,4663,6013887.00,2.31,-0.77,-0.01,0.16
2002-09-24,1.29,1.27,1.29,1.26,11612,14808063.00,2.33,-1.55,-0.02,0.39
2002-09-25,1.26,1.27,1.29,1.26,6685,8542022.00,2.36,0.00,0.00,0.22
2002-09-26,1.28,1.25,1.29,1.25,5410,6893708.00,3.15,-1.57,-0.02,0.18
2002-09-27,1.25,1.24,1.25,1.22,10637,13335705.00,2.40,-0.80,-0.01,0.35
2002-10-08,1.22,1.21,1.22,1.18,7389,9073440.00,3.23,-2.42,-0.03,0.25
2002-10-09,1.21,1.20,1.22,1.18,4684,5744633.00,3.31,-0.83,-0.01,0.16
2002-10-10,1.20,1.20,1.22,1.19,3617,4446613.00,2.50,0.00,0.00,0.12
2002-10-11,1.21,1.19,1.23,1.19,3362,4147644.00,3.33,-0.83,-0.01,0.11
2002-10-14,1.19,1.21,1.21,1.18,1535,1879626.00,2.52,1.68,0.02,0.05
2002-10-15,1.20,1.20,1.21,1.19,2989,3677569.00,1.65,-0.83,-0.01,0.10
2002-10-16,1.20,1.21,1.23,1.20,5483,6795412.00,2.50,0.83,0.01,0.18
2002-10-17,1.22,1.18,1.22,1.18,3274,4007287.00,3.31,-2.48,-0.03,0.11
2002-10-18,1.18,1.18,1.19,1.17,3629,4409812.00,1.69,0.00,0.00,0.12
2002-10-21,1.18,1.16,1.18,1.15,3839,4609406.00,2.54,-1.69,-0.02,0.13
2002-10-22,1.17,1.20,1.21,1.16,3694,4515794.00,4.31,3.45,0.04,0.12
2002-10-23,1.19,1.19,1.21,1.17,5307,6464644.00,3.33,-0.83,-0.01,0.18
2002-10-24,1.19,1.17,1.19,1.16,7834,9485865.00,2.52,-1.68,-0.02,0.26
2002-10-25,1.17,1.18,1.21,1.17,4940,6056871.00,3.42,0.85,0.01,0.16
2002-10-28,1.17,1.14,1.19,1.14,4998,5988521.00,4.24,-3.39,-0.04,0.17
2002-10-29,1.13,1.14,1.14,1.10,3704,4338718.00,3.51,0.00,0.00,0.12
2002-10-30,1.19,1.14,1.19,1.07,6016,7102929.00,10.53,0.00,0.00,0.20
2002-10-31,1.14,1.14,1.16,1.13,3292,3926094.00,2.63,0.00,0.00,0.11
2002-11-01,1.14,1.15,1.16,1.14,2369,2822806.00,1.75,0.88,0.01,0.08
2002-11-04,1.16,1.18,1.19,1.14,10877,13064264.00,4.35,2.61,0.03,0.36
2002-11-05,1.19,1.20,1.22,1.18,18018,22170542.00,3.39,1.69,0.02,0.60
2002-11-06,1.21,1.21,1.21,1.19,15129,18611224.00,1.67,0.83,0.01,0.50
2002-11-07,1.21,1.21,1.22,1.19,7061,8709660.00,2.48,0.00,0.00,0.24
2002-11-08,1.23,1.16,1.23,1.15,11012,13456247.00,6.61,-4.13,-0.05,0.37
2002-11-11,1.15,1.12,1.16,1.12,4662,5531762.00,3.45,-3.45,-0.04,0.16
2002-11-12,1.12,1.09,1.14,1.08,10269,11936328.00,5.36,-2.68,-0.03,0.34
2002-11-13,1.10,1.09,1.10,1.05,13115,14895869.00,4.59,0.00,0.00,0.44
2002-11-14,1.08,1.07,1.09,1.07,9031,10356664.00,1.83,-1.83,-0.02,0.30
2002-11-15,1.06,1.08,1.10,1.05,6099,7023077.00,4.67,0.93,0.01,0.20
2002-11-18,1.09,1.07,1.09,1.06,5021,5740180.00,2.78,-0.93,-0.01,0.17
2002-11-19,1.07,1.07,1.07,1.05,4930,5587218.00,1.87,0.00,0.00,0.16
2002-11-20,1.07,1.04,1.08,1.02,3877,4338934.00,5.61,-2.80,-0.03,0.13
2002-11-21,1.04,0.99,1.04,0.98,9717,10692392.00,5.77,-4.81,-0.05,0.32
2002-11-22,0.99,1.01,1.02,0.98,4980,5453075.00,4.04,2.02,0.02,0.17
2002-11-25,1.01,1.00,1.01,0.98,2700,2955656.00,2.97,-0.99,-0.01,0.09
2002-11-26,1.00,0.97,1.02,0.97,3506,3800309.00,5.00,-3.00,-0.03,0.12
2002-11-27,0.95,1.00,1.01,0.94,5835,6262064.00,7.22,3.09,0.03,0.19
2002-11-28,0.99,1.02,1.03,0.97,9376,10264669.00,6.00,2.00,0.02,0.31
2002-12-02,1.04,0.99,1.05,0.99,6516,7236740.00,5.88,-2.94,-0.03,0.22
2002-12-03,0.98,0.99,1.01,0.98,3716,4036787.00,3.03,0.00,0.00,0.12
2002-12-04,0.99,1.00,1.03,0.98,7411,8154322.00,5.05,1.01,0.01,0.25
2002-12-05,0.99,0.98,0.99,0.97,2652,2869616.00,2.00,-2.00,-0.02,0.09
2002-12-06,0.98,0.98,0.99,0.97,2377,2569562.00,2.04,0.00,0.00,0.08
2002-12-09,0.98,0.97,0.99,0.96,3565,3834835.00,3.06,-1.02,-0.01,0.12
2002-12-10,0.99,0.96,0.99,0.95,3942,4219044.00,4.12,-1.03,-0.01,0.13
2002-12-11,0.95,0.94,0.96,0.92,8781,9255423.00,4.17,-2.08,-0.02,0.29
2002-12-12,0.95,0.94,0.97,0.93,2586,2736564.00,4.26,0.00,0.00,0.09
2002-12-13,0.93,0.97,0.99,0.93,3032,3235305.00,6.38,3.19,0.03,0.10
2002-12-16,0.97,0.97,0.98,0.96,4650,4984372.00,2.06,0.00,0.00,0.15
2002-12-17,0.97,0.97,0.98,0.96,3118,3352108.00,2.06,0.00,0.00,0.10
2002-12-18,0.97,0.99,1.01,0.97,4669,5093629.00,4.12,2.06,0.02,0.16
2002-12-19,1.00,0.99,1.02,0.98,2922,3188749.00,4.04,0.00,0.00,0.10
2002-12-20,1.00,1.01,1.01,0.97,6142,6721996.00,4.04,2.02,0.02,0.20
2002-12-23,0.99,1.01,1.03,0.99,8671,9557002.00,3.96,0.00,0.00,0.29
2002-12-24,0.99,1.01,1.02,0.99,5317,5848391.00,2.97,0.00,0.00,0.18
2002-12-25,1.01,1.00,1.03,1.00,5775,6378808.00,2.97,-0.99,-0.01,0.19
2002-12-26,0.99,0.96,1.01,0.94,5853,6269101.00,7.00,-4.00,-0.04,0.20
2002-12-27,0.94,0.97,0.99,0.93,4627,4937075.00,6.25,1.04,0.01,0.15
2002-12-31,0.95,0.94,0.96,0.89,9828,10274807.00,7.22,-3.09,-0.03,0.33