2015-01-05,4.54,4.65,4.80,4.42,707492,850785264.00,8.37,2.42,0.11,3.22
2015-01-06,4.59,5.11,5.11,4.50,1240668,1552150704.00,13.12,9.89,0.46,5.64
2015-01-07,5.00,4.90,5.04,4.88,946886,1219606208.00,3.13,-4.11,-0.21,4.30
2015-01-08,4.90,4.86,5.10,4.77,797928,1020790768.00,6.73,-0.82,-0.04,3.63
2015-01-09,4.79,4.70,4.94,4.69,520162,650839936.00,5.14,-3.29,-0.16,2.36
2015-01-12,4.67,4.50,4.75,4.46,456177,545033280.00,6.17,-4.26,-0.20,2.07
2015-01-13,4.47,4.48,4.56,4.44,287681,336142032.00,2.67,-0.44,-0.02,1.31
2015-01-14,4.45,4.43,4.56,4.39,362516,421102832.00,3.79,-1.12,-0.05,1.65
2015-01-15,4.46,4.55,4.60,4.46,381007,449679616.00,3.16,2.71,0.12,1.73
2015-01-16,4.55,4.77,4.84,4.46,707417,861399456.00,8.35,4.84,0.22,3.22
2015-01-19,4.50,4.29,4.70,4.29,692453,806893712.00,8.60,-10.06,-0.48,3.15
2015-01-20,4.36,4.39,4.49,4.29,477850,546377184.00,4.66,2.33,0.10,2.17
2015-01-21,4.40,4.55,4.61,4.40,515963,605929808.00,4.78,3.64,0.16,2.35
2015-01-22,4.55,4.71,4.77,4.52,630929,761073584.00,5.49,3.52,0.16,2.87
2015-01-23,4.74,4.59,4.74,4.55,482660,583268176.00,4.03,-2.55,-0.12,2.19
2015-01-26,4.56,4.69,4.71,4.54,369021,444857504.00,3.70,2.18,0.10,1.68
2015-01-27,4.75,4.74,4.84,4.59,534869,657642832.00,5.33,1.07,0.05,2.43
2015-01-28,4.71,4.63,4.74,4.59,384057,464520512.00,3.16,-2.32,-0.11,1.75
2015-01-29,4.56,4.44,4.60,4.41,437252,511877088.00,4.10,-4.10,-0.19,1.99
2015-01-30,4.46,4.50,4.65,4.45,468582,554189840.00,4.50,1.35,0.06,2.13
2015-02-02,4.37,4.30,4.41,4.29,364302,411196816.00,2.67,-4.44,-0.20,1.66
2015-02-03,4.35,4.34,4.38,4.19,298850,333885024.00,4.42,0.93,0.04,1.36
2015-02-04,4.34,4.30,4.40,4.29,254160,287205488.00,2.53,-0.92,-0.04,1.16
2015-02-05,4.40,4.26,4.42,4.23,274206,306566832.00,4.42,-0.93,-0.04,1.25
2015-02-06,4.27,4.17,4.27,4.11,309536,334657312.00,3.76,-2.11,-0.09,1.41
2015-02-09,4.16,4.04,4.16,3.97,268226,282245232.00,4.56,-3.12,-0.13,1.22
2015-02-10,4.04,4.15,4.16,4.00,208578,221710786.00,3.96,2.72,0.11,0.95
2015-02-11,4.17,4.15,4.23,4.13,203525,221239641.00,2.41,0.00,0.00,0.93
2015-02-12,4.15,4.20,4.22,4.14,146210,159240010.00,1.93,1.20,0.05,0.66
2015-02-13,4.23,4.41,4.54,4.23,562992,647890880.00,7.38,5.00,0.21,2.56
2015-02-16,4.46,4.50,4.54,4.42,352699,411485584.00,2.72,2.04,0.09,1.60
2015-02-17,4.54,4.49,4.57,4.43,252618,294780112.00,3.11,-0.22,-0.01,1.15
2015-02-25,4.51,4.75,4.84,4.51,788095,972277904.00,7.35,5.79,0.26,3.58
2015-02-26,4.83,4.80,4.95,4.69,823171,1033152192.00,5.47,1.05,0.05,3.74
2015-02-27,4.80,4.80,4.82,4.70,473137,585652176.00,2.50,0.00,0.00,2.15
2015-03-02,5.00,4.94,5.11,4.89,982594,1275197008.00,4.58,2.92,0.14,4.47
2015-03-03,4.97,5.09,5.32,4.88,1236251,1646705248.00,8.91,3.04,0.15,5.62
2015-03-04,4.96,4.97,4.99,4.85,668960,855537248.00,2.75,-2.36,-0.12,3.04
2015-03-05,5.03,4.90,5.14,4.87,562559,730365264.00,5.43,-1.41,-0.07,2.56
2015-03-06,4.87,4.67,4.87,4.64,514938,634152144.00,4.69,-4.69,-0.23,2.34
2015-03-09,4.67,4.72,4.76,4.65,277447,339284816.00,2.36,1.07,0.05,1.26
2015-03-10,4.71,4.69,4.72,4.65,335457,408506224.00,1.48,-0.64,-0.03,1.52
2015-03-11,4.69,4.69,4.71,4.64,303616,368835664.00,1.49,0.00,0.00,1.38
2015-03-12,4.70,4.70,4.75,4.66,288754,353304800.00,1.92,0.21,0.01,1.31
2015-03-13,4.71,4.80,4.80,4.69,354137,438462448.00,2.34,2.13,0.10,1.61
2015-03-16,4.82,4.89,4.91,4.82,434664,551764192.00,1.88,1.88,0.09,1.98
2015-03-17,4.94,4.90,4.94,4.84,487442,619751488.00,2.04,0.20,0.01,2.22
2015-03-18,4.90,5.02,5.06,4.89,647405,838872208.00,3.47,2.45,0.12,2.94
2015-03-19,5.02,4.97,5.03,4.88,526620,675934544.00,2.99,-1.00,-0.05,2.39
2015-03-20,4.95,5.17,5.45,4.91,961050,1293021440.00,10.87,4.02,0.20,4.37
2015-03-23,5.25,5.69,5.69,5.11,1578897,2257675760.00,11.22,10.06,0.52,7.18
2015-03-24,5.84,5.79,5.98,5.53,2214858,3322114432.00,7.91,1.76,0.10,10.07
2015-03-25,5.80,5.71,5.90,5.64,1065925,1598597504.00,4.49,-1.38,-0.08,4.85
2015-03-26,5.61,5.63,5.80,5.57,756182,1114446352.00,4.03,-1.40,-0.08,3.44
2015-03-27,5.62,5.91,6.00,5.55,1011618,1513192192.00,7.99,4.97,0.28,4.60
2015-03-30,5.95,5.86,6.23,5.79,1300342,2007455920.00,7.45,-0.85,-0.05,5.91
2015-03-31,5.86,5.77,5.92,5.77,632817,956578528.00,2.56,-1.54,-0.09,2.88
2015-04-01,5.77,6.03,6.07,5.73,1199766,1849466480.00,5.89,4.51,0.26,5.45
2015-04-02,6.03,6.10,6.20,5.98,1316567,2082147808.00,3.65,1.16,0.07,5.98
2015-04-03,5.99,6.03,6.09,5.90,772057,1204010784.00,3.11,-1.15,-0.07,3.51
2015-04-07,6.02,6.05,6.18,5.99,745722,1177888592.00,3.15,0.33,0.02,3.39
2015-04-08,6.05,5.80,6.07,5.71,915533,1392494704.00,5.95,-4.13,-0.25,4.16
2015-04-09,5.76,5.61,5.76,5.47,635464,925090112.00,5.00,-3.28,-0.19,2.89
2015-04-10,5.57,5.72,5.77,5.50,425455,630112112.00,4.81,1.96,0.11,1.93
2015-04-13,5.74,5.82,5.88,5.72,546030,823326032.00,2.80,1.75,0.10,2.48
2015-04-14,5.84,5.81,5.87,5.69,563732,849914736.00,3.09,-0.17,-0.01,2.56
2015-04-15,5.82,5.93,6.10,5.77,931384,1443948976.00,5.68,2.07,0.12,4.23
2015-04-16,5.80,6.47,6.52,5.69,1943068,3182486960.00,14.00,9.11,0.54,8.83
2015-04-17,6.65,6.36,6.69,6.31,1882732,3164088816.00,5.87,-1.70,-0.11,8.56
2015-04-20,6.24,5.97,6.24,5.95,1050859,1659312896.00,4.56,-6.13,-0.39,4.78
2015-04-21,5.97,6.16,6.19,5.96,678619,1074633312.00,3.85,3.18,0.19,3.08
2015-04-22,6.38,6.24,6.41,6.20,927198,1512254112.00,3.41,1.30,0.08,4.21
2015-04-23,6.21,6.13,6.21,6.07,749355,1193440912.00,2.24,-1.76,-0.11,3.41
2015-04-24,6.05,6.20,6.26,5.98,761853,1221980656.00,4.57,1.14,0.07,3.46
2015-04-27,6.20,6.14,6.26,6.08,668005,1072055632.00,2.90,-0.97,-0.06,3.04
2015-04-28,6.08,6.25,6.26,6.02,942382,1510824896.00,3.91,1.79,0.11,4.28
2015-04-29,6.23,6.17,6.24,6.06,513887,825063328.00,2.88,-1.28,-0.08,2.34
2015-04-30,6.24,6.04,6.26,6.04,541152,861808576.00,3.57,-2.11,-0.13,2.46
2015-05-04,6.05,6.08,6.17,5.98,553315,874079680.00,3.15,0.66,0.04,2.52
2015-05-05,6.09,5.62,6.10,5.54,714210,1080036864.00,9.21,-7.57,-0.46,3.25
2015-05-06,5.62,5.42,5.76,5.33,500372,726064048.00,7.65,-3.56,-0.20,2.27
2015-05-07,5.42,5.13,5.49,5.10,463784,633256112.00,7.20,-5.35,-0.29,2.11
2015-05-08,5.19,5.25,5.29,5.13,373622,506185872.00,3.12,2.34,0.12,1.70
2015-05-11,5.30,5.49,5.49,5.19,511474,714219200.00,5.71,4.57,0.24,2.32
2015-05-12,5.52,5.56,5.60,5.44,516154,741883744.00,2.91,1.28,0.07,2.35
2015-05-13,5.56,5.59,5.61,5.38,463513,663982544.00,4.14,0.54,0.03,2.11
2015-05-14,5.71,5.57,5.73,5.54,493185,720568336.00,3.40,-0.36,-0.02,2.24
2015-05-15,5.55,5.32,5.56,5.26,421244,586641216.00,5.39,-4.49,-0.25,1.91
2015-05-18,5.63,5.54,5.70,5.51,740035,1078240640.00,3.57,4.14,0.22,3.36
2015-05-19,5.54,5.61,5.63,5.40,550368,793463168.00,4.15,1.26,0.07,2.50
2015-05-20,5.63,5.67,5.77,5.56,743840,1099884080.00,3.74,1.07,0.06,3.38
2015-05-21,5.69,5.90,5.92,5.58,824243,1233407472.00,6.00,4.06,0.23,3.75
2015-05-22,5.96,6.17,6.34,5.79,1340151,2114225008.00,9.32,4.58,0.27,6.09
2015-05-25,6.11,6.22,6.28,6.07,1127165,1816739936.00,3.40,0.81,0.05,5.12
2015-05-26,6.27,6.43,6.44,6.17,1134539,1861157024.00,4.34,3.38,0.21,5.16
2015-05-27,6.45,6.59,6.77,6.24,1487725,2542601264.00,8.24,2.49,0.16,6.76
2015-05-28,6.53,5.94,6.57,5.94,1211021,1970659456.00,9.56,-9.86,-0.65,5.50
2015-05-29,5.88,5.71,5.93,5.38,736156,1094463984.00,9.26,-3.87,-0.23,3.35
2015-06-01,5.77,5.99,6.01,5.59,569337,859121360.00,7.36,4.90,0.28,2.59
2015-06-02,5.99,6.21,6.24,5.88,819175,1285184928.00,6.01,3.67,0.22,3.72
2015-06-03,6.21,6.37,6.50,6.02,852881,1369736048.00,7.73,2.58,0.16,3.88
2015-06-04,6.34,6.46,6.47,5.97,945781,1538226576.00,7.85,1.41,0.09,4.30
2015-06-05,6.65,6.74,6.84,6.32,1700588,2904185392.00,8.05,4.33,0.28,7.73
2015-06-08,6.64,7.32,7.40,6.44,2064147,3715021200.00,14.24,8.61,0.58,9.38
2015-06-09,7.17,6.97,7.35,6.94,1617577,2986054880.00,5.60,-4.78,-0.35,7.35
2015-06-10,6.82,6.97,7.18,6.74,1169934,2116441104.00,6.31,0.00,0.00,5.32
2015-06-11,6.97,7.58,7.62,6.90,1884435,3537770064.00,10.33,8.75,0.61,8.57
2015-06-12,7.48,7.37,7.62,7.32,1988174,3829236960.00,3.96,-2.77,-0.21,9.04
2015-06-15,7.37,7.05,7.37,6.94,877298,1621070400.00,5.83,-4.34,-0.32,3.99
2015-06-16,7.23,6.87,7.32,6.79,857865,1574644720.00,7.52,-2.55,-0.18,3.90
2015-06-17,6.79,7.02,7.09,6.52,804040,1409761360.00,8.30,2.18,0.15,3.65
2015-06-18,7.02,7.15,7.36,6.82,1336079,2462349616.00,7.69,1.85,0.13,6.07
2015-06-19,6.98,6.60,7.27,6.52,1192314,2163746432.00,10.49,-7.69,-0.55,5.42
2015-06-23,6.59,6.69,6.71,5.97,1022159,1714643200.00,11.21,1.36,0.09,4.65
2015-06-24,6.71,6.98,7.05,6.65,1196972,2119942144.00,5.98,4.33,0.29,5.44
2015-06-25,6.99,6.62,7.15,6.40,1122974,2005697504.00,10.74,-5.16,-0.36,5.10
2015-06-26,6.27,5.96,6.48,5.96,605929,961415136.00,7.85,-9.97,-0.66,2.75
2015-06-29,6.14,5.37,6.19,5.37,706300,1016705520.00,13.76,-9.90,-0.59,3.21
2015-06-30,5.30,5.57,5.74,4.84,820897,1100846720.00,16.76,3.72,0.20,3.73
2015-07-01,5.46,5.02,5.67,5.02,666766,930553376.00,11.67,-9.87,-0.55,3.03
2015-07-02,5.02,4.53,5.17,4.53,713807,879072064.00,12.75,-9.76,-0.49,3.24
2015-07-03,4.38,4.08,4.55,4.08,590151,634542592.00,10.38,-9.93,-0.45,2.68
2015-07-06,4.47,3.68,4.48,3.68,930665,934056160.00,19.61,-9.80,-0.40,4.23
2015-07-07,3.63,3.32,3.65,3.32,913569,787408368.00,8.97,-9.78,-0.36,4.15
2015-07-08,3.00,3.05,3.34,3.00,1195084,935360816.00,10.24,-8.13,-0.27,5.43
2015-07-09,3.05,3.35,3.35,3.02,919209,771712896.00,10.82,9.84,0.30,4.18
2015-07-10,3.68,3.68,3.68,3.54,439292,413259840.00,4.18,9.85,0.33,2.00
2015-07-13,4.04,4.04,4.04,3.90,839825,867362672.00,3.80,9.78,0.36,3.82
2015-07-14,4.29,4.44,4.44,4.12,1404125,1573962416.00,7.92,9.90,0.40,6.38
2015-07-15,4.37,4.00,4.37,4.00,893410,948008880.00,8.33,-9.91,-0.44,4.06
2015-07-16,3.98,4.12,4.34,3.67,954121,1005272256.00,16.75,3.00,0.12,4.34
2015-07-17,4.15,4.45,4.48,4.02,885039,979884800.00,11.17,8.01,0.33,4.02
2015-07-20,4.45,4.45,4.59,4.36,841368,965040928.00,5.17,0.00,0.00,3.82
2015-07-21,4.36,4.48,4.55,4.29,688838,786710560.00,5.84,0.67,0.03,3.13
2015-07-22,4.45,4.55,4.64,4.40,672365,783773952.00,5.36,1.56,0.07,3.06
2015-07-23,4.59,4.73,4.77,4.54,823568,986267744.00,5.05,3.96,0.18,3.74
2015-07-24,4.71,4.82,5.17,4.69,1147190,1437203424.00,10.15,1.90,0.09,5.21
2015-07-27,4.64,4.34,4.87,4.34,772035,917284880.00,11.00,-9.96,-0.48,3.51
2015-07-28,3.98,4.00,4.38,3.91,726487,756806864.00,10.83,-7.83,-0.34,3.30
2015-07-29,4.11,4.39,4.40,3.94,562586,596068368.00,11.50,9.75,0.39,2.56
2015-07-30,4.30,4.22,4.54,4.14,635257,718190512.00,9.11,-3.87,-0.17,2.89
2015-07-31,4.15,4.27,4.38,4.14,468687,509108592.00,5.69,1.18,0.05,2.13
2015-08-03,4.32,4.39,4.54,4.25,710441,800386080.00,6.79,2.81,0.12,3.23
2015-08-04,4.36,4.67,4.69,4.27,848441,978851712.00,9.57,6.38,0.28,3.86
2015-08-05,4.59,4.52,4.72,4.48,681935,806342320.00,5.14,-3.21,-0.15,3.10
2015-08-06,4.35,4.39,4.54,4.35,373449,424804128.00,4.20,-2.88,-0.13,1.70
2015-08-07,4.45,4.54,4.59,4.44,439115,510073936.00,3.42,3.42,0.15,2.00
2015-08-10,4.57,4.80,4.81,4.55,692688,835181424.00,5.73,5.73,0.26,3.15
2015-08-11,4.84,4.82,5.09,4.71,906207,1145703952.00,7.92,0.42,0.02,4.12
2015-08-12,4.70,4.77,4.90,4.68,554261,682228384.00,4.56,-1.04,-0.05,2.52
2015-08-13,4.80,4.86,4.86,4.64,552456,680004896.00,4.61,1.89,0.09,2.51
2015-08-14,4.90,4.88,4.97,4.82,648971,817331216.00,3.09,0.41,0.02,2.95
2015-08-17,4.83,4.99,5.03,4.82,572952,729170096.00,4.30,2.25,0.11,2.60
2015-08-18,5.00,4.50,5.04,4.50,637395,779095440.00,10.82,-9.82,-0.49,2.90
2015-08-19,4.34,4.56,4.62,4.07,598733,663986512.00,12.22,1.33,0.06,2.72
2015-08-20,4.40,4.23,4.54,4.21,398739,447290800.00,7.24,-7.24,-0.33,1.81
2015-08-21,4.14,3.93,4.21,3.89,394612,409895664.00,7.57,-7.09,-0.30,1.79
2015-08-24,3.71,3.54,3.79,3.54,446877,410612320.00,6.36,-9.92,-0.39,2.03
2015-08-25,3.22,3.19,3.51,3.19,584309,488717392.00,9.04,-9.89,-0.35,2.66
2015-08-26,3.24,3.20,3.44,3.14,516281,431317744.00,9.40,0.31,0.01,2.35
2015-08-27,3.33,3.42,3.42,3.20,430534,366746768.00,6.88,6.88,0.22,1.96
2015-08-28,3.46,3.70,3.71,3.43,584649,527329984.00,8.19,8.19,0.28,2.66
2015-08-31,3.67,3.73,3.74,3.49,496523,457523872.00,6.76,0.81,0.03,2.26
2015-09-01,3.63,3.68,3.73,3.44,528252,488181504.00,7.77,-1.34,-0.05,2.40
2015-09-02,3.55,3.72,3.84,3.46,555192,524961664.00,10.33,1.09,0.04,2.52
2015-09-07,3.73,3.60,3.89,3.59,347614,334642944.00,8.06,-3.23,-0.12,1.58
2015-09-08,3.60,3.77,3.77,3.48,234224,217221469.00,8.06,4.72,0.17,1.06
2015-09-09,3.77,3.87,3.90,3.73,339357,333384320.00,4.51,2.65,0.10,1.54
2015-09-10,3.79,3.70,3.85,3.69,213090,206432256.00,4.13,-4.39,-0.17,0.97
2015-09-11,3.73,3.74,3.82,3.71,160169,154076879.00,2.97,1.08,0.04,0.73
2015-09-14,3.83,3.39,3.84,3.37,284211,262126832.00,12.57,-9.36,-0.35,1.29
2015-09-15,3.32,3.24,3.42,3.18,238563,201347135.00,7.08,-4.42,-0.15,1.08
2015-09-16,3.28,3.53,3.55,3.26,211969,184376729.00,8.95,8.95,0.29,0.96
2015-09-17,3.44,3.40,3.60,3.39,243596,218590345.00,5.95,-3.68,-0.13,1.11
2015-09-18,3.45,3.48,3.54,3.40,162354,144586451.00,4.12,2.35,0.08,0.74
2015-09-21,3.43,3.55,3.56,3.39,227115,202352024.00,4.89,2.01,0.07,1.03
2015-09-22,3.55,3.58,3.63,3.54,222319,203878801.00,2.54,0.85,0.03,1.01
2015-09-23,3.52,3.50,3.59,3.47,188101,169889482.00,3.35,-2.23,-0.08,0.86
2015-09-24,3.54,3.55,3.57,3.50,135470,122480669.00,2.00,1.43,0.05,0.62
2015-09-25,3.54,3.60,3.70,3.44,366285,338297824.00,7.32,1.41,0.05,1.66
2015-09-28,3.55,3.56,3.59,3.44,187414,169032875.00,4.17,-1.11,-0.04,0.85
2015-09-29,3.48,3.44,3.51,3.42,147600,130589637.00,2.53,-3.37,-0.12,0.67
2015-09-30,3.48,3.44,3.50,3.44,95008,84062814.00,1.74,0.00,0.00,0.43
2015-10-08,3.56,3.57,3.62,3.54,229616,210558772.00,2.33,3.78,0.13,1.04
2015-10-09,3.56,3.64,3.66,3.56,219512,203537881.00,2.80,1.96,0.07,1.00
2015-10-12,3.69,3.82,3.88,3.67,359011,348179648.00,5.77,4.95,0.18,1.63
2015-10-13,3.79,3.85,3.88,3.75,274360,268197592.00,3.40,0.79,0.03,1.25
2015-10-14,3.85,3.74,3.86,3.74,259570,252876566.00,3.12,-2.86,-0.11,1.18
2015-10-15,3.74,3.89,3.90,3.73,312933,307335216.00,4.55,4.01,0.15,1.42
2015-10-16,3.96,4.27,4.27,3.94,557476,597785584.00,8.48,9.77,0.38,2.53
2015-10-19,4.42,4.46,4.58,4.33,1099208,1248372640.00,5.85,4.45,0.19,5.00
2015-10-20,4.30,4.41,4.42,4.29,500942,559889568.00,2.91,-1.12,-0.05,2.28
2015-10-21,4.42,3.99,4.50,3.98,647790,710252944.00,11.79,-9.52,-0.42,2.94
2015-10-22,4.02,4.20,4.24,3.97,418273,441283232.00,6.77,5.26,0.21,1.90
2015-10-23,4.23,4.40,4.48,4.15,647567,715351616.00,7.86,4.76,0.20,2.94
2015-10-26,4.51,4.34,4.52,4.31,594050,675423376.00,4.77,-1.36,-0.06,2.70
2015-10-27,4.30,4.29,4.36,4.04,437796,471842240.00,7.37,-1.15,-0.05,1.99
2015-10-28,4.29,4.27,4.54,4.23,546407,615817088.00,7.23,-0.47,-0.02,2.48
2015-10-29,4.29,4.28,4.35,4.19,325175,355999072.00,3.75,0.23,0.01,1.48
2015-10-30,4.27,4.24,4.36,4.14,286903,313230784.00,5.14,-0.93,-0.04,1.30
2015-11-02,4.15,4.09,4.26,4.08,255081,272528192.00,4.25,-3.54,-0.15,1.16
2015-11-03,4.13,4.12,4.16,4.06,205944,217267993.00,2.44,0.73,0.03,0.94
2015-11-04,4.15,4.34,4.35,4.14,422702,461809504.00,5.10,5.34,0.22,1.92
2015-11-05,4.36,4.37,4.42,4.29,585164,654364752.00,3.00,0.69,0.03,2.66
2015-11-06,4.39,4.43,4.47,4.34,504452,570667968.00,2.97,1.37,0.06,2.29
2015-11-09,4.40,4.40,4.47,4.34,571741,647790928.00,2.93,-0.68,-0.03,2.60
2015-11-10,4.42,4.30,4.54,4.29,646800,736177248.00,5.68,-2.27,-0.10,2.94
2015-11-11,4.36,4.38,4.40,4.30,403663,450189952.00,2.33,1.86,0.08,1.83
2015-11-12,4.39,4.32,4.40,4.25,408472,452326864.00,3.42,-1.37,-0.06,1.86
2015-11-13,4.25,4.22,4.29,4.18,301413,327276016.00,2.55,-2.31,-0.10,1.37
2015-11-16,4.14,4.35,4.36,4.13,302428,330695648.00,5.45,3.08,0.13,1.37
2015-11-17,4.50,4.42,4.61,4.39,946673,1086678752.00,5.06,1.61,0.07,4.30
2015-11-18,4.38,4.23,4.39,4.22,441819,491041968.00,3.85,-4.30,-0.19,2.01
2015-11-19,4.26,4.35,4.36,4.22,272396,300057344.00,3.31,2.84,0.12,1.24
2015-11-20,4.34,4.36,4.40,4.32,354412,396436896.00,1.84,0.23,0.01,1.61
2015-11-23,4.37,4.27,4.39,4.26,315327,350016304.00,2.98,-2.06,-0.09,1.43
2015-11-24,4.28,4.28,4.30,4.20,226745,246769471.00,2.34,0.23,0.01,1.03
2015-11-25,4.26,4.31,4.32,4.25,248458,273472576.00,1.64,0.70,0.03,1.13
2015-11-26,4.45,4.34,4.51,4.33,575993,653254096.00,4.18,0.70,0.03,2.62
2015-11-27,4.34,4.05,4.39,3.97,383552,415116448.00,9.68,-6.68,-0.29,1.74
2015-11-30,4.05,4.11,4.15,3.93,262562,272741024.00,5.43,1.48,0.06,1.19
2015-12-01,4.12,4.20,4.26,4.07,287806,308408640.00,4.62,2.19,0.09,1.31
2015-12-02,4.19,4.17,4.19,4.04,225808,238599371.00,3.57,-0.71,-0.03,1.03
2015-12-03,4.18,4.20,4.25,4.16,180004,193562182.00,2.16,0.72,0.03,0.82
2015-12-04,4.16,4.10,4.19,4.07,169823,179842714.00,2.86,-2.38,-0.10,0.77
2015-12-07,4.10,4.12,4.17,4.09,131950,139690277.00,1.95,0.49,0.02,0.60
2015-12-08,4.13,4.05,4.19,4.02,193772,204045679.00,4.13,-1.70,-0.07,0.88
2015-12-09,4.02,3.96,4.05,3.95,151227,154312378.00,2.47,-2.22,-0.09,0.69
2015-12-10,3.98,3.94,4.01,3.93,118937,121110556.00,2.02,-0.51,-0.02,0.54
2015-12-11,3.94,3.94,3.97,3.92,109833,111096883.00,1.27,0.00,0.00,0.50
2015-12-14,3.92,4.03,4.06,3.90,167830,170979452.00,4.06,2.28,0.09,0.76
2015-12-15,4.03,4.05,4.11,4.02,146226,152123871.00,2.23,0.50,0.02,0.66
2015-12-16,4.04,4.04,4.09,4.03,124128,128880487.00,1.48,-0.25,-0.01,0.56
2015-12-17,4.05,4.10,4.11,4.05,229258,240465342.00,1.49,1.49,0.06,1.04
2015-12-18,4.13,4.10,4.17,4.09,253562,268191320.00,1.95,0.00,0.00,1.15
2015-12-21,4.09,4.15,4.15,4.07,198462,210287736.00,1.95,1.22,0.05,0.90
2015-12-22,4.15,4.14,4.16,4.09,185976,196766455.00,1.69,-0.24,-0.01,0.85
2015-12-23,4.14,4.16,4.24,4.12,292109,313782992.00,2.90,0.48,0.02,1.33
2015-12-24,4.18,4.17,4.22,4.12,164866,176222655.00,2.40,0.24,0.01,0.75
2015-12-25,4.18,4.19,4.22,4.16,139777,150183470.00,1.44,0.48,0.02,0.64
2015-12-28,4.19,4.03,4.20,4.02,215904,228224622.00,4.30,-3.82,-0.16,0.98
2015-12-29,4.05,4.05,4.06,3.97,132312,136121637.00,2.23,0.50,0.02,0.60
2015-12-30,4.07,4.02,4.07,3.97,163823,168500278.00,2.47,-0.74,-0.03,0.74
2015-12-31,4.02,3.97,4.04,3.97,121329,124574562.00,1.74,-1.24,-0.05,0.55