2023-01-03,2.84,2.88,2.90,2.82,534533,153084414.00,2.83,1.77,0.05,0.73
2023-01-04,2.89,2.89,2.91,2.87,423494,122558388.00,1.39,0.35,0.01,0.58
2023-01-05,2.90,2.89,2.91,2.88,357399,103423780.00,1.04,0.00,0.00,0.49
2023-01-06,2.90,2.87,2.91,2.86,281951,81251884.00,1.73,-0.69,-0.02,0.38
2023-01-09,2.89,2.88,2.89,2.87,334188,96272860.00,0.70,0.35,0.01,0.46
2023-01-10,2.88,2.85,2.88,2.84,305581,87469629.00,1.39,-1.04,-0.03,0.42
2023-01-11,2.85,2.84,2.87,2.84,278357,79377478.00,1.05,-0.35,-0.01,0.38
2023-01-12,2.84,2.84,2.86,2.82,256220,72804591.00,1.41,0.00,0.00,0.35
2023-01-13,2.84,2.86,2.86,2.84,236637,67418612.00,0.70,0.70,0.02,0.32
2023-01-16,2.86,2.88,2.90,2.85,360250,103808704.00,1.75,0.70,0.02,0.49
2023-01-17,2.88,2.89,2.90,2.87,313494,90545763.00,1.04,0.35,0.01,0.43
2023-01-18,2.89,2.88,2.90,2.87,287389,82775383.00,1.04,-0.35,-0.01,0.39
2023-01-19,2.88,2.90,2.92,2.86,375081,108377609.00,2.08,0.69,0.02,0.51
2023-01-20,2.91,2.92,2.93,2.90,433608,126430677.00,1.03,0.69,0.02,0.59
2023-01-30,2.94,2.93,2.95,2.92,514417,150901455.00,1.03,0.34,0.01,0.70
2023-01-31,2.92,2.92,2.93,2.90,213783,62338426.00,1.02,-0.34,-0.01,0.29