2020-01-02,4.41,4.44,4.52,4.41,1608746,937118976.00,2.51,1.37,0.06,0.73
2020-01-03,4.46,4.44,4.48,4.41,810379,470340128.00,1.58,0.00,0.00,0.37
2020-01-06,4.41,4.39,4.44,4.36,1051389,606070576.00,1.80,-1.13,-0.05,0.48
2020-01-07,4.39,4.47,4.47,4.38,978161,567195760.00,2.05,1.82,0.08,0.44
2020-01-08,4.44,4.38,4.44,4.37,884021,509762176.00,1.57,-2.01,-0.09,0.40
2020-01-09,4.42,4.44,4.44,4.39,593862,343238528.00,1.14,1.37,0.06,0.27
2020-01-10,4.45,4.38,4.45,4.35,686215,394862528.00,2.25,-1.35,-0.06,0.31
2020-01-13,4.39,4.37,4.39,4.31,661753,376901456.00,1.83,-0.23,-0.01,0.30
2020-01-14,4.37,4.36,4.42,4.35,722093,414929584.00,1.60,-0.23,-0.01,0.33
2020-01-15,4.37,4.32,4.39,4.29,672453,381807936.00,2.29,-0.92,-0.04,0.30
2020-01-16,4.32,4.28,4.33,4.26,571812,322695168.00,1.62,-0.93,-0.04,0.26
2020-01-17,4.28,4.36,4.36,4.27,709132,402528800.00,2.10,1.87,0.08,0.32
2020-01-20,4.37,4.38,4.39,4.32,655365,374712640.00,1.61,0.46,0.02,0.30
2020-01-21,4.36,4.24,4.36,4.22,752290,423654016.00,3.20,-3.20,-0.14,0.34
2020-01-22,4.21,4.24,4.25,4.17,497234,276879920.00,1.89,0.00,0.00,0.22
2020-01-23,4.19,4.07,4.19,4.04,729196,399292000.00,3.54,-4.01,-0.17,0.33
2020-02-03,3.53,3.53,3.65,3.53,1695197,833521616.00,2.95,-13.27,-0.54,0.77
2020-02-04,3.51,3.83,3.84,3.47,1981456,989952992.00,10.48,8.50,0.30,0.89
2020-02-05,3.78,3.80,3.89,3.74,1062525,549767008.00,3.92,-0.78,-0.03,0.48
2020-02-06,3.84,3.84,3.86,3.77,663230,343806528.00,2.37,1.05,0.04,0.30
2020-02-07,3.83,3.86,3.87,3.75,529134,273196720.00,3.13,0.52,0.02,0.24
2020-02-10,3.82,3.93,3.96,3.81,595454,313679520.00,3.89,1.81,0.07,0.27
2020-02-11,3.94,3.97,4.12,3.94,737375,396618528.00,4.58,1.02,0.04,0.33
2020-02-12,3.95,3.96,3.98,3.91,403392,213918698.00,1.76,-0.25,-0.01,0.18
2020-02-13,3.96,3.91,4.01,3.89,481078,255321763.00,3.03,-1.26,-0.05,0.22
2020-02-14,3.91,3.93,3.94,3.88,352028,185778824.00,1.53,0.51,0.02,0.16
2020-02-17,3.93,4.06,4.07,3.92,603876,323964320.00,3.82,3.31,0.13,0.27
2020-02-18,4.04,4.02,4.10,4.01,514066,277770912.00,2.22,-0.99,-0.04,0.23
2020-02-19,4.01,4.00,4.05,3.98,477061,255857317.00,1.74,-0.50,-0.02,0.22
2020-02-20,4.01,4.04,4.05,3.96,609261,326753872.00,2.25,1.00,0.04,0.27
2020-02-21,4.03,4.03,4.06,4.00,501376,269964752.00,1.49,-0.25,-0.01,0.23
2020-02-24,4.00,3.98,4.01,3.96,763381,407573728.00,1.24,-1.24,-0.05,0.34
2020-02-25,3.88,3.87,3.93,3.84,781984,409353632.00,2.26,-2.76,-0.11,0.35
2020-02-26,3.83,3.96,4.00,3.81,902166,478098080.00,4.91,2.33,0.09,0.41
2020-02-27,3.94,3.93,4.00,3.92,506201,269255648.00,2.02,-0.76,-0.03,0.23
2020-02-28,3.80,3.84,3.90,3.80,697262,362295488.00,2.54,-2.29,-0.09,0.31
2020-03-02,3.82,4.06,4.10,3.82,1215310,653602528.00,7.29,5.73,0.22,0.55
2020-03-03,4.12,4.04,4.16,4.02,969262,526922976.00,3.45,-0.49,-0.02,0.44
2020-03-04,4.04,4.06,4.09,4.01,635820,344048032.00,1.98,0.50,0.02,0.29
2020-03-05,4.09,4.14,4.16,4.05,997245,546678080.00,2.71,1.97,0.08,0.45
2020-03-06,4.09,4.03,4.10,4.02,709312,383649136.00,1.93,-2.66,-0.11,0.32
2020-03-09,3.95,3.92,3.96,3.86,841350,442888288.00,2.48,-2.73,-0.11,0.38
2020-03-10,3.86,3.94,4.01,3.86,627419,331842672.00,3.83,0.51,0.02,0.28
2020-03-11,3.93,3.89,3.94,3.88,561594,295812672.00,1.52,-1.27,-0.05,0.25
2020-03-12,3.85,3.82,3.87,3.80,563218,292159632.00,1.80,-1.80,-0.07,0.25
2020-03-13,3.67,3.75,3.79,3.64,706809,357689552.00,3.93,-1.83,-0.07,0.32
2020-03-16,3.77,3.60,3.79,3.60,816806,411698432.00,5.07,-4.00,-0.15,0.37
2020-03-17,3.59,3.54,3.66,3.50,892112,437626752.00,4.44,-1.67,-0.06,0.40
2020-03-18,3.56,3.51,3.60,3.50,541202,266338871.00,2.82,-0.85,-0.03,0.24
2020-03-19,3.51,3.36,3.53,3.33,855147,407521168.00,5.70,-4.27,-0.15,0.39
2020-03-20,3.40,3.42,3.44,3.35,447342,212749000.00,2.68,1.79,0.06,0.20
2020-03-23,3.32,3.24,3.34,3.22,789252,365676672.00,3.51,-5.26,-0.18,0.36
2020-03-24,3.30,3.33,3.35,3.27,515127,240317685.00,2.47,2.78,0.09,0.23
2020-03-25,3.44,3.43,3.45,3.37,478077,228111999.00,2.40,3.00,0.10,0.22
2020-03-26,3.41,3.36,3.42,3.36,325287,154513696.00,1.75,-2.04,-0.07,0.15
2020-03-27,3.41,3.41,3.46,3.38,332167,158866376.00,2.38,1.49,0.05,0.15
2020-03-30,3.36,3.39,3.44,3.35,355412,168851243.00,2.64,-0.59,-0.02,0.16
2020-03-31,3.43,3.51,3.55,3.40,650799,315194688.00,4.42,3.54,0.12,0.29
2020-04-01,3.51,3.44,3.53,3.42,364551,176265368.00,3.13,-1.99,-0.07,0.16
2020-04-02,3.43,3.45,3.46,3.37,360721,172263268.00,2.62,0.29,0.01,0.16
2020-04-03,3.45,3.43,3.45,3.41,196784,94209560.00,1.16,-0.58,-0.02,0.09
2020-04-07,3.49,3.51,3.53,3.46,410329,199581739.00,2.04,2.33,0.08,0.19
2020-04-08,3.51,3.57,3.58,3.49,390109,191507157.00,2.56,1.71,0.06,0.18
2020-04-09,3.58,3.56,3.60,3.54,218422,107644761.00,1.68,-0.28,-0.01,0.10
2020-04-10,3.57,3.49,3.58,3.47,232807,113339326.00,3.09,-1.97,-0.07,0.11
2020-04-13,3.48,3.48,3.49,3.46,164663,79672588.00,0.86,-0.29,-0.01,0.07
2020-04-14,3.51,3.55,3.55,3.49,313054,153220769.00,1.72,2.01,0.07,0.14
2020-04-15,3.57,3.54,3.58,3.52,219330,107651315.00,1.69,-0.28,-0.01,0.10
2020-04-16,3.51,3.54,3.54,3.49,205972,100498146.00,1.41,0.00,0.00,0.09
2020-04-17,3.57,3.57,3.58,3.51,360851,177166658.00,1.98,0.85,0.03,0.16
2020-04-20,3.56,3.53,3.57,3.52,280368,137440432.00,1.40,-1.12,-0.04,0.13
2020-04-21,3.50,3.48,3.51,3.45,266095,128427156.00,1.70,-1.42,-0.05,0.12
2020-04-22,3.46,3.47,3.48,3.43,306518,147593234.00,1.44,-0.29,-0.01,0.14
2020-04-23,3.49,3.47,3.51,3.45,272726,132084459.00,1.73,0.00,0.00,0.12
2020-04-24,3.49,3.46,3.49,3.44,220995,106528234.00,1.44,-0.29,-0.01,0.10
2020-04-27,3.48,3.47,3.50,3.46,210156,101737752.00,1.16,0.29,0.01,0.09
2020-04-28,3.48,3.39,3.48,3.33,339803,161411634.00,4.32,-2.31,-0.08,0.15
2020-04-29,3.37,3.41,3.43,3.35,222340,105776537.00,2.36,0.59,0.02,0.10
2020-04-30,3.43,3.51,3.52,3.42,277992,134735691.00,2.93,2.93,0.10,0.13
2020-05-06,3.49,3.54,3.56,3.47,399021,195633481.00,2.56,0.85,0.03,0.18
2020-05-07,3.56,3.47,3.57,3.46,413478,200530136.00,3.11,-1.98,-0.07,0.19
2020-05-08,3.49,3.52,3.53,3.48,296024,144104450.00,1.44,1.44,0.05,0.13
2020-05-11,3.55,3.56,3.60,3.54,508101,250355761.00,1.70,1.14,0.04,0.23
2020-05-12,3.56,3.53,3.57,3.49,406168,198198271.00,2.25,-0.84,-0.03,0.18
2020-05-13,3.51,3.56,3.56,3.47,317763,155228676.00,2.55,0.85,0.03,0.14
2020-05-14,3.54,3.47,3.55,3.46,303414,147072143.00,2.53,-2.53,-0.09,0.14
2020-05-15,3.49,3.42,3.51,3.42,292184,140601128.00,2.59,-1.44,-0.05,0.13
2020-05-18,3.44,3.42,3.47,3.40,234100,112317628.00,2.05,0.00,0.00,0.11
2020-05-19,3.47,3.47,3.49,3.45,264783,127939734.00,1.17,1.46,0.05,0.12
2020-05-20,3.47,3.44,3.49,3.43,276945,133432009.00,1.73,-0.86,-0.03,0.12
2020-05-21,3.46,3.41,3.48,3.41,353657,169698069.00,2.03,-0.87,-0.03,0.16
2020-05-22,3.42,3.36,3.43,3.36,334362,158476213.00,2.05,-1.47,-0.05,0.15
2020-05-25,3.37,3.39,3.41,3.36,212549,100842929.00,1.49,0.89,0.03,0.10
2020-05-26,3.41,3.42,3.44,3.39,294002,140372492.00,1.47,0.88,0.03,0.13
2020-05-27,3.42,3.50,3.51,3.40,420094,203237941.00,3.22,2.34,0.08,0.19
2020-05-28,3.52,3.53,3.54,3.50,397648,194170199.00,1.14,0.86,0.03,0.18
2020-05-29,3.54,3.53,3.54,3.47,549266,266915040.00,1.98,0.00,0.00,0.25
2020-06-01,3.54,3.56,3.56,3.49,662429,324089008.00,1.98,0.85,0.03,0.30
2020-06-02,3.55,3.54,3.56,3.51,556489,272188672.00,1.40,-0.56,-0.02,0.25
2020-06-03,3.55,3.54,3.58,3.52,758446,350273088.00,1.69,0.00,0.00,0.34
2020-06-04,3.53,3.52,3.55,3.51,351838,162100050.00,1.13,-0.56,-0.02,0.16
2020-06-05,3.52,3.48,3.53,3.47,433662,198059319.00,1.70,-1.14,-0.04,0.20
2020-06-08,3.49,3.48,3.52,3.47,568363,259765373.00,1.44,0.00,0.00,0.26
2020-06-09,3.48,3.50,3.50,3.48,424738,194060348.00,0.57,0.57,0.02,0.19
2020-06-10,3.50,3.49,3.53,3.48,646062,295630752.00,1.43,-0.29,-0.01,0.29
2020-06-11,3.50,3.43,3.50,3.43,701364,318585504.00,2.01,-1.72,-0.06,0.32
2020-06-12,3.39,3.49,3.49,3.37,690324,311896880.00,3.50,1.75,0.06,0.31
2020-06-15,3.46,3.42,3.51,3.42,608089,275894432.00,2.58,-2.01,-0.07,0.27
2020-06-16,3.45,3.54,3.54,3.43,886538,405475760.00,3.22,3.51,0.12,0.40
2020-06-17,3.52,3.57,3.63,3.51,900757,419836224.00,3.39,0.85,0.03,0.41
2020-06-18,3.58,3.71,3.79,3.54,1477362,706430112.00,7.00,3.92,0.14,0.67
2020-06-19,3.70,3.67,3.70,3.62,845915,401021936.00,2.16,-1.08,-0.04,0.38
2020-06-22,3.68,3.63,3.70,3.62,495918,234554656.00,2.18,-1.09,-0.04,0.22
2020-06-23,3.61,3.53,3.61,3.53,586841,271866880.00,2.20,-2.75,-0.10,0.26
2020-06-24,3.54,3.52,3.56,3.51,320473,147740141.00,1.42,-0.28,-0.01,0.14
2020-06-29,3.49,3.48,3.51,3.47,374222,170716867.00,1.14,-1.14,-0.04,0.17
2020-06-30,3.49,3.48,3.51,3.47,359186,163948616.00,1.15,0.00,0.00,0.16
2020-07-01,3.48,3.56,3.56,3.47,449246,206401662.00,2.59,2.30,0.08,0.20
2020-07-02,3.53,3.63,3.66,3.53,758591,354611120.00,3.65,1.97,0.07,0.34
2020-07-03,3.66,3.73,3.77,3.65,1189821,570189008.00,3.31,2.75,0.10,0.54
2020-07-06,3.80,4.07,4.08,3.78,2020000,1018978624.00,8.04,9.12,0.34,0.91
2020-07-07,4.17,4.13,4.29,4.09,2250327,1185640336.00,4.91,1.47,0.06,1.02
2020-07-08,4.11,4.24,4.30,4.08,1439712,760067424.00,5.33,2.66,0.11,0.65
2020-07-09,4.24,4.35,4.38,4.18,1760622,942507232.00,4.72,2.59,0.11,0.79
2020-07-10,4.29,4.17,4.29,4.12,1056595,559582912.00,3.91,-4.14,-0.18,0.48
2020-07-13,4.16,4.21,4.25,4.13,1089901,574558624.00,2.88,0.96,0.04,0.49
2020-07-14,4.21,4.17,4.33,4.13,1115883,591209984.00,4.75,-0.95,-0.04,0.50
2020-07-15,4.20,4.04,4.22,3.99,849602,439289264.00,5.52,-3.12,-0.13,0.38
2020-07-16,4.05,3.88,4.10,3.87,749218,379756000.00,5.69,-3.96,-0.16,0.34
2020-07-17,3.89,3.81,3.92,3.75,837185,410913680.00,4.38,-1.80,-0.07,0.38
2020-07-20,3.81,4.10,4.12,3.80,1231933,627420608.00,8.40,7.61,0.29,0.56
2020-07-21,4.10,4.05,4.13,4.00,630626,323729184.00,3.17,-1.22,-0.05,0.28
2020-07-22,4.08,4.03,4.09,4.00,748670,383723328.00,2.22,-0.49,-0.02,0.34
2020-07-23,3.98,3.97,4.01,3.90,676936,341082000.00,2.73,-1.49,-0.06,0.31
2020-07-24,3.95,3.83,3.98,3.80,709558,351594112.00,4.53,-3.53,-0.14,0.32
2020-07-27,3.85,3.81,3.88,3.77,458430,224739479.00,2.87,-0.52,-0.02,0.21
2020-07-28,3.83,3.83,3.95,3.81,517251,255691692.00,3.67,0.52,0.02,0.23
2020-07-29,3.83,3.89,3.91,3.78,528376,261213114.00,3.39,1.57,0.06,0.24
2020-07-30,3.89,3.84,3.93,3.82,479376,237572941.00,2.83,-1.29,-0.05,0.22
2020-07-31,3.85,3.84,3.91,3.80,685194,337321872.00,2.86,0.00,0.00,0.31
2020-08-03,3.87,3.89,3.89,3.84,611938,302942352.00,1.30,1.30,0.05,0.28
2020-08-04,3.92,3.91,3.94,3.85,851766,423713632.00,2.31,0.51,0.02,0.38
2020-08-05,3.91,3.84,3.91,3.83,806526,397497280.00,2.05,-1.79,-0.07,0.36
2020-08-06,3.86,3.85,3.87,3.80,608326,298797968.00,1.82,0.26,0.01,0.27
2020-08-07,3.85,3.79,3.85,3.77,583297,284836064.00,2.08,-1.56,-0.06,0.26
2020-08-10,3.80,3.83,3.85,3.77,592131,290240720.00,2.11,1.06,0.04,0.27
2020-08-11,3.85,3.81,3.90,3.79,614220,303029424.00,2.87,-0.52,-0.02,0.28
2020-08-12,3.81,3.83,3.87,3.78,742836,364219856.00,2.36,0.52,0.02,0.34
2020-08-13,3.85,3.87,3.88,3.83,644027,318264944.00,1.31,1.04,0.04,0.29
2020-08-14,3.86,3.87,3.88,3.82,448744,221223228.00,1.55,0.00,0.00,0.20
2020-08-17,3.87,3.98,3.99,3.86,1006699,505024464.00,3.36,2.84,0.11,0.45
2020-08-18,3.97,3.96,4.03,3.94,696788,352408240.00,2.26,-0.50,-0.02,0.31
2020-08-19,3.96,3.95,4.00,3.92,541722,272742144.00,2.02,-0.25,-0.01,0.24
2020-08-20,3.95,3.96,4.03,3.92,915884,462705024.00,2.78,0.25,0.01,0.41
2020-08-21,3.95,4.00,4.03,3.92,895516,452123728.00,2.78,1.01,0.04,0.40
2020-08-24,4.02,3.94,4.03,3.94,722402,365077648.00,2.25,-1.50,-0.06,0.33
2020-08-25,3.93,3.88,3.96,3.87,609052,303857600.00,2.28,-1.52,-0.06,0.27
2020-08-26,3.87,3.82,3.88,3.81,509974,250631598.00,1.80,-1.55,-0.06,0.23
2020-08-27,3.83,3.82,3.84,3.79,422706,206906354.00,1.31,0.00,0.00,0.19
2020-08-28,3.81,3.90,3.91,3.81,547562,271170976.00,2.62,2.09,0.08,0.25
2020-08-31,3.91,3.86,3.97,3.86,639064,319045664.00,2.82,-1.03,-0.04,0.29
2020-09-01,3.86,3.88,3.90,3.84,319177,158003779.00,1.55,0.52,0.02,0.14
2020-09-02,3.94,3.90,3.95,3.87,540555,269554224.00,2.06,0.52,0.02,0.24
2020-09-03,3.92,3.94,4.04,3.91,1008552,510447552.00,3.33,1.03,0.04,0.46
2020-09-04,3.91,3.93,3.95,3.88,546399,272930240.00,1.78,-0.25,-0.01,0.25
2020-09-07,3.95,3.90,3.98,3.89,600828,301702864.00,2.29,-0.76,-0.03,0.27
2020-09-08,3.92,3.97,3.99,3.91,615662,309930288.00,2.05,1.79,0.07,0.28
2020-09-09,3.94,4.02,4.05,3.93,1185809,603399024.00,3.02,1.26,0.05,0.54
2020-09-10,4.02,3.95,4.03,3.93,981906,495549536.00,2.49,-1.74,-0.07,0.44
2020-09-11,3.96,3.95,3.97,3.86,704949,351743040.00,2.78,0.00,0.00,0.32
2020-09-14,3.93,3.94,3.96,3.90,406065,203397907.00,1.52,-0.25,-0.01,0.18
2020-09-15,3.94,3.93,3.95,3.91,257522,129080607.00,1.02,-0.25,-0.01,0.12
2020-09-16,3.93,3.98,3.99,3.91,545840,275524832.00,2.04,1.27,0.05,0.25
2020-09-17,3.97,3.98,4.01,3.94,473805,239600221.00,1.76,0.00,0.00,0.21
2020-09-18,3.98,4.05,4.06,3.95,1015619,518226672.00,2.76,1.76,0.07,0.46
2020-09-21,4.06,4.03,4.07,4.00,569942,290967888.00,1.73,-0.49,-0.02,0.26
2020-09-22,4.00,3.95,4.01,3.93,571153,288208368.00,1.99,-1.99,-0.08,0.26
2020-09-23,3.97,3.92,3.97,3.91,404468,202766067.00,1.52,-0.76,-0.03,0.18
2020-09-24,3.90,3.84,3.91,3.82,624877,308207872.00,2.30,-2.04,-0.08,0.28
2020-09-25,3.84,3.84,3.87,3.82,339637,167021340.00,1.30,0.00,0.00,0.15
2020-09-28,3.85,3.87,3.87,3.83,303375,149617698.00,1.04,0.78,0.03,0.14
2020-09-29,3.86,3.88,3.90,3.86,309119,153464012.00,1.03,0.26,0.01,0.14
2020-09-30,3.89,3.91,3.94,3.86,384025,191668684.00,2.06,0.77,0.03,0.17
2020-10-09,3.95,3.97,3.99,3.94,422973,213483491.00,1.28,1.53,0.06,0.19
2020-10-12,3.97,4.01,4.01,3.97,573181,290788368.00,1.01,1.01,0.04,0.26
2020-10-13,3.99,3.96,4.00,3.95,318551,160619540.00,1.25,-1.25,-0.05,0.14
2020-10-14,3.96,3.92,3.96,3.91,433949,217214179.00,1.26,-1.01,-0.04,0.20
2020-10-15,3.92,3.93,3.96,3.91,402957,202148671.00,1.28,0.26,0.01,0.18
2020-10-16,3.96,4.13,4.16,3.93,1975496,1017965824.00,5.85,5.09,0.20,0.89
2020-10-19,4.14,4.22,4.36,4.13,1770843,947328368.00,5.57,2.18,0.09,0.80
2020-10-20,4.23,4.06,4.25,4.03,1250674,647662032.00,5.21,-3.79,-0.16,0.56
2020-10-21,4.09,4.13,4.15,4.04,649118,336246048.00,2.71,1.72,0.07,0.29
2020-10-22,4.11,4.12,4.20,4.07,652159,339346816.00,3.15,-0.24,-0.01,0.29
2020-10-23,4.12,4.25,4.32,4.10,1093960,582014896.00,5.34,3.16,0.13,0.49
2020-10-26,4.27,4.27,4.38,4.16,1199562,641899776.00,5.18,0.47,0.02,0.54
2020-10-27,4.27,4.35,4.36,4.20,1372849,738041104.00,3.75,1.87,0.08,0.62
2020-10-28,4.35,4.38,4.40,4.28,1209992,657268432.00,2.76,0.69,0.03,0.55
2020-10-29,4.34,4.44,4.51,4.28,1234418,676617328.00,5.25,1.37,0.06,0.56
2020-10-30,4.40,4.26,4.50,4.25,1705208,925641968.00,5.63,-4.05,-0.18,0.77
2020-11-02,4.26,4.47,4.47,4.25,1761399,966770480.00,5.16,4.93,0.21,0.80
2020-11-03,4.50,4.51,4.55,4.42,1243335,694383536.00,2.91,0.89,0.04,0.56
2020-11-04,4.51,4.67,4.69,4.45,1192628,674761792.00,5.32,3.55,0.16,0.54
2020-11-05,4.72,5.04,5.08,4.70,2466087,1478601712.00,8.14,7.92,0.37,1.11
2020-11-06,5.03,5.11,5.12,4.93,1539983,942705872.00,3.77,1.39,0.07,0.70
2020-11-09,5.23,5.46,5.47,5.09,2304594,1476559456.00,7.44,6.85,0.35,1.04
2020-11-10,5.49,5.37,5.57,5.27,1968370,1278908960.00,5.49,-1.65,-0.09,0.89
2020-11-11,5.34,5.31,5.47,5.27,1364162,878932464.00,3.72,-1.12,-0.06,0.62
2020-11-12,5.30,5.31,5.32,5.13,1318859,832215104.00,3.58,0.00,0.00,0.60
2020-11-13,5.22,5.27,5.37,5.17,1007701,638261424.00,3.77,-0.75,-0.04,0.45
2020-11-16,5.30,5.46,5.51,5.21,1577974,1018993200.00,5.69,3.61,0.19,0.71
2020-11-17,5.43,5.28,5.48,5.20,1117395,716795584.00,5.13,-3.30,-0.18,0.50
2020-11-18,5.24,5.23,5.40,5.15,1204871,763626656.00,4.73,-0.95,-0.05,0.54
2020-11-19,5.23,5.21,5.29,5.08,1062750,665729760.00,4.02,-0.38,-0.02,0.48
2020-11-20,5.22,5.41,5.43,5.16,1190938,763673952.00,5.18,3.84,0.20,0.54
2020-11-23,5.41,5.31,5.54,5.24,1843511,1188132592.00,5.55,-1.85,-0.10,0.83
2020-11-24,5.34,5.44,5.47,5.25,1370506,886726432.00,4.14,2.45,0.13,0.62
2020-11-25,5.51,5.30,5.53,5.30,1159019,751563984.00,4.23,-2.57,-0.14,0.52
2020-11-26,5.31,5.30,5.34,5.20,618882,392836864.00,2.64,0.00,0.00,0.28
2020-11-27,5.28,5.24,5.46,5.13,1468158,930574736.00,6.23,-1.13,-0.06,0.66
2020-11-30,5.24,5.13,5.45,5.13,1605290,1023652768.00,6.11,-2.10,-0.11,0.72
2020-12-01,5.21,5.22,5.24,5.10,1190910,744693616.00,2.73,1.75,0.09,0.54
2020-12-02,5.27,5.39,5.39,5.22,1306453,835380592.00,3.26,3.26,0.17,0.59
2020-12-03,5.33,5.12,5.35,5.10,1623038,1014941264.00,4.64,-5.01,-0.27,0.73
2020-12-04,5.09,4.99,5.09,4.82,1652041,996121456.00,5.27,-2.54,-0.13,0.75
2020-12-07,4.99,4.88,5.03,4.81,1338796,797688432.00,4.41,-2.20,-0.11,0.60
2020-12-08,4.91,4.89,4.95,4.85,615778,368388208.00,2.05,0.20,0.01,0.28
2020-12-09,4.91,4.84,4.99,4.82,714086,427445728.00,3.48,-1.02,-0.05,0.32
2020-12-10,4.92,5.08,5.11,4.91,1602167,979737840.00,4.13,4.96,0.24,0.72
2020-12-11,5.14,5.03,5.16,4.86,1125260,682622608.00,5.91,-0.98,-0.05,0.51
2020-12-14,4.97,4.88,5.01,4.76,1137272,674074752.00,4.97,-2.98,-0.15,0.51
2020-12-15,4.89,4.83,4.92,4.74,830218,487823648.00,3.69,-1.02,-0.05,0.37
2020-12-16,4.84,4.80,4.93,4.75,706069,417196720.00,3.73,-0.62,-0.03,0.32
2020-12-17,4.81,5.04,5.05,4.77,1225986,739559824.00,5.83,5.00,0.24,0.55
2020-12-18,5.02,5.15,5.24,5.02,1016175,632123856.00,4.37,2.18,0.11,0.46
2020-12-21,5.16,5.12,5.26,5.08,868132,541125072.00,3.50,-0.58,-0.03,0.39
2020-12-22,5.15,4.85,5.19,4.82,1254827,762098464.00,7.23,-5.27,-0.27,0.57
2020-12-23,4.84,4.95,4.96,4.81,817995,489120960.00,3.09,2.06,0.10,0.37
2020-12-24,4.96,4.86,5.02,4.83,522520,313300240.00,3.84,-1.82,-0.09,0.24
2020-12-25,4.84,4.98,4.99,4.83,516053,310510544.00,3.29,2.47,0.12,0.23
2020-12-28,4.96,4.91,4.99,4.86,604222,361986512.00,2.61,-1.41,-0.07,0.27
2020-12-29,4.93,4.80,4.94,4.79,673689,400107824.00,3.05,-2.24,-0.11,0.30
2020-12-30,4.83,4.89,4.94,4.81,575629,343416976.00,2.71,1.88,0.09,0.26
2020-12-31,4.87,4.87,4.91,4.81,638017,379025792.00,2.04,-0.41,-0.02,0.29