2022-01-04,18.66,17.90,19.18,17.60,161450,296737984.00,8.55,-3.14,-0.58,5.54
2022-01-05,17.80,17.27,17.92,16.77,139264,241344906.00,6.42,-3.52,-0.63,4.78
2022-01-06,17.20,17.80,18.22,16.94,115298,204438141.00,7.41,3.07,0.53,3.96
2022-01-07,17.68,16.60,18.00,16.60,128116,219725822.00,7.87,-6.74,-1.20,4.40
2022-01-10,16.65,16.43,16.92,16.28,105064,175373113.00,3.86,-1.02,-0.17,3.61
2022-01-11,16.44,15.86,16.49,15.79,131806,212573495.00,4.26,-3.47,-0.57,4.53
2022-01-12,16.03,16.68,16.71,16.03,143822,237344384.00,4.29,5.17,0.82,4.94
2022-01-13,16.68,16.36,16.81,16.24,91991,152297854.00,3.42,-1.92,-0.32,3.16
2022-01-14,16.41,16.36,16.80,16.11,80271,132829529.00,4.22,0.00,0.00,2.76
2022-01-17,16.31,16.67,17.05,16.12,115268,191909776.00,5.68,1.89,0.31,3.96
2022-01-18,16.63,16.72,17.21,16.46,112183,189470697.00,4.50,0.30,0.05,3.85
2022-01-19,16.69,15.79,16.69,15.27,198538,316048960.00,8.49,-5.56,-0.93,6.82
2022-01-20,15.65,15.08,15.75,14.90,114745,175839036.00,5.38,-4.50,-0.71,3.94
2022-01-21,15.08,15.07,15.29,14.75,73124,110837926.00,3.58,-0.07,-0.01,2.51
2022-01-24,15.53,16.59,16.59,15.53,132125,217328030.00,7.03,10.09,1.52,4.54
2022-01-25,17.90,18.26,18.26,17.46,431722,785887184.00,4.82,10.07,1.67,14.83
2022-01-26,18.40,17.66,19.37,17.29,500423,919271536.00,11.39,-3.29,-0.60,17.18
2022-01-27,18.26,18.50,19.17,17.77,446805,831213296.00,7.93,4.76,0.84,15.34
2022-01-28,18.33,19.21,19.57,17.12,419347,777827280.00,13.24,3.84,0.71,14.40
2022-02-07,19.65,19.40,20.10,18.66,349660,676964352.00,7.50,0.99,0.19,12.01
2022-02-08,19.08,18.90,19.17,18.28,241192,453608720.00,4.59,-2.58,-0.50,8.28
2022-02-09,18.71,19.50,19.78,18.28,274929,528861248.00,7.94,3.17,0.60,9.44
2022-02-10,19.32,18.90,19.50,18.76,190450,363926528.00,3.79,-3.08,-0.60,6.54
2022-02-11,18.68,20.02,20.80,18.50,400055,812515952.00,12.17,5.93,1.12,13.74
2022-02-14,20.03,20.12,21.48,19.80,350582,726017936.00,8.39,0.50,0.10,12.04
2022-02-15,20.50,20.73,21.38,19.86,344550,717772032.00,7.55,3.03,0.61,11.83
2022-02-16,21.01,21.65,21.86,20.68,312391,672076480.00,5.69,4.44,0.92,10.73
2022-02-17,21.28,21.57,22.97,20.70,371869,812124320.00,10.48,-0.37,-0.08,12.77
2022-02-18,21.37,21.14,21.57,20.94,226705,482666672.00,2.92,-1.99,-0.43,7.79
2022-02-21,20.92,21.96,22.27,20.63,264922,571600768.00,7.76,3.88,0.82,9.10
2022-02-22,21.90,22.16,22.48,21.50,265655,586622368.00,4.46,0.91,0.20,9.12
2022-02-23,22.01,23.65,24.36,21.80,344475,797083248.00,11.55,6.72,1.49,11.83
2022-02-24,23.10,21.49,23.25,21.28,366033,816348736.00,8.33,-9.13,-2.16,12.57
2022-02-25,21.89,21.80,22.84,21.66,253920,563680416.00,5.49,1.44,0.31,8.72
2022-02-28,21.58,23.99,23.99,21.41,348699,813637312.00,11.83,10.05,2.19,11.97
2022-03-01,24.78,26.40,26.40,24.52,520543,1318929072.00,7.84,10.05,2.41,17.88
2022-03-02,25.90,27.36,28.38,25.45,509209,1368424176.00,11.10,3.64,0.96,17.49
2022-03-03,27.29,25.45,27.38,25.06,444834,1159156992.00,8.48,-6.98,-1.91,15.28
2022-03-04,25.29,24.70,26.16,24.44,325991,821233808.00,6.76,-2.95,-0.75,11.19
2022-03-07,24.40,24.00,25.30,23.61,262137,644029952.00,6.84,-2.83,-0.70,9.00
2022-03-08,24.18,21.70,24.60,21.59,413354,936766128.00,12.54,-9.58,-2.30,14.19
2022-03-09,21.69,20.77,21.97,19.72,318964,668066592.00,10.37,-4.29,-0.93,10.95
2022-03-10,21.17,21.18,21.73,20.70,303306,644633248.00,4.96,1.97,0.41,10.42
2022-03-11,20.36,20.81,20.88,20.00,199409,409981920.00,4.15,-1.75,-0.37,6.85
2022-03-14,20.20,20.11,20.80,20.04,169457,347182656.00,3.65,-3.36,-0.70,5.82
2022-03-15,19.90,19.88,21.00,19.70,213394,436556864.00,6.46,-1.14,-0.23,7.33
2022-03-16,20.33,21.52,21.60,19.90,277086,578512272.00,8.55,8.25,1.64,9.52
2022-03-17,21.40,20.95,21.88,20.68,293600,628747104.00,5.58,-2.65,-0.57,10.08
2022-03-18,20.50,20.78,21.00,20.20,148495,308128000.00,3.82,-0.81,-0.17,5.10
2022-03-21,20.80,20.68,21.26,20.12,182512,378244512.00,5.49,-0.48,-0.10,6.27
2022-03-22,20.47,21.21,21.50,20.25,208024,439718016.00,6.04,2.56,0.53,7.14
2022-03-23,21.07,20.68,21.19,20.53,154396,322174768.00,3.11,-2.50,-0.53,5.30
2022-03-24,21.90,22.76,22.76,21.60,191961,431110304.00,5.61,10.06,2.08,6.59
2022-03-25,23.40,24.37,25.05,22.90,546282,1334146032.00,9.45,7.07,1.61,18.76
2022-03-28,23.50,21.92,23.53,21.92,360630,817302288.00,6.61,-10.05,-2.45,12.38
2022-03-29,21.71,20.87,22.15,20.80,281520,605872944.00,6.16,-4.79,-1.05,9.67
2022-03-30,21.20,22.97,22.97,21.20,140660,315792192.00,8.48,10.06,2.10,4.83
2022-03-31,24.30,23.51,24.72,23.35,454165,1095710576.00,5.96,2.35,0.54,15.60
2022-04-01,23.23,25.00,25.77,23.14,419707,1052088608.00,11.19,6.34,1.49,14.41
2022-04-06,24.55,24.15,24.63,23.12,298933,712678928.00,6.04,-3.40,-0.85,10.27
2022-04-07,23.78,24.48,25.37,23.50,361918,893128480.00,7.74,1.37,0.33,12.43
2022-04-08,24.10,25.80,26.18,23.72,410715,1034803888.00,10.05,5.39,1.32,14.10
2022-04-11,25.00,23.66,25.13,23.21,356100,852052192.00,7.44,-8.29,-2.14,12.23
2022-04-12,23.27,23.69,24.15,22.64,242664,571642304.00,6.38,0.13,0.03,8.33
2022-04-13,22.84,22.82,23.85,21.71,276871,630551936.00,9.03,-3.67,-0.87,9.51
2022-04-14,22.67,22.09,23.40,21.85,233724,528412464.00,6.79,-3.20,-0.73,8.03
2022-04-15,22.09,22.20,22.60,21.24,208060,457074096.00,6.16,0.50,0.11,7.14
2022-04-18,21.70,22.36,22.40,20.83,163057,354610000.00,7.07,0.72,0.16,5.60
2022-04-19,22.22,22.85,23.09,22.03,187731,428488624.00,4.74,2.19,0.49,6.45
2022-04-20,22.71,21.64,22.80,21.55,177236,394458544.00,5.47,-5.30,-1.21,6.09
2022-04-21,21.83,21.22,22.90,21.10,206897,461020272.00,8.32,-1.94,-0.42,7.10
2022-04-22,20.66,19.09,20.69,19.09,285660,564340304.00,7.54,-10.04,-2.13,9.81
2022-04-25,18.12,17.17,18.25,17.17,147999,261790958.00,5.66,-10.06,-1.92,5.08
2022-04-26,16.96,16.16,17.29,16.00,170680,284751600.00,7.51,-5.88,-1.01,5.86
2022-04-27,16.42,17.79,17.79,16.21,234702,403752016.00,9.78,10.09,1.63,8.06
2022-04-28,17.58,18.01,18.88,17.41,324508,591563952.00,8.26,1.24,0.22,11.14
2022-04-29,18.10,18.62,18.83,17.95,228723,423157872.00,4.89,3.39,0.61,7.85
2022-05-05,18.62,18.78,19.07,18.12,190073,357624224.00,5.10,0.86,0.16,6.53
2022-05-06,18.06,18.45,19.02,17.85,149671,278513824.00,6.23,-1.76,-0.33,5.14
2022-05-09,18.23,18.34,18.62,17.98,103174,190229881.00,3.47,-0.60,-0.11,3.54
2022-05-10,17.96,18.81,18.96,17.77,156549,291641632.00,6.49,2.56,0.47,5.38
2022-05-11,18.74,19.37,19.89,18.65,212863,414338736.00,6.59,2.98,0.56,7.31
2022-05-12,19.07,18.81,19.22,18.43,172061,326505312.00,4.08,-2.89,-0.56,5.91
2022-05-13,19.18,18.30,19.42,18.11,195586,364880880.00,6.96,-2.71,-0.51,6.72
2022-05-16,18.25,18.44,19.19,18.12,191568,359970848.00,5.85,0.77,0.14,6.58
2022-05-17,18.20,18.92,19.28,18.09,239833,451022304.00,6.45,2.60,0.48,8.24
2022-05-18,18.78,18.90,19.46,18.48,251119,478514960.00,5.18,-0.11,-0.02,8.62
2022-05-19,18.40,18.75,18.95,18.04,224959,417492096.00,4.81,-0.79,-0.15,7.73
2022-05-20,18.88,19.76,20.22,18.54,347104,676346064.00,8.96,5.39,1.01,11.92
2022-05-23,19.70,20.51,20.78,19.50,314462,635533744.00,6.48,3.80,0.75,10.80
2022-05-24,20.23,19.60,20.72,19.47,263016,533286816.00,6.09,-4.44,-0.91,9.03
2022-05-25,19.44,19.40,19.75,18.81,191028,370239952.00,4.80,-1.02,-0.20,6.56
2022-05-26,19.48,19.33,19.58,18.74,187798,363171696.00,4.33,-0.36,-0.07,6.45
2022-05-27,19.43,19.15,19.78,18.95,158676,308377792.00,4.29,-0.93,-0.18,5.45
2022-05-30,19.37,19.19,19.47,18.89,120879,233123740.00,3.03,0.21,0.04,4.15
2022-05-31,19.26,18.86,19.30,18.10,191428,358749152.00,6.25,-1.72,-0.33,6.57
2022-06-01,18.85,18.55,19.18,18.25,156019,294082960.00,4.93,-1.64,-0.31,5.36
2022-06-02,18.54,19.09,19.81,18.46,235764,456220800.00,7.28,2.91,0.54,8.10
2022-06-06,18.80,19.92,20.27,18.74,314322,626122016.00,8.01,4.35,0.83,10.79
2022-06-07,19.84,19.63,19.99,19.45,188118,372178864.00,2.71,-1.46,-0.29,6.46
2022-06-08,19.79,20.50,21.04,19.72,347058,713418912.00,6.72,4.43,0.87,11.92
2022-06-09,20.35,20.56,20.83,19.82,272616,556692144.00,4.93,0.29,0.06,9.36
2022-06-10,20.38,21.49,21.86,20.07,350694,743795088.00,8.71,4.52,0.93,12.04
2022-06-13,21.15,22.28,22.50,20.96,339218,742488752.00,7.17,3.68,0.79,11.65
2022-06-14,21.88,22.93,23.39,21.33,345853,770889680.00,9.25,2.92,0.65,11.88
2022-06-15,22.81,22.06,23.10,22.06,248335,561970592.00,4.54,-3.79,-0.87,8.53
2022-06-16,22.19,21.58,22.53,21.42,213545,470234512.00,5.03,-2.18,-0.48,7.33
2022-06-17,21.42,23.75,23.75,21.34,374524,861076192.00,11.17,10.06,2.17,12.86
2022-06-20,23.75,23.08,24.47,22.70,425656,1000843952.00,7.45,-2.82,-0.67,14.62
2022-06-21,22.71,22.12,22.80,21.73,274561,610169088.00,4.64,-4.16,-0.96,9.43
2022-06-22,22.10,21.69,22.59,21.68,216988,483611648.00,4.11,-1.94,-0.43,7.45
2022-06-23,21.52,22.27,22.55,21.47,215816,479054640.00,4.98,2.67,0.58,7.41
2022-06-24,22.17,22.25,22.54,21.80,189891,422552560.00,3.32,-0.09,-0.02,6.52
2022-06-27,22.33,23.33,23.48,21.90,282254,646747152.00,7.10,4.85,1.08,9.69
2022-06-28,23.04,22.93,23.14,22.49,212717,485412496.00,2.79,-1.71,-0.40,7.30
2022-06-29,22.85,21.77,22.85,21.77,194400,431694592.00,4.71,-5.06,-1.16,6.68
2022-06-30,21.80,21.94,22.33,21.75,135197,298258112.00,2.66,0.78,0.17,4.64
2022-07-01,21.84,23.05,23.35,21.52,284756,647999840.00,8.34,5.06,1.11,9.78
2022-07-04,22.98,23.61,23.72,22.80,282423,657791008.00,3.99,2.43,0.56,9.70
2022-07-05,23.42,24.88,25.50,23.36,394695,965570752.00,9.06,5.38,1.27,13.55
2022-07-06,24.58,23.80,24.74,23.28,262762,628442016.00,5.87,-4.34,-1.08,9.02
2022-07-07,24.27,23.61,24.27,22.88,191941,450793344.00,5.84,-0.80,-0.19,6.59
2022-07-08,23.61,22.75,23.89,22.57,186211,430443769.00,5.59,-3.64,-0.86,6.39
2022-07-11,22.35,21.81,22.86,21.45,164908,361229282.00,6.20,-4.13,-0.94,5.66
2022-07-12,21.80,21.22,22.10,21.11,124298,267988382.00,4.54,-2.71,-0.59,4.27
2022-07-13,22.50,23.34,23.34,22.14,394645,906650761.00,5.66,9.99,2.12,13.55
2022-07-14,23.38,24.38,25.02,23.03,505995,1212257327.00,8.53,4.46,1.04,17.38
2022-07-15,24.37,23.90,25.35,23.89,333220,818800169.00,5.99,-1.97,-0.48,11.44
2022-07-18,23.92,25.29,26.02,23.76,374309,937037629.00,9.46,5.82,1.39,12.85
2022-07-19,25.78,25.88,27.70,25.41,514287,1360477154.00,9.05,2.33,0.59,17.66
2022-07-20,26.30,26.30,26.39,25.21,320388,827891392.00,4.56,1.62,0.42,11.00
2022-07-21,27.15,28.00,28.93,26.86,441519,1241715785.00,7.87,6.46,1.70,15.16
2022-07-22,28.41,25.25,28.48,25.20,531220,1393205974.00,11.71,-9.82,-2.75,18.24
2022-07-25,25.29,24.11,25.46,24.08,315427,780827129.00,5.47,-4.51,-1.14,10.83
2022-07-26,24.00,24.30,24.85,23.30,230415,558171351.00,6.43,0.79,0.19,7.91
2022-07-27,24.30,26.20,26.61,24.05,349084,898639240.00,10.53,7.82,1.90,11.99
2022-07-28,26.51,26.30,26.60,25.66,250427,654150902.00,3.59,0.38,0.10,8.60
2022-07-29,26.10,25.42,26.66,25.39,181571,469230383.00,4.83,-3.35,-0.88,6.24
2022-08-01,25.45,25.19,25.86,24.72,162745,409649894.00,4.48,-0.90,-0.23,5.55
2022-08-02,24.30,23.30,24.50,23.00,240284,567596832.00,5.95,-7.50,-1.89,8.19
2022-08-03,23.88,23.16,24.32,23.08,204542,483896341.00,5.32,-0.60,-0.14,6.98
2022-08-04,24.00,24.84,25.33,23.91,308374,755921045.00,6.13,7.25,1.68,10.52
2022-08-05,25.10,25.61,26.25,24.62,265732,676770555.00,6.56,3.10,0.77,9.06
2022-08-08,25.49,25.78,26.02,25.19,190819,491149129.00,3.24,0.66,0.17,6.51
2022-08-09,25.40,26.85,27.22,25.40,228662,607662400.00,7.06,4.15,1.07,7.80
2022-08-10,26.80,26.07,26.99,25.89,194275,510357752.00,4.10,-2.91,-0.78,6.63
2022-08-11,26.48,25.80,26.48,25.38,173928,448619258.00,4.22,-1.04,-0.27,5.93
2022-08-12,25.73,24.69,25.93,24.55,220866,554937360.00,5.35,-4.30,-1.11,7.53
2022-08-15,24.81,24.87,25.29,24.59,189333,471581639.00,2.84,0.73,0.18,6.46
2022-08-16,25.05,25.47,25.67,24.71,213938,542478153.00,3.86,2.41,0.60,7.30
2022-08-17,25.75,25.57,26.11,24.62,251233,636992542.00,5.85,0.39,0.10,8.57
2022-08-18,25.57,25.80,26.60,25.45,231255,599296275.00,4.50,0.90,0.23,7.89
2022-08-19,25.87,24.50,25.98,24.35,215548,540202091.00,6.32,-5.04,-1.30,7.35
2022-08-22,24.68,25.35,25.44,23.71,183821,454714100.00,7.06,3.47,0.85,6.27
2022-08-23,25.44,25.41,25.87,25.06,161316,410138257.00,3.20,0.24,0.06,5.50
2022-08-24,25.60,23.91,25.60,23.80,190084,464453178.00,7.08,-5.90,-1.50,6.48
2022-08-25,24.23,22.90,24.23,22.33,176144,406724461.00,7.95,-4.22,-1.01,6.01
2022-08-26,22.90,22.94,23.55,22.77,118117,272899995.00,3.41,0.17,0.04,4.03
2022-08-29,22.85,22.94,23.19,22.36,82935,189455225.00,3.62,0.00,0.00,2.83
2022-08-30,22.80,22.30,23.08,22.26,116192,262200363.00,3.57,-2.79,-0.64,3.96
2022-08-31,22.10,20.97,22.36,20.90,156173,333770042.00,6.55,-5.96,-1.33,5.33
2022-09-01,21.00,20.50,21.22,20.44,114890,238781983.00,3.72,-2.24,-0.47,3.92
2022-09-02,20.68,20.77,20.92,20.30,93926,194387278.00,3.02,1.32,0.27,3.20
2022-09-05,20.78,20.45,20.94,20.33,87544,180404213.00,2.94,-1.54,-0.32,2.99
2022-09-06,20.50,21.33,21.35,20.45,137350,288830282.00,4.40,4.30,0.88,4.68
2022-09-07,21.11,21.47,21.71,21.01,107309,229558390.00,3.28,0.66,0.14,3.66
2022-09-08,21.39,20.80,21.48,20.78,95487,200918030.00,3.26,-3.12,-0.67,3.26
2022-09-09,20.87,21.06,21.20,20.70,70914,148642762.00,2.40,1.25,0.26,2.42
2022-09-13,21.17,21.08,21.40,20.85,62462,131996211.00,2.61,0.09,0.02,2.13
2022-09-14,20.54,20.39,20.80,20.00,101885,207913222.00,3.80,-3.27,-0.69,3.47
2022-09-15,20.60,19.56,20.68,19.19,109026,215433847.00,7.31,-4.07,-0.83,3.72
2022-09-16,19.37,18.82,19.50,18.80,80662,153989040.00,3.58,-3.78,-0.74,2.75
2022-09-19,18.89,18.93,19.28,18.76,65915,125040224.00,2.76,0.58,0.11,2.25
2022-09-20,19.10,19.60,19.84,19.04,92323,180230335.00,4.23,3.54,0.67,3.15
2022-09-21,19.54,19.60,19.75,19.28,70091,137117846.00,2.40,0.00,0.00,2.39
2022-09-22,19.53,19.96,20.50,19.40,109304,219239120.00,5.61,1.84,0.36,3.73
2022-09-23,19.79,19.28,19.96,19.01,77801,151375788.00,4.76,-3.41,-0.68,2.65
2022-09-26,19.07,18.93,19.36,18.83,57882,110505101.00,2.75,-1.82,-0.35,1.97
2022-09-27,18.93,19.12,19.20,18.39,76985,144186298.00,4.28,1.00,0.19,2.63
2022-09-28,18.93,17.89,18.99,17.87,84266,154001683.00,5.86,-6.43,-1.23,2.87
2022-09-29,18.23,17.95,18.37,17.85,67403,121805087.00,2.91,0.34,0.06,2.30
2022-09-30,17.90,17.79,18.25,17.77,53545,96343641.00,2.67,-0.89,-0.16,1.83
2022-10-10,17.78,17.25,17.94,17.11,50801,88794539.00,4.67,-3.04,-0.54,1.73
2022-10-11,17.30,17.77,17.85,17.20,68773,121106975.00,3.77,3.01,0.52,2.35
2022-10-12,17.77,18.34,18.34,17.38,74113,132630223.00,5.40,3.21,0.57,2.53
2022-10-13,18.20,18.20,18.56,18.02,67807,124453559.00,2.94,-0.76,-0.14,2.31
2022-10-14,18.48,18.57,18.77,18.19,90818,167876214.00,3.19,2.03,0.37,3.10
2022-10-17,18.25,18.61,18.70,18.16,65255,120491674.00,2.91,0.22,0.04,2.23
2022-10-18,18.81,18.93,19.27,18.48,100908,190119475.00,4.25,1.72,0.32,3.44
2022-10-19,18.86,18.78,19.51,18.71,106271,203461311.00,4.23,-0.79,-0.15,3.62
2022-10-20,18.62,18.53,18.92,18.30,73479,136367152.00,3.30,-1.33,-0.25,2.51
2022-10-21,17.99,17.72,18.13,17.12,176482,308881860.00,5.45,-4.37,-0.81,6.02
2022-10-24,17.97,17.93,18.70,17.80,144307,263533059.00,5.08,1.19,0.21,4.92
2022-10-25,18.00,18.02,18.20,17.27,80846,143304714.00,5.19,0.50,0.09,2.76
2022-10-26,17.96,18.10,18.31,17.72,79632,143730587.00,3.27,0.44,0.08,2.72
2022-10-27,18.20,17.90,18.63,17.88,79369,144840191.00,4.14,-1.10,-0.20,2.71
2022-10-28,17.65,16.91,17.69,16.80,98665,170169781.00,4.97,-5.53,-0.99,3.36
2022-10-31,16.83,16.78,17.02,16.53,67046,112374744.00,2.90,-0.77,-0.13,2.29
2022-11-01,16.75,17.43,17.50,16.73,82696,142748590.00,4.59,3.87,0.65,2.82
2022-11-02,18.00,17.88,18.19,17.74,103646,185993794.00,2.58,2.58,0.45,3.53
2022-11-03,17.58,17.93,18.10,17.51,72974,130466524.00,3.30,0.28,0.05,2.49
2022-11-04,17.99,18.95,19.09,17.99,180007,336878906.00,6.13,5.69,1.02,6.14
2022-11-07,19.05,19.19,19.44,19.00,136493,261760797.00,2.32,1.27,0.24,4.65
2022-11-08,19.05,19.00,19.30,18.85,90263,171890541.00,2.34,-0.99,-0.19,3.08
2022-11-09,19.14,18.94,19.25,18.85,56365,106953791.00,2.11,-0.32,-0.06,1.92
2022-11-10,18.74,18.52,18.88,18.34,67859,125966262.00,2.85,-2.22,-0.42,2.31
2022-11-11,19.05,18.73,19.15,18.70,76238,143864801.00,2.43,1.13,0.21,2.60
2022-11-14,18.88,18.11,18.88,18.06,72488,133489611.00,4.38,-3.31,-0.62,2.47
2022-11-15,18.10,18.57,18.57,17.92,61168,112217057.00,3.59,2.54,0.46,2.09
2022-11-16,18.50,18.18,18.60,18.15,56250,102967796.00,2.42,-2.10,-0.39,1.92
2022-11-17,18.17,17.91,18.17,17.69,63368,112951588.00,2.64,-1.49,-0.27,2.16
2022-11-18,17.88,17.42,17.94,17.41,61034,107696171.00,2.96,-2.74,-0.49,2.08
2022-11-21,17.39,17.65,17.81,17.00,52424,91885336.00,4.65,1.32,0.23,1.79
2022-11-22,17.58,17.31,17.72,17.27,44016,76875751.00,2.55,-1.93,-0.34,1.50
2022-11-23,17.33,17.35,17.49,17.03,46809,80889373.00,2.66,0.23,0.04,1.60
2022-11-24,17.46,17.66,17.75,17.30,66677,117176330.00,2.59,1.79,0.31,2.27
2022-11-25,17.48,17.09,17.62,17.09,58550,101023969.00,3.00,-3.23,-0.57,2.00
2022-11-28,16.60,16.87,16.93,16.58,43158,72388021.00,2.05,-1.29,-0.22,1.47
2022-11-29,16.79,17.13,17.19,16.79,41597,70845512.00,2.37,1.54,0.26,1.42
2022-11-30,17.03,17.10,17.41,17.00,52904,90921290.00,2.39,-0.18,-0.03,1.80
2022-12-01,17.50,17.19,17.50,17.12,48123,83171221.00,2.22,0.53,0.09,1.64
2022-12-02,17.09,17.22,17.28,17.09,32133,55215491.00,1.11,0.17,0.03,1.10
2022-12-05,17.86,17.85,17.90,17.32,115745,204260990.00,3.37,3.66,0.63,3.95
2022-12-06,17.85,17.98,18.08,17.51,96546,172400140.00,3.19,0.73,0.13,3.29
2022-12-07,18.02,17.83,18.33,17.80,93538,169006958.00,2.95,-0.83,-0.15,3.19
2022-12-08,17.75,17.77,18.19,17.61,62514,111673942.00,3.25,-0.34,-0.06,2.13
2022-12-09,17.82,17.67,17.90,17.54,59552,105495629.00,2.03,-0.56,-0.10,2.03
2022-12-12,17.61,17.21,17.62,17.21,61338,106511025.00,2.32,-2.60,-0.46,2.09
2022-12-13,17.22,16.95,17.39,16.92,45471,77835294.00,2.73,-1.51,-0.26,1.55
2022-12-14,16.95,16.84,17.13,16.75,39151,66121159.00,2.24,-0.65,-0.11,1.34
2022-12-15,16.88,17.09,17.15,16.68,37279,63217739.00,2.79,1.48,0.25,1.27
2022-12-16,17.00,16.48,17.00,16.43,60324,100401575.00,3.34,-3.57,-0.61,2.06
2022-12-19,16.40,16.10,16.70,16.08,47484,77557379.00,3.76,-2.31,-0.38,1.62
2022-12-20,16.11,16.18,16.29,15.80,33789,54358985.00,3.04,0.50,0.08,1.15
2022-12-21,16.22,15.93,16.28,15.91,27679,44424341.00,2.29,-1.55,-0.25,0.94
2022-12-22,16.00,15.38,16.06,14.56,49992,77853136.00,9.42,-3.45,-0.55,1.70
2022-12-23,15.30,15.14,15.39,15.00,27912,42381810.00,2.54,-1.56,-0.24,0.95
2022-12-26,15.11,15.83,15.84,15.11,42150,65591201.00,4.82,4.56,0.69,1.44
2022-12-27,15.94,16.09,16.18,15.80,55452,88869919.00,2.40,1.64,0.26,1.89
2022-12-28,16.06,15.79,16.06,15.76,24672,39104983.00,1.86,-1.86,-0.30,0.84
2022-12-29,15.71,15.51,15.87,15.49,27227,42582232.00,2.41,-1.77,-0.28,0.93
2022-12-30,15.65,15.41,15.66,15.36,21953,33945944.00,1.93,-0.64,-0.10,0.75