2021-01-04,2.06,2.06,2.09,2.03,459856,99323596.00,2.91,0.00,0.00,1.35
2021-01-05,2.06,2.04,2.06,2.01,326710,69674417.00,2.43,-0.97,-0.02,0.96
2021-01-06,2.04,2.04,2.07,2.02,385517,82522105.00,2.45,0.00,0.00,1.13
2021-01-07,2.03,2.02,2.04,1.99,350433,74077050.00,2.45,-0.98,-0.02,1.03
2021-01-08,2.02,2.02,2.04,1.97,319394,67280742.00,3.47,0.00,0.00,0.94
2021-01-11,2.02,1.92,2.03,1.91,498069,102863036.00,5.94,-4.95,-0.10,1.46
2021-01-12,1.90,1.93,1.94,1.90,265375,53729708.00,2.08,0.52,0.01,0.78
2021-01-13,1.93,1.92,1.93,1.91,219147,44240235.00,1.04,-0.52,-0.01,0.64
2021-01-14,1.92,1.93,1.93,1.89,243100,48886941.00,2.08,0.52,0.01,0.71
2021-01-15,1.92,1.95,1.97,1.91,204785,41764292.00,3.11,1.04,0.02,0.60
2021-01-18,1.94,2.01,2.01,1.94,308211,64362712.00,3.59,3.08,0.06,0.91
2021-01-19,2.01,2.02,2.04,2.00,370556,78466364.00,1.99,0.50,0.01,1.09
2021-01-20,2.01,2.00,2.04,1.99,260576,55135560.00,2.48,-0.99,-0.02,0.77
2021-01-21,2.00,2.02,2.04,2.00,213078,45264677.00,2.00,1.00,0.02,0.63
2021-01-22,2.03,1.99,2.03,1.98,204900,42985762.00,2.48,-1.49,-0.03,0.60
2021-01-25,1.98,1.94,1.99,1.94,211380,43695929.00,2.51,-2.51,-0.05,0.62
2021-01-26,1.95,1.93,1.98,1.93,162385,33242078.00,2.58,-0.52,-0.01,0.48
2021-01-27,1.95,2.05,2.09,1.94,633949,135017535.00,7.77,6.22,0.12,1.86
2021-01-28,2.04,2.04,2.09,2.02,391349,84335429.00,3.41,-0.49,-0.01,1.15
2021-01-29,2.06,2.03,2.06,1.96,384568,80918202.00,4.90,-0.49,-0.01,1.13
2021-02-01,2.03,1.98,2.03,1.96,307571,64013350.00,3.45,-2.46,-0.05,0.90
2021-02-02,1.98,1.98,2.01,1.96,230119,47872840.00,2.53,0.00,0.00,0.68
2021-02-03,1.98,1.96,1.99,1.95,243459,50310314.00,2.02,-1.01,-0.02,0.72
2021-02-04,1.95,1.92,1.97,1.92,189334,38540552.00,2.55,-2.04,-0.04,0.56
2021-02-05,1.92,1.92,1.95,1.91,130284,26379711.00,2.08,0.00,0.00,0.38
2021-02-08,1.92,1.95,1.97,1.92,185456,37880402.00,2.60,1.56,0.03,0.55
2021-02-09,1.95,1.98,1.99,1.95,311520,64475240.00,2.05,1.54,0.03,0.92
2021-02-10,1.98,2.00,2.03,1.97,300572,63034472.00,3.03,1.01,0.02,0.88
2021-02-18,2.04,2.14,2.14,2.03,666986,146149261.00,5.50,7.00,0.14,1.96
2021-02-19,2.14,2.36,2.36,2.14,1445844,346253488.00,10.28,10.28,0.22,4.25
2021-02-22,2.43,2.61,2.61,2.39,1929834,510121120.00,9.32,10.59,0.25,5.67
2021-02-23,2.88,2.88,2.88,2.82,2403460,716041632.00,2.30,10.34,0.27,7.07
2021-02-24,2.88,2.77,2.90,2.68,4334969,1256549312.00,7.64,-3.82,-0.11,12.74
2021-02-25,2.92,2.55,2.93,2.50,3657722,1013973872.00,15.52,-7.94,-0.22,10.75
2021-02-26,2.39,2.44,2.51,2.39,1987106,506835440.00,4.71,-4.31,-0.11,5.84
2021-03-01,2.53,2.59,2.69,2.51,2794229,756335200.00,7.38,6.15,0.15,8.21
2021-03-02,2.62,2.42,2.68,2.41,2096597,543920736.00,10.42,-6.56,-0.17,6.16
2021-03-03,2.48,2.67,2.67,2.45,3201935,865387296.00,9.09,10.33,0.25,9.41
2021-03-04,2.52,2.58,2.68,2.52,2167796,585613920.00,5.99,-3.37,-0.09,6.37
2021-03-05,2.55,2.49,2.58,2.47,1110150,289732048.00,4.26,-3.49,-0.09,3.26
2021-03-08,2.61,2.53,2.67,2.52,1331870,357537456.00,6.02,1.61,0.04,3.92
2021-03-09,2.56,2.48,2.58,2.43,923717,239971548.00,5.93,-1.98,-0.05,2.72
2021-03-10,2.47,2.52,2.54,2.40,852308,218238866.00,5.65,1.61,0.04,2.51
2021-03-11,2.47,2.63,2.74,2.42,1645682,437465248.00,12.70,4.37,0.11,4.84
2021-03-12,2.56,2.51,2.60,2.48,1242859,327321968.00,4.56,-4.56,-0.12,3.65
2021-03-15,2.50,2.61,2.63,2.48,1183860,316585360.00,5.98,3.98,0.10,3.48
2021-03-16,2.64,2.58,2.64,2.54,843312,225579379.00,3.83,-1.15,-0.03,2.48
2021-03-17,2.55,2.57,2.59,2.50,598085,157967808.00,3.49,-0.39,-0.01,1.76
2021-03-18,2.58,2.71,2.84,2.56,1811093,509947968.00,10.89,5.45,0.14,5.32
2021-03-19,2.66,2.71,2.82,2.63,1293794,367284784.00,7.01,0.00,0.00,3.80
2021-03-22,2.69,2.71,2.81,2.68,875584,248417870.00,4.80,0.00,0.00,2.57
2021-03-23,2.69,2.55,2.69,2.53,897243,241239196.00,5.90,-5.90,-0.16,2.64
2021-03-24,2.55,2.53,2.59,2.49,513733,134666266.00,3.92,-0.78,-0.02,1.51
2021-03-25,2.51,2.50,2.55,2.49,420530,109798950.00,2.37,-1.19,-0.03,1.24
2021-03-26,2.51,2.50,2.52,2.43,541000,139058681.00,3.60,0.00,0.00,1.59
2021-03-29,2.50,2.53,2.58,2.50,360074,94994537.00,3.20,1.20,0.03,1.06
2021-03-30,2.51,2.52,2.52,2.43,455878,117746887.00,3.56,-0.40,-0.01,1.34
2021-03-31,2.51,2.50,2.54,2.49,239695,62601645.00,1.98,-0.79,-0.02,0.70
2021-04-01,2.50,2.50,2.52,2.47,272248,70466080.00,2.00,0.00,0.00,0.80
2021-04-02,2.50,2.54,2.65,2.50,627445,167693713.00,6.00,1.60,0.04,1.84
2021-04-06,2.54,2.55,2.57,2.49,364617,96031810.00,3.15,0.39,0.01,1.07
2021-04-07,2.55,2.63,2.64,2.53,651694,176304966.00,4.31,3.14,0.08,1.92
2021-04-08,2.61,2.62,2.67,2.58,506430,137850223.00,3.42,-0.38,-0.01,1.49
2021-04-09,2.61,2.64,2.66,2.59,401265,109372165.00,2.67,0.76,0.02,1.18
2021-04-12,2.63,2.60,2.65,2.57,493203,133708078.00,3.03,-1.52,-0.04,1.45
2021-04-13,2.59,2.59,2.63,2.58,291010,78522128.00,1.92,-0.38,-0.01,0.86
2021-04-14,2.59,2.54,2.59,2.53,353051,93530988.00,2.32,-1.93,-0.05,1.04
2021-04-15,2.63,2.62,2.73,2.61,849628,235152815.00,4.72,3.15,0.08,2.50
2021-04-16,2.62,2.77,2.89,2.61,1259520,362882448.00,10.69,5.73,0.15,3.70
2021-04-19,2.76,2.78,2.82,2.73,684760,196901500.00,3.25,0.36,0.01,2.01
2021-04-20,2.80,2.72,2.85,2.70,792249,226403255.00,5.40,-2.16,-0.06,2.33
2021-04-21,2.73,2.71,2.76,2.67,341360,96007602.00,3.31,-0.37,-0.01,1.00
2021-04-22,2.73,2.67,2.73,2.65,363622,101188433.00,2.95,-1.48,-0.04,1.07
2021-04-23,2.66,2.64,2.67,2.61,324131,88554178.00,2.25,-1.12,-0.03,0.95
2021-04-26,2.64,2.69,2.76,2.63,414999,115787802.00,4.92,1.89,0.05,1.22
2021-04-27,2.70,2.68,2.72,2.62,345414,95219526.00,3.72,-0.37,-0.01,1.02
2021-04-28,2.68,2.67,2.70,2.64,293264,81226593.00,2.24,-0.37,-0.01,0.86
2021-04-29,2.69,2.95,2.95,2.67,1423214,419912448.00,10.49,10.49,0.28,4.18
2021-04-30,3.07,2.90,3.09,2.86,1958318,596481680.00,7.80,-1.69,-0.05,5.76
2021-05-06,2.96,2.96,3.07,2.89,2218320,681002784.00,6.21,2.07,0.06,6.52
2021-05-07,2.99,3.11,3.26,2.98,2303346,745580912.00,9.46,5.07,0.15,6.77
2021-05-10,3.13,3.25,3.26,3.10,1772654,583212992.00,5.14,4.50,0.14,5.21
2021-05-11,3.20,3.23,3.29,3.14,1276913,423158304.00,4.62,-0.62,-0.02,3.75
2021-05-12,3.25,3.56,3.56,3.23,2167787,770456160.00,10.22,10.22,0.33,6.37
2021-05-13,3.70,3.49,3.84,3.46,2503568,922328896.00,10.67,-1.97,-0.07,7.36
2021-05-14,3.60,3.34,3.67,3.31,1850566,654153936.00,10.32,-4.30,-0.15,5.44
2021-05-17,3.37,3.39,3.52,3.36,1314622,463099088.00,4.79,1.50,0.05,3.86
2021-05-18,3.35,3.53,3.57,3.34,1171069,422791968.00,6.78,4.13,0.14,3.44
2021-05-19,3.50,3.42,3.53,3.40,750529,267592730.00,3.68,-3.12,-0.11,2.21
2021-05-20,3.30,3.32,3.37,3.17,1183866,399065216.00,5.85,-2.92,-0.10,3.48
2021-05-21,3.33,3.43,3.51,3.31,678040,238437333.00,6.02,3.31,0.11,1.99
2021-05-24,3.47,3.44,3.55,3.42,671362,240015306.00,3.79,0.29,0.01,1.97
2021-05-25,3.43,3.50,3.63,3.41,890263,320315408.00,6.40,1.74,0.06,2.62
2021-05-26,3.50,3.55,3.56,3.47,720484,260465573.00,2.57,1.43,0.05,2.12
2021-05-27,3.52,3.53,3.58,3.46,750260,271010336.00,3.38,-0.56,-0.02,2.21
2021-05-28,3.60,3.89,3.89,3.59,1889332,746164432.00,8.50,10.20,0.36,5.55
2021-05-31,3.91,4.18,4.26,3.91,2303925,965830112.00,9.00,7.46,0.29,6.77
2021-06-01,4.31,4.23,4.39,4.15,1571335,681888032.00,5.74,1.20,0.05,4.62
2021-06-02,4.33,4.36,4.49,4.24,1492164,665246768.00,5.91,3.07,0.13,4.39
2021-06-03,4.38,4.28,4.81,4.25,2864926,1332796832.00,12.84,-1.83,-0.08,8.42
2021-06-04,4.43,4.07,4.46,4.00,2911191,1249182480.00,10.75,-4.91,-0.21,8.56
2021-06-07,4.49,4.49,4.49,4.49,198791,91245137.00,0.00,10.32,0.42,0.58
2021-06-08,4.80,4.47,4.95,4.35,5663610,2714369744.00,13.36,-0.45,-0.02,16.65
2021-06-09,4.40,4.93,4.93,4.21,5322301,2557328336.00,16.11,10.29,0.46,15.65
2021-06-10,4.93,4.73,4.93,4.68,3367869,1641966432.00,5.07,-4.06,-0.20,9.90
2021-06-11,4.74,4.70,4.98,4.62,2566093,1246733680.00,7.61,-0.63,-0.03,7.54
2021-06-15,4.76,4.76,4.83,4.53,1872143,895203808.00,6.38,1.28,0.06,5.50
2021-06-16,4.76,4.31,4.76,4.27,2791370,1260553616.00,10.29,-9.45,-0.45,8.21
2021-06-17,4.25,4.51,4.66,4.25,2073607,951781296.00,9.51,4.64,0.20,6.10
2021-06-18,4.52,4.39,4.56,4.33,1197736,538874928.00,5.10,-2.66,-0.12,3.52
2021-06-21,4.44,4.43,4.54,4.38,1174679,534329264.00,3.64,0.91,0.04,3.46
2021-06-22,4.44,4.35,4.49,4.28,1140185,509739200.00,4.74,-1.81,-0.08,3.35
2021-06-23,4.34,4.39,4.44,4.28,1025741,458363328.00,3.68,0.92,0.04,3.02
2021-06-24,4.41,4.34,4.51,4.22,1423359,637315456.00,6.61,-1.14,-0.05,4.19
2021-06-25,4.35,4.64,4.75,4.35,2097787,983233056.00,9.22,6.91,0.30,6.17
2021-06-28,4.57,4.41,4.58,4.38,1610282,733430432.00,4.31,-4.96,-0.23,4.84
2021-06-29,4.39,4.43,4.48,4.35,1021006,460869856.00,2.95,0.45,0.02,3.07
2021-06-30,4.40,4.57,4.66,4.36,1237411,578299920.00,6.77,3.16,0.14,3.72
2021-07-01,4.65,4.51,4.80,4.50,1296985,618490224.00,6.56,-1.31,-0.06,3.90
2021-07-02,4.51,4.53,4.62,4.47,899466,416601072.00,3.33,0.44,0.02,2.70
2021-07-05,4.60,4.94,4.98,4.60,2224257,1090899952.00,8.39,9.05,0.41,6.68
2021-07-06,5.03,5.13,5.22,4.99,1968459,1025412704.00,4.66,3.85,0.19,5.91
2021-07-07,4.99,5.16,5.22,4.96,1259659,657675088.00,5.07,0.58,0.03,3.78
2021-07-08,5.15,5.53,5.62,5.12,1610458,884729296.00,9.69,7.17,0.37,4.84
2021-07-09,5.48,5.52,5.59,5.33,1214519,675020384.00,4.70,-0.18,-0.01,3.65
2021-07-12,5.55,5.48,5.81,5.45,1445228,821508592.00,6.52,-0.72,-0.04,4.34
2021-07-13,5.46,5.81,5.89,5.44,1570926,909333792.00,8.21,6.02,0.33,4.72
2021-07-14,5.83,5.78,6.00,5.74,1279898,763596752.00,4.48,-0.52,-0.03,3.85
2021-07-15,5.70,6.18,6.25,5.62,1477121,907860672.00,10.90,6.92,0.40,4.44
2021-07-16,6.24,6.80,6.81,6.17,2086233,1414827568.00,10.36,10.03,0.62,6.27
2021-07-19,6.86,6.80,7.23,6.70,2228033,1565404448.00,7.79,0.00,0.00,6.69
2021-07-20,6.77,7.49,7.49,6.57,1956724,1421481264.00,13.53,10.15,0.69,5.88
2021-07-21,7.70,7.95,8.16,7.48,2562144,2021348928.00,9.08,6.14,0.46,7.70
2021-07-22,7.93,7.99,8.20,7.79,1645328,1327498016.00,5.16,0.50,0.04,4.94
2021-07-23,8.03,7.70,8.19,7.60,1994754,1589186240.00,7.38,-3.63,-0.29,5.99
2021-07-26,8.00,8.42,8.48,8.00,2475524,2091871552.00,6.23,9.35,0.72,7.44
2021-07-27,8.46,7.57,8.46,7.57,2357503,1878784192.00,10.57,-10.10,-0.85,7.08
2021-07-28,7.11,6.80,7.39,6.80,2344687,1649634512.00,7.79,-10.17,-0.77,7.04
2021-07-29,7.07,7.42,7.49,6.97,2070439,1523586160.00,7.65,9.12,0.62,6.22
2021-07-30,7.56,7.11,7.78,7.06,2278462,1684627984.00,9.70,-4.18,-0.31,6.85
2021-08-02,7.07,7.21,7.32,6.76,2158340,1542332368.00,7.88,1.41,0.10,6.48
2021-08-03,7.12,7.08,7.65,6.96,1851166,1361035200.00,9.57,-1.80,-0.13,5.56
2021-08-04,7.11,7.32,7.43,7.05,1337332,989887968.00,5.37,3.39,0.24,4.02
2021-08-05,7.28,7.77,7.87,7.18,1897827,1457990688.00,9.43,6.15,0.45,5.70
2021-08-06,7.67,7.92,8.05,7.49,1709716,1350107280.00,7.21,1.93,0.15,5.14
2021-08-09,7.86,7.75,8.17,7.57,1376629,1082186320.00,7.58,-2.15,-0.17,4.14
2021-08-10,7.68,7.52,7.85,7.39,1189131,910084176.00,5.94,-2.97,-0.23,3.57
2021-08-11,7.57,8.09,8.19,7.47,1838176,1466860544.00,9.57,7.58,0.57,5.52
2021-08-12,8.11,8.77,8.91,7.91,2693891,2356603152.00,12.36,8.41,0.68,8.09
2021-08-13,8.89,9.25,9.59,8.67,2696289,2478815472.00,10.49,5.47,0.48,8.10
2021-08-16,9.70,8.94,10.06,8.94,2609660,2477991712.00,12.11,-3.35,-0.31,7.84
2021-08-17,9.24,8.69,9.40,8.64,2035272,1844512256.00,8.50,-2.80,-0.25,6.12
2021-08-18,8.79,9.14,9.48,8.56,2189730,2006019792.00,10.59,5.18,0.45,6.58
2021-08-19,8.93,8.86,9.05,8.65,1406549,1258139312.00,4.38,-3.06,-0.28,4.23
2021-08-20,8.65,9.17,9.24,8.58,1287917,1165191728.00,7.45,3.50,0.31,3.87
2021-08-23,9.24,9.44,9.66,9.05,1958873,1856498352.00,6.65,2.94,0.27,5.89
2021-08-24,9.36,9.99,10.22,9.18,1741134,1715807408.00,11.02,5.83,0.55,5.23
2021-08-25,10.01,10.70,10.87,9.80,1837506,1908841952.00,10.71,7.11,0.71,5.52
2021-08-26,10.58,10.44,11.10,10.40,1650948,1794797984.00,6.54,-2.43,-0.26,4.96
2021-08-27,10.47,11.49,11.49,10.40,1756147,1953435232.00,10.44,10.06,1.05,5.28
2021-08-30,11.90,11.76,12.65,11.54,2649449,3215259440.00,9.66,2.35,0.27,7.96
2021-08-31,11.70,11.44,12.08,11.01,2240329,2604952096.00,9.10,-2.72,-0.32,6.73
2021-09-01,11.48,11.73,12.39,10.92,2829060,3340795856.00,12.85,2.53,0.29,8.50
2021-09-02,11.73,12.91,12.91,11.30,2392965,2977954048.00,13.73,10.06,1.18,7.19
2021-09-03,12.98,11.69,13.14,11.61,2812584,3459423904.00,11.85,-9.45,-1.22,8.45
2021-09-06,11.51,11.53,12.01,10.51,2519648,2796976032.00,12.83,-1.37,-0.16,7.57
2021-09-07,11.30,12.23,12.45,11.07,2235715,2661618544.00,11.97,6.07,0.70,6.72
2021-09-08,12.20,12.62,12.95,12.02,1838072,2331367936.00,7.60,3.19,0.39,5.52
2021-09-09,12.62,12.36,12.89,11.80,1973437,2461076480.00,8.64,-2.06,-0.26,5.93
2021-09-10,12.38,12.65,13.07,12.35,1901909,2434758736.00,5.83,2.35,0.29,5.71
2021-09-13,12.15,12.32,12.49,11.41,2513666,3031950272.00,8.54,-2.61,-0.33,7.55
2021-09-14,11.90,12.01,12.61,11.53,1885023,2284940352.00,8.77,-2.52,-0.31,5.66
2021-09-15,11.39,12.56,12.89,11.31,2247860,2752259904.00,13.16,4.58,0.55,6.75
2021-09-16,13.02,12.52,13.44,12.50,1909845,2480647536.00,7.48,-0.32,-0.04,5.74
2021-09-17,12.10,11.26,12.60,11.26,2263786,2667641568.00,10.70,-10.06,-1.26,6.80
2021-09-22,10.85,11.58,11.66,10.43,3001384,3315469920.00,10.92,2.84,0.32,9.02
2021-09-23,11.75,10.51,11.79,10.47,2392122,2634450288.00,11.40,-9.24,-1.07,7.19
2021-09-24,10.51,9.93,10.55,9.77,2389079,2431555504.00,7.42,-5.52,-0.58,7.18
2021-09-27,10.48,9.87,10.61,9.50,2245155,2292199040.00,11.18,-0.60,-0.06,6.75
2021-09-28,9.56,9.70,10.02,9.50,1256997,1238238672.00,5.27,-1.72,-0.17,3.78
2021-09-29,9.67,8.73,9.80,8.72,2042101,1874223296.00,11.13,-10.00,-0.97,6.14
2021-09-30,8.98,9.41,9.47,8.80,1730060,1611893872.00,7.67,7.79,0.68,5.20
2021-10-08,9.71,8.95,9.82,8.76,1566656,1434294176.00,11.26,-4.89,-0.46,4.71
2021-10-11,8.96,8.62,8.99,8.18,1578260,1368697008.00,9.05,-3.69,-0.33,4.74
2021-10-12,8.62,8.15,8.75,7.97,1617127,1345376960.00,9.05,-5.45,-0.47,4.86
2021-10-13,8.20,7.98,8.22,7.77,1413999,1140218192.00,5.52,-2.09,-0.17,4.25
2021-10-14,7.82,7.93,8.30,7.73,1647791,1330168704.00,7.14,-0.63,-0.05,4.95
2021-10-15,8.03,7.79,8.05,7.60,1196642,944216480.00,5.67,-1.77,-0.14,3.60
2021-10-18,7.86,8.27,8.30,7.74,2085611,1708303488.00,7.19,6.16,0.48,6.27
2021-10-19,8.25,8.68,8.90,8.08,2300915,2001032080.00,9.92,4.96,0.41,6.91
2021-10-20,8.19,8.35,8.41,7.80,2334367,1908415424.00,7.03,-3.80,-0.33,7.01
2021-10-21,8.36,8.84,9.06,8.32,2270375,2029606080.00,8.86,5.87,0.49,6.82
2021-10-22,8.45,8.01,8.60,7.96,2502712,2095845344.00,7.24,-9.39,-0.83,7.52
2021-10-25,7.92,8.27,8.38,7.86,1526324,1270281408.00,6.49,3.25,0.26,4.59
2021-10-26,8.50,7.98,8.53,7.88,1511554,1235034192.00,7.86,-3.51,-0.29,4.54
2021-10-27,8.05,8.00,8.15,7.79,1315658,1061866832.00,4.51,0.25,0.02,3.95
2021-10-28,7.90,7.48,8.02,7.35,1634130,1256411472.00,8.38,-6.50,-0.52,4.91
2021-10-29,7.74,7.48,7.95,7.32,2065784,1590215856.00,8.42,0.00,0.00,6.21
2021-11-01,7.35,7.22,7.39,7.15,1739914,1279296096.00,3.21,-3.48,-0.26,5.23
2021-11-02,7.27,6.91,7.29,6.76,1824598,1289712480.00,7.34,-4.29,-0.31,5.48
2021-11-03,7.03,7.17,7.20,6.77,1845693,1314118816.00,6.22,3.76,0.26,5.55
2021-11-04,7.10,6.95,7.16,6.85,1425553,1005875856.00,4.32,-3.07,-0.22,4.28
2021-11-05,6.94,6.73,6.95,6.69,1442599,994926736.00,3.74,-3.17,-0.22,4.33
2021-11-08,6.70,6.77,6.84,6.56,932337,637213904.00,4.16,0.59,0.04,2.80
2021-11-09,6.79,6.84,6.93,6.69,878928,606143552.00,3.55,1.03,0.07,2.64
2021-11-10,6.81,6.80,6.93,6.54,1068809,725918864.00,5.70,-0.58,-0.04,3.21
2021-11-11,6.90,7.01,7.08,6.75,2154403,1513983376.00,4.85,3.09,0.21,6.47
2021-11-12,7.08,6.86,7.23,6.84,1761924,1249744128.00,5.56,-2.14,-0.15,5.29
2021-11-15,6.76,6.54,6.76,6.50,1303511,870875264.00,3.79,-4.66,-0.32,3.92
2021-11-16,6.53,6.36,6.61,6.34,1051855,692187360.00,4.13,-2.75,-0.18,3.16
2021-11-17,6.35,6.67,6.73,6.31,1285358,856307952.00,6.60,4.87,0.31,3.86
2021-11-18,6.66,6.71,6.85,6.64,1037985,711631152.00,3.15,0.60,0.04,3.12
2021-11-19,6.72,7.06,7.12,6.57,1670222,1173156400.00,8.20,5.22,0.35,5.02
2021-11-22,7.24,7.10,7.30,7.02,1375978,994067568.00,3.97,0.57,0.04,4.13
2021-11-23,6.98,6.94,7.12,6.87,1084699,768433664.00,3.52,-2.25,-0.16,3.26
2021-11-24,6.89,6.92,6.99,6.82,792361,553923856.00,2.45,-0.29,-0.02,2.38
2021-11-25,6.93,6.83,7.02,6.82,567434,395939120.00,2.89,-1.30,-0.09,1.70
2021-11-26,6.75,6.82,6.94,6.73,537593,373221488.00,3.07,-0.15,-0.01,1.62
2021-11-29,6.66,6.75,6.82,6.58,664160,452257440.00,3.52,-1.03,-0.07,2.00
2021-11-30,6.83,7.13,7.26,6.81,1673692,1203864000.00,6.67,5.63,0.38,5.03
2021-12-01,7.13,7.62,7.69,6.97,1888154,1403426784.00,10.10,6.87,0.49,5.67
2021-12-02,7.60,7.40,7.63,7.35,1329946,1004430864.00,3.67,-2.89,-0.22,4.00
2021-12-03,7.30,7.44,7.65,7.05,1435808,1067107664.00,8.11,0.54,0.04,4.31
2021-12-06,7.36,7.92,8.19,7.33,2291891,1833634896.00,11.56,6.45,0.48,6.89
2021-12-07,7.95,7.99,8.17,7.89,1691332,1372391984.00,3.54,0.88,0.07,5.08
2021-12-08,7.90,7.79,7.93,7.66,1519078,1198590432.00,3.38,-2.50,-0.20,4.56
2021-12-09,7.61,7.30,7.66,7.20,1721244,1284149200.00,5.91,-6.29,-0.49,5.17
2021-12-10,7.24,7.26,7.38,7.20,905954,667988512.00,2.47,-0.55,-0.04,2.72
2021-12-13,7.30,7.29,7.41,7.24,1005184,745639184.00,2.34,0.41,0.03,3.02
2021-12-14,7.26,7.19,7.34,7.13,793393,580047840.00,2.88,-1.37,-0.10,2.38
2021-12-15,7.16,7.13,7.19,7.09,546098,394940080.00,1.39,-0.83,-0.06,1.64
2021-12-16,7.11,7.26,7.32,7.10,714215,523516912.00,3.09,1.82,0.13,2.15
2021-12-17,7.30,7.13,7.33,7.12,586164,427185168.00,2.89,-1.79,-0.13,1.76
2021-12-20,7.10,6.71,7.10,6.71,864912,598891856.00,5.47,-5.89,-0.42,2.60
2021-12-21,6.73,6.80,6.83,6.64,550956,375855696.00,2.83,1.34,0.09,1.66
2021-12-22,6.80,7.09,7.14,6.79,850359,606870464.00,5.15,4.26,0.29,2.55
2021-12-23,7.14,6.98,7.16,6.94,566460,402004688.00,3.10,-1.55,-0.11,1.70
2021-12-24,7.33,6.99,7.34,6.99,921163,666342192.00,5.01,0.14,0.01,2.77
2021-12-27,6.96,7.00,7.10,6.76,597629,419983744.00,4.86,0.14,0.01,1.80
2021-12-28,6.97,6.84,7.07,6.82,526311,367820144.00,3.57,-2.29,-0.16,1.58
2021-12-29,6.85,6.84,6.90,6.78,351256,243972126.00,1.75,0.00,0.00,1.06
2021-12-30,6.82,6.90,6.92,6.71,583451,403540800.00,3.07,0.88,0.06,1.75
2021-12-31,6.83,7.20,7.30,6.81,1154715,830074080.00,7.10,4.35,0.30,3.47