2017-01-03,21.15,22.06,22.75,21.06,27121,127912548.00,8.07,5.30,1.11,5.42
2017-01-04,21.86,22.15,22.28,21.72,23223,110219207.00,2.54,0.41,0.09,4.64
2017-01-05,22.16,21.75,22.16,21.73,16048,75705391.00,1.94,-1.81,-0.40,3.21
2017-01-06,21.74,20.80,21.74,20.74,22762,103868693.00,4.60,-4.37,-0.95,4.55
2017-01-09,20.73,20.81,20.98,20.52,12481,56017952.00,2.21,0.05,0.01,2.50
2017-01-10,20.90,20.58,20.95,20.56,10832,48639477.00,1.87,-1.11,-0.23,2.17
2017-01-11,20.56,19.56,20.58,19.53,25957,112326591.00,5.10,-4.96,-1.02,5.19
2017-01-12,19.53,18.85,19.78,18.75,20673,86476288.00,5.27,-3.63,-0.71,4.13
2017-01-13,18.66,17.94,18.91,17.86,26039,104210641.00,5.57,-4.83,-0.91,5.21
2017-01-16,17.71,16.60,17.99,16.05,28127,105257159.00,10.81,-7.47,-1.34,5.63
2017-01-17,16.40,17.56,17.81,16.21,32054,120314836.00,9.64,5.78,0.96,6.41
2017-01-18,17.43,16.79,17.43,16.73,17805,66982443.00,3.99,-4.38,-0.77,3.56
2017-01-19,16.63,17.07,17.56,16.32,22550,84664105.00,7.39,1.67,0.28,4.51
2017-01-20,17.13,17.59,17.72,16.93,24893,95751419.00,4.63,3.05,0.52,4.98
2017-01-23,17.69,17.72,17.93,17.59,17408,67722268.00,1.93,0.74,0.13,3.48
2017-01-24,17.80,17.19,17.80,17.17,14625,55737954.00,3.56,-2.99,-0.53,2.92
2017-01-25,17.10,17.56,17.70,17.06,14550,55782556.00,3.72,2.15,0.37,2.91
2017-01-26,17.65,17.68,17.78,17.51,11189,43247232.00,1.54,0.68,0.12,2.24
2017-02-03,17.61,17.49,17.72,17.32,9126,35067329.00,2.26,-1.07,-0.19,1.83
2017-02-06,17.54,18.30,18.31,17.54,28291,111705420.00,4.40,4.63,0.81,5.66
2017-02-07,18.22,17.97,18.22,17.82,17849,70367262.00,2.19,-1.80,-0.33,3.57
2017-02-08,17.91,18.28,18.36,17.81,22037,87559970.00,3.06,1.73,0.31,4.41
2017-02-09,18.21,18.35,18.69,18.13,27736,111610587.00,3.06,0.38,0.07,5.55
2017-02-10,18.23,17.91,18.38,17.90,20983,83132308.00,2.62,-2.40,-0.44,4.20
2017-02-13,17.86,18.39,18.53,17.76,23305,93034875.00,4.30,2.68,0.48,4.66
2017-02-14,18.33,18.38,18.49,18.16,17311,69306506.00,1.79,-0.05,-0.01,3.46
2017-02-15,18.37,18.56,19.03,18.27,37393,152671991.00,4.13,0.98,0.18,7.48
2017-02-16,18.32,18.85,18.88,18.25,23906,96633171.00,3.39,1.56,0.29,4.78
2017-02-17,18.80,18.88,19.64,18.73,44295,184469790.00,4.83,0.16,0.03,8.86
2017-02-20,18.82,18.51,18.82,18.06,24701,99297104.00,4.03,-1.96,-0.37,4.94
2017-02-21,18.63,18.90,18.93,18.46,19714,80599105.00,2.54,2.11,0.39,3.94
2017-02-22,18.94,19.15,19.20,18.84,28326,117462993.00,1.90,1.32,0.25,5.67
2017-02-23,19.25,19.17,19.25,18.81,25045,103910868.00,2.30,0.10,0.02,5.01
2017-02-24,19.15,19.54,19.73,18.93,32722,138102193.00,4.17,1.93,0.37,6.54
2017-02-27,19.56,19.21,19.98,19.21,31659,134651817.00,3.94,-1.69,-0.33,6.33
2017-02-28,19.07,19.49,19.55,18.96,23393,98055605.00,3.07,1.46,0.28,4.68
2017-03-01,19.46,19.29,19.63,19.26,18955,79992909.00,1.90,-1.03,-0.20,3.79
2017-03-02,19.29,19.52,19.80,18.90,39307,166055127.00,4.67,1.19,0.23,7.86
2017-03-03,19.41,20.28,20.52,19.21,66255,287364560.00,6.71,3.89,0.76,13.25
2017-03-06,20.36,21.66,21.72,20.26,69114,312604816.00,7.20,6.80,1.38,13.82
2017-03-07,21.79,21.29,21.89,21.21,56617,261103386.00,3.14,-1.71,-0.37,11.32
2017-03-08,21.22,21.27,22.05,21.21,49303,229724221.00,3.95,-0.09,-0.02,9.86
2017-03-09,21.22,20.86,21.71,20.85,40402,185265013.00,4.04,-1.93,-0.41,8.08
2017-03-10,20.49,20.11,20.50,19.96,57012,249685240.00,2.59,-3.60,-0.75,11.40
2017-03-13,20.12,20.71,20.73,19.74,41297,181020220.00,4.92,2.98,0.60,8.26
2017-03-14,20.69,20.75,21.11,20.60,38598,173903694.00,2.46,0.19,0.04,7.72
2017-03-15,20.75,20.42,20.76,20.15,25821,114451711.00,2.94,-1.59,-0.33,5.16
2017-03-16,20.45,21.29,21.40,20.45,47833,217383084.00,4.65,4.26,0.87,9.57
2017-03-17,21.23,20.63,21.71,20.61,46327,211610491.00,5.17,-3.10,-0.66,9.27
2017-03-20,20.63,21.05,21.09,20.56,25478,114821440.00,2.57,2.04,0.42,5.10
2017-03-21,21.05,21.17,21.21,20.86,29449,133948922.00,1.66,0.57,0.12,5.89
2017-03-22,21.04,21.26,21.38,20.53,41024,186021604.00,4.02,0.43,0.09,8.20
2017-03-23,21.27,21.77,21.81,20.96,70850,327850240.00,4.00,2.40,0.51,14.17
2017-03-24,21.73,21.57,21.79,21.39,39055,181893854.00,1.84,-0.92,-0.20,7.81
2017-03-27,21.58,21.18,21.65,21.06,26756,122940422.00,2.74,-1.81,-0.39,5.35
2017-03-28,21.18,20.99,21.49,20.99,25086,115109510.00,2.36,-0.90,-0.19,5.02
2017-03-29,20.86,18.99,21.10,18.81,57706,248661850.00,10.91,-9.53,-2.00,11.54
2017-03-30,19.01,18.08,19.01,17.98,35669,142277833.00,5.42,-4.79,-0.91,7.13
2017-03-31,18.10,18.20,18.49,18.06,15986,63762726.00,2.38,0.66,0.12,3.20
2017-04-05,18.21,18.63,18.73,18.21,15107,61143895.00,2.86,2.36,0.43,3.02
2017-04-06,18.65,18.69,18.91,18.56,14622,59779203.00,1.88,0.32,0.06,2.92
2017-04-07,18.70,18.28,18.73,18.26,16069,64519804.00,2.51,-2.19,-0.41,3.21
2017-04-10,18.27,17.24,18.27,17.16,26718,102528395.00,6.07,-5.69,-1.04,5.34
2017-04-11,17.24,17.63,17.65,17.16,16565,63491862.00,2.84,2.26,0.39,3.31
2017-04-12,17.63,17.30,17.65,17.23,13213,50408861.00,2.38,-1.87,-0.33,2.64
2017-04-13,17.30,17.36,17.54,17.19,10389,39669957.00,2.02,0.35,0.06,2.08
2017-04-14,17.31,16.99,17.40,16.99,11426,42938527.00,2.36,-2.13,-0.37,2.29
2017-04-17,16.65,16.32,16.66,15.81,14191,50893401.00,5.00,-3.94,-0.67,2.84
2017-04-18,16.28,16.36,16.61,16.28,10042,36430858.00,2.02,0.25,0.04,2.01
2017-04-19,16.35,16.87,16.87,16.27,15190,55556916.00,3.67,3.12,0.51,3.04
2017-04-20,16.87,16.65,16.95,16.51,10503,38737985.00,2.61,-1.30,-0.22,2.10
2017-04-21,16.66,16.75,16.89,16.61,7239,26693589.00,1.68,0.60,0.10,1.45
2017-04-24,16.81,16.56,16.81,15.93,8912,32159938.00,5.25,-1.13,-0.19,1.78
2017-04-25,16.56,16.89,16.95,16.56,12584,46572258.00,2.36,1.99,0.33,2.52
2017-04-26,16.91,16.84,17.06,16.81,9833,36581036.00,1.48,-0.30,-0.05,1.97
2017-04-27,16.79,17.16,17.26,16.11,21342,78831383.00,6.83,1.90,0.32,4.27
2017-04-28,17.02,17.13,17.29,17.01,12684,47777509.00,1.63,-0.17,-0.03,2.54
2017-05-02,17.19,17.11,17.29,17.06,11621,43837034.00,1.34,-0.12,-0.02,2.32
2017-05-03,17.16,17.08,17.28,16.83,10676,39975166.00,2.63,-0.18,-0.03,2.14
2017-05-04,17.06,16.70,17.06,16.68,12187,45164087.00,2.22,-2.22,-0.38,2.44
2017-05-05,16.56,16.61,16.90,16.56,7943,29225549.00,2.04,-0.54,-0.09,1.59
2017-05-08,16.31,16.26,16.68,16.23,6982,25374613.00,2.71,-2.11,-0.35,1.40
2017-05-09,16.22,16.75,16.82,16.22,10267,37383729.00,3.69,3.01,0.49,2.05
2017-05-10,16.78,16.46,17.00,16.31,11430,42169509.00,4.12,-1.73,-0.29,2.29
2017-05-11,16.21,16.63,16.65,16.01,11214,40413134.00,3.89,1.03,0.17,2.24
2017-05-12,16.59,16.42,16.66,16.39,8768,31561156.00,1.62,-1.26,-0.21,1.75
2017-05-15,16.42,16.09,16.60,16.08,11101,39432490.00,3.17,-2.01,-0.33,2.22
2017-05-16,16.06,16.25,16.28,15.47,22607,78234755.00,5.03,0.99,0.16,4.52
2017-05-17,16.26,16.29,16.47,16.16,14085,50077342.00,1.91,0.25,0.04,2.82
2017-05-18,16.13,16.11,16.26,16.01,8509,29987740.00,1.53,-1.10,-0.18,1.70
2017-05-19,16.11,15.73,16.16,15.70,11311,39246305.00,2.86,-2.36,-0.38,2.26
2017-05-22,15.75,14.91,15.87,14.88,15345,51505975.00,6.29,-5.21,-0.82,3.07
2017-05-23,14.88,14.00,15.02,13.93,15285,48471495.00,7.31,-6.10,-0.91,3.06
2017-05-24,14.01,14.13,14.26,13.67,9282,28687911.00,4.21,0.93,0.13,1.86
2017-05-25,14.12,14.03,14.21,13.53,11749,36126753.00,4.81,-0.71,-0.10,2.35
2017-05-26,14.07,14.11,14.23,13.89,9600,29842040.00,2.42,0.57,0.08,1.92
2017-05-31,14.57,14.12,14.75,14.12,14488,46193570.00,4.46,0.07,0.01,2.90
2017-06-01,14.24,13.52,14.24,13.48,13037,39879708.00,5.38,-4.25,-0.60,2.61
2017-06-02,13.29,13.85,13.95,13.07,14266,43034072.00,6.51,2.44,0.33,2.85
2017-06-05,13.96,14.06,14.22,13.85,10662,33093090.00,2.67,1.52,0.21,2.13
2017-06-06,13.94,14.13,14.21,13.86,9194,28543813.00,2.49,0.50,0.07,1.84
2017-06-07,14.08,14.54,14.62,13.99,18106,57600867.00,4.46,2.90,0.41,3.62
2017-06-08,14.53,14.52,14.75,14.41,16760,53941601.00,2.34,-0.14,-0.02,3.35
2017-06-09,14.39,14.57,14.62,14.39,9958,31864304.00,1.58,0.34,0.05,1.99
2017-06-12,14.43,13.90,14.43,13.86,11840,36858823.00,3.91,-4.60,-0.67,2.37
2017-06-13,13.96,14.35,14.43,13.86,11386,35809515.00,4.10,3.24,0.45,2.28
2017-06-14,14.35,14.44,14.57,14.22,11987,38056756.00,2.44,0.63,0.09,2.40
2017-06-15,14.44,14.78,14.92,14.44,17214,55921239.00,3.32,2.35,0.34,3.44
2017-06-16,14.79,14.60,14.88,14.54,10830,34946923.00,2.30,-1.22,-0.18,2.17
2017-06-19,14.60,14.97,14.97,14.46,14878,48582812.00,3.49,2.53,0.37,2.98
2017-06-20,15.13,14.85,15.13,14.79,11973,39230759.00,2.27,-0.80,-0.12,2.39
2017-06-21,14.68,14.63,14.92,14.54,9404,30387653.00,2.56,-1.48,-0.22,1.88
2017-06-22,14.63,14.23,14.64,14.23,11450,36498129.00,2.80,-2.73,-0.40,2.29
2017-06-23,14.13,14.58,14.58,14.06,16147,51064345.00,3.65,2.46,0.35,3.23
2017-06-26,14.58,14.74,14.78,14.13,11325,36245526.00,4.46,1.10,0.16,2.27
2017-06-27,14.88,14.63,14.88,14.56,8655,27971706.00,2.17,-0.75,-0.11,1.73
2017-06-28,14.49,14.46,14.64,14.37,7474,23857220.00,1.85,-1.16,-0.17,1.49
2017-06-29,14.54,14.59,14.73,14.29,6835,21967252.00,3.04,0.90,0.13,1.37
2017-06-30,14.48,15.05,15.37,14.43,24108,79320222.00,6.44,3.15,0.46,4.82
2017-07-03,14.94,14.96,15.01,14.80,13640,44673907.00,1.40,-0.60,-0.09,2.73
2017-07-04,14.93,15.02,15.16,14.93,11451,37814361.00,1.54,0.40,0.06,2.29
2017-07-05,14.94,15.10,15.12,14.88,13271,43772704.00,1.60,0.53,0.08,2.65
2017-07-06,15.15,14.98,15.26,14.94,14528,48073509.00,2.12,-0.79,-0.12,2.91
2017-07-07,14.88,15.28,15.36,14.79,22322,74406082.00,3.81,2.00,0.30,4.46
2017-07-10,15.16,14.81,15.27,14.81,15577,51310292.00,3.01,-3.08,-0.47,3.12
2017-07-11,14.78,14.71,14.85,14.66,10372,33605640.00,1.28,-0.68,-0.10,2.07
2017-07-12,14.61,14.77,14.78,14.41,10994,35291465.00,2.52,0.41,0.06,2.20
2017-07-13,14.64,14.61,14.80,14.49,7006,22546657.00,2.10,-1.08,-0.16,1.40
2017-07-14,14.53,14.28,14.65,14.24,9232,29247962.00,2.81,-2.26,-0.33,1.85
2017-07-17,14.08,12.73,14.08,12.73,18542,54426401.00,9.45,-10.85,-1.55,3.71
2017-07-18,12.77,12.95,13.01,12.71,7381,21141345.00,2.36,1.73,0.22,1.48
2017-07-19,12.83,13.06,13.12,12.80,7860,22689288.00,2.47,0.85,0.11,1.57
2017-07-20,13.15,13.03,13.27,13.01,7955,23230935.00,1.99,-0.23,-0.03,1.59
2017-07-21,13.03,12.85,13.16,12.84,6553,18910895.00,2.46,-1.38,-0.18,1.31
2017-07-24,12.85,12.96,13.00,12.74,7825,22444630.00,2.02,0.86,0.11,1.57
2017-07-25,12.82,13.04,13.11,12.82,6555,18971864.00,2.24,0.62,0.08,1.31
2017-07-26,13.04,12.89,13.04,12.81,5318,15277765.00,1.76,-1.15,-0.15,1.06
2017-07-27,12.89,13.44,13.61,12.89,15237,44947473.00,5.59,4.27,0.55,3.05
2017-07-28,13.42,13.23,13.52,13.21,7894,23311261.00,2.31,-1.56,-0.21,1.58
2017-07-31,13.17,13.34,13.46,13.17,6749,19961231.00,2.19,0.83,0.11,1.35
2017-08-01,13.34,13.35,13.47,13.12,8682,25623309.00,2.62,0.07,0.01,1.74
2017-08-02,13.35,13.16,13.39,13.12,7017,20597781.00,2.02,-1.42,-0.19,1.40
2017-08-03,13.16,13.29,13.46,13.05,7684,22671421.00,3.12,0.99,0.13,1.54
2017-08-04,13.19,13.16,13.31,13.16,8283,24286307.00,1.13,-0.98,-0.13,1.66
2017-08-07,13.27,13.30,13.45,13.16,5217,15427154.00,2.20,1.06,0.14,1.04
2017-08-08,13.32,13.93,14.07,13.24,15229,45690042.00,6.24,4.74,0.63,3.05
2017-08-09,13.77,13.56,13.79,13.53,15589,47130234.00,1.87,-2.66,-0.37,3.12
2017-08-10,13.53,13.12,13.63,13.09,11306,33464748.00,3.98,-3.24,-0.44,2.26
2017-08-11,13.11,13.00,13.17,12.98,7743,22484691.00,1.45,-0.91,-0.12,1.55
2017-08-14,13.00,13.32,13.32,13.00,7328,21573446.00,2.46,2.46,0.32,1.47
2017-08-15,13.36,13.51,13.57,13.33,10582,31629631.00,1.80,1.43,0.19,2.12
2017-08-16,13.58,13.68,13.71,13.45,10403,31374854.00,1.92,1.26,0.17,2.08
2017-08-17,13.63,13.73,13.78,13.53,10171,30771564.00,1.83,0.37,0.05,2.03
2017-08-18,13.67,13.45,13.78,13.45,9000,27154406.00,2.40,-2.04,-0.28,1.80
2017-08-21,13.53,13.80,13.97,13.45,11642,35520689.00,3.87,2.60,0.35,2.33
2017-08-22,13.82,14.22,14.36,13.72,28903,90221524.00,4.64,3.04,0.42,5.78
2017-08-23,14.09,14.05,14.31,13.93,16436,51213281.00,2.67,-1.20,-0.17,3.29
2017-08-24,14.06,13.73,14.14,13.71,13858,42490315.00,3.06,-2.28,-0.32,2.77
2017-08-25,13.78,14.08,14.13,13.73,13987,43258231.00,2.91,2.55,0.35,2.80
2017-08-28,14.11,14.38,14.49,14.05,19709,62172309.00,3.13,2.13,0.30,3.94
2017-08-29,14.44,14.37,14.67,14.23,21677,68864410.00,3.06,-0.07,-0.01,4.34
2017-08-30,14.23,14.23,14.37,14.17,12602,39628669.00,1.39,-0.97,-0.14,2.52
2017-08-31,14.28,14.66,14.87,14.21,22871,73370975.00,4.64,3.02,0.43,4.57
2017-09-01,15.03,14.58,15.03,14.58,18703,60589427.00,3.07,-0.55,-0.08,3.74
2017-09-04,14.44,14.46,14.66,14.37,12767,40719889.00,1.99,-0.82,-0.12,2.55
2017-09-05,14.42,14.31,14.63,14.30,13721,43538757.00,2.28,-1.04,-0.15,2.74
2017-09-06,14.30,14.34,14.37,14.09,12253,38448044.00,1.96,0.21,0.03,2.45
2017-09-07,14.34,14.61,15.11,14.33,25706,83543541.00,5.44,1.88,0.27,5.14
2017-09-08,14.66,14.71,14.84,14.34,17733,56750153.00,3.42,0.68,0.10,3.55
2017-09-11,14.70,14.78,14.78,14.53,15708,50766890.00,1.70,0.48,0.07,3.14
2017-09-12,14.78,14.38,14.82,14.35,16532,53154219.00,3.18,-2.71,-0.40,3.31
2017-09-13,14.29,14.50,14.53,14.29,7919,25162527.00,1.67,0.83,0.12,1.58
2017-09-14,14.51,14.38,14.51,14.37,7793,24732506.00,0.97,-0.83,-0.12,1.56
2017-09-15,14.28,14.37,14.44,14.28,6396,20266350.00,1.11,-0.07,-0.01,1.28
2017-09-18,14.37,14.52,14.52,14.32,7682,24419084.00,1.39,1.04,0.15,1.54
2017-09-19,14.51,14.61,14.76,14.45,13240,42657333.00,2.13,0.62,0.09,2.65
2017-09-20,14.61,15.22,15.28,14.48,36460,119764647.00,5.48,4.18,0.61,7.29
2017-09-21,15.08,14.74,15.19,14.72,23903,78485139.00,3.09,-3.15,-0.48,4.78
2017-09-22,14.74,14.98,15.09,14.64,18836,61772093.00,3.05,1.63,0.24,3.77
2017-09-25,14.90,14.33,14.97,14.28,17443,56278021.00,4.61,-4.34,-0.65,3.49
2017-09-26,14.39,14.11,14.42,13.99,15395,47998289.00,3.00,-1.54,-0.22,3.08
2017-09-27,14.26,14.38,14.47,14.13,8475,26754635.00,2.41,1.91,0.27,1.70
2017-09-28,14.63,14.88,15.50,14.48,37502,124245827.00,7.09,3.48,0.50,7.50
2017-09-29,14.69,15.88,16.51,14.69,62792,216404574.00,12.23,6.72,1.00,12.56
2017-10-09,15.77,16.14,16.27,15.43,59056,204333791.00,5.29,1.64,0.26,11.81
2017-10-10,15.98,15.74,16.12,15.65,34943,120677284.00,2.91,-2.48,-0.40,6.99
2017-10-11,15.65,15.48,16.09,15.44,30179,104030939.00,4.13,-1.65,-0.26,6.04
2017-10-12,15.47,15.54,15.57,15.28,19715,66670458.00,1.87,0.39,0.06,1.86
2017-10-13,15.38,15.53,15.63,15.34,15715,53265632.00,1.87,-0.06,-0.01,1.48
2017-10-16,15.40,14.54,15.50,14.54,24370,80208711.00,6.18,-6.37,-0.99,2.30
2017-10-17,14.68,14.59,14.74,14.44,13194,42449733.00,2.06,0.34,0.05,1.24
2017-10-18,14.72,14.62,14.89,14.56,12009,38810621.00,2.26,0.21,0.03,1.13
2017-10-19,14.56,14.13,14.57,14.09,19540,61561842.00,3.28,-3.35,-0.49,1.84
2017-10-20,14.13,14.36,14.38,14.13,8271,26062509.00,1.77,1.63,0.23,0.78
2017-10-23,14.37,14.66,14.69,14.23,13154,42093483.00,3.20,2.09,0.30,1.24
2017-10-24,14.72,14.82,15.18,14.64,16194,52935680.00,3.68,1.09,0.16,1.53
2017-10-25,14.68,15.04,15.13,14.68,15471,51013193.00,3.04,1.48,0.22,1.46
2017-10-26,15.04,15.08,15.26,14.93,24039,79643336.00,2.19,0.27,0.04,2.26
2017-10-27,15.03,15.31,15.42,15.03,22053,73713493.00,2.59,1.53,0.23,2.08
2017-10-30,15.30,14.83,15.41,14.46,19691,64583145.00,6.21,-3.14,-0.48,1.86
2017-10-31,14.81,15.08,15.11,14.47,19221,62346807.00,4.32,1.69,0.25,1.81
2017-11-01,14.99,15.74,15.79,14.99,48907,166754256.00,5.31,4.38,0.66,4.61
2017-11-02,15.74,15.47,15.79,15.44,30455,103888363.00,2.22,-1.72,-0.27,2.87
2017-11-03,15.42,15.45,15.73,15.28,22751,77266612.00,2.91,-0.13,-0.02,2.14
2017-11-06,15.53,15.90,15.92,15.35,37607,129283831.00,3.69,2.91,0.45,3.54
2017-11-07,15.76,15.80,15.88,15.61,25741,88594511.00,1.70,-0.63,-0.10,2.43
2017-11-08,15.82,15.46,15.85,15.44,27807,95076547.00,2.59,-2.15,-0.34,2.62
2017-11-09,15.40,15.47,15.47,15.16,18683,62593915.00,2.01,0.06,0.01,1.76
2017-11-10,15.44,16.04,16.64,15.30,55703,195117440.00,8.66,3.68,0.57,5.25
2017-11-13,16.01,16.25,16.34,15.86,43466,153338446.00,2.99,1.31,0.21,4.09
2017-11-14,16.25,16.08,16.58,16.03,47951,170300052.00,3.38,-1.05,-0.17,4.52
2017-11-15,16.06,15.49,16.10,15.41,28408,97527839.00,4.29,-3.67,-0.59,2.68
2017-11-16,15.47,15.40,15.81,15.40,17090,58220604.00,2.65,-0.58,-0.09,1.61
2017-11-17,15.33,14.29,15.40,14.28,34318,111343509.00,7.27,-7.21,-1.11,3.23
2017-11-20,14.28,14.47,14.47,13.78,16738,52208579.00,4.83,1.26,0.18,1.58
2017-11-21,14.40,14.25,14.66,14.06,16326,51680494.00,4.15,-1.52,-0.22,1.54
2017-11-22,14.37,14.28,14.68,14.08,15603,49371760.00,4.21,0.21,0.03,1.47
2017-11-23,14.17,13.69,14.18,13.68,20455,63061515.00,3.50,-4.13,-0.59,1.93
2017-11-24,13.64,13.58,13.93,13.43,12515,37682222.00,3.65,-0.80,-0.11,1.18
2017-11-27,13.53,13.24,13.62,13.14,10421,30894916.00,3.53,-2.50,-0.34,0.98
2017-11-28,13.29,13.55,13.62,13.25,10674,31801827.00,2.79,2.34,0.31,1.01
2017-11-29,13.56,13.41,13.67,13.26,9852,29389127.00,3.03,-1.03,-0.14,0.93
2017-11-30,13.39,13.52,13.63,13.30,12489,37346219.00,2.46,0.82,0.11,1.18
2017-12-01,13.48,13.80,13.87,13.44,14538,44274865.00,3.18,2.07,0.28,1.37
2017-12-04,13.79,13.28,13.80,13.28,11715,35169749.00,3.77,-3.77,-0.52,1.10
2017-12-05,13.28,12.71,13.28,12.67,17164,49406007.00,4.59,-4.29,-0.57,1.62
2017-12-06,12.86,12.93,13.12,12.72,14394,41376095.00,3.15,1.73,0.22,1.36
2017-12-07,12.93,13.04,13.10,12.84,14634,42323751.00,2.01,0.85,0.11,1.38
2017-12-08,12.94,13.18,13.32,12.94,12997,38097553.00,2.91,1.07,0.14,1.22
2017-12-11,13.13,13.33,13.46,13.13,12009,35485451.00,2.50,1.14,0.15,1.13
2017-12-12,13.41,13.13,13.43,13.12,11604,34202880.00,2.33,-1.50,-0.20,1.09
2017-12-13,13.12,13.99,14.03,12.94,26671,80412574.00,8.30,6.55,0.86,2.51
2017-12-14,13.96,13.90,13.98,13.63,23618,72281601.00,2.50,-0.64,-0.09,2.23
2017-12-15,13.68,13.73,14.13,13.63,23089,70780331.00,3.60,-1.22,-0.17,2.18
2017-12-18,13.74,13.93,13.97,13.44,16203,49238202.00,3.86,1.46,0.20,1.53
2017-12-19,13.86,13.78,13.97,13.67,9075,27722292.00,2.15,-1.08,-0.15,0.85
2017-12-20,13.73,13.68,13.83,13.52,10771,32598515.00,2.25,-0.73,-0.10,1.01
2017-12-21,13.68,13.81,13.97,13.62,11233,34436250.00,2.56,0.95,0.13,1.06
2017-12-22,13.93,13.99,14.18,13.71,13031,40378824.00,3.40,1.30,0.18,1.23
2017-12-25,13.97,13.87,14.09,13.71,8985,27613509.00,2.72,-0.86,-0.12,0.85
2017-12-26,13.80,14.17,14.22,13.80,12240,38078708.00,3.03,2.16,0.30,1.15
2017-12-27,14.17,13.87,14.22,13.79,10923,33840478.00,3.03,-2.12,-0.30,1.03
2017-12-28,13.95,13.85,13.95,13.74,7019,21529373.00,1.51,-0.14,-0.02,0.66
2017-12-29,13.88,14.31,14.36,13.88,13682,42853988.00,3.47,3.32,0.46,1.29