2019-01-02,4.02,3.90,4.03,3.88,75578,30184285.00,3.72,-3.23,-0.13,0.62
2019-01-03,3.88,3.81,3.93,3.79,98258,38390158.00,3.59,-2.31,-0.09,0.81
2019-01-04,3.77,3.89,3.89,3.72,122346,47346589.00,4.46,2.10,0.08,1.01
2019-01-07,3.89,3.94,3.96,3.87,82179,32780577.00,2.31,1.29,0.05,0.57
2019-01-08,3.94,3.91,3.97,3.89,103924,41427574.00,2.03,-0.76,-0.03,0.72
2019-01-09,3.93,3.95,4.00,3.93,122829,49441352.00,1.79,1.02,0.04,0.85
2019-01-10,3.96,3.99,4.09,3.93,158068,64342166.00,4.05,1.01,0.04,1.09
2019-01-11,3.97,3.96,3.99,3.89,146131,58389666.00,2.51,-0.75,-0.03,1.01
2019-01-14,3.95,3.90,3.96,3.88,104510,41512554.00,2.02,-1.52,-0.06,0.72
2019-01-15,3.90,3.96,3.98,3.88,138939,55224808.00,2.56,1.54,0.06,0.96
2019-01-16,3.96,3.90,3.96,3.87,123876,49255639.00,2.27,-1.52,-0.06,0.86
2019-01-17,3.90,3.83,3.91,3.82,108042,42268926.00,2.31,-1.79,-0.07,0.75
2019-01-18,3.82,3.90,3.90,3.81,121338,47542338.00,2.35,1.83,0.07,0.84
2019-01-21,3.90,3.96,3.98,3.89,161254,64734432.00,2.31,1.54,0.06,1.12
2019-01-22,3.95,3.91,3.99,3.89,107093,42806833.00,2.53,-1.26,-0.05,0.74
2019-01-23,3.91,3.84,3.91,3.82,106747,41708078.00,2.30,-1.79,-0.07,0.74
2019-01-24,3.85,3.85,3.86,3.78,91328,35489211.00,2.08,0.26,0.01,0.63
2019-01-25,3.85,3.80,3.87,3.79,77509,30177860.00,2.08,-1.30,-0.05,0.54
2019-01-28,3.83,3.67,3.84,3.65,130043,49356151.00,5.00,-3.42,-0.13,0.90
2019-01-29,3.66,3.55,3.69,3.46,177835,64600942.00,6.27,-3.27,-0.12,1.23
2019-01-30,3.54,3.49,3.56,3.43,95767,34132740.00,3.66,-1.69,-0.06,0.66
2019-01-31,3.44,3.44,3.51,3.30,218266,75860315.00,6.02,-1.43,-0.05,1.51
2019-02-01,3.48,3.68,3.69,3.47,233304,85796026.00,6.40,6.98,0.24,1.61
2019-02-11,3.69,3.76,3.81,3.60,141170,53739392.00,5.71,2.17,0.08,0.85
2019-02-12,3.78,3.87,3.91,3.77,180861,70660790.00,3.72,2.93,0.11,1.08
2019-02-13,3.88,3.95,3.96,3.82,167016,66378910.00,3.62,2.07,0.08,1.00
2019-02-14,3.96,4.25,4.35,3.95,397584,168703628.00,10.13,7.59,0.30,2.38
2019-02-15,4.18,4.15,4.25,4.14,200892,85640159.00,2.59,-2.35,-0.10,1.20
2019-02-18,4.19,4.25,4.32,4.16,214011,92320919.00,3.86,2.41,0.10,1.28
2019-02-19,4.24,4.21,4.37,4.15,157918,67927117.00,5.18,-0.94,-0.04,0.99
2019-02-20,4.21,4.18,4.21,4.07,188966,79334284.00,3.33,-0.71,-0.03,1.18
2019-02-21,4.18,4.16,4.25,4.13,172931,73388332.00,2.87,-0.48,-0.02,1.08
2019-02-22,4.17,4.21,4.21,4.11,110437,46676140.00,2.40,1.20,0.05,0.69
2019-02-25,4.24,4.46,4.50,4.24,297391,132585141.00,6.18,5.94,0.25,1.86
2019-02-26,4.52,4.62,4.79,4.50,369811,174133817.00,6.50,3.59,0.16,2.32
2019-02-27,4.57,4.56,4.58,4.48,227095,104278528.00,2.16,-1.30,-0.06,1.42
2019-02-28,4.57,4.79,4.79,4.55,252866,120218961.00,5.26,5.04,0.23,1.58
2019-03-01,4.79,4.99,5.01,4.70,304662,149366376.00,6.47,4.18,0.20,1.91
2019-03-04,5.05,5.31,5.43,5.04,395539,210183275.00,7.82,6.41,0.32,2.48
2019-03-05,5.21,5.35,5.35,5.15,292993,154850040.00,3.77,0.75,0.04,1.84
2019-03-06,5.34,5.42,5.48,5.21,264129,142732470.00,5.05,1.31,0.07,1.65
2019-03-07,5.43,5.35,5.45,5.30,225657,122720501.00,2.77,-1.29,-0.07,1.41
2019-03-08,5.24,5.12,5.33,5.10,286604,151070344.00,4.30,-4.30,-0.23,1.80
2019-03-11,5.12,5.21,5.27,5.08,181991,95328734.00,3.71,1.76,0.09,1.14
2019-03-12,5.22,5.26,5.34,5.19,210636,112050977.00,2.88,0.96,0.05,1.32
2019-03-13,5.26,5.28,5.47,5.21,317352,171841972.00,4.94,0.38,0.02,1.99
2019-03-14,5.26,5.20,5.37,5.03,221434,116211063.00,6.44,-1.52,-0.08,1.39
2019-03-15,5.19,5.21,5.28,5.08,186663,97601580.00,3.85,0.19,0.01,1.17
2019-03-18,5.27,5.37,5.40,5.13,216822,116275993.00,5.18,3.07,0.16,1.36
2019-03-19,5.36,5.42,5.52,5.32,165463,90618223.00,3.72,0.93,0.05,1.04
2019-03-20,5.44,5.73,5.78,5.40,327607,186526602.00,7.01,5.72,0.31,2.05
2019-03-21,5.75,5.94,6.12,5.59,332638,195267085.00,9.25,3.66,0.21,2.08
2019-03-22,5.84,5.71,6.06,5.50,434750,251006921.00,9.43,-3.87,-0.23,2.72
2019-03-25,5.54,5.46,5.69,5.42,248436,138457734.00,4.73,-4.38,-0.25,1.56
2019-03-26,5.48,6.01,6.01,5.45,620015,362541376.00,10.26,10.07,0.55,3.88
2019-03-27,5.98,6.62,6.62,5.79,1100828,715041520.00,13.81,10.15,0.61,6.90
2019-03-28,6.29,5.95,6.40,5.95,688101,426692864.00,6.80,-10.12,-0.67,4.31
2019-03-29,5.44,5.85,5.94,5.44,532399,307130912.00,8.40,-1.68,-0.10,3.33
2019-04-01,5.73,5.95,6.06,5.73,369731,221067499.00,5.64,1.71,0.10,2.32
2019-04-02,5.94,5.86,6.05,5.75,355937,212182668.00,5.04,-1.51,-0.09,2.23
2019-04-03,5.82,5.92,5.96,5.75,238212,140686177.00,3.58,1.02,0.06,1.49
2019-04-04,5.93,5.99,6.18,5.91,288250,176280357.00,4.56,1.18,0.07,1.81
2019-04-08,5.99,6.41,6.53,5.89,596449,375067632.00,10.68,7.01,0.42,3.74
2019-04-09,6.28,6.20,6.39,6.09,336126,211121475.00,4.68,-3.28,-0.21,2.11
2019-04-10,6.14,6.36,6.70,6.02,562325,366694432.00,10.97,2.58,0.16,3.52
2019-04-11,6.33,6.25,6.61,6.19,420890,270751776.00,6.60,-1.73,-0.11,2.64
2019-04-12,5.93,5.71,6.03,5.62,565763,329119344.00,6.56,-8.64,-0.54,3.54
2019-04-15,5.72,5.66,5.87,5.65,198282,115421285.00,3.85,-0.88,-0.05,1.24
2019-04-16,5.59,5.79,5.80,5.55,168254,96918272.00,4.42,2.30,0.13,1.05
2019-04-17,5.78,6.38,6.38,5.69,676005,424040400.00,11.92,10.19,0.59,4.23
2019-04-18,6.70,6.69,7.02,6.24,1125300,757008560.00,12.23,4.86,0.31,7.05
2019-04-19,6.57,6.90,7.30,6.53,749285,525305200.00,11.51,3.14,0.21,4.69
2019-04-22,6.74,6.43,7.02,6.41,518389,350786080.00,8.84,-6.81,-0.47,3.25
2019-04-23,6.64,6.47,6.91,6.39,554092,370377808.00,8.09,0.62,0.04,3.47
2019-04-24,6.37,6.37,6.60,6.28,356723,231397113.00,4.95,-1.55,-0.10,2.23
2019-04-25,6.41,6.21,6.50,6.19,306826,196312991.00,4.87,-2.51,-0.16,1.92
2019-04-26,6.22,6.13,6.29,5.93,241557,149714326.00,5.80,-1.29,-0.08,1.51
2019-04-29,6.10,5.73,6.13,5.60,278802,163959882.00,8.65,-6.53,-0.40,1.75
2019-04-30,5.72,5.90,5.96,5.69,140150,82857706.00,4.71,2.97,0.17,0.88
2019-05-06,5.74,5.30,5.74,5.30,216019,118421156.00,7.46,-10.17,-0.60,1.35
2019-05-07,5.30,5.40,5.57,5.17,212620,114923490.00,7.55,1.89,0.10,1.33
2019-05-08,5.22,5.45,5.56,5.20,223750,123612036.00,6.67,0.93,0.05,1.40
2019-05-09,5.38,5.34,5.50,5.25,119529,65152115.00,4.59,-2.02,-0.11,0.75
2019-05-10,5.43,5.46,5.50,5.26,116035,63444312.00,4.49,2.25,0.12,0.73
2019-05-13,5.41,5.41,5.43,5.32,105933,57506456.00,2.01,-0.92,-0.05,0.66
2019-05-14,5.26,5.34,5.43,5.26,74370,40251329.00,3.14,-1.29,-0.07,0.47
2019-05-15,5.39,5.42,5.44,5.34,97640,53221010.00,1.87,1.50,0.08,0.61
2019-05-16,5.41,5.40,5.43,5.36,90621,49450382.00,1.29,-0.37,-0.02,0.57
2019-05-17,5.37,5.19,5.42,5.14,117825,62915160.00,5.19,-3.89,-0.21,0.74
2019-05-20,5.13,5.13,5.17,4.90,149166,76285133.00,5.20,-1.16,-0.06,0.93
2019-05-21,5.14,5.24,5.33,5.10,68117,36018542.00,4.48,2.14,0.11,0.43
2019-05-22,5.27,5.17,5.33,5.14,49408,25943523.00,3.63,-1.34,-0.07,0.31
2019-05-23,5.17,5.35,5.51,5.10,172457,93016159.00,7.93,3.48,0.18,1.08
2019-05-24,5.34,5.36,5.48,5.28,92419,50189519.00,3.74,0.19,0.01,0.58
2019-05-27,5.37,5.44,5.44,5.30,91865,50102033.00,2.61,1.49,0.08,0.58
2019-05-28,5.44,5.38,5.49,5.37,63364,34693965.00,2.21,-1.10,-0.06,0.40
2019-05-29,5.35,5.35,5.41,5.32,43892,23823035.00,1.67,-0.56,-0.03,0.27
2019-05-30,5.35,5.40,5.40,5.29,48225,26001328.00,2.06,0.93,0.05,0.30
2019-05-31,5.39,5.38,5.45,5.35,41208,22523460.00,1.85,-0.37,-0.02,0.26
2019-06-03,5.34,5.29,5.42,5.29,41863,22598293.00,2.42,-1.67,-0.09,0.26
2019-06-04,5.30,5.18,5.32,5.09,53474,28113109.00,4.35,-2.08,-0.11,0.33
2019-06-05,5.18,5.01,5.24,5.01,95007,48864314.00,4.44,-3.28,-0.17,0.60
2019-06-06,5.05,4.89,5.05,4.88,121237,60540442.00,3.39,-2.40,-0.12,0.76
2019-06-10,4.91,4.76,4.93,4.63,93210,45087221.00,6.13,-2.66,-0.13,0.58
2019-06-11,4.81,5.08,5.12,4.77,116422,58777100.00,7.35,6.72,0.32,0.73
2019-06-12,5.09,5.02,5.15,5.00,68754,35288231.00,2.95,-1.18,-0.06,0.43
2019-06-13,5.04,5.04,5.10,5.02,79550,40668126.00,1.59,0.40,0.02,0.50
2019-06-14,5.10,5.02,5.10,4.99,77247,39310892.00,2.18,-0.40,-0.02,0.48
2019-06-17,5.04,5.03,5.13,4.98,61098,31124261.00,2.99,0.20,0.01,0.38
2019-06-18,5.06,5.01,5.06,4.97,47399,24049250.00,1.79,-0.40,-0.02,0.30
2019-06-19,5.05,5.01,5.13,5.00,122318,62523786.00,2.59,0.00,0.00,0.77
2019-06-20,5.00,5.06,5.10,4.98,69081,35281816.00,2.40,1.00,0.05,0.43
2019-06-21,5.09,5.16,5.19,5.08,84821,44267333.00,2.17,1.98,0.10,0.53
2019-06-24,5.22,5.24,5.29,5.12,73708,38912512.00,3.29,1.55,0.08,0.46
2019-06-25,5.30,5.28,5.30,5.20,77749,41240244.00,1.91,0.76,0.04,0.49
2019-06-26,5.29,5.19,5.29,5.17,45348,23920423.00,2.27,-1.70,-0.09,0.28
2019-06-27,5.23,5.30,5.38,5.18,93424,50180942.00,3.85,2.12,0.11,0.59
2019-06-28,5.36,5.21,5.36,5.16,36629,19349606.00,3.77,-1.70,-0.09,0.23
2019-07-01,5.30,5.38,5.43,5.29,79478,43103236.00,2.69,3.26,0.17,0.50
2019-07-02,5.43,5.65,5.89,5.38,210972,119794202.00,9.48,5.02,0.27,1.32
2019-07-03,5.69,5.72,5.83,5.57,145735,83994184.00,4.60,1.24,0.07,0.91
2019-07-04,5.68,5.69,5.76,5.66,90017,51973443.00,1.75,-0.52,-0.03,0.56
2019-07-05,5.68,5.95,6.01,5.68,176652,105486537.00,5.80,4.57,0.26,1.11
2019-07-08,5.92,6.02,6.03,5.79,146647,87398067.00,4.03,1.18,0.07,0.92
2019-07-09,5.99,5.92,6.02,5.86,122483,73383452.00,2.66,-1.66,-0.10,0.77
2019-07-10,5.88,5.99,6.12,5.87,104340,63319959.00,4.22,1.18,0.07,0.65
2019-07-11,6.09,6.02,6.10,5.94,77956,47341694.00,2.67,0.50,0.03,0.49
2019-07-12,6.02,6.03,6.07,5.97,68555,41701617.00,1.66,0.17,0.01,0.43
2019-07-15,5.99,6.03,6.10,5.88,88358,53654412.00,3.65,0.00,0.00,0.55
2019-07-16,6.03,6.02,6.10,6.00,69709,42551649.00,1.66,-0.17,-0.01,0.44
2019-07-17,6.09,5.99,6.09,5.93,57467,34796339.00,2.66,-0.50,-0.03,0.36
2019-07-18,5.99,5.93,6.06,5.79,109853,65771381.00,4.51,-1.00,-0.06,0.69
2019-07-19,5.86,5.94,5.99,5.86,97483,58406663.00,2.19,0.17,0.01,0.61
2019-07-22,5.84,5.83,5.95,5.79,87559,51772011.00,2.69,-1.85,-0.11,0.55
2019-07-23,5.73,5.91,5.96,5.73,38947,23231735.00,3.95,1.37,0.08,0.24
2019-07-24,5.98,5.90,6.03,5.87,46599,27991944.00,2.71,-0.17,-0.01,0.29
2019-07-25,5.95,5.83,5.97,5.76,57610,33984636.00,3.56,-1.19,-0.07,0.36
2019-07-26,5.79,5.75,5.83,5.69,51071,29697989.00,2.40,-1.37,-0.08,0.32
2019-07-29,5.81,5.65,5.83,5.59,44809,25677812.00,4.17,-1.74,-0.10,0.28
2019-07-30,5.65,5.56,5.72,5.56,41390,23502259.00,2.83,-1.59,-0.09,0.26
2019-07-31,5.57,5.39,5.59,5.28,105676,57291931.00,5.58,-3.06,-0.17,0.66
2019-08-01,5.41,5.34,5.41,5.28,46567,25147687.00,2.41,-0.93,-0.05,0.29
2019-08-02,5.24,5.22,5.27,5.09,73161,38286456.00,3.37,-2.25,-0.12,0.46
2019-08-05,5.21,5.12,5.21,5.08,44341,23065549.00,2.49,-1.92,-0.10,0.28
2019-08-06,5.08,5.02,5.08,4.89,64612,32581165.00,3.71,-1.95,-0.10,0.40
2019-08-07,5.03,5.07,5.11,5.02,36663,18813296.00,1.79,1.00,0.05,0.23
2019-08-08,5.13,5.09,5.13,4.99,37692,19384746.00,2.76,0.39,0.02,0.24
2019-08-09,5.09,5.06,5.13,5.02,35967,18518986.00,2.16,-0.59,-0.03,0.23
2019-08-12,5.12,5.17,5.20,5.05,50071,26062469.00,2.96,2.17,0.11,0.31
2019-08-13,5.16,5.33,5.34,5.14,53289,28414705.00,3.87,3.09,0.16,0.33
2019-08-14,5.39,5.35,5.39,5.27,43894,23705814.00,2.25,0.38,0.02,0.28
2019-08-15,5.29,5.38,5.41,5.21,31168,16749063.00,3.74,0.56,0.03,0.20
2019-08-16,5.41,5.37,5.41,5.34,31102,16930935.00,1.30,-0.19,-0.01,0.19
2019-08-19,5.39,5.55,5.57,5.39,54637,30373762.00,3.35,3.35,0.18,0.34
2019-08-20,5.54,5.58,5.67,5.54,49550,28073241.00,2.34,0.54,0.03,0.31
2019-08-21,5.77,5.50,5.77,5.41,72064,40046273.00,6.45,-1.43,-0.08,0.45
2019-08-22,5.49,5.42,5.54,5.24,89735,48597596.00,5.45,-1.45,-0.08,0.56
2019-08-23,5.24,5.45,5.46,5.24,52281,28627762.00,4.06,0.55,0.03,0.33
2019-08-26,5.40,5.49,5.57,5.34,74174,41169819.00,4.22,0.73,0.04,0.46
2019-08-27,5.58,5.66,5.74,5.50,89194,50964921.00,4.37,3.10,0.17,0.56
2019-08-28,5.70,5.46,5.70,5.41,65895,36724930.00,5.12,-3.53,-0.20,0.41
2019-08-29,5.47,5.38,5.49,5.34,46242,25173190.00,2.75,-1.47,-0.08,0.29
2019-08-30,5.40,5.36,5.41,5.28,51649,27958492.00,2.42,-0.37,-0.02,0.32
2019-09-02,5.38,5.42,5.48,5.31,39317,21518326.00,3.17,1.12,0.06,0.25
2019-09-03,5.38,5.36,5.45,5.34,31576,17173832.00,2.03,-1.11,-0.06,0.20
2019-09-04,5.36,5.40,5.42,5.31,36709,19900569.00,2.05,0.75,0.04,0.23
2019-09-05,5.40,5.42,5.51,5.40,51659,28508212.00,2.04,0.37,0.02,0.32
2019-09-06,5.42,5.38,5.48,5.33,39019,21258451.00,2.77,-0.74,-0.04,0.24
2019-09-09,5.42,5.40,5.44,5.34,49839,27104306.00,1.86,0.37,0.02,0.31
2019-09-10,5.43,5.55,5.58,5.35,102948,57119356.00,4.26,2.78,0.15,0.65
2019-09-11,5.55,5.45,5.60,5.44,76898,42818500.00,2.88,-1.80,-0.10,0.48
2019-09-12,5.45,5.43,5.50,5.37,62751,34443965.00,2.39,-0.37,-0.02,0.39
2019-09-16,5.49,5.88,5.98,5.39,358157,210998506.00,10.87,8.29,0.45,2.24
2019-09-17,5.79,5.85,5.98,5.67,198110,116633102.00,5.27,-0.51,-0.03,1.24
2019-09-18,5.79,5.91,5.92,5.62,161580,94376709.00,5.13,1.03,0.06,1.01
2019-09-19,5.84,6.39,6.51,5.83,559604,355655104.00,11.51,8.12,0.48,3.51
2019-09-20,6.39,6.46,6.69,6.31,400239,261209140.00,5.95,1.10,0.07,2.51
2019-09-23,6.51,6.18,6.55,5.89,369527,228998756.00,10.22,-4.33,-0.28,2.32
2019-09-24,6.10,6.00,6.14,5.92,270430,164210846.00,3.56,-2.91,-0.18,1.69
2019-09-25,5.95,5.87,5.96,5.77,101510,60089765.00,3.17,-2.17,-0.13,0.64
2019-09-26,5.84,5.64,5.97,5.63,136229,79656659.00,5.79,-3.92,-0.23,0.85
2019-09-27,5.70,5.59,5.70,5.59,64246,36558458.00,1.95,-0.89,-0.05,0.40
2019-09-30,5.56,5.49,5.66,5.49,54985,30918782.00,3.04,-1.79,-0.10,0.34
2019-10-08,5.52,5.68,5.89,5.52,106903,61842037.00,6.74,3.46,0.19,0.67
2019-10-09,5.68,5.63,5.72,5.56,50780,28877748.00,2.82,-0.88,-0.05,0.32
2019-10-10,5.65,5.64,5.78,5.54,77096,43920701.00,4.26,0.18,0.01,0.48
2019-10-11,5.66,5.79,5.93,5.61,157145,91672275.00,5.67,2.66,0.15,0.98
2019-10-14,5.75,5.81,5.82,5.71,137495,80171471.00,1.90,0.35,0.02,0.86
2019-10-15,5.81,5.62,5.81,5.59,92782,53272437.00,3.79,-3.27,-0.19,0.58
2019-10-16,5.67,5.49,5.89,5.41,136074,76896390.00,8.54,-2.31,-0.13,0.85
2019-10-17,5.47,5.35,5.47,5.26,96096,52078437.00,3.83,-2.55,-0.14,0.60
2019-10-18,5.36,5.45,5.54,5.35,87165,48031376.00,3.55,1.87,0.10,0.55
2019-10-21,5.44,5.44,5.51,5.29,80887,43963691.00,4.04,-0.18,-0.01,0.51
2019-10-22,5.45,5.50,5.52,5.39,55768,30746593.00,2.39,1.10,0.06,0.35
2019-10-23,5.51,5.43,5.53,5.38,47732,26301382.00,2.73,-1.27,-0.07,0.30
2019-10-24,5.42,5.52,5.52,5.36,57397,31647371.00,2.95,1.66,0.09,0.36
2019-10-25,5.34,5.41,5.46,5.19,123261,66278847.00,4.89,-1.99,-0.11,0.77
2019-10-28,5.42,5.42,5.52,5.40,98581,54267595.00,2.22,0.18,0.01,0.62
2019-10-29,5.44,5.59,5.68,5.38,149236,83515292.00,5.54,3.14,0.17,0.94
2019-10-30,5.59,5.49,5.60,5.44,68326,38015180.00,2.86,-1.79,-0.10,0.43
2019-10-31,5.44,5.65,5.73,5.44,160778,91729337.00,5.28,2.91,0.16,1.01
2019-11-01,5.65,5.66,5.72,5.54,102865,58496202.00,3.19,0.18,0.01,0.64
2019-11-04,5.69,5.71,5.79,5.66,114683,66161313.00,2.30,0.88,0.05,0.72
2019-11-05,5.71,5.86,5.92,5.69,172293,101539114.00,4.03,2.63,0.15,1.08
2019-11-06,5.85,5.84,5.95,5.82,196477,117080095.00,2.22,-0.34,-0.02,1.23
2019-11-07,5.89,5.83,5.89,5.74,115064,67531706.00,2.57,-0.17,-0.01,0.72
2019-11-08,5.85,5.73,5.91,5.72,92285,53917859.00,3.26,-1.72,-0.10,0.58
2019-11-11,5.73,5.57,5.74,5.55,100402,57195795.00,3.32,-2.79,-0.16,0.63
2019-11-12,5.57,5.45,5.62,5.44,90637,50307006.00,3.23,-2.15,-0.12,0.57
2019-11-13,5.48,5.40,5.54,5.38,75711,41590008.00,2.94,-0.92,-0.05,0.47
2019-11-14,5.39,5.49,5.53,5.39,86024,47715288.00,2.59,1.67,0.09,0.54
2019-11-15,5.53,5.59,5.74,5.49,161552,91890719.00,4.55,1.82,0.10,1.01
2019-11-18,5.60,5.57,5.64,5.53,88573,49989865.00,1.97,-0.36,-0.02,0.56
2019-11-19,5.58,5.66,5.69,5.58,50136,28581322.00,1.97,1.62,0.09,0.31
2019-11-20,5.65,5.66,5.72,5.65,55193,31683124.00,1.24,0.00,0.00,0.35
2019-11-21,5.70,5.69,5.79,5.58,58088,33393232.00,3.71,0.53,0.03,0.36
2019-11-22,5.69,5.63,5.82,5.51,127300,72936514.00,5.45,-1.05,-0.06,0.80
2019-11-25,5.63,5.59,5.67,5.50,60198,34146982.00,3.02,-0.71,-0.04,0.38
2019-11-26,5.57,5.52,5.65,5.50,58253,32731701.00,2.68,-1.25,-0.07,0.37
2019-11-27,5.50,5.37,5.53,5.32,102984,56364933.00,3.80,-2.72,-0.15,0.65
2019-11-28,5.41,5.33,5.43,5.29,64012,34719590.00,2.61,-0.74,-0.04,0.40
2019-11-29,5.37,5.37,5.40,5.29,57400,30945886.00,2.06,0.75,0.04,0.36
2019-12-02,5.37,5.34,5.39,5.24,54662,29414677.00,2.79,-0.56,-0.03,0.34
2019-12-03,5.26,5.31,5.33,5.25,45770,24443709.00,1.50,-0.56,-0.03,0.29
2019-12-04,5.34,5.30,5.34,5.26,44554,23898668.00,1.51,-0.19,-0.01,0.28
2019-12-05,5.33,5.34,5.36,5.25,78661,42227914.00,2.08,0.75,0.04,0.49
2019-12-06,5.34,5.41,5.46,5.32,63642,34800244.00,2.62,1.31,0.07,0.40
2019-12-09,5.43,5.39,5.43,5.36,46862,25578233.00,1.29,-0.37,-0.02,0.29
2019-12-10,5.42,5.39,5.42,5.35,35582,19374494.00,1.30,0.00,0.00,0.22
2019-12-11,5.38,5.34,5.40,5.29,46421,25086130.00,2.04,-0.93,-0.05,0.29
2019-12-12,5.34,5.34,5.41,5.32,33065,17928340.00,1.69,0.00,0.00,0.21
2019-12-13,5.39,5.34,5.40,5.29,87697,47362950.00,2.06,0.00,0.00,0.55
2019-12-16,5.37,5.27,5.40,5.19,165048,88025509.00,3.93,-1.31,-0.07,1.03
2019-12-17,5.31,5.34,5.34,5.20,170154,90470268.00,2.66,1.33,0.07,1.07
2019-12-18,5.37,5.40,5.59,5.30,220894,120189037.00,5.43,1.12,0.06,1.38
2019-12-19,5.39,5.43,5.43,5.31,147878,80297761.00,2.22,0.56,0.03,0.93
2019-12-20,5.43,5.36,5.54,5.35,143259,78604331.00,3.50,-1.29,-0.07,0.90
2019-12-23,5.37,5.20,5.38,5.19,119760,63493082.00,3.54,-2.99,-0.16,0.75
2019-12-24,5.20,5.14,5.22,5.10,100482,52349598.00,2.31,-1.15,-0.06,0.63
2019-12-25,5.14,5.12,5.19,5.10,119488,62073134.00,1.75,-0.39,-0.02,0.75
2019-12-26,5.13,5.08,5.15,5.05,96916,49912775.00,1.95,-0.78,-0.04,0.61
2019-12-27,5.07,5.17,5.19,5.05,113489,58863362.00,2.76,1.77,0.09,0.71
2019-12-30,5.15,5.14,5.17,5.07,77169,39969034.00,1.93,-0.58,-0.03,0.48
2019-12-31,5.14,5.19,5.22,5.12,105618,55460928.00,1.95,0.97,0.05,0.68