2019-01-02,18.31,18.28,18.71,17.73,18121,45309562.00,5.30,-1.19,-0.22,0.81
2019-01-03,18.18,17.46,18.41,17.45,15730,38707766.00,5.25,-4.49,-0.82,0.71
2019-01-04,17.28,17.80,17.99,17.28,27428,66595332.00,4.07,1.95,0.34,1.23
2019-01-07,17.95,17.90,18.34,17.65,20220,49880113.00,3.88,0.56,0.10,0.91
2019-01-08,17.90,17.53,18.15,17.34,25627,62301701.00,4.53,-2.07,-0.37,1.15
2019-01-09,17.49,17.94,18.32,17.48,27208,67278992.00,4.79,2.34,0.41,1.22
2019-01-10,17.75,17.74,18.08,17.62,19779,48491888.00,2.56,-1.11,-0.20,0.89
2019-01-11,17.74,17.95,17.98,17.50,17181,41961288.00,2.71,1.18,0.21,0.77
2019-01-14,17.84,17.44,17.84,17.36,19618,47498190.00,2.67,-2.84,-0.51,0.88
2019-01-15,17.41,17.98,18.18,17.28,19794,48453471.00,5.16,3.10,0.54,0.89
2019-01-16,17.89,18.04,18.13,17.87,14353,35484131.00,1.45,0.33,0.06,0.65
2019-01-17,18.08,17.72,18.11,17.61,13617,33415896.00,2.77,-1.77,-0.32,0.61
2019-01-18,17.72,18.76,19.18,17.65,30376,77088130.00,8.63,5.87,1.04,1.37
2019-01-21,19.03,19.18,19.66,18.65,25019,65885254.00,5.38,2.24,0.42,1.13
2019-01-22,19.11,19.03,19.30,18.88,14370,37667537.00,2.19,-0.78,-0.15,0.65
2019-01-23,19.04,18.68,19.04,18.42,10962,28068378.00,3.26,-1.84,-0.35,0.49
2019-01-24,18.67,19.28,19.32,18.44,12900,33648238.00,4.71,3.21,0.60,0.58
2019-01-25,19.28,19.32,19.71,18.95,11999,31892534.00,3.94,0.21,0.04,0.54
2019-01-28,19.34,18.88,19.63,18.63,13428,35024667.00,5.18,-2.28,-0.44,0.60
2019-01-29,18.71,18.52,18.95,18.45,8591,21929322.00,2.65,-1.91,-0.36,0.39
2019-01-30,19.08,18.72,19.41,18.65,13534,35473959.00,4.10,1.08,0.20,0.61
2019-01-31,18.65,18.75,19.28,18.57,11490,29839547.00,3.79,0.16,0.03,0.52
2019-02-01,18.75,19.42,19.48,18.75,12256,32218723.00,3.89,3.57,0.67,0.55
2019-02-11,19.49,20.16,20.26,19.49,16900,46162809.00,3.96,3.81,0.74,0.76
2019-02-12,20.16,20.97,21.01,19.98,22673,64073182.00,5.11,4.02,0.81,1.02
2019-02-13,20.81,21.10,21.25,20.81,22579,64844683.00,2.10,0.62,0.13,1.02
2019-02-14,20.98,21.37,21.65,20.80,16845,49213771.00,4.03,1.28,0.27,0.76
2019-02-15,21.37,20.98,21.45,20.95,14882,42875937.00,2.34,-1.82,-0.39,0.67
2019-02-18,21.05,22.24,22.30,21.05,22532,67197578.00,5.96,6.01,1.26,1.01
2019-02-19,23.03,22.06,23.13,21.63,24202,73645878.00,6.74,-0.81,-0.18,1.09
2019-02-20,22.02,21.64,22.02,21.32,20360,59921298.00,3.17,-1.90,-0.42,0.92
2019-02-21,21.58,21.30,21.84,21.19,17818,52393727.00,3.00,-1.57,-0.34,0.80
2019-02-22,21.30,21.56,21.72,21.26,15577,45597603.00,2.16,1.22,0.26,0.70
2019-02-25,21.97,22.53,22.70,21.66,30617,92593443.00,4.82,4.50,0.97,1.38
2019-02-26,22.43,23.18,23.88,22.04,39312,123034923.00,8.17,2.89,0.65,1.77
2019-02-27,22.85,22.65,23.47,22.50,28960,90375164.00,4.18,-2.29,-0.53,1.30
2019-02-28,22.63,23.60,23.82,22.58,30229,96168876.00,5.47,4.19,0.95,1.36
2019-03-01,23.72,23.66,23.72,23.19,13830,44165792.00,2.25,0.25,0.06,0.62
2019-03-04,23.72,24.01,24.63,23.72,26763,87774859.00,3.85,1.48,0.35,1.20
2019-03-05,24.01,23.71,24.18,23.26,23735,76230430.00,3.83,-1.25,-0.30,1.07
2019-03-06,23.72,23.85,24.09,23.58,21606,70020310.00,2.15,0.59,0.14,0.97
2019-03-07,24.41,24.33,25.24,23.88,35080,116279170.00,5.70,2.01,0.48,1.58
2019-03-08,23.57,23.11,24.03,23.11,28015,89572847.00,3.78,-5.01,-1.22,1.26
2019-03-11,23.10,24.18,24.18,22.80,18183,58299886.00,5.97,4.63,1.07,0.82
2019-03-12,24.18,25.34,25.76,24.18,35453,120514629.00,6.53,4.80,1.16,1.59
2019-03-13,25.49,24.89,25.71,24.72,23266,79548488.00,3.91,-1.78,-0.45,1.05
2019-03-14,24.65,25.03,25.20,24.58,17732,59862661.00,2.49,0.56,0.14,0.80
2019-03-15,24.86,26.18,26.23,24.84,27169,94682852.00,5.55,4.59,1.15,1.21
2019-03-18,26.33,26.65,26.77,25.68,18563,66221562.00,4.16,1.80,0.47,0.83
2019-03-19,26.65,26.18,26.65,25.98,12990,46105664.00,2.51,-1.76,-0.47,0.58
2019-03-20,26.22,25.88,26.76,25.45,18825,66429197.00,5.00,-1.15,-0.30,0.84
2019-03-21,26.02,26.04,26.45,25.61,13018,45889173.00,3.25,0.62,0.16,0.58
2019-03-22,25.92,26.07,26.28,25.34,14780,51700137.00,3.61,0.12,0.03,0.66
2019-03-25,25.36,25.36,26.07,25.30,12134,41864650.00,2.95,-2.72,-0.71,0.54
2019-03-26,25.45,24.76,26.33,24.40,16249,55698721.00,7.61,-2.37,-0.60,0.73
2019-03-27,25.08,25.03,25.49,24.56,17010,57961862.00,3.76,1.09,0.27,0.76
2019-03-28,25.63,25.04,25.77,24.96,17193,58937774.00,3.24,0.04,0.01,0.77
2019-03-29,25.02,25.64,25.71,24.49,18436,63362321.00,4.87,2.40,0.60,0.82
2019-04-01,25.72,26.22,26.55,25.68,20660,72945223.00,3.39,2.26,0.58,0.92
2019-04-02,26.45,25.91,26.45,25.81,14682,51513251.00,2.44,-1.18,-0.31,0.66
2019-04-03,25.83,26.20,26.55,25.76,15082,53429581.00,3.05,1.12,0.29,0.67
2019-04-04,26.28,26.02,26.33,25.76,13295,46883306.00,2.18,-0.69,-0.18,0.59
2019-04-08,26.02,25.51,26.22,25.13,17496,60739862.00,4.19,-1.96,-0.51,0.78
2019-04-09,25.68,26.42,27.14,25.42,24815,88592270.00,6.74,3.57,0.91,1.11
2019-04-10,25.92,26.74,27.00,25.27,31391,112339472.00,6.55,1.21,0.32,1.40
2019-04-11,26.94,26.07,26.94,25.26,24637,86471557.00,6.28,-2.51,-0.67,1.10
2019-04-12,25.75,25.73,26.16,25.35,11366,39455239.00,3.11,-1.30,-0.34,0.51
2019-04-15,26.01,24.88,26.20,24.78,13851,47906109.00,5.52,-3.30,-0.85,0.62
2019-04-16,24.85,25.26,25.57,23.92,20668,69621208.00,6.63,1.53,0.38,0.92
2019-04-17,25.35,25.53,25.88,25.23,17881,62083220.00,2.57,1.07,0.27,0.80
2019-04-18,25.38,25.45,26.02,25.18,13461,46622725.00,3.29,-0.31,-0.08,0.60
2019-04-19,25.45,24.99,25.47,24.82,12956,43896911.00,2.55,-1.81,-0.46,0.58
2019-04-22,24.99,25.05,25.74,24.99,10792,36977458.00,3.00,0.24,0.06,0.48
2019-04-23,25.05,24.31,25.18,24.26,12763,42536056.00,3.67,-2.95,-0.74,0.57
2019-04-24,24.65,24.63,24.68,24.04,12559,41594838.00,2.63,1.32,0.32,0.56
2019-04-25,24.38,24.20,25.05,24.18,11101,37154007.00,3.53,-1.75,-0.43,0.50
2019-04-26,24.85,24.43,24.88,23.86,13021,43309066.00,4.21,0.95,0.23,0.58
2019-04-29,24.57,24.52,25.34,23.58,17392,57905628.00,7.20,0.37,0.09,0.78
2019-04-30,24.49,25.09,25.30,24.36,10603,35861496.00,3.83,2.32,0.57,0.47
2019-05-06,24.25,22.53,24.79,22.48,23668,74574172.00,9.21,-10.20,-2.56,1.06
2019-05-07,22.42,23.65,23.82,22.42,21803,69328713.00,6.21,4.97,1.12,0.97
2019-05-08,23.55,23.92,24.41,22.86,13582,44183486.00,6.55,1.14,0.27,0.61
2019-05-09,23.59,23.22,24.02,23.20,11862,37881079.00,3.43,-2.93,-0.70,0.53
2019-05-10,23.71,24.34,24.41,23.22,10764,34899373.00,5.12,4.82,1.12,0.48
2019-05-13,24.34,23.66,24.34,23.57,13768,44344884.00,3.16,-2.79,-0.68,0.57
2019-05-14,23.31,24.03,24.18,23.20,9389,30426084.00,4.14,1.56,0.37,0.39
2019-05-15,24.17,24.50,24.54,23.97,8137,26789616.00,2.37,1.96,0.47,0.34
2019-05-16,24.45,24.67,24.87,24.33,9002,30006318.00,2.20,0.69,0.17,0.38
2019-05-17,24.66,24.63,25.39,24.41,16307,55135820.00,3.97,-0.16,-0.04,0.68
2019-05-20,24.61,24.05,24.78,23.58,12333,40437188.00,4.87,-2.35,-0.58,0.51
2019-05-21,24.08,25.83,25.87,24.08,21491,73922252.00,7.44,7.40,1.78,0.90
2019-05-22,25.88,26.02,26.42,25.45,20312,71010080.00,3.76,0.74,0.19,0.85
2019-05-23,25.87,25.02,26.21,24.80,14958,51544757.00,5.42,-3.84,-1.00,0.62
2019-05-24,25.25,24.98,25.46,24.80,13451,45702465.00,2.64,-0.16,-0.04,0.56
2019-05-27,24.98,26.00,26.18,24.83,16346,56781200.00,5.40,4.08,1.02,0.68
2019-05-28,25.92,25.68,26.18,25.59,8804,30811496.00,2.27,-1.23,-0.32,0.37
2019-05-29,25.68,26.44,26.45,25.57,13071,46171160.00,3.43,2.96,0.76,0.55
2019-05-30,26.11,26.41,26.41,25.44,11759,41284707.00,3.67,-0.11,-0.03,0.49
2019-05-31,26.15,25.94,26.79,25.88,12032,42791234.00,3.45,-1.78,-0.47,0.50
2019-06-03,25.86,25.78,26.72,25.72,12506,44194391.00,3.86,-0.62,-0.16,0.52
2019-06-04,25.84,25.88,26.06,25.37,9922,34557153.00,2.68,0.39,0.10,0.41
2019-06-05,25.92,25.54,26.17,24.65,20095,68746300.00,5.87,-1.31,-0.34,0.84
2019-06-06,25.34,24.59,25.34,24.18,9781,32821440.00,4.54,-3.72,-0.95,0.41
2019-06-10,24.69,24.49,25.33,24.11,9209,31011655.00,4.96,-0.41,-0.10,0.38
2019-06-11,24.71,25.42,25.57,24.61,20339,68483861.00,3.92,3.80,0.93,0.85
2019-06-12,25.42,25.74,25.91,24.90,10457,35657431.00,3.97,1.26,0.32,0.44
2019-06-13,25.75,27.35,27.35,25.33,24667,88134392.00,7.85,6.25,1.61,1.03
2019-06-14,27.42,28.22,29.05,27.35,45932,173836958.00,6.22,3.18,0.87,1.92
2019-06-17,28.35,28.35,28.73,27.61,21623,81929950.00,3.97,0.46,0.13,0.90
2019-06-18,28.40,28.40,28.59,27.98,10680,40565725.00,2.15,0.18,0.05,0.45
2019-06-19,28.81,29.74,30.35,28.81,31902,126542368.00,5.42,4.72,1.34,1.33
2019-06-20,29.64,29.35,30.50,29.15,31490,125399082.00,4.54,-1.31,-0.39,1.31
2019-06-21,29.85,29.48,30.19,29.13,20113,79694396.00,3.61,0.44,0.13,0.84
2019-06-24,29.48,29.28,29.86,28.91,18366,71849391.00,3.22,-0.68,-0.20,0.77
2019-06-25,29.51,28.47,29.51,27.86,34125,130079583.00,5.64,-2.77,-0.81,1.42
2019-06-26,28.67,28.66,29.26,28.23,21660,83009438.00,3.62,0.67,0.19,0.90
2019-06-27,28.66,28.66,29.04,28.28,21627,82857486.00,2.65,0.00,0.00,0.90
2019-06-28,28.68,28.12,28.68,27.91,14688,55537520.00,2.69,-1.88,-0.54,0.61
2019-07-01,28.66,29.54,29.75,28.36,25436,99046816.00,4.94,5.05,1.42,1.06
2019-07-02,29.51,29.78,29.96,28.96,25788,102018544.00,3.39,0.81,0.24,1.08
2019-07-03,29.78,28.55,29.88,28.44,16633,64529077.00,4.84,-4.13,-1.23,0.69
2019-07-04,28.82,27.93,28.85,27.72,16135,60754233.00,3.96,-2.17,-0.62,0.67
2019-07-05,27.77,27.93,28.23,27.66,11094,41603245.00,2.04,0.00,0.00,0.46
2019-07-08,27.67,26.88,27.73,26.82,18465,67406500.00,3.26,-3.76,-1.05,0.77
2019-07-09,27.11,27.20,27.59,26.93,10220,37432660.00,2.46,1.19,0.32,0.43
2019-07-10,27.22,27.25,27.72,26.96,11067,40610970.00,2.79,0.18,0.05,0.46
2019-07-11,27.45,27.21,27.66,26.97,9627,35262940.00,2.53,-0.15,-0.04,0.40
2019-07-12,27.09,27.36,27.43,26.98,11510,41997828.00,1.65,0.55,0.15,0.48
2019-07-15,27.36,27.21,27.66,26.57,11210,40811236.00,3.98,-0.55,-0.15,0.47
2019-07-16,27.23,27.42,27.45,26.95,6738,24616027.00,1.84,0.77,0.21,0.28
2019-07-17,27.42,26.90,27.42,26.89,7171,26046740.00,1.93,-1.90,-0.52,0.30
2019-07-18,26.98,26.58,27.20,26.30,10103,36012251.00,3.35,-1.19,-0.32,0.42
2019-07-19,26.28,26.38,26.80,26.26,6146,21923170.00,2.03,-0.75,-0.20,0.26
2019-07-22,26.40,26.73,26.93,25.80,9226,32838822.00,4.28,1.33,0.35,0.39
2019-07-23,26.88,26.27,27.05,25.89,13182,46574211.00,4.34,-1.72,-0.46,0.55
2019-07-24,26.28,26.22,26.62,26.05,13100,46396138.00,2.17,-0.19,-0.05,0.55
2019-07-25,26.35,28.52,28.60,26.18,34620,128269398.00,9.23,8.77,2.30,1.44
2019-07-26,28.32,28.35,28.70,28.14,14605,55468266.00,1.96,-0.60,-0.17,0.61
2019-07-29,28.22,28.38,28.65,28.20,8564,32573049.00,1.59,0.11,0.03,0.36
2019-07-30,28.42,28.05,28.53,27.91,13774,51988655.00,2.18,-1.16,-0.33,0.57
2019-07-31,28.25,28.70,29.34,28.12,19491,75386304.00,4.35,2.32,0.65,0.81
2019-08-01,27.88,28.00,28.50,26.90,31738,118054995.00,5.57,-2.44,-0.70,1.32
2019-08-02,27.65,28.62,29.34,27.58,27861,107026656.00,6.29,2.21,0.62,1.16
2019-08-05,28.69,28.20,29.47,28.12,17509,67320244.00,4.72,-1.47,-0.42,0.73
2019-08-06,27.61,28.05,28.58,27.61,15459,58024032.00,3.44,-0.53,-0.15,0.65
2019-08-07,28.01,29.64,29.87,28.01,29373,114901887.00,6.63,5.67,1.59,1.23
2019-08-08,29.66,30.11,30.24,29.53,19335,77374228.00,2.40,1.59,0.47,0.81
2019-08-09,30.14,29.82,30.99,29.81,21248,85651509.00,3.92,-0.96,-0.29,0.89
2019-08-12,30.14,30.63,30.92,30.06,29493,120235430.00,2.88,2.72,0.81,1.23
2019-08-13,30.49,30.67,31.02,29.85,23431,95182869.00,3.82,0.13,0.04,0.98
2019-08-14,30.88,30.95,31.27,30.25,24956,102245052.00,3.33,0.91,0.28,1.04
2019-08-15,30.55,32.28,32.35,30.32,23828,100352281.00,6.56,4.30,1.33,0.99
2019-08-16,32.15,33.82,34.39,32.05,34514,154394794.00,7.25,4.77,1.54,1.44
2019-08-19,33.88,34.34,34.34,33.28,25926,116711470.00,3.13,1.54,0.52,1.08
2019-08-20,34.16,33.68,34.20,33.28,17455,78489102.00,2.68,-1.92,-0.66,0.73
2019-08-21,33.59,32.94,33.74,32.55,23992,105320385.00,3.53,-2.20,-0.74,1.00
2019-08-22,32.94,32.94,33.25,32.72,13536,59480282.00,1.61,0.00,0.00,0.56
2019-08-23,32.92,33.69,34.03,32.55,19153,85716223.00,4.49,2.28,0.75,0.80
2019-08-26,33.35,33.20,34.11,32.88,20500,91693743.00,3.65,-1.45,-0.49,0.86
2019-08-27,33.30,32.48,33.58,32.39,26513,115853304.00,3.58,-2.17,-0.72,1.11
2019-08-28,32.92,32.83,33.78,32.41,24335,107322475.00,4.22,1.08,0.35,1.02
2019-08-29,33.19,32.88,33.88,32.22,17146,75748243.00,5.06,0.15,0.05,0.72
2019-08-30,33.22,33.01,34.17,32.82,18680,83306957.00,4.11,0.40,0.13,0.78
2019-09-02,33.12,34.33,34.33,32.92,21651,97418426.00,4.27,4.00,1.32,0.90
2019-09-03,34.20,32.97,34.62,32.78,31254,139473721.00,5.36,-3.96,-1.36,1.30
2019-09-04,32.66,32.98,33.28,32.65,17025,74905922.00,1.91,0.03,0.01,0.71
2019-09-05,33.12,33.68,34.18,33.12,17631,79371588.00,3.21,2.12,0.70,0.74
2019-09-06,33.72,34.21,35.15,33.69,17543,80292569.00,4.33,1.57,0.53,0.73
2019-09-09,34.48,34.82,34.94,33.89,22425,102944009.00,3.07,1.78,0.61,0.94
2019-09-10,34.63,33.79,34.63,33.51,24687,111728261.00,3.22,-2.96,-1.03,1.03
2019-09-11,34.34,34.83,36.90,34.05,64232,304261552.00,8.43,3.08,1.04,2.68
2019-09-12,35.42,34.21,35.42,33.74,36661,167219161.00,4.82,-1.78,-0.62,1.53
2019-09-16,34.12,37.35,37.40,33.36,53590,258187389.00,11.81,9.18,3.14,2.24
2019-09-17,37.43,36.89,37.69,36.51,31593,155923731.00,3.16,-1.23,-0.46,1.32
2019-09-18,36.85,37.28,37.56,36.52,21412,105684520.00,2.82,1.06,0.39,0.89
2019-09-19,37.33,37.35,38.00,37.02,14180,70421512.00,2.63,0.19,0.07,0.59
2019-09-20,37.20,37.97,38.65,37.03,28028,141124418.00,4.34,1.66,0.62,1.17
2019-09-23,38.12,37.51,38.34,37.07,14241,71028764.00,3.34,-1.21,-0.46,0.59
2019-09-24,37.63,37.77,39.31,37.36,29736,150980165.00,5.20,0.69,0.26,1.24
2019-09-25,37.83,37.18,38.48,34.51,20065,100450322.00,10.51,-1.56,-0.59,0.84
2019-09-26,37.58,36.68,38.21,36.58,16668,82562008.00,4.38,-1.34,-0.50,0.70
2019-09-27,36.73,36.62,37.18,36.21,15255,74271023.00,2.64,-0.16,-0.06,0.64
2019-09-30,36.45,36.66,37.71,36.21,11095,54409506.00,4.10,0.11,0.04,0.46
2019-10-08,36.55,37.59,38.35,36.55,17041,85241940.00,4.91,2.54,0.93,0.71
2019-10-09,37.47,36.85,37.68,36.20,13645,66777652.00,3.94,-1.97,-0.74,0.57
2019-10-10,37.12,40.45,40.63,36.72,41027,215422078.00,10.61,9.77,3.60,1.71
2019-10-11,40.46,40.89,41.43,40.05,27774,150439756.00,3.41,1.09,0.44,1.16
2019-10-14,39.89,39.13,39.89,38.48,57360,298862080.00,3.45,-4.30,-1.76,2.39
2019-10-15,39.15,39.05,39.40,38.57,18396,95167656.00,2.12,-0.20,-0.08,0.77
2019-10-16,39.04,39.52,40.02,38.58,14902,78117648.00,3.69,1.20,0.47,0.62
2019-10-17,39.55,39.89,40.39,39.12,14878,78521117.00,3.21,0.94,0.37,0.62
2019-10-18,40.05,40.05,41.19,39.66,19694,105993397.00,3.84,0.40,0.16,0.82
2019-10-21,40.35,37.67,40.56,36.73,41338,208972787.00,9.56,-5.94,-2.38,1.72
2019-10-22,38.12,39.28,39.70,37.80,27574,143040166.00,5.04,4.27,1.61,1.15
2019-10-23,39.21,37.71,39.64,37.56,18171,92480527.00,5.30,-4.00,-1.57,0.76
2019-10-24,37.74,36.60,38.04,35.62,32562,158225843.00,6.42,-2.94,-1.11,1.36
2019-10-25,36.79,37.44,37.52,36.22,25845,127285807.00,3.55,2.30,0.84,1.08
2019-10-28,36.20,37.53,37.95,36.08,21053,104713386.00,4.99,0.24,0.09,0.88
2019-10-29,37.86,37.76,38.32,36.96,17649,88272099.00,3.62,0.61,0.23,0.74
2019-10-30,37.55,37.44,38.21,36.98,16249,81111339.00,3.26,-0.85,-0.32,0.68
2019-10-31,37.43,37.25,38.11,36.82,20672,103086055.00,3.45,-0.51,-0.19,0.86
2019-11-01,37.50,37.47,37.55,36.48,16536,81794761.00,2.87,0.59,0.22,0.69
2019-11-04,37.59,38.88,39.28,37.59,31921,163809740.00,4.51,3.76,1.41,1.33
2019-11-05,38.88,37.73,38.92,37.49,23072,116783006.00,3.68,-2.96,-1.15,0.96
2019-11-06,37.70,36.99,38.08,36.82,17051,84998657.00,3.34,-1.96,-0.74,0.71
2019-11-07,37.35,37.28,37.97,37.02,18583,92553092.00,2.57,0.78,0.29,0.78
2019-11-08,37.53,37.32,37.75,37.13,20883,104125057.00,1.66,0.11,0.04,0.87
2019-11-11,37.21,35.79,37.55,35.74,21818,105580674.00,4.85,-4.10,-1.53,0.91
2019-11-12,36.04,36.45,36.78,35.67,15641,75114293.00,3.10,1.84,0.66,0.65
2019-11-13,36.33,37.75,37.88,35.87,21668,107617345.00,5.51,3.57,1.30,0.90
2019-11-14,37.88,39.16,39.25,37.60,22457,115938248.00,4.37,3.74,1.41,0.94
2019-11-15,39.36,39.07,39.49,38.79,16016,83209189.00,1.79,-0.23,-0.09,0.67
2019-11-18,39.13,38.88,39.58,38.52,20666,106840529.00,2.71,-0.49,-0.19,0.86
2019-11-19,39.18,39.52,40.38,38.81,28776,151135388.00,4.04,1.65,0.64,1.20
2019-11-20,39.49,40.18,40.74,39.35,29810,159077171.00,3.52,1.67,0.66,1.24
2019-11-21,40.18,39.78,40.48,39.42,22456,118698665.00,2.64,-1.00,-0.40,0.94
2019-11-22,39.66,36.44,39.95,36.05,45391,226831627.00,9.80,-8.40,-3.34,1.89
2019-11-25,36.72,35.43,36.88,34.97,28929,137132335.00,5.24,-2.77,-1.01,1.21
2019-11-26,35.66,35.78,36.00,35.43,13353,63513656.00,1.61,0.99,0.35,0.56
2019-11-27,35.80,35.61,36.18,35.06,14538,68988511.00,3.13,-0.48,-0.17,0.61
2019-11-28,35.60,36.23,36.43,35.36,16039,77019598.00,3.00,1.74,0.62,0.67
2019-11-29,36.02,35.85,36.42,34.90,14572,68811801.00,4.20,-1.05,-0.38,0.61
2019-12-02,35.81,35.29,35.82,34.96,13377,62944197.00,2.40,-1.56,-0.56,0.56
2019-12-03,35.35,35.32,35.45,34.32,10481,48685661.00,3.20,0.09,0.03,0.44
2019-12-04,35.12,35.63,36.12,34.78,8241,39128305.00,3.79,0.88,0.31,0.34
2019-12-05,35.85,36.08,36.71,35.66,12191,58897087.00,2.95,1.26,0.45,0.51
2019-12-06,36.13,36.47,36.80,35.90,8357,40537400.00,2.49,1.08,0.39,0.35
2019-12-09,36.81,35.75,36.81,35.40,11786,56117396.00,3.87,-1.97,-0.72,0.49
2019-12-10,35.28,35.74,35.82,34.98,7422,35091872.00,2.35,-0.03,-0.01,0.31
2019-12-11,35.75,36.23,36.45,35.64,8125,39040620.00,2.27,1.37,0.49,0.34
2019-12-12,36.35,36.12,36.65,36.03,6468,31257885.00,1.71,-0.30,-0.11,0.27
2019-12-13,36.54,37.57,37.62,36.21,17456,86288663.00,3.90,4.01,1.45,0.73
2019-12-16,37.66,37.97,38.22,37.31,14102,70834841.00,2.42,1.06,0.40,0.59
2019-12-17,38.00,37.58,38.17,37.10,14246,71062108.00,2.82,-1.03,-0.39,0.59
2019-12-18,37.43,37.34,37.56,36.82,11607,57519899.00,1.97,-0.64,-0.24,0.48
2019-12-19,37.14,37.32,37.56,36.90,7787,38578734.00,1.77,-0.05,-0.02,0.32
2019-12-20,37.35,36.66,37.41,36.65,8435,41523097.00,2.04,-1.77,-0.66,0.35
2019-12-23,36.67,37.17,38.12,36.67,16436,82199037.00,3.96,1.39,0.51,0.69
2019-12-24,37.26,38.42,38.58,37.05,13290,67282053.00,4.12,3.36,1.25,0.56
2019-12-25,38.22,38.28,38.52,37.88,11536,58644824.00,1.67,-0.36,-0.14,0.48
2019-12-26,38.20,38.15,38.55,37.78,12505,63468960.00,2.01,-0.34,-0.13,0.52
2019-12-27,37.98,37.82,38.34,37.75,9363,47317754.00,1.55,-0.87,-0.33,0.39
2019-12-30,38.01,37.20,38.13,37.05,11317,56339901.00,2.86,-1.64,-0.62,0.47
2019-12-31,37.22,38.95,39.38,37.20,25992,132963663.00,5.86,4.70,1.75,1.09