2015-01-05,7.00,7.05,7.08,6.85,51610,39527050.00,3.29,0.71,0.05,1.37
2015-01-06,7.03,7.14,7.16,6.95,57321,44247955.00,2.98,1.28,0.09,1.52
2015-01-07,7.10,7.11,7.18,7.01,46122,35893401.00,2.38,-0.42,-0.03,1.23
2015-01-08,7.12,7.08,7.17,7.04,33402,25986634.00,1.83,-0.42,-0.03,0.89
2015-01-09,7.06,7.00,7.15,6.97,29455,22840407.00,2.54,-1.13,-0.08,0.78
2015-01-12,6.98,6.74,6.98,6.73,27037,20274049.00,3.57,-3.71,-0.26,0.72
2015-01-13,6.75,6.77,6.80,6.72,21270,15825332.00,1.19,0.45,0.03,0.57
2015-01-14,6.77,6.79,6.98,6.74,29361,22136569.00,3.55,0.30,0.02,0.78
2015-01-15,6.79,6.85,6.92,6.78,28714,21654704.00,2.06,0.88,0.06,0.76
2015-01-16,6.84,6.93,6.93,6.74,30980,23349438.00,2.77,1.17,0.08,0.82
2015-01-19,6.83,6.65,6.91,6.48,44212,32939119.00,6.20,-4.04,-0.28,1.18
2015-01-20,6.66,7.17,7.22,6.64,98109,76207219.00,8.72,7.82,0.52,2.61
2015-01-21,7.21,7.32,7.32,7.07,61659,48807169.00,3.49,2.09,0.15,1.64
2015-01-22,7.29,7.32,7.36,7.17,50561,40197010.00,2.60,0.00,0.00,1.34
2015-01-23,7.25,7.09,7.32,7.00,79182,61701383.00,4.37,-3.14,-0.23,2.10
2015-01-26,7.08,7.22,7.23,7.06,50611,39652023.00,2.40,1.83,0.13,1.35
2015-01-27,7.23,7.24,7.29,7.12,45797,36132310.00,2.35,0.28,0.02,1.22
2015-01-28,7.24,7.43,7.51,7.22,75762,61480683.00,4.01,2.62,0.19,2.01
2015-01-29,7.38,7.66,7.70,7.26,101299,83636054.00,5.92,3.10,0.23,2.69
2015-01-30,7.64,7.51,7.71,7.48,51397,42315636.00,3.00,-1.96,-0.15,1.37
2015-02-02,7.52,7.38,7.59,7.27,55168,44720051.00,4.26,-1.73,-0.13,1.47
2015-02-03,7.42,7.63,7.68,7.37,63053,52124155.00,4.20,3.39,0.25,1.68
2015-02-04,7.63,7.61,7.70,7.51,48347,40039134.00,2.49,-0.26,-0.02,1.29
2015-02-05,7.61,7.48,7.68,7.46,43301,35684965.00,2.89,-1.71,-0.13,1.15
2015-02-06,7.51,7.45,7.62,7.32,39804,32417578.00,4.01,-0.40,-0.03,1.06
2015-02-09,7.42,7.79,7.80,7.42,95754,79721204.00,5.10,4.56,0.34,2.55
2015-02-10,7.68,7.82,8.11,7.68,83860,72215183.00,5.52,0.39,0.03,2.23
2015-02-11,7.80,8.67,8.67,7.77,179248,163638748.00,11.51,10.87,0.85,4.76
2015-02-12,8.89,9.61,9.61,8.70,274617,276033456.00,10.50,10.84,0.94,7.30
2015-02-13,10.64,10.29,10.64,10.05,709235,790027376.00,6.14,7.08,0.68,18.85
2015-02-16,9.86,10.38,10.48,9.76,491156,527860512.00,7.00,0.87,0.09,13.05
2015-02-17,9.88,9.63,10.06,9.57,447789,467677072.00,4.72,-7.23,-0.75,11.90
2015-02-25,9.67,9.48,9.75,9.34,226542,229954872.00,4.26,-1.56,-0.15,6.02
2015-02-26,9.43,9.63,9.64,9.32,209931,213541004.00,3.38,1.58,0.15,5.58
2015-02-27,9.60,9.61,9.79,9.44,200255,205866404.00,3.63,-0.21,-0.02,5.32
2015-03-02,9.64,9.96,10.05,9.51,286524,300935632.00,5.62,3.64,0.35,7.62
2015-03-03,9.94,9.36,9.94,9.31,234690,242037049.00,6.33,-6.02,-0.60,6.24
2015-03-04,9.38,9.48,9.56,9.20,212206,212782836.00,3.85,1.28,0.12,5.64
2015-03-05,9.42,9.47,9.50,9.21,148536,148533918.00,3.06,-0.11,-0.01,3.95
2015-03-06,9.42,9.28,9.48,9.23,106974,107397130.00,2.64,-2.01,-0.19,2.84
2015-03-09,9.19,9.30,9.31,9.01,99010,97567825.00,3.23,0.22,0.02,2.63
2015-03-10,9.38,9.57,9.86,9.38,208967,215661301.00,5.16,2.90,0.27,5.55
2015-03-11,9.42,9.38,9.50,9.32,124337,125227161.00,1.88,-1.99,-0.19,3.30
2015-03-12,9.38,9.21,9.46,9.10,107733,107391081.00,3.84,-1.81,-0.17,2.86
2015-03-13,9.32,9.39,9.57,9.27,86846,87126622.00,3.26,1.95,0.18,2.31
2015-03-16,9.47,9.69,9.72,9.35,166734,170889372.00,3.94,3.19,0.30,4.43
2015-03-17,9.66,9.73,9.85,9.51,206855,214510132.00,3.51,0.41,0.04,5.50
2015-03-18,9.74,10.11,10.12,9.65,202640,215081520.00,4.83,3.91,0.38,5.39
2015-03-19,10.14,10.48,10.52,9.96,231758,253655601.00,5.54,3.66,0.37,6.16
2015-03-20,10.54,10.29,10.61,10.23,141659,155836622.00,3.63,-1.81,-0.19,3.77
2015-03-23,10.29,11.39,11.39,10.28,283951,330294560.00,10.79,10.69,1.10,7.55
2015-03-24,11.42,12.01,12.36,11.42,337093,423738912.00,8.25,5.44,0.62,8.96
2015-03-25,11.96,12.01,12.12,11.58,153518,191923072.00,4.50,0.00,0.00,4.08
2015-03-26,12.12,11.88,12.27,11.65,132778,167761994.00,5.16,-1.08,-0.13,3.53
2015-03-27,11.91,11.70,11.91,11.32,168282,205307920.00,4.97,-1.52,-0.18,4.47
2015-03-30,11.69,12.94,12.94,11.67,175087,231067772.00,10.85,10.60,1.24,4.65
2015-03-31,13.32,13.77,14.30,13.28,331911,483870608.00,7.88,6.41,0.83,8.82
2015-04-01,14.01,14.17,14.79,13.20,313438,455639552.00,11.55,2.90,0.40,8.33
2015-04-02,13.97,14.23,14.60,13.82,189435,281177056.00,5.50,0.42,0.06,5.03
2015-04-03,14.02,15.72,15.72,13.85,318945,510796736.00,13.14,10.47,1.49,8.48
2015-04-07,15.92,16.79,17.32,15.23,264659,443897424.00,13.30,6.81,1.07,7.03
2015-04-08,16.92,16.40,17.27,16.10,204991,355115136.00,6.97,-2.32,-0.39,5.45
2015-04-09,16.20,17.16,17.70,14.78,244377,411225072.00,17.80,4.63,0.76,6.50
2015-04-10,17.05,17.47,17.77,16.67,175398,316391920.00,6.41,1.81,0.31,4.66
2015-04-13,17.46,16.79,17.46,16.74,241406,424982016.00,4.12,-3.89,-0.68,6.42
2015-04-14,16.57,16.18,16.66,15.93,170835,288873152.00,4.35,-3.63,-0.61,4.54
2015-04-15,16.12,15.83,16.54,15.80,130869,220176932.00,4.57,-2.16,-0.35,3.48
2015-04-16,15.52,15.86,16.26,14.33,139648,228038526.00,12.19,0.19,0.03,3.71
2015-04-17,15.92,15.32,16.12,15.23,143009,232799108.00,5.61,-3.40,-0.54,3.80
2015-04-20,14.93,15.36,15.70,14.93,144850,232522838.00,5.03,0.26,0.04,3.85
2015-04-21,15.37,16.19,16.24,15.30,137119,226616188.00,6.12,5.40,0.83,3.64
2015-04-22,16.22,16.21,16.61,15.92,146126,247958950.00,4.26,0.12,0.02,3.88
2015-04-23,16.22,16.05,16.38,15.84,115618,193217663.00,3.33,-0.99,-0.16,3.07
2015-04-24,15.82,16.26,16.32,15.54,133636,223654475.00,4.86,1.31,0.21,3.55
2015-04-27,16.54,16.17,16.72,16.03,139593,237121849.00,4.24,-0.55,-0.09,3.71
2015-04-28,16.12,15.07,16.17,14.98,123576,199153373.00,7.36,-6.80,-1.10,3.28
2015-04-29,14.95,15.63,15.92,14.93,125691,202965175.00,6.57,3.72,0.56,3.34
2015-04-30,15.56,15.64,16.07,15.50,104033,171221144.00,3.65,0.06,0.01,2.77
2015-05-04,15.62,15.57,15.81,15.32,62341,101004537.00,3.13,-0.45,-0.07,1.66
2015-05-05,15.53,14.52,15.57,14.43,92373,145521583.00,7.32,-6.74,-1.05,2.46
2015-05-06,14.52,14.07,14.77,13.84,85308,128751074.00,6.40,-3.10,-0.45,2.27
2015-05-07,14.12,13.67,14.31,13.64,60768,88263503.00,4.76,-2.84,-0.40,1.62
2015-05-08,14.12,14.79,14.81,13.87,102151,152860688.00,6.88,8.19,1.12,2.72
2015-05-11,15.15,15.93,16.12,15.13,156054,256089958.00,6.69,7.71,1.14,4.15
2015-05-12,16.05,16.16,16.67,15.93,129630,219393890.00,4.65,1.44,0.23,3.45
2015-05-13,16.16,17.84,17.84,15.83,374121,676455680.00,12.44,10.40,1.68,9.94
2015-05-14,18.07,19.04,19.48,17.40,271677,518992480.00,11.66,6.73,1.20,7.22
2015-05-15,18.80,19.13,19.61,18.60,175764,349616400.00,5.30,0.47,0.09,4.67
2015-05-18,18.82,18.32,18.90,18.11,143159,273693120.00,4.13,-4.23,-0.81,3.80
2015-05-19,18.52,20.22,20.22,17.95,167006,325810688.00,12.39,10.37,1.90,4.44
2015-05-20,21.32,22.31,22.31,20.32,221582,499810096.00,9.84,10.34,2.09,5.89
2015-05-21,22.32,22.79,23.41,21.65,192702,447494432.00,7.89,2.15,0.48,5.12
2015-05-22,23.72,22.22,23.72,21.70,179233,413166672.00,8.86,-2.50,-0.57,4.76
2015-05-25,21.92,22.42,23.17,20.82,184722,418825568.00,10.58,0.90,0.20,4.91
2015-05-26,22.45,23.43,24.00,22.02,203892,482893824.00,8.83,4.50,1.01,5.42
2015-05-27,23.32,22.56,23.42,22.32,170473,400338064.00,4.69,-3.71,-0.87,4.53
2015-05-28,22.60,20.92,23.46,20.24,157608,360127744.00,14.27,-7.27,-1.64,4.19
2015-05-29,20.57,20.54,21.57,19.22,132581,280885792.00,11.23,-1.82,-0.38,3.52
2015-06-01,20.82,22.07,22.52,20.62,116048,258175352.00,9.25,7.45,1.53,3.08
2015-06-02,22.51,22.59,22.82,21.67,134041,306796928.00,5.21,2.36,0.52,3.56
2015-06-03,22.62,24.92,24.92,22.33,196644,495083472.00,11.47,10.31,2.33,5.23
2015-06-04,25.87,24.94,26.30,22.36,222350,569530400.00,15.81,0.08,0.02,5.91
2015-06-05,25.32,24.68,26.02,23.97,157991,405729168.00,8.22,-1.04,-0.26,4.20
2015-06-08,24.42,24.01,24.48,23.33,120628,295431296.00,4.66,-2.71,-0.67,3.21
2015-06-09,24.04,24.52,26.12,23.44,150427,382932960.00,11.16,2.12,0.51,4.00
2015-06-10,24.51,24.31,24.81,23.83,139620,349285792.00,4.00,-0.86,-0.21,3.71
2015-06-11,24.40,25.04,25.50,23.81,157318,394927312.00,6.95,3.00,0.73,4.18
2015-06-12,25.06,26.55,26.82,24.93,178973,480633536.00,7.55,6.03,1.51,4.76
2015-06-15,26.55,28.35,29.27,26.55,196542,569526400.00,10.24,6.78,1.80,5.22
2015-06-16,28.12,29.11,30.47,27.32,165407,488572992.00,11.11,2.68,0.76,4.40
2015-06-17,29.22,28.69,29.50,26.26,148675,425872272.00,11.13,-1.44,-0.42,3.95
2015-06-18,28.22,26.41,28.58,26.32,96055,272328032.00,7.88,-7.95,-2.28,2.55
2015-06-19,25.32,23.70,25.52,23.70,113270,284786000.00,6.89,-10.26,-2.71,3.01
2015-06-23,23.70,23.88,24.24,21.26,168516,388826416.00,12.57,0.76,0.18,4.48
2015-06-24,24.03,23.80,24.98,22.31,132253,325503472.00,11.18,-0.34,-0.08,3.52
2015-06-25,23.82,21.48,23.82,21.41,116027,269915808.00,10.13,-9.75,-2.32,3.08
2015-06-26,20.52,19.26,20.52,19.26,92716,188354656.00,5.87,-10.34,-2.22,2.46
2015-06-29,19.81,17.27,20.17,17.27,150294,276717264.00,15.06,-10.33,-1.99,3.99
2015-06-30,16.33,18.88,19.07,15.48,252002,454104432.00,20.79,9.32,1.61,6.70
2015-07-01,18.25,17.17,20.32,17.02,172784,340733728.00,17.48,-9.06,-1.71,4.59
2015-07-02,17.42,15.39,17.82,15.39,191243,318377888.00,14.15,-10.37,-1.78,5.08
2015-07-03,14.82,13.78,15.12,13.78,207046,303747600.00,8.71,-10.46,-1.61,5.50
2015-07-06,15.23,12.33,15.23,12.33,192229,269893360.00,21.04,-10.52,-1.45,5.11
2015-07-07,11.03,11.03,11.03,11.03,18844,22066324.00,0.00,-10.54,-1.30,0.50
2015-07-13,12.20,12.20,12.20,12.20,8123,10462630.00,0.00,10.61,1.17,0.22
2015-07-14,13.49,13.49,13.49,13.49,5903,8364296.00,0.00,10.57,1.29,0.16
2015-07-15,14.62,12.07,14.62,12.07,270978,373609200.00,18.90,-10.53,-1.42,7.20
2015-07-16,10.80,11.72,12.52,10.80,269366,327792208.00,14.25,-2.90,-0.35,7.16
2015-07-17,11.75,12.96,12.96,11.52,221887,293273104.00,12.29,10.58,1.24,5.90
2015-07-20,13.17,14.04,14.27,13.02,297827,427673648.00,9.65,8.33,1.08,7.92
2015-07-21,13.72,14.26,14.67,13.44,240554,358587520.00,8.76,1.57,0.22,6.39
2015-07-22,14.42,15.41,15.60,14.18,299052,462691040.00,9.96,8.06,1.15,7.95
2015-07-23,15.51,16.56,16.74,15.45,269209,453877072.00,8.37,7.46,1.15,7.16
2015-07-24,16.50,17.28,18.28,16.01,410013,731354352.00,13.71,4.35,0.72,10.90
2015-07-27,16.52,15.48,17.72,15.48,261307,458588576.00,12.96,-10.42,-1.80,6.95
2015-07-28,13.92,13.86,15.37,13.86,372468,548373072.00,9.75,-10.47,-1.62,9.90
2015-07-29,14.04,14.41,14.86,12.82,306773,440574000.00,14.72,3.97,0.55,8.15
2015-07-30,14.26,13.32,14.57,13.22,214607,317701792.00,9.37,-7.56,-1.09,5.70
2015-07-31,12.58,12.32,13.37,12.07,179845,241246959.00,9.76,-7.51,-1.00,4.78
2015-08-03,12.15,11.08,12.16,11.02,220762,266473636.00,9.25,-10.06,-1.24,5.87
2015-08-04,11.17,12.26,12.26,11.17,196756,245881422.00,9.84,10.65,1.18,5.23
2015-08-05,12.50,12.99,13.31,12.33,278362,377559248.00,7.99,5.95,0.73,7.40
2015-08-06,12.50,13.11,13.62,12.17,197757,274120400.00,11.16,0.92,0.12,5.26
2015-08-07,13.32,13.25,13.57,13.02,207203,289276448.00,4.20,1.07,0.14,5.51
2015-08-10,13.52,14.64,14.64,13.50,266788,398419216.00,8.60,10.49,1.39,7.09
2015-08-11,14.72,15.17,15.62,14.62,295520,465437136.00,6.83,3.62,0.53,7.85
2015-08-12,14.82,14.28,15.16,14.18,212531,326082080.00,6.46,-5.87,-0.89,5.65
2015-08-13,14.08,15.42,15.46,14.04,236914,365559744.00,9.94,7.98,1.14,6.30
2015-08-14,15.64,15.12,15.78,15.11,210207,337638880.00,4.35,-1.95,-0.30,5.59
2015-08-17,15.14,15.80,15.92,14.71,208973,336194544.00,8.00,4.50,0.68,5.55
2015-08-18,15.87,14.15,16.02,14.15,209820,330145120.00,11.84,-10.44,-1.65,5.58
2015-08-19,13.47,14.37,14.70,12.72,170924,245883393.00,13.99,1.55,0.22,4.54
2015-08-20,14.30,14.10,15.32,13.91,178219,269184512.00,9.81,-1.88,-0.27,4.74
2015-08-21,13.54,12.96,13.96,12.87,134562,188721589.00,7.73,-8.09,-1.14,3.58
2015-08-24,12.31,11.60,12.31,11.60,80744,100016735.00,5.48,-10.49,-1.36,2.15
2015-08-25,10.52,10.37,10.67,10.37,126674,140518348.00,2.59,-10.60,-1.23,3.37
2015-08-26,10.31,9.27,10.78,9.27,277557,289442624.00,14.56,-10.61,-1.10,7.38
2015-08-27,9.62,9.72,9.81,8.63,205008,207281839.00,12.73,4.85,0.45,5.45
2015-08-28,10.00,10.62,10.76,9.78,258957,280350096.00,10.08,9.26,0.90,6.88
2015-08-31,10.54,9.53,10.54,9.49,154776,165625521.00,9.89,-10.26,-1.09,4.11
2015-09-01,9.32,8.51,9.47,8.51,172912,164013148.00,10.07,-10.70,-1.02,4.60
2015-09-02,8.17,8.27,9.06,7.96,172630,158771807.00,12.93,-2.82,-0.24,4.59
2015-09-07,8.51,8.63,9.01,8.48,139614,131102364.00,6.41,4.35,0.36,3.71
2015-09-08,8.62,9.38,9.41,8.48,112313,106925035.00,10.78,8.69,0.75,2.99
2015-09-09,9.44,9.87,9.96,9.44,165324,172053476.00,5.54,5.22,0.49,4.39
2015-09-10,9.64,9.74,10.30,9.52,146848,156309774.00,7.90,-1.32,-0.13,3.90
2015-09-11,9.63,9.80,9.90,9.41,125783,130372495.00,5.03,0.62,0.06,3.34
2015-09-14,9.90,8.75,9.92,8.75,159257,157442528.00,11.94,-10.71,-1.05,4.23
2015-09-15,8.42,8.00,8.62,7.90,114115,101974889.00,8.23,-8.57,-0.75,3.03
2015-09-16,8.15,8.81,8.87,8.02,139555,127395267.00,10.63,10.13,0.81,3.71
2015-09-17,8.97,8.75,9.37,8.72,164736,160976330.00,7.38,-0.68,-0.06,4.38
2015-09-18,8.87,8.95,9.01,8.60,100044,94690847.00,4.69,2.29,0.20,2.66
2015-09-21,8.78,9.91,9.91,8.63,144483,144787843.00,14.30,10.73,0.96,3.84
2015-09-22,9.91,10.03,10.37,9.75,195258,210084588.00,6.26,1.21,0.12,5.19
2015-09-25,11.02,9.92,11.02,9.82,226540,250694213.00,11.96,-1.10,-0.11,6.02
2015-09-28,9.70,10.06,10.11,9.34,107841,112871505.00,7.76,1.41,0.14,2.87
2015-09-29,9.67,9.56,9.82,9.46,72231,74648521.00,3.58,-4.97,-0.50,1.92
2015-09-30,9.68,9.55,9.72,9.44,40150,41220033.00,2.93,-0.10,-0.01,1.07
2015-10-08,9.92,10.23,10.34,9.74,106901,114958319.00,6.28,7.12,0.68,2.84
2015-10-09,10.13,10.56,10.71,10.07,144905,162106337.00,6.26,3.23,0.33,3.85
2015-10-12,10.76,11.68,11.68,10.64,220244,264375242.00,9.85,10.61,1.12,5.85
2015-10-13,11.43,11.70,11.92,11.33,129344,159839491.00,5.05,0.17,0.02,3.44
2015-10-14,11.67,11.51,11.82,11.44,86695,106841135.00,3.25,-1.62,-0.19,2.30
2015-10-15,11.50,12.37,12.64,11.42,117717,150680025.00,10.60,7.47,0.86,3.13
2015-10-16,12.46,13.22,13.31,12.18,151087,201719852.00,9.14,6.87,0.85,4.02
2015-10-19,13.20,12.95,13.28,12.78,112437,154156658.00,3.78,-2.04,-0.27,2.99
2015-10-20,13.00,13.90,14.22,13.00,171604,245926788.00,9.42,7.34,0.95,4.56
2015-10-21,14.27,13.48,15.36,13.24,375393,568795008.00,15.25,-3.02,-0.42,9.98
2015-10-22,13.82,14.87,14.90,13.82,286021,435760832.00,8.01,10.31,1.39,7.60
2015-10-23,15.42,16.43,16.43,15.42,296902,497676896.00,6.79,10.49,1.56,7.89
2015-10-26,16.64,15.75,16.80,15.02,264551,436268944.00,10.83,-4.14,-0.68,7.03
2015-10-27,15.62,15.86,16.00,14.45,174815,279168432.00,9.84,0.70,0.11,4.65
2015-10-28,15.47,14.86,16.00,14.71,136663,217592721.00,8.13,-6.31,-1.00,3.63
2015-10-29,15.07,15.07,15.34,14.72,87183,137126481.00,4.17,1.41,0.21,2.32
2015-10-30,15.03,15.20,15.48,14.42,98869,155748947.00,7.03,0.86,0.13,2.63
2015-11-02,14.32,14.20,15.00,13.85,87915,133988061.00,7.57,-6.58,-1.00,2.34
2015-11-03,14.17,14.11,14.52,13.90,81050,120666377.00,4.37,-0.63,-0.09,2.15
2015-11-04,14.32,15.19,15.47,14.22,112787,174893480.00,8.86,7.65,1.08,3.00
2015-11-05,15.12,15.14,15.72,14.96,113475,180396294.00,5.00,-0.33,-0.05,3.02
2015-11-06,15.26,15.41,15.59,15.19,101112,162019663.00,2.64,1.78,0.27,2.69
2015-11-09,15.29,16.32,16.52,15.27,192874,321851776.00,8.11,5.91,0.91,5.13
2015-11-10,16.20,16.53,16.80,15.99,169027,290043200.00,4.96,1.29,0.21,4.49
2015-11-11,16.54,16.32,16.60,16.03,95438,162035760.00,3.45,-1.27,-0.21,2.54
2015-11-12,16.50,15.92,16.62,15.48,109963,183076159.00,6.99,-2.45,-0.40,2.92
2015-11-13,15.62,15.44,15.99,15.36,82130,133586813.00,3.96,-3.02,-0.48,2.18
2015-11-16,14.65,15.68,15.71,14.65,112865,179893106.00,6.87,1.55,0.24,3.00
2015-11-17,16.47,15.23,16.49,15.08,128455,210130945.00,8.99,-2.87,-0.45,3.41
2015-11-18,15.07,14.53,15.40,14.33,85809,133616384.00,7.03,-4.60,-0.70,2.28
2015-11-19,14.61,15.16,15.17,14.60,74229,115456395.00,3.92,4.34,0.63,1.97
2015-11-20,15.13,15.04,15.48,14.96,81480,129309120.00,3.43,-0.79,-0.12,2.17
2015-11-23,15.02,15.12,15.42,14.91,79151,125782624.00,3.39,0.53,0.08,2.10
2015-11-24,15.17,15.19,15.20,14.67,62919,98210851.00,3.51,0.46,0.07,1.67
2015-11-25,15.18,15.85,16.07,15.02,141574,232016460.00,6.91,4.34,0.66,3.76
2015-11-26,16.04,16.20,16.52,15.78,138193,232419333.00,4.67,2.21,0.35,3.67
2015-11-27,16.42,17.89,17.89,15.89,478183,871871120.00,12.35,10.43,1.69,12.71
2015-11-30,18.36,19.75,19.75,17.89,510396,1003788256.00,10.40,10.40,1.86,13.57
2015-12-01,19.22,18.56,19.47,18.47,310209,606229760.00,5.06,-6.03,-1.19,8.24
2015-12-02,18.43,17.64,18.97,16.64,267562,491456064.00,12.55,-4.96,-0.92,7.11
2015-12-03,17.52,19.01,19.42,17.34,269516,517123200.00,11.79,7.77,1.37,7.16
2015-12-04,19.04,18.23,19.27,18.17,159149,304727536.00,5.79,-4.10,-0.78,4.23
2015-12-07,18.20,18.52,18.68,17.61,135290,253898324.00,5.87,1.59,0.29,3.60
2015-12-08,18.21,18.40,19.77,17.99,229529,453305024.00,9.61,-0.65,-0.12,6.10
2015-12-09,17.84,17.68,18.07,17.32,145998,267389749.00,4.08,-3.91,-0.72,3.88
2015-12-10,17.57,16.94,18.07,16.83,139895,252032403.00,7.01,-4.19,-0.74,3.72
2015-12-11,16.92,17.03,17.61,16.87,83202,148580329.00,4.37,0.53,0.09,2.21
2015-12-14,16.82,17.52,17.62,16.72,83068,148773554.00,5.28,2.88,0.49,2.21
2015-12-15,17.62,17.56,17.90,17.37,80918,148290691.00,3.03,0.23,0.04,2.15
2015-12-16,17.77,17.55,17.80,17.29,96996,176346742.00,2.90,-0.06,-0.01,2.58
2015-12-17,17.62,18.61,18.80,17.61,155905,295287200.00,6.78,6.04,1.06,4.14
2015-12-18,18.61,18.10,18.80,17.92,111541,210768824.00,4.73,-2.74,-0.51,2.96
2015-12-21,17.95,18.31,18.42,17.77,103100,193003232.00,3.59,1.16,0.21,2.74
2015-12-22,18.33,18.40,18.50,17.90,87740,165677102.00,3.28,0.49,0.09,2.33
2015-12-23,18.32,17.72,18.78,17.62,115421,218053233.00,6.30,-3.70,-0.68,3.07
2015-12-24,17.70,17.83,17.89,17.22,71826,130537818.00,3.78,0.62,0.11,1.91
2015-12-25,17.78,18.10,18.40,17.72,85524,161096042.00,3.81,1.51,0.27,2.27
2015-12-28,18.62,18.39,19.27,18.32,189344,367387728.00,5.25,1.60,0.29,5.03
2015-12-29,18.62,20.30,20.30,18.32,240286,482981680.00,10.77,10.39,1.91,6.39
2015-12-30,20.32,20.61,21.42,20.12,265437,571548640.00,6.40,1.53,0.31,7.05
2015-12-31,20.79,20.79,21.31,20.23,153729,331066320.00,5.24,0.87,0.18,4.09