2020-06-05,7.84,9.48,9.48,7.84,12832,12597986.00,25.35,46.52,3.01,0.34
2020-06-08,10.47,10.47,10.47,10.47,4911,5323524.00,0.00,10.44,0.99,0.13
2020-06-09,11.55,11.55,11.55,11.55,81848,97562685.00,0.00,10.32,1.08,2.16
2020-06-10,11.34,10.89,11.62,10.56,1779597,2031734864.00,9.18,-5.71,-0.66,47.05
2020-06-11,10.64,10.41,10.72,10.30,957085,1035347280.00,3.86,-4.41,-0.48,25.30
2020-06-12,10.07,10.47,10.71,10.07,688871,744902912.00,6.15,0.58,0.06,18.21
2020-06-15,10.28,9.90,10.41,9.88,716599,751127392.00,5.06,-5.44,-0.57,18.94
2020-06-16,10.05,9.91,10.10,9.83,418735,431244368.00,2.73,0.10,0.01,11.07
2020-06-17,9.85,9.73,9.98,9.65,458565,464038240.00,3.33,-1.82,-0.18,12.12
2020-06-18,9.76,9.62,9.78,9.55,371664,371128976.00,2.36,-1.13,-0.11,9.83
2020-06-19,9.59,9.69,9.88,9.59,375103,378863024.00,3.01,0.73,0.07,9.92
2020-06-22,9.63,9.61,9.76,9.56,292553,292693424.00,2.06,-0.83,-0.08,7.73
2020-06-23,9.65,9.61,9.69,9.59,205033,204696598.00,1.04,0.00,0.00,5.42
2020-06-24,9.61,9.40,9.64,9.39,347570,342330512.00,2.60,-2.19,-0.21,9.19
2020-06-29,9.33,9.05,9.33,9.01,331558,315535872.00,3.40,-3.72,-0.35,8.77
2020-06-30,9.05,9.12,9.23,9.05,177968,169266108.00,1.99,0.77,0.07,4.70
2020-07-01,9.14,9.10,9.20,9.04,207470,196399430.00,1.75,-0.22,-0.02,5.48
2020-07-02,9.10,9.46,9.62,9.03,479128,466064864.00,6.48,3.96,0.36,12.67
2020-07-03,9.40,9.43,9.49,9.38,302077,295954912.00,1.16,-0.32,-0.03,7.99
2020-07-06,9.45,9.74,9.78,9.45,555855,556820864.00,3.50,3.29,0.31,14.69
2020-07-07,9.79,9.72,9.84,9.57,544324,548694736.00,2.77,-0.21,-0.02,14.39
2020-07-08,9.68,9.74,9.78,9.62,399957,402931136.00,1.65,0.21,0.02,10.57
2020-07-09,9.74,10.06,10.21,9.73,610278,632340192.00,4.93,3.29,0.32,16.13
2020-07-10,10.07,9.84,10.22,9.83,445105,460469120.00,3.88,-2.19,-0.22,11.77
2020-07-13,9.87,10.02,10.10,9.81,420048,434381648.00,2.95,1.83,0.18,11.10
2020-07-14,10.02,9.79,10.10,9.69,394704,403661520.00,4.09,-2.30,-0.23,10.43
2020-07-15,9.81,9.52,9.86,9.51,316507,317063440.00,3.58,-2.76,-0.27,8.37
2020-07-16,9.56,9.24,9.71,9.20,323599,319162336.00,5.36,-2.94,-0.28,8.55
2020-07-17,9.38,9.68,9.91,9.35,483402,485513376.00,6.06,4.76,0.44,12.78
2020-07-20,9.90,10.08,10.12,9.75,633847,658303280.00,3.82,4.13,0.40,16.76
2020-07-21,10.00,9.78,10.03,9.70,466551,475120016.00,3.27,-2.98,-0.30,12.33
2020-07-22,9.70,9.88,10.00,9.66,366272,373151648.00,3.48,1.02,0.10,9.68
2020-07-23,9.76,9.63,9.79,9.51,326789,326591168.00,2.83,-2.53,-0.25,8.64
2020-07-24,9.57,9.25,9.60,9.23,305732,298637552.00,3.84,-3.95,-0.38,8.08
2020-07-27,9.28,9.16,9.34,9.10,159075,151727625.00,2.59,-0.97,-0.09,4.21
2020-07-28,9.23,9.25,9.26,9.15,107188,102767399.00,1.20,0.98,0.09,2.83
2020-07-29,9.22,9.39,9.41,9.18,158639,153702256.00,2.49,1.51,0.14,4.19
2020-07-30,9.35,9.31,9.42,9.29,137067,132973660.00,1.38,-0.85,-0.08,3.62
2020-07-31,9.29,9.37,9.40,9.26,136177,132200209.00,1.50,0.64,0.06,3.60
2020-08-03,9.36,9.50,9.52,9.36,182782,179848699.00,1.71,1.39,0.13,4.83
2020-08-04,9.52,9.43,9.53,9.38,164732,161637803.00,1.58,-0.74,-0.07,4.35
2020-08-05,9.41,9.35,9.43,9.30,142322,138309032.00,1.38,-0.85,-0.08,3.76
2020-08-06,9.32,9.30,9.36,9.26,133326,128916869.00,1.07,-0.53,-0.05,3.52
2020-08-07,9.28,9.18,9.32,9.13,148391,142000476.00,2.04,-1.29,-0.12,3.92
2020-08-10,9.14,9.24,9.26,9.14,89886,86131091.00,1.31,0.65,0.06,2.38
2020-08-11,9.24,9.19,9.33,9.18,113425,109294481.00,1.62,-0.54,-0.05,3.00
2020-08-12,9.17,9.20,9.23,9.06,129166,122780030.00,1.85,0.11,0.01,3.41
2020-08-13,9.18,9.26,9.28,9.17,96482,92723449.00,1.20,0.65,0.06,2.55
2020-08-14,9.26,9.46,9.52,9.19,207096,201860956.00,3.56,2.16,0.20,5.47
2020-08-17,9.61,9.52,9.69,9.49,236417,234770792.00,2.11,0.63,0.06,6.25
2020-08-18,9.56,9.48,9.58,9.46,149972,147876026.00,1.26,-0.42,-0.04,3.96
2020-08-19,9.49,9.42,9.54,9.38,164107,161473431.00,1.69,-0.63,-0.06,4.34
2020-08-20,9.35,9.54,9.55,9.34,162088,159690243.00,2.23,1.27,0.12,4.29
2020-08-21,9.56,9.48,9.58,9.43,134888,133409801.00,1.57,-0.63,-0.06,3.57
2020-08-24,9.51,9.48,9.57,9.44,112834,111491357.00,1.37,0.00,0.00,2.98
2020-08-25,9.47,9.48,9.54,9.44,118254,116572179.00,1.05,0.00,0.00,3.13
2020-08-26,9.52,9.74,9.90,9.49,469900,475096512.00,4.32,2.74,0.26,12.42
2020-08-27,9.83,9.65,9.86,9.54,241846,242086114.00,3.29,-0.92,-0.09,6.39
2020-08-28,9.62,9.60,9.62,9.51,158704,157599821.00,1.14,-0.52,-0.05,4.20
2020-08-31,9.64,9.53,9.69,9.52,138870,138373848.00,1.77,-0.73,-0.07,3.67
2020-09-01,9.50,9.53,9.53,9.45,90307,89050020.00,0.84,0.00,0.00,2.39
2020-09-02,9.57,9.59,9.66,9.48,163937,163117418.00,1.89,0.63,0.06,4.33
2020-09-03,9.59,9.46,9.66,9.45,143439,142208457.00,2.19,-1.36,-0.13,3.79
2020-09-04,9.35,9.35,9.38,9.26,131325,127059971.00,1.27,-1.16,-0.11,3.47
2020-09-07,9.32,9.26,9.38,9.25,97348,94272129.00,1.39,-0.96,-0.09,2.57
2020-09-08,9.26,9.36,9.40,9.17,107546,103868339.00,2.48,1.08,0.10,2.84
2020-09-09,9.28,9.15,9.30,9.15,101216,97181986.00,1.60,-2.24,-0.21,2.68
2020-09-10,9.20,8.83,9.24,8.74,125709,117979348.00,5.46,-3.50,-0.32,3.32
2020-09-11,8.80,8.86,8.91,8.75,71425,65606467.00,1.81,0.34,0.03,1.89
2020-09-14,8.89,8.87,8.94,8.83,51189,47384473.00,1.24,0.11,0.01,1.35
2020-09-15,8.88,8.89,8.91,8.82,45520,42092851.00,1.01,0.23,0.02,1.20
2020-09-16,8.87,8.99,9.11,8.84,66202,61885771.00,3.04,1.12,0.10,1.75
2020-09-17,8.95,8.94,9.02,8.88,50822,47302213.00,1.56,-0.56,-0.05,1.34
2020-09-18,8.91,8.97,9.00,8.89,53692,50020026.00,1.23,0.34,0.03,1.42
2020-09-21,8.97,8.92,8.98,8.91,46378,43137779.00,0.78,-0.56,-0.05,1.23
2020-09-22,8.88,8.78,8.88,8.77,73384,67412085.00,1.23,-1.57,-0.14,1.94
2020-09-23,8.79,8.89,8.96,8.79,62884,58251817.00,1.94,1.25,0.11,1.66
2020-09-24,8.83,8.74,8.86,8.73,62031,56676299.00,1.46,-1.69,-0.15,1.64
2020-09-25,8.78,8.60,8.79,8.56,58565,52788386.00,2.63,-1.60,-0.14,1.55
2020-09-28,8.60,8.41,8.64,8.41,58898,52221166.00,2.67,-2.21,-0.19,1.56
2020-09-29,8.42,8.41,8.49,8.41,40367,35570690.00,0.95,0.00,0.00,1.07
2020-09-30,8.42,8.37,8.47,8.35,35218,30905268.00,1.43,-0.48,-0.04,0.93
2020-10-09,8.43,8.51,8.53,8.42,43307,38423958.00,1.31,1.67,0.14,1.14
2020-10-12,8.53,8.69,8.69,8.53,64329,57950493.00,1.88,2.12,0.18,1.70
2020-10-13,8.67,8.66,8.68,8.61,41052,36975414.00,0.81,-0.35,-0.03,1.09
2020-10-14,8.66,8.56,8.66,8.54,45256,40549547.00,1.39,-1.15,-0.10,1.20
2020-10-15,8.55,8.51,8.59,8.51,39460,35186198.00,0.93,-0.58,-0.05,1.04
2020-10-16,8.51,8.51,8.54,8.46,37748,33482571.00,0.94,0.00,0.00,1.00
2020-10-19,8.58,8.48,8.59,8.48,33243,29593455.00,1.29,-0.35,-0.03,0.88
2020-10-20,8.47,8.53,8.54,8.43,36097,31944238.00,1.30,0.59,0.05,0.95
2020-10-21,8.51,8.44,8.54,8.41,41802,36873772.00,1.52,-1.06,-0.09,1.11
2020-10-22,8.43,8.41,8.44,8.37,30436,26695852.00,0.83,-0.36,-0.03,0.80
2020-10-23,8.46,8.37,8.47,8.36,37347,32765411.00,1.31,-0.48,-0.04,0.99
2020-10-26,8.36,8.30,8.36,8.26,35208,30540001.00,1.19,-0.84,-0.07,0.93
2020-10-27,8.30,8.19,8.30,8.16,47709,40933151.00,1.69,-1.33,-0.11,1.26
2020-10-28,8.19,8.22,8.24,8.12,40144,34318771.00,1.47,0.37,0.03,1.06
2020-10-29,8.15,8.22,8.24,8.10,34628,29618227.00,1.70,0.00,0.00,0.92
2020-10-30,8.32,8.34,8.58,8.28,100129,87829520.00,3.65,1.46,0.12,2.65
2020-11-02,8.38,8.42,8.49,8.31,56774,49818593.00,2.16,0.96,0.08,1.50
2020-11-03,8.42,8.51,8.55,8.40,55984,49520248.00,1.78,1.07,0.09,1.48
2020-11-04,8.51,8.40,8.53,8.38,49560,43610043.00,1.76,-1.29,-0.11,1.31
2020-11-05,8.44,8.46,8.48,8.40,45281,39933609.00,0.95,0.71,0.06,1.20
2020-11-06,8.47,8.47,8.50,8.41,43583,38443402.00,1.06,0.12,0.01,1.15
2020-11-09,8.48,8.56,8.59,8.47,74944,66801248.00,1.42,1.06,0.09,1.98
2020-11-10,8.59,8.56,8.61,8.52,51644,46067034.00,1.05,0.00,0.00,1.37
2020-11-11,8.54,8.53,8.61,8.46,65291,58092240.00,1.75,-0.35,-0.03,1.73
2020-11-12,8.53,8.44,8.55,8.42,41404,36607534.00,1.52,-1.06,-0.09,1.09
2020-11-13,8.41,8.42,8.44,8.37,28059,24611933.00,0.83,-0.24,-0.02,0.74
2020-11-16,8.43,8.55,8.56,8.42,47720,42359757.00,1.66,1.54,0.13,1.26
2020-11-17,8.55,8.60,8.66,8.52,61562,55135961.00,1.64,0.58,0.05,1.63
2020-11-18,8.59,8.57,8.66,8.54,52169,46774426.00,1.40,-0.35,-0.03,1.38
2020-11-19,8.56,8.57,8.58,8.49,34434,30678651.00,1.05,0.00,0.00,0.91
2020-11-20,8.57,8.73,8.76,8.54,111188,100901628.00,2.57,1.87,0.16,2.94
2020-11-23,8.77,8.71,8.77,8.66,64441,58433997.00,1.26,-0.23,-0.02,1.70
2020-11-24,8.72,8.66,8.72,8.65,39556,35779614.00,0.80,-0.57,-0.05,1.05
2020-11-25,8.70,8.54,8.70,8.54,51130,45984076.00,1.85,-1.39,-0.12,1.35
2020-11-26,8.55,8.57,8.62,8.54,29942,26763831.00,0.94,0.35,0.03,0.79
2020-11-27,8.60,8.57,8.61,8.49,29620,26413120.00,1.40,0.00,0.00,0.78
2020-11-30,8.53,8.55,8.62,8.53,37341,33414685.00,1.05,-0.23,-0.02,0.99
2020-12-01,8.55,8.60,8.61,8.51,36541,32645622.00,1.17,0.58,0.05,0.97
2020-12-02,8.60,8.57,8.60,8.55,31484,28158283.00,0.58,-0.35,-0.03,0.83
2020-12-03,8.57,8.58,8.61,8.53,34975,31273368.00,0.93,0.12,0.01,0.92
2020-12-04,8.59,8.55,8.61,8.52,29944,26678371.00,1.05,-0.35,-0.03,0.79
2020-12-07,8.54,8.43,8.54,8.42,48886,43274273.00,1.40,-1.40,-0.12,1.29
2020-12-08,8.43,8.38,8.46,8.37,33181,29110641.00,1.07,-0.59,-0.05,0.88
2020-12-09,8.43,8.26,8.44,8.24,44318,38497919.00,2.39,-1.43,-0.12,1.17
2020-12-10,8.30,8.30,8.32,8.23,31863,27542720.00,1.09,0.48,0.04,0.84
2020-12-11,8.29,8.18,8.29,8.10,53277,45480358.00,2.29,-1.45,-0.12,1.41
2020-12-14,8.18,8.18,8.21,8.11,27030,23100982.00,1.22,0.00,0.00,0.71
2020-12-15,8.20,8.35,8.46,8.17,45332,39481855.00,3.55,2.08,0.17,1.20
2020-12-16,8.30,8.34,8.37,8.26,28767,24986098.00,1.32,-0.12,-0.01,0.76
2020-12-17,8.34,8.34,8.37,8.21,27340,23700587.00,1.92,0.00,0.00,0.72
2020-12-18,8.31,8.19,8.42,8.19,46562,40504809.00,2.76,-1.80,-0.15,1.23
2020-12-21,8.32,8.29,8.37,8.23,32950,28544853.00,1.71,1.22,0.10,0.87
2020-12-22,8.28,8.12,8.29,8.11,48526,41553825.00,2.17,-2.05,-0.17,1.28
2020-12-23,8.12,8.17,8.18,8.10,33850,28788887.00,0.99,0.62,0.05,0.89
2020-12-24,8.17,7.95,8.19,7.94,49055,41187332.00,3.06,-2.69,-0.22,1.30
2020-12-25,8.02,7.99,8.06,7.93,30669,25700147.00,1.64,0.50,0.04,0.81
2020-12-28,7.96,7.88,8.01,7.85,41277,34126537.00,2.00,-1.38,-0.11,1.09
2020-12-29,7.86,7.90,7.93,7.85,23561,19474790.00,1.02,0.25,0.02,0.62
2020-12-30,7.89,7.87,7.92,7.85,33247,27424065.00,0.89,-0.38,-0.03,0.88
2020-12-31,7.89,7.91,7.93,7.87,33643,27848754.00,0.76,0.51,0.04,0.89