2019-01-02,5.70,5.58,5.70,5.56,710183,846903984.00,2.46,-2.11,-0.12,1.71
2019-01-03,5.58,5.65,5.79,5.58,1061827,1284108256.00,3.76,1.25,0.07,2.56
2019-01-04,5.56,6.03,6.12,5.56,2076576,2594592240.00,9.91,6.73,0.38,5.00
2019-01-07,5.99,6.05,6.10,5.95,1465678,1874854992.00,2.49,0.33,0.02,3.53
2019-01-08,6.00,6.01,6.09,5.97,863627,1103616800.00,1.98,-0.66,-0.04,2.08
2019-01-09,6.03,6.00,6.20,6.00,1321286,1707299824.00,3.33,-0.17,-0.01,3.18
2019-01-10,5.97,5.90,6.02,5.89,823437,1038844144.00,2.17,-1.67,-0.10,1.98
2019-01-11,5.92,5.97,6.00,5.90,584348,737806912.00,1.69,1.19,0.07,1.41
2019-01-14,6.01,5.91,6.03,5.88,528512,664850560.00,2.51,-1.01,-0.06,1.27
2019-01-15,5.89,6.13,6.14,5.89,1307666,1676311488.00,4.23,3.72,0.22,3.15
2019-01-16,6.13,6.05,6.16,6.03,880300,1135979872.00,2.12,-1.31,-0.08,2.12
2019-01-17,6.06,5.95,6.07,5.95,692468,880567536.00,1.98,-1.65,-0.10,1.67
2019-01-18,5.98,6.08,6.09,5.96,863756,1105470064.00,2.18,2.18,0.13,2.08
2019-01-21,6.09,6.08,6.20,6.05,952483,1234919136.00,2.47,0.00,0.00,2.29
2019-01-22,6.06,6.01,6.09,5.99,555009,709826944.00,1.64,-1.15,-0.07,1.34
2019-01-23,6.01,6.02,6.05,5.98,366023,466451936.00,1.16,0.17,0.01,0.88
2019-01-24,6.03,6.10,6.19,6.00,1018935,1320147488.00,3.16,1.33,0.08,2.45
2019-01-25,6.10,6.10,6.21,6.06,1020433,1325387984.00,2.46,0.00,0.00,2.46
2019-01-28,6.18,6.08,6.23,6.05,960300,1248620944.00,2.95,-0.33,-0.02,2.31
2019-01-29,6.04,5.97,6.05,5.90,948519,1200195776.00,2.47,-1.81,-0.11,2.28
2019-01-30,5.94,5.87,6.01,5.87,665079,837866848.00,2.35,-1.68,-0.10,1.60
2019-01-31,5.93,6.07,6.14,5.91,1228012,1570832176.00,3.92,3.41,0.20,2.96
2019-02-01,6.13,6.27,6.29,6.11,1521656,1999470384.00,2.97,3.29,0.20,3.66
2019-02-11,6.27,6.38,6.40,6.23,1432704,1920671264.00,2.71,1.75,0.11,3.45
2019-02-12,6.38,6.34,6.41,6.29,1215962,1633874784.00,1.88,-0.63,-0.04,2.93
2019-02-13,6.35,6.61,6.70,6.32,2162145,2992597504.00,5.99,4.26,0.27,5.21
2019-02-14,6.58,6.55,6.61,6.50,1143088,1584120752.00,1.66,-0.91,-0.06,2.75
2019-02-15,6.54,6.40,6.56,6.39,1238042,1699761120.00,2.60,-2.29,-0.15,2.98
2019-02-18,6.46,6.84,6.84,6.46,2078629,2929507072.00,5.94,6.88,0.44,5.00
2019-02-19,6.85,6.81,7.13,6.73,2477508,3618756784.00,5.85,-0.44,-0.03,5.96
2019-02-20,6.79,6.84,6.91,6.70,1403862,2019751872.00,3.08,0.44,0.03,3.38
2019-02-21,6.80,7.26,7.54,6.76,4250846,6512890368.00,11.40,6.14,0.42,10.23
2019-02-22,7.33,8.00,8.00,7.19,4364632,7005721088.00,11.16,10.19,0.74,10.51
2019-02-25,8.81,8.81,8.81,8.55,3013245,5557554432.00,3.25,10.13,0.81,7.25
2019-02-26,9.51,9.27,9.71,9.23,8109633,16265390336.00,5.45,5.22,0.46,19.52
2019-02-27,9.35,9.01,9.58,8.74,5910890,11431186944.00,9.06,-2.80,-0.26,14.23
2019-02-28,8.83,9.32,9.45,8.57,4815475,9167062016.00,9.77,3.44,0.31,11.59
2019-03-01,9.43,9.94,10.18,9.14,5633272,11392192256.00,11.16,6.65,0.62,13.56
2019-03-04,10.16,9.97,10.80,9.70,5927731,12622613504.00,11.07,0.30,0.03,14.27
2019-03-05,9.72,10.13,10.16,9.66,3590158,7502773760.00,5.02,1.60,0.16,8.64
2019-03-06,9.99,10.58,10.90,9.93,5275615,11317512960.00,9.58,4.44,0.45,12.70
2019-03-07,10.40,10.15,10.70,9.99,5421958,11771333632.00,6.71,-4.06,-0.43,13.05
2019-03-08,9.50,9.17,9.86,9.15,4969907,9926557952.00,7.00,-9.66,-0.98,11.97
2019-03-11,9.23,9.47,9.59,9.08,3022486,5958395136.00,5.56,3.27,0.30,7.28
2019-03-12,9.45,9.66,10.05,9.43,4301585,8818597632.00,6.55,2.01,0.19,10.36
2019-03-13,9.61,9.23,9.62,9.19,3294587,6493440768.00,4.45,-4.45,-0.43,7.93
2019-03-14,9.15,9.23,9.44,8.98,2683493,5185933056.00,4.98,0.00,0.00,6.46
2019-03-15,9.32,9.15,9.38,9.09,2207586,4293605824.00,3.14,-0.87,-0.08,5.31
2019-03-18,9.11,9.50,9.53,8.86,2887764,5607973376.00,7.32,3.83,0.35,6.95
2019-03-19,9.41,9.32,9.50,9.24,2002926,3953745440.00,2.74,-1.89,-0.18,4.82
2019-03-20,9.33,9.45,9.61,9.26,2594295,5141409536.00,3.76,1.39,0.13,6.25
2019-03-21,9.50,9.63,9.95,9.39,3631852,7407540224.00,5.93,1.90,0.18,8.74
2019-03-22,9.58,9.44,9.67,9.23,2289149,4545799680.00,4.57,-1.97,-0.19,5.51
2019-03-25,9.17,8.93,9.27,8.91,2678649,5123639808.00,3.81,-5.40,-0.51,6.45
2019-03-26,9.01,8.71,9.08,8.61,2292097,4269515600.00,5.26,-2.46,-0.22,5.52
2019-03-27,8.79,8.74,8.86,8.58,2010925,3703449264.00,3.21,0.34,0.03,4.84
2019-03-28,8.65,8.55,8.82,8.55,2146317,3908052672.00,3.09,-2.17,-0.19,5.17
2019-03-29,8.63,9.21,9.22,8.59,3904924,7366805504.00,7.37,7.72,0.66,8.87
2019-04-01,9.25,9.63,9.93,9.12,4234456,8487223808.00,8.79,4.56,0.42,9.62
2019-04-02,9.64,9.73,10.24,9.56,4505304,9344278272.00,7.06,1.04,0.10,10.23
2019-04-03,9.52,9.93,10.04,9.50,3615190,7428197376.00,5.55,2.06,0.20,8.21
2019-04-04,10.01,9.77,10.09,9.73,2579388,5344478464.00,3.63,-1.61,-0.16,5.86
2019-04-08,9.90,9.55,9.91,9.32,2818825,5680924672.00,6.04,-2.25,-0.22,6.40
2019-04-09,9.50,9.46,9.64,9.33,2066123,4111948784.00,3.25,-0.94,-0.09,4.69
2019-04-10,9.38,9.13,9.39,8.99,2936579,5633637120.00,4.23,-3.49,-0.33,6.67
2019-04-11,9.09,9.09,9.25,8.93,2189156,4179672576.00,3.50,-0.44,-0.04,4.97
2019-04-12,9.10,9.10,9.21,9.04,1643041,3158852240.00,1.87,0.11,0.01,3.73
2019-04-15,9.32,8.81,9.37,8.79,2190390,4194069600.00,6.37,-3.19,-0.29,4.97
2019-04-16,8.74,9.10,9.11,8.68,2110531,3953892416.00,4.88,3.29,0.29,4.79
2019-04-17,9.00,8.99,9.10,8.95,1452127,2755746512.00,1.65,-1.21,-0.11,3.30
2019-04-18,8.97,8.96,9.09,8.93,1109637,2104080496.00,1.78,-0.33,-0.03,2.52
2019-04-19,9.03,9.15,9.19,8.98,1523275,2911176608.00,2.34,2.12,0.19,3.46
2019-04-22,9.24,8.90,9.30,8.85,1759991,3346046336.00,4.92,-2.73,-0.25,4.00
2019-04-23,8.87,8.95,9.16,8.75,1674349,3155355232.00,4.61,0.56,0.05,3.80
2019-04-24,8.95,9.06,9.09,8.85,1438343,2723290672.00,2.68,1.23,0.11,3.27
2019-04-25,9.02,8.67,9.09,8.65,1748267,3270938672.00,4.86,-4.30,-0.39,3.97
2019-04-26,8.59,8.64,8.85,8.56,1599694,2929593264.00,3.34,-0.35,-0.03,3.63
2019-04-29,8.49,7.88,8.54,7.82,3065217,5232959488.00,8.33,-8.80,-0.76,6.96
2019-04-30,7.88,7.77,8.00,7.70,1697808,2810371888.00,3.81,-1.40,-0.11,3.86
2019-05-06,7.12,6.98,7.38,6.98,2871044,4326568960.00,5.15,-10.17,-0.79,6.52
2019-05-07,7.04,7.12,7.14,6.87,2283237,3398406896.00,3.87,2.01,0.14,5.18
2019-05-08,6.93,7.12,7.28,6.89,1673005,2518470640.00,5.48,0.00,0.00,3.80
2019-05-09,7.01,7.12,7.24,7.00,1622293,2455843776.00,3.37,0.00,0.00,3.68
2019-05-10,7.27,7.60,7.65,7.16,3098633,4873861376.00,6.88,6.74,0.48,6.81
2019-05-13,7.44,7.33,7.49,7.27,1719686,2678094480.00,2.89,-3.55,-0.27,3.78
2019-05-14,7.32,7.32,7.46,7.30,1564047,2437038320.00,2.18,-0.14,-0.01,3.42
2019-05-15,7.41,7.46,7.50,7.35,1670856,2622393696.00,2.05,1.91,0.14,3.66
2019-05-16,7.46,7.37,7.46,7.29,1331403,2072155920.00,2.28,-1.21,-0.09,2.91
2019-05-17,7.38,7.02,7.39,6.92,1794868,2708093792.00,6.38,-4.75,-0.35,3.93
2019-05-20,7.00,7.16,7.26,6.92,1572859,2359199904.00,4.84,1.99,0.14,3.44
2019-05-21,7.13,7.29,7.37,7.11,1474135,2262963120.00,3.63,1.82,0.13,3.23
2019-05-22,7.25,7.18,7.34,7.08,1364493,1733279760.00,3.57,-1.51,-0.11,2.49
2019-05-23,7.14,7.15,7.33,7.02,1597620,2017141776.00,4.32,-0.42,-0.03,2.91
2019-05-24,7.17,7.13,7.22,7.11,1168582,1471332304.00,1.54,-0.28,-0.02,2.13
2019-05-27,7.18,7.37,7.44,7.13,2506959,3220554400.00,4.35,3.37,0.24,4.57
2019-05-28,7.33,7.43,7.45,7.30,1964890,2543550944.00,2.04,0.81,0.06,3.58
2019-05-29,7.36,7.43,7.52,7.33,1617575,2111248368.00,2.56,0.00,0.00,2.95
2019-05-30,7.34,7.29,7.37,7.18,1402758,1790418160.00,2.56,-1.88,-0.14,2.56
2019-05-31,7.28,7.19,7.32,7.19,1001272,1278582176.00,1.78,-1.37,-0.10,1.83
2019-06-03,7.29,7.19,7.37,7.17,1218125,1553506864.00,2.78,0.00,0.00,2.22
2019-06-04,7.17,7.14,7.20,7.08,1113990,1397063824.00,1.67,-0.70,-0.05,2.03
2019-06-05,7.24,7.16,7.28,7.13,1208080,1529465200.00,2.10,0.28,0.02,2.20
2019-06-06,7.13,6.98,7.21,6.95,1298343,1618681456.00,3.63,-2.51,-0.18,2.37
2019-06-10,6.99,6.92,7.06,6.76,1349010,1638124256.00,4.30,-0.86,-0.06,2.46
2019-06-11,6.93,7.47,7.50,6.92,3210280,4111226592.00,8.38,7.95,0.55,5.85
2019-06-12,7.39,7.32,7.43,7.29,1876367,2427477568.00,1.87,-2.01,-0.15,3.42
2019-06-13,7.32,7.34,7.43,7.29,1497193,1937025600.00,1.91,0.27,0.02,2.73
2019-06-14,7.34,7.11,7.39,7.11,1334829,1699592128.00,3.81,-3.13,-0.23,2.43
2019-06-17,7.13,7.13,7.21,7.05,914065,1146992592.00,2.25,0.28,0.02,1.67
2019-06-18,7.14,7.21,7.26,7.04,1062581,1339462048.00,3.09,1.12,0.08,1.94
2019-06-19,7.66,7.32,7.72,7.32,3021389,3986506432.00,5.55,1.53,0.11,5.51
2019-06-20,7.32,7.76,7.94,7.32,4013383,5382732544.00,8.47,6.01,0.44,7.32
2019-06-21,7.90,8.01,8.13,7.84,3775234,5286734848.00,3.74,3.22,0.25,6.88
2019-06-24,8.02,7.87,8.04,7.81,1968295,2735736592.00,2.87,-1.75,-0.14,3.59
2019-06-25,7.85,7.84,7.94,7.62,2171713,2968672880.00,4.07,-0.38,-0.03,3.96
2019-06-26,7.63,7.69,7.78,7.60,1284164,1738541824.00,2.30,-1.91,-0.15,2.34
2019-06-27,7.75,7.78,7.96,7.75,1789280,2466605824.00,2.73,1.17,0.09,3.26
2019-06-28,7.74,7.72,7.79,7.62,1218440,1646877232.00,2.19,-0.77,-0.06,2.22
2019-07-01,8.02,7.97,8.08,7.91,2680347,3763714576.00,2.20,3.24,0.25,4.93
2019-07-02,7.96,7.89,7.98,7.85,1386844,1925671584.00,1.63,-1.00,-0.08,2.55
2019-07-03,7.86,7.70,7.86,7.66,1490679,2023689584.00,2.53,-2.41,-0.19,2.74
2019-07-04,7.73,7.74,7.81,7.67,1083139,1473130208.00,1.82,0.52,0.04,1.99
2019-07-05,7.73,7.77,7.79,7.66,991594,1348559840.00,1.68,0.39,0.03,1.82
2019-07-08,7.69,7.40,7.76,7.37,1765384,2330832528.00,5.02,-4.76,-0.37,3.25
2019-07-09,7.43,7.44,7.48,7.32,1231359,1600806784.00,2.16,0.54,0.04,2.27
2019-07-10,7.43,7.35,7.46,7.32,817710,1061299312.00,1.88,-1.21,-0.09,1.50
2019-07-11,7.42,7.36,7.50,7.33,972996,1267883584.00,2.31,0.14,0.01,1.79
2019-07-12,7.38,7.48,7.51,7.33,1038877,1359627728.00,2.45,1.63,0.12,1.91
2019-07-15,7.52,7.91,8.03,7.46,2970924,4064202576.00,7.62,5.75,0.43,5.47
2019-07-16,7.86,7.97,8.01,7.84,2049885,2859248800.00,2.15,0.76,0.06,3.77
2019-07-17,7.96,8.13,8.29,7.94,3171757,4539835136.00,4.39,2.01,0.16,5.84
2019-07-18,8.07,8.11,8.33,8.05,2719535,3916341248.00,3.44,-0.25,-0.02,5.00
2019-07-19,8.25,8.43,8.53,8.20,2690052,3945366096.00,4.07,3.95,0.32,4.95
2019-07-22,8.46,8.09,8.51,8.04,2529401,3631292208.00,5.58,-4.03,-0.34,4.65
2019-07-23,8.15,8.24,8.27,8.09,1827235,2627763200.00,2.22,1.85,0.15,3.36
2019-07-24,8.27,8.18,8.35,8.13,2389093,3458301616.00,2.67,-0.73,-0.06,4.40
2019-07-25,8.14,8.28,8.28,8.12,1540501,2223996192.00,1.96,1.22,0.10,2.83
2019-07-26,8.27,8.19,8.27,8.13,1207098,1733726048.00,1.69,-1.09,-0.09,2.22
2019-07-29,8.14,8.03,8.17,7.98,1511233,2132148784.00,2.32,-1.95,-0.16,2.78
2019-07-30,8.06,8.28,8.43,8.04,2718129,3942928912.00,4.86,3.11,0.25,5.00
2019-07-31,8.24,8.29,8.31,8.17,1475960,2136417520.00,1.69,0.12,0.01,2.72
2019-08-01,8.24,8.23,8.29,8.09,1604033,2304758960.00,2.41,-0.72,-0.06,2.95
2019-08-02,7.98,8.02,8.07,7.88,2180250,3054180736.00,2.31,-2.55,-0.21,4.01
2019-08-05,7.92,7.70,8.02,7.65,2247501,3095529504.00,4.61,-3.99,-0.32,4.13
2019-08-06,7.50,7.62,7.76,7.35,2605084,3452950528.00,5.32,-1.04,-0.08,4.79
2019-08-07,7.65,7.44,7.66,7.43,1477875,1955720480.00,3.02,-2.36,-0.18,2.72
2019-08-08,7.63,7.54,7.70,7.53,1596096,2134123696.00,2.28,1.34,0.10,2.94
2019-08-09,7.61,7.45,7.63,7.41,1218357,1606214848.00,2.92,-1.19,-0.09,2.24
2019-08-12,7.52,7.79,7.80,7.52,2006504,2703230896.00,3.76,4.56,0.34,3.69
2019-08-13,7.66,7.65,7.69,7.61,1200517,1611403360.00,1.03,-1.80,-0.14,2.21
2019-08-14,7.83,7.68,7.85,7.66,1555067,2115957456.00,2.48,0.39,0.03,2.86
2019-08-15,7.48,7.77,7.79,7.44,1681879,2255423136.00,4.56,1.17,0.09,3.09
2019-08-16,7.73,7.87,8.03,7.73,2566390,3556981552.00,3.86,1.29,0.10,4.72
2019-08-19,8.01,8.67,8.67,7.96,4837679,7089786112.00,9.02,10.17,0.80,8.90
2019-08-20,8.79,8.47,8.79,8.43,3614270,5447751680.00,4.15,-2.31,-0.20,6.65
2019-08-21,8.46,8.43,8.53,8.42,1848750,2744645600.00,1.30,-0.47,-0.04,3.40
2019-08-22,8.46,8.49,8.52,8.39,1598810,2371697792.00,1.54,0.71,0.06,2.94
2019-08-23,8.51,8.42,8.73,8.40,2287616,3428280000.00,3.89,-0.82,-0.07,4.21
2019-08-26,8.21,8.25,8.35,8.18,2126200,3078738016.00,2.02,-2.02,-0.17,3.91
2019-08-27,8.32,8.49,8.70,8.28,3042290,4532003072.00,5.09,2.91,0.24,5.60
2019-08-28,8.42,8.35,8.47,8.32,1557653,2287349024.00,1.77,-1.65,-0.14,2.87
2019-08-29,8.38,8.29,8.44,8.27,1254029,1836413888.00,2.04,-0.72,-0.06,2.31
2019-08-30,8.41,8.25,8.50,8.13,1835739,2682585280.00,4.46,-0.48,-0.04,3.38
2019-09-02,8.24,8.57,8.68,8.24,3004519,4474308608.00,5.33,3.88,0.32,5.53
2019-09-03,8.56,8.54,8.59,8.44,1958068,2923105120.00,1.75,-0.35,-0.03,3.60
2019-09-04,8.53,8.84,8.97,8.50,3578266,5488203520.00,5.50,3.51,0.30,6.58
2019-09-05,9.11,9.16,9.70,9.11,5517432,9022195968.00,6.67,3.62,0.32,10.15
2019-09-06,9.33,9.31,9.37,9.12,2942467,4767391232.00,2.73,1.64,0.15,5.41
2019-09-09,9.52,9.42,9.54,9.31,3444358,5679392000.00,2.47,1.18,0.11,6.34
2019-09-10,9.37,9.39,9.62,9.21,3009520,4939024128.00,4.35,-0.32,-0.03,5.54
2019-09-11,9.49,9.38,9.57,9.33,2643600,4372293888.00,2.56,-0.11,-0.01,4.86
2019-09-12,9.44,9.45,9.50,9.23,2197805,3614808208.00,2.88,0.75,0.07,4.04
2019-09-16,9.48,9.29,9.49,9.22,1894401,3101323312.00,2.86,-1.69,-0.16,3.49
2019-09-17,9.24,8.96,9.27,8.89,2504202,3972514240.00,4.09,-3.55,-0.33,4.61
2019-09-18,9.01,8.89,9.02,8.81,1530522,2389015056.00,2.34,-0.78,-0.07,2.82
2019-09-19,8.95,9.04,9.04,8.84,1766233,2769067968.00,2.25,1.69,0.15,3.25
2019-09-20,8.97,8.93,9.00,8.84,1567949,2452048752.00,1.77,-1.22,-0.11,2.88
2019-09-23,8.84,8.80,8.86,8.71,1622944,2492850640.00,1.68,-1.46,-0.13,2.99
2019-09-24,8.83,8.84,9.01,8.76,1985795,3089161664.00,2.84,0.45,0.04,3.65
2019-09-25,8.76,8.77,8.88,8.70,1619706,2494922160.00,2.04,-0.79,-0.07,2.98
2019-09-26,8.82,8.56,8.86,8.51,2171737,3310566768.00,3.99,-2.39,-0.21,4.00
2019-09-27,8.60,8.68,8.70,8.56,1199575,1814982832.00,1.64,1.40,0.12,2.21
2019-09-30,8.66,8.43,8.70,8.40,1157330,1737727696.00,3.46,-2.88,-0.25,2.13
2019-10-08,8.46,8.42,8.52,8.36,1146030,1697776864.00,1.90,-0.12,-0.01,2.10
2019-10-09,8.33,8.51,8.51,8.27,1147243,1691700896.00,2.85,1.07,0.09,2.11
2019-10-10,8.50,8.59,8.61,8.45,1456900,2183635376.00,1.88,0.94,0.08,2.68
2019-10-11,8.61,8.73,8.86,8.49,2328025,3553281888.00,4.31,1.63,0.14,4.27
2019-10-14,8.85,8.83,9.06,8.76,2549924,3981297392.00,3.44,1.15,0.10,4.68
2019-10-15,8.89,8.87,9.01,8.76,1865145,2900669696.00,2.83,0.45,0.04,3.42
2019-10-16,8.90,8.79,9.00,8.77,1455130,2264249200.00,2.59,-0.90,-0.08,2.67
2019-10-17,8.76,8.72,8.87,8.68,1063165,1630198448.00,2.16,-0.80,-0.07,1.95
2019-10-18,8.75,8.45,8.79,8.44,1633335,2459856240.00,4.01,-3.10,-0.27,3.00
2019-10-21,8.47,8.42,8.49,8.31,1158872,1704476064.00,2.13,-0.36,-0.03,2.13
2019-10-22,8.44,8.53,8.53,8.41,1032415,1532471424.00,1.43,1.31,0.11,1.90
2019-10-23,8.55,8.42,8.59,8.39,1087519,1621738016.00,2.34,-1.29,-0.11,2.00
2019-10-24,8.43,8.47,8.57,8.40,1081930,1609158448.00,2.02,0.59,0.05,1.99
2019-10-25,8.44,8.60,8.62,8.34,1577591,2352409440.00,3.31,1.53,0.13,2.90
2019-10-28,8.87,9.06,9.17,8.69,3792743,5936356096.00,5.58,5.35,0.46,6.96
2019-10-29,8.95,8.66,8.95,8.65,2319122,3583114528.00,3.31,-4.42,-0.40,4.26
2019-10-30,8.61,8.55,8.70,8.53,1315207,1982301760.00,1.96,-1.27,-0.11,2.41
2019-10-31,8.58,8.51,8.63,8.48,1002409,1502317488.00,1.75,-0.47,-0.04,1.84
2019-11-01,8.47,8.65,8.69,8.44,1362314,2054975120.00,2.94,1.65,0.14,2.50
2019-11-04,8.68,8.67,8.79,8.61,1323015,2018698800.00,2.08,0.23,0.02,2.43
2019-11-05,8.67,8.76,8.89,8.65,1959538,3017317584.00,2.77,1.04,0.09,3.60
2019-11-06,8.73,8.60,8.75,8.54,1325924,2012746480.00,2.40,-1.83,-0.16,2.43
2019-11-07,8.55,8.64,8.69,8.53,908264,1371897008.00,1.86,0.47,0.04,1.67
2019-11-08,8.72,8.60,8.77,8.58,1337142,2038115104.00,2.20,-0.46,-0.04,2.46
2019-11-11,8.50,8.32,8.52,8.28,1512854,2230711568.00,2.79,-3.26,-0.28,2.78
2019-11-12,8.30,8.28,8.34,8.14,1291771,1865431152.00,2.40,-0.48,-0.04,2.37
2019-11-13,8.23,8.22,8.27,8.16,824934,1189049232.00,1.33,-0.72,-0.06,1.51
2019-11-14,8.23,8.24,8.29,8.13,1003740,1447754992.00,1.95,0.24,0.02,1.84
2019-11-15,8.23,7.95,8.26,7.94,1580666,2249075536.00,3.88,-3.52,-0.29,2.90
2019-11-18,7.95,8.05,8.09,7.92,1023284,1442754768.00,2.14,1.26,0.10,1.88
2019-11-19,8.05,8.23,8.24,8.02,1281809,1835680944.00,2.73,2.24,0.18,2.35
2019-11-20,8.20,8.03,8.23,8.01,1116772,1590981152.00,2.67,-2.43,-0.20,2.05
2019-11-21,7.98,8.06,8.10,7.95,660783,931787536.00,1.87,0.37,0.03,1.21
2019-11-22,8.05,7.99,8.17,7.96,1071837,1512683856.00,2.61,-0.87,-0.07,1.97
2019-11-25,7.95,7.94,7.98,7.84,1006295,1397593312.00,1.75,-0.63,-0.05,1.85
2019-11-26,7.97,7.91,7.99,7.87,754025,1047450800.00,1.51,-0.38,-0.03,1.38
2019-11-27,7.87,7.81,7.90,7.80,802096,1103197696.00,1.26,-1.26,-0.10,1.47
2019-11-28,7.81,7.84,7.87,7.79,591374,812178608.00,1.02,0.38,0.03,1.09
2019-11-29,7.83,7.89,7.96,7.79,901130,1247150032.00,2.17,0.64,0.05,1.65
2019-12-02,7.99,7.92,8.06,7.90,1119709,1567688752.00,2.03,0.38,0.03,2.06
2019-12-03,7.86,7.99,8.00,7.83,882617,1225110080.00,2.15,0.88,0.07,1.62
2019-12-04,7.92,7.96,7.96,7.90,782859,1089612944.00,0.75,-0.38,-0.03,1.44
2019-12-05,8.01,8.15,8.18,7.99,2052589,2914481440.00,2.39,2.39,0.19,3.77
2019-12-06,8.12,8.16,8.20,8.09,1179793,1683303680.00,1.35,0.12,0.01,2.17
2019-12-09,8.20,8.09,8.20,8.07,994987,1418443088.00,1.59,-0.86,-0.07,1.83
2019-12-10,8.06,8.15,8.17,8.03,1136510,1612962000.00,1.73,0.74,0.06,2.09
2019-12-11,8.15,8.12,8.23,8.10,1328840,1902210496.00,1.60,-0.37,-0.03,2.44
2019-12-12,8.12,8.12,8.21,8.10,1108810,1584932448.00,1.35,0.00,0.00,2.04
2019-12-13,8.27,8.66,8.81,8.24,4791537,7148070144.00,7.02,6.65,0.54,8.80
2019-12-16,8.64,8.79,8.90,8.57,3461964,5299371008.00,3.81,1.50,0.13,6.36
2019-12-17,8.80,8.98,9.30,8.73,4328141,6836972032.00,6.48,2.16,0.19,7.95
2019-12-18,8.94,8.92,9.10,8.90,2822485,4449069824.00,2.23,-0.67,-0.06,5.18
2019-12-19,8.92,8.84,8.97,8.76,1996600,3097295680.00,2.35,-0.90,-0.08,3.67
2019-12-20,8.89,8.73,8.99,8.73,2310113,3592329536.00,2.94,-1.24,-0.11,4.24
2019-12-23,8.73,8.53,8.83,8.53,1882513,2870539216.00,3.44,-2.29,-0.20,3.46
2019-12-24,8.58,8.66,8.67,8.56,1162351,1755188496.00,1.29,1.52,0.13,2.13
2019-12-25,8.64,8.66,8.78,8.58,1332584,2026647536.00,2.31,0.00,0.00,2.45
2019-12-26,8.68,8.84,8.86,8.64,1639552,2509240480.00,2.54,2.08,0.18,3.01
2019-12-27,8.85,8.59,8.93,8.56,2420217,3726181408.00,4.19,-2.83,-0.25,4.44
2019-12-30,8.53,9.01,9.17,8.50,3669271,5729767680.00,7.80,4.89,0.42,6.74
2019-12-31,8.96,9.00,9.06,8.91,2081343,3279001088.00,1.66,-0.11,-0.01,3.82