2012-01-04,6.21,6.00,6.21,6.00,3432,2704967.00,3.42,-2.28,-0.14,0.23
2012-01-05,6.11,5.90,6.12,5.89,4555,3537964.00,3.83,-1.67,-0.10,0.30
2012-01-06,5.91,5.97,6.01,5.66,9537,7216269.00,5.93,1.19,0.07,0.63
2012-01-09,6.01,6.19,6.20,5.92,6354,5003984.00,4.69,3.69,0.22,0.42
2012-01-10,6.26,6.47,6.47,6.21,8137,6636944.00,4.20,4.52,0.28,0.54
2012-01-11,6.48,6.45,6.51,6.35,3696,3038544.00,2.47,-0.31,-0.02,0.25
2012-01-12,6.26,6.36,6.50,6.26,3224,2647436.00,3.72,-1.40,-0.09,0.21
2012-01-13,6.37,6.36,6.37,6.06,14287,11402383.00,4.87,0.00,0.00,0.95
2012-01-16,6.35,6.20,6.38,6.14,4869,3916976.00,3.77,-2.52,-0.16,0.32
2012-01-17,6.16,6.43,6.47,6.05,12016,9722943.00,6.77,3.71,0.23,0.80
2012-01-18,6.43,6.34,6.47,6.29,8289,6787237.00,2.80,-1.40,-0.09,0.55
2012-01-19,6.70,6.43,6.79,6.40,14783,12458682.00,6.15,1.42,0.09,0.98
2012-01-20,6.33,6.29,6.47,6.22,9736,7889087.00,3.89,-2.18,-0.14,0.65
2012-01-30,6.29,6.10,6.31,6.10,7994,6345791.00,3.34,-3.02,-0.19,0.53
2012-01-31,6.11,6.00,6.12,5.94,5289,4096143.00,2.95,-1.64,-0.10,0.35
2012-02-01,6.03,5.98,6.21,5.97,4937,3841556.00,4.00,-0.33,-0.02,0.33
2012-02-02,6.00,6.06,6.08,5.93,6154,4759469.00,2.51,1.34,0.08,0.41
2012-02-03,6.00,6.15,6.17,6.00,7709,6060929.00,2.81,1.49,0.09,0.51
2012-02-06,6.16,6.23,6.27,6.12,9286,7396748.00,2.44,1.30,0.08,0.62
2012-02-07,6.22,5.97,6.22,5.95,12644,9831941.00,4.33,-4.17,-0.26,0.84
2012-02-08,6.05,6.13,6.14,5.96,15844,12404705.00,3.02,2.68,0.16,1.05
2012-02-09,6.14,6.30,6.31,6.10,16398,13160990.00,3.43,2.77,0.17,1.09
2012-02-10,6.26,6.23,6.34,6.14,20503,16444002.00,3.17,-1.11,-0.07,1.36
2012-02-13,6.16,6.31,6.31,6.10,20440,16425332.00,3.37,1.28,0.08,1.36
2012-02-14,6.31,6.36,6.40,6.22,19091,15491618.00,2.85,0.79,0.05,1.27
2012-02-15,6.62,6.59,6.79,6.44,44761,37625041.00,5.50,3.62,0.23,2.97
2012-02-16,6.59,6.47,6.62,6.41,22595,18850909.00,3.19,-1.82,-0.12,1.50
2012-02-17,6.46,6.42,6.56,6.32,13939,11516265.00,3.71,-0.77,-0.05,0.93
2012-02-20,6.51,6.36,6.53,6.36,13486,11172719.00,2.65,-0.93,-0.06,0.90
2012-02-21,6.36,6.53,6.56,6.31,16856,13926346.00,3.93,2.67,0.17,1.12
2012-02-22,6.53,6.70,6.70,6.47,30456,25680282.00,3.52,2.60,0.17,2.02
2012-02-23,6.74,6.61,6.78,6.56,26967,22962113.00,3.28,-1.34,-0.09,1.79
2012-02-24,6.60,6.67,6.70,6.54,22522,19134445.00,2.42,0.91,0.06,1.50
2012-02-27,6.67,6.62,6.78,6.62,34538,29530022.00,2.40,-0.75,-0.05,2.29
2012-02-28,6.59,6.50,6.63,6.41,21008,17499814.00,3.32,-1.81,-0.12,1.40
2012-02-29,6.45,6.42,6.52,6.39,11800,9754696.00,2.00,-1.23,-0.08,0.78
2012-03-01,6.38,6.44,6.49,6.38,10449,8645818.00,1.71,0.31,0.02,0.69
2012-03-02,6.46,6.55,6.56,6.42,9955,8302044.00,2.17,1.71,0.11,0.66
2012-03-05,6.55,6.64,6.75,6.55,24819,21192149.00,3.05,1.37,0.09,1.65
2012-03-06,6.64,6.53,6.69,6.52,14563,12253226.00,2.56,-1.66,-0.11,0.97
2012-03-07,6.47,6.39,6.55,6.38,16285,13518916.00,2.60,-2.14,-0.14,1.08
2012-03-08,6.43,6.45,6.53,6.40,12689,10500373.00,2.03,0.94,0.06,0.84
2012-03-09,6.47,6.59,6.61,6.44,16083,13468473.00,2.64,2.17,0.14,1.07
2012-03-12,6.61,6.58,6.63,6.55,11842,9983690.00,1.21,-0.15,-0.01,0.79
2012-03-13,6.58,6.72,6.79,6.56,28260,24186611.00,3.50,2.13,0.14,1.88
2012-03-14,6.73,6.34,6.82,6.31,32762,27645681.00,7.59,-5.65,-0.38,2.18
2012-03-15,6.34,6.27,6.42,6.23,22921,18549992.00,3.00,-1.10,-0.07,1.52
2012-03-16,6.27,6.37,6.37,6.25,13656,11078803.00,1.91,1.59,0.10,0.91
2012-03-19,6.37,6.55,6.56,6.25,26136,21492037.00,4.87,2.83,0.18,1.74
2012-03-20,6.54,6.34,6.54,6.29,17251,14134791.00,3.82,-3.21,-0.21,1.15
2012-03-21,6.31,6.31,6.42,6.23,13906,11292088.00,3.00,-0.47,-0.03,0.92
2012-03-22,6.31,6.30,6.36,6.25,8912,7210540.00,1.74,-0.16,-0.01,0.59
2012-03-23,6.26,6.19,6.30,6.16,9292,7451401.00,2.22,-1.75,-0.11,0.62
2012-03-26,6.20,6.07,6.20,6.02,9200,7222326.00,2.91,-1.94,-0.12,0.61
2012-03-27,6.10,6.16,6.20,6.04,10796,8482025.00,2.64,1.48,0.09,0.72
2012-03-28,6.10,5.79,6.26,5.78,17381,13334460.00,7.79,-6.01,-0.37,1.15
2012-03-29,5.80,5.57,5.85,5.53,10944,8083134.00,5.53,-3.80,-0.22,0.73
2012-03-30,5.63,5.32,5.63,5.26,11694,8260146.00,6.64,-4.49,-0.25,0.78
2012-04-05,5.37,5.54,5.56,5.33,9559,6804351.00,4.32,4.14,0.22,0.64
2012-04-06,5.55,5.58,5.69,5.42,16225,11672707.00,4.87,0.72,0.04,1.08
2012-04-09,5.55,5.74,5.79,5.47,20420,15015923.00,5.73,2.87,0.16,1.36
2012-04-10,5.66,5.78,5.79,5.63,12730,9396697.00,2.79,0.70,0.04,0.85
2012-04-11,5.74,5.69,5.76,5.63,13485,9929980.00,2.25,-1.56,-0.09,0.90
2012-04-12,5.71,5.79,5.87,5.71,12336,9220649.00,2.81,1.76,0.10,0.82
2012-04-13,5.80,5.82,5.84,5.72,8061,6027340.00,2.07,0.52,0.03,0.54
2012-04-16,5.80,5.77,5.80,5.73,7549,5621202.00,1.20,-0.86,-0.05,0.50
2012-04-17,5.76,5.62,5.77,5.62,6743,4955291.00,2.60,-2.60,-0.15,0.45
2012-04-18,5.60,5.72,5.74,5.60,9838,7256581.00,2.49,1.78,0.10,0.65
2012-04-19,5.72,5.70,5.76,5.68,5824,4303290.00,1.40,-0.35,-0.02,0.39
2012-04-20,5.69,5.76,5.78,5.69,7143,5305773.00,1.58,1.05,0.06,0.47
2012-04-23,5.76,5.37,5.76,5.36,20241,14351943.00,6.94,-6.77,-0.39,1.34
2012-04-24,5.27,5.42,5.45,5.27,12004,8366105.00,3.35,0.93,0.05,0.80
2012-04-25,5.40,5.47,5.48,5.34,9385,6639828.00,2.58,0.92,0.05,0.62
2012-04-26,5.48,5.59,5.68,5.48,12624,9138508.00,3.66,2.19,0.12,0.84
2012-04-27,5.66,5.54,5.66,5.52,5528,3987783.00,2.50,-0.89,-0.05,0.37
2012-05-02,5.60,5.62,5.74,5.55,8905,6470971.00,3.43,1.44,0.08,0.59
2012-05-03,5.63,5.63,5.68,5.58,7221,5259841.00,1.78,0.18,0.01,0.48
2012-05-04,5.62,5.71,5.74,5.62,9364,6903076.00,2.13,1.42,0.08,0.62
2012-05-07,5.66,5.74,5.74,5.63,8491,6231953.00,1.93,0.53,0.03,0.56
2012-05-08,5.74,5.70,5.75,5.66,7110,5252064.00,1.57,-0.70,-0.04,0.47
2012-05-09,5.67,5.63,5.69,5.51,12485,9046336.00,3.16,-1.23,-0.07,0.83
2012-05-10,5.59,5.83,5.85,5.59,20848,15510560.00,4.62,3.55,0.20,1.39
2012-05-11,5.83,5.81,5.85,5.75,12843,9615380.00,1.72,-0.34,-0.02,0.85
2012-05-14,5.80,5.77,5.90,5.75,9804,7379368.00,2.58,-0.69,-0.04,0.65
2012-05-15,5.76,5.76,5.78,5.61,7243,5319423.00,2.95,-0.17,-0.01,0.48
2012-05-16,5.76,5.69,5.80,5.65,7430,5515503.00,2.60,-1.22,-0.07,0.49
2012-05-17,5.74,5.82,5.84,5.67,7162,5350399.00,2.99,2.28,0.13,0.48
2012-05-18,5.82,5.76,5.87,5.72,6836,5110267.00,2.58,-1.03,-0.06,0.45
2012-05-21,5.82,5.71,5.82,5.69,3770,2804921.00,2.26,-0.87,-0.05,0.25
2012-05-22,5.76,5.77,5.79,5.70,4784,3555028.00,1.58,1.05,0.06,0.32
2012-05-23,5.74,5.71,5.79,5.64,5888,4345493.00,2.60,-1.04,-0.06,0.39
2012-05-24,5.71,5.66,5.79,5.66,5101,3776194.00,2.28,-0.88,-0.05,0.34
2012-05-25,5.66,5.66,5.76,5.60,6578,4823858.00,2.83,0.00,0.00,0.44
2012-05-28,5.66,5.84,5.98,5.63,10518,7833095.00,6.18,3.18,0.18,0.70
2012-05-29,5.90,5.89,5.93,5.80,8462,6374646.00,2.23,0.86,0.05,0.56
2012-05-30,5.91,5.85,5.95,5.84,8705,6591279.00,1.87,-0.68,-0.04,0.58
2012-05-31,5.84,5.94,5.96,5.80,7478,5666132.00,2.74,1.54,0.09,0.50
2012-06-01,5.97,5.91,5.99,5.86,7156,5439844.00,2.19,-0.51,-0.03,0.48
2012-06-04,5.83,5.75,5.89,5.72,7326,5456368.00,2.88,-2.71,-0.16,0.49
2012-06-05,5.75,5.75,5.81,5.73,3247,2402536.00,1.39,0.00,0.00,0.22
2012-06-06,5.75,5.58,5.79,5.51,7281,5316275.00,4.87,-2.96,-0.17,0.48
2012-06-07,5.62,5.51,5.65,5.51,6696,4806721.00,2.51,-1.25,-0.07,0.44
2012-06-08,5.51,5.59,5.63,5.51,4405,3155726.00,2.18,1.45,0.08,0.29
2012-06-11,5.62,5.63,5.66,5.53,3870,2794651.00,2.33,0.72,0.04,0.26
2012-06-12,5.63,5.61,5.74,5.58,11570,8437946.00,2.84,-0.36,-0.02,0.77
2012-06-13,5.61,5.68,5.71,5.59,4008,2917329.00,2.14,1.25,0.07,0.27
2012-06-14,5.76,5.81,5.84,5.63,19732,14638422.00,3.70,2.29,0.13,1.31
2012-06-15,5.76,5.83,5.88,5.74,13283,9924760.00,2.41,0.34,0.02,0.88
2012-06-18,5.83,5.86,5.90,5.74,12526,9327226.00,2.74,0.51,0.03,0.83
2012-06-19,5.84,5.74,5.84,5.74,4740,3516488.00,1.71,-2.05,-0.12,0.31
2012-06-20,5.74,5.88,5.95,5.70,18534,13892261.00,4.36,2.44,0.14,1.23
2012-06-21,5.86,5.84,5.90,5.80,8228,6174750.00,1.70,-0.68,-0.04,0.55
2012-06-25,5.89,5.84,5.93,5.73,14077,10523591.00,3.42,0.00,0.00,0.94
2012-06-26,5.76,5.58,5.83,5.47,9800,7155680.00,6.16,-4.45,-0.26,0.65
2012-06-27,5.64,5.71,5.79,5.55,7127,5198883.00,4.30,2.33,0.13,0.47
2012-06-28,5.79,5.57,5.79,5.54,9141,6574027.00,4.38,-2.45,-0.14,0.61
2012-06-29,5.57,5.68,5.68,5.51,7663,5534299.00,3.05,1.97,0.11,0.51
2012-07-02,5.63,5.70,5.73,5.57,7859,5739785.00,2.82,0.35,0.02,0.52
2012-07-03,5.65,5.74,5.80,5.65,8350,6157523.00,2.63,0.70,0.04,0.55
2012-07-04,5.74,5.73,5.81,5.72,11560,8559025.00,1.57,-0.17,-0.01,0.77
2012-07-05,5.75,5.58,5.75,5.56,7584,5487423.00,3.32,-2.62,-0.15,0.50
2012-07-06,5.62,5.71,5.74,5.53,7671,5550665.00,3.76,2.33,0.13,0.51
2012-07-09,5.69,5.58,5.71,5.42,9418,6774996.00,5.08,-2.28,-0.13,0.62
2012-07-10,5.52,5.45,5.56,5.45,6645,4698382.00,1.97,-2.33,-0.13,0.44
2012-07-11,5.42,5.42,5.46,5.37,6267,4382716.00,1.65,-0.55,-0.03,0.41
2012-07-12,5.42,5.53,5.56,5.41,5699,4028595.00,2.77,2.03,0.11,0.38
2012-07-13,5.58,5.46,5.58,5.42,6603,4659780.00,2.89,-1.27,-0.07,0.44
2012-07-16,5.48,5.38,5.56,5.38,7671,5415343.00,3.30,-1.47,-0.08,0.51
2012-07-17,5.34,5.21,5.42,5.09,13953,9426022.00,6.13,-3.16,-0.17,0.92
2012-07-18,5.17,5.02,5.20,4.79,18316,11794791.00,7.87,-3.65,-0.19,1.21
2012-07-19,4.99,5.33,5.47,4.95,20595,13932883.00,10.36,6.18,0.31,1.36
2012-07-20,5.21,5.37,5.51,5.21,15851,10976195.00,5.63,0.75,0.04,1.05
2012-07-23,5.28,5.29,5.35,5.21,5474,3739710.00,2.61,-1.49,-0.08,0.36
2012-07-24,5.28,5.29,5.35,5.24,4159,2841249.00,2.08,0.00,0.00,0.28
2012-07-25,5.26,5.21,5.37,5.19,5724,3912960.00,3.40,-1.51,-0.08,0.38
2012-07-26,5.18,5.16,5.29,5.16,2955,1991807.00,2.50,-0.96,-0.05,0.20
2012-07-27,5.17,5.11,5.21,5.09,3102,2068634.00,2.33,-0.97,-0.05,0.21
2012-07-30,5.15,5.00,5.15,4.97,2344,1535884.00,3.52,-2.15,-0.11,0.16
2012-07-31,4.95,4.99,5.07,4.93,4157,2711552.00,2.80,-0.20,-0.01,0.28
2012-08-01,4.99,5.06,5.11,4.95,3116,2045950.00,3.21,1.40,0.07,0.21
2012-08-02,5.01,4.97,5.05,4.92,6126,3940075.00,2.57,-1.78,-0.09,0.41
2012-08-03,5.00,5.08,5.10,4.91,6401,4175679.00,3.82,2.21,0.11,0.42
2012-08-06,5.09,5.17,5.17,5.00,10224,6752771.00,3.35,1.77,0.09,0.68
2012-08-07,5.16,5.19,5.23,5.12,6417,4308976.00,2.13,0.39,0.02,0.42
2012-08-08,5.18,5.22,5.26,5.16,4433,2987307.00,1.93,0.58,0.03,0.29
2012-08-09,5.21,5.26,5.27,5.17,5219,3536277.00,1.92,0.77,0.04,0.35
2012-08-10,5.24,5.16,5.30,5.15,7382,4966704.00,2.85,-1.90,-0.10,0.49
2012-08-13,5.19,5.15,5.23,5.13,6004,4017737.00,1.94,-0.19,-0.01,0.40
2012-08-14,5.16,5.15,5.16,5.00,6413,4219761.00,3.11,0.00,0.00,0.42
2012-08-15,5.18,5.06,5.24,5.00,5125,3408645.00,4.66,-1.75,-0.09,0.34
2012-08-16,5.01,5.61,5.61,4.99,18452,13041059.00,12.25,10.87,0.55,1.22
2012-08-17,6.21,6.07,6.21,5.75,170800,132116830.00,8.20,8.20,0.46,11.30
2012-08-20,5.84,6.30,6.49,5.78,139157,110592833.00,11.70,3.79,0.23,9.21
2012-08-21,6.31,6.29,6.52,6.10,141859,113336125.00,6.67,-0.16,-0.01,9.39
2012-08-22,6.21,6.26,6.47,6.15,105593,84910976.00,5.09,-0.48,-0.03,6.99
2012-08-23,6.11,6.07,6.23,5.98,102873,80048513.00,3.99,-3.04,-0.19,6.81
2012-08-24,6.01,5.91,6.15,5.76,69748,53027262.00,6.43,-2.64,-0.16,4.62
2012-08-27,5.84,5.78,6.05,5.78,41696,31585627.00,4.57,-2.20,-0.13,2.76
2012-08-28,5.78,5.96,6.01,5.72,33340,25223543.00,5.02,3.11,0.18,2.21
2012-08-29,5.93,5.82,5.99,5.79,35029,26459082.00,3.36,-2.35,-0.14,2.32
2012-08-30,5.82,5.63,5.91,5.61,37837,27875680.00,5.15,-3.26,-0.19,2.50
2012-08-31,5.63,5.66,5.73,5.61,17085,12455109.00,2.13,0.53,0.03,1.13
2012-09-03,5.63,5.85,5.86,5.63,26390,19546996.00,4.06,3.36,0.19,1.75
2012-09-04,5.85,5.84,5.91,5.79,22724,17045727.00,2.05,-0.17,-0.01,1.50
2012-09-05,5.80,6.01,6.05,5.77,30379,23232885.00,4.79,2.91,0.17,2.01
2012-09-06,6.01,6.05,6.11,5.88,33292,25616693.00,3.83,0.67,0.04,2.20
2012-09-07,6.07,6.12,6.21,6.02,45687,35876052.00,3.14,1.16,0.07,3.02
2012-09-10,6.13,6.08,6.19,6.02,30388,23690175.00,2.78,-0.65,-0.04,2.01
2012-09-11,6.02,5.99,6.05,5.91,27486,21003074.00,2.30,-1.48,-0.09,1.82
2012-09-12,6.04,5.96,6.06,5.90,14822,11324202.00,2.67,-0.50,-0.03,0.98
2012-09-13,5.99,6.05,6.20,5.97,52750,41316041.00,3.86,1.51,0.09,3.49
2012-09-14,6.11,5.95,6.12,5.88,25753,19730368.00,3.97,-1.65,-0.10,1.70
2012-09-17,5.95,5.75,6.01,5.73,15774,11828772.00,4.71,-3.36,-0.20,1.04
2012-09-18,5.73,5.79,5.84,5.69,8175,6066382.00,2.61,0.70,0.04,0.54
2012-09-19,5.84,5.84,5.93,5.75,9365,7020477.00,3.11,0.86,0.05,0.62
2012-09-20,5.83,5.68,5.84,5.67,14009,10301926.00,2.91,-2.74,-0.16,0.93
2012-09-21,5.68,5.53,5.74,5.51,18942,13684720.00,4.05,-2.64,-0.15,1.25
2012-09-24,5.51,5.59,5.66,5.35,12719,9022644.00,5.61,1.08,0.06,0.84
2012-09-25,5.58,5.56,5.62,5.51,4587,3286576.00,1.97,-0.54,-0.03,0.30
2012-09-26,5.52,5.48,5.58,5.45,9984,7073245.00,2.34,-1.44,-0.08,0.66
2012-09-27,5.49,5.64,5.66,5.42,8107,5815822.00,4.38,2.92,0.16,0.54
2012-09-28,5.59,5.85,6.05,5.57,20934,15719407.00,8.51,3.72,0.21,1.39
2012-10-08,6.00,5.95,6.04,5.87,12204,9288142.00,2.91,1.71,0.10,0.81
2012-10-09,5.90,6.04,6.05,5.90,16023,12310407.00,2.52,1.51,0.09,1.06
2012-10-10,6.04,6.16,6.20,6.00,28682,22509961.00,3.31,1.99,0.12,1.90
2012-10-11,6.50,6.58,6.83,6.31,147790,126258660.00,8.44,6.82,0.42,9.78
2012-10-12,6.49,6.79,6.98,6.44,107737,92268345.00,8.21,3.19,0.21,7.13
2012-10-15,6.76,6.77,6.95,6.58,55584,47851810.00,5.45,-0.29,-0.02,3.68
2012-10-16,6.73,6.67,6.83,6.55,53102,45052801.00,4.14,-1.48,-0.10,3.51
2012-10-17,6.67,6.74,6.82,6.58,46122,39219661.00,3.60,1.05,0.07,3.05
2012-10-18,6.64,6.71,6.91,6.64,80015,68941744.00,4.01,-0.45,-0.03,5.30
2012-10-19,6.73,6.64,6.73,6.54,35079,29538167.00,2.83,-1.04,-0.07,2.32
2012-10-22,6.68,6.85,6.85,6.59,44584,38250197.00,3.92,3.16,0.21,2.95
2012-10-23,6.85,7.05,7.36,6.78,111581,101077630.00,8.47,2.92,0.20,7.38
2012-10-24,7.01,7.04,7.18,6.92,43554,38996111.00,3.69,-0.14,-0.01,2.88
2012-10-25,7.01,6.58,7.09,6.53,48910,41975771.00,7.95,-6.53,-0.46,3.24
2012-10-26,6.58,6.23,6.62,6.18,53211,43100081.00,6.69,-5.32,-0.35,3.52
2012-10-29,6.30,6.39,6.42,6.20,15097,12198463.00,3.53,2.57,0.16,1.00
2012-10-30,6.39,6.68,6.68,6.25,45489,37541097.00,6.73,4.54,0.29,3.01
2012-10-31,6.59,6.83,6.95,6.54,40713,35115948.00,6.14,2.25,0.15,2.69
2012-11-01,6.84,6.73,6.92,6.64,43124,36992754.00,4.10,-1.46,-0.10,2.85
2012-11-02,6.74,6.74,6.79,6.62,15847,13471023.00,2.53,0.15,0.01,1.05
2012-11-05,6.77,6.43,6.78,6.32,43704,35924622.00,6.82,-4.60,-0.31,2.89
2012-11-06,6.33,6.45,6.48,6.15,41430,33185666.00,5.13,0.31,0.02,2.74
2012-11-07,6.37,6.45,6.49,6.35,16177,13217119.00,2.17,0.00,0.00,1.07
2012-11-08,6.42,6.32,6.44,6.24,14051,11360288.00,3.10,-2.02,-0.13,0.93
2012-11-09,6.25,6.42,6.46,6.25,19962,16191463.00,3.32,1.58,0.10,1.32
2012-11-12,6.53,6.64,6.75,6.50,40861,34468807.00,3.89,3.43,0.22,2.70
2012-11-13,6.53,6.44,6.58,6.27,20423,16781995.00,4.67,-3.01,-0.20,1.35
2012-11-14,6.45,6.42,6.47,6.35,8780,7162912.00,1.86,-0.31,-0.02,0.58
2012-11-15,6.28,6.32,6.42,6.25,5956,4805411.00,2.65,-1.56,-0.10,0.39
2012-11-16,6.27,6.18,6.30,6.07,13748,10786019.00,3.64,-2.22,-0.14,0.91
2012-11-19,6.16,6.10,6.22,5.93,12945,10003562.00,4.69,-1.29,-0.08,0.86
2012-11-20,6.15,6.07,6.15,6.02,7082,5506433.00,2.13,-0.49,-0.03,0.47
2012-11-21,6.10,6.16,6.18,6.00,18253,14195131.00,2.97,1.48,0.09,1.21
2012-11-22,6.14,6.00,6.14,5.93,7422,5737795.00,3.41,-2.60,-0.16,0.49
2012-11-23,6.03,6.13,6.22,5.95,12330,9596060.00,4.50,2.17,0.13,0.82
2012-11-26,6.11,6.11,6.23,6.04,9069,7110661.00,3.10,-0.33,-0.02,0.60
2012-11-27,6.07,5.55,6.11,5.53,27588,20398837.00,9.49,-9.17,-0.56,1.83
2012-11-28,5.47,5.48,5.58,5.38,12691,8964189.00,3.60,-1.26,-0.07,0.84
2012-11-29,5.42,5.24,5.52,5.20,14741,10253632.00,5.84,-4.38,-0.24,0.98
2012-11-30,5.26,5.57,5.72,5.25,19616,13877722.00,8.97,6.30,0.33,1.30
2012-12-03,5.51,5.47,5.58,5.45,6978,4969595.00,2.33,-1.80,-0.10,0.46
2012-12-04,5.45,5.43,5.53,5.31,8908,6224322.00,4.02,-0.73,-0.04,0.59
2012-12-05,5.43,5.69,5.93,5.43,22365,16479756.00,9.21,4.79,0.26,1.48
2012-12-06,5.69,5.63,5.80,5.59,13927,10178103.00,3.69,-1.05,-0.06,0.92
2012-12-07,5.61,5.84,5.88,5.59,24111,17948252.00,5.15,3.73,0.21,1.60
2012-12-10,5.89,5.89,6.00,5.78,26029,19730826.00,3.77,0.86,0.05,1.72
2012-12-11,5.86,5.85,5.95,5.79,16000,12016895.00,2.72,-0.68,-0.04,1.06
2012-12-12,5.87,6.00,6.10,5.79,21035,15939557.00,5.30,2.56,0.15,1.39
2012-12-13,5.98,5.87,6.05,5.86,8152,6223278.00,3.17,-2.17,-0.13,0.54
2012-12-14,5.87,6.22,6.37,5.87,25376,20017568.00,8.52,5.96,0.35,1.68
2012-12-17,6.26,6.16,6.33,6.11,13869,10980367.00,3.54,-0.96,-0.06,0.92
2012-12-18,6.16,6.11,6.18,6.04,10309,8059788.00,2.27,-0.81,-0.05,0.68
2012-12-19,6.10,6.16,6.18,6.09,9659,7592037.00,1.47,0.82,0.05,0.64
2012-12-20,6.14,6.14,6.16,6.03,8414,6563861.00,2.11,-0.32,-0.02,0.56
2012-12-21,6.11,6.39,6.39,6.05,19151,15275675.00,5.54,4.07,0.25,1.27
2012-12-24,6.25,6.32,6.35,6.21,18083,14481636.00,2.19,-1.10,-0.07,1.20
2012-12-25,6.31,6.37,6.43,6.14,75650,60515350.00,4.59,0.79,0.05,5.01
2012-12-26,6.37,6.32,6.41,6.26,55259,44441562.00,2.35,-0.78,-0.05,3.66
2012-12-27,6.32,6.08,6.33,6.01,61805,48247211.00,5.06,-3.80,-0.24,4.09
2012-12-28,6.05,6.16,6.28,5.98,32399,25561392.00,4.93,1.32,0.08,2.14
2012-12-31,6.16,6.16,6.21,6.08,22933,17989456.00,2.11,0.00,0.00,1.50