2019-01-02,5.17,5.21,5.24,5.08,7836,5627295.00,3.11,1.36,0.07,0.26
2019-01-03,5.22,5.11,5.28,5.11,11371,8142797.00,3.26,-1.92,-0.10,0.37
2019-01-04,5.11,5.32,5.33,5.08,19268,14006422.00,4.89,4.11,0.21,0.63
2019-01-07,5.31,5.37,5.39,5.31,16101,11920188.00,1.50,0.94,0.05,0.53
2019-01-08,5.37,5.40,5.42,5.34,15245,11348717.00,1.49,0.56,0.03,0.50
2019-01-09,5.41,5.38,5.47,5.35,16203,12108250.00,2.22,-0.37,-0.02,0.53
2019-01-10,5.35,5.31,5.42,5.28,15410,11404039.00,2.60,-1.30,-0.07,0.51
2019-01-11,5.33,5.39,5.41,5.31,16871,12497973.00,1.88,1.51,0.08,0.55
2019-01-14,5.36,5.31,5.42,5.31,11779,8723501.00,2.04,-1.48,-0.08,0.39
2019-01-15,5.33,5.45,5.48,5.30,17327,12938339.00,3.39,2.64,0.14,0.57
2019-01-16,5.45,5.44,5.57,5.38,14502,10938792.00,3.49,-0.18,-0.01,0.48
2019-01-17,5.47,5.32,5.48,5.31,14727,10948595.00,3.13,-2.21,-0.12,0.48
2019-01-18,5.30,5.48,5.49,5.30,18642,13897021.00,3.57,3.01,0.16,0.61
2019-01-21,5.44,5.62,5.84,5.41,45342,34938687.00,7.85,2.55,0.14,1.49
2019-01-22,5.53,5.46,5.61,5.39,32295,24312651.00,3.91,-2.85,-0.16,1.06
2019-01-23,5.39,5.37,5.43,5.34,13312,9867334.00,1.65,-1.65,-0.09,0.44
2019-01-24,5.36,5.36,5.40,5.32,12803,9491090.00,1.49,-0.19,-0.01,0.42
2019-01-25,5.32,5.42,5.51,5.32,22673,16981483.00,3.54,1.12,0.06,0.75
2019-01-28,5.42,5.38,5.49,5.32,13043,9727949.00,3.14,-0.74,-0.04,0.43
2019-01-29,5.36,5.37,5.44,5.09,16683,12097715.00,6.51,-0.19,-0.01,0.55
2019-01-30,5.38,5.25,5.38,5.10,10926,7921320.00,5.21,-2.23,-0.12,0.36
2019-01-31,5.21,5.05,5.26,4.92,15708,11135188.00,6.48,-3.81,-0.20,0.52
2019-02-01,5.07,5.15,5.19,5.07,8962,6363425.00,2.38,1.98,0.10,0.29
2019-02-11,5.16,5.30,5.31,5.14,10291,7471855.00,3.30,2.91,0.15,0.34
2019-02-12,5.33,5.34,5.37,5.28,14525,10696919.00,1.70,0.75,0.04,0.48
2019-02-13,5.34,5.47,5.48,5.34,22829,17100184.00,2.62,2.43,0.13,0.75
2019-02-14,5.48,5.50,5.53,5.41,18798,14152179.00,2.19,0.55,0.03,0.62
2019-02-15,5.45,5.48,5.52,5.44,19303,14581797.00,1.45,-0.36,-0.02,0.63
2019-02-18,5.50,5.71,5.73,5.50,33677,26125486.00,4.20,4.20,0.23,1.11
2019-02-19,5.71,5.69,5.81,5.59,35889,28105567.00,3.85,-0.35,-0.02,1.18
2019-02-20,5.74,5.74,5.92,5.64,41667,32982052.00,4.92,0.88,0.05,1.37
2019-02-21,5.77,5.64,5.79,5.64,32890,25932178.00,2.61,-1.74,-0.10,1.08
2019-02-22,5.64,5.74,5.76,5.61,29689,23310685.00,2.66,1.77,0.10,0.98
2019-02-25,5.89,6.05,6.11,5.78,65744,53825172.00,5.75,5.40,0.31,2.16
2019-02-26,6.05,6.08,6.24,5.92,55816,46684186.00,5.29,0.50,0.03,1.83
2019-02-27,6.08,6.01,6.14,5.90,44142,36565400.00,3.95,-1.15,-0.07,1.45
2019-02-28,5.98,6.01,6.08,5.92,28332,23329167.00,2.66,0.00,0.00,0.93
2019-03-01,6.01,5.97,6.05,5.90,29927,24455992.00,2.50,-0.67,-0.04,0.98
2019-03-04,6.15,6.08,6.24,6.04,73574,62052162.00,3.35,1.84,0.11,2.42
2019-03-05,6.11,6.27,6.28,6.05,53917,45791321.00,3.78,3.13,0.19,1.77
2019-03-06,6.30,6.76,6.93,6.30,108080,98644258.00,10.05,7.81,0.49,3.55
2019-03-07,6.76,6.73,6.83,6.58,73883,67404877.00,3.70,-0.44,-0.03,2.43
2019-03-08,6.57,6.32,6.69,6.32,68277,60871334.00,5.50,-6.09,-0.41,2.24
2019-03-11,6.38,6.58,6.59,6.34,51757,46001135.00,3.96,4.11,0.26,1.70
2019-03-12,6.58,6.68,6.91,6.54,83236,76197091.00,5.62,1.52,0.10,2.74
2019-03-13,6.60,6.51,6.75,6.48,45839,41397802.00,4.04,-2.54,-0.17,1.51
2019-03-14,6.51,6.34,6.62,6.19,46400,40496957.00,6.61,-2.61,-0.17,1.52
2019-03-15,6.39,6.42,6.47,6.32,26590,23299198.00,2.37,1.26,0.08,0.87
2019-03-18,6.46,6.65,6.71,6.36,44798,40106723.00,5.45,3.58,0.23,1.47
2019-03-19,6.72,6.58,6.77,6.54,32887,29742309.00,3.46,-1.05,-0.07,1.08
2019-03-20,6.55,6.64,6.64,6.37,34174,30499261.00,4.10,0.91,0.06,1.12
2019-03-21,6.71,6.64,6.71,6.60,36403,33057045.00,1.66,0.00,0.00,1.20
2019-03-22,6.66,6.84,6.94,6.52,66948,61639195.00,6.33,3.01,0.20,2.20
2019-03-25,6.67,6.65,6.81,6.57,55117,50186081.00,3.51,-2.78,-0.19,1.81
2019-03-26,6.66,6.48,6.70,6.44,36430,32642695.00,3.91,-2.56,-0.17,1.20
2019-03-27,6.48,6.41,6.52,6.31,28795,25198630.00,3.24,-1.08,-0.07,0.95
2019-03-28,6.41,6.30,6.44,6.30,21842,19019656.00,2.18,-1.72,-0.11,0.72
2019-03-29,6.30,6.47,6.48,6.28,27227,23884585.00,3.17,2.70,0.17,0.89
2019-04-01,6.51,6.68,6.70,6.51,36506,33101172.00,2.94,3.25,0.21,1.20
2019-04-02,6.69,6.91,6.94,6.64,62931,58528204.00,4.49,3.44,0.23,2.07
2019-04-03,6.91,6.98,7.01,6.79,58109,54613385.00,3.18,1.01,0.07,1.91
2019-04-04,6.99,7.01,7.38,6.98,86195,83530992.00,5.73,0.43,0.03,2.83
2019-04-08,7.11,6.87,7.15,6.78,57325,54182395.00,5.28,-2.00,-0.14,1.88
2019-04-09,6.87,6.84,6.92,6.78,33045,30906967.00,2.04,-0.44,-0.03,1.09
2019-04-10,6.84,7.05,7.08,6.77,53864,50874580.00,4.53,3.07,0.21,1.77
2019-04-11,7.12,7.13,7.56,7.09,90527,90080024.00,6.67,1.13,0.08,2.98
2019-04-12,7.18,7.41,7.50,6.92,95033,93114409.00,8.13,3.93,0.28,3.12
2019-04-15,7.43,7.71,8.18,7.31,129503,135681663.00,11.74,4.05,0.30,4.26
2019-04-16,7.59,8.13,8.18,7.50,131157,139412188.00,8.82,5.45,0.42,4.31
2019-04-17,8.13,8.18,8.19,7.88,94940,102999168.00,3.81,0.62,0.05,3.12
2019-04-18,8.12,7.82,8.12,7.75,58716,63197750.00,4.52,-4.40,-0.36,1.93
2019-04-19,7.79,7.78,7.79,7.59,54656,56984287.00,2.56,-0.51,-0.04,1.80
2019-04-22,7.81,7.57,7.93,7.51,42868,44747416.00,5.40,-2.70,-0.21,1.41
2019-04-23,7.57,7.60,7.81,7.28,46757,48420183.00,7.00,0.40,0.03,1.54
2019-04-24,7.61,7.68,7.68,7.42,29786,30472056.00,3.42,1.05,0.08,0.98
2019-04-25,7.61,7.34,7.67,7.28,26898,27218615.00,5.08,-4.43,-0.34,0.88
2019-04-26,7.27,7.26,7.43,7.13,29509,29216765.00,4.09,-1.09,-0.08,0.97
2019-04-29,7.24,7.14,7.34,6.98,25149,24538204.00,4.96,-1.65,-0.12,0.83
2019-04-30,7.14,7.05,7.24,6.98,21241,20611610.00,3.64,-1.26,-0.09,0.70
2019-05-06,6.82,6.31,6.88,6.31,32308,28662911.00,8.09,-10.50,-0.74,1.06
2019-05-07,6.48,6.31,6.63,6.12,40724,35670370.00,8.08,0.00,0.00,1.34
2019-05-08,6.08,6.15,6.34,6.08,31063,26418837.00,4.12,-2.54,-0.16,1.02
2019-05-09,6.14,6.14,6.27,6.12,23018,19497239.00,2.44,-0.16,-0.01,0.76
2019-05-10,6.18,6.79,6.79,6.18,53779,48972854.00,9.93,10.59,0.65,1.77
2019-05-13,7.09,6.84,7.18,6.74,92362,87071392.00,6.48,0.74,0.05,3.04
2019-05-14,6.48,6.58,6.70,6.48,50937,45913537.00,3.22,-3.80,-0.26,1.67
2019-05-15,6.61,6.67,6.77,6.61,42108,38409275.00,2.43,1.37,0.09,1.38
2019-05-16,6.68,6.73,6.74,6.61,32681,29819462.00,1.95,0.90,0.06,1.07
2019-05-17,6.71,6.36,6.78,6.35,42900,38175529.00,6.39,-5.50,-0.37,1.41
2019-05-20,6.32,6.55,6.58,6.32,24176,21384111.00,4.09,2.99,0.19,0.79
2019-05-21,6.57,6.65,6.78,6.55,25577,23395110.00,3.51,1.53,0.10,0.84
2019-05-22,6.59,6.69,6.74,6.59,24026,21864307.00,2.26,0.60,0.04,0.79
2019-05-23,6.68,6.54,6.68,6.48,16822,15041824.00,2.99,-2.24,-0.15,0.55
2019-05-24,6.54,6.44,6.59,6.30,22942,20275433.00,4.43,-1.53,-0.10,0.75
2019-05-27,6.53,6.59,6.65,6.40,25205,22525244.00,3.88,2.33,0.15,0.83
2019-05-28,6.61,6.58,6.71,6.52,31921,28909249.00,2.88,-0.15,-0.01,1.05
2019-05-29,6.59,6.54,6.65,6.52,24489,21981080.00,1.98,-0.61,-0.04,0.80
2019-05-30,6.51,6.42,6.54,6.36,20282,17805570.00,2.75,-1.83,-0.12,0.67
2019-05-31,6.38,6.45,6.58,6.33,19645,17383530.00,3.89,0.47,0.03,0.65
2019-06-03,6.58,6.33,6.58,6.25,22208,19351664.00,5.12,-1.86,-0.12,0.73
2019-06-04,6.30,6.08,6.32,6.07,23386,19771937.00,3.95,-3.95,-0.25,0.77
2019-06-05,6.12,6.45,6.54,6.12,35571,30945560.00,6.91,6.09,0.37,1.17
2019-06-06,6.45,6.30,6.46,6.16,20516,17656148.00,4.65,-2.33,-0.15,0.67
2019-06-10,6.35,6.24,6.38,6.18,16441,14070961.00,3.17,-0.95,-0.06,0.54
2019-06-11,6.24,6.46,6.48,6.23,24340,21239665.00,4.01,3.53,0.22,0.80
2019-06-12,6.46,6.53,6.64,6.37,33644,22765877.00,4.18,1.08,0.07,0.85
2019-06-13,6.53,6.58,6.81,6.47,34324,23516875.00,5.21,0.77,0.05,0.87
2019-06-14,6.58,6.33,6.68,6.27,37962,25222083.00,6.23,-3.80,-0.25,0.96
2019-06-17,6.35,6.40,6.71,6.23,27946,18694990.00,7.58,1.11,0.07,0.71
2019-06-18,6.48,7.06,7.06,6.47,46715,33524937.00,9.22,10.31,0.66,1.18
2019-06-19,7.79,7.79,7.79,7.69,107341,86177803.00,1.42,10.34,0.73,2.71
2019-06-20,8.59,8.59,8.59,8.59,34337,30319606.00,0.00,10.27,0.80,0.87
2019-07-05,9.47,9.47,9.47,9.47,3835,3723814.00,0.00,10.24,0.88,0.10
2019-07-08,10.44,10.44,10.44,9.57,485662,513628160.00,9.19,10.24,0.97,12.28
2019-07-09,10.14,9.51,10.96,9.46,536980,555330352.00,14.37,-8.91,-0.93,13.57
2019-07-10,9.21,9.86,10.49,8.96,611518,617096736.00,16.09,3.68,0.35,15.46
2019-07-11,9.81,10.87,10.87,9.81,701374,762455360.00,10.75,10.24,1.01,17.73
2019-07-12,10.96,10.06,11.11,9.76,619817,650210320.00,12.42,-7.45,-0.81,15.67
2019-07-15,9.65,11.09,11.09,9.44,627509,662236816.00,16.40,10.24,1.03,15.86
2019-07-16,10.96,11.29,12.22,10.76,721065,844444640.00,13.17,1.80,0.20,18.23
2019-07-17,10.48,10.90,11.62,10.26,551091,605986320.00,12.05,-3.45,-0.39,13.93
2019-07-18,10.96,11.46,12.01,10.96,592015,698634688.00,9.63,5.14,0.56,14.97
2019-07-19,10.89,10.29,11.56,10.29,486461,539143360.00,11.08,-10.21,-1.17,12.30
2019-07-22,9.89,9.32,9.89,9.24,361981,350273056.00,6.32,-9.43,-0.97,9.15
2019-07-23,9.32,9.16,9.41,8.90,263972,247371148.00,5.47,-1.72,-0.16,6.67
2019-07-24,9.20,9.17,9.33,9.06,233873,220877619.00,2.95,0.11,0.01,5.91
2019-07-25,8.91,8.96,9.09,8.81,204027,187592389.00,3.05,-2.29,-0.21,5.16
2019-07-26,8.91,8.81,8.96,8.73,182658,165209141.00,2.57,-1.67,-0.15,4.62
2019-07-29,8.79,8.68,8.83,8.67,115104,103172261.00,1.82,-1.48,-0.13,2.91
2019-07-30,8.73,8.63,8.81,8.60,163912,146279966.00,2.42,-0.58,-0.05,4.14
2019-07-31,8.57,8.51,8.59,8.28,176264,152876108.00,3.59,-1.39,-0.12,4.46
2019-08-01,8.40,8.33,8.52,8.26,138877,119642570.00,3.06,-2.12,-0.18,3.51
2019-08-02,8.58,8.66,8.90,8.36,308312,273499184.00,6.48,3.96,0.33,7.79
2019-08-05,8.29,8.38,8.82,8.06,222586,195112728.00,8.78,-3.23,-0.28,5.63
2019-08-06,8.13,8.45,8.58,7.98,224083,191953619.00,7.16,0.84,0.07,5.66
2019-08-07,8.49,8.90,9.05,8.14,327064,290388192.00,10.77,5.33,0.45,8.27
2019-08-08,8.69,8.73,9.29,8.36,364053,331886432.00,10.45,-1.91,-0.17,9.20
2019-08-09,8.76,8.58,9.11,8.50,237813,214553479.00,6.99,-1.72,-0.15,6.01
2019-08-12,8.46,8.40,8.69,8.17,181531,155794921.00,6.06,-2.10,-0.18,4.59
2019-08-13,8.31,8.36,8.40,8.16,142583,121810987.00,2.86,-0.48,-0.04,3.60
2019-08-14,8.46,8.46,8.60,8.31,171488,148695792.00,3.47,1.20,0.10,4.34
2019-08-15,8.26,8.35,8.39,8.17,107341,91714101.00,2.60,-1.30,-0.11,2.71
2019-08-16,8.56,9.21,9.21,8.55,210871,193650836.00,7.90,10.30,0.86,5.33
2019-08-19,9.15,9.69,10.04,8.94,422988,411779680.00,11.94,5.21,0.48,10.69
2019-08-20,9.48,9.53,9.71,9.37,263494,257071436.00,3.51,-1.65,-0.16,6.66
2019-08-21,9.42,9.34,9.53,9.22,183498,175838577.00,3.25,-1.99,-0.19,4.64
2019-08-22,9.36,9.31,9.42,9.17,137035,130598423.00,2.68,-0.32,-0.03,3.46
2019-08-23,9.32,9.34,9.77,9.24,246548,240621148.00,5.69,0.32,0.03,6.23
2019-08-26,9.15,9.13,9.68,9.08,172383,164946424.00,6.42,-2.25,-0.21,4.36
2019-08-27,9.11,9.21,9.31,9.02,153934,144842312.00,3.18,0.88,0.08,3.89
2019-08-28,9.21,9.04,9.21,9.01,113798,106059898.00,2.17,-1.85,-0.17,2.88
2019-08-29,9.04,9.09,9.20,8.97,100049,93173391.00,2.54,0.55,0.05,2.53
2019-08-30,9.06,8.72,9.13,8.57,156783,142766767.00,6.16,-4.07,-0.37,3.96
2019-09-02,8.71,8.80,8.81,8.56,85122,76192462.00,2.87,0.92,0.08,2.15
2019-09-03,8.91,8.79,9.01,8.66,94025,85390411.00,3.98,-0.11,-0.01,2.38
2019-09-04,8.76,9.10,9.10,8.65,143188,130959434.00,5.12,3.53,0.31,3.62
2019-09-05,9.08,9.23,9.26,9.02,174263,163995456.00,2.64,1.43,0.13,4.41
2019-09-06,9.24,9.37,9.62,9.05,186745,178273649.00,6.18,1.52,0.14,4.72
2019-09-09,9.31,9.44,9.49,9.22,163309,156748633.00,2.88,0.75,0.07,4.13
2019-09-10,9.44,9.38,9.54,9.31,156195,151024616.00,2.44,-0.64,-0.06,3.95
2019-09-11,9.36,9.10,9.39,9.09,139171,131963453.00,3.20,-2.99,-0.28,3.52
2019-09-12,9.19,9.66,10.03,9.16,334008,332333216.00,9.56,6.15,0.56,8.44
2019-09-16,9.56,9.59,9.79,9.51,204255,201438197.00,2.90,-0.72,-0.07,5.16
2019-09-17,9.60,10.01,10.20,9.47,338250,340730384.00,7.61,4.38,0.42,8.55
2019-09-18,9.88,10.36,10.64,9.71,333752,348941776.00,9.29,3.50,0.35,8.44
2019-09-19,10.21,10.32,10.52,9.99,219913,230040767.00,5.12,-0.39,-0.04,5.56
2019-09-20,10.17,9.82,10.32,9.78,188548,192557681.00,5.23,-4.84,-0.50,4.77
2019-09-23,9.67,9.58,9.75,9.47,109438,107402761.00,2.85,-2.44,-0.24,2.77
2019-09-24,9.57,9.50,9.66,9.45,109373,106966419.00,2.19,-0.84,-0.08,2.76
2019-09-25,9.42,8.95,9.46,8.81,136827,128025328.00,6.84,-5.79,-0.55,3.46
2019-09-26,8.96,8.51,9.03,8.38,119265,105611680.00,7.26,-4.92,-0.44,3.01
2019-09-27,8.52,8.57,8.64,8.45,55142,48606882.00,2.23,0.71,0.06,1.39
2019-09-30,8.91,8.82,9.35,8.77,106583,98851455.00,6.77,2.92,0.25,2.69
2019-10-08,8.86,8.82,8.93,8.63,63251,57000658.00,3.40,0.00,0.00,1.60
2019-10-09,8.76,8.78,8.80,8.57,54990,49150366.00,2.61,-0.45,-0.04,1.39
2019-10-10,8.87,8.94,9.00,8.81,70224,64424521.00,2.16,1.82,0.16,1.78
2019-10-11,8.91,8.90,8.98,8.77,49311,44903202.00,2.35,-0.45,-0.04,1.25
2019-10-14,8.91,8.93,8.98,8.90,60133,55126437.00,0.90,0.34,0.03,1.52
2019-10-15,8.94,8.70,9.00,8.67,61016,55206346.00,3.70,-2.58,-0.23,1.54
2019-10-16,8.73,8.62,8.79,8.61,42429,37985853.00,2.07,-0.92,-0.08,1.07
2019-10-17,8.65,8.53,8.68,8.49,36876,32424048.00,2.20,-1.04,-0.09,0.93
2019-10-18,8.53,8.37,8.57,8.27,50900,43895471.00,3.52,-1.88,-0.16,1.29
2019-10-21,8.35,8.23,8.35,7.78,53090,44054253.00,6.81,-1.67,-0.14,1.34
2019-10-22,8.14,8.22,8.36,8.14,27689,23444162.00,2.67,-0.12,-0.01,0.70
2019-10-23,8.25,8.36,8.49,8.22,46265,39834448.00,3.28,1.70,0.14,1.17
2019-10-24,8.35,8.19,8.35,8.12,34287,28956148.00,2.75,-2.03,-0.17,0.87
2019-10-25,8.26,8.27,8.28,8.15,27142,22984014.00,1.59,0.98,0.08,0.69
2019-10-28,8.22,8.38,8.38,8.22,44334,37882471.00,1.93,1.33,0.11,1.12
2019-10-29,8.38,8.19,8.38,8.16,38205,32427042.00,2.63,-2.27,-0.19,0.97
2019-10-30,8.15,7.99,8.16,7.92,34334,28365621.00,2.93,-2.44,-0.20,0.87
2019-10-31,8.02,7.86,8.10,7.86,29203,23977686.00,3.00,-1.63,-0.13,0.74
2019-11-01,7.86,8.13,8.14,7.86,40596,33631853.00,3.56,3.44,0.27,1.03
2019-11-04,8.15,8.00,8.15,7.99,32424,26858577.00,1.97,-1.60,-0.13,0.82
2019-11-05,7.96,7.95,8.01,7.86,28467,23266439.00,1.88,-0.63,-0.05,0.72
2019-11-06,7.93,7.84,7.99,7.79,27097,22034031.00,2.52,-1.38,-0.11,0.69
2019-11-07,7.85,8.06,8.39,7.81,54692,45772912.00,7.40,2.81,0.22,1.38
2019-11-08,8.02,7.97,8.10,7.95,34343,28304359.00,1.86,-1.12,-0.09,0.87
2019-11-11,7.91,7.80,7.96,7.77,27916,22549816.00,2.38,-2.13,-0.17,0.71
2019-11-12,7.80,7.64,7.86,7.54,35530,27917937.00,4.10,-2.05,-0.16,0.90
2019-11-13,7.61,7.71,7.78,7.51,30256,23861728.00,3.53,0.92,0.07,0.76
2019-11-14,7.64,7.68,7.76,7.58,20024,15875465.00,2.33,-0.39,-0.03,0.51
2019-11-15,7.66,7.77,7.99,7.63,43714,35422496.00,4.69,1.17,0.09,1.11
2019-11-18,7.70,7.80,7.81,7.67,25658,20514920.00,1.80,0.39,0.03,0.65
2019-11-19,7.80,7.89,7.90,7.74,28476,23009756.00,2.05,1.15,0.09,0.72
2019-11-20,7.85,8.04,8.11,7.82,50523,41423597.00,3.68,1.90,0.15,1.28
2019-11-21,7.97,7.87,7.97,7.85,34086,27792009.00,1.49,-2.11,-0.17,0.86
2019-11-22,7.87,7.78,7.92,7.72,26023,20964125.00,2.54,-1.14,-0.09,0.66
2019-11-25,7.75,7.71,7.75,7.60,23670,18685258.00,1.93,-0.90,-0.07,0.60
2019-11-26,7.72,7.71,7.76,7.66,12939,10288973.00,1.30,0.00,0.00,0.33
2019-11-27,7.76,7.90,8.01,7.71,38233,31073599.00,3.89,2.46,0.19,0.97
2019-11-28,7.80,7.80,7.87,7.78,19328,15578004.00,1.14,-1.27,-0.10,0.49
2019-11-29,7.75,7.68,7.81,7.65,20058,15940796.00,2.05,-1.54,-0.12,0.51
2019-12-02,7.68,7.67,7.73,7.65,11901,9432488.00,1.04,-0.13,-0.01,0.30
2019-12-03,7.66,7.75,7.81,7.64,15699,12521430.00,2.22,1.04,0.08,0.40
2019-12-04,7.76,8.12,8.26,7.75,78012,64143006.00,6.58,4.77,0.37,1.97
2019-12-05,8.04,8.04,8.07,7.98,48378,39941976.00,1.11,-0.99,-0.08,1.22
2019-12-06,8.08,8.02,8.08,7.98,31063,25681097.00,1.24,-0.25,-0.02,0.79
2019-12-09,7.98,8.01,8.06,7.95,23549,19426469.00,1.37,-0.12,-0.01,0.60
2019-12-10,7.99,7.91,7.99,7.83,43434,35366010.00,2.00,-1.25,-0.10,1.10
2019-12-11,7.93,7.72,7.93,7.71,56580,45447265.00,2.78,-2.40,-0.19,1.43
2019-12-12,7.72,7.66,7.75,7.62,49689,39270067.00,1.68,-0.78,-0.06,1.26
2019-12-13,7.68,7.72,7.73,7.63,36585,28976889.00,1.31,0.78,0.06,0.92
2019-12-16,7.72,7.88,7.90,7.72,47749,38546082.00,2.33,2.07,0.16,1.21
2019-12-17,7.86,7.98,8.02,7.86,62791,51498712.00,2.03,1.27,0.10,1.59
2019-12-18,7.98,8.01,8.11,7.92,66778,55095912.00,2.38,0.38,0.03,1.69
2019-12-19,8.00,8.03,8.06,7.97,49834,41129195.00,1.12,0.25,0.02,1.26
2019-12-20,8.08,7.97,8.22,7.97,73734,61602312.00,3.11,-0.75,-0.06,1.86
2019-12-23,8.01,7.72,8.01,7.71,43842,35400198.00,3.76,-3.14,-0.25,1.11
2019-12-24,7.72,7.84,7.86,7.72,28845,23184284.00,1.81,1.55,0.12,0.73
2019-12-25,7.91,7.91,7.93,7.81,30760,24969517.00,1.53,0.89,0.07,0.78
2019-12-26,7.88,8.12,8.13,7.87,67527,55906818.00,3.29,2.65,0.21,1.71
2019-12-27,8.19,8.00,8.21,7.99,61837,51601941.00,2.71,-1.48,-0.12,1.56
2019-12-30,8.05,8.16,8.36,8.05,74480,62655320.00,3.88,2.00,0.16,1.88
2019-12-31,8.13,8.24,8.25,8.07,57823,48655380.00,2.21,0.98,0.08,1.46