2015-01-05,9.14,9.34,9.43,8.72,33360,38772929.00,7.77,2.19,0.20,1.50
2015-01-06,9.25,9.51,9.68,8.98,39381,46780965.00,7.49,1.82,0.17,1.77
2015-01-07,9.47,9.53,9.63,9.36,24888,29974641.00,2.84,0.21,0.02,1.12
2015-01-08,9.50,9.44,9.61,9.37,19016,22909465.00,2.52,-0.94,-0.09,0.86
2015-01-09,9.38,9.39,9.85,9.31,24119,29302406.00,5.72,-0.53,-0.05,1.09
2015-01-12,9.35,9.10,9.39,8.93,17834,20855437.00,4.90,-3.09,-0.29,0.80
2015-01-13,9.11,9.32,9.39,9.01,17859,21037832.00,4.18,2.42,0.22,0.80
2015-01-14,9.30,9.15,9.50,9.09,13590,16041291.00,4.40,-1.82,-0.17,0.61
2015-01-15,9.20,9.23,9.39,9.12,11503,13582656.00,2.95,0.87,0.08,0.52
2015-01-16,9.32,9.47,9.49,9.28,18802,22500061.00,2.28,2.60,0.24,0.85
2015-01-19,9.41,9.34,9.73,9.16,30538,36785372.00,6.02,-1.37,-0.13,1.38
2015-01-20,9.37,9.85,9.87,9.37,34539,42261280.00,5.35,5.46,0.51,1.56
2015-01-21,10.00,10.04,10.11,9.87,39371,49351693.00,2.44,1.93,0.19,1.77
2015-01-22,9.93,10.18,10.21,9.91,34559,43727448.00,2.99,1.39,0.14,1.56
2015-01-23,10.23,9.96,10.30,9.87,33622,42388223.00,4.22,-2.16,-0.22,1.52
2015-01-26,9.97,10.40,10.57,9.93,39163,50459123.00,6.43,4.42,0.44,1.77
2015-01-27,10.40,10.32,10.54,10.15,24013,30924797.00,3.75,-0.77,-0.08,1.08
2015-01-28,10.36,10.08,10.40,10.02,24735,31508917.00,3.68,-2.33,-0.24,1.11
2015-01-29,9.99,10.00,10.16,9.97,14394,18121663.00,1.88,-0.79,-0.08,0.65
2015-01-30,10.02,9.77,10.18,9.75,15247,19052608.00,4.30,-2.30,-0.23,0.69
2015-02-02,9.70,9.84,9.99,9.59,13769,17053625.00,4.09,0.72,0.07,0.62
2015-02-03,9.84,10.04,10.12,9.84,18398,23135190.00,2.85,2.03,0.20,0.83
2015-02-04,10.01,10.23,10.29,10.01,26774,34110396.00,2.79,1.89,0.19,1.21
2015-02-05,10.25,10.20,10.35,10.17,28553,36598360.00,1.76,-0.29,-0.03,1.29
2015-02-06,10.19,9.74,10.19,9.71,23967,29824636.00,4.71,-4.51,-0.46,1.08
2015-02-09,9.69,9.34,9.83,9.31,14002,17004762.00,5.34,-4.11,-0.40,0.63
2015-02-10,9.50,9.59,9.62,9.39,10466,12605874.00,2.46,2.68,0.25,0.47
2015-02-11,9.60,9.70,9.88,9.53,17940,22009068.00,3.65,1.15,0.11,0.81
2015-02-12,9.75,9.81,9.84,9.62,12049,14833596.00,2.27,1.13,0.11,0.54
2015-02-13,9.85,10.42,10.59,9.85,41779,53672975.00,7.54,6.22,0.61,1.88
2015-02-16,10.45,10.80,11.02,10.33,48037,63920774.00,6.62,3.65,0.38,2.17
2015-02-17,10.81,10.68,10.83,10.53,25712,34020984.00,2.78,-1.11,-0.12,1.16
2015-02-25,10.67,10.52,10.78,10.46,20865,27480155.00,3.00,-1.50,-0.16,0.94
2015-02-26,10.62,10.67,10.84,10.50,20867,27584278.00,3.23,1.43,0.15,0.94
2015-02-27,10.72,10.75,10.79,10.60,22817,30237718.00,1.78,0.75,0.08,1.03
2015-03-02,10.82,10.96,10.97,10.71,36325,48783981.00,2.42,1.95,0.21,1.64
2015-03-03,10.94,10.99,11.70,10.73,55597,76203844.00,8.85,0.27,0.03,2.51
2015-03-04,11.18,11.21,11.25,10.95,39303,53726369.00,2.73,2.00,0.22,1.77
2015-03-05,11.23,11.11,11.29,10.88,28353,38547465.00,3.66,-0.89,-0.10,1.28
2015-03-06,11.11,10.74,11.28,10.66,40680,54849894.00,5.58,-3.33,-0.37,1.83
2015-03-09,10.78,10.95,11.04,10.61,29284,39280294.00,4.00,1.96,0.21,1.32
2015-03-10,10.90,11.08,11.23,10.79,48224,65403077.00,4.02,1.19,0.13,2.17
2015-03-11,11.06,11.39,11.54,10.97,68282,94461022.00,5.14,2.80,0.31,3.08
2015-03-12,11.40,11.11,11.53,11.05,44014,60628910.00,4.21,-2.46,-0.28,1.98
2015-03-13,11.14,11.72,11.75,11.14,64516,90120716.00,5.49,5.49,0.61,2.91
2015-03-16,11.83,11.85,11.99,11.60,85993,123441232.00,3.33,1.11,0.13,3.88
2015-03-17,11.87,11.85,12.23,11.55,83548,120434048.00,5.74,0.00,0.00,3.77
2015-03-18,11.87,12.01,12.08,11.67,74532,107614722.00,3.46,1.35,0.16,3.36
2015-03-19,11.95,12.08,12.34,11.73,84049,122694087.00,5.08,0.58,0.07,3.79
2015-03-20,11.95,12.18,12.37,11.95,67337,98751217.00,3.48,0.83,0.10,3.04
2015-03-23,12.18,12.61,12.72,12.05,100965,150809428.00,5.50,3.53,0.43,4.55
2015-03-24,12.62,12.29,12.67,11.71,105679,156303222.00,7.61,-2.54,-0.32,4.76
2015-03-25,12.15,12.69,12.82,11.95,100336,150739306.00,7.08,3.25,0.40,4.52
2015-03-26,12.54,12.99,13.13,12.10,114688,173293311.00,8.12,2.36,0.30,5.17
2015-03-27,12.95,13.00,13.33,12.63,84150,130378901.00,5.39,0.08,0.01,3.79
2015-03-30,12.94,12.71,13.11,12.66,74773,115275507.00,3.46,-2.23,-0.29,3.37
2015-03-31,12.71,13.97,14.24,12.59,205426,331881856.00,12.98,9.91,1.26,9.26
2015-04-01,13.65,13.93,14.14,13.48,135940,222208751.00,4.72,-0.29,-0.04,6.13
2015-04-02,13.85,14.13,14.35,13.62,127627,210936029.00,5.24,1.44,0.20,5.75
2015-04-03,13.95,14.30,14.31,13.73,109789,182711860.00,4.10,1.20,0.17,4.95
2015-04-07,14.45,14.56,14.75,14.16,100593,170927119.00,4.13,1.82,0.26,4.53
2015-04-08,14.60,13.97,15.34,13.60,102398,169987354.00,11.95,-4.05,-0.59,4.62
2015-04-09,13.93,13.35,13.93,12.58,100554,158515443.00,9.66,-4.44,-0.62,4.53
2015-04-10,13.20,13.83,14.04,13.07,78142,126721014.00,7.27,3.60,0.48,3.52
2015-04-13,13.89,14.05,14.33,13.76,80084,132981662.00,4.12,1.59,0.22,3.61
2015-04-14,14.11,14.34,14.49,13.61,103637,170918886.00,6.26,2.06,0.29,4.67
2015-04-15,14.30,14.04,14.80,13.80,114888,193071302.00,6.97,-2.09,-0.30,5.18
2015-04-16,13.60,14.19,14.46,13.44,71338,117441773.00,7.26,1.07,0.15,3.22
2015-04-17,14.31,14.08,14.62,14.08,90980,152337251.00,3.81,-0.78,-0.11,4.10
2015-04-20,13.98,13.09,14.28,12.92,85100,136413924.00,9.66,-7.03,-0.99,3.84
2015-04-21,13.17,13.77,13.79,13.10,82377,130434476.00,5.27,5.19,0.68,3.71
2015-04-22,13.80,14.50,14.56,13.77,107493,178207838.00,5.74,5.30,0.73,4.84
2015-04-23,14.35,15.33,15.68,14.35,146492,255258165.00,9.17,5.72,0.83,6.60
2015-04-24,15.01,15.12,15.31,14.78,95900,167456659.00,3.46,-1.37,-0.21,4.32
2015-04-27,15.28,14.88,15.49,14.63,97593,169136991.00,5.69,-1.59,-0.24,4.40
2015-04-28,14.80,14.08,15.06,13.71,68562,114615865.00,9.07,-5.38,-0.80,3.09
2015-04-29,13.98,14.80,14.86,13.98,66262,112282783.00,6.25,5.11,0.72,2.99
2015-04-30,14.83,15.26,16.28,14.83,116859,210641510.00,9.80,3.11,0.46,5.27
2015-05-04,15.21,15.77,16.13,15.20,79987,145213634.00,6.09,3.34,0.51,3.61
2015-05-05,15.72,15.23,15.72,14.90,62408,110348283.00,5.20,-3.42,-0.54,2.81
2015-05-06,15.25,15.45,16.95,15.25,106232,195875113.00,11.16,1.44,0.22,4.79
2015-05-07,15.60,16.01,16.26,14.71,156060,282991568.00,10.03,3.62,0.56,7.03
2015-05-08,16.40,17.85,17.85,16.05,136355,266423347.00,11.24,11.49,1.84,6.15
2015-05-11,17.66,17.99,18.87,17.58,138355,283494064.00,7.23,0.78,0.14,6.24
2015-05-12,17.92,18.49,18.49,17.16,116832,235966120.00,7.39,2.78,0.50,5.27
2015-05-13,17.75,17.18,18.37,17.11,104638,210569826.00,6.81,-7.08,-1.31,4.72
2015-05-14,17.25,19.12,19.14,17.10,137395,280646912.00,11.87,11.29,1.94,6.19
2015-05-15,18.68,17.95,18.71,17.60,96880,199008576.00,5.81,-6.12,-1.17,4.37
2015-05-18,17.90,18.47,19.02,17.78,86588,180821168.00,6.91,2.90,0.52,3.90
2015-05-19,18.50,19.40,20.10,17.72,91741,194150302.00,12.89,5.04,0.93,4.13
2015-05-20,19.37,19.81,20.46,19.17,101757,226701280.00,6.65,2.11,0.41,4.59
2015-05-21,19.82,19.93,20.11,19.14,102730,226795600.00,4.90,0.61,0.12,4.63
2015-05-22,19.93,19.58,20.25,18.90,97127,212432683.00,6.77,-1.76,-0.35,4.38
2015-05-25,18.95,19.34,19.38,18.60,76881,164785277.00,3.98,-1.23,-0.24,3.47
2015-05-26,19.39,20.54,20.73,19.39,99578,225576429.00,6.93,6.20,1.20,4.49
2015-05-27,20.30,21.12,21.55,19.74,100123,228987634.00,8.81,2.82,0.58,4.51
2015-05-28,20.73,21.31,23.11,20.00,193570,468725040.00,14.73,0.90,0.19,8.72
2015-05-29,22.09,20.79,22.20,18.97,160491,373999504.00,15.16,-2.44,-0.52,7.23
2015-06-01,20.60,22.73,23.11,20.40,158516,388633696.00,13.04,9.33,1.94,7.14
2015-06-02,23.12,23.66,23.80,22.10,147857,376759232.00,7.48,4.09,0.93,6.66
2015-06-03,23.68,22.70,23.80,22.10,130542,329503904.00,7.19,-4.06,-0.96,5.88
2015-06-04,22.36,21.87,23.13,20.37,106731,257044832.00,12.16,-3.66,-0.83,4.81
2015-06-05,22.03,21.95,22.89,21.35,94068,232008889.00,7.04,0.37,0.08,4.24
2015-06-08,21.65,20.79,21.86,20.37,93279,216942799.00,6.79,-5.28,-1.16,4.20
2015-06-09,20.60,20.98,21.39,20.44,60277,140264148.00,4.57,0.91,0.19,2.72
2015-06-10,20.79,21.71,21.88,20.31,80516,191223476.00,7.48,3.48,0.73,3.63
2015-06-11,21.50,21.45,21.76,21.00,57264,136237629.00,3.50,-1.20,-0.26,2.58
2015-06-12,21.54,21.96,22.36,21.30,78710,190914971.00,4.94,2.38,0.51,3.55
2015-06-15,22.14,20.54,22.20,20.38,89283,210077682.00,8.29,-6.47,-1.42,4.02
2015-06-16,20.12,18.61,20.12,18.44,84781,182433982.00,8.18,-9.40,-1.93,3.82
2015-06-17,18.50,19.55,19.79,18.38,60700,130090423.00,7.58,5.05,0.94,2.74
2015-06-18,19.59,18.45,20.05,18.40,55832,121820992.00,8.44,-5.63,-1.10,2.52
2015-06-19,18.05,16.37,18.46,16.37,76002,151527699.00,11.33,-11.27,-2.08,3.43
2015-06-23,16.51,17.44,17.44,14.95,68153,128740324.00,15.21,6.54,1.07,3.07
2015-06-24,17.98,18.07,18.33,17.48,62383,127228335.00,4.87,3.61,0.63,2.81
2015-06-25,18.07,16.65,18.18,16.28,50725,100632354.00,10.51,-7.86,-1.42,2.29
2015-06-26,15.94,14.75,16.30,14.75,63779,113258364.00,9.31,-11.41,-1.90,2.87
2015-06-29,15.50,13.04,15.56,13.04,75494,123162099.00,17.08,-11.59,-1.71,3.40
2015-06-30,13.00,14.28,14.43,11.50,71622,111104884.00,22.47,9.51,1.24,3.23
2015-07-01,14.08,13.11,14.99,13.00,73711,123557593.00,13.94,-8.19,-1.17,3.32
2015-07-02,13.23,11.98,13.60,11.61,56980,85310498.00,15.18,-8.62,-1.13,2.57
2015-07-03,11.70,11.02,12.62,10.60,68039,94213740.00,16.86,-8.01,-0.96,3.06
2015-07-06,12.36,10.20,12.36,9.72,76343,101667796.00,23.96,-7.44,-0.82,3.44
2015-07-07,9.61,8.94,9.70,8.94,30790,35600511.00,7.45,-12.35,-1.26,1.39
2015-07-08,7.81,8.53,8.89,7.81,130026,136864890.00,12.08,-4.59,-0.41,5.86
2015-07-09,8.10,9.62,9.62,8.10,79037,91917659.00,17.82,12.78,1.09,3.56
2015-07-10,10.40,10.82,10.82,10.10,28450,37072066.00,7.48,12.47,1.20,1.28
2015-07-13,12.00,12.14,12.14,11.38,76639,110019624.00,7.02,12.20,1.32,3.45
2015-07-14,12.45,12.38,13.48,11.75,116172,174997837.00,14.25,1.98,0.24,5.23
2015-07-15,11.79,10.90,12.06,10.90,69193,95088651.00,9.37,-11.95,-1.48,3.12
2015-07-16,10.89,11.55,12.05,9.88,80204,109139427.00,19.91,5.96,0.65,3.61
2015-07-17,11.56,12.40,12.75,11.55,51322,74597882.00,10.39,7.36,0.85,2.31
2015-07-20,12.42,12.64,13.00,12.12,68583,103114261.00,7.10,1.94,0.24,3.09
2015-07-21,12.51,12.80,13.08,12.12,56662,85484774.00,7.59,1.27,0.16,2.55
2015-07-22,12.84,12.72,12.96,12.30,52514,79186194.00,5.16,-0.63,-0.08,2.37
2015-07-23,12.80,13.30,13.38,12.62,63390,97921959.00,5.97,4.56,0.58,2.86
2015-07-24,13.27,12.70,13.88,12.60,83546,131842276.00,9.62,-4.51,-0.60,3.76
2015-07-27,12.20,11.19,12.84,11.19,59164,85633223.00,12.99,-11.89,-1.51,2.66
2015-07-28,10.07,10.87,11.53,9.83,70953,92581688.00,15.19,-2.86,-0.32,3.20
2015-07-29,11.18,11.90,11.90,10.40,43837,59122271.00,13.80,9.48,1.03,1.97
2015-07-30,11.60,11.35,12.18,11.20,38317,54719216.00,8.24,-4.62,-0.55,1.73
2015-07-31,11.10,11.44,12.03,11.00,31168,43195832.00,9.07,0.79,0.09,1.40
2015-08-03,11.11,10.25,11.39,10.06,46161,59110732.00,11.63,-10.40,-1.19,2.08
2015-08-04,10.30,11.33,11.42,10.26,48192,63299082.00,11.32,10.54,1.08,2.17
2015-08-05,11.30,11.34,12.00,11.13,52708,73346313.00,7.68,0.09,0.01,2.37
2015-08-06,11.00,12.12,12.50,10.65,86261,123305930.00,16.31,6.88,0.78,3.89
2015-08-07,12.10,12.55,12.75,11.82,81915,120755728.00,7.67,3.55,0.43,3.69
2015-08-10,12.63,13.40,13.60,12.36,82001,126784640.00,9.88,6.77,0.85,3.69
2015-08-11,13.45,13.20,13.78,13.10,60298,95413389.00,5.07,-1.49,-0.20,2.72
2015-08-12,12.88,12.78,13.43,12.78,45166,70146735.00,4.92,-3.18,-0.42,2.03
2015-08-13,12.77,13.36,13.36,12.37,48524,74143771.00,7.75,4.54,0.58,2.19
2015-08-14,13.46,13.30,13.68,13.15,53967,85520365.00,3.97,-0.45,-0.06,2.43
2015-08-17,13.21,13.48,13.57,12.71,66794,104172696.00,6.47,1.35,0.18,3.01
2015-08-18,13.50,11.89,13.85,11.89,82382,128168737.00,14.54,-11.80,-1.59,3.71
2015-08-19,11.39,11.96,12.39,10.82,59103,82738286.00,13.20,0.59,0.07,2.66
2015-08-20,11.80,11.18,12.36,11.18,50414,71711040.00,9.87,-6.52,-0.78,2.27
2015-08-21,11.21,10.33,11.50,10.28,40737,53766585.00,10.91,-7.60,-0.85,1.83
2015-08-24,9.80,9.06,9.85,9.06,31733,37154234.00,7.65,-12.29,-1.27,1.43
2015-08-25,8.10,7.91,8.60,7.91,38964,41165485.00,7.62,-12.69,-1.15,1.76
2015-08-26,8.10,7.65,8.45,7.20,50060,51779688.00,15.80,-3.29,-0.26,2.25
2015-08-27,8.08,8.33,8.33,7.50,34645,36102353.00,10.85,8.89,0.68,1.56
2015-08-28,8.48,9.29,9.34,8.35,47700,53044343.00,11.88,11.52,0.96,2.15
2015-08-31,9.10,8.55,9.19,8.50,37972,42336437.00,7.43,-7.97,-0.74,1.71
2015-09-01,8.43,7.59,8.50,7.55,30342,31220026.00,11.11,-11.23,-0.96,1.37
2015-09-02,7.37,7.24,8.05,6.90,29150,28745212.00,15.15,-4.61,-0.35,1.31
2015-09-07,7.58,7.71,8.04,7.55,39757,40429518.00,6.77,6.49,0.47,1.79
2015-09-08,7.73,8.40,8.50,7.59,39124,40449221.00,11.80,8.95,0.69,1.76
2015-09-09,8.59,9.02,9.08,8.42,52589,59047066.00,7.86,7.38,0.62,2.37
2015-09-10,8.66,8.68,8.95,8.62,32966,36769096.00,3.66,-3.77,-0.34,1.48
2015-09-11,8.77,8.78,8.93,8.56,21844,24368913.00,4.26,1.15,0.10,0.98
2015-09-14,8.80,7.66,9.09,7.66,30956,32664229.00,16.29,-12.76,-1.12,1.39
2015-09-15,7.25,7.12,7.78,7.00,28607,28013128.00,10.18,-7.05,-0.54,1.29
2015-09-16,7.19,8.07,8.07,7.19,32659,32963402.00,12.36,13.34,0.95,1.47
2015-09-17,8.00,8.10,8.90,7.85,45618,49031139.00,13.01,0.37,0.03,2.05
2015-09-18,8.15,8.35,8.64,7.90,29185,31094326.00,9.14,3.09,0.25,1.31
2015-09-21,8.20,8.88,8.88,8.13,39409,43393245.00,8.98,6.35,0.53,1.78
2015-09-22,8.83,8.85,9.09,8.62,43841,49511936.00,5.29,-0.34,-0.03,1.97
2015-09-23,8.60,8.88,9.40,8.49,49765,56459373.00,10.28,0.34,0.03,2.24
2015-09-24,8.92,9.02,9.19,8.76,35708,40579795.00,4.84,1.58,0.14,1.61
2015-09-25,8.93,8.30,9.05,8.12,44489,48461205.00,10.31,-7.98,-0.72,2.00
2015-09-28,8.37,8.73,8.76,8.27,26094,28574825.00,5.90,5.18,0.43,1.18
2015-09-29,8.53,8.39,8.63,8.20,24176,26148109.00,4.93,-3.89,-0.34,1.09
2015-09-30,8.51,8.52,8.68,8.29,22282,24373975.00,4.65,1.55,0.13,1.00
2015-10-08,8.99,9.10,9.24,8.92,35946,41213535.00,3.76,6.81,0.58,1.62
2015-10-09,9.10,9.44,9.56,9.01,40424,47283899.00,6.04,3.74,0.34,1.82
2015-10-12,9.62,9.97,10.13,9.45,48492,59642396.00,7.20,5.61,0.53,2.18
2015-10-13,9.94,10.12,10.20,9.73,42938,53479188.00,4.71,1.50,0.15,1.93
2015-10-14,10.01,11.37,11.37,10.00,57052,76267655.00,13.54,12.35,1.25,2.57
2015-10-15,11.50,11.81,12.15,11.17,121251,169741983.00,8.62,3.87,0.44,5.46
2015-10-16,11.68,11.72,11.94,11.28,80701,112756310.00,5.59,-0.76,-0.09,3.63
2015-10-19,11.68,11.48,11.69,11.29,58342,81004690.00,3.41,-2.05,-0.24,2.63
2015-10-20,11.39,11.79,11.88,11.30,61460,85850641.00,5.05,2.70,0.31,2.77
2015-10-21,11.81,10.37,11.86,10.37,74897,101052486.00,12.64,-12.04,-1.42,3.37
2015-10-22,10.26,11.15,11.26,10.26,51247,67827026.00,9.64,7.52,0.78,2.31
2015-10-23,11.40,11.47,11.55,11.07,73162,100854066.00,4.30,2.87,0.32,3.30
2015-10-26,11.68,11.59,11.90,11.40,63495,89189387.00,4.36,1.05,0.12,2.86
2015-10-27,11.45,11.96,12.00,10.48,59551,82601213.00,13.11,3.19,0.37,2.68
2015-10-28,11.90,12.08,12.45,11.78,76846,112121980.00,5.60,1.00,0.12,3.46
2015-10-29,12.26,12.20,12.90,12.10,69573,103456819.00,6.62,0.99,0.12,3.13
2015-10-30,12.16,11.89,12.34,11.49,49851,71432071.00,6.97,-2.54,-0.31,2.25
2015-11-02,11.40,11.63,12.18,11.10,37927,53840343.00,9.08,-2.19,-0.26,1.71
2015-11-03,11.83,11.65,11.84,11.40,24352,34183171.00,3.78,0.17,0.02,1.10
2015-11-04,11.75,12.65,12.68,11.65,68591,101473893.00,8.84,8.58,1.00,3.09
2015-11-05,12.80,12.54,12.98,12.23,67007,100300873.00,5.93,-0.87,-0.11,3.02
2015-11-06,12.57,13.15,13.27,12.54,58908,90599984.00,5.82,4.86,0.61,2.65
2015-11-09,12.90,13.34,13.43,12.66,53651,82688967.00,5.86,1.44,0.19,2.42
2015-11-10,13.10,13.51,13.58,12.90,55467,86969992.00,5.10,1.27,0.17,2.50
2015-11-11,13.43,14.19,14.35,13.28,68419,111994749.00,7.92,5.03,0.68,3.08
2015-11-12,14.25,14.70,15.85,14.19,98538,171359164.00,11.70,3.59,0.51,4.44
2015-11-13,14.00,13.49,14.35,13.11,77143,124757682.00,8.44,-8.23,-1.21,3.47
2015-11-16,12.90,14.15,14.15,12.89,47268,76263744.00,9.34,4.89,0.66,2.13
2015-11-17,14.48,13.74,14.75,13.68,88258,146618237.00,7.56,-2.90,-0.41,3.98
2015-11-18,13.63,12.90,13.94,12.80,53637,84687394.00,8.30,-6.11,-0.84,2.42
2015-11-19,13.02,13.61,13.62,12.85,63517,98913243.00,5.97,5.50,0.71,2.86
2015-11-20,13.82,13.76,13.99,13.46,60959,98183130.00,3.89,1.10,0.15,2.75
2015-11-23,13.77,13.58,14.20,13.49,60205,97949579.00,5.16,-1.31,-0.18,2.71
2015-11-24,13.60,15.18,15.18,13.50,81721,137115958.00,12.37,11.78,1.60,3.68
2015-11-25,15.59,16.34,16.90,15.23,135759,253023127.00,11.00,7.64,1.16,6.11
2015-11-26,16.09,16.01,16.74,15.71,112188,208191640.00,6.30,-2.02,-0.33,5.05
2015-11-27,15.62,14.17,15.85,14.17,98409,171216384.00,10.49,-11.49,-1.84,4.43
2015-11-30,13.80,14.43,14.57,13.07,74243,121290626.00,10.59,1.83,0.26,3.34
2015-12-01,14.08,14.20,14.80,14.05,61376,102440392.00,5.20,-1.59,-0.23,2.76
2015-12-02,14.26,13.70,14.26,12.60,45749,73033267.00,11.69,-3.52,-0.50,2.06
2015-12-03,13.40,14.45,14.47,13.28,43675,71899326.00,8.69,5.47,0.75,1.97
2015-12-04,14.32,14.15,14.59,13.98,41545,69549480.00,4.22,-2.08,-0.30,1.87
2015-12-07,14.11,14.60,14.66,14.10,41773,70486152.00,3.96,3.18,0.45,1.88
2015-12-08,14.32,13.77,14.48,13.77,35312,58299971.00,4.86,-5.68,-0.83,1.59
2015-12-09,13.65,14.01,14.18,13.45,37499,60869558.00,5.30,1.74,0.24,1.69
2015-12-10,13.90,14.18,14.37,13.87,31382,51756549.00,3.57,1.21,0.17,1.41
2015-12-11,14.33,15.11,15.84,14.25,143288,255132332.00,11.21,6.56,0.93,6.45
2015-12-14,14.62,14.68,14.71,13.48,93675,155670531.00,8.14,-2.85,-0.43,4.22
2015-12-15,14.50,15.39,15.59,14.40,86236,151080152.00,8.11,4.84,0.71,3.88
2015-12-16,15.20,15.09,15.78,15.00,74738,132550460.00,5.07,-1.95,-0.30,3.37
2015-12-17,15.20,16.00,16.10,15.20,92557,166933809.00,5.96,6.03,0.91,4.17
2015-12-18,15.65,15.63,15.99,15.39,56455,101822581.00,3.75,-2.31,-0.37,2.54
2015-12-21,15.60,15.72,15.77,15.44,47233,85181898.00,2.11,0.58,0.09,2.13
2015-12-22,15.72,15.86,16.08,15.41,51881,94089274.00,4.26,0.89,0.14,2.34
2015-12-23,15.80,15.15,16.05,15.08,47733,85323299.00,6.12,-4.48,-0.71,2.15
2015-12-24,14.98,15.17,15.25,14.50,36687,63251330.00,4.95,0.13,0.02,1.65
2015-12-25,15.13,15.34,15.46,15.00,27686,48743005.00,3.03,1.12,0.17,1.25
2015-12-28,15.35,14.79,15.98,14.79,50405,89686686.00,7.76,-3.59,-0.55,2.27
2015-12-29,14.81,15.20,15.22,14.66,30704,53113862.00,3.79,2.77,0.41,1.38
2015-12-30,15.20,16.40,16.88,15.10,82023,150747005.00,11.71,7.89,1.20,3.69
2015-12-31,16.25,15.78,16.42,15.72,51241,94252384.00,4.27,-3.78,-0.62,2.32