2002-01-04,2.90,2.82,2.90,2.82,4066,4147463.00,2.78,-2.08,-0.06,0.13
2002-01-07,2.80,2.78,2.81,2.75,6366,6379474.00,2.13,-1.42,-0.04,0.21
2002-01-08,2.77,2.76,2.84,2.75,6957,6973144.00,3.24,-0.72,-0.02,0.23
2002-01-09,2.77,2.72,2.77,2.70,5831,5776061.00,2.54,-1.45,-0.04,0.19
2002-01-10,2.72,2.62,2.72,2.44,21016,19893645.00,10.29,-3.68,-0.10,0.68
2002-01-11,2.61,2.47,2.61,2.47,6657,6248824.00,5.34,-5.73,-0.15,0.22
2002-01-14,2.43,2.26,2.43,2.26,14479,12915357.00,6.88,-8.50,-0.21,0.47
2002-01-15,2.22,2.19,2.30,2.18,10687,9248776.00,5.31,-3.10,-0.07,0.35
2002-01-16,2.22,2.31,2.33,2.18,10146,8825208.00,6.85,5.48,0.12,0.33
2002-01-17,2.30,2.10,2.30,2.10,13485,11513462.00,8.66,-9.09,-0.21,0.44
2002-01-18,2.02,2.05,2.16,1.98,23278,19144575.00,8.57,-2.38,-0.05,0.75
2002-01-21,2.06,1.83,2.06,1.82,19019,15019963.00,11.71,-10.73,-0.22,0.62
2002-01-22,1.83,1.53,1.90,1.53,28268,20973861.00,20.22,-16.39,-0.30,0.92
2002-01-23,1.53,1.81,1.81,1.28,44631,30599291.00,34.64,18.30,0.28,1.45
2002-01-24,1.72,1.85,1.98,1.64,41621,32072514.00,18.78,2.21,0.04,1.35
2002-01-25,1.83,1.88,1.94,1.81,19966,15448667.00,7.03,1.62,0.03,0.65
2002-01-28,1.84,1.59,1.89,1.59,25242,18428376.00,15.96,-15.43,-0.29,0.82
2002-01-29,1.57,1.71,1.73,1.54,14962,10733152.00,11.95,7.55,0.12,0.49
2002-01-30,1.71,1.80,1.88,1.68,14518,10976705.00,11.70,5.26,0.09,0.47
2002-01-31,1.82,2.09,2.09,1.82,31652,25835647.00,15.00,16.11,0.29,1.03
2002-02-01,2.33,2.42,2.42,2.26,52369,46987613.00,7.66,15.79,0.33,1.70
2002-02-04,2.42,2.47,2.49,2.28,108070,98015513.00,8.68,2.07,0.05,3.50
2002-02-05,2.45,2.46,2.59,2.41,78800,73315516.00,7.29,-0.40,-0.01,2.56
2002-02-06,2.45,2.37,2.49,2.36,49300,45076948.00,5.28,-3.66,-0.09,1.60
2002-02-07,2.36,2.53,2.57,2.36,35333,32689914.00,8.86,6.75,0.16,1.15
2002-02-08,2.53,2.42,2.59,2.41,33902,31395301.00,7.11,-4.35,-0.11,1.10
2002-02-25,2.49,2.44,2.53,2.43,20813,19231094.00,4.13,0.83,0.02,0.67
2002-02-26,2.45,2.45,2.45,2.33,26345,23712783.00,4.92,0.41,0.01,0.85
2002-02-27,2.41,2.42,2.49,2.41,15907,14634362.00,3.27,-1.22,-0.03,0.52
2002-02-28,2.42,2.39,2.44,2.37,20808,18853339.00,2.89,-1.24,-0.03,0.67
2002-03-01,2.37,2.41,2.46,2.34,17936,16325536.00,5.02,0.84,0.02,0.58
2002-03-04,2.37,2.53,2.53,2.35,22426,20658373.00,7.47,4.98,0.12,0.73
2002-03-05,2.53,2.58,2.64,2.52,41125,39114938.00,4.74,1.98,0.05,1.33
2002-03-06,2.61,2.65,2.87,2.61,76132,75658816.00,10.08,2.71,0.07,2.47
2002-03-07,2.65,2.75,2.77,2.62,39875,39207407.00,5.66,3.77,0.10,1.29
2002-03-08,2.77,2.73,2.79,2.66,53848,53000266.00,4.73,-0.73,-0.02,1.75
2002-03-11,2.77,2.80,2.85,2.75,51469,51875895.00,3.66,2.56,0.07,1.67
2002-03-12,2.80,2.84,3.00,2.75,79993,81736212.00,8.93,1.43,0.04,2.59
2002-03-13,2.83,2.84,3.11,2.79,108894,113850797.00,11.27,0.00,0.00,3.53
2002-03-14,2.81,2.86,2.89,2.77,45231,45817999.00,4.23,0.70,0.02,1.47
2002-03-15,2.89,2.71,2.92,2.69,36659,36843045.00,8.04,-5.24,-0.15,1.19
2002-03-18,2.76,2.67,2.82,2.62,25734,25288471.00,7.38,-1.48,-0.04,0.83
2002-03-19,2.69,2.77,2.77,2.65,19853,19593509.00,4.49,3.75,0.10,0.64
2002-03-20,2.80,2.81,2.86,2.77,28365,28657905.00,3.25,1.44,0.04,0.92
2002-03-21,2.83,2.84,2.93,2.82,23071,23617162.00,3.91,1.07,0.03,0.75
2002-03-22,2.85,2.78,2.87,2.73,16636,16701175.00,4.93,-2.11,-0.06,0.54
2002-03-25,2.78,2.77,2.78,2.72,9344,9281123.00,2.16,-0.36,-0.01,0.30
2002-03-26,2.75,2.72,2.76,2.68,11729,11557777.00,2.89,-1.81,-0.05,0.38
2002-03-27,2.72,2.74,2.77,2.69,7502,7405000.00,2.94,0.74,0.02,0.24
2002-03-28,2.75,2.74,2.79,2.68,10612,10524728.00,4.01,0.00,0.00,0.34
2002-03-29,2.73,2.59,2.75,2.57,16649,16099449.00,6.57,-5.47,-0.15,0.54
2002-04-01,2.57,2.65,2.65,2.55,11265,10826813.00,3.86,2.32,0.06,0.37
2002-04-02,2.63,2.53,2.64,2.53,12970,12323566.00,4.15,-4.53,-0.12,0.42
2002-04-03,2.54,2.56,2.60,2.54,10025,9524401.00,2.37,1.19,0.03,0.33
2002-04-04,2.55,2.79,2.81,2.55,23059,22718569.00,10.16,8.98,0.23,0.75
2002-04-05,2.80,2.82,2.89,2.79,26212,26574568.00,3.58,1.08,0.03,0.85
2002-04-08,2.82,2.90,2.96,2.81,34244,35319055.00,5.32,2.84,0.08,1.11
2002-04-09,2.92,2.99,3.03,2.87,61789,64831774.00,5.52,3.10,0.09,2.00
2002-04-10,3.00,3.01,3.05,2.94,41010,43418031.00,3.68,0.67,0.02,1.33
2002-04-11,3.04,2.91,3.07,2.90,25560,26773957.00,5.65,-3.32,-0.10,0.83
2002-04-12,2.89,2.95,3.00,2.89,14677,15365708.00,3.78,1.37,0.04,0.48
2002-04-15,2.96,2.88,2.97,2.85,27821,28714514.00,4.07,-2.37,-0.07,0.90
2002-04-16,2.89,2.84,2.89,2.82,16085,16389693.00,2.43,-1.39,-0.04,0.52
2002-04-17,2.86,2.87,2.93,2.82,15446,15819387.00,3.87,1.06,0.03,0.50
2002-04-18,2.90,2.95,2.97,2.89,27153,28250790.00,2.79,2.79,0.08,0.88
2002-04-19,2.95,3.01,3.03,2.81,29599,30865357.00,7.46,2.03,0.06,0.96
2002-04-22,3.07,3.05,3.07,2.99,35847,38299976.00,2.66,1.33,0.04,1.16
2002-04-23,3.05,2.94,3.06,2.92,22706,23937897.00,4.59,-3.61,-0.11,0.74
2002-04-24,2.93,2.83,2.93,2.83,22249,22698895.00,3.40,-3.74,-0.11,0.72
2002-04-25,2.83,2.81,2.89,2.79,17721,17926403.00,3.53,-0.71,-0.02,0.57
2002-04-26,2.81,2.87,2.90,2.81,9449,9651776.00,3.20,2.14,0.06,0.31
2002-04-29,2.85,2.87,2.88,2.79,35672,36259640.00,3.14,0.00,0.00,1.16
2002-04-30,2.77,2.78,2.86,2.64,37908,37992532.00,7.67,-3.14,-0.09,1.23
2002-05-08,2.77,2.80,2.83,2.73,11520,11564637.00,3.60,0.72,0.02,0.37
2002-05-09,2.79,2.77,2.83,2.75,15936,15996771.00,2.86,-1.07,-0.03,0.52
2002-05-10,2.77,2.73,2.77,2.72,12059,11953625.00,1.81,-1.44,-0.04,0.39
2002-05-13,2.73,2.65,2.73,2.63,12690,12325124.00,3.66,-2.93,-0.08,0.41
2002-05-14,2.65,2.65,2.69,2.65,8651,8411558.00,1.51,0.00,0.00,0.28
2002-05-15,2.65,2.67,2.71,2.63,8231,8017532.00,3.02,0.75,0.02,0.27
2002-05-16,2.65,2.48,2.67,2.45,11124,10555156.00,8.24,-7.12,-0.19,0.36
2002-05-17,2.45,2.53,2.55,2.43,12953,12039929.00,4.84,2.02,0.05,0.42
2002-05-20,2.51,2.41,2.51,2.37,9112,8293033.00,5.53,-4.74,-0.12,0.30
2002-05-21,2.49,2.53,2.59,2.47,13533,12660719.00,4.98,4.98,0.12,0.44
2002-05-22,2.54,2.43,2.54,2.43,7718,7124268.00,4.35,-3.95,-0.10,0.25
2002-05-23,2.47,2.49,2.54,2.45,5913,5508890.00,3.70,2.47,0.06,0.19
2002-05-24,2.49,2.47,2.51,2.45,4653,4300679.00,2.41,-0.80,-0.02,0.15
2002-05-27,2.47,2.47,2.53,2.43,4588,4229604.00,4.05,0.00,0.00,0.15
2002-05-28,2.50,2.52,2.57,2.46,7547,7108443.00,4.45,2.02,0.05,0.24
2002-05-29,2.52,2.45,2.52,2.44,6612,6095645.00,3.17,-2.78,-0.07,0.21
2002-05-30,2.44,2.41,2.47,2.38,6779,6175937.00,3.67,-1.63,-0.04,0.22
2002-05-31,2.41,2.30,2.43,2.30,8821,7896588.00,5.39,-4.56,-0.11,0.29
2002-06-03,2.30,2.22,2.30,2.21,6654,5760754.00,3.91,-3.48,-0.08,0.22
2002-06-04,2.37,2.33,2.53,2.24,20604,18656220.00,13.06,4.95,0.11,0.67
2002-06-05,2.32,2.24,2.41,2.24,9178,8078583.00,7.30,-3.86,-0.09,0.30
2002-06-06,2.24,2.50,2.56,2.24,26469,24315505.00,14.29,11.61,0.26,0.86
2002-06-07,2.52,2.52,2.56,2.43,18166,16994255.00,5.20,0.80,0.02,0.59
2002-06-10,2.49,2.57,2.64,2.48,23148,22013186.00,6.35,1.98,0.05,0.75
2002-06-11,2.57,2.56,2.58,2.54,6245,5912129.00,1.56,-0.39,-0.01,0.20
2002-06-12,2.54,2.56,2.57,2.48,8556,8000918.00,3.52,0.00,0.00,0.28
2002-06-13,2.56,2.48,2.59,2.48,7726,7236509.00,4.30,-3.13,-0.08,0.25
2002-06-17,2.38,2.39,2.43,2.36,5410,4900744.00,2.82,-3.63,-0.09,0.18
2002-06-18,2.41,2.52,2.56,2.41,7386,6870034.00,6.28,5.44,0.13,0.24
2002-06-19,2.51,2.49,2.55,2.47,2318,2159803.00,3.17,-1.19,-0.03,0.08
2002-06-20,2.49,2.53,2.58,2.49,5295,4994843.00,3.61,1.61,0.04,0.17
2002-06-21,2.53,2.64,2.72,2.52,22506,21800150.00,7.91,4.35,0.11,0.73
2002-06-24,3.02,3.02,3.02,2.81,110154,115389401.00,7.95,14.39,0.38,3.57
2002-06-25,3.02,3.10,3.33,2.91,130884,143042481.00,13.91,2.65,0.08,4.24
2002-06-26,3.05,3.03,3.16,3.01,42923,46202370.00,4.84,-2.26,-0.07,1.39
2002-06-27,3.12,3.16,3.17,3.03,39695,43086000.00,4.62,4.29,0.13,1.29
2002-06-28,3.16,3.16,3.37,3.10,95522,106981598.00,8.54,0.00,0.00,3.10
2002-07-01,3.14,3.05,3.18,3.05,26210,28362712.00,4.11,-3.48,-0.11,0.85
2002-07-02,3.05,3.12,3.12,3.01,12538,13497609.00,3.61,2.30,0.07,0.41
2002-07-03,3.10,3.15,3.18,3.09,15072,16504549.00,2.88,0.96,0.03,0.49
2002-07-04,3.16,3.10,3.23,3.09,20085,22087610.00,4.44,-1.59,-0.05,0.65
2002-07-05,3.09,3.08,3.13,3.03,19873,21411840.00,3.23,-0.65,-0.02,0.64
2002-07-08,3.03,3.15,3.16,3.03,15179,16560203.00,4.22,2.27,0.07,0.49
2002-07-09,3.14,3.15,3.20,3.12,11673,12660430.00,2.54,0.00,0.00,0.38
2002-07-10,3.15,3.01,3.15,3.00,30094,31737339.00,4.76,-4.44,-0.14,0.98
2002-07-11,3.01,2.97,3.03,2.97,16972,17695082.00,1.99,-1.33,-0.04,0.55
2002-07-12,2.97,2.92,2.97,2.87,19162,19627627.00,3.37,-1.68,-0.05,0.62
2002-07-15,2.89,2.96,2.97,2.87,14968,15363869.00,3.42,1.37,0.04,0.49
2002-07-16,2.94,2.95,2.99,2.87,11362,11703384.00,4.05,-0.34,-0.01,0.37
2002-07-17,2.95,3.05,3.05,2.93,18757,19560216.00,4.07,3.39,0.10,0.61
2002-07-18,3.04,3.04,3.07,3.01,11780,12445951.00,1.97,-0.33,-0.01,0.38
2002-07-19,3.05,3.03,3.07,3.01,6316,6656747.00,1.97,-0.33,-0.01,0.20
2002-07-22,3.07,2.96,3.07,2.95,14038,14643270.00,3.96,-2.31,-0.07,0.46
2002-07-23,2.95,3.01,3.07,2.94,13019,13627587.00,4.39,1.69,0.05,0.42
2002-07-24,3.03,3.03,3.05,2.99,9444,9920461.00,1.99,0.66,0.02,0.31
2002-07-25,3.06,3.03,3.09,3.00,6357,6683694.00,2.97,0.00,0.00,0.21
2002-07-26,3.03,3.07,3.09,3.01,19708,20916926.00,2.64,1.32,0.04,0.64
2002-07-29,3.04,3.08,3.09,3.02,6864,7269175.00,2.28,0.33,0.01,0.22
2002-07-30,3.09,3.22,3.33,3.09,69783,76646038.00,7.79,4.55,0.14,2.26
2002-07-31,3.18,3.13,3.25,3.12,40476,44150392.00,4.04,-2.80,-0.09,1.31
2002-08-01,3.11,3.12,3.17,3.08,12251,13171014.00,2.88,-0.32,-0.01,0.40
2002-08-02,3.12,3.13,3.18,3.10,6891,7441002.00,2.56,0.32,0.01,0.22
2002-08-05,3.14,3.11,3.18,3.10,4608,4947000.00,2.56,-0.64,-0.02,0.15
2002-08-06,3.10,3.14,3.19,3.09,8055,8706262.00,3.22,0.96,0.03,0.26
2002-08-07,3.15,3.20,3.22,3.11,18330,20015287.00,3.50,1.91,0.06,0.59
2002-08-08,3.22,3.16,3.23,3.14,9535,10408665.00,2.81,-1.25,-0.04,0.31
2002-08-09,3.16,3.10,3.18,3.09,10783,11555068.00,2.85,-1.90,-0.06,0.35
2002-08-12,3.10,3.10,3.14,3.09,12826,13727535.00,1.61,0.00,0.00,0.42
2002-08-13,3.10,3.17,3.17,3.09,14614,15717650.00,2.58,2.26,0.07,0.47
2002-08-14,3.10,3.14,3.20,3.07,17483,18877628.00,4.10,-0.95,-0.03,0.57
2002-08-15,3.12,3.15,3.18,3.10,8130,8764443.00,2.55,0.32,0.01,0.26
2002-08-16,3.14,3.16,3.19,3.09,19717,21199906.00,3.17,0.32,0.01,0.64
2002-08-19,3.15,3.21,3.25,3.13,33269,36543990.00,3.80,1.58,0.05,1.08
2002-08-20,3.20,3.29,3.39,3.20,100083,112202459.00,5.92,2.49,0.08,3.25
2002-08-21,3.29,3.29,3.34,3.27,32934,36945851.00,2.13,0.00,0.00,1.07
2002-08-22,3.29,3.27,3.31,3.24,20459,22778549.00,2.13,-0.61,-0.02,0.66
2002-08-23,3.27,3.36,3.39,3.27,50475,57144514.00,3.67,2.75,0.09,1.64
2002-08-26,3.36,3.44,3.48,3.35,92570,106875824.00,3.87,2.38,0.08,3.00
2002-08-27,3.48,3.42,3.50,3.38,59167,68542046.00,3.49,-0.58,-0.02,1.92
2002-08-28,3.43,3.38,3.49,3.37,34773,39945000.00,3.51,-1.17,-0.04,1.13
2002-08-29,3.38,3.35,3.41,3.35,17614,20024597.00,1.78,-0.89,-0.03,0.57
2002-08-30,3.35,3.38,3.42,3.35,19001,21708499.00,2.09,0.90,0.03,0.62
2002-09-02,3.42,3.54,3.55,3.38,66302,77621527.00,5.03,4.73,0.16,2.15
2002-09-03,3.57,3.57,3.64,3.51,57994,69182783.00,3.67,0.85,0.03,1.88
2002-09-04,3.56,3.52,3.56,3.52,17125,20181628.00,1.12,-1.40,-0.05,0.56
2002-09-05,3.50,3.49,3.59,3.48,36028,42397801.00,3.13,-0.85,-0.03,1.17
2002-09-06,3.48,3.50,3.55,3.48,20107,23598847.00,2.01,0.29,0.01,0.65
2002-09-09,3.48,3.38,3.50,3.38,22879,26299310.00,3.43,-3.43,-0.12,0.74
2002-09-10,3.38,3.44,3.47,3.38,17233,19828888.00,2.66,1.78,0.06,0.56
2002-09-11,3.44,3.48,3.48,3.40,17015,19601282.00,2.33,1.16,0.04,0.55
2002-09-12,3.48,3.51,3.54,3.42,14407,16799097.00,3.45,0.86,0.03,0.47
2002-09-13,3.51,3.51,3.52,3.48,4658,5455072.00,1.14,0.00,0.00,0.15
2002-09-16,3.50,3.38,3.50,3.38,25009,28693911.00,3.42,-3.70,-0.13,0.81
2002-09-17,3.38,3.47,3.47,3.36,16868,19396915.00,3.25,2.66,0.09,0.55
2002-09-18,3.47,3.42,3.51,3.41,7333,8488466.00,2.88,-1.44,-0.05,0.24
2002-09-19,3.42,3.52,3.55,3.37,14755,17178423.00,5.26,2.92,0.10,0.48
2002-09-20,3.50,3.46,3.52,3.45,5102,5948566.00,1.99,-1.70,-0.06,0.17
2002-09-23,3.46,3.51,3.54,3.43,8075,9479961.00,3.18,1.45,0.05,0.26
2002-09-24,3.51,3.56,3.56,3.50,17390,20523564.00,1.71,1.42,0.05,0.56
2002-09-25,3.56,3.55,3.60,3.50,18521,22007874.00,2.81,-0.28,-0.01,0.60
2002-09-26,3.53,3.48,3.57,3.47,9882,11606925.00,2.82,-1.97,-0.07,0.32
2002-09-27,3.48,3.41,3.52,3.34,16565,19092487.00,5.17,-2.01,-0.07,0.54
2002-10-08,3.39,3.48,3.50,3.36,11337,13113391.00,4.11,2.05,0.07,0.37
2002-10-09,3.45,3.53,3.55,3.37,33468,39221528.00,5.17,1.44,0.05,1.09
2002-10-10,3.53,3.59,3.61,3.50,40112,47711321.00,3.12,1.70,0.06,1.30
2002-10-11,3.59,3.70,3.78,3.57,116761,142149822.00,5.85,3.06,0.11,3.79
2002-10-14,3.69,3.81,3.85,3.63,82228,101946572.00,5.95,2.97,0.11,2.67
2002-10-15,3.81,3.74,3.84,3.73,25115,31136560.00,2.89,-1.84,-0.07,0.81
2002-10-16,3.74,3.67,3.83,3.64,24285,29580222.00,5.08,-1.87,-0.07,0.79
2002-10-17,3.68,3.71,3.76,3.66,18148,22171374.00,2.72,1.09,0.04,0.59
2002-10-18,3.66,3.73,3.79,3.65,18473,22649880.00,3.77,0.54,0.02,0.60
2002-10-21,3.74,3.76,3.79,3.69,9827,12105888.00,2.68,0.80,0.03,0.32
2002-10-22,3.76,3.78,3.80,3.72,19374,23936894.00,2.13,0.53,0.02,0.63
2002-10-23,3.78,3.82,3.85,3.75,30835,38606895.00,2.65,1.06,0.04,1.00
2002-10-24,3.82,3.76,3.83,3.76,11750,14581680.00,1.83,-1.57,-0.06,0.38
2002-10-25,3.76,3.64,3.76,3.63,17599,21485986.00,3.46,-3.19,-0.12,0.57
2002-10-28,3.63,3.55,3.64,3.52,22309,26524375.00,3.30,-2.47,-0.09,0.72
2002-10-29,3.55,3.61,3.62,3.50,11541,13673719.00,3.38,1.69,0.06,0.37
2002-10-30,3.60,3.61,3.66,3.53,8470,10126721.00,3.60,0.00,0.00,0.27
2002-10-31,3.60,3.53,3.61,3.52,9284,10989955.00,2.49,-2.22,-0.08,0.30
2002-11-01,3.54,3.48,3.56,3.44,14407,16775118.00,3.40,-1.42,-0.05,0.47
2002-11-04,3.48,3.67,3.68,3.46,22256,26680180.00,6.32,5.46,0.19,0.72
2002-11-05,3.67,3.68,3.70,3.62,11834,14352940.00,2.18,0.27,0.01,0.38
2002-11-06,3.68,3.63,3.70,3.62,6367,7681852.00,2.17,-1.36,-0.05,0.21
2002-11-07,3.64,3.69,3.70,3.58,20822,25126820.00,3.31,1.65,0.06,0.68
2002-11-08,3.89,3.72,3.89,3.67,44848,55424514.00,5.96,0.81,0.03,1.45
2002-11-11,3.66,3.54,3.70,3.52,20812,24838279.00,4.84,-4.84,-0.18,0.67
2002-11-12,3.57,3.49,3.60,3.46,8669,10139405.00,3.95,-1.41,-0.05,0.28
2002-11-13,3.48,3.46,3.50,3.42,7072,8191823.00,2.29,-0.86,-0.03,0.23
2002-11-14,3.49,3.38,3.54,3.37,7861,9089201.00,4.91,-2.31,-0.08,0.25
2002-11-15,3.37,3.31,3.44,3.28,10622,12015525.00,4.73,-2.07,-0.07,0.34
2002-11-18,3.31,3.16,3.34,3.03,17292,18694538.00,9.37,-4.53,-0.15,0.56
2002-11-19,3.14,3.23,3.25,3.14,4055,4425069.00,3.48,2.22,0.07,0.13
2002-11-20,3.23,3.07,3.23,3.05,9052,9758606.00,5.57,-4.95,-0.16,0.29
2002-11-21,3.06,3.01,3.10,2.97,10878,11395394.00,4.23,-1.95,-0.06,0.35
2002-11-22,3.01,3.04,3.08,2.98,4658,4898534.00,3.32,1.00,0.03,0.15
2002-11-25,3.03,3.07,3.10,3.03,2456,2603203.00,2.30,0.99,0.03,0.08
2002-11-26,3.07,3.01,3.12,2.99,3179,3337689.00,4.23,-1.95,-0.06,0.10
2002-11-27,3.01,2.89,3.01,2.82,10243,10387922.00,6.31,-3.99,-0.12,0.33
2002-11-28,2.90,3.02,3.02,2.88,4476,4616225.00,4.84,4.50,0.13,0.15
2002-11-29,3.05,3.15,3.22,3.01,12617,13634502.00,6.95,4.30,0.13,0.41
2002-12-02,3.15,2.97,3.15,2.94,7519,7909571.00,6.67,-5.71,-0.18,0.24
2002-12-03,2.96,3.02,3.04,2.95,7703,8059540.00,3.03,1.68,0.05,0.25
2002-12-04,3.03,3.08,3.14,3.02,9927,10573398.00,3.97,1.99,0.06,0.32
2002-12-05,3.07,3.10,3.11,3.05,5001,5320148.00,1.95,0.65,0.02,0.16
2002-12-06,3.11,3.13,3.16,3.05,5981,6430066.00,3.55,0.97,0.03,0.19
2002-12-09,3.12,3.06,3.14,3.03,2878,3046309.00,3.51,-2.24,-0.07,0.09
2002-12-10,3.04,2.92,3.07,2.90,5716,5900408.00,5.56,-4.58,-0.14,0.19
2002-12-11,2.92,2.94,2.95,2.89,2006,2049268.00,2.05,0.68,0.02,0.07
2002-12-12,2.93,2.95,2.99,2.88,9082,9331768.00,3.74,0.34,0.01,0.29
2002-12-13,2.94,2.89,2.94,2.83,12125,12275811.00,3.73,-2.03,-0.06,0.39
2002-12-16,2.89,2.90,2.90,2.85,6298,6377710.00,1.73,0.35,0.01,0.20
2002-12-17,2.89,2.83,2.91,2.82,10406,10458605.00,3.10,-2.41,-0.07,0.34
2002-12-18,2.83,2.85,2.91,2.82,12187,12264803.00,3.18,0.71,0.02,0.40
2002-12-19,2.84,2.85,2.89,2.82,4437,4461926.00,2.46,0.00,0.00,0.14
2002-12-20,2.84,2.86,2.89,2.82,8910,8967617.00,2.46,0.35,0.01,0.29
2002-12-23,2.86,2.90,2.90,2.86,7247,7336775.00,1.40,1.40,0.04,0.24
2002-12-24,2.90,2.88,2.93,2.88,5795,5903797.00,1.72,-0.69,-0.02,0.19
2002-12-25,2.88,2.86,2.91,2.82,8065,8094855.00,3.13,-0.69,-0.02,0.26
2002-12-26,2.85,2.63,2.87,2.62,11035,10740721.00,8.74,-8.04,-0.23,0.36
2002-12-27,2.63,2.57,2.63,2.51,11765,10935392.00,4.56,-2.28,-0.06,0.38
2002-12-30,2.56,2.47,2.56,2.47,13334,12296631.00,3.50,-3.89,-0.10,0.43
2002-12-31,2.47,2.44,2.57,2.43,12077,11118487.00,5.67,-1.21,-0.03,0.39