2023-01-03,6.50,6.45,6.50,6.35,124301,79778963.00,2.33,0.00,0.00,3.07
2023-01-04,6.46,6.51,6.54,6.41,115147,74619987.00,2.02,0.93,0.06,2.85
2023-01-05,6.51,6.45,6.54,6.40,153156,98609454.00,2.15,-0.92,-0.06,3.79
2023-01-06,6.42,6.35,6.46,6.33,107142,68462603.00,2.02,-1.55,-0.10,2.65
2023-01-09,6.34,6.48,6.52,6.32,123498,79501330.00,3.15,2.05,0.13,3.05
2023-01-10,6.48,6.43,6.52,6.40,86043,55334103.00,1.85,-0.77,-0.05,2.13
2023-01-11,6.41,6.35,6.47,6.33,92340,58842371.00,2.18,-1.24,-0.08,2.28
2023-01-12,6.33,6.24,6.35,6.18,104488,65347730.00,2.68,-1.73,-0.11,2.58
2023-01-13,6.26,6.26,6.33,6.21,76803,48104903.00,1.92,0.32,0.02,1.90
2023-01-16,5.97,6.05,6.09,5.76,271710,163325657.00,5.27,-3.35,-0.21,6.72
2023-01-17,6.03,5.92,6.07,5.86,178916,106106721.00,3.47,-2.15,-0.13,4.42
2023-01-18,5.92,5.97,5.99,5.88,93880,55744120.00,1.86,0.84,0.05,2.32
2023-01-19,6.03,6.01,6.20,5.99,135352,81657337.00,3.52,0.67,0.04,3.35
2023-01-20,6.05,6.34,6.41,6.05,248500,154871687.00,5.99,5.49,0.33,6.14
2023-01-30,6.38,6.52,6.65,6.38,257173,167364440.00,4.26,2.84,0.18,6.36
2023-01-31,6.49,6.43,6.54,6.38,140106,90348766.00,2.45,-1.38,-0.09,3.46
2023-02-01,6.43,6.65,6.67,6.38,199297,130726895.00,4.51,3.42,0.22,4.93
2023-02-02,6.65,7.00,7.08,6.60,330775,227133981.00,7.22,5.26,0.35,8.18
2023-02-03,7.07,7.10,7.26,6.94,325141,229732487.00,4.57,1.43,0.10,8.04
2023-02-06,7.11,7.03,7.13,6.98,189174,133023834.00,2.11,-0.99,-0.07,4.68
2023-02-07,7.05,7.14,7.20,7.02,159161,113414052.00,2.56,1.56,0.11,3.93
2023-02-08,7.14,7.16,7.30,7.09,178189,128278298.00,2.94,0.28,0.02,4.41
2023-02-09,7.16,7.32,7.36,7.12,181206,132220540.00,3.35,2.23,0.16,4.48
2023-02-10,7.30,7.31,7.45,7.27,110297,81093510.45,2.46,-0.14,-0.01,2.73