2021-02-10,22.80,21.72,29.60,19.80,327659,766678160.00,224.77,398.17,17.36,67.74
2021-02-18,26.80,34.15,42.80,26.79,345899,1170083952.00,73.71,57.23,12.43,71.52
2021-02-19,31.80,31.80,33.93,27.71,284920,880209488.00,18.21,-6.88,-2.35,58.91
2021-02-22,30.80,33.56,39.78,29.91,305956,1058147184.00,31.04,5.53,1.76,63.26
2021-02-23,29.80,27.65,33.10,27.52,249828,753805360.00,16.63,-17.61,-5.91,51.65
2021-02-24,26.05,26.74,29.30,25.64,201066,559416336.00,13.24,-3.29,-0.91,41.57
2021-02-25,26.94,25.95,28.56,25.58,197863,536515600.00,11.14,-2.95,-0.79,40.91
2021-02-26,23.80,22.98,24.61,22.96,179573,429261104.00,6.36,-11.45,-2.97,37.13
2021-03-01,22.73,22.63,23.17,22.11,137304,312605552.00,4.61,-1.52,-0.35,28.39
2021-03-02,22.64,23.84,23.93,22.02,160543,370457488.00,8.44,5.35,1.21,33.19
2021-03-03,23.07,22.59,23.27,22.55,124074,285607792.00,3.02,-5.24,-1.25,25.65
2021-03-04,22.13,20.99,22.90,20.75,127672,282334784.00,9.52,-7.08,-1.60,26.40
2021-03-05,20.60,21.20,21.76,19.91,111980,238531324.00,8.81,1.00,0.21,23.15
2021-03-08,21.48,25.48,25.48,21.30,175509,428403696.00,19.72,20.19,4.28,36.29
2021-03-09,26.30,23.43,26.69,23.01,233160,573781328.00,14.44,-8.05,-2.05,48.21
2021-03-10,22.66,22.08,24.06,21.68,153269,349170944.00,10.16,-5.76,-1.35,31.69
2021-03-11,21.58,22.20,22.60,20.74,121346,265766948.00,8.42,0.54,0.12,25.09
2021-03-12,21.81,21.47,22.75,21.30,118534,263623065.00,6.53,-3.29,-0.73,24.51
2021-03-15,21.32,22.16,22.80,21.01,116531,256913811.00,8.34,3.21,0.69,24.09
2021-03-16,21.80,21.56,21.94,21.22,90615,196971571.00,3.25,-2.71,-0.60,18.73
2021-03-17,21.30,22.45,22.68,21.07,125657,279487360.00,7.47,4.13,0.89,25.98
2021-03-18,22.17,23.78,24.56,22.16,195694,465191152.00,10.69,5.92,1.33,40.46
2021-03-19,22.87,24.81,25.55,22.40,210159,510965024.00,13.25,4.33,1.03,43.45
2021-03-22,24.19,24.72,26.06,23.90,185728,467011008.00,8.71,-0.36,-0.09,38.40
2021-03-23,24.51,25.54,28.06,24.30,227485,590689440.00,15.21,3.32,0.82,47.03
2021-03-24,23.80,25.46,27.30,23.22,191831,494629168.00,15.97,-0.31,-0.08,39.66
2021-03-25,25.40,23.31,26.29,23.20,144867,356325792.00,12.14,-8.44,-2.15,29.95
2021-03-26,22.80,22.97,23.56,22.48,104138,241779513.00,4.63,-1.46,-0.34,21.53
2021-03-29,22.85,23.47,23.77,22.85,89412,210780931.00,4.01,2.18,0.50,18.49
2021-03-30,23.02,22.32,23.57,22.01,101614,231603739.00,6.65,-4.90,-1.15,21.01
2021-03-31,22.20,22.61,23.06,21.85,83428,190288573.00,5.42,1.30,0.29,17.25
2021-04-01,22.80,21.75,23.01,21.56,83817,185948881.00,6.41,-3.80,-0.86,17.33
2021-04-02,22.10,23.26,23.43,21.81,116648,267385283.00,7.45,6.94,1.51,24.12
2021-04-06,23.08,24.20,24.48,23.08,137285,332498912.00,6.02,4.04,0.94,28.38
2021-04-07,23.82,25.13,25.62,23.71,176826,438357712.00,7.89,3.84,0.93,36.56
2021-04-08,24.74,23.95,25.15,23.70,146505,359165856.00,5.77,-4.70,-1.18,30.29
2021-04-09,23.62,23.70,24.60,23.45,89842,217165411.00,4.80,-1.04,-0.25,18.58
2021-04-12,23.49,22.51,23.70,22.36,83355,192435610.00,5.65,-5.02,-1.19,17.23
2021-04-13,22.78,22.40,23.02,22.15,63720,145783037.00,3.86,-0.49,-0.11,13.17
2021-04-14,22.49,22.79,22.92,22.09,59159,135293848.00,3.71,1.74,0.39,12.23
2021-04-15,22.50,22.09,23.00,21.82,64585,145027949.00,5.18,-3.07,-0.70,13.35
2021-04-16,21.98,23.39,23.67,21.97,109435,254611327.00,7.70,5.89,1.30,22.63
2021-04-19,23.30,23.34,23.59,22.99,77886,182358707.00,2.57,-0.21,-0.05,16.10
2021-04-20,23.08,22.54,23.40,22.48,82740,190470751.00,3.94,-3.43,-0.80,17.11
2021-04-21,22.28,22.40,22.79,21.98,59614,134503380.00,3.59,-0.62,-0.14,12.33
2021-04-22,22.70,22.09,22.78,22.01,48237,108222623.00,3.44,-1.38,-0.31,9.97
2021-04-23,22.12,21.17,22.14,21.00,70158,150951207.00,5.16,-4.16,-0.92,14.51
2021-04-26,20.95,21.08,21.34,20.60,36721,77967735.00,3.50,-0.43,-0.09,7.59
2021-04-27,20.88,19.91,21.27,19.84,53570,109745221.00,6.78,-5.55,-1.17,11.08
2021-04-28,19.80,20.28,20.29,19.29,41068,82870306.00,5.02,1.86,0.37,8.49
2021-04-29,20.19,19.90,20.65,19.88,40395,82524007.00,3.80,-1.87,-0.38,8.35
2021-04-30,19.86,18.79,20.10,18.48,57307,110921541.00,8.14,-5.58,-1.11,11.85
2021-05-06,18.99,19.68,20.18,18.96,57140,113420277.00,6.49,4.74,0.89,11.81
2021-05-07,19.80,20.53,21.54,19.73,90525,190303331.00,9.20,4.32,0.85,18.72
2021-05-10,20.28,19.83,20.70,19.73,64898,131634459.00,4.72,-3.41,-0.70,13.42
2021-05-11,19.44,19.60,20.00,19.02,48267,95149384.00,4.94,-1.16,-0.23,9.98
2021-05-12,19.48,19.32,19.58,18.98,40898,79337422.00,3.06,-1.43,-0.28,8.46
2021-05-13,19.14,19.05,19.79,19.00,39208,76613877.00,4.09,-1.40,-0.27,8.11
2021-05-14,18.88,19.15,19.20,18.69,37600,72152401.00,2.68,0.52,0.10,7.77
2021-05-17,19.20,19.57,19.59,18.83,51265,100004595.00,3.97,2.19,0.42,10.60
2021-05-18,20.39,23.52,23.52,20.38,160051,364150640.00,16.04,20.18,3.95,33.09
2021-05-19,22.52,23.01,24.23,22.04,211199,487883392.00,9.31,-2.17,-0.51,43.67
2021-05-20,22.00,23.54,24.19,21.61,200176,464663360.00,11.21,2.30,0.53,41.39
2021-05-21,23.40,22.74,23.47,22.60,127403,295174640.00,3.70,-3.40,-0.80,26.34
2021-05-24,22.56,23.29,24.78,22.56,155897,371778528.00,9.76,2.42,0.55,32.23
2021-05-25,23.01,23.09,24.73,22.84,154400,368776688.00,8.12,-0.86,-0.20,31.92
2021-05-26,23.96,25.13,26.08,23.70,233541,581762784.00,10.31,8.83,2.04,48.29
2021-05-27,24.00,23.63,24.29,23.13,167090,399317440.00,4.62,-5.97,-1.50,34.55
2021-05-28,23.56,23.00,23.60,22.84,112282,262323220.00,3.22,-2.67,-0.63,23.21
2021-05-31,23.30,23.15,23.55,22.62,92049,214249706.00,4.04,0.65,0.15,19.03
2021-06-01,23.35,24.47,24.54,22.70,145489,345448352.00,7.95,5.70,1.32,30.08
2021-06-02,23.82,22.84,24.05,22.77,106508,250515116.00,5.23,-6.66,-1.63,22.02
2021-06-03,22.90,22.71,23.38,22.71,64327,149251121.00,2.93,-0.57,-0.13,13.30
2021-06-04,22.20,20.97,22.20,20.80,101545,218324360.00,6.16,-7.66,-1.74,20.99
2021-06-07,21.11,21.24,21.31,20.72,55187,117345096.00,2.81,1.29,0.27,11.41
2021-06-08,21.19,21.02,21.68,21.02,47039,101144082.00,3.11,-1.04,-0.22,9.73
2021-06-09,20.94,21.12,21.29,20.52,44657,93726227.00,3.66,0.48,0.10,9.23
2021-06-10,20.85,20.68,20.93,20.56,45486,94524886.00,1.75,-2.08,-0.44,9.40
2021-06-11,21.11,21.51,22.14,21.11,89092,193240361.00,4.98,4.01,0.83,18.42
2021-06-15,20.90,20.35,20.93,20.15,67437,138442245.00,3.63,-5.39,-1.16,13.94
2021-06-16,20.27,19.89,20.27,19.81,37065,74332449.00,2.26,-2.26,-0.46,7.66
2021-06-17,19.63,19.98,20.04,19.63,36534,72839509.00,2.06,0.45,0.09,7.55
2021-06-18,19.68,20.64,20.74,19.58,48001,97644026.00,5.81,3.30,0.66,9.92
2021-06-21,20.26,20.40,20.55,20.14,38202,77861424.00,1.99,-1.16,-0.24,7.90
2021-06-22,20.40,20.78,20.83,20.20,48514,100329380.00,3.09,1.86,0.38,10.03
2021-06-23,20.40,20.23,20.61,20.05,43164,87930985.00,2.69,-2.65,-0.55,8.92
2021-06-24,20.10,19.92,20.23,19.82,29260,58728861.00,2.03,-1.53,-0.31,6.05
2021-06-25,19.96,20.48,20.88,19.85,48853,100366545.00,5.17,2.81,0.56,10.10
2021-06-28,20.40,20.31,20.40,19.96,31644,64151329.00,2.15,-0.83,-0.17,6.54
2021-06-29,20.32,20.03,20.46,19.90,27229,54815625.00,2.76,-1.38,-0.28,5.63
2021-06-30,20.10,19.63,20.10,19.50,32651,64754742.00,3.00,-2.00,-0.40,6.75
2021-07-01,19.68,20.30,20.67,19.40,55927,112948338.00,6.47,3.41,0.67,11.56
2021-07-02,20.22,19.80,20.85,19.72,41391,83470229.00,5.57,-2.46,-0.50,8.56
2021-07-05,19.40,19.62,19.68,19.40,29486,57854691.00,1.41,-0.91,-0.18,6.10
2021-07-06,19.62,20.40,20.60,19.40,56651,114754223.00,6.12,3.98,0.78,11.71
2021-07-07,20.10,20.38,20.65,20.02,50533,103492780.00,3.09,-0.10,-0.02,10.45
2021-07-08,20.29,19.83,20.29,19.70,43544,86873399.00,2.89,-2.70,-0.55,9.00
2021-07-09,19.91,20.57,20.63,19.71,67218,137058777.00,4.64,3.73,0.74,13.90
2021-07-12,20.65,20.55,20.81,20.34,53961,111208421.00,2.28,-0.10,-0.02,11.16
2021-07-13,20.34,20.36,20.42,20.00,34950,70932694.00,2.04,-0.92,-0.19,7.23
2021-07-14,20.16,20.04,20.45,19.97,29170,59208219.00,2.36,-1.57,-0.32,6.03
2021-07-15,20.25,20.54,21.25,20.24,78946,164746564.00,5.04,2.50,0.50,16.32
2021-07-16,19.90,19.65,20.08,19.50,58913,116823303.00,2.82,-4.33,-0.89,12.18
2021-07-19,19.52,19.01,19.53,18.94,33662,64677946.00,3.00,-3.26,-0.64,6.96
2021-07-20,18.74,19.38,19.69,18.71,33956,65818422.00,5.16,1.95,0.37,7.02
2021-07-21,19.58,19.85,20.25,19.00,40673,81004018.00,6.45,2.43,0.47,8.41
2021-07-22,19.71,19.30,19.85,19.18,37152,72413397.00,3.38,-2.77,-0.55,7.68
2021-07-23,19.49,18.92,19.49,18.81,32758,62695421.00,3.52,-1.97,-0.38,6.77
2021-07-26,18.78,18.45,19.13,18.30,24806,46603054.00,4.39,-2.48,-0.47,5.13
2021-07-27,18.50,17.83,18.88,17.78,26380,48802737.00,5.96,-3.36,-0.62,5.45
2021-07-28,17.80,16.43,17.95,15.36,39372,65305445.00,14.53,-7.85,-1.40,8.14
2021-07-29,16.58,16.76,17.12,16.40,29036,48861965.00,4.38,2.01,0.33,6.00
2021-07-30,16.68,16.71,17.03,16.52,22665,38239151.00,3.04,-0.30,-0.05,4.69
2021-08-02,16.60,17.20,17.22,16.23,36800,62228459.00,5.92,2.93,0.49,7.61
2021-08-03,17.05,17.16,17.39,17.05,22243,38469938.00,1.98,-0.23,-0.04,4.60
2021-08-04,17.10,17.30,17.38,17.10,19533,33893549.00,1.63,0.82,0.14,4.04
2021-08-05,17.30,16.64,17.30,16.31,39073,65459161.00,5.72,-3.82,-0.66,8.08
2021-08-06,16.59,16.66,17.25,16.36,31212,52583134.00,5.35,0.12,0.02,6.45
2021-08-09,15.90,16.61,16.65,15.86,29711,48623030.00,4.74,-0.30,-0.05,6.14
2021-08-10,16.22,17.13,17.13,16.19,47103,79639259.00,5.66,3.13,0.52,9.24
2021-08-11,16.94,17.24,17.41,16.91,38922,67090785.00,2.92,0.64,0.11,7.63
2021-08-12,17.30,17.37,18.40,17.20,64348,114335653.00,6.96,0.75,0.13,12.62
2021-08-13,17.22,17.13,17.45,16.99,40427,69879958.00,2.65,-1.38,-0.24,7.93
2021-08-16,17.05,17.39,18.05,17.04,43817,77357822.00,5.90,1.52,0.26,8.59
2021-08-17,17.11,18.40,19.37,17.10,113952,208548601.00,13.05,5.81,1.01,22.34
2021-08-18,18.35,18.00,18.38,17.51,78534,141365794.00,4.73,-2.17,-0.40,15.40
2021-08-19,17.67,18.00,18.47,17.41,64357,116500187.00,5.89,0.00,0.00,12.62
2021-08-20,18.43,17.97,18.88,17.82,62644,115375849.00,5.89,-0.17,-0.03,12.28
2021-08-23,17.09,17.45,17.70,16.60,64251,111069980.00,6.12,-2.89,-0.52,12.60
2021-08-24,17.75,17.52,18.18,17.36,45472,80753201.00,4.70,0.40,0.07,8.92
2021-08-25,17.29,17.28,17.70,17.16,34957,61178408.00,3.08,-1.37,-0.24,6.85
2021-08-26,17.21,17.20,17.52,16.83,31721,54852046.00,3.99,-0.46,-0.08,6.22
2021-08-27,17.22,16.78,17.43,16.60,37065,63273116.00,4.83,-2.44,-0.42,7.27
2021-08-30,17.01,17.06,17.33,16.87,26192,44993941.00,2.74,1.67,0.28,5.14
2021-08-31,17.39,16.59,17.48,16.54,37090,63065232.00,5.51,-2.75,-0.47,7.27
2021-09-01,16.51,16.91,16.99,16.47,31789,53602299.00,3.13,1.93,0.32,6.23
2021-09-02,16.70,16.77,16.99,16.61,25496,43009820.00,2.25,-0.83,-0.14,5.00
2021-09-03,16.68,17.72,17.72,16.68,69466,121118295.00,6.20,5.66,0.95,13.62
2021-09-06,17.83,17.53,17.83,17.24,41149,72193308.00,3.33,-1.07,-0.19,8.07
2021-09-07,17.41,17.43,17.68,17.31,33743,59107881.00,2.11,-0.57,-0.10,6.62
2021-09-08,17.14,17.63,17.71,17.11,39035,68666816.00,3.44,1.15,0.20,7.65
2021-09-09,17.50,17.90,18.48,17.41,71048,128450847.00,6.07,1.53,0.27,13.93
2021-09-10,17.70,18.15,19.27,17.70,97990,182833091.00,8.77,1.40,0.25,19.21
2021-09-13,17.92,18.93,19.55,17.50,100448,186840984.00,11.29,4.30,0.78,19.70
2021-09-14,18.76,17.89,18.88,17.80,73377,134194486.00,5.71,-5.49,-1.04,14.39
2021-09-15,17.79,17.60,18.05,17.50,38166,67871583.00,3.07,-1.62,-0.29,7.48
2021-09-16,17.50,17.18,17.78,17.12,38232,66923923.00,3.75,-2.39,-0.42,7.50
2021-09-17,17.01,16.74,17.06,16.65,31389,53115678.00,2.39,-2.56,-0.44,6.15
2021-09-22,16.78,16.94,17.22,16.74,19103,32568707.00,2.87,1.19,0.20,3.75
2021-09-23,16.93,16.95,17.13,16.81,22685,38742962.00,1.89,0.06,0.01,4.45
2021-09-24,16.89,16.55,16.89,16.51,20876,35089787.00,2.24,-2.36,-0.40,4.09
2021-09-27,16.56,15.97,16.64,15.96,21438,34892091.00,4.11,-3.50,-0.58,4.20
2021-09-28,15.91,16.06,16.24,15.88,12417,20108633.00,2.25,0.56,0.09,2.43
2021-09-29,15.91,16.28,16.79,15.91,32341,53522637.00,5.48,1.37,0.22,6.34
2021-09-30,16.32,16.21,16.38,16.05,21681,35263640.00,2.03,-0.43,-0.07,4.25
2021-10-08,16.23,16.52,16.75,16.23,22006,36514893.00,3.21,1.91,0.31,4.31
2021-10-11,16.48,16.66,16.76,16.48,17024,28523884.00,1.69,0.85,0.14,3.34
2021-10-12,16.58,16.64,16.90,16.36,21386,35689822.00,3.24,-0.12,-0.02,4.19
2021-10-13,16.53,16.90,16.90,16.49,26794,45151148.00,2.46,1.56,0.26,5.25
2021-10-14,17.60,19.87,20.30,17.60,269018,537368336.00,15.98,17.57,2.97,52.75
2021-10-15,18.40,17.98,18.58,17.60,209111,380361984.00,4.93,-9.51,-1.89,41.00
2021-10-18,17.70,17.66,17.93,17.20,95291,168777013.00,4.06,-1.78,-0.32,18.68
2021-10-19,17.81,17.90,17.91,17.29,86216,152892400.00,3.51,1.36,0.24,16.91
2021-10-20,17.65,17.27,17.65,17.21,72329,126365371.00,2.46,-3.52,-0.63,14.18
2021-10-21,17.38,17.97,18.06,17.13,105198,186964670.00,5.39,4.05,0.70,20.63
2021-10-22,17.60,17.35,17.66,17.10,73756,128669516.00,3.12,-3.45,-0.62,14.46
2021-10-25,17.15,16.81,17.30,16.56,57247,96957404.00,4.27,-3.11,-0.54,11.22
2021-10-26,16.82,16.58,17.04,16.45,39070,65635523.00,3.51,-1.37,-0.23,7.66
2021-10-27,16.54,16.03,16.54,15.80,45562,73455426.00,4.46,-3.32,-0.55,8.93
2021-10-28,16.00,16.15,16.24,15.73,28938,46704398.00,3.18,0.75,0.12,5.67
2021-10-29,16.15,16.19,16.38,16.00,32124,52441084.00,2.35,0.25,0.04,6.30
2021-11-01,16.08,16.41,16.49,15.85,31625,51804197.00,3.95,1.36,0.22,6.20
2021-11-02,16.45,17.08,17.95,15.97,81408,138646442.00,12.07,4.08,0.67,15.96
2021-11-03,16.60,16.76,16.88,16.46,47810,80189888.00,2.46,-1.87,-0.32,9.37
2021-11-04,16.61,16.46,16.68,16.36,39797,65926060.00,1.91,-1.79,-0.30,7.80
2021-11-05,16.52,16.83,17.05,16.43,51480,86737824.00,3.77,2.25,0.37,10.09
2021-11-08,17.03,17.10,17.61,17.00,52287,90628379.00,3.62,1.60,0.27,10.25
2021-11-09,17.10,17.49,17.75,16.98,66311,116156918.00,4.50,2.28,0.39,13.00
2021-11-10,17.38,18.52,19.25,17.26,162511,302287744.00,11.38,5.89,1.03,31.86
2021-11-11,19.01,19.79,20.18,18.52,141410,275290144.00,8.96,6.86,1.27,27.73
2021-11-12,19.91,19.31,20.19,18.60,159329,309587984.00,8.03,-2.43,-0.48,31.24
2021-11-15,18.91,20.86,22.11,18.91,172670,359294720.00,16.57,8.03,1.55,33.86
2021-11-16,20.19,20.48,22.40,19.92,159769,334709232.00,11.89,-1.82,-0.38,31.33
2021-11-17,19.79,19.92,20.47,19.40,106067,213092700.00,5.22,-2.73,-0.56,20.80
2021-11-18,20.23,21.03,21.37,19.73,147283,307627760.00,8.23,5.57,1.11,28.88
2021-11-19,20.98,20.60,21.67,20.29,113679,238622530.00,6.56,-2.04,-0.43,22.29
2021-11-22,20.14,20.94,21.22,19.99,84884,175797717.00,5.97,1.65,0.34,16.64
2021-11-23,20.60,22.12,22.78,20.50,158943,346942720.00,10.89,5.64,1.18,31.17
2021-11-24,21.78,26.56,26.56,21.58,275072,674803248.00,22.51,20.07,4.44,53.94
2021-11-25,25.40,24.10,25.90,24.00,179206,448611632.00,7.15,-9.26,-2.46,35.14
2021-11-26,24.69,27.78,28.89,23.90,207911,562155472.00,20.71,15.27,3.68,40.77
2021-11-29,27.52,28.58,28.90,27.06,139979,393230528.00,6.62,2.88,0.80,27.45
2021-11-30,28.73,29.43,32.90,28.11,157393,468641136.00,16.76,2.97,0.85,30.86
2021-12-01,30.30,28.75,30.41,27.71,126529,365894496.00,9.17,-2.31,-0.68,24.81
2021-12-02,27.69,27.58,29.86,26.75,125431,354009216.00,10.82,-4.07,-1.17,24.59
2021-12-03,27.89,26.88,28.09,26.61,79793,217355445.00,5.37,-2.54,-0.70,15.65
2021-12-06,27.17,24.58,27.40,24.32,113241,287747584.00,11.46,-8.56,-2.30,22.20
2021-12-07,24.94,24.27,25.68,24.07,68191,170003293.00,6.55,-1.26,-0.31,13.37
2021-12-08,24.37,24.68,25.10,23.94,55815,137874724.00,4.78,1.69,0.41,10.94
2021-12-09,24.87,24.44,25.15,23.57,67694,164133702.00,6.40,-0.97,-0.24,13.27
2021-12-10,25.48,23.85,25.88,23.69,105043,258986358.00,8.96,-2.41,-0.59,20.60
2021-12-13,22.90,23.12,24.10,22.50,114702,265187630.00,6.71,-3.06,-0.73,22.49
2021-12-14,23.09,23.36,23.36,22.78,71542,165365709.00,2.51,1.04,0.24,14.03
2021-12-15,23.16,24.02,24.90,22.93,121894,290953296.00,8.43,2.83,0.66,23.90
2021-12-16,23.62,23.30,23.90,23.04,82658,193836855.00,3.58,-3.00,-0.72,16.21
2021-12-17,24.18,21.93,24.50,21.67,132706,306348720.00,12.15,-5.88,-1.37,26.02
2021-12-20,21.02,21.45,21.88,20.95,82862,177583493.00,4.24,-2.19,-0.48,16.25
2021-12-21,21.06,21.89,22.19,21.06,60788,133168071.00,5.27,2.05,0.44,11.92
2021-12-22,21.80,21.92,22.16,21.61,51801,113903552.00,2.51,0.14,0.03,10.16
2021-12-23,21.96,21.77,22.09,21.40,48172,104430405.00,3.15,-0.68,-0.15,9.45
2021-12-24,21.77,22.18,23.13,20.95,124621,278087488.00,10.01,1.88,0.41,24.44
2021-12-27,21.88,23.16,23.27,21.11,131098,296863600.00,9.74,4.42,0.98,25.71
2021-12-28,23.04,22.19,23.20,21.90,98956,223576110.00,5.61,-4.19,-0.97,19.40
2021-12-29,22.13,21.61,22.40,21.39,64086,140774474.00,4.55,-2.61,-0.58,12.57
2021-12-30,21.57,21.73,22.55,21.47,73498,162679650.00,5.00,0.56,0.12,14.41
2021-12-31,21.67,20.93,21.91,20.92,71861,154166837.00,4.56,-3.68,-0.80,14.09