2003-01-02,2.38,2.31,2.38,2.31,4125,2849709.75,2.94,-2.94,-0.07,0.54
2003-01-03,2.34,2.32,2.35,2.29,1152,792260.06,2.60,0.43,0.01,0.15
2003-01-06,2.29,2.37,2.38,2.29,1116,777303.69,3.88,2.16,0.05,0.15
2003-01-07,2.35,2.45,2.46,2.27,9954,7009024.50,8.02,3.38,0.08,1.31
2003-01-08,2.40,2.51,2.52,2.39,11132,8001970.50,5.31,2.45,0.06,1.47
2003-01-09,2.52,2.56,2.58,2.45,15180,11103716.00,5.18,1.99,0.05,2.00
2003-01-10,2.52,2.51,2.61,2.51,12387,9151328.00,3.91,-1.95,-0.05,1.63
2003-01-13,2.51,2.49,2.52,2.45,3477,2522288.00,2.79,-0.80,-0.02,0.46
2003-01-14,2.49,2.67,2.71,2.47,23807,17925504.00,9.64,7.23,0.18,3.14
2003-01-15,2.69,2.63,2.75,2.60,18844,14435944.00,5.62,-1.50,-0.04,2.48
2003-01-16,2.63,2.70,2.71,2.59,12246,9261855.00,4.56,2.66,0.07,1.61
2003-01-17,2.71,2.66,2.74,2.65,6574,5035086.50,3.33,-1.48,-0.04,0.87
2003-01-20,2.66,2.71,2.71,2.61,4196,3193280.00,3.76,1.88,0.05,0.55
2003-01-21,2.72,2.61,2.73,2.61,6987,5310237.50,4.43,-3.69,-0.10,0.92
2003-01-22,2.59,2.62,2.65,2.58,3894,2920255.75,2.68,0.38,0.01,0.51
2003-01-23,2.62,2.57,2.66,2.55,4855,3626008.50,4.20,-1.91,-0.05,0.64
2003-01-24,2.57,2.62,2.64,2.55,3488,2608889.75,3.50,1.95,0.05,0.46
2003-01-27,2.65,2.70,2.72,2.62,6021,4613211.50,3.82,3.05,0.08,0.79
2003-01-28,2.72,2.74,2.75,2.66,5400,4167105.50,3.33,1.48,0.04,0.71
2003-01-29,2.74,2.69,2.74,2.66,4689,3613382.25,2.92,-1.82,-0.05,0.62
2003-02-10,2.66,2.62,2.67,2.61,1597,1207271.00,2.23,-2.60,-0.07,0.21
2003-02-11,2.64,2.68,2.69,2.62,3968,3023619.75,2.67,2.29,0.06,0.52
2003-02-12,2.68,2.88,3.01,2.67,52945,42070596.00,12.69,7.46,0.20,6.98
2003-02-13,2.84,2.85,2.93,2.82,29134,23457866.00,3.82,-1.04,-0.03,3.84
2003-02-14,2.86,2.87,2.91,2.83,11875,9577496.00,2.81,0.70,0.02,1.56
2003-02-17,2.89,2.87,2.93,2.81,10859,8762228.00,4.18,0.00,0.00,1.43
2003-02-18,2.87,2.84,2.87,2.81,3991,3189889.50,2.09,-1.05,-0.03,0.53
2003-02-19,2.84,2.91,2.91,2.80,5451,4379553.50,3.87,2.46,0.07,0.72
2003-02-20,2.91,2.85,2.91,2.84,4197,3382833.75,2.41,-2.06,-0.06,0.55
2003-02-21,2.84,2.73,2.84,2.70,8281,6475409.00,4.91,-4.21,-0.12,1.09
2003-02-24,2.72,2.72,2.75,2.69,4677,3620828.25,2.20,-0.37,-0.01,0.62
2003-02-25,2.73,2.80,2.81,2.73,5169,4068517.75,2.94,2.94,0.08,0.68
2003-02-26,2.80,2.80,2.82,2.78,2134,1685953.50,1.43,0.00,0.00,0.28
2003-02-27,2.78,2.79,2.85,2.78,3373,2678026.75,2.50,-0.36,-0.01,0.44
2003-02-28,2.80,2.84,2.84,2.78,3913,3106177.00,2.15,1.79,0.05,0.52
2003-03-03,2.83,2.84,2.84,2.80,2367,1883855.25,1.41,0.00,0.00,0.31
2003-03-04,2.85,2.88,2.88,2.83,4389,3527117.75,1.76,1.41,0.04,0.58
2003-03-05,2.87,2.82,2.88,2.80,3275,2604037.25,2.78,-2.08,-0.06,0.43
2003-03-06,2.82,2.74,2.82,2.73,2970,2327310.50,3.19,-2.84,-0.08,0.39
2003-03-07,2.74,2.70,2.76,2.70,2762,2138036.75,2.19,-1.46,-0.04,0.36
2003-03-10,2.70,2.63,2.74,2.62,2629,2006686.75,4.44,-2.59,-0.07,0.35
2003-03-11,2.63,2.64,2.66,2.61,2297,1732292.62,1.90,0.38,0.01,0.30
2003-03-12,2.65,2.64,2.65,2.57,2551,1916824.00,3.03,0.00,0.00,0.34
2003-03-13,2.63,2.61,2.65,2.60,1694,1273225.38,1.89,-1.14,-0.03,0.22
2003-03-14,2.60,2.61,2.69,2.59,1977,1493002.00,3.83,0.00,0.00,0.26
2003-03-17,2.61,2.63,2.64,2.57,1415,1056624.62,2.68,0.77,0.02,0.19
2003-03-18,2.61,2.53,2.65,2.53,2685,2002115.75,4.56,-3.80,-0.10,0.35
2003-03-19,2.52,2.56,2.59,2.51,2013,1476282.38,3.16,1.19,0.03,0.27
2003-03-20,2.59,2.54,2.66,2.52,1295,957955.69,5.47,-0.78,-0.02,0.17
2003-03-21,2.56,2.61,2.61,2.54,1653,1232046.75,2.76,2.76,0.07,0.22
2003-03-24,2.61,2.60,2.61,2.56,1080,801774.38,1.92,-0.38,-0.01,0.14
2003-03-25,2.58,2.53,2.59,2.52,1859,1366733.75,2.69,-2.69,-0.07,0.24
2003-03-26,2.54,2.48,2.54,2.47,1696,1229277.62,2.77,-1.98,-0.05,0.22
2003-03-27,2.47,2.59,2.65,2.45,2883,2117573.25,8.06,4.44,0.11,0.38
2003-03-28,2.63,2.57,2.63,2.55,2920,2184440.25,3.09,-0.77,-0.02,0.38
2003-03-31,2.62,2.62,2.70,2.57,2690,2018926.00,5.06,1.95,0.05,0.35
2003-04-01,2.59,2.66,2.67,2.59,3805,2869850.50,3.05,1.53,0.04,0.50
2003-04-02,2.71,2.65,2.71,2.63,3718,2838812.75,3.01,-0.38,-0.01,0.49
2003-04-03,2.64,2.60,2.66,2.60,1648,1238724.25,2.26,-1.89,-0.05,0.22
2003-04-04,2.60,2.60,2.64,2.57,2697,2018065.38,2.69,0.00,0.00,0.36
2003-04-07,2.61,2.54,2.61,2.52,2778,2061295.62,3.46,-2.31,-0.06,0.37
2003-04-08,2.52,2.48,2.54,2.47,4326,3139782.25,2.76,-2.36,-0.06,0.57
2003-04-09,2.48,2.54,2.54,2.45,6320,4570368.00,3.63,2.42,0.06,0.83
2003-04-10,2.54,2.52,2.56,2.47,6048,4402397.50,3.54,-0.79,-0.02,0.80
2003-04-11,2.51,2.59,2.59,2.48,16158,11912364.00,4.37,2.78,0.07,2.13
2003-04-14,2.59,2.69,2.73,2.59,18923,14428393.00,5.41,3.86,0.10,2.49
2003-04-15,2.70,2.74,2.75,2.66,11690,9026480.00,3.35,1.86,0.05,1.54
2003-04-16,2.75,2.63,2.76,2.61,12024,9209205.00,5.47,-4.01,-0.11,1.58
2003-04-17,2.62,2.61,2.66,2.58,7577,5674795.50,3.04,-0.76,-0.02,1.00
2003-04-18,2.61,2.58,2.63,2.55,8007,5960384.00,3.07,-1.15,-0.03,1.05
2003-04-21,2.58,2.58,2.66,2.54,5330,3965621.75,4.65,0.00,0.00,0.70
2003-04-22,2.58,2.56,2.59,2.52,7241,5338441.00,2.71,-0.78,-0.02,0.95
2003-04-23,2.56,2.58,2.59,2.53,6148,4543052.50,2.34,0.78,0.02,0.81
2003-04-24,2.59,2.57,2.68,2.55,27327,20560690.00,5.04,-0.39,-0.01,3.60
2003-04-25,2.52,2.36,2.56,2.34,10901,7796006.00,8.56,-8.17,-0.21,1.44
2003-04-28,2.35,2.33,2.36,2.20,12943,8800692.00,6.78,-1.27,-0.03,1.71
2003-04-29,2.33,2.24,2.33,2.23,5322,3596606.25,4.29,-3.86,-0.09,0.70
2003-04-30,2.24,2.27,2.29,2.23,7149,4803111.00,2.68,1.34,0.03,0.94
2003-05-12,2.28,2.14,2.29,2.12,5963,3921612.50,7.49,-5.73,-0.13,0.79
2003-05-13,2.14,2.04,2.19,1.99,7033,4437060.50,9.35,-4.67,-0.10,0.93
2003-05-14,2.02,2.07,2.08,2.01,4586,2896317.00,3.43,1.47,0.03,0.60
2003-05-15,2.08,2.18,2.19,2.04,5922,3852631.25,7.25,5.31,0.11,0.78
2003-05-16,2.18,2.19,2.22,2.13,4855,3193055.00,4.13,0.46,0.01,0.64
2003-05-20,2.21,2.19,2.25,2.14,3788,2509888.00,5.02,0.00,0.00,0.50
2003-05-21,2.19,2.18,2.20,2.16,2530,1662910.88,1.83,-0.46,-0.01,0.33
2003-05-22,2.23,2.20,2.23,2.16,1930,1276225.25,3.21,0.92,0.02,0.25
2003-05-23,2.20,2.19,2.23,2.17,4631,3065863.75,2.73,-0.45,-0.01,0.61
2003-05-26,2.23,2.25,2.27,2.20,7833,5244113.00,3.20,2.74,0.06,1.03
2003-05-27,2.26,2.25,2.27,2.19,3203,2139863.50,3.56,0.00,0.00,0.42
2003-05-28,2.25,2.22,2.27,2.20,3849,2576014.00,3.11,-1.33,-0.03,0.51
2003-05-29,2.22,2.22,2.22,2.16,4047,2673758.25,2.70,0.00,0.00,0.53
2003-05-30,2.23,2.29,2.29,2.21,6239,4224802.50,3.60,3.15,0.07,0.82
2003-06-02,2.31,2.30,2.32,2.27,3025,2062966.25,2.18,0.44,0.01,0.40
2003-06-03,2.30,2.24,2.31,2.23,3564,2419220.75,3.48,-2.61,-0.06,0.47
2003-06-04,2.23,2.22,2.24,2.18,3398,2260085.25,2.68,-0.89,-0.02,0.45
2003-06-05,2.21,2.24,2.28,2.21,3171,2130121.00,3.15,0.90,0.02,0.42
2003-06-06,2.23,2.17,2.24,2.17,2624,1736590.75,3.13,-3.13,-0.07,0.35
2003-06-09,2.14,2.13,2.18,2.12,1833,1193508.00,2.76,-1.84,-0.04,0.24
2003-06-10,2.15,2.16,2.16,2.13,1018,664121.62,1.41,1.41,0.03,0.13
2003-06-11,2.18,2.20,2.21,2.15,1846,1219914.75,2.78,1.85,0.04,0.24
2003-06-12,2.20,2.19,2.23,2.17,1369,904708.25,2.73,-0.45,-0.01,0.18
2003-06-13,2.19,2.23,2.24,2.19,1619,1081476.88,2.28,1.83,0.04,0.21
2003-06-16,2.23,2.23,2.23,2.21,2654,1771896.50,0.90,0.00,0.00,0.35
2003-06-17,2.23,2.23,2.24,2.21,2055,1374945.75,1.35,0.00,0.00,0.27
2003-06-18,2.23,2.20,2.24,2.19,4645,3088884.50,2.24,-1.35,-0.03,0.61
2003-06-19,2.19,2.16,2.20,2.14,2672,1746118.25,2.73,-1.82,-0.04,0.35
2003-06-20,2.16,2.16,2.19,2.14,1245,814155.44,2.31,0.00,0.00,0.16
2003-06-23,2.14,2.14,2.17,2.13,1331,867013.88,1.85,-0.93,-0.02,0.18
2003-06-24,2.16,2.14,2.16,2.11,1605,1038721.00,2.34,0.00,0.00,0.21
2003-06-25,2.14,2.14,2.17,2.12,1142,743919.25,2.34,0.00,0.00,0.15
2003-06-26,2.14,2.14,2.16,2.11,2768,1792458.75,2.34,0.00,0.00,0.36
2003-06-27,2.18,2.09,2.18,2.08,1552,991035.12,4.67,-2.34,-0.05,0.20
2003-06-30,2.09,2.07,2.11,2.06,1334,838118.50,2.39,-0.96,-0.02,0.18
2003-07-01,2.11,2.07,2.11,2.06,1353,850618.81,2.42,0.00,0.00,0.18
2003-07-02,2.09,2.06,2.09,2.05,1209,752288.50,1.93,-0.48,-0.01,0.16
2003-07-03,2.06,2.07,2.09,2.06,1438,896883.06,1.46,0.49,0.01,0.19
2003-07-04,2.07,2.04,2.09,2.02,4184,2591866.75,3.38,-1.45,-0.03,0.55
2003-07-07,2.04,2.04,2.05,2.01,2615,1606392.38,1.96,0.00,0.00,0.34
2003-07-08,2.02,2.08,2.08,2.02,1456,906520.56,2.94,1.96,0.04,0.19
2003-07-09,2.09,2.05,2.09,2.05,888,552436.00,1.92,-1.44,-0.03,0.12
2003-07-10,2.05,2.11,2.11,2.03,2918,1835682.25,3.90,2.93,0.06,0.38
2003-07-11,2.12,2.07,2.12,2.06,2065,1291880.62,2.84,-1.90,-0.04,0.27
2003-07-14,2.07,2.07,2.09,2.04,1935,1204832.12,2.42,0.00,0.00,0.25
2003-07-15,2.06,2.07,2.08,2.02,2322,1437381.00,2.90,0.00,0.00,0.31
2003-07-16,2.07,2.06,2.07,2.04,1196,742089.19,1.45,-0.48,-0.01,0.16
2003-07-17,2.05,2.04,2.06,2.02,2857,1765630.75,1.94,-0.97,-0.02,0.38
2003-07-18,2.04,1.98,2.05,1.96,2963,1816936.25,4.41,-2.94,-0.06,0.39
2003-07-21,1.95,1.92,1.97,1.89,3146,1864345.75,4.04,-3.03,-0.06,0.41
2003-07-22,1.95,1.97,1.98,1.92,1909,1142862.75,3.13,2.60,0.05,0.25
2003-07-23,1.98,1.98,1.99,1.93,1400,840208.12,3.05,0.51,0.01,0.18
2003-07-24,1.95,2.03,2.04,1.95,5186,3179770.50,4.55,2.53,0.05,0.68
2003-07-25,2.03,2.01,2.03,1.97,2393,1460536.12,2.96,-0.99,-0.02,0.32
2003-07-28,1.98,1.95,2.00,1.94,2241,1346743.12,2.99,-2.99,-0.06,0.30
2003-07-29,1.95,1.98,2.02,1.95,4675,2827518.75,3.59,1.54,0.03,0.62
2003-07-30,1.98,2.00,2.01,1.96,1561,947296.69,2.53,1.01,0.02,0.21
2003-07-31,1.98,1.96,1.98,1.95,1144,690678.31,1.50,-2.00,-0.04,0.15
2003-08-01,1.95,2.01,2.02,1.93,2465,1485096.50,4.59,2.55,0.05,0.32
2003-08-04,2.03,2.12,2.12,2.02,28070,17580592.00,4.98,5.47,0.11,3.70
2003-08-05,2.09,2.09,2.12,2.07,6711,4219030.00,2.36,-1.42,-0.03,0.88
2003-08-06,2.09,2.10,2.11,2.06,3555,2235158.25,2.39,0.48,0.01,0.47
2003-08-07,2.09,2.08,2.10,2.06,3006,1884166.38,1.90,-0.95,-0.02,0.40
2003-08-08,2.08,1.99,2.08,1.97,4485,2738243.00,5.29,-4.33,-0.09,0.59
2003-08-11,1.98,2.00,2.01,1.95,1116,677129.12,3.02,0.50,0.01,0.15
2003-08-12,2.00,2.02,2.02,1.99,1226,748576.06,1.50,1.00,0.02,0.16
2003-08-13,2.02,1.98,2.02,1.97,1769,1074744.75,2.48,-1.98,-0.04,0.23
2003-08-14,1.97,1.98,2.01,1.96,2031,1233778.50,2.53,0.00,0.00,0.27
2003-08-15,1.98,2.00,2.01,1.97,1411,856584.00,2.02,1.01,0.02,0.19
2003-08-18,2.00,1.98,2.00,1.96,1031,625472.12,2.00,-1.00,-0.02,0.14
2003-08-19,1.99,2.01,2.02,1.98,1411,861729.19,2.02,1.52,0.03,0.19
2003-08-20,2.02,2.02,2.03,1.99,1184,723133.88,1.99,0.50,0.01,0.16
2003-08-21,2.02,2.06,2.06,2.00,2411,1486644.25,2.97,1.98,0.04,0.32
2003-08-22,2.04,2.05,2.07,2.02,1799,1115113.00,2.43,-0.49,-0.01,0.24
2003-08-25,2.04,2.02,2.04,2.01,1632,1002311.25,1.46,-1.46,-0.03,0.22
2003-08-26,2.02,2.01,2.02,1.97,1354,824913.19,2.48,-0.50,-0.01,0.18
2003-08-27,2.01,2.03,2.04,2.00,1332,818912.50,1.99,1.00,0.02,0.18
2003-08-28,2.02,2.01,2.04,1.99,1078,662265.88,2.46,-0.99,-0.02,0.14
2003-08-29,1.99,2.00,2.01,1.98,1069,649270.75,1.49,-0.50,-0.01,0.14
2003-09-01,2.00,2.07,2.07,1.98,2163,1333550.62,4.50,3.50,0.07,0.28
2003-09-02,2.04,2.08,2.08,2.03,2517,1564925.88,2.42,0.48,0.01,0.33
2003-09-03,2.05,2.10,2.12,2.04,3680,2308092.75,3.85,0.96,0.02,0.48
2003-09-04,2.10,2.09,2.13,2.08,2370,1492850.75,2.38,-0.48,-0.01,0.31
2003-09-05,2.08,2.12,2.17,2.02,8558,5448347.50,7.18,1.44,0.03,1.13
2003-09-08,2.10,2.23,2.27,2.10,22433,14724219.00,8.02,5.19,0.11,2.96
2003-09-09,2.21,2.25,2.26,2.18,9501,6251219.50,3.59,0.90,0.02,1.25
2003-09-10,2.23,2.17,2.23,2.17,5372,3495446.75,2.67,-3.56,-0.08,0.71
2003-09-11,2.17,2.09,2.17,2.09,5450,3460063.00,3.69,-3.69,-0.08,0.72
2003-09-12,2.09,2.08,2.13,2.07,3493,2202456.00,2.87,-0.48,-0.01,0.46
2003-09-15,2.12,1.98,2.12,1.97,4554,2808407.00,7.21,-4.81,-0.10,0.60
2003-09-16,1.99,2.02,2.02,1.91,4387,2642122.50,5.56,2.02,0.04,0.58
2003-09-17,1.99,1.95,2.02,1.93,2545,1530318.12,4.46,-3.47,-0.07,0.34
2003-09-18,1.95,1.95,1.97,1.94,2421,1451192.50,1.54,0.00,0.00,0.32
2003-09-19,1.95,1.95,1.95,1.91,1702,1014645.12,2.05,0.00,0.00,0.22
2003-09-22,1.96,1.94,1.96,1.92,1228,733873.00,2.05,-0.51,-0.01,0.16
2003-09-23,1.95,2.02,2.08,1.94,3601,2216183.00,7.22,4.12,0.08,0.47
2003-09-24,2.03,2.02,2.05,1.99,2044,1253496.75,2.97,0.00,0.00,0.27
2003-09-25,2.00,1.96,2.02,1.95,1838,1113565.50,3.47,-2.97,-0.06,0.24
2003-09-26,1.95,1.93,1.95,1.93,2006,1197335.25,1.02,-1.53,-0.03,0.26
2003-09-29,1.93,1.84,1.93,1.84,2300,1343738.12,4.66,-4.66,-0.09,0.30
2003-09-30,1.82,1.83,1.87,1.80,2705,1551242.75,3.80,-0.54,-0.01,0.36
2003-10-08,1.84,1.87,1.88,1.81,847,487861.00,3.83,2.19,0.04,0.11
2003-10-09,1.86,1.85,1.88,1.83,1121,649115.19,2.67,-1.07,-0.02,0.15
2003-10-10,1.81,1.91,1.93,1.81,2549,1489278.38,6.49,3.24,0.06,0.34
2003-10-13,1.93,1.91,1.95,1.86,2109,1239980.75,4.71,0.00,0.00,0.28
2003-10-14,1.88,1.85,1.90,1.84,1147,665064.00,3.14,-3.14,-0.06,0.15
2003-10-15,1.85,1.86,1.94,1.84,1282,746721.19,5.41,0.54,0.01,0.17
2003-10-16,1.86,1.81,1.86,1.81,1398,803803.00,2.69,-2.69,-0.05,0.18
2003-10-17,1.81,1.81,1.85,1.81,962,549156.06,2.21,0.00,0.00,0.13
2003-10-20,1.81,1.73,1.81,1.72,1844,1029769.00,4.97,-4.42,-0.08,0.24
2003-10-21,1.73,1.75,1.77,1.73,841,466925.44,2.31,1.16,0.02,0.11
2003-10-22,1.81,1.84,1.88,1.76,1810,1028317.31,6.86,5.14,0.09,0.24
2003-10-23,1.82,1.78,1.86,1.78,1229,703574.69,4.35,-3.26,-0.06,0.16
2003-10-24,1.77,1.79,1.81,1.77,951,535698.00,2.25,0.56,0.01,0.13
2003-10-27,1.78,1.69,1.78,1.59,1530,836718.81,10.61,-5.59,-0.10,0.20
2003-10-28,1.70,1.70,1.72,1.66,1516,824552.94,3.55,0.59,0.01,0.20
2003-10-29,1.70,1.62,1.72,1.60,2110,1120532.50,7.06,-4.71,-0.08,0.28
2003-10-30,1.62,1.51,1.62,1.49,3413,1734239.12,8.02,-6.79,-0.11,0.45
2003-10-31,1.51,1.53,1.58,1.50,1428,725796.50,5.30,1.32,0.02,0.19
2003-11-03,1.52,1.57,1.58,1.51,1804,920147.25,4.58,2.61,0.04,0.24
2003-11-04,1.57,1.62,1.65,1.56,3434,1798876.00,5.73,3.18,0.05,0.45
2003-11-05,1.62,1.53,1.62,1.52,1563,805726.88,6.17,-5.56,-0.09,0.21
2003-11-06,1.51,1.42,1.53,1.40,4410,2160183.75,8.50,-7.19,-0.11,0.58
2003-11-07,1.41,1.37,1.41,1.32,3259,1545511.12,6.34,-3.52,-0.05,0.43
2003-11-10,1.35,1.35,1.36,1.31,1258,588961.00,3.65,-1.46,-0.02,0.17
2003-11-11,1.35,1.37,1.39,1.33,1308,617218.81,4.44,1.48,0.02,0.17
2003-11-12,1.35,1.32,1.35,1.32,851,397280.34,2.19,-3.65,-0.05,0.11
2003-11-13,1.32,1.35,1.36,1.28,1533,713846.69,6.06,2.27,0.03,0.20
2003-11-14,1.34,1.38,1.40,1.31,1987,937534.62,6.67,2.22,0.03,0.26
2003-11-17,1.39,1.37,1.39,1.34,1025,486950.69,3.62,-0.72,-0.01,0.13
2003-11-18,1.36,1.35,1.38,1.35,929,440423.09,2.19,-1.46,-0.02,0.12
2003-11-19,1.38,1.42,1.43,1.36,2057,994851.62,5.19,5.19,0.07,0.27
2003-11-20,1.42,1.53,1.53,1.42,5516,2754431.00,7.75,7.75,0.11,0.73
2003-11-21,1.56,1.45,1.56,1.44,4353,2174203.75,7.84,-5.23,-0.08,0.57
2003-11-24,1.44,1.53,1.53,1.44,4344,2185559.75,6.21,5.52,0.08,0.57
2003-11-25,1.54,1.58,1.64,1.52,9289,4820405.00,7.84,3.27,0.05,1.22
2003-11-26,1.57,1.58,1.63,1.54,4272,2215562.25,5.70,0.00,0.00,0.56
2003-11-27,1.59,1.51,1.60,1.51,2745,1400090.50,5.70,-4.43,-0.07,0.36
2003-11-28,1.51,1.52,1.53,1.49,3238,1629306.50,2.65,0.66,0.01,0.43
2003-12-01,1.51,1.57,1.58,1.51,3450,1773174.38,4.61,3.29,0.05,0.45
2003-12-02,1.58,1.58,1.60,1.55,3219,1666820.88,3.18,0.64,0.01,0.42
2003-12-03,1.57,1.60,1.63,1.55,5077,2654474.75,5.06,1.27,0.02,0.67
2003-12-04,1.60,1.67,1.69,1.58,21952,11635022.00,6.88,4.38,0.07,2.89
2003-12-05,1.65,1.62,1.67,1.61,5807,3080190.75,3.59,-2.99,-0.05,0.77
2003-12-08,1.63,1.57,1.63,1.56,3548,1852684.50,4.32,-3.09,-0.05,0.47
2003-12-09,1.53,1.57,1.57,1.53,2372,1217933.12,2.55,0.00,0.00,0.31
2003-12-10,1.57,1.58,1.58,1.53,5242,2708034.75,3.18,0.64,0.01,0.69
2003-12-11,1.59,1.60,1.60,1.57,4080,2124172.75,1.90,1.27,0.02,0.54
2003-12-12,1.60,1.61,1.63,1.59,4137,2177841.25,2.50,0.63,0.01,0.55
2003-12-15,1.62,1.62,1.64,1.60,2431,1281122.00,2.48,0.62,0.01,0.32
2003-12-16,1.61,1.58,1.61,1.53,7846,4069398.50,4.94,-2.47,-0.04,1.03
2003-12-17,1.56,1.52,1.58,1.52,2855,1466323.00,3.80,-3.80,-0.06,0.38
2003-12-18,1.52,1.45,1.57,1.45,3923,1967706.50,7.89,-4.61,-0.07,0.52
2003-12-19,1.45,1.37,1.55,1.32,7091,3383620.75,15.86,-5.52,-0.08,0.93
2003-12-22,1.35,1.40,1.41,1.30,6315,2963624.00,8.03,2.19,0.03,0.83
2003-12-23,1.41,1.45,1.48,1.37,11766,5688002.50,7.86,3.57,0.05,1.55
2003-12-24,1.44,1.42,1.44,1.39,4675,2263365.50,3.45,-2.07,-0.03,0.62
2003-12-25,1.41,1.37,1.43,1.36,6048,2885582.25,4.93,-3.52,-0.05,0.80
2003-12-26,1.38,1.39,1.41,1.38,2326,1115633.75,2.19,1.46,0.02,0.31
2003-12-29,1.39,1.35,1.39,1.31,5334,2511640.25,5.76,-2.88,-0.04,0.70
2003-12-30,1.35,1.35,1.36,1.33,3498,1643312.38,2.22,0.00,0.00,0.46
2003-12-31,1.35,1.37,1.43,1.34,2452,1160928.12,6.67,1.48,0.02,0.32