2015-01-05,6.44,6.53,6.56,6.37,50398,36016440.00,2.95,1.56,0.10,1.43
2015-01-06,6.47,6.64,6.66,6.45,59804,43304729.00,3.22,1.68,0.11,1.70
2015-01-07,6.66,6.58,6.68,6.51,37411,27132629.00,2.56,-0.90,-0.06,1.06
2015-01-08,6.55,6.55,6.60,6.51,31041,22387819.00,1.37,-0.46,-0.03,0.88
2015-01-09,6.54,6.50,6.59,6.50,33960,24473248.00,1.37,-0.76,-0.05,0.97
2015-01-12,6.48,6.25,6.48,6.24,45869,32079655.00,3.69,-3.85,-0.25,1.30
2015-01-13,6.24,6.32,6.32,6.24,20316,14128420.00,1.28,1.12,0.07,0.58
2015-01-14,6.32,6.28,6.38,6.26,18292,12772928.00,1.90,-0.63,-0.04,0.52
2015-01-15,6.30,6.36,6.36,6.29,19194,13392272.00,1.11,1.27,0.08,0.55
2015-01-16,6.38,6.38,6.39,6.31,27560,19329979.00,1.26,0.31,0.02,0.78
2015-01-19,6.31,6.11,6.31,6.03,39132,26832119.00,4.39,-4.23,-0.27,1.11
2015-01-20,6.13,6.29,6.29,6.12,34122,23470320.00,2.78,2.95,0.18,0.97
2015-01-21,6.34,6.53,6.55,6.34,70176,50235687.00,3.34,3.82,0.24,2.00
2015-01-22,6.50,6.56,6.59,6.45,55100,39699861.00,2.14,0.46,0.03,1.57
2015-01-23,6.56,6.49,6.60,6.47,41715,29953175.00,1.98,-1.07,-0.07,1.19
2015-01-26,6.48,6.70,6.72,6.48,77890,56745623.00,3.70,3.24,0.21,2.22
2015-01-27,6.70,6.69,6.76,6.60,68835,50491402.00,2.39,-0.15,-0.01,1.96
2015-01-28,6.66,6.63,6.73,6.62,54830,40135253.00,1.64,-0.90,-0.06,1.56
2015-01-29,6.60,6.60,6.66,6.57,37395,27171445.00,1.36,-0.45,-0.03,1.06
2015-01-30,6.63,6.53,6.64,6.48,36124,26056218.00,2.42,-1.06,-0.07,1.03
2015-02-02,6.49,6.52,6.56,6.46,30707,22044430.00,1.53,-0.15,-0.01,0.87
2015-02-03,6.54,6.57,6.59,6.49,31951,23058139.00,1.53,0.77,0.05,0.91
2015-02-04,6.57,6.54,6.63,6.52,28084,20341695.00,1.67,-0.46,-0.03,0.80
2015-02-05,6.59,6.43,6.62,6.42,39746,28477882.00,3.06,-1.68,-0.11,1.13
2015-02-06,6.42,6.51,6.55,6.37,45398,32428527.00,2.80,1.24,0.08,1.29
2015-02-09,6.45,6.48,6.60,6.45,24373,17513708.00,2.30,-0.46,-0.03,0.69
2015-02-10,6.48,6.44,6.53,6.43,23157,16498711.00,1.54,-0.62,-0.04,0.66
2015-02-11,6.45,6.47,6.48,6.42,20005,14218932.00,0.93,0.47,0.03,0.57
2015-02-12,6.49,6.60,6.61,6.43,43366,31158327.00,2.78,2.01,0.13,1.23
2015-02-13,6.64,6.65,6.71,6.61,59094,43272686.00,1.52,0.76,0.05,1.68
2015-02-16,6.67,6.70,6.73,6.66,47559,34966085.00,1.05,0.75,0.05,1.35
2015-02-17,6.74,6.70,6.74,6.67,44079,32406594.00,1.04,0.00,0.00,1.25
2015-02-25,6.72,6.75,6.81,6.67,60205,44500884.00,2.09,0.75,0.05,1.71
2015-02-26,6.72,6.79,6.79,6.70,51460,38156217.00,1.33,0.59,0.04,1.46
2015-02-27,6.80,7.03,7.03,6.80,141086,107319918.00,3.39,3.53,0.24,4.01
2015-03-02,7.54,7.64,7.76,7.10,270433,223226187.00,9.39,8.68,0.61,7.69
2015-03-03,7.65,7.42,7.73,7.42,152142,125096800.00,4.06,-2.88,-0.22,4.33
2015-03-04,7.38,7.41,7.49,7.25,95196,76354828.00,3.23,-0.13,-0.01,2.71
2015-03-05,7.42,7.44,7.57,7.35,87471,71054688.00,2.97,0.40,0.03,2.49
2015-03-06,7.44,7.27,7.53,7.20,72302,57748788.00,4.44,-2.28,-0.17,2.06
2015-03-09,7.27,7.93,8.06,7.27,193042,162023291.00,10.87,9.08,0.66,5.49
2015-03-10,7.87,7.79,8.12,7.77,131308,112544306.00,4.41,-1.77,-0.14,3.73
2015-03-11,7.83,7.74,7.89,7.71,57041,48065518.00,2.31,-0.64,-0.05,1.62
2015-03-12,7.76,7.82,8.09,7.74,79405,67956223.00,4.52,1.03,0.08,2.26
2015-03-13,7.99,8.10,8.31,7.91,117424,102872492.00,5.12,3.58,0.28,3.34
2015-03-16,8.26,8.71,8.97,8.03,174269,160963034.00,11.60,7.53,0.61,4.96
2015-03-17,8.71,8.73,8.93,8.58,134896,126249365.00,4.02,0.23,0.02,3.84
2015-03-18,8.72,8.75,8.82,8.61,102454,95888093.00,2.41,0.23,0.02,2.91
2015-03-19,8.74,9.02,9.03,8.64,146285,139154157.00,4.46,3.09,0.27,4.16
2015-03-20,9.02,8.94,9.28,8.84,98496,95610005.00,4.88,-0.89,-0.08,2.80
2015-03-23,8.90,8.93,8.97,8.71,118393,112357570.00,2.91,-0.11,-0.01,3.37
2015-03-24,9.09,8.64,9.09,8.46,174630,163626927.00,7.05,-3.25,-0.29,4.97
2015-03-25,8.60,8.61,8.70,8.40,124017,113673785.00,3.47,-0.35,-0.03,3.53
2015-03-26,8.57,8.44,8.57,8.40,103319,94294406.00,1.97,-1.97,-0.17,2.94
2015-03-27,8.47,8.51,8.61,8.43,74331,68211095.00,2.13,0.83,0.07,2.11
2015-03-30,8.52,8.84,8.99,8.52,141452,134078998.00,5.52,3.88,0.33,4.02
2015-03-31,8.89,8.52,8.99,8.42,136558,127161029.00,6.45,-3.62,-0.32,3.88
2015-04-01,8.54,8.63,8.68,8.47,99284,91845306.00,2.46,1.29,0.11,2.82
2015-04-02,8.69,8.89,8.90,8.63,137735,130194331.00,3.13,3.01,0.26,3.92
2015-04-03,8.84,9.71,9.79,8.78,247835,247214926.00,11.36,9.22,0.82,7.05
2015-04-07,9.68,9.56,9.69,9.42,157319,160760743.00,2.78,-1.54,-0.15,4.47
2015-04-08,9.59,9.58,9.86,9.44,145494,149509931.00,4.39,0.21,0.02,4.14
2015-04-09,9.56,9.17,9.60,8.90,133863,131647466.00,7.31,-4.28,-0.41,3.81
2015-04-10,9.17,9.38,9.39,8.97,85470,85018402.00,4.58,2.29,0.21,2.43
2015-04-13,9.38,9.90,10.04,9.29,176522,181893194.00,8.00,5.54,0.52,5.02
2015-04-14,9.90,9.83,10.15,9.75,163176,173144249.00,4.04,-0.71,-0.07,4.64
2015-04-15,10.22,9.94,10.34,9.69,187676,202185337.00,6.61,1.12,0.11,5.34
2015-04-16,9.75,10.02,10.12,9.65,133768,141613222.00,4.73,0.80,0.08,3.80
2015-04-17,10.04,10.12,10.29,9.95,158313,170570744.00,3.39,1.00,0.10,4.50
2015-04-20,10.05,9.47,10.05,9.41,155974,162297457.00,6.32,-6.42,-0.65,4.44
2015-04-21,9.47,9.82,9.83,9.47,84483,87383506.00,3.80,3.70,0.35,2.40
2015-04-22,9.86,10.13,10.21,9.86,120910,129626143.00,3.56,3.16,0.31,3.44
2015-04-23,10.17,9.94,10.22,9.86,146681,156379299.00,3.55,-1.88,-0.19,4.17
2015-04-24,9.70,10.04,10.05,9.62,115768,121717834.00,4.33,1.01,0.10,3.29
2015-04-27,10.15,10.38,10.59,10.15,187195,206524326.00,4.38,3.39,0.34,5.32
2015-04-28,10.39,9.97,10.46,9.84,132524,142249265.00,5.97,-3.95,-0.41,3.77
2015-04-29,9.87,10.60,10.60,9.82,195292,215452264.00,7.82,6.32,0.63,5.55
2015-04-30,10.63,10.73,11.32,10.63,251736,293014640.00,6.51,1.23,0.13,7.16
2015-05-04,10.74,10.82,10.96,10.52,132370,151424316.00,4.10,0.84,0.09,3.76
2015-05-05,10.74,10.25,10.83,10.20,123558,137329338.00,5.82,-5.27,-0.57,3.51
2015-05-06,10.28,9.84,10.51,9.70,105339,114583532.00,7.90,-4.00,-0.41,3.00
2015-05-07,9.80,9.43,9.92,9.42,87121,89465605.00,5.08,-4.17,-0.41,2.48
2015-05-08,9.61,9.80,9.82,9.44,99265,101822396.00,4.03,3.92,0.37,2.82
2015-05-11,9.83,10.24,10.30,9.73,121381,130146057.00,5.82,4.49,0.44,3.45
2015-05-12,10.24,10.68,10.74,10.14,152193,169387269.00,5.86,4.30,0.44,4.33
2015-05-13,10.68,10.45,10.68,10.32,134468,149651319.00,3.37,-2.15,-0.23,3.82
2015-05-14,10.47,10.54,10.55,10.35,109733,122237951.00,1.91,0.86,0.09,3.12
2015-05-15,10.58,9.94,10.58,9.89,164459,177652198.00,6.55,-5.69,-0.60,4.68
2015-05-18,9.84,10.17,10.18,9.79,95228,102038632.00,3.92,2.31,0.23,2.71
2015-05-19,10.14,10.47,10.61,10.06,154086,171013083.00,5.41,2.95,0.30,4.38
2015-05-20,10.51,11.58,11.58,10.44,249062,291718848.00,10.89,10.60,1.11,7.08
2015-05-21,11.90,12.07,12.51,11.73,384184,486518912.00,6.74,4.23,0.49,10.92
2015-05-22,12.09,12.73,12.89,11.86,328558,430408672.00,8.53,5.47,0.66,9.34
2015-05-25,12.92,12.87,13.32,12.60,298990,406376160.00,5.66,1.10,0.14,8.50
2015-05-26,13.00,13.12,13.18,12.59,276292,374202992.00,4.58,1.94,0.25,7.86
2015-05-27,13.04,12.93,13.04,12.64,225591,303869840.00,3.05,-1.45,-0.19,6.41
2015-05-28,12.89,12.48,13.34,12.46,275994,376658048.00,6.81,-3.48,-0.45,7.85
2015-05-29,12.36,12.54,12.87,12.04,177792,233281373.00,6.65,0.48,0.06,5.06
2015-06-01,12.59,13.51,13.67,12.58,226298,311613824.00,8.69,7.74,0.97,6.43
2015-06-02,13.60,14.40,14.69,13.44,289433,424672192.00,9.25,6.59,0.89,8.23
2015-06-03,14.22,14.12,14.69,13.85,210048,311395584.00,5.83,-1.94,-0.28,5.97
2015-06-04,14.04,14.26,14.63,13.04,217403,317948480.00,11.26,0.99,0.14,6.18
2015-06-05,14.36,14.70,15.17,14.25,243015,371708944.00,6.45,3.09,0.44,6.91
2015-06-08,14.66,15.04,15.23,14.44,252601,393317936.00,5.37,2.31,0.34,7.18
2015-06-09,15.02,14.65,15.03,14.35,188133,288577696.00,4.52,-2.59,-0.39,5.35
2015-06-10,14.46,14.67,15.00,14.22,157363,242679568.00,5.32,0.14,0.02,4.47
2015-06-11,14.72,14.59,14.84,14.33,167291,253235000.00,3.48,-0.55,-0.08,4.76
2015-06-12,14.49,14.65,14.68,14.35,208680,317016128.00,2.26,0.41,0.06,5.93
2015-06-15,14.66,15.14,15.33,14.55,233268,364848672.00,5.32,3.34,0.49,6.63
2015-06-16,14.85,13.83,14.88,13.79,187823,280657888.00,7.20,-8.65,-1.31,5.34
2015-06-17,14.01,13.99,14.12,12.97,129575,185084925.00,8.32,1.16,0.16,3.68
2015-06-18,14.02,13.25,14.11,13.22,105564,151895817.00,6.36,-5.29,-0.74,3.00
2015-06-19,12.86,11.87,12.92,11.87,129300,167864680.00,7.92,-10.42,-1.38,3.68
2015-06-23,12.02,11.80,12.27,10.78,130127,159213507.00,12.55,-0.59,-0.07,3.70
2015-06-24,12.04,12.26,12.40,11.63,139029,176488333.00,6.53,3.90,0.46,3.95
2015-06-25,12.26,12.12,12.78,11.80,157752,205192551.00,7.99,-1.14,-0.14,4.49
2015-06-26,11.82,10.85,11.86,10.85,165339,194596554.00,8.33,-10.48,-1.27,4.70
2015-06-29,11.31,10.00,11.31,9.71,177033,193827619.00,14.75,-7.83,-0.85,5.03
2015-06-30,9.87,10.68,10.79,9.20,174193,184946414.00,15.90,6.80,0.68,4.95
2015-07-01,10.71,10.43,11.41,10.27,188202,217190181.00,10.67,-2.34,-0.25,5.35
2015-07-02,10.48,10.40,10.92,9.90,164087,181294835.00,9.78,-0.29,-0.03,4.67
2015-07-03,10.44,10.30,11.12,9.40,169328,183365796.00,16.54,-0.96,-0.10,4.82
2015-07-06,11.39,10.48,11.39,9.53,177170,198244162.00,18.06,1.75,0.18,5.04
2015-07-07,10.00,9.37,10.22,9.37,95479,96861233.00,8.11,-10.59,-1.11,2.72
2015-07-08,8.38,8.38,8.38,8.38,7572,6784512.00,0.00,-10.57,-0.99,0.22
2015-07-09,7.48,9.28,9.28,7.48,293103,264977649.00,21.48,10.74,0.90,8.33
2015-07-10,9.15,10.27,10.27,8.93,289290,307413984.00,14.44,10.67,0.99,8.23
2015-07-13,10.22,11.21,11.22,10.22,332519,378938192.00,9.74,9.15,0.94,9.46
2015-07-14,10.87,10.47,11.33,10.42,297160,338662880.00,8.12,-6.60,-0.74,8.45
2015-07-15,10.27,9.37,10.31,9.37,177625,182978029.00,8.98,-10.51,-1.10,5.05
2015-07-16,8.91,9.38,9.80,8.43,131935,129817665.00,14.62,0.11,0.01,3.75
2015-07-17,9.38,9.88,10.10,9.33,138536,143176053.00,8.21,5.33,0.50,3.94
2015-07-20,9.92,9.89,10.26,9.72,138386,145616173.00,5.47,0.10,0.01,3.94
2015-07-21,9.77,10.05,10.24,9.42,130589,137561946.00,8.29,1.62,0.16,3.71
2015-07-22,9.92,10.12,10.19,9.80,114202,121168295.00,3.88,0.70,0.07,3.25
2015-07-23,10.22,10.56,10.68,10.06,183619,201872124.00,6.13,4.35,0.44,5.22
2015-07-24,10.53,10.17,10.80,10.00,193763,214477760.00,7.58,-3.69,-0.39,5.51
2015-07-27,9.92,9.10,10.12,9.10,137047,140896362.00,10.03,-10.52,-1.07,3.90
2015-07-28,8.32,8.64,9.20,8.14,140972,129482108.00,11.65,-5.05,-0.46,4.01
2015-07-29,8.80,9.09,9.12,8.40,104224,96735303.00,8.33,5.21,0.45,2.96
2015-07-30,9.01,8.92,9.23,8.87,109527,105876006.00,3.96,-1.87,-0.17,3.11
2015-07-31,8.79,8.95,9.11,8.72,89720,84945314.00,4.37,0.34,0.03,2.55
2015-08-03,8.88,8.64,9.01,8.23,74798,69233794.00,8.72,-3.46,-0.31,2.13
2015-08-04,8.72,9.47,9.53,8.67,131493,127427094.00,9.95,9.61,0.83,3.74
2015-08-05,9.34,9.13,9.57,9.07,98596,97996470.00,5.28,-3.59,-0.34,2.80
2015-08-06,8.98,9.14,9.24,8.82,58347,56449034.00,4.60,0.11,0.01,1.66
2015-08-07,9.22,9.74,9.89,9.22,147741,150878936.00,7.33,6.56,0.60,4.20
2015-08-10,9.82,10.31,10.38,9.82,150378,160812868.00,5.75,5.85,0.57,4.28
2015-08-11,10.02,10.09,10.27,9.95,164508,175529413.00,3.10,-2.13,-0.22,4.68
2015-08-12,9.93,10.43,10.66,9.87,200459,218113966.00,7.83,3.37,0.34,5.70
2015-08-13,10.39,10.85,10.88,10.30,204215,228335112.00,5.56,4.03,0.42,5.81
2015-08-28,9.71,9.97,10.90,9.71,468216,489777344.00,10.97,-8.11,-0.88,13.31
2015-08-31,9.31,8.92,9.31,8.92,261914,250148723.00,3.91,-10.53,-1.05,7.45
2015-09-01,8.04,7.97,8.32,7.97,128525,110264428.00,3.92,-10.65,-0.95,3.65
2015-09-02,7.12,7.32,7.76,7.12,233427,182586408.00,8.03,-8.16,-0.65,6.64
2015-09-07,7.37,7.06,7.62,6.93,160552,128319590.00,9.43,-3.55,-0.26,4.57
2015-09-08,6.94,7.29,7.36,6.73,143691,109736917.00,8.92,3.26,0.23,4.09
2015-09-09,7.37,7.57,7.59,7.22,203211,163745291.00,5.08,3.84,0.28,5.78
2015-09-10,7.41,7.25,7.48,7.24,101549,80818129.00,3.17,-4.23,-0.32,2.89
2015-09-11,7.30,7.48,7.51,7.21,105811,84408905.00,4.14,3.17,0.23,3.01
2015-09-14,7.48,6.67,7.59,6.67,128370,97776130.00,12.30,-10.83,-0.81,3.65
2015-09-15,6.43,5.95,6.67,5.95,117746,80091116.00,10.79,-10.79,-0.72,3.35
2015-09-16,6.02,6.54,6.59,5.97,124968,85927890.00,10.42,9.92,0.59,3.55
2015-09-17,6.42,6.25,6.61,6.25,139739,97986056.00,5.50,-4.43,-0.29,3.97
2015-09-18,6.26,6.36,6.37,6.15,78827,53830409.00,3.52,1.76,0.11,2.24
2015-09-21,6.25,6.55,6.57,6.16,98335,68954068.00,6.45,2.99,0.19,2.80
2015-09-22,6.57,6.57,6.65,6.47,106571,76030548.00,2.75,0.31,0.02,3.03
2015-09-23,6.48,6.32,6.54,6.25,82388,57452237.00,4.41,-3.81,-0.25,2.34
2015-09-24,6.37,6.49,6.53,6.36,63660,44737762.00,2.69,2.69,0.17,1.81
2015-09-25,6.42,6.33,6.55,6.23,81651,57073349.00,4.93,-2.47,-0.16,2.32
2015-09-28,6.35,6.40,6.40,6.22,33736,23366181.00,2.84,1.11,0.07,0.96
2015-09-29,6.31,6.25,6.35,6.24,40407,27779513.00,1.72,-2.34,-0.15,1.15
2015-09-30,6.29,6.31,6.37,6.28,32576,22487040.00,1.44,0.96,0.06,0.93
2015-10-08,6.52,7.00,7.00,6.44,159448,116603588.00,8.87,10.94,0.69,4.53
2015-10-09,6.90,7.10,7.27,6.77,194400,148210861.00,7.14,1.43,0.10,5.53
2015-10-12,7.15,7.61,7.82,7.12,220490,179394758.00,9.86,7.18,0.51,6.27
2015-10-13,7.53,7.59,7.69,7.40,107151,86773195.00,3.81,-0.26,-0.02,3.05
2015-10-14,7.55,7.27,7.61,7.25,88877,71153779.00,4.74,-4.22,-0.32,2.53
2015-10-15,7.30,7.55,7.56,7.27,83318,66897368.00,3.99,3.85,0.28,2.37
2015-10-16,7.63,7.72,7.80,7.52,147841,122231456.00,3.71,2.25,0.17,4.20
2015-10-19,7.63,7.63,7.76,7.56,105286,86665138.00,2.59,-1.17,-0.09,2.99
2015-10-20,7.60,7.81,7.85,7.57,105017,87338386.00,3.67,2.36,0.18,2.99
2015-10-21,7.79,7.14,7.89,7.02,108741,88355532.00,11.14,-8.58,-0.67,3.09
2015-10-22,7.17,7.39,7.40,7.07,74939,58630656.00,4.62,3.50,0.25,2.13
2015-10-23,7.43,7.57,7.62,7.34,81219,65317806.00,3.79,2.44,0.18,2.31
2015-10-26,7.65,7.87,8.02,7.55,165123,138614640.00,6.21,3.96,0.30,4.70
2015-10-27,7.81,7.82,7.88,7.37,93902,77628826.00,6.48,-0.64,-0.05,2.67
2015-10-28,7.77,7.74,8.02,7.68,95676,80897754.00,4.35,-1.02,-0.08,2.72
2015-10-29,7.80,8.14,8.21,7.73,169554,146065232.00,6.20,5.17,0.40,4.82
2015-10-30,8.12,7.91,8.12,7.80,120807,103122279.00,3.93,-2.83,-0.23,3.44
2015-11-02,7.82,7.71,7.98,7.64,101696,85266655.00,4.30,-2.53,-0.20,2.89
2015-11-03,7.73,7.57,7.83,7.51,80931,66360207.00,4.15,-1.82,-0.14,2.30
2015-11-04,7.63,7.99,8.02,7.60,98786,83340393.00,5.55,5.55,0.42,2.81
2015-11-05,8.13,7.99,8.16,7.90,127362,109302404.00,3.25,0.00,0.00,3.62
2015-11-06,8.00,8.20,8.32,7.96,130155,114210060.00,4.51,2.63,0.21,3.70
2015-11-09,8.23,8.38,8.48,8.18,174465,155230983.00,3.66,2.20,0.18,4.96
2015-11-10,8.29,8.27,8.37,8.17,114238,101130560.00,2.39,-1.31,-0.11,3.25
2015-11-11,8.25,8.40,8.40,8.23,98858,87866698.00,2.06,1.57,0.13,2.81
2015-11-12,8.44,8.32,8.46,8.27,81836,73056240.00,2.26,-0.95,-0.08,2.33
2015-11-13,8.26,8.48,8.56,8.18,129421,116573853.00,4.57,1.92,0.16,3.68
2015-11-16,8.33,8.66,8.67,8.27,127633,115266196.00,4.72,2.12,0.18,3.63
2015-11-17,8.61,8.87,8.99,8.59,171918,160963723.00,4.62,2.42,0.21,4.89
2015-11-18,8.80,8.67,8.98,8.65,95888,90238847.00,3.72,-2.25,-0.20,2.73
2015-11-19,8.66,8.68,8.76,8.44,106182,97120324.00,3.69,0.12,0.01,3.02
2015-11-20,8.67,8.59,8.67,8.53,76177,69936214.00,1.61,-1.04,-0.09,2.17
2015-11-23,8.59,8.50,8.73,8.40,92943,85408894.00,3.84,-1.05,-0.09,2.64
2015-11-24,8.53,8.53,8.56,8.35,61403,55527920.00,2.47,0.35,0.03,1.75
2015-11-25,8.54,8.77,8.79,8.53,101889,94419288.00,3.05,2.81,0.24,2.90
2015-11-26,8.72,8.81,8.92,8.72,100414,94372490.00,2.28,0.46,0.04,2.86
2015-11-27,8.76,8.42,8.77,7.93,90728,81499104.00,9.53,-4.43,-0.39,2.58
2015-11-30,8.30,8.47,8.52,7.72,92319,80817986.00,9.50,0.59,0.05,2.63
2015-12-01,8.30,8.41,8.57,8.23,75534,67730476.00,4.01,-0.71,-0.06,2.15
2015-12-02,8.40,8.60,8.65,8.10,71597,64298104.00,6.54,2.26,0.19,2.04
2015-12-03,8.57,8.73,8.79,8.52,73841,68087292.00,3.14,1.51,0.13,2.10
2015-12-04,8.63,8.60,8.73,8.48,63715,58453635.00,2.86,-1.49,-0.13,1.81
2015-12-07,8.59,8.64,8.77,8.57,64527,59517097.00,2.33,0.47,0.04,1.83
2015-12-08,8.65,8.23,8.65,8.23,63869,57310039.00,4.86,-4.75,-0.41,1.82
2015-12-09,8.17,8.14,8.31,8.11,31213,27405626.00,2.43,-1.09,-0.09,0.89
2015-12-10,8.15,8.23,8.31,8.07,30891,27156290.00,2.95,1.11,0.09,0.88
2015-12-11,8.22,8.11,8.22,7.96,31450,27214888.00,3.16,-1.46,-0.12,0.89
2015-12-14,8.11,8.32,8.36,8.00,38643,34094190.00,4.44,2.59,0.21,1.10
2015-12-15,8.32,8.33,8.49,8.30,34893,31299047.00,2.28,0.12,0.01,0.99
2015-12-16,8.36,8.34,8.48,8.30,46414,41678360.00,2.16,0.12,0.01,1.32
2015-12-17,8.39,8.57,8.58,8.39,72839,66260880.00,2.28,2.76,0.23,2.07
2015-12-18,8.54,8.59,8.63,8.49,82964,75899228.00,1.63,0.23,0.02,2.36
2015-12-21,8.54,8.71,8.74,8.49,95679,88385982.00,2.91,1.40,0.12,2.72
2015-12-22,8.74,8.72,8.81,8.60,85491,79233440.00,2.41,0.11,0.01,2.43
2015-12-23,8.72,8.63,8.76,8.62,78079,72338339.00,1.61,-1.03,-0.09,2.22
2015-12-24,8.55,8.37,8.62,8.28,74276,66686096.00,3.94,-3.01,-0.26,2.11
2015-12-25,8.38,9.14,9.18,8.35,180572,168861203.00,9.92,9.20,0.77,5.13
2015-12-28,9.07,9.09,9.41,8.98,227057,221195017.00,4.70,-0.55,-0.05,6.46
2015-12-29,9.02,9.22,9.24,8.80,113208,108413206.00,4.84,1.43,0.13,3.22
2015-12-30,9.17,9.47,9.63,9.13,157811,158430046.00,5.42,2.71,0.25,4.49
2015-12-31,9.47,9.06,9.47,9.00,92950,91672352.00,4.96,-4.33,-0.41,2.64