2001-01-02,5.21,5.30,5.35,5.21,7280,7858808.00,2.68,1.53,0.08,1.03
2001-01-03,5.32,5.45,5.47,5.29,24437,27155148.00,3.40,2.83,0.15,3.44
2001-01-04,5.44,5.44,5.49,5.38,17996,20118794.00,2.02,-0.18,-0.01,2.54
2001-01-05,5.44,5.46,5.49,5.40,13875,15504963.00,1.65,0.37,0.02,1.89
2001-01-08,5.49,5.41,5.54,5.38,12670,14119310.00,2.93,-0.92,-0.05,1.73
2001-01-09,5.38,5.43,5.48,5.38,8877,9885504.00,1.85,0.37,0.02,1.21
2001-01-10,5.41,5.52,5.56,5.41,17204,19478046.00,2.76,1.66,0.09,2.34
2001-01-11,5.53,5.49,5.56,5.47,8930,10102896.00,1.63,-0.54,-0.03,1.22
2001-01-12,5.49,5.37,5.49,5.36,9766,10827833.00,2.37,-2.19,-0.12,1.33
2001-01-15,5.33,5.18,5.33,5.16,10543,11243002.00,3.17,-3.54,-0.19,1.44
2001-01-16,5.14,5.22,5.23,5.09,8446,8818272.00,2.70,0.77,0.04,1.15
2001-01-17,5.20,5.17,5.22,5.15,5750,6020977.50,1.34,-0.96,-0.05,0.78
2001-01-18,5.17,5.16,5.22,5.14,4522,4732623.50,1.55,-0.19,-0.01,0.62
2001-01-19,5.17,5.22,5.24,5.17,3494,3690669.75,1.36,1.16,0.06,0.48
2001-02-05,5.23,5.10,5.23,5.09,4627,4809655.00,2.68,-2.30,-0.12,0.63
2001-02-06,5.10,5.18,5.19,5.05,4404,4537301.00,2.75,1.57,0.08,0.60
2001-02-07,5.19,5.14,5.19,5.12,2029,2108224.50,1.35,-0.77,-0.04,0.28
2001-02-08,5.12,5.04,5.16,5.02,4661,4744470.00,2.72,-1.95,-0.10,0.63
2001-02-09,5.05,5.10,5.13,5.04,4855,4959023.50,1.79,1.19,0.06,0.66
2001-02-12,5.10,5.11,5.12,5.05,1713,1747393.25,1.37,0.20,0.01,0.23
2001-02-13,5.11,5.12,5.17,5.10,1846,1909102.50,1.37,0.20,0.01,0.25
2001-02-14,5.12,5.13,5.14,5.10,1404,1447599.25,0.78,0.20,0.01,0.19
2001-02-15,5.15,5.06,5.15,5.06,1782,1822017.75,1.75,-1.36,-0.07,0.24
2001-02-16,5.03,4.98,5.05,4.90,5375,5295741.00,2.96,-1.58,-0.08,0.73
2001-02-19,4.93,4.90,4.93,4.82,7387,7122017.00,2.21,-1.61,-0.08,1.01
2001-02-20,4.88,4.86,4.96,4.86,7285,7074165.00,2.04,-0.82,-0.04,0.99
2001-02-21,4.85,4.75,4.85,4.74,5851,5503270.50,2.26,-2.26,-0.11,0.80
2001-02-22,4.71,4.75,4.81,4.68,3728,3465752.75,2.74,0.00,0.00,0.51
2001-02-23,4.75,4.79,4.82,4.75,3055,2874457.00,1.47,0.84,0.04,0.42
2001-02-26,4.82,4.83,4.84,4.79,3279,3102293.50,1.04,0.84,0.04,0.45
2001-02-27,4.82,4.86,4.88,4.82,2538,2424693.75,1.24,0.62,0.03,0.35
2001-02-28,4.86,4.84,4.88,4.82,1966,1880845.50,1.23,-0.41,-0.02,0.27
2001-03-01,4.83,4.85,4.86,4.83,2278,2174939.50,0.62,0.21,0.01,0.31
2001-03-02,4.85,4.91,4.92,4.85,3958,3825774.25,1.44,1.24,0.06,0.54
2001-03-05,4.94,4.88,4.95,4.86,4597,4457591.50,1.83,-0.61,-0.03,0.63
2001-03-06,4.87,4.83,4.88,4.80,4915,4684410.00,1.64,-1.02,-0.05,0.67
2001-03-07,4.83,4.84,4.87,4.82,4340,4150415.50,1.04,0.21,0.01,0.59
2001-03-08,4.85,4.87,4.88,4.82,8722,8348589.50,1.24,0.62,0.03,1.19
2001-03-09,4.89,4.92,4.94,4.89,14881,14501842.00,1.03,1.03,0.05,2.03
2001-03-12,4.97,4.99,5.01,4.93,5336,5075802.00,1.63,1.42,0.07,0.56
2001-03-13,4.97,4.95,4.98,4.92,4364,4135185.00,1.20,-0.80,-0.04,0.46
2001-03-14,4.93,4.99,5.00,4.91,3189,3024196.00,1.82,0.81,0.04,0.33
2001-03-15,4.99,5.05,5.06,4.97,4680,4480011.00,1.80,1.20,0.06,0.49
2001-03-16,5.06,5.13,5.14,4.99,7187,7015453.00,2.97,1.58,0.08,0.75
2001-03-19,5.14,5.17,5.19,5.11,7254,7165151.50,1.56,0.78,0.04,0.76
2001-03-20,5.17,5.29,5.29,5.15,12684,12717271.00,2.71,2.32,0.12,1.33
2001-03-21,5.30,5.26,5.38,5.25,23949,24523158.00,2.46,-0.57,-0.03,2.51
2001-03-22,5.29,5.28,5.35,5.26,14399,14644983.00,1.71,0.38,0.02,1.51
2001-03-23,5.30,5.14,5.31,5.11,15333,15311021.00,3.79,-2.65,-0.14,1.61
2001-03-26,5.11,5.27,5.27,5.10,15782,15735692.00,3.31,2.53,0.13,1.65
2001-03-27,5.30,5.37,5.38,5.29,12000,12350718.00,1.71,1.90,0.10,1.26
2001-03-28,5.38,5.40,5.42,5.38,16118,16763083.00,0.74,0.56,0.03,1.69
2001-03-29,5.40,5.35,5.42,5.33,10187,10514098.00,1.67,-0.93,-0.05,1.07
2001-03-30,5.35,5.31,5.35,5.29,7415,7584558.00,1.12,-0.75,-0.04,0.78
2001-04-02,5.30,5.33,5.38,5.30,5886,6042766.00,1.51,0.38,0.02,0.62
2001-04-03,5.33,5.29,5.35,5.27,6132,6243898.00,1.50,-0.75,-0.04,0.64
2001-04-04,5.29,5.18,5.30,5.16,9328,9396553.00,2.65,-2.08,-0.11,0.98
2001-04-05,5.18,5.26,5.26,5.16,6410,6415856.00,1.93,1.54,0.08,0.67
2001-04-06,5.27,5.17,5.29,5.17,9173,9160280.00,2.28,-1.71,-0.09,0.96
2001-04-09,5.20,5.29,5.32,5.16,6913,6999693.00,3.09,2.32,0.12,0.72
2001-04-10,5.30,5.31,5.32,5.27,7113,7247878.50,0.95,0.38,0.02,0.75
2001-04-11,5.33,5.32,5.35,5.24,12415,12675889.00,2.07,0.19,0.01,1.30
2001-04-12,5.33,5.29,5.34,5.27,6143,6252394.50,1.32,-0.56,-0.03,0.64
2001-04-13,5.24,5.26,5.29,5.21,11802,11915657.00,1.51,-0.57,-0.03,1.24
2001-04-16,5.27,5.36,5.39,5.25,18789,19295096.00,2.66,1.90,0.10,1.97
2001-04-17,5.38,5.35,5.39,5.28,17715,18111680.00,2.05,-0.19,-0.01,1.86
2001-04-18,5.35,5.32,5.37,5.31,11232,11525782.00,1.12,-0.56,-0.03,1.18
2001-04-19,5.31,5.34,5.37,5.28,9403,9624442.00,1.69,0.38,0.02,0.99
2001-04-20,5.34,5.37,5.45,5.32,21835,22690552.00,2.43,0.56,0.03,2.29
2001-04-23,5.38,5.48,5.48,5.35,36663,38316856.00,2.42,2.05,0.11,3.84
2001-04-24,5.49,5.48,5.52,5.42,12000,12627693.00,1.82,0.00,0.00,1.26
2001-04-25,5.49,5.31,5.50,5.29,15687,16168762.00,3.83,-3.10,-0.17,1.64
2001-04-26,5.30,5.21,5.30,5.21,10743,10849272.00,1.69,-1.88,-0.10,1.13
2001-04-27,5.18,5.23,5.26,5.18,8022,8049977.50,1.54,0.38,0.02,0.84
2001-04-30,5.23,5.21,5.26,5.19,5272,5273997.00,1.34,-0.38,-0.02,0.55
2001-05-08,5.21,5.27,5.27,5.21,2685,2706524.00,1.15,1.15,0.06,0.28
2001-05-09,5.28,5.33,5.34,5.26,4411,4494736.50,1.52,1.14,0.06,0.46
2001-05-10,5.34,5.39,5.39,5.33,8206,8487526.00,1.13,1.13,0.06,0.86
2001-05-11,5.40,5.38,5.42,5.34,5521,5710265.50,1.48,-0.19,-0.01,0.58
2001-05-14,5.40,5.45,5.48,5.38,17815,18697084.00,1.86,1.30,0.07,1.87
2001-05-15,5.46,5.41,5.48,5.38,9414,9811264.00,1.83,-0.73,-0.04,0.99
2001-05-16,5.42,5.40,5.45,5.36,9867,10239233.00,1.66,-0.18,-0.01,1.03
2001-05-17,5.40,5.35,5.42,5.32,8979,9247903.00,1.85,-0.93,-0.05,0.94
2001-05-21,5.37,5.56,5.57,5.37,34156,36133508.00,3.74,3.93,0.21,3.58
2001-05-22,5.59,5.62,5.63,5.50,43251,46570196.00,2.34,1.08,0.06,4.53
2001-05-23,5.63,5.56,5.66,5.50,34882,37659268.00,2.85,-1.07,-0.06,3.66
2001-05-24,5.56,5.64,5.66,5.53,23757,25811994.00,2.34,1.44,0.08,2.49
2001-05-25,5.65,5.59,5.65,5.54,13295,14362707.00,1.95,-0.89,-0.05,1.39
2001-05-28,5.60,5.47,5.61,5.45,11317,12065249.00,2.86,-2.15,-0.12,1.19
2001-05-29,5.50,5.47,5.54,5.45,9133,9666195.00,1.65,0.00,0.00,0.96
2001-05-30,5.47,5.55,5.58,5.47,10212,10941190.00,2.01,1.46,0.08,1.07
2001-05-31,5.55,5.66,5.69,5.55,24309,26512378.00,2.52,1.98,0.11,2.55
2001-06-01,5.66,5.66,5.73,5.61,16898,18549848.00,2.12,0.00,0.00,1.77
2001-06-04,5.67,5.74,5.78,5.67,17699,19707060.00,1.94,1.41,0.08,1.85
2001-06-05,5.74,5.70,5.77,5.66,17963,19785432.00,1.92,-0.70,-0.04,1.88
2001-06-06,5.71,5.86,5.87,5.64,24224,26972884.00,4.04,2.81,0.16,2.54
2001-06-07,5.86,5.75,5.87,5.74,14267,16007977.00,2.22,-1.88,-0.11,1.49
2001-06-08,5.74,5.72,5.76,5.67,14167,15655614.00,1.57,-0.52,-0.03,1.48
2001-06-11,5.72,5.83,5.83,5.72,16061,18009684.00,1.92,1.92,0.11,1.68
2001-06-12,5.83,5.86,5.89,5.79,15994,18146820.00,1.72,0.51,0.03,1.68
2001-06-13,5.86,5.88,5.89,5.80,14625,16562520.00,1.54,0.34,0.02,1.53
2001-06-14,5.88,5.73,5.95,5.69,38527,43813640.00,4.42,-2.55,-0.15,4.04
2001-06-15,5.73,5.73,5.78,5.66,19709,21836788.00,2.09,0.00,0.00,2.07
2001-06-18,5.73,5.56,5.76,5.50,19189,20792182.00,4.54,-2.97,-0.17,2.01
2001-06-19,5.54,5.59,5.60,5.52,10026,10787083.00,1.44,0.54,0.03,1.05
2001-06-20,5.59,5.51,5.62,5.50,7192,7724888.00,2.15,-1.43,-0.08,0.75
2001-06-21,5.51,5.59,5.59,5.51,6355,6820880.50,1.45,1.45,0.08,0.67
2001-06-22,5.59,5.60,5.64,5.57,6448,6979306.00,1.25,0.18,0.01,0.68
2001-06-25,5.64,5.70,5.71,5.60,10053,11017961.00,1.96,1.79,0.10,1.05
2001-06-26,5.82,5.73,5.82,5.69,11079,12325002.00,2.28,0.53,0.03,1.16
2001-06-27,5.76,5.76,5.78,5.69,8715,9679263.00,1.57,0.52,0.03,0.91
2001-06-28,5.78,5.66,5.82,5.65,9272,10244639.00,2.95,-1.74,-0.10,0.97
2001-06-29,5.64,5.59,5.69,5.58,8031,8719994.00,1.94,-1.24,-0.07,0.84
2001-07-02,5.59,5.58,5.64,5.56,5464,5895196.00,1.43,-0.18,-0.01,0.57
2001-07-03,5.59,5.63,5.63,5.54,4099,4429402.00,1.61,0.90,0.05,0.43
2001-07-04,5.63,5.60,5.66,5.59,3747,4078330.00,1.24,-0.53,-0.03,0.39
2001-07-05,5.59,5.52,5.60,5.51,6175,6609048.00,1.61,-1.43,-0.08,0.65
2001-07-06,5.55,5.48,5.55,5.46,7299,7724747.00,1.63,-0.72,-0.04,0.76
2001-07-09,5.49,5.50,5.53,5.47,3860,4054785.50,1.09,0.36,0.02,0.40
2001-07-10,5.53,5.56,5.58,5.52,3508,3725188.00,1.09,1.09,0.06,0.37
2001-07-11,5.58,5.48,5.58,5.47,3971,4176848.25,1.98,-1.44,-0.08,0.42
2001-07-12,5.47,5.42,5.47,5.40,6151,6372222.00,1.28,-1.09,-0.06,0.64
2001-07-13,5.42,5.40,5.47,5.40,4361,4513083.00,1.29,-0.37,-0.02,0.46
2001-07-16,5.44,5.39,5.49,5.39,4545,4698187.50,1.85,-0.19,-0.01,0.48
2001-07-17,5.40,5.38,5.40,5.34,6171,6304829.00,1.11,-0.19,-0.01,0.65
2001-07-18,5.42,5.47,5.48,5.35,3883,4010890.25,2.42,1.67,0.09,0.41
2001-07-19,5.56,5.58,5.63,5.55,18265,19566700.00,1.46,2.01,0.11,1.91
2001-07-20,5.59,5.60,5.63,5.52,6068,6486391.50,1.97,0.36,0.02,0.64
2001-07-23,5.60,5.58,5.66,5.57,4847,5199572.00,1.61,-0.36,-0.02,0.51
2001-07-24,5.56,5.47,5.57,5.44,5345,5615458.50,2.33,-1.97,-0.11,0.56
2001-07-25,5.44,5.55,5.65,5.41,10392,11090201.00,4.39,1.46,0.08,1.09
2001-07-26,5.54,5.49,5.56,5.45,3964,4161746.00,1.98,-1.08,-0.06,0.42
2001-07-27,5.50,5.47,5.53,5.44,3843,4026311.25,1.64,-0.36,-0.02,0.40
2001-07-30,5.26,4.97,5.34,4.97,15162,14912233.00,6.76,-9.14,-0.50,1.59
2001-07-31,4.82,4.87,5.06,4.79,6856,6377613.00,5.43,-2.01,-0.10,0.72
2001-08-01,5.01,5.06,5.08,4.92,4792,4541133.00,3.29,3.90,0.19,0.50
2001-08-02,5.05,5.00,5.05,4.89,3800,3568657.00,3.16,-1.19,-0.06,0.40
2001-08-03,5.00,4.97,5.05,4.95,2017,1910010.00,2.00,-0.60,-0.03,0.21
2001-08-06,4.87,4.73,4.93,4.71,7286,6583800.00,4.43,-4.83,-0.24,0.76
2001-08-07,4.72,4.83,4.85,4.69,3625,3283176.00,3.38,2.11,0.10,0.38
2001-08-08,4.84,4.82,4.85,4.77,2213,2013623.50,1.66,-0.21,-0.01,0.23
2001-08-09,4.82,4.94,4.94,4.81,2775,2560539.75,2.70,2.49,0.12,0.29
2001-08-10,4.95,4.99,5.01,4.94,3711,3498615.00,1.42,1.01,0.05,0.39
2001-08-13,4.98,4.97,5.02,4.94,2638,2485423.50,1.60,-0.40,-0.02,0.28
2001-08-14,4.95,4.87,5.00,4.84,3407,3175321.25,3.22,-2.01,-0.10,0.36
2001-08-15,4.96,4.92,4.98,4.89,2276,2114685.25,1.85,1.03,0.05,0.24
2001-08-16,4.89,4.81,4.92,4.81,1850,1696132.00,2.24,-2.24,-0.11,0.19
2001-08-17,4.82,4.82,4.84,4.78,3052,2769495.50,1.25,0.21,0.01,0.32
2001-08-20,4.82,4.84,4.86,4.80,1744,1592928.62,1.24,0.41,0.02,0.18
2001-08-21,4.86,4.87,4.91,4.84,1806,1666023.75,1.45,0.62,0.03,0.19
2001-08-22,4.87,4.80,4.89,4.77,2939,2661905.50,2.46,-1.44,-0.07,0.31
2001-08-23,4.77,4.79,4.80,4.71,2783,2494517.75,1.88,-0.21,-0.01,0.29
2001-08-24,4.78,4.73,4.82,4.71,2870,2567682.25,2.30,-1.25,-0.06,0.30
2001-08-27,4.70,4.55,4.70,4.55,3498,3023211.50,3.17,-3.81,-0.18,0.37
2001-08-28,4.53,4.63,4.63,4.49,2635,2243074.50,3.08,1.76,0.08,0.28
2001-08-29,4.63,4.61,4.68,4.59,2785,2429488.00,1.94,-0.43,-0.02,0.29
2001-08-30,4.61,4.59,4.65,4.58,1274,1103071.62,1.52,-0.43,-0.02,0.13
2001-08-31,4.67,4.62,4.67,4.60,954,829098.44,1.53,0.65,0.03,0.10
2001-09-03,4.60,4.55,4.60,4.55,1089,934554.69,1.08,-1.52,-0.07,0.11
2001-09-04,4.53,4.68,4.68,4.53,2195,1912596.75,3.30,2.86,0.13,0.23
2001-09-05,4.68,4.69,4.77,4.65,2427,2153714.00,2.56,0.21,0.01,0.25
2001-09-06,4.69,4.65,4.70,4.63,1337,1173376.75,1.49,-0.85,-0.04,0.14
2001-09-07,4.65,4.52,4.67,4.52,1933,1655676.75,3.23,-2.80,-0.13,0.20
2001-09-10,4.39,4.62,4.63,4.39,2316,1975480.38,5.31,2.21,0.10,0.24
2001-09-11,4.58,4.61,4.66,4.56,1967,1705610.88,2.16,-0.22,-0.01,0.21
2001-09-12,4.53,4.53,4.56,4.39,3630,3058044.00,3.69,-1.74,-0.08,0.38
2001-09-13,4.53,4.49,4.59,4.49,1422,1205661.75,2.21,-0.88,-0.04,0.15
2001-09-14,4.47,4.35,4.50,4.35,4501,3704540.75,3.34,-3.12,-0.14,0.47
2001-09-17,4.34,4.25,4.39,4.24,3678,2948155.50,3.45,-2.30,-0.10,0.39
2001-09-18,4.24,4.29,4.34,4.24,2625,2099229.25,2.35,0.94,0.04,0.28
2001-09-19,4.29,4.35,4.35,4.27,2746,2208408.25,1.86,1.40,0.06,0.29
2001-09-20,4.35,4.35,4.41,4.33,1551,1267764.25,1.84,0.00,0.00,0.16
2001-09-21,4.33,4.30,4.35,4.29,1403,1130748.62,1.38,-1.15,-0.05,0.15
2001-09-24,4.25,4.28,4.29,4.25,1706,1359836.38,0.93,-0.47,-0.02,0.18
2001-09-25,4.29,4.30,4.37,4.28,1129,906180.62,2.10,0.47,0.02,0.12
2001-09-26,4.29,4.25,4.30,4.24,1204,955022.31,1.40,-1.16,-0.05,0.13
2001-09-27,4.23,4.25,4.29,4.21,1466,1161561.12,1.88,0.00,0.00,0.15
2001-09-28,4.23,4.21,4.29,4.20,1306,1026424.25,2.12,-0.94,-0.04,0.14
2001-10-08,4.21,4.07,4.23,4.05,1605,1223156.25,4.28,-3.33,-0.14,0.17
2001-10-09,4.09,4.15,4.18,4.06,1336,1022191.38,2.95,1.97,0.08,0.14
2001-10-10,4.12,3.99,4.12,3.96,2279,1688160.88,3.86,-3.86,-0.16,0.24
2001-10-11,3.99,3.90,4.04,3.85,2914,2091687.25,4.76,-2.26,-0.09,0.31
2001-10-12,3.91,4.00,4.04,3.81,3641,2649174.25,5.90,2.56,0.10,0.38
2001-10-15,4.00,4.06,4.07,3.96,2712,2025170.12,2.75,1.50,0.06,0.28
2001-10-16,4.05,3.97,4.06,3.93,1505,1107451.50,3.20,-2.22,-0.09,0.16
2001-10-17,3.99,3.91,3.99,3.90,1092,790809.69,2.27,-1.51,-0.06,0.11
2001-10-18,3.91,3.90,3.94,3.87,1195,857577.44,1.79,-0.26,-0.01,0.13
2001-10-19,3.88,3.77,3.90,3.75,3897,2729948.50,3.85,-3.33,-0.13,0.41
2001-10-22,3.77,3.63,3.77,3.63,2403,1629994.38,3.71,-3.71,-0.14,0.25
2001-10-23,3.95,3.95,3.95,3.82,7148,5167028.50,3.58,8.82,0.32,0.75
2001-10-24,4.05,4.16,4.24,3.98,13602,10325952.00,6.58,5.32,0.21,1.43
2001-10-25,4.11,4.01,4.11,4.00,5570,4177322.75,2.64,-3.61,-0.15,0.58
2001-10-26,3.96,3.99,4.01,3.91,2702,1977881.62,2.49,-0.50,-0.02,0.28
2001-10-29,4.02,4.06,4.06,3.96,3293,2450548.00,2.51,1.75,0.07,0.35
2001-10-30,4.08,4.01,4.08,4.01,2095,1562984.25,1.72,-1.23,-0.05,0.22
2001-10-31,4.00,4.01,4.01,3.94,1583,1157406.00,1.75,0.00,0.00,0.17
2001-11-01,4.00,4.11,4.14,4.00,3582,2713832.50,3.49,2.49,0.10,0.38
2001-11-02,4.09,4.13,4.19,4.07,4625,3548360.00,2.92,0.49,0.02,0.48
2001-11-05,4.20,4.18,4.20,4.11,4832,3735360.25,2.18,1.21,0.05,0.51
2001-11-06,4.19,4.17,4.21,4.13,2820,2188620.50,1.91,-0.24,-0.01,0.30
2001-11-07,4.17,3.90,4.20,3.89,5937,4401738.50,7.43,-6.47,-0.27,0.62
2001-11-08,3.85,3.97,3.99,3.81,3997,2881967.75,4.62,1.79,0.07,0.42
2001-11-09,3.95,4.04,4.07,3.90,2940,2166692.50,4.28,1.76,0.07,0.31
2001-11-12,4.04,4.05,4.10,4.00,2614,1963408.38,2.48,0.25,0.01,0.27
2001-11-13,4.01,3.99,4.02,3.96,1441,1062630.12,1.48,-1.48,-0.06,0.15
2001-11-14,4.03,4.00,4.05,3.99,729,541536.88,1.50,0.25,0.01,0.08
2001-11-15,4.01,4.04,4.05,4.00,966,719858.06,1.25,1.00,0.04,0.10
2001-11-16,4.29,4.10,4.38,4.08,6806,5320845.00,7.43,1.49,0.06,0.71
2001-11-19,4.15,4.17,4.19,4.08,6806,5320845.00,2.68,1.71,0.07,0.71
2001-11-20,4.28,4.34,4.41,4.24,2349,1806748.00,4.08,4.08,0.17,0.25
2001-11-21,4.34,4.33,4.35,4.29,8161,6563310.50,1.38,-0.23,-0.01,0.86
2001-11-22,4.34,4.38,4.38,4.33,5674,4614519.00,1.15,1.15,0.05,0.59
2001-11-23,4.39,4.33,4.39,4.29,4754,3844764.25,2.28,-1.14,-0.05,0.50
2001-11-26,4.32,4.29,4.32,4.23,4611,3671272.50,2.08,-0.92,-0.04,0.48
2001-11-27,4.27,4.37,4.38,4.27,3039,2438201.50,2.56,1.86,0.08,0.32
2001-11-28,4.34,4.35,4.39,4.34,6020,4913452.00,1.14,-0.46,-0.02,0.63
2001-11-29,4.35,4.40,4.41,4.34,5299,4344993.00,1.61,1.15,0.05,0.56
2001-11-30,4.40,4.46,4.47,4.40,7012,5820825.00,1.59,1.36,0.06,0.73
2001-12-03,4.49,4.45,4.49,4.41,6463,5385343.50,1.79,-0.22,-0.01,0.68
2001-12-04,4.45,4.47,4.47,4.38,6697,5527433.50,2.02,0.45,0.02,0.70
2001-12-05,4.44,4.33,4.47,4.32,6533,5371532.00,3.36,-3.13,-0.14,0.68
2001-12-06,4.33,4.35,4.36,4.29,4343,3515907.50,1.62,0.46,0.02,0.46
2001-12-07,4.35,4.34,4.36,4.30,4133,3343392.00,1.38,-0.23,-0.01,0.43
2001-12-10,4.33,4.34,4.35,4.29,3211,2581620.75,1.38,0.00,0.00,0.34
2001-12-11,4.32,4.31,4.35,4.29,2481,2004781.50,1.38,-0.69,-0.03,0.26
2001-12-12,4.29,4.23,4.31,4.21,3905,3098358.75,2.32,-1.86,-0.08,0.41
2001-12-13,4.20,4.15,4.27,4.14,5061,3933792.00,3.07,-1.89,-0.08,0.53
2001-12-14,4.15,4.10,4.15,4.07,3989,3031559.75,1.93,-1.20,-0.05,0.42
2001-12-17,4.09,4.12,4.12,4.06,1321,1001848.19,1.46,0.49,0.02,0.14
2001-12-18,4.12,4.18,4.18,4.08,1911,1462854.25,2.43,1.46,0.06,0.20
2001-12-19,4.19,4.11,4.19,4.11,1803,1386421.00,1.91,-1.67,-0.07,0.19
2001-12-20,4.08,3.94,4.08,3.91,4068,2985296.50,4.14,-4.14,-0.17,0.43
2001-12-21,3.93,3.95,3.98,3.91,2628,1908958.25,1.78,0.25,0.01,0.28
2001-12-24,3.96,3.86,3.96,3.84,1889,1350299.88,3.04,-2.28,-0.09,0.20
2001-12-25,3.86,3.86,3.88,3.83,1856,1317017.00,1.30,0.00,0.00,0.19
2001-12-26,3.81,3.91,3.91,3.81,4263,3008302.50,2.59,1.30,0.05,0.45
2001-12-27,3.90,3.91,3.95,3.88,1890,1364684.62,1.79,0.00,0.00,0.20
2001-12-28,3.91,3.90,3.93,3.85,2716,1946488.00,2.05,-0.26,-0.01,0.28
2001-12-31,3.95,3.87,3.95,3.87,1599,1149907.50,2.05,-0.77,-0.03,0.17