2020-01-02,33.37,33.97,34.04,33.37,58919,203026827.00,2.01,1.92,0.64,0.66
2020-01-03,33.93,33.88,34.03,33.33,78819,270322320.00,2.06,-0.26,-0.09,0.88
2020-01-06,33.66,34.36,34.45,33.39,95161,329893056.00,3.13,1.42,0.48,1.07
2020-01-07,34.33,33.91,34.53,33.47,97191,334351456.00,3.08,-1.31,-0.45,1.09
2020-01-08,33.83,33.53,33.83,33.18,60466,206170923.00,1.92,-1.12,-0.38,0.68
2020-01-09,33.81,35.28,35.52,33.62,163721,584266080.00,5.67,5.22,1.75,1.84
2020-01-10,35.68,35.40,35.78,35.15,83094,299969280.00,1.79,0.34,0.12,0.93
2020-01-13,35.85,36.90,37.10,34.87,133352,493231984.00,6.30,4.24,1.50,1.50
2020-01-14,37.35,37.27,37.91,36.35,100656,382732288.00,4.23,1.00,0.37,1.13
2020-01-15,37.13,37.63,37.93,36.93,82980,316410480.00,2.68,0.97,0.36,0.93
2020-01-16,37.56,39.16,39.44,37.35,106355,418443808.00,5.55,4.07,1.53,1.19
2020-01-17,39.16,39.64,40.14,38.46,91275,367237760.00,4.29,1.23,0.48,1.02
2020-01-20,39.41,39.62,39.85,39.07,50452,202999598.00,1.97,-0.05,-0.02,0.57
2020-01-21,39.55,39.54,40.53,39.15,58350,235674660.00,3.48,-0.20,-0.08,0.65
2020-01-22,39.33,40.15,40.40,39.15,59143,239556844.00,3.16,1.54,0.61,0.66
2020-01-23,40.15,39.35,40.69,38.36,78261,315627136.00,5.80,-1.99,-0.80,0.88
2020-02-03,35.35,37.57,39.19,35.35,128396,492475296.00,9.76,-4.52,-1.78,1.44
2020-02-04,38.18,39.02,40.05,37.95,111793,443475456.00,5.59,3.86,1.45,1.25
2020-02-05,39.72,41.26,42.15,39.28,125871,525034688.00,7.36,5.74,2.24,1.41
2020-02-06,41.45,42.85,42.85,39.95,103055,440005504.00,7.03,3.85,1.59,1.16
2020-02-07,43.35,43.80,44.39,42.10,111778,489056880.00,5.34,2.22,0.95,1.25
2020-02-10,42.90,41.54,43.26,41.15,106254,452576128.00,4.82,-5.16,-2.26,1.19
2020-02-11,41.35,41.96,42.04,40.82,77440,326231312.00,2.94,1.01,0.42,0.87
2020-02-12,41.39,42.87,43.43,40.97,95256,410549040.00,5.86,2.17,0.91,1.07
2020-02-13,42.39,41.03,42.72,40.70,102538,429109904.00,4.71,-4.29,-1.84,1.15
2020-02-14,41.14,41.04,42.48,40.46,81845,344959456.00,4.92,0.02,0.01,0.92
2020-02-17,41.25,42.63,42.71,40.65,113352,482696896.00,5.02,3.87,1.59,1.27
2020-02-18,42.65,42.54,43.15,41.86,81858,351935840.00,3.03,-0.21,-0.09,0.92
2020-02-19,42.21,41.36,42.21,41.05,92376,389107616.00,2.73,-2.77,-1.18,1.04
2020-02-20,41.25,41.25,41.54,40.91,90874,379413952.00,1.52,-0.27,-0.11,1.02
2020-02-21,41.40,42.26,42.95,40.83,106480,456265280.00,5.14,2.45,1.01,1.19
2020-02-24,41.87,42.90,43.40,41.28,111406,478736976.00,5.02,1.51,0.64,1.25
2020-02-25,41.65,43.67,43.89,41.13,144158,620168736.00,6.43,1.79,0.77,1.62
2020-02-26,42.95,41.83,43.04,41.61,115665,496285600.00,3.27,-4.21,-1.84,1.30
2020-02-27,42.15,44.35,46.08,40.63,185380,823329152.00,13.03,6.02,2.52,2.08
2020-02-28,42.07,44.06,46.45,42.07,222390,1012114160.00,9.88,-0.65,-0.29,2.49
2020-03-02,45.16,45.34,45.90,42.70,148080,665755120.00,7.26,2.91,1.28,1.66
2020-03-03,45.45,46.55,48.92,45.45,146263,701728112.00,7.65,2.67,1.21,1.64
2020-03-04,47.34,46.66,48.65,44.51,126753,599963456.00,8.89,0.24,0.11,1.42
2020-03-05,47.34,43.90,48.01,43.35,173232,785192128.00,9.99,-5.92,-2.76,1.94
2020-03-06,43.20,42.85,44.47,42.36,99194,434347616.00,4.81,-2.39,-1.05,1.11
2020-03-09,42.07,40.45,42.85,40.37,113277,476006016.00,5.79,-5.60,-2.40,1.27
2020-03-10,40.50,43.85,44.31,40.50,153225,665563152.00,9.42,8.41,3.40,1.72
2020-03-11,44.28,41.77,44.35,41.45,100249,431122512.00,6.61,-4.74,-2.08,1.12
2020-03-12,40.79,41.25,41.63,40.40,76609,318647728.00,2.94,-1.24,-0.52,0.86
2020-03-13,39.35,41.34,42.20,39.35,80810,336672896.00,6.91,0.22,0.09,0.91
2020-03-16,41.65,38.57,41.65,38.35,91969,373994768.00,7.98,-6.70,-2.77,1.03
2020-03-17,39.55,40.10,40.35,37.48,159983,638988224.00,7.44,3.97,1.53,1.79
2020-03-18,40.45,39.32,40.95,39.23,101989,415521424.00,4.29,-1.95,-0.78,1.14
2020-03-19,39.35,39.79,40.40,38.08,138250,550438944.00,5.90,1.20,0.47,1.55
2020-03-20,40.22,40.35,41.43,39.99,83861,346795968.00,3.62,1.41,0.56,0.94
2020-03-23,39.55,40.25,41.05,38.17,112189,451390000.00,7.14,-0.25,-0.10,1.26
2020-03-24,40.95,40.06,41.20,38.73,81477,329134160.00,6.14,-0.47,-0.19,0.90
2020-03-25,40.85,41.61,41.85,40.61,86197,361072144.00,3.10,3.87,1.55,0.95
2020-03-26,41.32,44.18,44.54,40.98,122383,541125664.00,8.56,6.18,2.57,1.34
2020-03-27,44.52,42.88,44.62,41.60,125020,544879712.00,6.84,-2.94,-1.30,1.37
2020-03-30,41.55,40.55,42.28,40.37,100252,417141232.00,4.45,-5.43,-2.33,1.10
2020-03-31,41.18,42.02,42.27,40.72,51845,219547720.00,3.82,3.63,1.47,0.57
2020-04-01,41.12,42.16,43.30,41.12,44958,194288768.00,5.19,0.33,0.14,0.49
2020-04-02,42.30,43.85,44.10,41.52,67948,300509344.00,6.12,4.01,1.69,0.75
2020-04-03,43.60,42.99,44.35,42.56,45751,201819183.00,4.08,-1.96,-0.86,0.50
2020-04-07,44.00,44.90,45.23,43.46,61076,276866752.00,4.12,4.44,1.91,0.67
2020-04-08,44.63,43.85,44.89,43.17,49820,221322082.00,3.83,-2.34,-1.05,0.55
2020-04-09,43.85,44.63,45.01,43.21,38178,172599196.00,4.10,1.78,0.78,0.42
2020-04-10,44.71,43.38,44.98,43.05,38375,170504158.00,4.32,-2.80,-1.25,0.42
2020-04-13,43.35,42.73,43.79,42.23,33394,145086174.00,3.60,-1.50,-0.65,0.37
2020-04-14,43.59,44.20,44.64,42.75,61619,273103776.00,4.42,3.44,1.47,0.68
2020-04-15,44.15,43.81,44.80,43.56,42759,191780200.00,2.81,-0.88,-0.39,0.47
2020-04-16,44.21,45.23,45.32,43.41,50188,227835236.00,4.36,3.24,1.42,0.55
2020-04-17,46.15,45.20,46.54,45.03,42769,199161164.00,3.34,-0.07,-0.03,0.47
2020-04-20,45.24,45.32,46.09,44.84,36532,168047526.00,2.77,0.27,0.12,0.40
2020-04-21,44.87,45.33,45.79,44.63,28297,129885013.00,2.56,0.02,0.01,0.31
2020-04-22,44.91,45.47,45.68,44.20,37354,170528921.00,3.26,0.31,0.14,0.41
2020-04-23,45.45,45.92,46.14,44.97,31002,143895387.00,2.57,0.99,0.45,0.34
2020-04-24,45.98,47.90,47.95,45.66,74495,357022192.00,4.99,4.31,1.98,0.82
2020-04-27,47.15,48.85,48.91,46.41,61611,299968144.00,5.22,1.98,0.95,0.68
2020-04-28,48.35,49.35,49.45,47.48,75823,373454112.00,4.03,1.02,0.50,0.83
2020-04-29,48.95,49.86,50.44,48.23,51829,259060657.00,4.48,1.03,0.51,0.57
2020-04-30,49.77,51.89,52.35,49.06,66215,341769696.00,6.60,4.07,2.03,0.73
2020-05-06,51.35,50.87,53.74,49.51,111376,578477504.00,8.15,-1.97,-1.02,1.22
2020-05-07,51.22,52.53,52.84,50.94,70717,373743840.00,3.74,3.26,1.66,0.78
2020-05-08,52.35,51.65,52.72,51.20,84648,442484576.00,2.89,-1.68,-0.88,0.93
2020-05-11,51.90,49.87,51.94,49.53,126717,646503952.00,4.67,-3.45,-1.78,1.39
2020-05-12,50.25,50.34,51.01,49.73,93142,475107856.00,2.57,0.94,0.47,1.02
2020-05-13,51.01,50.39,51.04,49.78,78862,402010864.00,2.50,0.10,0.05,0.87
2020-05-14,51.00,50.41,51.13,49.68,56447,286679872.00,2.88,0.04,0.02,0.62
2020-05-15,50.31,50.81,52.31,49.77,76257,394918416.00,5.04,0.79,0.40,0.84
2020-05-18,51.45,54.50,55.72,51.32,123028,669861248.00,8.66,7.26,3.69,1.35
2020-05-19,54.53,55.12,56.56,54.04,88149,490224000.00,4.62,1.14,0.62,0.97
2020-05-20,55.12,54.05,55.12,53.17,72392,395596880.00,3.54,-1.94,-1.07,0.80
2020-05-21,54.45,54.20,55.27,53.51,78067,427012720.00,3.26,0.28,0.15,0.86
2020-05-22,54.18,51.04,54.21,51.04,90820,483656528.00,5.85,-5.83,-3.16,1.00
2020-05-25,52.08,51.54,53.01,51.10,78657,412641280.00,3.74,0.98,0.50,0.86
2020-05-26,52.31,52.53,52.95,51.45,85024,448584368.00,2.91,1.92,0.99,0.93
2020-05-27,52.53,51.55,52.74,51.25,59760,311672592.00,2.84,-1.87,-0.98,0.66
2020-05-28,51.49,53.48,54.91,51.47,103937,561738992.00,6.67,3.74,1.93,1.14
2020-05-29,53.12,56.79,57.22,52.96,120081,679698480.00,7.97,6.19,3.31,1.34
2020-06-01,57.39,56.96,58.25,56.62,79976,463979776.00,2.87,0.30,0.17,0.89
2020-06-02,57.41,55.45,57.58,55.23,64869,366864992.00,4.13,-2.65,-1.51,0.73
2020-06-03,56.29,56.64,57.34,55.95,65307,373410704.00,2.51,2.15,1.19,0.73
2020-06-04,56.43,57.81,59.15,55.60,70113,410265296.00,6.27,2.07,1.17,0.78
2020-06-05,58.45,57.92,58.95,57.06,50033,292467072.00,3.27,0.19,0.11,0.56
2020-06-08,58.02,56.65,58.32,56.34,61011,349800944.00,3.42,-2.19,-1.27,0.68
2020-06-09,56.70,57.91,58.35,56.10,56751,329669568.00,3.97,2.22,1.26,0.63
2020-06-10,57.94,58.25,59.33,57.58,67227,397063056.00,3.02,0.59,0.34,0.75
2020-06-11,57.82,59.05,60.25,57.82,104666,624478768.00,4.17,1.37,0.80,1.17
2020-06-12,58.53,58.98,60.19,57.22,100267,598955200.00,5.03,-0.12,-0.07,1.12
2020-06-15,58.84,57.79,60.09,57.67,67569,400322048.00,4.10,-2.02,-1.19,0.76
2020-06-16,59.45,59.30,59.83,58.30,56873,339097696.00,2.65,2.61,1.51,0.64
2020-06-17,61.97,63.03,63.68,58.97,160504,991193424.00,7.94,6.29,3.73,1.80
2020-06-18,62.35,64.15,64.80,62.03,114056,730604176.00,4.39,1.78,1.12,1.28
2020-06-19,64.33,64.04,65.13,63.53,71132,461775984.00,2.49,-0.17,-0.11,0.80
2020-06-22,64.25,64.42,66.25,64.25,62827,411783024.00,3.12,0.59,0.38,0.70
2020-06-23,64.42,69.45,70.92,64.32,142055,977540336.00,10.25,7.81,5.03,1.57
2020-06-24,69.43,69.40,70.54,68.45,88883,620334448.00,3.01,-0.07,-0.05,0.98
2020-06-29,69.41,68.15,70.80,66.67,102172,700197968.00,5.95,-1.80,-1.25,1.13
2020-06-30,68.75,69.15,70.85,67.19,82159,571623040.00,5.37,1.47,1.00,0.91
2020-07-01,69.50,72.15,72.25,68.54,85730,604883456.00,5.37,4.34,3.00,0.95
2020-07-02,71.47,66.55,71.55,65.95,208339,1433404544.00,7.76,-7.76,-5.60,2.31
2020-07-03,66.54,66.85,68.00,64.47,122665,823552144.00,5.30,0.45,0.30,1.36
2020-07-06,65.45,66.95,67.60,64.63,172423,1152512176.00,4.44,0.15,0.10,1.91
2020-07-07,66.95,68.45,71.45,65.85,186583,1295305904.00,8.36,2.24,1.50,2.06
2020-07-08,68.31,69.11,70.61,67.95,110980,774485248.00,3.89,0.96,0.66,1.23
2020-07-09,69.65,73.48,73.75,69.60,152398,1108130912.00,6.00,6.32,4.37,1.69
2020-07-10,72.24,74.50,76.95,71.95,138649,1037726368.00,6.80,1.39,1.02,1.53
2020-07-13,73.91,74.58,76.35,73.33,101436,764589328.00,4.05,0.11,0.08,1.12
2020-07-14,74.85,75.17,76.19,73.45,100338,757710048.00,3.67,0.79,0.59,1.11
2020-07-15,76.20,75.65,78.35,74.45,102242,789771008.00,5.19,0.64,0.48,1.13
2020-07-16,75.65,69.64,76.44,69.55,158563,1152502656.00,9.11,-7.94,-6.01,1.75
2020-07-17,69.64,70.50,71.61,67.97,95499,677966048.00,5.23,1.23,0.86,1.06
2020-07-20,71.95,69.27,72.25,66.65,131483,906383344.00,7.94,-1.74,-1.23,1.45
2020-07-21,69.27,71.08,71.78,68.57,90224,642278368.00,4.63,2.61,1.81,1.00
2020-07-22,71.09,73.57,74.63,71.08,127830,948090384.00,4.99,3.50,2.49,1.41
2020-07-23,72.76,74.15,74.25,71.97,75800,560121840.00,3.10,0.79,0.58,0.84
2020-07-24,73.50,70.30,74.04,68.63,158825,1129389088.00,7.30,-5.19,-3.85,1.76
2020-07-27,70.31,71.11,72.30,69.58,76647,548187664.00,3.87,1.15,0.81,0.85
2020-07-28,71.11,69.80,71.86,69.28,77439,547768560.00,3.63,-1.84,-1.31,0.86
2020-07-29,69.70,73.02,73.75,69.45,93294,679406160.00,6.16,4.61,3.22,1.03
2020-07-30,75.45,74.13,75.66,70.95,104387,772152912.00,6.45,1.52,1.11,1.15
2020-07-31,73.49,75.98,77.83,73.49,91531,702575408.00,5.85,2.50,1.85,1.01
2020-08-03,76.15,75.40,76.78,74.16,102105,774468992.00,3.45,-0.76,-0.58,1.13
2020-08-04,75.06,75.25,76.93,74.07,79683,603892384.00,3.79,-0.20,-0.15,0.88
2020-08-05,75.70,76.95,78.36,75.70,91406,711396032.00,3.53,2.26,1.70,1.01
2020-08-06,76.08,74.78,76.94,72.95,91368,682053456.00,5.19,-2.82,-2.17,1.01
2020-08-07,74.35,72.41,74.71,71.72,70688,520280432.00,4.00,-3.17,-2.37,0.78
2020-08-10,72.52,68.95,72.75,67.67,158214,1100669824.00,7.02,-4.78,-3.46,1.75
2020-08-11,68.40,67.40,69.56,66.66,125631,862738880.00,4.21,-2.25,-1.55,1.39
2020-08-12,67.34,66.37,67.34,64.45,115194,763390320.00,4.29,-1.53,-1.03,1.27
2020-08-13,66.45,65.25,66.93,64.42,89481,589354032.00,3.78,-1.69,-1.12,0.99
2020-08-14,65.26,65.90,66.57,64.76,87454,578130656.00,2.77,1.00,0.65,0.97
2020-08-17,65.95,67.75,68.84,65.40,130633,880074704.00,5.22,2.81,1.85,1.45
2020-08-18,67.94,67.15,68.22,66.25,71519,482927392.00,2.91,-0.89,-0.60,0.79
2020-08-19,66.55,65.34,67.64,64.39,81103,535877472.00,4.84,-2.70,-1.81,0.90
2020-08-20,64.85,65.45,66.22,63.45,63633,418098240.00,4.24,0.17,0.11,0.70
2020-08-21,65.46,65.75,66.75,64.48,68553,454723744.00,3.47,0.46,0.30,0.76
2020-08-24,66.45,67.67,68.65,65.75,96364,656240624.00,4.41,2.92,1.92,1.07
2020-08-25,68.42,68.50,69.27,67.25,68384,472196976.00,2.99,1.23,0.83,0.76
2020-08-26,68.50,67.90,69.85,67.67,46538,322854768.00,3.18,-0.88,-0.60,0.51
2020-08-27,67.90,70.65,71.80,67.85,90750,645504720.00,5.82,4.05,2.75,1.00
2020-08-28,73.35,73.08,73.54,70.99,85393,625735104.00,3.61,3.44,2.43,0.94
2020-08-31,72.51,69.13,73.80,69.11,176588,1252405472.00,6.42,-5.41,-3.95,1.95
2020-09-01,69.13,69.85,70.06,68.60,67364,472125744.00,2.11,1.04,0.72,0.75
2020-09-02,70.21,72.45,73.44,70.05,95344,695314560.00,4.85,3.72,2.60,1.05
2020-09-03,72.00,71.74,72.89,70.98,61075,441632352.00,2.64,-0.98,-0.71,0.68
2020-09-04,70.45,71.09,71.15,69.35,68362,484134816.00,2.51,-0.91,-0.65,0.76
2020-09-07,70.40,69.95,71.44,69.11,58691,417098048.00,3.28,-1.60,-1.14,0.65
2020-09-08,69.85,69.65,70.94,68.44,62880,442793984.00,3.57,-0.43,-0.30,0.70
2020-09-09,69.44,67.22,69.64,66.46,96968,661890160.00,4.57,-3.49,-2.43,1.07
2020-09-10,67.65,68.40,69.93,67.63,51708,359891088.00,3.42,1.76,1.18,0.57
2020-09-11,69.19,71.40,71.64,68.48,52747,376697776.00,4.62,4.39,3.00,0.58
2020-09-14,72.25,69.78,72.37,68.88,74719,530351776.00,4.89,-2.27,-1.62,0.83
2020-09-15,69.16,71.44,71.81,68.65,53856,385006464.00,4.53,2.38,1.66,0.60
2020-09-16,71.45,71.15,72.63,69.98,52187,373927024.00,3.71,-0.41,-0.29,0.58
2020-09-17,70.70,69.10,70.75,67.66,73582,510766960.00,4.34,-2.88,-2.05,0.81
2020-09-18,70.15,69.73,70.15,67.25,82370,566405024.00,4.20,0.91,0.63,0.91
2020-09-21,69.56,68.45,69.64,68.13,39946,276502224.00,2.17,-1.84,-1.28,0.44
2020-09-22,68.13,68.50,69.30,67.65,37053,256431520.00,2.41,0.07,0.05,0.41
2020-09-23,68.48,68.28,69.22,67.85,42357,292647120.00,2.00,-0.32,-0.22,0.47
2020-09-24,68.26,67.24,68.43,67.05,28703,195673236.00,2.02,-1.52,-1.04,0.32
2020-09-25,68.35,67.87,68.90,67.22,29814,204665575.00,2.50,0.94,0.63,0.33
2020-09-28,67.28,68.11,68.80,66.57,29464,202172349.00,3.29,0.35,0.24,0.33
2020-09-29,68.37,71.21,71.80,68.25,54903,390038400.00,5.21,4.55,3.10,0.61
2020-09-30,71.25,72.40,73.73,70.61,59337,433129392.00,4.38,1.67,1.19,0.66
2020-10-09,74.70,75.53,76.40,73.98,85058,645347632.00,3.34,4.32,3.13,0.94
2020-10-12,77.07,79.79,80.33,76.64,90215,718119856.00,4.89,5.64,4.26,1.00
2020-10-13,79.80,80.30,81.25,78.98,67072,541394608.00,2.84,0.64,0.51,0.74
2020-10-14,79.65,82.07,82.87,79.56,72178,591918096.00,4.12,2.20,1.77,0.80
2020-10-15,81.06,82.32,82.45,80.16,52903,435549808.00,2.79,0.30,0.25,0.59
2020-10-16,81.45,80.96,81.99,79.72,48257,393223872.00,2.76,-1.65,-1.36,0.53
2020-10-19,80.96,79.54,81.44,78.88,51385,413362416.00,3.16,-1.75,-1.42,0.57
2020-10-20,80.84,81.43,82.25,79.03,54393,441441424.00,4.05,2.38,1.89,0.60
2020-10-21,82.23,80.65,82.83,80.26,50292,411332960.00,3.16,-0.96,-0.78,0.56
2020-10-22,80.64,79.75,80.81,78.47,41519,333056544.00,2.90,-1.12,-0.90,0.46
2020-10-23,80.35,71.90,80.45,71.72,110124,829550512.00,10.95,-9.84,-7.85,1.22
2020-10-26,73.45,72.38,74.25,70.45,53264,391237840.00,5.29,0.67,0.48,0.59
2020-10-27,74.13,71.63,74.13,70.45,95290,688868032.00,5.08,-1.04,-0.75,1.05
2020-10-28,71.85,72.34,72.95,71.17,55181,399883984.00,2.48,0.99,0.71,0.61
2020-10-29,70.24,72.35,73.68,69.85,103149,748607200.00,5.29,0.01,0.01,1.14
2020-10-30,72.45,70.42,72.96,69.40,98154,703055248.00,4.92,-2.67,-1.93,1.09
2020-11-02,71.65,71.26,71.73,69.03,82956,591000000.00,3.83,1.19,0.84,0.92
2020-11-03,72.22,72.67,73.43,71.42,72915,532242336.00,2.82,1.98,1.41,0.81
2020-11-04,72.67,71.81,72.85,71.15,55924,405025168.00,2.34,-1.18,-0.86,0.62
2020-11-05,72.85,75.40,76.44,72.60,97857,737141424.00,5.35,5.00,3.59,1.08
2020-11-06,75.35,70.54,75.35,70.12,104718,754314256.00,6.94,-6.45,-4.86,1.16
2020-11-09,71.45,73.09,74.45,71.26,87336,644957072.00,4.52,3.61,2.55,0.97
2020-11-10,73.95,71.42,73.97,71.41,85819,625251744.00,3.50,-2.28,-1.67,0.95
2020-11-11,71.59,68.92,73.14,68.50,97532,686357184.00,6.50,-3.50,-2.50,1.08
2020-11-12,69.98,68.63,70.90,68.13,61303,424840912.00,4.02,-0.42,-0.29,0.68
2020-11-13,68.44,68.79,69.34,67.45,68438,473613200.00,2.75,0.23,0.16,0.76
2020-11-16,69.45,69.44,69.69,67.36,68861,478310928.00,3.39,0.94,0.65,0.76
2020-11-17,69.82,69.45,71.29,68.26,97434,683053440.00,4.36,0.01,0.01,1.08
2020-11-18,70.30,67.05,70.34,65.95,88849,605140240.00,6.32,-3.46,-2.40,0.98
2020-11-19,66.45,68.17,68.78,65.00,84716,577493648.00,5.64,1.67,1.12,0.94
2020-11-20,68.75,67.58,69.24,67.35,72728,498994656.00,2.77,-0.87,-0.59,0.78
2020-11-23,67.90,67.11,68.57,66.46,86047,583650256.00,3.12,-0.70,-0.47,0.92
2020-11-24,66.95,67.13,67.38,66.49,43550,294014544.00,1.33,0.03,0.02,0.47
2020-11-25,66.63,63.45,66.87,63.31,88497,576756816.00,5.30,-5.48,-3.68,0.95
2020-11-26,63.46,65.89,66.71,63.15,93837,617537040.00,5.61,3.85,2.44,1.01
2020-11-27,66.43,64.36,66.68,63.80,79338,517079872.00,4.37,-2.32,-1.53,0.85
2020-11-30,64.58,66.55,66.83,63.50,89281,590085136.00,5.17,3.40,2.19,0.96
2020-12-01,65.43,66.68,67.33,64.83,109470,734899824.00,3.76,0.20,0.13,1.17
2020-12-02,66.68,65.35,67.33,64.43,80564,532075680.00,4.35,-1.99,-1.33,0.86
2020-12-03,65.39,66.85,67.36,64.96,74008,495711904.00,3.67,2.30,1.50,0.79
2020-12-04,67.06,65.80,67.76,65.45,59296,396183696.00,3.46,-1.57,-1.05,0.64
2020-12-07,66.33,68.78,69.55,66.14,131675,906411536.00,5.18,4.53,2.98,1.41
2020-12-08,69.43,70.22,71.00,68.46,99922,707774944.00,3.69,2.09,1.44,1.07
2020-12-09,70.35,68.43,70.45,67.67,83548,579511216.00,3.96,-2.55,-1.79,0.89
2020-12-10,67.61,67.15,68.25,66.25,64210,435024416.00,2.92,-1.87,-1.28,0.69
2020-12-11,67.22,66.67,68.34,65.95,65101,437361072.00,3.56,-0.71,-0.48,0.70
2020-12-14,67.12,68.45,70.05,66.65,94993,657789680.00,5.10,2.67,1.78,1.02
2020-12-15,69.35,69.78,70.32,68.64,70054,492602704.00,2.45,1.94,1.33,0.75
2020-12-16,69.45,68.56,69.73,68.15,57619,399420112.00,2.26,-1.75,-1.22,0.62
2020-12-17,68.48,70.37,70.77,68.47,71520,505984624.00,3.35,2.64,1.81,0.77
2020-12-18,70.64,71.45,71.63,69.56,64536,462072816.00,2.94,1.53,1.08,0.69
2020-12-21,71.11,72.25,73.40,70.16,63211,458837264.00,4.53,1.12,0.80,0.68
2020-12-22,72.25,71.55,73.18,70.92,72914,530507264.00,3.13,-0.97,-0.70,0.74
2020-12-23,71.55,72.86,73.25,70.79,68238,498712032.00,3.44,1.83,1.31,0.69
2020-12-24,73.25,73.20,74.19,72.54,49640,366584464.00,2.26,0.47,0.34,0.50
2020-12-25,72.93,72.21,73.68,71.44,45074,328185760.00,3.06,-1.35,-0.99,0.46
2020-12-28,72.16,70.45,72.65,69.95,88240,629311728.00,3.74,-2.44,-1.76,0.90
2020-12-29,70.44,72.57,73.45,69.98,92601,674566256.00,4.93,3.01,2.12,0.94
2020-12-30,72.57,76.14,76.28,72.25,87781,663529632.00,5.55,4.92,3.57,0.89
2020-12-31,75.78,78.19,79.45,75.78,82356,647112064.00,4.82,2.69,2.05,0.84