2014-01-02,4.21,4.20,4.25,4.09,67949,93494268.00,3.82,0.24,0.01,3.71
2014-01-03,4.19,4.05,4.21,4.05,56731,77155590.00,3.81,-3.57,-0.15,3.10
2014-01-06,4.03,3.61,4.03,3.51,90069,115425104.00,12.84,-10.86,-0.44,4.92
2014-01-07,3.63,3.67,3.72,3.58,44331,55145439.00,3.88,1.66,0.06,2.42
2014-01-08,3.67,3.59,3.73,3.55,38350,47770001.00,4.90,-2.18,-0.08,2.09
2014-01-09,3.57,3.38,3.66,3.38,47107,56860178.00,7.80,-5.85,-0.21,2.57
2014-01-10,3.34,3.41,3.47,3.32,24994,29637654.00,4.44,0.89,0.03,1.37
2014-01-13,3.42,3.37,3.46,3.32,21549,25391946.00,4.11,-1.17,-0.04,1.18
2014-01-14,3.37,3.49,3.49,3.35,22446,26646371.00,4.15,3.56,0.12,1.23
2014-01-15,3.45,3.57,3.60,3.45,37686,46075267.00,4.30,2.29,0.08,2.06
2014-01-16,3.57,3.67,3.73,3.51,52580,65293611.00,6.16,2.80,0.10,2.87
2014-01-17,3.67,3.55,3.67,3.53,27634,33926105.00,3.81,-3.27,-0.12,1.51
2014-01-20,3.51,3.51,3.59,3.47,15826,19229812.00,3.38,-1.13,-0.04,0.86
2014-01-21,3.49,3.60,3.62,3.49,17464,21421142.00,3.70,2.56,0.09,0.95
2014-01-22,3.59,3.67,3.69,3.59,25478,31762686.00,2.78,1.94,0.07,1.39
2014-01-23,3.70,3.72,3.75,3.64,33883,42637313.00,3.00,1.36,0.05,1.85
2014-01-24,3.71,3.81,3.90,3.67,50679,65437697.00,6.18,2.42,0.09,2.77
2014-01-27,3.75,3.72,3.86,3.71,28426,36375929.00,3.94,-2.36,-0.09,1.55
2014-01-28,3.77,3.79,3.85,3.67,23846,30459762.00,4.84,1.88,0.07,1.30
2014-01-29,3.78,3.79,3.81,3.72,21976,28056274.00,2.37,0.00,0.00,1.20
2014-01-30,3.73,3.65,3.78,3.63,20497,25775645.00,3.96,-3.69,-0.14,1.12
2014-02-07,3.63,4.05,4.08,3.57,75241,99543846.00,13.97,10.96,0.40,4.11
2014-02-10,4.04,4.34,4.37,4.02,119764,167666842.00,8.64,7.16,0.29,6.54
2014-02-11,4.39,4.23,4.39,4.13,88531,123727353.00,5.99,-2.53,-0.11,4.84
2014-02-12,4.29,4.40,4.51,4.29,108732,156270528.00,5.20,4.02,0.17,5.94
2014-02-13,4.41,4.44,4.73,4.41,166760,247893211.00,7.27,0.91,0.04,9.11
2014-02-14,4.43,4.63,4.63,4.34,98010,142363625.00,6.53,4.28,0.19,5.35
2014-02-17,4.67,4.59,4.73,4.55,84050,124937164.00,3.89,-0.86,-0.04,4.59
2014-02-18,4.57,4.58,4.61,4.39,70123,102245031.00,4.79,-0.22,-0.01,3.83
2014-02-19,4.53,4.55,4.65,4.43,60279,88345021.00,4.80,-0.66,-0.03,3.29
2014-02-20,4.56,4.31,4.59,4.31,57121,82081030.00,6.15,-5.27,-0.24,3.12
2014-02-21,4.30,4.34,4.43,4.20,52908,74636314.00,5.34,0.70,0.03,2.89
2014-02-24,4.30,4.38,4.41,4.25,46385,65919873.00,3.69,0.92,0.04,2.53
2014-02-25,4.35,4.14,4.49,4.02,80094,112970733.00,10.73,-5.48,-0.24,4.37
2014-02-26,4.17,4.56,4.60,4.08,98581,140874074.00,12.56,10.14,0.42,5.38
2014-02-27,4.66,4.50,5.01,4.49,179035,271991184.00,11.40,-1.32,-0.06,9.78
2014-02-28,4.35,4.80,4.82,4.27,140488,207547022.00,12.22,6.67,0.30,7.67
2014-03-03,5.33,5.05,5.33,4.95,185518,298348736.00,7.92,5.21,0.25,10.13
2014-03-04,4.97,5.57,5.69,4.90,281702,477557424.00,15.64,10.30,0.52,15.39
2014-03-05,5.39,5.47,5.67,5.31,143495,242570505.00,6.46,-1.80,-0.10,7.84
2014-03-06,5.39,5.27,5.55,5.06,115275,189296855.00,8.96,-3.66,-0.20,6.30
2014-03-07,5.26,5.19,5.37,5.01,114177,186193356.00,6.83,-1.52,-0.08,6.24
2014-06-04,4.54,4.54,4.54,4.54,4866,7094628.00,0.00,-12.52,-0.65,0.27
2014-06-05,3.95,3.97,4.11,3.95,236952,311833136.00,3.52,-12.56,-0.57,12.94
2014-06-06,3.91,3.96,4.02,3.87,134558,176696689.00,3.78,-0.25,-0.01,7.35
2014-06-09,3.94,4.00,4.02,3.89,99148,130346366.00,3.28,1.01,0.04,5.42
2014-06-10,4.03,4.03,4.04,3.93,81431,107603617.00,2.75,0.75,0.03,4.45
2014-06-11,4.03,4.13,4.19,4.00,129922,175061432.00,4.71,2.48,0.10,7.10
2014-06-12,4.09,4.09,4.15,4.05,63417,85332482.00,2.42,-0.97,-0.04,3.46
2014-06-13,4.07,4.19,4.25,4.03,113136,154209815.00,5.38,2.44,0.10,6.18
2014-06-16,4.21,4.17,4.25,4.14,85444,117050209.00,2.63,-0.48,-0.02,4.67
2014-06-17,4.14,4.09,4.19,4.07,54300,73257880.00,2.88,-1.92,-0.08,2.97
2014-06-18,4.07,4.14,4.17,4.04,59648,80570158.00,3.18,1.22,0.05,3.26
2014-06-19,4.26,3.96,4.26,3.89,61002,81312952.00,8.94,-4.35,-0.18,3.33
2014-06-20,3.95,4.02,4.05,3.90,44081,57901713.00,3.79,1.52,0.06,2.41
2014-06-23,4.02,4.03,4.09,3.97,48191,64122520.00,2.99,0.25,0.01,2.63
2014-06-24,4.06,4.14,4.16,4.01,68061,91988470.00,3.72,2.73,0.11,3.72
2014-06-25,4.11,4.10,4.15,4.03,39377,52945472.00,2.90,-0.97,-0.04,2.15
2014-06-26,4.09,4.16,4.19,4.07,56231,76494987.00,2.93,1.46,0.06,3.07
2014-06-27,4.16,4.42,4.67,4.15,139564,198215016.00,12.50,6.25,0.26,7.62
2014-06-30,4.42,4.42,4.57,4.37,103758,149317761.00,4.52,0.00,0.00,5.61
2014-07-01,4.42,4.57,4.59,4.40,87236,127000148.00,4.30,3.39,0.15,4.72
2014-07-02,4.52,4.80,4.90,4.51,207500,311767728.00,8.53,5.03,0.23,11.22
2014-07-03,4.75,5.01,5.10,4.70,209994,328992928.00,8.33,4.38,0.21,11.36
2014-07-04,5.01,5.20,5.63,5.01,180583,299273824.00,12.38,3.79,0.19,9.77
2014-07-07,5.27,5.28,5.39,5.04,116064,189324681.00,6.73,1.54,0.08,6.28
2014-07-08,5.28,5.93,5.93,5.27,213970,373466880.00,12.50,12.31,0.65,11.57
2014-07-09,6.11,6.24,6.63,6.04,328428,621937312.00,9.95,5.23,0.31,17.77
2014-07-10,6.51,6.08,6.67,5.95,199397,372202352.00,11.54,-2.56,-0.16,10.79
2014-07-11,6.07,6.53,6.81,5.96,298975,581865856.00,13.98,7.40,0.45,16.17
2014-07-14,6.41,6.77,6.95,6.35,240755,479779456.00,9.19,3.68,0.24,13.02
2014-07-15,6.63,6.28,6.77,6.04,182203,350817200.00,10.78,-7.24,-0.49,9.86
2014-07-16,6.16,6.27,6.38,5.95,139346,260791921.00,6.85,-0.16,-0.01,7.54
2014-07-17,6.27,6.35,6.39,6.05,108051,203292899.00,5.42,1.28,0.08,5.84
2014-07-18,6.29,6.85,6.95,6.15,205364,410792016.00,12.60,7.87,0.50,11.11
2014-07-21,6.63,6.79,7.19,6.57,136817,279065424.00,9.05,-0.88,-0.06,7.40
2014-07-22,6.75,7.56,7.59,6.75,206583,446263648.00,12.37,11.34,0.77,11.17
2014-07-23,7.47,7.38,7.65,7.16,162360,352877696.00,6.48,-2.38,-0.18,8.78
2014-07-24,7.29,6.94,7.43,6.71,108041,223155800.00,9.76,-5.96,-0.44,5.84
2014-07-25,6.99,7.06,7.24,6.75,63738,132849376.00,7.06,1.73,0.12,3.45
2014-07-28,6.99,7.01,7.19,6.66,110688,226838009.00,7.51,-0.71,-0.05,5.99
2014-07-29,6.91,7.54,7.75,6.85,146273,318690592.00,12.84,7.56,0.53,7.91
2014-07-30,7.48,7.81,8.05,7.33,123116,277138000.00,9.55,3.58,0.27,6.66
2014-07-31,7.73,7.70,8.02,7.59,62925,142716745.00,5.51,-1.41,-0.11,3.40
2014-08-01,7.70,7.32,7.71,7.30,68226,148540032.00,5.32,-4.94,-0.38,3.69
2014-08-04,7.37,7.46,7.48,7.16,77755,166973519.00,4.37,1.91,0.14,4.21
2014-08-05,7.39,7.19,7.42,7.10,68856,146691646.00,4.29,-3.62,-0.27,3.72
2014-08-06,7.15,7.44,7.67,7.09,98981,215291056.00,8.07,3.48,0.25,5.35
2014-08-07,7.49,7.20,7.61,7.17,73635,159776826.00,5.91,-3.23,-0.24,3.98
2014-08-08,7.18,7.14,7.29,6.98,52672,111552646.00,4.31,-0.83,-0.06,2.85
2014-08-11,7.19,7.59,7.68,7.07,83006,181651136.00,8.54,6.30,0.45,4.49
2014-08-12,7.50,7.91,8.13,7.50,87043,199406022.00,8.30,4.22,0.32,4.71
2014-08-13,7.91,7.87,8.14,7.73,70970,163477143.00,5.18,-0.51,-0.04,3.84
2014-08-14,7.81,7.86,8.05,7.79,40688,93672610.00,3.30,-0.13,-0.01,2.20
2014-08-15,7.86,7.85,8.31,7.57,55274,126189319.00,9.41,-0.13,-0.01,2.99
2014-08-18,7.91,8.58,8.69,7.91,85827,208353178.00,9.94,9.30,0.73,4.64
2014-08-19,8.70,8.92,9.14,8.49,94228,238577409.00,7.58,3.96,0.34,5.10
2014-08-20,8.79,8.50,8.87,8.46,56590,139549088.00,4.60,-4.71,-0.42,3.06
2014-08-21,8.33,7.95,8.47,7.82,97267,225163636.00,7.65,-6.47,-0.55,5.26
2014-08-22,7.95,8.15,8.19,7.81,79215,184162265.00,4.78,2.52,0.20,4.29
2014-08-25,8.15,7.75,8.15,7.70,68384,155985142.00,5.52,-4.91,-0.40,3.70
2014-08-26,7.64,7.70,7.89,7.56,58586,131789276.00,4.26,-0.65,-0.05,3.17
2014-08-27,7.69,7.62,7.79,7.59,35609,79770145.00,2.60,-1.04,-0.08,1.93
2014-08-28,7.58,7.20,7.63,7.06,72995,155876107.00,7.48,-5.51,-0.42,3.95
2014-08-29,7.18,7.25,7.32,7.11,40999,87521086.00,2.92,0.69,0.05,2.22
2014-09-01,7.31,7.58,7.68,7.26,54272,120140052.00,5.79,4.55,0.33,2.94
2014-09-02,7.57,7.77,7.99,7.54,84637,192693280.00,5.94,2.51,0.19,4.58
2014-09-03,7.79,7.81,8.10,7.66,96126,219542599.00,5.66,0.51,0.04,5.20
2014-09-04,7.89,7.90,7.93,7.71,76668,175119466.00,2.82,1.15,0.09,4.15
2014-09-05,7.85,7.51,7.87,7.43,114448,253486204.00,5.57,-4.94,-0.39,6.19
2014-09-09,7.51,7.53,7.59,7.31,62964,137339580.00,3.73,0.27,0.02,3.41
2014-09-10,7.47,7.81,7.87,7.39,106735,240608722.00,6.37,3.72,0.28,5.77
2014-09-11,7.79,7.45,7.85,7.39,103142,228729283.00,5.89,-4.61,-0.36,5.58
2014-09-12,7.37,7.48,7.50,7.27,47193,102498893.00,3.09,0.40,0.03,2.55
2014-09-15,7.47,7.38,7.47,7.21,64553,139387709.00,3.48,-1.34,-0.10,3.49
2014-09-16,7.38,7.06,7.42,7.05,65545,139095196.00,5.01,-4.34,-0.32,3.55
2014-09-17,7.05,6.69,7.08,6.37,107340,214933353.00,10.06,-5.24,-0.37,5.81
2014-09-18,6.65,6.84,6.86,6.53,58873,118076107.00,4.93,2.24,0.15,3.18
2014-09-19,6.79,6.86,6.93,6.74,61477,125018325.00,2.78,0.29,0.02,3.33
2014-09-22,6.85,6.62,6.85,6.61,42317,84229827.00,3.50,-3.50,-0.24,2.29
2014-09-23,6.58,6.74,6.79,6.57,42160,84353259.00,3.32,1.81,0.12,2.28
2014-09-24,6.74,7.07,7.13,6.72,75792,157498937.00,6.08,4.90,0.33,4.10
2014-09-25,7.11,7.10,7.35,7.07,67456,143174446.00,3.96,0.42,0.03,3.65
2014-09-26,7.05,7.00,7.19,6.99,46748,97639360.00,2.82,-1.41,-0.10,2.53
2014-09-29,7.01,7.39,7.39,7.01,96809,206612994.00,5.43,5.57,0.39,5.24
2014-09-30,7.39,7.61,7.69,7.35,80018,177021067.00,4.60,2.98,0.22,4.33
2014-10-08,7.65,7.52,7.66,7.38,84464,184806850.00,3.68,-1.18,-0.09,4.57
2014-10-09,7.53,8.13,8.25,7.46,190111,436707872.00,10.51,8.11,0.61,10.28
2014-10-10,8.15,8.36,8.70,8.11,172517,421255344.00,7.26,2.83,0.23,9.33
2014-10-13,8.37,8.29,8.57,7.91,99616,235485129.00,7.89,-0.84,-0.07,5.39
2014-10-14,8.33,7.60,8.35,7.59,155225,356284912.00,9.17,-8.32,-0.69,8.40
2014-10-15,7.60,7.30,7.63,6.95,175863,373183776.00,8.95,-3.95,-0.30,9.51
2014-10-16,7.15,7.00,7.22,6.99,100912,211729555.00,3.15,-4.11,-0.30,5.46
2014-10-17,6.98,6.96,7.10,6.73,71739,147174381.00,5.29,-0.57,-0.04,3.88
2014-10-20,6.99,7.12,7.12,6.91,80933,168370566.00,3.02,2.30,0.16,4.38
2014-10-21,7.13,6.79,7.13,6.75,81644,167521232.00,5.34,-4.63,-0.33,4.42
2014-10-22,6.77,6.69,6.91,6.59,58683,117915197.00,4.71,-1.47,-0.10,3.17
2014-10-23,6.69,6.79,6.89,6.65,51692,104006854.00,3.59,1.49,0.10,2.80
2014-10-24,6.78,6.75,6.81,6.66,34171,68453649.00,2.21,-0.59,-0.04,1.85
2014-10-27,6.71,6.76,6.82,6.68,35724,71895923.00,2.07,0.15,0.01,1.93
2014-10-28,6.77,7.09,7.13,6.77,88665,183289913.00,5.33,4.88,0.33,4.80
2014-10-29,7.10,7.15,7.17,6.98,94834,198649224.00,2.68,0.85,0.06,5.13
2014-10-30,7.19,7.11,7.35,7.03,94846,200956319.00,4.48,-0.56,-0.04,5.13
2014-10-31,7.07,6.87,7.17,6.78,78597,161657063.00,5.49,-3.38,-0.24,4.25
2014-11-03,6.87,6.87,6.94,6.81,51997,105884964.00,1.89,0.00,0.00,2.81
2014-11-04,6.86,6.62,6.86,6.56,95750,190791946.00,4.37,-3.64,-0.25,5.18
2014-11-05,6.65,6.65,6.77,6.51,54217,107985416.00,3.93,0.45,0.03,2.93
2014-11-06,6.65,6.82,6.84,6.65,55608,112130974.00,2.86,2.56,0.17,3.01
2014-11-07,6.83,6.68,6.97,6.60,59783,121051323.00,5.43,-2.05,-0.14,3.23
2014-11-10,6.69,6.71,6.74,6.59,39871,79456732.00,2.25,0.45,0.03,2.16
2014-11-11,6.71,6.19,6.75,6.12,85315,164529254.00,9.39,-7.75,-0.52,4.61
2014-11-12,6.19,6.27,6.29,6.15,40068,75517008.00,2.26,1.29,0.08,2.17
2014-11-13,6.29,6.03,6.29,5.97,58687,108132720.00,5.10,-3.83,-0.24,3.17
2014-11-14,6.02,6.42,6.52,5.99,85479,163001055.00,8.79,6.47,0.39,4.62
2014-11-17,6.37,6.37,6.55,6.34,54364,104661955.00,3.27,-0.78,-0.05,2.94
2014-11-18,6.38,6.41,6.44,6.26,35079,66875860.00,2.83,0.63,0.04,1.90
2014-11-19,6.42,6.43,6.47,6.35,36848,70975149.00,1.87,0.31,0.02,1.99
2014-11-20,6.43,6.30,6.43,6.27,32741,62493849.00,2.49,-2.02,-0.13,1.77
2014-11-21,6.31,6.45,6.51,6.25,46073,88839290.00,4.13,2.38,0.15,2.49
2014-11-24,6.52,6.50,6.58,6.43,58799,114639061.00,2.33,0.78,0.05,3.18
2014-11-25,6.51,6.81,6.83,6.48,85537,171745764.00,5.38,4.77,0.31,4.63
2014-11-26,6.87,6.80,6.89,6.71,44463,89908873.00,2.64,-0.15,-0.01,2.41
2014-11-27,6.81,6.87,7.08,6.81,87014,179176960.00,3.97,1.03,0.07,4.71
2014-11-28,6.85,6.60,6.85,6.53,110245,218842118.00,4.66,-3.93,-0.27,5.96
2014-12-01,6.61,6.35,6.77,6.25,103886,200777365.00,7.88,-3.79,-0.25,5.62
2014-12-02,6.35,6.35,6.46,6.33,60748,116762482.00,2.05,0.00,0.00,3.29
2014-12-03,6.39,6.58,6.59,6.26,86269,166372214.00,5.20,3.62,0.23,4.67
2014-12-04,6.57,6.73,6.77,6.54,115981,230080138.00,3.50,2.28,0.15,6.27
2014-12-05,6.73,6.37,6.73,6.26,91501,177188045.00,6.98,-5.35,-0.36,4.95
2014-12-08,6.31,6.23,6.34,6.16,72348,136153461.00,2.83,-2.20,-0.14,3.91
2014-12-09,6.25,6.03,6.34,6.02,83475,156187285.00,5.14,-3.21,-0.20,4.52
2014-12-10,5.99,6.27,6.29,5.86,72536,134169974.00,7.13,3.98,0.24,3.92
2014-12-11,6.29,6.51,6.57,6.17,77411,149278580.00,6.38,3.83,0.24,4.19
2014-12-12,6.51,6.65,6.68,6.43,82227,161366910.00,3.84,2.15,0.14,4.45
2014-12-15,6.62,6.68,6.75,6.57,71363,142118353.00,2.71,0.45,0.03,3.86
2014-12-16,6.71,6.49,6.73,6.41,92208,179905039.00,4.79,-2.84,-0.19,4.99
2014-12-17,6.45,6.31,6.48,6.25,61149,117123665.00,3.54,-2.77,-0.18,3.31
2014-12-18,6.37,6.26,6.51,6.26,52091,100231727.00,3.96,-0.79,-0.05,2.82
2014-12-22,6.31,5.67,6.31,5.51,91485,161383350.00,12.78,-9.42,-0.59,4.95
2014-12-23,5.53,5.57,5.77,5.51,34260,59268071.00,4.59,-1.76,-0.10,1.85
2014-12-24,5.63,5.69,5.71,5.51,38754,66874607.00,3.59,2.15,0.12,2.10
2014-12-25,5.69,5.68,5.75,5.64,28895,50344775.00,1.93,-0.18,-0.01,1.56
2014-12-26,5.68,5.65,5.74,5.58,46497,80549418.00,2.82,-0.53,-0.03,2.52
2014-12-29,5.64,5.39,5.65,5.35,74691,126116410.00,5.31,-4.60,-0.26,4.04
2014-12-30,5.39,5.50,5.61,5.35,53936,91449162.00,4.82,2.04,0.11,2.92
2014-12-31,5.51,5.50,5.56,5.41,28608,48453175.00,2.73,0.00,0.00,1.55