2023-01-03,22.67,23.21,23.26,22.08,15083,34302397.00,5.16,1.53,0.35,1.87
2023-01-04,23.05,22.80,23.67,22.55,8286,18998987.00,4.83,-1.77,-0.41,1.03
2023-01-05,22.61,24.07,24.60,22.46,19479,46192880.00,9.39,5.57,1.27,2.42
2023-01-06,23.85,23.86,24.38,23.63,15640,37371265.00,3.12,-0.87,-0.21,1.94
2023-01-09,23.83,23.77,24.40,23.54,8927,21360001.00,3.60,-0.38,-0.09,1.11
2023-01-10,23.59,24.15,24.55,23.59,11698,28375014.00,4.04,1.60,0.38,1.45
2023-01-11,24.24,24.25,24.85,24.11,11810,28887354.00,3.06,0.41,0.10,1.47
2023-01-12,24.10,24.10,24.96,23.85,4826,11640366.00,4.58,-0.62,-0.15,0.60
2023-01-13,24.30,23.86,24.37,23.72,8355,19966433.00,2.70,-1.00,-0.24,1.04
2023-01-16,23.85,24.35,24.60,23.85,10097,24591370.00,3.14,2.05,0.49,1.25
2023-01-17,24.35,24.93,25.15,24.16,19412,48185126.00,4.07,2.38,0.58,2.41
2023-01-18,24.99,24.80,25.01,24.50,7596,18831835.00,2.05,-0.52,-0.13,0.94
2023-01-19,24.80,25.56,25.80,24.57,10228,25837754.00,4.96,3.06,0.76,1.27
2023-01-20,25.56,24.84,25.77,24.69,14683,36630132.00,4.23,-2.82,-0.72,1.82
2023-01-30,25.09,25.06,25.61,24.86,13956,35104651.00,3.02,0.89,0.22,1.73
2023-01-31,24.82,25.01,25.37,24.70,8720,21709196.00,2.67,-0.20,-0.05,1.08
2023-02-01,25.04,25.88,25.98,25.04,15392,39606260.00,3.76,3.48,0.87,1.91
2023-02-02,26.00,26.65,26.82,25.66,22894,60415534.00,4.48,2.98,0.77,2.84
2023-02-03,26.59,26.56,27.23,26.03,17411,46394038.00,4.50,-0.34,-0.09,2.16
2023-02-06,26.59,25.82,26.59,25.70,13162,34204381.00,3.35,-2.79,-0.74,1.63
2023-02-07,25.83,27.49,27.60,25.73,27011,71904677.00,7.24,6.47,1.67,3.35
2023-02-08,27.49,26.80,27.50,26.40,22006,58972298.00,4.00,-2.51,-0.69,2.73
2023-02-09,26.72,28.16,28.80,26.48,34257,96050922.00,8.66,5.07,1.36,4.25
2023-02-10,27.45,27.75,28.37,27.25,25593,70814025.00,3.98,-1.46,-0.41,3.18
2023-02-13,27.63,27.38,27.71,27.11,14763,40338084.00,2.16,-1.33,-0.37,1.83
2023-02-14,27.37,27.09,27.70,26.91,14493,39489617.00,2.89,-1.06,-0.29,1.80
2023-02-15,27.09,27.32,27.78,27.09,13030,35705385.00,2.55,0.85,0.23,1.62
2023-02-16,27.50,25.88,27.74,25.55,22929,60818006.00,8.02,-5.27,-1.44,2.85
2023-02-17,25.90,25.75,26.24,25.61,13602,35272516.00,2.43,-0.50,-0.13,1.69
2023-02-20,25.74,25.85,26.01,25.25,8764,22422219.00,2.95,0.39,0.10,1.09
2023-02-21,26.19,25.78,26.43,25.50,9720,25247081.00,3.60,-0.27,-0.07,1.21
2023-02-22,25.81,25.33,26.09,25.17,21983,55812259.00,3.57,-1.75,-0.45,2.73
2023-02-23,25.52,26.45,27.28,25.48,27971,73878970.00,7.11,4.42,1.12,3.47
2023-02-24,26.31,25.34,26.32,25.20,16101,41283431.00,4.23,-4.20,-1.11,2.00
2023-02-27,25.24,24.68,25.57,24.50,16615,41415249.00,4.22,-2.60,-0.66,2.06
2023-02-28,24.75,24.80,25.40,24.50,14972,37290349.00,3.65,0.49,0.12,1.86
2023-03-01,24.98,25.95,26.35,24.80,20692,53065835.00,6.25,4.64,1.15,2.57
2023-03-02,25.90,25.17,26.00,25.17,14406,36651375.00,3.20,-3.01,-0.78,1.79
2023-03-03,25.30,24.83,25.50,24.60,10364,25802526.00,3.58,-1.35,-0.34,1.29
2023-03-06,24.93,25.03,25.43,24.52,10157,25355296.00,3.66,0.81,0.20,1.26
2023-03-07,25.15,24.01,25.24,23.98,12653,30837563.00,5.03,-4.08,-1.02,1.57
2023-03-08,23.86,24.68,24.86,23.86,12879,31509563.00,4.16,2.79,0.67,1.60
2023-03-09,24.65,25.33,25.52,24.43,16813,42404901.00,4.42,2.63,0.65,2.09
2023-03-10,24.95,24.65,25.32,24.41,13944,34468910.00,3.59,-2.68,-0.68,1.73
2023-03-13,24.40,24.17,24.79,23.96,11895,28728540.00,3.37,-1.95,-0.48,1.48
2023-03-14,24.01,23.63,24.40,23.52,7112,17025665.00,3.64,-2.23,-0.54,0.88