2021-01-04,11.00,12.15,12.19,11.00,70186,155518907.00,10.77,9.95,1.10,3.36
2021-01-05,12.30,11.66,12.32,11.45,45438,99684356.00,7.16,-4.03,-0.49,2.17
2021-01-06,11.66,11.63,11.80,11.26,28091,60306790.00,4.63,-0.26,-0.03,1.34
2021-01-07,11.64,10.77,11.71,10.67,42384,87304627.00,8.94,-7.39,-0.86,2.03
2021-01-08,10.77,11.03,11.44,10.64,34899,72348904.00,7.43,2.41,0.26,1.67
2021-01-11,10.90,10.49,11.03,10.47,29776,59690021.00,5.08,-4.90,-0.54,1.42
2021-01-12,10.67,10.53,11.14,10.47,35170,70611056.00,6.39,0.38,0.04,1.68
2021-01-13,10.51,9.81,10.58,9.65,45554,84474732.00,8.83,-6.84,-0.72,2.18
2021-01-14,9.84,10.34,10.59,9.39,54303,102040243.00,12.23,5.40,0.53,2.60
2021-01-15,10.12,10.51,10.57,10.09,18458,35593934.00,4.64,1.64,0.17,0.88
2021-01-18,10.44,10.31,10.66,10.18,29865,58146590.00,4.57,-1.90,-0.20,1.43
2021-01-19,10.30,11.38,11.38,10.28,63196,129898128.00,10.67,10.38,1.07,3.02
2021-01-20,11.22,11.26,11.55,10.96,35085,73623077.00,5.18,-1.05,-0.12,1.68
2021-01-21,11.19,10.97,11.37,10.88,32955,68339462.00,4.35,-2.58,-0.29,1.58
2021-01-22,10.77,10.80,11.00,10.62,30940,62337910.00,3.46,-1.55,-0.17,1.48
2021-01-25,10.62,10.23,10.80,10.18,40804,79647491.00,5.74,-5.28,-0.57,1.95
2021-01-26,10.12,10.79,10.92,9.96,36029,71174445.00,9.38,5.47,0.56,1.72
2021-01-27,10.77,10.38,11.11,10.33,15519,30779728.00,7.23,-3.80,-0.41,0.74
2021-01-28,10.37,10.36,10.77,10.14,14711,28847443.00,6.07,-0.19,-0.02,0.70
2021-01-29,10.34,9.95,10.46,9.78,20719,39143946.00,6.56,-3.96,-0.41,0.99
2021-02-01,10.21,9.91,10.21,9.62,17816,32708632.00,5.93,-0.40,-0.04,0.85
2021-02-02,9.90,10.31,10.43,9.74,18075,34449901.00,6.96,4.04,0.40,0.86
2021-02-03,10.13,9.95,10.30,9.85,12275,23059324.00,4.36,-3.49,-0.36,0.59
2021-02-04,9.66,9.57,10.02,9.46,13568,24602294.00,5.63,-3.82,-0.38,0.65
2021-02-05,9.69,9.12,9.71,9.10,27025,47070671.00,6.37,-4.70,-0.45,1.29
2021-02-08,9.11,8.91,9.30,8.85,18795,32005740.00,4.93,-2.30,-0.21,0.90
2021-02-09,8.91,9.30,9.43,8.69,17843,30569532.00,8.31,4.38,0.39,0.85
2021-02-10,9.25,9.32,9.43,9.02,13640,23734740.00,4.41,0.22,0.02,0.65
2021-02-18,9.91,10.28,10.28,9.74,42982,81755166.00,5.79,10.30,0.96,2.06
2021-02-19,10.55,11.27,11.33,10.49,62897,130553168.00,8.17,9.63,0.99,3.01
2021-02-22,11.26,11.68,12.26,10.81,63390,137091562.00,12.87,3.64,0.41,3.03
2021-02-23,11.29,10.79,11.55,10.73,59143,122039359.00,7.02,-7.62,-0.89,2.83
2021-02-24,10.70,10.77,11.09,10.62,37814,76666530.00,4.36,-0.19,-0.02,1.81
2021-02-25,10.84,11.60,11.77,10.81,87121,185478281.00,8.91,7.71,0.83,4.17
2021-02-26,11.46,10.89,11.46,10.75,35591,73333665.00,6.12,-6.12,-0.71,1.70
2021-03-01,10.84,10.99,11.16,10.71,27039,55470290.00,4.13,0.92,0.10,1.29
2021-03-02,11.01,10.75,11.21,10.62,21189,42899787.00,5.37,-2.18,-0.24,1.01
2021-03-03,10.47,10.77,10.82,10.47,18638,37285825.00,3.26,0.19,0.02,0.89
2021-03-04,10.80,10.41,10.98,10.29,26178,52035877.00,6.41,-3.34,-0.36,1.25
2021-03-05,10.32,10.54,10.73,10.18,16806,32997719.00,5.28,1.25,0.13,0.80
2021-03-08,10.67,10.37,10.84,10.29,17033,33528888.00,5.22,-1.61,-0.17,0.81
2021-03-09,10.30,9.72,10.32,9.64,20406,37986883.00,6.56,-6.27,-0.65,0.98
2021-03-10,9.92,9.58,10.09,9.52,14913,27241430.00,5.86,-1.44,-0.14,0.71
2021-03-11,9.55,9.85,9.92,9.43,13921,25472028.00,5.11,2.82,0.27,0.67
2021-03-12,9.89,10.12,10.16,9.76,14180,26602405.00,4.06,2.74,0.27,0.68
2021-03-15,10.11,9.93,10.40,9.85,13561,25538182.00,5.43,-1.88,-0.19,0.65
2021-03-16,9.86,10.09,10.10,9.81,9916,18652345.00,2.92,1.61,0.16,0.47
2021-03-17,10.13,10.03,10.24,9.90,10884,20534394.00,3.37,-0.59,-0.06,0.52
2021-03-18,10.05,10.10,10.22,9.91,12384,23421651.00,3.09,0.70,0.07,0.59
2021-03-19,10.06,10.23,10.31,9.85,11247,21524861.00,4.55,1.29,0.13,0.54
2021-03-22,9.98,10.14,10.23,9.95,11077,20956327.00,2.74,-0.88,-0.09,0.53
2021-03-23,9.96,10.05,10.09,9.91,9059,17011291.00,1.78,-0.89,-0.09,0.43
2021-03-24,9.98,10.14,10.22,9.87,11272,21276945.00,3.48,0.90,0.09,0.54
2021-03-25,10.18,9.76,10.21,9.73,14304,26513768.00,4.73,-3.75,-0.38,0.68
2021-03-26,9.66,9.85,9.90,9.63,11017,20222660.00,2.77,0.92,0.09,0.53
2021-03-29,9.88,10.07,10.47,9.88,16906,32383351.00,5.99,2.23,0.22,0.81
2021-03-30,10.07,10.40,10.40,9.87,20682,39666947.00,5.26,3.28,0.33,0.99
2021-03-31,10.40,10.59,10.66,10.23,16407,32383294.00,4.13,1.83,0.19,0.78
2021-04-01,10.57,10.45,10.65,10.32,17499,34425079.00,3.12,-1.32,-0.14,0.84
2021-04-02,10.45,10.29,10.64,10.09,14351,27675151.00,5.26,-1.53,-0.16,0.69
2021-04-06,10.31,10.48,10.57,10.30,14975,29292869.00,2.62,1.85,0.19,0.72
2021-04-07,10.48,10.29,10.52,10.28,7643,14870962.00,2.29,-1.81,-0.19,0.37
2021-04-08,10.31,10.18,10.36,10.16,7935,15241156.00,1.94,-1.07,-0.11,0.38
2021-04-09,10.32,10.50,10.59,10.12,12884,25096763.00,4.62,3.14,0.32,0.62
2021-04-12,10.49,10.04,10.76,10.01,17295,33541584.00,7.14,-4.38,-0.46,0.83
2021-04-13,10.04,9.84,10.24,9.75,10948,20275044.00,4.88,-1.99,-0.20,0.52
2021-04-14,9.95,9.98,10.03,9.76,5604,10411096.00,2.74,1.42,0.14,0.27
2021-04-15,10.00,9.87,10.00,9.63,6679,12282748.00,3.71,-1.10,-0.11,0.32
2021-04-16,9.77,10.02,10.05,9.77,7467,13998756.00,2.84,1.52,0.15,0.36
2021-04-19,10.12,10.24,10.54,9.99,12113,23398597.00,5.49,2.20,0.22,0.58
2021-04-20,10.24,10.22,10.47,10.20,9570,18543149.00,2.64,-0.20,-0.02,0.46
2021-04-21,10.16,10.04,10.26,10.01,8291,15750604.00,2.45,-1.76,-0.18,0.40
2021-04-22,9.90,9.96,10.19,9.87,9560,17943511.00,3.19,-0.80,-0.08,0.46
2021-04-23,10.06,9.92,10.06,9.80,8855,16416251.00,2.61,-0.40,-0.04,0.42
2021-04-26,9.91,9.79,10.03,9.75,8017,14905850.00,2.82,-1.31,-0.13,0.38
2021-04-27,9.98,9.85,10.56,9.77,31308,59425770.00,8.07,0.61,0.06,1.50
2021-04-28,9.87,10.24,10.45,9.64,26155,49761549.00,8.22,3.96,0.39,1.25
2021-04-29,10.24,10.01,10.47,10.01,27246,52077632.00,4.49,-2.25,-0.23,1.30
2021-04-30,9.95,10.05,10.20,9.85,14986,28162451.00,3.50,0.40,0.04,0.72
2021-05-06,10.05,10.26,10.33,9.98,18106,34699124.00,3.48,2.09,0.21,0.87
2021-05-07,10.35,9.99,10.38,9.90,24909,47338803.00,4.68,-2.63,-0.27,1.19
2021-05-10,9.97,9.79,10.10,9.76,15237,28338508.00,3.40,-2.00,-0.20,0.73
2021-05-11,9.77,9.74,9.85,9.66,11906,21807821.00,1.94,-0.51,-0.05,0.57
2021-05-12,9.68,9.75,9.79,9.65,8279,15124425.00,1.44,0.10,0.01,0.40
2021-05-13,9.81,9.41,9.81,9.39,16177,29134906.00,4.31,-3.49,-0.34,0.77
2021-05-14,9.55,9.48,9.55,9.36,10678,18966448.00,2.02,0.74,0.07,0.51
2021-05-17,9.52,9.48,9.68,9.42,10414,18748571.00,2.74,0.00,0.00,0.50
2021-05-18,9.63,9.30,9.63,9.15,13269,23188857.00,5.06,-1.90,-0.18,0.63
2021-05-19,9.37,9.21,9.37,9.14,8704,15127376.00,2.47,-0.97,-0.09,0.42
2021-05-20,9.26,9.49,9.49,9.07,13298,23229008.00,4.56,3.04,0.28,0.64
2021-05-21,9.40,9.42,9.48,9.25,11602,20389667.00,2.42,-0.74,-0.07,0.55
2021-05-24,9.35,9.36,9.41,9.21,8454,14769931.00,2.12,-0.64,-0.06,0.40
2021-05-25,9.30,9.45,9.51,9.26,8794,15533456.00,2.67,0.96,0.09,0.42
2021-05-26,9.40,9.80,9.82,9.40,16527,30129147.00,4.44,3.70,0.35,0.79
2021-05-27,9.80,10.10,10.10,9.74,17045,31737949.00,3.67,3.06,0.30,0.82
2021-05-28,10.13,10.08,10.15,9.97,16295,30827496.00,1.78,-0.20,-0.02,0.78
2021-05-31,10.23,10.46,10.53,10.01,19008,36480548.00,5.16,3.77,0.38,0.91
2021-06-01,10.62,10.26,10.62,10.20,17735,34288051.00,4.02,-1.91,-0.20,0.85
2021-06-02,10.26,10.31,10.36,10.21,9264,17866390.00,1.46,0.49,0.05,0.44
2021-06-03,10.32,10.16,10.45,10.12,10758,20694396.00,3.20,-1.45,-0.15,0.51
2021-06-04,10.16,10.18,10.26,10.09,11979,22858110.00,1.67,0.20,0.02,0.57
2021-06-07,10.22,10.42,10.64,10.22,28692,56586627.00,4.13,2.36,0.24,1.37
2021-06-08,10.50,10.25,10.53,10.15,14351,27662236.00,3.65,-1.63,-0.17,0.69
2021-06-09,10.45,10.52,10.81,10.26,20442,40530737.00,5.37,2.63,0.27,0.98
2021-06-10,10.50,10.47,10.63,10.35,16462,32327026.00,2.66,-0.48,-0.05,0.79
2021-06-11,10.62,10.33,10.62,10.27,10569,20578037.00,3.34,-1.34,-0.14,0.51
2021-06-15,10.32,10.20,10.37,10.08,12650,24202165.00,2.81,-1.26,-0.13,0.61
2021-06-16,10.20,10.13,10.29,10.02,14766,27977079.00,2.65,-0.69,-0.07,0.71
2021-06-17,9.98,10.09,10.45,9.85,16797,22507553.00,5.92,-0.39,-0.04,0.57
2021-06-18,9.87,9.90,10.11,9.69,28039,36637967.00,4.16,-1.88,-0.19,0.96
2021-06-21,9.82,10.02,10.15,9.69,28062,37130869.00,4.65,1.21,0.12,0.96
2021-06-22,10.05,10.49,10.58,9.98,40005,55010217.00,5.99,4.69,0.47,1.37
2021-06-23,10.42,10.36,10.58,10.27,27063,37069711.00,2.96,-1.24,-0.13,0.92
2021-06-24,10.37,10.13,10.38,10.02,21322,28629698.00,3.47,-2.22,-0.23,0.73
2021-06-25,10.33,10.06,10.54,9.85,38393,51096865.00,6.81,-0.69,-0.07,1.31
2021-06-28,10.24,10.22,10.42,10.08,36730,49844355.00,3.38,1.59,0.16,1.25
2021-06-29,10.05,10.13,10.26,9.98,20306,27094583.00,2.74,-0.88,-0.09,0.69
2021-06-30,10.08,10.02,10.28,9.96,19203,25580087.00,3.16,-1.09,-0.11,0.66
2021-07-01,10.08,9.65,10.11,9.65,24412,31681682.00,4.59,-3.69,-0.37,0.83
2021-07-02,9.66,9.48,9.76,9.44,17744,22490157.00,3.32,-1.76,-0.17,0.61
2021-07-05,9.58,9.68,9.76,9.48,14406,18371447.00,2.95,2.11,0.20,0.49
2021-07-06,9.60,9.69,9.73,9.55,12278,15620419.00,1.86,0.10,0.01,0.42
2021-07-07,9.69,10.04,10.05,9.65,20957,27405382.00,4.13,3.61,0.35,0.72
2021-07-08,10.05,11.06,11.06,9.85,79153,109657525.00,12.05,10.16,1.02,2.70
2021-07-09,11.66,11.25,11.95,10.71,136959,203520338.00,11.21,1.72,0.19,4.68
2021-07-12,11.08,12.39,12.39,11.02,166778,264756524.00,12.18,10.13,1.14,5.70
2021-07-13,13.12,12.60,13.12,12.45,186126,312283280.00,5.41,1.69,0.21,6.36
2021-07-14,12.58,12.19,12.84,12.15,103712,169969625.00,5.48,-3.25,-0.41,3.54
2021-07-15,12.16,12.19,12.47,11.92,51743,82693937.00,4.51,0.00,0.00,1.77
2021-07-16,12.15,12.92,13.43,12.09,111001,189100259.00,10.99,5.99,0.73,3.79
2021-07-19,12.98,12.45,13.19,12.35,70767,118407737.00,6.50,-3.64,-0.47,2.42
2021-07-20,12.56,12.58,13.04,12.52,50439,84258389.00,4.18,1.04,0.13,1.72
2021-07-21,12.61,12.81,12.96,12.45,55990,93852260.00,4.05,1.83,0.23,1.91
2021-07-22,12.81,13.08,13.55,12.81,72597,126002402.00,5.78,2.11,0.27,2.48
2021-07-23,13.07,13.21,13.62,12.89,56216,98283593.00,5.58,0.99,0.13,1.92
2021-07-26,13.19,12.75,13.51,12.61,99573,169917049.00,6.81,-3.48,-0.46,3.40
2021-07-27,12.92,12.27,12.98,12.21,83874,137836245.00,6.04,-3.76,-0.48,2.87
2021-07-28,12.27,11.23,12.31,11.03,93361,140957832.00,10.43,-8.48,-1.04,3.19
2021-07-29,11.41,12.11,12.28,11.41,76843,121084778.00,7.75,7.84,0.88,2.63
2021-07-30,12.02,11.87,12.09,11.69,52192,81416577.00,3.30,-1.98,-0.24,1.78
2021-08-02,11.85,12.35,12.60,11.85,53600,86935248.00,6.32,4.04,0.48,1.83
2021-08-03,12.35,12.35,12.58,12.27,38763,63211129.00,2.51,0.00,0.00,1.32
2021-08-04,12.34,12.37,12.51,12.15,40447,65568031.00,2.91,0.16,0.02,1.38
2021-08-05,12.26,12.52,12.73,12.25,49423,81313629.00,3.88,1.21,0.15,1.69
2021-08-06,12.47,12.52,12.72,12.29,34228,56378269.00,3.43,0.00,0.00,1.17
2021-08-09,12.55,12.55,13.00,12.32,37289,62087078.00,5.43,0.24,0.03,1.27
2021-08-10,12.66,13.82,13.82,12.59,78654,138181020.00,9.80,10.12,1.27,2.69
2021-08-11,13.79,14.02,14.02,13.32,91211,164033767.00,5.07,1.45,0.20,3.12
2021-08-12,13.85,13.94,14.26,13.72,56134,103057618.00,3.85,-0.57,-0.08,1.92
2021-08-13,13.99,13.78,14.14,13.60,45634,82708214.00,3.87,-1.15,-0.16,1.56
2021-08-16,13.85,13.26,13.85,13.22,38195,67402746.00,4.57,-3.77,-0.52,1.30
2021-08-17,13.25,12.62,13.35,12.58,50092,84818854.00,5.81,-4.83,-0.64,1.71
2021-08-18,12.83,12.62,12.89,12.47,34216,56885844.00,3.33,0.00,0.00,1.17
2021-08-19,12.62,12.61,12.75,12.18,41744,68478282.00,4.52,-0.08,-0.01,1.43
2021-08-20,12.75,12.54,12.91,12.25,40913,67237288.00,5.23,-0.56,-0.07,1.40
2021-08-23,12.76,13.35,13.49,12.68,52529,91399255.00,6.46,6.46,0.81,1.79
2021-08-24,13.62,14.54,14.69,13.54,169413,318464640.00,8.61,8.91,1.19,5.79
2021-08-25,14.67,14.84,15.23,14.50,124161,241441920.00,5.02,2.06,0.30,4.24
2021-08-26,14.88,14.48,14.98,14.44,69422,133747047.00,3.64,-2.43,-0.36,2.37
2021-08-27,14.40,13.80,14.46,13.73,67920,124606492.00,5.04,-4.70,-0.68,2.32
2021-08-30,13.98,14.47,14.73,13.72,92389,173328555.00,7.32,4.86,0.67,3.16
2021-08-31,14.54,14.45,15.15,14.25,62185,119840445.00,6.22,-0.14,-0.02,2.12
2021-09-01,14.42,13.92,14.64,13.72,63487,116694424.00,6.37,-3.67,-0.53,2.17
2021-09-02,13.78,14.06,14.17,13.73,32431,59642271.00,3.16,1.01,0.14,1.11
2021-09-03,14.06,14.02,14.46,13.73,38429,70817884.00,5.19,-0.28,-0.04,1.31
2021-09-06,13.92,14.17,14.58,13.92,38652,72183643.00,4.71,1.07,0.15,1.32
2021-09-07,14.20,14.35,14.52,14.00,34950,65665095.00,3.67,1.27,0.18,1.19
2021-09-08,14.33,14.02,14.42,13.89,30501,56392670.00,3.69,-2.30,-0.33,1.04
2021-09-09,14.02,13.93,14.23,13.77,32727,59875003.00,3.28,-0.64,-0.09,1.12
2021-09-10,13.92,13.69,14.05,13.52,31481,56710219.00,3.80,-1.72,-0.24,1.08
2021-09-13,13.69,13.64,13.88,13.49,30372,54473203.00,2.85,-0.37,-0.05,1.04
2021-09-14,13.60,13.29,13.89,13.19,47751,84362355.00,5.13,-2.57,-0.35,1.63
2021-09-15,13.12,13.46,13.72,13.00,39141,68976283.00,5.42,1.28,0.17,1.34
2021-09-16,13.46,13.12,13.48,13.07,52531,91775065.00,3.05,-2.53,-0.34,1.79
2021-09-17,12.84,13.13,13.41,12.84,64903,112779799.00,4.34,0.08,0.01,2.22
2021-09-22,12.77,13.69,13.95,12.77,49231,86940333.00,8.99,4.27,0.56,1.68
2021-09-23,13.71,13.41,13.75,13.02,61721,108960554.00,5.33,-2.05,-0.28,2.11
2021-09-24,13.40,13.12,13.62,13.06,27863,48475329.00,4.18,-2.16,-0.29,0.94
2021-09-27,13.32,12.91,13.38,12.82,35797,61186436.00,4.27,-1.60,-0.21,1.21
2021-09-28,12.92,12.27,12.97,12.25,55359,90829649.00,5.58,-4.96,-0.64,1.87
2021-09-29,12.25,12.12,12.55,12.09,23025,37188700.00,3.75,-1.22,-0.15,0.78
2021-09-30,12.12,12.17,12.38,12.02,17802,28564324.00,2.97,0.41,0.05,0.60
2021-10-08,12.22,12.21,12.60,12.13,14753,23862286.00,3.86,0.33,0.04,0.50
2021-10-11,12.21,12.17,12.32,11.96,19190,30641548.00,2.95,-0.33,-0.04,0.65
2021-10-12,12.15,12.11,12.30,11.67,23663,37247066.00,5.18,-0.49,-0.06,0.80
2021-10-13,11.85,11.92,12.12,11.72,19662,30709884.00,3.30,-1.57,-0.19,0.66
2021-10-14,11.86,12.62,12.68,11.86,27761,45442939.00,6.88,5.87,0.70,0.94
2021-10-15,12.62,12.52,12.72,12.37,19358,31797140.00,2.77,-0.79,-0.10,0.65
2021-10-18,12.64,12.46,12.89,12.30,20807,34244497.00,4.71,-0.48,-0.06,0.70
2021-10-19,12.46,12.50,12.55,12.35,12403,20347325.00,1.61,0.32,0.04,0.42
2021-10-20,12.52,13.27,13.38,12.43,44223,75661836.00,7.60,6.16,0.77,1.49
2021-10-21,13.22,13.28,14.35,13.20,57742,103970826.00,8.67,0.08,0.01,1.95
2021-10-22,13.21,13.77,14.07,13.21,56816,102918307.00,6.48,3.69,0.49,1.91
2021-10-25,13.91,14.28,14.34,13.46,49533,91218589.00,6.39,3.70,0.51,1.67
2021-10-26,14.28,14.43,14.65,14.04,37724,71430523.00,4.27,1.05,0.15,1.27
2021-10-27,14.43,14.43,14.55,14.16,37048,70072126.00,2.70,0.00,0.00,1.25
2021-10-28,13.73,13.50,14.15,13.36,53671,96672834.00,5.47,-6.44,-0.93,1.81
2021-10-29,13.51,13.57,13.69,13.13,30153,53399045.00,4.15,0.52,0.07,1.02
2021-11-01,13.55,13.27,13.90,13.23,35890,63566851.00,4.94,-2.21,-0.30,1.21
2021-11-02,13.26,12.97,13.45,12.84,35061,60432703.00,4.60,-2.26,-0.30,1.18
2021-11-03,13.04,13.09,13.31,12.77,24754,42320977.00,4.16,0.93,0.12,0.83
2021-11-04,13.33,14.42,14.42,13.10,66700,122645236.00,10.08,10.16,1.33,2.25
2021-11-05,14.77,14.36,15.15,14.27,77812,148798726.00,6.10,-0.42,-0.06,2.62
2021-11-08,14.23,14.35,14.85,14.15,48559,92180270.00,4.87,-0.07,-0.01,1.64
2021-11-09,14.31,14.57,14.69,14.02,36909,70266471.00,4.67,1.53,0.22,1.24
2021-11-10,14.71,14.75,15.08,14.35,36576,70837600.00,5.01,1.24,0.18,1.23
2021-11-11,14.57,14.56,14.78,14.38,26966,51573923.00,2.71,-1.29,-0.19,0.91
2021-11-12,14.68,15.27,15.46,14.44,64391,127355276.00,7.01,4.88,0.71,2.17
2021-11-15,15.46,15.68,16.22,15.29,78429,162616288.00,6.09,2.69,0.41,2.64
2021-11-16,15.60,15.38,16.00,15.19,51873,105880353.00,5.17,-1.91,-0.30,1.75
2021-11-17,15.39,15.52,15.69,15.12,27772,56154832.00,3.71,0.91,0.14,0.94
2021-11-18,15.51,15.52,15.99,15.12,41838,85354820.00,5.61,0.00,0.00,1.41
2021-11-19,15.52,15.71,15.96,15.20,41010,84189192.00,4.90,1.22,0.19,1.38
2021-11-22,15.77,15.85,16.12,15.50,43168,89281440.00,3.95,0.89,0.14,1.45
2021-11-23,15.80,15.88,16.04,15.64,34950,72879073.00,2.52,0.19,0.03,1.18
2021-11-24,16.04,15.62,16.04,15.36,42198,86688331.00,4.28,-1.64,-0.26,1.42
2021-11-25,15.65,15.56,15.80,15.43,24618,50455018.00,2.37,-0.38,-0.06,0.83
2021-11-26,15.49,15.62,15.74,15.12,36586,74168899.00,3.98,0.39,0.06,1.23
2021-11-29,15.37,16.05,16.26,15.23,56106,117378781.00,6.59,2.75,0.43,1.89
2021-11-30,16.45,17.68,17.68,16.45,62847,143085035.00,7.66,10.16,1.63,2.12
2021-12-01,17.76,17.47,18.14,17.21,92348,212799050.00,5.26,-1.19,-0.21,3.11
2021-12-02,17.73,17.58,18.77,17.14,89913,209820465.00,9.33,0.63,0.11,3.03
2021-12-03,17.46,17.54,17.72,17.03,46968,107370039.00,3.92,-0.23,-0.04,1.58
2021-12-06,17.62,17.22,17.99,17.20,47367,108499425.00,4.50,-1.82,-0.32,1.60
2021-12-07,17.45,16.60,17.65,16.31,52733,116412845.00,7.78,-3.60,-0.62,1.78
2021-12-08,16.57,16.75,17.04,16.46,31543,69289734.00,3.49,0.90,0.15,1.06
2021-12-09,16.84,16.56,16.87,16.08,41873,89968060.00,4.72,-1.13,-0.19,1.41
2021-12-10,16.56,16.40,16.85,16.28,23549,51009772.00,3.44,-0.97,-0.16,0.79
2021-12-13,16.35,16.24,16.45,15.69,27234,57520660.00,4.63,-0.98,-0.16,0.92
2021-12-14,16.14,16.24,16.46,15.85,28563,60309298.00,3.76,0.00,0.00,0.96
2021-12-15,16.38,16.12,16.47,15.94,21920,46605917.00,3.26,-0.74,-0.12,0.74
2021-12-16,16.08,16.13,16.55,16.04,19994,42502626.00,3.16,0.06,0.01,0.67
2021-12-17,16.19,15.26,16.19,15.18,39761,81118747.00,6.26,-5.39,-0.87,1.34
2021-12-20,15.30,14.97,15.35,14.74,29101,57317541.00,4.00,-1.90,-0.29,0.98
2021-12-21,15.05,15.13,15.20,14.85,17020,33643634.00,2.34,1.07,0.16,0.57
2021-12-22,15.08,15.69,15.69,15.08,24218,49052405.00,4.03,3.70,0.56,0.82
2021-12-23,15.73,15.84,16.25,15.46,32111,67027674.00,5.04,0.96,0.15,1.08
2021-12-24,15.85,15.23,15.95,14.95,33743,67504497.00,6.31,-3.85,-0.61,1.14
2021-12-27,15.08,14.72,15.32,14.64,31703,61936090.00,4.46,-3.35,-0.51,1.07
2021-12-28,14.82,14.68,14.89,14.47,21503,41420158.00,2.85,-0.27,-0.04,0.72
2021-12-29,14.72,14.71,14.85,14.31,30158,57618239.00,3.68,0.20,0.03,1.02
2021-12-30,14.69,15.25,15.46,14.51,27981,55216720.00,6.46,3.67,0.54,0.94
2021-12-31,15.23,15.67,15.85,15.00,33323,67765440.00,5.57,2.75,0.42,1.12