2014-01-02,3.08,3.09,3.11,3.07,37337,24692721.00,1.29,0.00,0.00,1.08
2014-01-03,3.09,3.03,3.09,3.01,34874,22682911.00,2.59,-1.94,-0.06,1.01
2014-01-06,3.02,2.89,3.02,2.88,44605,28031940.00,4.62,-4.62,-0.14,1.29
2014-01-07,2.89,2.90,2.92,2.85,28920,17935235.00,2.42,0.35,0.01,0.83
2014-01-08,2.89,2.86,2.93,2.86,26954,16743820.00,2.41,-1.38,-0.04,0.78
2014-01-09,2.87,2.89,2.96,2.86,46767,29148770.00,3.50,1.05,0.03,1.35
2014-01-10,2.90,3.20,3.20,2.86,156224,104378671.00,11.76,10.73,0.31,4.51
2014-01-13,3.23,3.12,3.24,3.05,209056,139690555.00,5.94,-2.50,-0.08,6.03
2014-01-14,3.11,3.22,3.22,3.06,139384,93563900.00,5.13,3.21,0.10,4.02
2014-01-15,3.20,3.19,3.25,3.15,104182,70908010.00,3.11,-0.93,-0.03,3.01
2014-01-16,3.19,3.19,3.27,3.17,129606,89004367.00,3.13,0.00,0.00,3.74
2014-01-17,3.12,3.06,3.14,3.04,86675,57019203.00,3.13,-4.08,-0.13,2.50
2014-01-20,3.01,3.00,3.06,2.99,52017,33595494.00,2.29,-1.96,-0.06,1.50
2014-01-21,3.00,3.13,3.16,3.00,66148,43610453.00,5.33,4.33,0.13,1.91
2014-01-22,3.14,3.18,3.18,3.11,78577,52941799.00,2.24,1.60,0.05,2.27
2014-01-23,3.19,3.15,3.19,3.13,66895,45106952.00,1.89,-0.94,-0.03,1.93
2014-01-24,3.15,3.19,3.25,3.14,93119,63724804.00,3.49,1.27,0.04,2.69
2014-01-27,3.15,3.22,3.34,3.15,108420,75100771.00,5.96,0.94,0.03,3.13
2014-01-28,3.20,3.28,3.31,3.19,107357,74524202.00,3.73,1.86,0.06,3.10
2014-01-29,3.27,3.31,3.36,3.24,101240,71059292.00,3.66,0.91,0.03,2.92
2014-01-30,3.29,3.25,3.31,3.24,45411,31610007.00,2.11,-1.81,-0.06,1.31
2014-02-07,3.19,3.36,3.36,3.19,93624,65478764.00,5.23,3.38,0.11,2.70
2014-02-10,3.34,3.40,3.46,3.33,158492,114570280.00,3.87,1.19,0.04,4.57
2014-02-11,3.40,3.35,3.42,3.32,124688,89337251.00,2.94,-1.47,-0.05,3.60
2014-02-12,3.35,3.38,3.42,3.33,111244,79791261.00,2.69,0.90,0.03,3.21
2014-02-13,3.37,3.27,3.37,3.27,119725,84642461.00,2.96,-3.25,-0.11,3.46
2014-02-14,3.27,3.33,3.34,3.25,68462,48149921.00,2.75,1.83,0.06,1.98
2014-02-17,3.39,3.46,3.53,3.39,194779,143138029.00,4.20,3.90,0.13,5.62
2014-02-18,3.47,3.83,3.83,3.42,320342,248638124.00,11.85,10.69,0.37,9.24
2014-02-19,3.81,3.73,3.81,3.65,328741,259882883.00,4.18,-2.61,-0.10,9.49
2014-02-20,3.70,3.62,3.73,3.60,193983,150158331.00,3.49,-2.95,-0.11,5.60
2014-02-21,3.65,3.58,3.67,3.50,135943,103317228.00,4.70,-1.10,-0.04,3.92
2014-02-24,3.57,3.68,3.70,3.53,130794,100809033.00,4.75,2.79,0.10,3.77
2014-02-25,3.68,3.39,3.69,3.34,182475,136806153.00,9.51,-7.88,-0.29,5.27
2014-02-26,3.33,3.46,3.46,3.32,97992,70588405.00,4.13,2.06,0.07,2.83
2014-02-27,3.46,3.44,3.58,3.39,115578,85759014.00,5.49,-0.58,-0.02,3.34
2014-02-28,3.45,3.50,3.50,3.35,79059,57586424.00,4.36,1.74,0.06,2.28
2014-03-03,3.46,3.60,3.63,3.46,117439,88809814.00,4.86,2.86,0.10,3.39
2014-03-04,3.60,3.67,3.69,3.56,119507,91797072.00,3.61,1.94,0.07,3.45
2014-03-05,3.69,3.67,3.81,3.59,188498,147290323.00,5.99,0.00,0.00,5.44
2014-03-06,3.65,3.60,3.68,3.56,112991,86080309.00,3.27,-1.91,-0.07,3.26
2014-03-07,3.74,3.66,3.83,3.63,193412,152389332.00,5.56,1.67,0.06,5.58
2014-03-10,3.54,3.40,3.56,3.39,119583,87833003.00,4.64,-7.10,-0.26,3.45
2014-03-11,3.39,3.49,3.52,3.37,75113,54771238.00,4.41,2.65,0.09,2.17
2014-03-12,3.44,3.42,3.48,3.33,79780,57780800.00,4.30,-2.01,-0.07,2.30
2014-03-13,3.39,3.60,3.60,3.39,102908,76514377.00,6.14,5.26,0.18,2.97
2014-03-14,3.59,3.66,3.73,3.54,194940,151215904.00,5.28,1.67,0.06,5.63
2014-03-17,3.68,3.71,3.73,3.62,135580,105524932.00,3.01,1.37,0.05,3.91
2014-03-18,3.72,3.93,4.11,3.68,371184,308918736.00,11.59,5.93,0.22,10.71
2014-03-19,3.84,3.96,4.00,3.80,215443,177229108.00,5.09,0.76,0.03,6.22
2014-03-20,3.92,3.78,4.02,3.76,195716,161139476.00,6.57,-4.55,-0.18,5.65
2014-03-21,3.72,4.18,4.18,3.72,517324,443955328.00,12.17,10.58,0.40,14.93
2014-03-24,4.29,4.30,4.35,4.14,610230,543823312.00,5.02,2.87,0.12,17.61
2014-03-25,4.25,4.19,4.28,4.10,331387,291719680.00,4.19,-2.56,-0.11,9.56
2014-03-26,4.13,4.12,4.18,4.04,219214,188776596.00,3.34,-1.67,-0.07,6.33
2014-03-27,4.09,4.04,4.22,4.02,234906,203844421.00,4.85,-1.94,-0.08,6.78
2014-03-28,4.06,3.93,4.22,3.92,261410,223938868.00,7.43,-2.72,-0.11,7.54
2014-03-31,3.88,3.96,4.01,3.84,132867,109725672.00,4.33,0.76,0.03,3.83
2014-04-01,3.96,4.00,4.01,3.86,120690,100239600.00,3.79,1.01,0.04,3.48
2014-04-02,3.97,3.90,4.01,3.89,114215,94465741.00,3.00,-2.50,-0.10,3.30
2014-04-03,3.91,3.93,3.98,3.85,96941,80049814.00,3.33,0.77,0.03,2.80
2014-04-04,3.93,3.97,3.97,3.89,88290,73017876.00,2.04,1.02,0.04,2.55
2014-04-08,4.03,4.15,4.24,4.03,238829,208076667.00,5.29,4.53,0.18,6.89
2014-04-09,4.15,4.19,4.20,4.11,177286,154373958.00,2.17,0.96,0.04,5.12
2014-04-10,4.18,4.12,4.19,4.11,135180,117269000.00,1.91,-1.67,-0.07,3.90
2014-04-11,4.08,4.01,4.08,3.97,143361,121102829.00,2.67,-2.67,-0.11,4.14
2014-04-14,4.10,4.16,4.24,4.10,170710,148861293.00,3.49,3.74,0.15,4.93
2014-04-15,4.10,4.13,4.15,4.06,100350,86144868.00,2.16,-0.72,-0.03,2.90
2014-04-16,4.11,4.18,4.18,4.08,100135,86744309.00,2.42,1.21,0.05,2.89
2014-04-17,4.20,4.31,4.45,4.17,325856,294559968.00,6.70,3.11,0.13,9.40
2014-04-18,4.31,4.35,4.40,4.25,167667,151813542.00,3.48,0.93,0.04,4.84
2014-04-21,4.51,4.43,4.72,4.38,403474,382496704.00,7.82,1.84,0.08,11.64
2014-04-22,4.33,4.37,4.41,4.23,209661,189570947.00,4.06,-1.35,-0.06,6.05
2014-04-23,4.33,4.51,4.59,4.31,239671,224626444.00,6.41,3.20,0.14,6.92
2014-04-24,4.48,4.34,4.57,4.33,186812,172221786.00,5.32,-3.77,-0.17,5.39
2014-04-25,4.31,3.95,4.31,3.90,202324,176011093.00,9.45,-8.99,-0.39,5.84
2014-04-28,3.93,3.98,4.07,3.80,126374,104759604.00,6.84,0.76,0.03,3.65
2014-04-29,3.95,4.06,4.06,3.91,88339,74429679.00,3.77,2.01,0.08,2.55
2014-04-30,4.06,4.02,4.09,3.97,76997,64975479.00,2.96,-0.99,-0.04,2.22
2014-05-05,4.00,4.12,4.12,3.89,91931,77225338.00,5.72,2.49,0.10,2.65
2014-05-06,4.12,4.20,4.23,4.07,114882,100228207.00,3.88,1.94,0.08,3.32
2014-05-07,4.14,4.01,4.18,3.99,100438,85636761.00,4.52,-4.52,-0.19,2.90
2014-05-08,3.95,3.96,4.13,3.93,80550,68157607.00,4.99,-1.25,-0.05,2.32
2014-05-09,3.96,3.97,4.04,3.86,83893,69454192.00,4.55,0.25,0.01,2.42
2014-05-12,4.00,4.10,4.12,3.96,97818,83413510.00,4.03,3.27,0.13,2.82
2014-05-13,4.13,4.12,4.20,4.07,89813,77796829.00,3.17,0.49,0.02,2.59
2014-05-14,4.10,4.30,4.39,4.02,166490,146835595.00,8.98,4.37,0.18,4.80
2014-05-15,4.23,4.18,4.31,4.13,121556,107191465.00,4.19,-2.79,-0.12,3.51
2014-05-16,4.14,4.33,4.38,4.14,169307,151999208.00,5.74,3.59,0.15,4.89
2014-05-19,4.35,4.39,4.40,4.23,147065,133237413.00,3.93,1.39,0.06,4.24
2014-05-20,4.43,4.29,4.46,4.28,139590,127004357.00,4.10,-2.28,-0.10,4.03
2014-05-21,4.24,4.31,4.35,4.16,90888,80758566.00,4.43,0.47,0.02,2.62
2014-05-22,4.30,4.18,4.39,4.17,112311,100805215.00,5.10,-3.02,-0.13,3.24
2014-05-23,4.24,4.16,4.24,4.12,97787,85066543.00,2.87,-0.48,-0.02,2.82
2014-05-26,4.17,4.28,4.28,4.14,104392,91998663.00,3.37,2.88,0.12,3.01
2014-05-27,4.26,4.22,4.28,4.20,73318,65033438.00,1.87,-1.40,-0.06,2.12
2014-05-28,4.25,4.36,4.39,4.23,172418,156208454.00,3.79,3.32,0.14,4.98
2014-05-29,4.36,4.34,4.43,4.29,117499,106660220.00,3.21,-0.46,-0.02,3.39
2014-05-30,4.33,4.34,4.37,4.25,98993,89569948.00,2.76,0.00,0.00,2.86
2014-06-03,4.36,4.28,4.40,4.28,92661,83996021.00,2.76,-1.38,-0.06,2.67
2014-06-04,4.25,4.16,4.30,4.12,102174,89500046.00,4.21,-2.80,-0.12,2.95
2014-06-05,4.20,4.32,4.36,4.20,114775,103391590.00,3.85,3.85,0.16,3.31
2014-06-06,4.31,4.28,4.35,4.24,79423,71323281.00,2.55,-0.93,-0.04,2.29
2014-06-09,4.22,4.18,4.27,4.17,75067,66154788.00,2.34,-2.34,-0.10,2.17
2014-06-10,4.19,4.24,4.24,4.14,66873,58894939.00,2.39,1.44,0.06,1.93
2014-06-11,4.28,4.33,4.38,4.26,137049,123937204.00,2.83,2.12,0.09,3.96
2014-06-12,4.34,4.37,4.38,4.25,125011,112734477.00,3.00,0.92,0.04,3.61
2014-06-13,4.40,4.57,4.63,4.37,343305,322023200.00,5.95,4.58,0.20,9.91
2014-06-16,4.85,4.69,5.00,4.65,458995,458447520.00,7.66,2.63,0.12,13.25
2014-06-17,4.63,5.18,5.18,4.60,792476,838052912.00,12.37,10.45,0.49,22.87
2014-06-18,5.05,4.98,5.11,4.93,527333,551234368.00,3.47,-3.86,-0.20,15.22
2014-06-19,4.91,4.76,5.09,4.55,359234,363707024.00,10.84,-4.42,-0.22,10.37
2014-06-20,4.74,4.78,4.82,4.62,188529,185292554.00,4.20,0.42,0.02,5.44
2014-06-23,4.80,4.75,4.88,4.70,190432,189451191.00,3.77,-0.63,-0.03,5.50
2014-06-24,4.72,4.82,4.83,4.60,220133,216535553.00,4.84,1.47,0.07,6.35
2014-06-26,4.64,4.97,5.10,4.56,350133,351058352.00,11.20,3.11,0.15,10.08
2014-06-27,4.89,4.89,5.07,4.87,275847,284424400.00,4.02,-1.61,-0.08,7.94
2014-06-30,4.92,4.92,5.02,4.78,226295,230681142.00,4.91,0.61,0.03,6.52
2014-07-01,4.93,4.92,4.97,4.82,167507,170925124.00,3.05,0.00,0.00,4.82
2014-07-02,4.92,4.85,4.95,4.83,156286,158368574.00,2.44,-1.42,-0.07,4.50
2014-07-03,4.86,4.80,4.87,4.78,156015,156501477.00,1.86,-1.03,-0.05,4.49
2014-07-04,4.77,4.79,4.83,4.71,128620,127930965.00,2.50,-0.21,-0.01,3.70
2014-07-07,4.75,4.99,5.08,4.75,278475,285940016.00,6.89,4.18,0.20,8.02
2014-07-08,4.93,5.23,5.46,4.91,438115,470595360.00,11.02,4.81,0.24,12.62
2014-07-09,5.20,5.11,5.43,5.10,436991,476331744.00,6.31,-2.29,-0.12,12.58
2014-07-10,5.06,5.01,5.22,4.98,198341,209810454.00,4.70,-1.96,-0.10,5.71
2014-07-11,5.02,5.20,5.20,4.99,196633,208860547.00,4.19,3.79,0.19,5.66
2014-07-14,5.21,5.24,5.28,5.16,169720,184044342.00,2.31,0.77,0.04,4.89
2014-07-15,5.24,5.13,5.38,5.06,208149,225816782.00,6.11,-2.10,-0.11,5.99
2014-07-16,5.09,4.99,5.10,4.96,130191,135921908.00,2.73,-2.73,-0.14,3.75
2014-07-17,4.99,5.26,5.28,4.94,215305,230449146.00,6.81,5.41,0.27,6.20
2014-07-18,5.21,5.13,5.45,5.13,288242,317177552.00,6.08,-2.47,-0.13,8.30
2014-07-21,5.16,5.15,5.35,5.06,147748,159131828.00,5.65,0.39,0.02,4.25
2014-07-22,5.20,5.28,5.34,5.07,193401,209442240.00,5.24,2.52,0.13,5.57
2014-07-23,5.23,5.19,5.33,5.10,149934,162408749.00,4.36,-1.70,-0.09,4.32
2014-07-24,5.20,4.91,5.25,4.88,205399,213888625.00,7.13,-5.39,-0.28,5.91
2014-07-25,4.91,4.94,4.98,4.88,108240,110893736.00,2.04,0.61,0.03,3.12
2014-07-28,4.97,5.07,5.09,4.97,125853,131682476.00,2.43,2.63,0.13,3.62
2014-07-29,5.10,5.23,5.30,5.03,233093,251411800.00,5.33,3.16,0.16,6.71
2014-07-30,5.18,5.16,5.24,5.11,132975,142545620.00,2.49,-1.34,-0.07,3.83
2014-07-31,5.20,5.20,5.31,5.18,149098,161837961.00,2.52,0.78,0.04,4.29
2014-08-01,5.26,5.09,5.30,5.08,183345,197679816.00,4.23,-2.12,-0.11,5.28
2014-08-04,5.04,5.18,5.25,5.00,147973,157432317.00,4.91,1.77,0.09,4.26
2014-08-05,5.20,5.18,5.22,5.10,111813,119548352.00,2.32,0.00,0.00,3.22
2014-08-06,5.18,5.15,5.23,5.08,136171,145886189.00,2.90,-0.58,-0.03,3.92
2014-08-07,5.14,5.06,5.22,5.03,153776,163748172.00,3.69,-1.75,-0.09,4.43
2014-08-08,5.06,5.09,5.12,4.96,136025,142547716.00,3.16,0.59,0.03,3.92
2014-08-11,5.11,5.14,5.20,5.06,140299,149150528.00,2.75,0.98,0.05,4.04
2014-08-12,5.12,5.18,5.19,5.07,154250,164662379.00,2.33,0.78,0.04,4.44
2014-08-13,5.19,5.09,5.19,5.03,124539,131936907.00,3.09,-1.74,-0.09,3.59
2014-08-14,5.08,4.98,5.09,4.98,127935,133514098.00,2.16,-2.16,-0.11,3.68
2014-08-15,4.98,5.00,5.05,4.98,66871,69725958.00,1.41,0.40,0.02,1.93
2014-08-18,5.05,5.09,5.09,5.01,97624,102423539.00,1.60,1.80,0.09,2.81
2014-08-19,5.09,5.19,5.25,5.06,231337,247918942.00,3.73,1.96,0.10,6.66
2014-08-20,5.20,5.19,5.24,5.14,167115,180318833.00,1.93,0.00,0.00,4.81
2014-08-21,5.21,5.26,5.30,5.13,211749,230223317.00,3.28,1.35,0.07,6.10
2014-08-22,5.26,5.25,5.33,5.19,139666,151708899.00,2.66,-0.19,-0.01,4.02
2014-08-25,5.25,5.14,5.27,5.13,105146,112736560.00,2.67,-2.10,-0.11,3.03
2014-08-26,5.14,4.99,5.14,4.97,100867,105624390.00,3.31,-2.92,-0.15,2.90
2014-08-27,4.99,5.11,5.12,4.99,78630,82515916.00,2.61,2.40,0.12,2.26
2014-08-28,5.19,5.20,5.49,5.13,328446,360448048.00,7.05,1.76,0.09,9.46
2014-08-29,5.10,5.13,5.15,5.01,120009,126589391.00,2.69,-1.35,-0.07,3.46
2014-09-01,5.10,5.20,5.21,5.09,93095,100146008.00,2.34,1.36,0.07,2.68
2014-09-02,5.24,5.27,5.33,5.19,191334,208994756.00,2.69,1.35,0.07,5.51
2014-09-03,5.34,5.28,5.39,5.25,199225,219295621.00,2.66,0.19,0.01,5.74
2014-09-04,5.24,5.24,5.28,5.14,253415,273402768.00,2.65,-0.76,-0.04,7.30
2014-09-05,5.21,5.30,5.34,5.14,278622,302206640.00,3.82,1.15,0.06,8.02
2014-09-09,5.54,5.62,5.80,5.46,562136,651121328.00,6.42,6.04,0.32,16.19
2014-09-10,5.55,5.57,5.62,5.49,235621,271491216.00,2.31,-0.89,-0.05,6.79
2014-09-11,5.54,5.55,5.64,5.43,257285,294486064.00,3.77,-0.36,-0.02,7.41
2014-09-12,5.50,5.46,5.51,5.38,255250,287249520.00,2.34,-1.62,-0.09,7.35
2014-09-15,5.41,5.47,5.49,5.41,153345,173628574.00,1.47,0.18,0.01,4.42
2014-09-16,5.46,5.10,5.46,5.10,303401,333774480.00,6.58,-6.76,-0.37,8.74
2014-09-17,5.09,5.05,5.14,4.95,173097,181159614.00,3.73,-0.98,-0.05,4.98
2014-09-18,5.05,5.08,5.08,4.97,90895,95116225.00,2.18,0.59,0.03,2.62
2014-09-19,5.07,5.21,5.25,5.03,132039,140783203.00,4.33,2.56,0.13,3.80
2014-09-22,5.18,5.19,5.24,5.08,146861,157590726.00,3.07,-0.38,-0.02,4.23
2014-09-23,5.19,5.34,5.37,5.16,215112,236348274.00,4.05,2.89,0.15,6.19
2014-09-24,5.32,5.37,5.39,5.26,166014,184253741.00,2.43,0.56,0.03,4.78
2014-09-25,5.44,5.65,5.90,5.44,624269,735596048.00,8.57,5.21,0.28,17.98
2014-09-26,5.64,5.61,5.85,5.56,388933,459153248.00,5.13,-0.71,-0.04,11.20
2014-09-29,5.62,5.60,5.68,5.52,234804,271480928.00,2.85,-0.18,-0.01,6.76
2014-09-30,5.60,5.59,5.63,5.53,169484,195640945.00,1.79,-0.18,-0.01,4.88
2014-10-08,5.59,5.69,5.71,5.53,209653,244977605.00,3.22,1.79,0.10,6.04
2014-10-09,5.72,5.73,5.85,5.63,261523,309780896.00,3.87,0.70,0.04,7.53
2014-10-10,5.66,5.69,5.80,5.56,265031,311561728.00,4.19,-0.70,-0.04,7.63
2014-10-13,5.67,5.66,5.67,5.57,148134,172453410.00,1.76,-0.53,-0.03,4.27
2014-10-14,5.64,5.75,5.79,5.61,260467,308248544.00,3.18,1.59,0.09,7.50
2014-10-15,5.75,5.65,5.78,5.60,147080,172479168.00,3.13,-1.74,-0.10,4.24
2014-10-16,5.60,5.52,5.68,5.52,166173,192541710.00,2.83,-2.30,-0.13,4.79
2014-10-17,5.55,5.60,5.67,5.49,185713,215355656.00,3.26,1.45,0.08,5.35
2014-10-20,5.63,5.63,5.65,5.56,101814,118230725.00,1.61,0.54,0.03,2.93
2014-10-21,5.69,5.56,5.74,5.55,191100,223882728.00,3.37,-1.24,-0.07,5.50
2014-10-22,5.56,5.40,5.59,5.30,178182,200634982.00,5.22,-2.88,-0.16,5.13
2014-10-23,5.40,5.39,5.45,5.31,96681,108032519.00,2.59,-0.19,-0.01,2.78
2014-10-24,5.43,5.53,5.59,5.43,165725,190049510.00,2.97,2.60,0.14,4.77
2014-10-27,5.59,5.55,5.59,5.49,96212,110516235.00,1.81,0.36,0.02,2.77
2014-10-28,5.64,5.99,6.04,5.61,616498,751614416.00,7.75,7.93,0.44,17.75
2014-10-29,5.99,6.14,6.35,5.93,793795,1010494304.00,7.01,2.50,0.15,22.86
2014-10-30,6.07,6.04,6.26,6.00,410227,516181520.00,4.23,-1.63,-0.10,11.81
2014-10-31,6.10,5.97,6.15,5.87,278044,343212976.00,4.64,-1.16,-0.07,8.01
2014-11-03,6.04,5.99,6.10,5.88,261910,322968624.00,3.69,0.34,0.02,7.54
2014-11-04,5.99,6.25,6.54,5.88,484232,619064800.00,11.02,4.34,0.26,13.94
2014-11-05,6.22,6.12,6.35,6.05,327210,418039616.00,4.80,-2.08,-0.13,9.42
2014-11-06,6.10,6.60,6.70,6.07,800905,1056327168.00,10.29,7.84,0.48,23.06
2014-11-07,6.54,6.49,6.90,6.33,847940,1152609312.00,8.64,-1.67,-0.11,24.42
2014-11-10,6.47,6.98,7.12,6.40,767501,1069639408.00,11.09,7.55,0.49,22.10
2014-11-11,6.89,6.68,6.97,6.56,592147,821017200.00,5.87,-4.30,-0.30,17.05
2014-11-12,6.57,6.61,6.67,6.38,299234,402612768.00,4.34,-1.05,-0.07,8.62
2014-11-13,6.50,6.19,6.57,6.18,335010,437428272.00,5.90,-6.35,-0.42,9.65
2014-11-14,6.11,6.23,6.35,6.07,195636,252725727.00,4.52,0.65,0.04,5.63
2014-11-17,6.31,6.53,6.64,6.24,372474,501437296.00,6.42,4.82,0.30,10.73
2014-11-18,6.51,6.97,7.08,6.43,589214,823826336.00,9.95,6.74,0.44,16.97
2014-11-19,6.81,6.67,6.85,6.63,323397,447195840.00,3.16,-4.30,-0.30,9.31
2014-11-20,6.63,6.75,6.98,6.57,493557,697305760.00,6.15,1.20,0.08,14.21
2014-11-21,6.68,6.63,6.79,6.55,478247,652617392.00,3.56,-1.78,-0.12,13.77
2014-11-24,6.64,6.58,6.66,6.45,336891,455075792.00,3.17,-0.75,-0.05,9.70
2014-11-25,6.67,6.72,6.90,6.66,440170,613697472.00,3.65,2.13,0.14,12.68
2014-11-26,6.69,6.70,6.72,6.60,263312,360065040.00,1.79,-0.30,-0.02,7.58
2014-11-27,6.72,6.70,6.86,6.60,316383,438385632.00,3.88,0.00,0.00,9.11
2014-11-28,6.71,6.57,6.71,6.47,265807,359866240.00,3.58,-1.94,-0.13,7.65
2014-12-01,6.55,6.44,6.55,6.36,194373,257604497.00,2.89,-1.98,-0.13,5.60
2014-12-02,6.44,6.60,6.68,6.44,235433,319654160.00,3.73,2.48,0.16,6.78
2014-12-03,6.68,6.78,6.78,6.52,336466,461161040.00,3.94,2.73,0.18,9.69
2014-12-04,6.78,6.97,7.18,6.66,579766,823605792.00,7.67,2.80,0.19,16.70
2014-12-05,7.11,6.91,7.23,6.65,684573,986235024.00,8.32,-0.86,-0.06,19.71
2014-12-08,6.80,6.90,7.09,6.55,431711,609066032.00,7.81,-0.14,-0.01,12.43
2014-12-09,6.80,6.21,6.80,6.19,427036,579688416.00,8.84,-10.00,-0.69,12.30
2014-12-10,6.23,6.46,6.52,6.23,201838,266471636.00,4.67,4.03,0.25,5.81
2014-12-11,6.46,6.44,6.54,6.36,163304,216841074.00,2.79,-0.31,-0.02,4.70
2014-12-12,6.50,6.55,6.64,6.50,160018,216278631.00,2.17,1.71,0.11,4.61
2014-12-15,6.54,6.75,6.79,6.40,251789,345893200.00,5.95,3.05,0.20,7.25
2014-12-16,6.76,6.76,6.93,6.68,252068,352477440.00,3.70,0.15,0.01,7.26
2014-12-17,6.76,6.57,6.87,6.47,233504,318957200.00,5.92,-2.81,-0.19,6.72
2014-12-18,6.64,6.84,7.00,6.64,426692,598080592.00,5.48,4.11,0.27,12.29
2014-12-19,6.76,6.63,6.76,6.45,264106,359141072.00,4.53,-3.07,-0.21,7.61
2014-12-22,6.63,6.32,6.76,6.20,223971,297791776.00,8.45,-4.68,-0.31,6.45
2014-12-23,6.20,5.87,6.30,5.86,215158,269489376.00,6.96,-7.12,-0.45,6.20
2014-12-24,5.99,6.00,6.05,5.87,94838,116891236.00,3.07,2.21,0.13,2.73
2014-12-25,6.00,6.14,6.16,6.00,107290,134720990.00,2.67,2.33,0.14,3.09
2014-12-26,6.12,6.15,6.19,6.03,124334,156481434.00,2.61,0.16,0.01,3.58
2014-12-29,6.20,6.12,6.23,6.02,135660,171435728.00,3.41,-0.49,-0.03,3.91
2014-12-30,6.12,5.83,6.12,5.82,135142,165525716.00,4.90,-4.74,-0.29,3.89
2014-12-31,5.85,6.02,6.14,5.79,128592,159636513.00,6.00,3.26,0.19,3.70