2003-01-02,9.26,9.10,9.46,9.07,12244,14851338.00,4.11,-4.01,-0.38,0.60
2003-01-03,9.03,8.92,9.15,8.88,8178,9627566.00,2.97,-1.98,-0.18,0.40
2003-01-06,8.94,8.99,9.02,8.87,3770,4409358.00,1.68,0.78,0.07,0.19
2003-01-07,9.00,9.03,9.21,8.97,4071,4837968.00,2.67,0.44,0.04,0.20
2003-01-08,9.03,9.24,9.25,8.99,3318,3976279.00,2.88,2.33,0.21,0.16
2003-01-09,9.27,9.52,9.59,9.18,16097,19942292.00,4.44,3.03,0.28,0.79
2003-01-10,9.52,9.47,9.63,9.46,10081,12564434.00,1.79,-0.53,-0.05,0.50
2003-01-13,9.46,9.47,9.53,9.41,2994,3710404.00,1.27,0.00,0.00,0.15
2003-01-14,9.47,10.01,10.14,9.41,22747,29380086.00,7.71,5.70,0.54,1.12
2003-01-15,10.06,10.11,10.66,9.99,33906,45720442.00,6.69,1.00,0.10,1.67
2003-01-16,10.12,10.26,10.49,10.03,18204,24464553.00,4.55,1.48,0.15,0.90
2003-01-17,10.28,10.12,10.47,10.10,8813,11784990.00,3.61,-1.36,-0.14,0.43
2003-01-20,9.98,10.09,10.17,9.98,5999,7915288.00,1.88,-0.30,-0.03,0.30
2003-01-21,10.14,9.87,10.18,9.87,6959,9121447.00,3.07,-2.18,-0.22,0.34
2003-01-22,9.84,9.85,9.88,9.77,5283,6799304.00,1.11,-0.20,-0.02,0.26
2003-01-23,9.81,9.92,10.23,9.78,5952,7793687.00,4.57,0.71,0.07,0.29
2003-01-24,9.86,10.07,10.09,9.86,5095,6665134.00,2.32,1.51,0.15,0.25
2003-01-27,10.10,10.15,10.18,10.03,8643,11479898.00,1.49,0.79,0.08,0.43
2003-01-28,10.18,10.14,10.19,10.10,6428,8550300.00,0.89,-0.10,-0.01,0.32
2003-01-29,10.14,10.15,10.25,10.10,6868,9170255.00,1.48,0.10,0.01,0.34
2003-02-10,10.17,9.88,10.17,9.85,2749,3599268.00,3.15,-2.66,-0.27,0.14
2003-02-11,9.84,9.92,9.98,9.84,5256,6830132.00,1.42,0.40,0.04,0.26
2003-02-12,9.92,10.06,10.06,9.88,4785,6255786.00,1.81,1.41,0.14,0.24
2003-02-13,10.13,9.98,10.23,9.97,11135,14719043.00,2.58,-0.80,-0.08,0.55
2003-02-14,9.97,10.04,10.14,9.94,3376,4438649.00,2.00,0.60,0.06,0.17
2003-02-17,10.04,9.96,10.12,9.92,5096,6677553.00,1.99,-0.80,-0.08,0.25
2003-02-18,9.96,9.93,10.05,9.89,5597,7288322.00,1.61,-0.30,-0.03,0.28
2003-02-19,9.97,10.00,10.01,9.85,7391,9585091.00,1.61,0.70,0.07,0.36
2003-02-20,10.00,9.94,10.03,9.92,2291,3002419.00,1.10,-0.60,-0.06,0.11
2003-02-21,9.94,9.75,9.94,9.75,7835,10088304.00,1.91,-1.91,-0.19,0.39
2003-02-24,9.73,9.74,9.84,9.69,5216,6676598.00,1.54,-0.10,-0.01,0.26
2003-02-25,9.73,9.98,10.00,9.73,4388,5689894.00,2.77,2.46,0.24,0.22
2003-02-26,10.03,9.98,10.06,9.94,5695,7475598.00,1.20,0.00,0.00,0.28
2003-02-27,10.03,10.02,10.06,9.98,4723,6206936.00,0.80,0.40,0.04,0.23
2003-02-28,10.02,10.05,10.14,9.88,7567,9953369.00,2.59,0.30,0.03,0.37
2003-03-03,10.05,10.13,10.14,10.04,8560,11337453.00,1.00,0.80,0.08,0.42
2003-03-04,10.15,10.09,10.20,10.06,3912,5189862.00,1.38,-0.39,-0.04,0.19
2003-03-05,10.08,10.10,10.15,9.92,6435,8492260.00,2.28,0.10,0.01,0.32
2003-03-06,9.99,9.95,10.10,9.93,4092,5347362.00,1.68,-1.49,-0.15,0.20
2003-03-07,9.92,9.85,9.95,9.81,3857,4990391.00,1.41,-1.01,-0.10,0.19
2003-03-10,9.83,9.70,9.91,9.66,4676,5980033.00,2.54,-1.52,-0.15,0.23
2003-03-11,9.69,9.71,9.73,9.66,2603,3304283.00,0.72,0.10,0.01,0.13
2003-03-12,9.72,9.75,9.75,9.69,3175,4040874.00,0.62,0.41,0.04,0.16
2003-03-13,9.75,9.57,9.77,9.53,3270,4137170.00,2.46,-1.85,-0.18,0.16
2003-03-14,9.61,9.47,9.67,9.45,8225,10224242.00,2.30,-1.04,-0.10,0.41
2003-03-17,9.44,9.44,9.46,9.20,7168,8771063.00,2.75,-0.32,-0.03,0.35
2003-03-18,9.44,9.37,9.55,9.36,6025,7455016.00,2.01,-0.74,-0.07,0.30
2003-03-19,9.36,9.18,9.41,9.16,23905,28808321.00,2.67,-2.03,-0.19,1.18
2003-03-20,9.19,9.16,9.29,9.16,8226,9896868.00,1.42,-0.22,-0.02,0.41
2003-03-21,9.18,9.30,9.35,9.18,5412,6583482.00,1.86,1.53,0.14,0.27
2003-03-24,9.31,9.22,9.37,9.17,8646,10426130.00,2.15,-0.86,-0.08,0.43
2003-03-25,9.25,9.18,9.25,9.16,4523,5427562.00,0.98,-0.43,-0.04,0.22
2003-03-26,9.17,9.09,9.19,9.07,3538,4211630.00,1.31,-0.98,-0.09,0.17
2003-03-27,9.09,9.30,9.44,8.87,22653,26853948.00,6.27,2.31,0.21,1.12
2003-03-28,9.30,9.29,9.37,9.25,16072,19570036.00,1.29,-0.11,-0.01,0.79
2003-03-31,9.27,9.33,9.35,9.21,6333,7671837.00,1.51,0.43,0.04,0.31
2003-04-01,9.34,9.41,9.42,9.29,9622,11801433.00,1.39,0.86,0.08,0.47
2003-04-02,9.42,9.36,9.44,9.31,4771,5841513.00,1.38,-0.53,-0.05,0.24
2003-04-03,9.36,9.27,9.38,9.26,4325,5265294.00,1.28,-0.96,-0.09,0.21
2003-04-04,9.24,9.19,9.27,9.16,9264,11136874.00,1.19,-0.86,-0.08,0.46
2003-04-07,9.20,9.03,9.21,9.02,11877,14107560.00,2.07,-1.74,-0.16,0.59
2003-04-08,9.03,9.55,9.88,9.02,73329,91407294.00,9.52,5.76,0.52,3.62
2003-04-09,9.53,9.63,9.69,9.41,35263,44188347.00,2.93,0.84,0.08,1.74
2003-04-10,9.70,9.85,9.99,9.51,54922,70228432.00,4.98,2.28,0.22,2.71
2003-04-11,9.88,9.91,9.99,9.73,41916,54266014.00,2.64,0.61,0.06,2.07
2003-04-14,9.92,10.03,10.20,9.80,41838,54978822.00,4.04,1.21,0.12,2.06
2003-04-15,10.05,9.97,10.15,9.89,33484,43873069.00,2.59,-0.60,-0.06,1.65
2003-04-16,9.94,9.69,10.14,9.66,40470,52222558.00,4.81,-2.81,-0.28,2.00
2003-04-17,9.71,9.93,10.05,9.62,58759,76103865.00,4.44,2.48,0.24,2.90
2003-04-18,9.98,9.89,10.14,9.84,23552,30871071.00,3.02,-0.40,-0.04,1.16
2003-04-21,9.85,9.60,9.85,9.55,18900,23882754.00,3.03,-2.93,-0.29,0.93
2003-04-23,9.60,9.30,9.73,9.29,20258,24803781.00,4.58,-3.13,-0.30,1.00
2003-04-24,9.24,9.08,9.25,9.03,22253,26540547.00,2.37,-2.37,-0.22,1.10
2003-04-25,9.07,9.00,9.24,8.96,12999,15406712.00,3.08,-0.88,-0.08,0.64
2003-04-28,9.00,8.66,9.16,8.42,49163,54737154.00,8.22,-3.78,-0.34,2.42
2003-04-29,8.67,8.48,8.72,8.42,19908,22144484.00,3.46,-2.08,-0.18,0.98
2003-04-30,8.55,8.29,8.62,8.25,28137,30771221.00,4.36,-2.24,-0.19,1.39
2003-05-12,8.29,8.31,8.53,8.29,12144,13280131.00,2.90,0.24,0.02,0.60
2003-05-13,8.37,8.00,8.40,7.77,18824,19373567.00,7.58,-3.73,-0.31,0.93
2003-05-14,7.98,8.22,8.29,7.88,16752,17743852.00,5.13,2.75,0.22,0.83
2003-05-15,8.22,8.87,8.94,8.07,51733,58676654.00,10.58,7.91,0.65,2.55
2003-05-16,8.84,8.59,8.84,8.53,24342,27312763.00,3.49,-3.16,-0.28,1.20
2003-05-19,8.58,8.72,8.88,8.56,16687,18978120.00,3.73,1.51,0.13,0.82
2003-05-20,8.69,8.50,8.69,8.45,10254,11376141.00,2.75,-2.52,-0.22,0.51
2003-05-21,8.50,8.56,8.76,8.49,6425,7162490.00,3.18,0.71,0.06,0.32
2003-05-22,8.56,8.43,8.56,8.41,8009,8795908.00,1.75,-1.52,-0.13,0.39
2003-05-23,8.48,8.67,8.78,8.48,20786,23402335.00,3.56,2.85,0.24,1.02
2003-05-26,8.74,8.62,8.79,8.57,13663,15359929.00,2.54,-0.58,-0.05,0.67
2003-05-27,8.62,8.79,9.03,8.59,25821,29681213.00,5.10,1.97,0.17,1.27
2003-05-28,8.79,8.79,8.93,8.75,20844,23899409.00,2.05,0.00,0.00,1.03
2003-05-29,8.80,9.14,9.21,8.78,41647,49112166.00,4.89,3.98,0.35,2.05
2003-05-30,9.16,9.20,9.31,9.12,40754,48905306.00,2.08,0.66,0.06,2.01
2003-06-02,9.28,9.07,9.32,8.99,16363,19353405.00,3.59,-1.41,-0.13,0.81
2003-06-03,9.06,8.91,9.07,8.91,15892,18503513.00,1.76,-1.76,-0.16,0.78
2003-06-04,8.99,9.04,9.15,8.93,10195,11951874.00,2.47,1.46,0.13,0.50
2003-06-05,9.07,9.06,9.22,8.99,22331,26540260.00,2.54,0.22,0.02,1.10
2003-06-06,9.06,8.78,9.06,8.78,15763,18274583.00,3.09,-3.09,-0.28,0.78
2003-06-09,8.75,8.54,8.78,8.49,11155,12452351.00,3.30,-2.73,-0.24,0.55
2003-06-10,8.48,8.56,8.67,8.48,6224,6924660.00,2.22,0.23,0.02,0.31
2003-06-11,8.57,8.69,8.71,8.57,9781,10970070.00,1.64,1.52,0.13,0.48
2003-06-12,8.69,8.62,8.73,8.56,7579,8461686.00,1.96,-0.81,-0.07,0.37
2003-06-13,8.62,8.59,8.69,8.55,9344,10427238.00,1.62,-0.35,-0.03,0.46
2003-06-16,8.62,8.70,8.76,8.62,10688,12030236.00,1.63,1.28,0.11,0.53
2003-06-17,8.72,8.99,9.05,8.72,25375,29477001.00,3.79,3.33,0.29,1.25
2003-06-18,9.00,9.01,9.21,9.00,28315,33543226.00,2.34,0.22,0.02,1.40
2003-06-19,9.01,8.82,9.04,8.77,12643,14536673.00,3.00,-2.11,-0.19,0.62
2003-06-20,8.82,8.71,8.82,8.68,5932,6727317.00,1.59,-1.25,-0.11,0.29
2003-06-23,8.63,8.61,8.76,8.57,5457,6102155.00,2.18,-1.15,-0.10,0.27
2003-06-24,8.63,8.59,8.68,8.54,5944,6618607.00,1.63,-0.23,-0.02,0.29
2003-06-25,8.62,8.52,8.63,8.51,5411,6007439.00,1.40,-0.81,-0.07,0.27
2003-06-26,8.52,8.70,8.89,8.44,11866,13266614.00,5.28,2.11,0.18,0.59
2003-06-27,8.71,8.50,8.71,8.48,5671,6294600.00,2.64,-2.30,-0.20,0.28
2003-06-30,8.41,8.46,8.59,8.41,4676,5148250.00,2.12,-0.47,-0.04,0.23
2003-07-01,8.56,8.46,8.65,8.45,4402,4877788.00,2.36,0.00,0.00,0.22
2003-07-02,8.48,8.56,8.59,8.45,3418,3777479.00,1.65,1.18,0.10,0.17
2003-07-03,8.56,8.59,8.63,8.53,3319,3695003.00,1.17,0.35,0.03,0.16
2003-07-07,8.59,8.37,8.59,8.34,9827,10712336.00,2.91,-2.56,-0.22,0.48
2003-07-08,8.37,8.42,8.56,8.37,5639,6185129.00,2.27,0.60,0.05,0.28
2003-07-09,8.51,8.43,8.51,8.42,2944,3226161.00,1.07,0.12,0.01,0.15
2003-07-10,8.42,8.65,8.65,8.37,9515,10544101.00,3.32,2.61,0.22,0.47
2003-07-11,8.67,8.63,8.73,8.59,7761,8712519.00,1.62,-0.23,-0.02,0.38
2003-07-14,8.62,8.42,8.62,8.40,9779,10716512.00,2.55,-2.43,-0.21,0.48
2003-07-15,8.42,8.26,8.42,8.16,12720,13585561.00,3.09,-1.90,-0.16,0.63
2003-07-16,8.25,8.03,8.26,8.00,22284,23286399.00,3.15,-2.78,-0.23,1.10
2003-07-17,8.04,8.09,8.20,8.04,13340,14031989.00,1.99,0.75,0.06,0.66
2003-07-18,8.10,7.92,8.14,7.84,13816,14242999.00,3.71,-2.10,-0.17,0.68
2003-07-21,7.92,7.95,7.97,7.83,8674,8854552.00,1.77,0.38,0.03,0.43
2003-07-22,8.08,8.06,8.10,8.00,5566,5789021.00,1.26,1.38,0.11,0.27
2003-07-23,8.11,8.12,8.17,8.00,5448,5699099.00,2.11,0.74,0.06,0.27
2003-07-24,7.96,7.60,7.98,7.52,30784,30489106.00,5.67,-6.40,-0.52,1.52
2003-07-25,7.55,7.60,7.73,7.32,25637,24947432.00,5.39,0.00,0.00,1.26
2003-07-28,7.58,7.38,7.58,7.35,13690,13140884.00,3.03,-2.89,-0.22,0.68
2003-07-29,7.36,7.29,7.45,7.26,17096,16113290.00,2.57,-1.22,-0.09,0.84
2003-07-30,7.29,7.32,7.43,7.27,13076,12371661.00,2.19,0.41,0.03,0.64
2003-07-31,7.32,7.43,7.48,7.17,31302,29454158.00,4.23,1.50,0.11,1.54
2003-08-01,7.46,8.13,8.27,7.44,81383,78485884.00,11.17,9.42,0.70,3.26
2003-08-04,8.10,8.19,8.28,8.01,47638,47361454.00,3.32,0.74,0.06,1.91
2003-08-05,8.18,8.29,8.55,8.16,57391,58550085.00,4.76,1.22,0.10,2.30
2003-08-06,8.29,8.40,8.53,8.26,45409,46419005.00,3.26,1.33,0.11,1.82
2003-08-07,8.39,8.30,8.41,8.27,20682,20958009.00,1.67,-1.19,-0.10,0.83
2003-08-08,8.28,8.21,8.35,8.15,20983,21028052.00,2.41,-1.08,-0.09,0.84
2003-08-11,8.19,8.36,8.39,8.15,17534,17709261.00,2.92,1.83,0.15,0.70
2003-08-12,8.36,8.26,8.36,8.18,14016,14082673.00,2.15,-1.20,-0.10,0.56
2003-08-13,8.26,8.02,8.36,7.99,24599,24346132.00,4.48,-2.91,-0.24,0.99
2003-08-14,7.98,8.24,8.66,7.83,79377,80386807.00,10.35,2.74,0.22,3.18
2003-08-15,8.19,8.34,8.49,8.08,48223,48917152.00,4.98,1.21,0.10,1.93
2003-08-18,8.41,8.40,8.51,8.35,27766,28460286.00,1.92,0.72,0.06,1.11
2003-08-19,8.37,8.36,8.48,8.34,17227,17602917.00,1.67,-0.48,-0.04,0.69
2003-08-20,8.38,8.64,8.66,8.34,54835,56816972.00,3.83,3.35,0.28,2.20
2003-08-21,8.65,8.65,8.76,8.53,47824,50170164.00,2.66,0.12,0.01,1.92
2003-08-22,8.62,8.55,8.72,8.53,28833,30113834.00,2.20,-1.16,-0.10,1.16
2003-08-25,8.53,8.26,8.53,8.22,35667,36184908.00,3.63,-3.39,-0.29,1.43
2003-08-26,8.26,8.39,8.48,8.17,22964,23296062.00,3.75,1.57,0.13,0.92
2003-08-27,8.39,8.12,8.39,8.10,30488,30431493.00,3.46,-3.22,-0.27,1.22
2003-08-28,8.07,7.78,8.16,7.76,28311,27632953.00,4.93,-4.19,-0.34,1.13
2003-08-29,7.66,7.70,7.83,7.54,68437,64336671.00,3.73,-1.03,-0.08,2.74
2003-09-01,7.71,8.20,8.21,7.71,48476,47137012.00,6.49,6.49,0.50,1.94
2003-09-02,8.21,8.50,8.83,8.12,113613,117960949.00,8.66,3.66,0.30,4.55
2003-09-03,8.48,8.66,8.76,8.46,85602,89621977.00,3.53,1.88,0.16,3.43
2003-09-04,8.70,8.59,8.90,8.53,84748,89770397.00,4.27,-0.81,-0.07,3.40
2003-09-05,8.66,9.03,9.20,8.63,229841,249155443.00,6.64,5.12,0.44,9.21
2003-09-08,9.06,9.04,9.11,8.90,72212,78571904.00,2.33,0.11,0.01,2.89
2003-09-09,9.03,8.76,9.06,8.71,60622,64647647.00,3.87,-3.10,-0.28,2.43
2003-09-10,8.75,8.88,9.01,8.73,54372,58468372.00,3.20,1.37,0.12,2.18
2003-09-11,8.91,8.85,9.14,8.84,47292,51342873.00,3.38,-0.34,-0.03,1.90
2003-09-12,8.87,8.57,8.89,8.55,43427,45566783.00,3.84,-3.16,-0.28,1.74
2003-09-15,8.57,8.43,8.78,8.36,42818,44518309.00,4.90,-1.63,-0.14,1.72
2003-09-16,8.39,9.07,9.09,8.39,104770,112291792.00,8.30,7.59,0.64,4.20
2003-09-17,9.06,8.92,9.06,8.84,51534,55530068.00,2.43,-1.65,-0.15,2.07
2003-09-18,8.92,8.98,9.12,8.83,61932,67548038.00,3.25,0.67,0.06,2.48
2003-09-19,8.99,9.12,9.21,8.96,61991,67975889.00,2.78,1.56,0.14,2.49
2003-09-22,9.23,9.01,9.26,8.92,42838,46822217.00,3.73,-1.21,-0.11,1.72
2003-09-23,8.98,9.04,9.06,8.76,30746,33165433.00,3.33,0.33,0.03,1.23
2003-09-24,9.06,8.90,9.16,8.86,24905,27007845.00,3.32,-1.55,-0.14,1.00
2003-09-25,8.86,8.73,8.93,8.66,27770,29521112.00,3.03,-1.91,-0.17,1.11
2003-09-26,8.67,8.50,8.74,8.48,27452,28514652.00,2.98,-2.63,-0.23,1.10
2003-09-29,8.44,8.31,8.60,8.23,34551,35238717.00,4.35,-2.24,-0.19,1.39
2003-09-30,8.31,8.55,8.59,8.16,35083,35720271.00,5.17,2.89,0.24,1.41
2003-10-08,8.48,8.40,8.48,8.28,15075,15333417.00,2.34,-1.75,-0.15,0.60
2003-10-09,8.42,8.56,8.80,8.42,38469,40388452.00,4.52,1.90,0.16,1.54
2003-10-10,8.53,8.93,9.03,8.47,70308,75163869.00,6.54,4.32,0.37,2.82
2003-10-13,8.97,8.84,9.01,8.80,32004,34325526.00,2.35,-1.01,-0.09,1.28
2003-10-14,8.85,8.68,8.88,8.56,30563,32164250.00,3.62,-1.81,-0.16,1.23
2003-10-15,8.63,8.64,8.93,8.58,27040,28675874.00,4.03,-0.46,-0.04,1.08
2003-10-16,8.66,8.37,8.67,8.30,39218,40199651.00,4.28,-3.13,-0.27,1.57
2003-10-17,8.37,8.40,8.52,8.33,15188,15575048.00,2.27,0.36,0.03,0.61
2003-10-20,8.36,8.26,8.39,8.17,20575,20698520.00,2.62,-1.67,-0.14,0.82
2003-10-21,8.28,8.46,8.46,8.20,12540,12655039.00,3.15,2.42,0.20,0.50
2003-10-22,8.44,8.66,8.75,8.33,35709,37263542.00,4.96,2.36,0.20,1.43
2003-10-23,8.66,8.67,8.98,8.57,50740,54036797.00,4.73,0.12,0.01,2.03
2003-10-24,8.66,8.39,8.77,8.30,37836,38964004.00,5.42,-3.23,-0.28,1.52
2003-10-27,8.39,8.28,8.51,8.19,45994,46245181.00,3.81,-1.31,-0.11,1.84
2003-10-28,8.21,7.36,8.38,7.36,101290,94768750.00,12.32,-11.11,-0.92,4.06
2003-10-29,7.21,6.54,7.30,6.54,109205,90030238.00,10.33,-11.14,-0.82,4.38
2003-10-30,6.39,6.64,6.78,6.17,76993,62557056.00,9.33,1.53,0.10,3.09
2003-10-31,6.54,6.62,6.90,6.46,35906,29809984.00,6.63,-0.30,-0.02,1.44
2003-11-03,6.57,6.53,6.62,6.23,30813,24805842.00,5.89,-1.36,-0.09,1.24
2003-11-04,6.48,6.73,6.84,6.47,60575,50264231.00,5.67,3.06,0.20,2.43
2003-11-05,6.77,6.76,7.08,6.68,85945,73706695.00,5.94,0.45,0.03,3.45
2003-11-06,6.76,6.47,6.76,6.25,48397,39166630.00,7.54,-4.29,-0.29,1.94
2003-11-07,6.47,6.85,7.07,6.40,99689,84597847.00,10.36,5.87,0.38,4.00
2003-11-10,6.76,6.76,6.78,6.48,39821,32853456.00,4.38,-1.31,-0.09,1.60
2003-11-11,6.80,6.86,6.99,6.73,39971,34112082.00,3.85,1.48,0.10,1.60
2003-11-12,6.85,6.73,6.94,6.62,26856,22607706.00,4.66,-1.90,-0.13,1.08
2003-11-13,6.68,6.90,7.16,6.68,64567,55720403.00,7.13,2.53,0.17,2.59
2003-11-14,6.86,6.92,7.01,6.83,25652,22017828.00,2.61,0.29,0.02,1.03
2003-11-17,6.98,6.80,6.98,6.76,16784,14299598.00,3.18,-1.73,-0.12,0.67
2003-11-18,6.79,6.83,6.87,6.59,29271,24480594.00,4.12,0.44,0.03,1.17
2003-11-19,6.94,7.10,7.18,6.85,91070,79634599.00,4.83,3.95,0.27,3.65
2003-11-20,7.10,7.62,7.76,7.02,122426,112179644.00,10.42,7.32,0.52,4.91
2003-11-21,7.65,7.17,7.76,7.13,99820,91162707.00,8.27,-5.91,-0.45,4.00
2003-11-24,7.13,7.46,7.49,7.04,57194,51807345.00,6.28,4.04,0.29,2.29
2003-11-25,7.45,7.36,7.66,7.26,79272,72773186.00,5.36,-1.34,-0.10,3.18
2003-11-26,7.30,7.54,7.55,7.16,62396,56830927.00,5.30,2.45,0.18,2.50
2003-11-27,7.56,7.25,7.62,7.21,41046,37245005.00,5.44,-3.85,-0.29,1.65
2003-11-28,7.19,7.40,7.53,7.16,36219,32738691.00,5.10,2.07,0.15,1.45
2003-12-01,7.31,7.59,7.76,7.31,50497,47073772.00,6.08,2.57,0.19,2.02
2003-12-02,7.62,7.58,7.89,7.55,57457,54265871.00,4.48,-0.13,-0.01,2.30
2003-12-03,7.54,7.46,7.56,7.38,32502,29855081.00,2.37,-1.58,-0.12,1.30
2003-12-04,7.46,7.53,7.57,7.40,26716,24481092.00,2.28,0.94,0.07,1.07
2003-12-05,7.48,7.41,7.57,7.39,17787,16273176.00,2.39,-1.59,-0.12,0.71
2003-12-08,7.41,7.27,7.46,7.24,21087,19035555.00,2.97,-1.89,-0.14,0.85
2003-12-09,7.23,7.37,7.38,7.22,11812,10623586.00,2.20,1.38,0.10,0.47
2003-12-10,7.46,7.56,7.61,7.38,43336,40167449.00,3.12,2.58,0.19,1.74
2003-12-11,7.53,7.46,7.56,7.36,21852,20007748.00,2.65,-1.32,-0.10,0.88
2003-12-12,7.40,7.40,7.46,7.37,14095,12840899.00,1.21,-0.80,-0.06,0.57
2003-12-15,7.40,7.46,7.53,7.40,13308,12230213.00,1.76,0.81,0.06,0.53
2003-12-16,7.44,7.29,7.45,7.19,21958,19639632.00,3.49,-2.28,-0.17,0.88
2003-12-17,7.29,7.05,7.36,7.04,27347,24237565.00,4.39,-3.29,-0.24,1.10
2003-12-18,7.04,6.83,7.16,6.74,34316,29339437.00,5.96,-3.12,-0.22,1.38
2003-12-19,6.83,6.52,6.94,6.28,48080,39292762.00,9.66,-4.54,-0.31,1.93
2003-12-22,6.59,7.04,7.19,6.39,55120,46027785.00,12.27,7.98,0.52,2.21
2003-12-23,7.04,6.96,7.19,6.85,34499,30060050.00,4.83,-1.14,-0.08,1.38
2003-12-24,6.95,6.83,6.96,6.74,26855,22778356.00,3.16,-1.87,-0.13,1.08
2003-12-25,6.83,6.86,7.07,6.79,28477,24428942.00,4.10,0.44,0.03,1.14
2003-12-26,6.94,7.01,7.20,6.94,32218,28192558.00,3.79,2.19,0.15,1.29
2003-12-29,7.12,7.19,7.37,7.03,54069,48352243.00,4.85,2.57,0.18,2.17
2003-12-30,7.28,7.24,7.34,7.15,26344,23481649.00,2.64,0.70,0.05,1.06
2003-12-31,7.33,7.08,7.53,7.03,45403,41284097.00,6.91,-2.21,-0.16,1.82