2007-01-04,4.16,4.14,4.26,4.08,68595,37299340.00,4.36,0.24,0.01,2.11
2007-01-05,4.11,4.24,4.25,4.09,53758,29198890.00,3.86,2.42,0.10,1.66
2007-01-08,4.24,4.38,4.44,4.19,102092,57169043.00,5.90,3.30,0.14,3.15
2007-01-09,4.36,4.43,4.46,4.35,113468,64467633.00,2.51,1.14,0.05,3.50
2007-01-10,4.43,4.50,4.53,4.36,137261,78814477.00,3.84,1.58,0.07,4.23
2007-01-11,4.55,5.03,5.03,4.49,353262,217079216.00,12.00,11.78,0.53,10.89
2007-01-12,5.03,4.73,5.17,4.56,370965,231806759.00,12.13,-5.96,-0.30,11.43
2007-01-15,4.69,5.16,5.17,4.69,279486,174114590.00,10.15,9.09,0.43,8.61
2007-01-16,5.24,5.16,5.26,4.97,325170,210378430.00,5.62,0.00,0.00,10.02
2007-01-17,5.19,5.00,5.23,4.81,215920,138497360.00,8.14,-3.10,-0.16,6.65
2007-01-18,4.96,5.31,5.46,4.92,237630,156591984.00,10.80,6.20,0.31,7.32
2007-01-19,5.31,5.36,5.58,5.24,257278,174678021.00,6.40,0.94,0.05,7.93
2007-01-22,5.49,5.54,5.58,5.36,241356,165365808.00,4.10,3.36,0.18,7.44
2007-01-23,5.54,5.68,5.94,5.40,241916,172540126.00,9.75,2.53,0.14,6.75
2007-01-24,5.81,5.70,5.86,5.65,188224,134788637.00,3.70,0.35,0.02,5.25
2007-01-25,5.65,5.30,5.65,5.24,190538,129575218.00,7.19,-7.02,-0.40,5.32
2007-01-26,5.16,5.17,5.33,4.90,143425,92503328.00,8.11,-2.45,-0.13,4.00
2007-01-29,5.19,5.59,5.66,5.19,195281,133547733.00,9.09,8.12,0.42,5.45
2007-01-30,5.74,5.70,5.87,5.43,318688,225676862.00,7.87,1.97,0.11,8.90
2007-01-31,5.69,5.21,5.69,5.16,155249,106277366.00,9.30,-8.60,-0.49,4.33
2007-02-01,5.15,5.40,5.46,5.08,124924,82917577.00,7.29,3.65,0.19,3.49
2007-02-02,5.42,5.22,5.57,5.20,111405,75709614.00,6.85,-3.33,-0.18,3.11
2007-02-05,5.24,5.50,5.58,5.24,124685,85300464.00,6.51,5.36,0.28,3.48
2007-02-06,5.51,5.58,5.69,5.44,118155,82430062.00,4.55,1.45,0.08,3.30
2007-02-07,5.55,5.83,5.87,5.54,205258,145843331.00,5.91,4.48,0.25,5.73
2007-02-08,5.83,5.86,6.05,5.76,210950,155391347.00,4.97,0.51,0.03,5.89
2007-02-09,5.86,5.77,5.96,5.72,104690,75531832.00,4.10,-1.54,-0.09,2.92
2007-02-12,5.78,5.86,5.95,5.78,83138,60549354.00,2.95,1.56,0.09,2.32
2007-02-13,5.86,5.81,5.92,5.70,93039,67049915.00,3.75,-0.85,-0.05,2.60
2007-02-14,5.81,6.00,6.10,5.74,166184,123214340.00,6.20,3.27,0.19,4.64
2007-02-15,5.99,6.11,6.16,5.92,158640,118734236.00,4.00,1.83,0.11,4.43
2007-02-16,6.11,6.08,6.31,5.96,141604,107961886.00,5.73,-0.49,-0.03,3.95
2007-02-26,6.08,6.45,6.46,6.07,135526,105609637.00,6.41,6.09,0.37,3.78
2007-02-27,6.49,5.73,6.62,5.73,261963,199581171.00,13.80,-11.16,-0.72,7.31
2007-02-28,5.69,6.02,6.08,5.68,173662,127457776.00,6.98,5.06,0.29,4.85
2007-03-01,5.98,6.22,6.24,5.76,199586,148842442.00,7.97,3.32,0.20,5.57
2007-03-02,6.16,6.29,6.47,6.11,187326,146261932.00,5.79,1.13,0.07,5.23
2007-03-05,6.31,6.61,6.65,6.06,268532,209315121.00,9.38,5.09,0.32,7.50
2007-03-06,6.57,6.43,6.57,6.33,259462,205526314.00,3.63,-2.72,-0.18,7.24
2007-03-07,6.45,6.54,6.57,6.36,130690,103756541.00,3.27,1.71,0.11,3.65
2007-03-08,6.54,6.47,6.54,6.36,98413,78002103.00,2.75,-1.07,-0.07,2.75
2007-03-09,6.47,6.34,6.54,6.28,112676,88653440.00,4.02,-2.01,-0.13,3.15
2007-03-12,6.35,6.43,6.48,6.20,108029,84486081.00,4.42,1.42,0.09,3.02
2007-03-13,6.42,6.67,6.83,6.40,192073,156676900.00,6.69,3.73,0.24,5.36
2007-03-14,6.56,6.50,6.69,6.28,144148,115070318.00,6.15,-2.55,-0.17,4.02
2007-03-15,6.47,6.56,6.65,6.44,124232,100027679.00,3.23,0.92,0.06,3.47
2007-03-16,6.56,6.49,6.82,6.36,209493,170137349.00,7.01,-1.07,-0.07,5.85
2007-03-19,6.24,6.64,6.65,6.14,149402,118803104.00,7.86,2.31,0.15,4.17
2007-03-20,6.67,6.95,7.15,6.67,238795,203407992.00,7.23,4.67,0.31,6.67
2007-03-21,6.96,7.03,7.06,6.83,175552,149133011.00,3.31,1.15,0.08,4.90
2007-03-22,7.06,6.92,7.09,6.88,151047,128564411.00,2.99,-1.56,-0.11,4.22
2007-03-23,6.88,6.94,7.01,6.67,136304,113733508.00,4.91,0.29,0.02,3.81
2007-03-26,6.98,7.14,7.30,6.98,158504,137814172.00,4.61,2.88,0.20,4.43
2007-03-27,7.20,7.29,7.30,7.07,164819,144217599.00,3.22,2.10,0.15,4.60
2007-03-28,7.27,7.05,7.33,6.69,201365,172686748.00,8.78,-3.29,-0.24,5.62
2007-03-29,7.08,6.66,7.09,6.65,159236,132988235.00,6.24,-5.53,-0.39,4.45
2007-03-30,6.60,6.76,6.83,6.58,81458,67348552.00,3.75,1.50,0.10,2.27
2007-04-02,6.76,6.86,6.92,6.66,95560,79337929.00,3.85,1.48,0.10,2.67
2007-04-03,6.86,6.98,7.08,6.76,150353,126965779.00,4.66,1.75,0.12,4.20
2007-04-04,6.98,7.09,7.18,6.90,154101,132557023.00,4.01,1.58,0.11,4.30
2007-04-05,7.06,7.16,7.19,6.98,145512,125767470.00,2.96,0.99,0.07,4.06
2007-04-06,7.06,7.45,7.51,7.02,274201,242645810.00,6.84,4.05,0.29,7.66
2007-04-09,8.13,7.77,8.14,7.67,498085,471576798.00,6.31,4.30,0.32,13.91
2007-04-10,7.77,8.63,8.63,7.58,443190,436005285.00,13.51,11.07,0.86,12.37
2007-04-11,8.51,8.49,8.86,8.34,363595,372964286.00,6.03,-1.62,-0.14,10.15
2007-04-12,8.49,8.92,9.01,8.33,320523,332314868.00,8.01,5.06,0.43,8.95
2007-04-13,8.96,8.66,9.38,8.62,416674,449825493.00,8.52,-2.91,-0.26,11.63
2007-04-16,8.60,8.69,8.79,8.56,234837,243528075.00,2.66,0.35,0.03,6.56
2007-04-17,8.70,8.71,8.76,8.28,230765,236119225.00,5.52,0.23,0.02,6.44
2007-04-18,8.71,9.00,9.15,8.46,244638,259159283.00,7.92,3.33,0.29,6.83
2007-04-19,8.87,8.33,8.96,8.03,239043,244734404.00,10.33,-7.44,-0.67,6.67
2007-04-20,8.33,8.66,8.74,8.33,180356,185991435.00,4.92,3.96,0.33,5.04
2007-04-23,8.75,9.06,9.17,8.72,258002,275974351.00,5.20,4.62,0.40,7.20
2007-04-24,9.10,9.00,9.39,8.80,305229,330105856.00,6.51,-0.66,-0.06,8.52
2007-04-26,9.01,8.94,9.16,8.78,184303,196468135.00,4.22,-0.67,-0.06,5.15
2007-04-27,8.94,8.60,8.95,8.51,172174,178926403.00,4.92,-3.80,-0.34,4.81
2007-04-30,8.50,9.32,9.46,8.44,351088,379466606.00,11.86,8.37,0.72,9.80
2007-05-08,9.54,9.66,9.90,9.33,325356,373136642.00,6.12,3.65,0.34,9.08
2007-05-09,9.66,9.44,9.71,8.92,263685,292924971.00,8.18,-2.28,-0.22,7.36
2007-05-10,9.42,9.67,9.88,9.16,267746,304561303.00,7.63,2.44,0.23,7.47
2007-05-11,9.51,9.46,9.67,9.22,209987,234677133.00,4.65,-2.17,-0.21,5.86
2007-05-14,9.24,9.42,9.74,9.13,214138,242009061.00,6.45,-0.42,-0.04,5.98
2007-05-15,9.41,8.83,9.56,8.81,211220,231104563.00,7.96,-6.26,-0.59,5.90
2007-05-16,8.78,8.97,9.01,8.51,161810,170514058.00,5.66,1.59,0.14,4.52
2007-05-17,9.15,9.26,9.49,9.01,183740,202885603.00,5.35,3.23,0.29,5.13
2007-05-18,9.24,9.33,9.63,9.16,197705,221387155.00,5.08,0.76,0.07,5.52
2007-05-21,8.91,9.66,9.76,8.78,283292,318679250.00,10.50,3.54,0.33,7.91
2007-05-22,9.76,9.82,10.18,9.63,315907,371556326.00,5.69,1.66,0.16,8.82
2007-05-23,9.85,10.48,10.65,9.65,393532,473362014.00,10.18,6.72,0.66,10.99
2007-05-24,10.60,10.23,10.66,9.87,363958,437818429.00,7.54,-2.39,-0.25,10.16
2007-05-25,10.06,10.22,10.60,9.93,255799,311073721.00,6.55,-0.10,-0.01,7.14
2007-05-28,10.42,10.34,10.71,10.13,291725,359261375.00,5.68,1.17,0.12,8.14
2007-05-29,10.24,10.36,10.56,10.06,256294,311679705.00,4.84,0.19,0.02,7.16
2007-05-30,9.40,9.25,9.96,9.25,269328,305877796.00,6.85,-10.71,-1.11,7.52
2007-05-31,8.88,8.25,9.14,8.25,263264,265371391.00,9.62,-10.81,-1.00,7.35
2007-06-01,8.18,7.35,8.50,7.35,255839,240311163.00,13.94,-10.91,-0.90,7.14
2007-06-04,7.49,6.55,7.59,6.54,255719,214210678.00,14.29,-10.88,-0.80,7.14
2007-06-05,6.33,6.78,6.80,5.85,244111,192242118.00,14.50,3.51,0.23,6.82
2007-06-06,6.69,6.74,6.99,6.52,195989,162181478.00,6.93,-0.59,-0.04,5.47
2007-06-07,6.73,7.23,7.26,6.58,258776,220802239.00,10.09,7.27,0.49,7.22
2007-06-08,7.45,7.45,7.67,7.24,370952,337381300.00,5.95,3.04,0.22,10.36
2007-06-11,7.44,7.31,7.60,7.24,162569,146081243.00,4.83,-1.88,-0.14,4.54
2007-06-12,7.41,7.19,7.45,6.68,182525,157283956.00,10.53,-1.64,-0.12,5.10
2007-06-13,7.21,7.65,7.73,7.21,234522,213480278.00,7.23,6.40,0.46,6.55
2007-06-14,7.64,7.34,7.68,7.32,162546,147649344.00,4.71,-4.05,-0.31,4.54
2007-06-15,7.26,7.29,7.48,7.12,111732,98606254.00,4.90,-0.68,-0.05,3.12
2007-06-18,7.45,7.55,7.68,7.32,184788,167884531.00,4.94,3.57,0.26,5.16
2007-06-19,7.46,7.79,7.89,7.40,234718,217873819.00,6.49,3.18,0.24,6.55
2007-06-20,7.76,7.26,7.76,7.09,177898,162032070.00,8.60,-6.80,-0.53,4.97
2007-06-21,7.18,7.21,7.46,7.00,109241,95431499.00,6.34,-0.69,-0.05,3.05
2007-06-22,7.17,6.44,7.25,6.42,157517,129412633.00,11.51,-10.68,-0.77,4.40
2007-06-25,6.53,5.72,6.59,5.72,143442,106931195.00,13.51,-11.18,-0.72,4.00
2007-06-26,5.64,6.14,6.15,5.56,126188,91627454.00,10.31,7.34,0.42,3.52
2007-06-27,6.00,6.20,6.26,5.91,97053,73010367.00,5.70,0.98,0.06,2.71
2007-06-28,6.18,5.62,6.29,5.60,96606,71186063.00,11.13,-9.35,-0.58,2.70
2007-06-29,5.51,5.55,5.85,5.23,101460,69936339.00,11.03,-1.25,-0.07,2.83
2007-07-02,5.55,5.99,6.06,5.55,97632,70341251.00,9.19,7.93,0.44,2.73
2007-07-03,5.95,5.96,5.99,5.74,70922,51579348.00,4.17,-0.50,-0.03,1.98
2007-07-04,5.97,5.74,6.01,5.72,38538,27774033.00,4.87,-3.69,-0.22,1.08
2007-07-05,5.64,5.77,6.13,5.55,120109,87521611.00,10.10,0.52,0.03,3.35
2007-07-06,5.82,6.42,6.43,5.78,215509,163748826.00,11.27,11.27,0.65,6.02
2007-07-09,6.46,6.45,6.56,6.25,169750,133190062.00,4.83,0.47,0.03,4.74
2007-07-11,6.44,5.90,6.45,5.73,210107,152259131.00,11.16,-8.53,-0.55,5.87
2007-07-12,5.81,5.88,5.91,5.68,109634,78651601.00,3.90,-0.34,-0.02,3.06
2007-07-13,5.82,5.76,5.86,5.59,60042,42395675.00,4.59,-2.04,-0.12,1.68
2007-07-16,5.74,5.62,5.74,5.47,70217,48971338.00,4.69,-2.43,-0.14,1.96
2007-07-17,5.60,5.80,5.94,5.56,84816,61221464.00,6.76,3.20,0.18,2.37
2007-07-18,5.77,5.74,5.86,5.66,54296,38701313.00,3.45,-1.03,-0.06,1.52
2007-07-19,5.75,5.91,5.93,5.66,69193,49802018.00,4.70,2.96,0.17,1.93
2007-07-20,5.89,6.08,6.13,5.77,113186,84015502.00,6.09,2.88,0.17,3.16
2007-07-23,6.05,6.35,6.38,6.02,155982,119619797.00,5.92,4.44,0.27,4.35
2007-07-24,6.41,6.23,6.51,6.20,146459,113909705.00,4.88,-1.89,-0.12,4.09
2007-07-25,6.24,6.59,6.66,6.19,147364,115579824.00,7.54,5.78,0.36,4.11
2007-07-26,6.65,6.76,6.84,6.46,188958,153422341.00,5.77,2.58,0.17,5.28
2007-07-27,6.64,6.86,6.91,6.56,161644,133262485.00,5.18,1.48,0.10,4.51
2007-07-30,6.95,7.08,7.26,6.93,316875,271679673.00,4.81,3.21,0.22,8.85
2007-07-31,7.00,6.97,7.06,6.68,150919,126687091.00,5.37,-1.55,-0.11,4.21
2007-08-01,7.00,6.46,7.17,6.36,156834,129556564.00,11.62,-7.32,-0.51,4.38
2007-08-02,6.46,6.80,6.82,6.26,127916,102766956.00,8.67,5.26,0.34,3.57
2007-08-03,7.00,6.70,7.00,6.56,89176,72877927.00,6.47,-1.47,-0.10,2.49
2007-08-06,6.75,6.82,6.82,6.55,106179,87031252.00,4.03,1.79,0.12,2.96
2007-08-07,6.82,6.63,6.82,6.56,89153,72300524.00,3.81,-2.79,-0.19,2.49
2007-08-08,6.55,6.43,6.59,6.23,88016,69170998.00,5.43,-3.02,-0.20,2.46
2007-08-09,6.43,6.46,6.66,6.42,63089,50365523.00,3.73,0.47,0.03,1.76
2007-08-10,6.46,6.30,6.61,6.18,64059,50029998.00,6.66,-2.48,-0.16,1.79
2007-08-13,6.36,6.51,6.59,6.18,95514,74236827.00,6.51,3.33,0.21,2.67
2007-08-14,6.49,6.70,6.76,6.46,97104,78845686.00,4.61,2.92,0.19,2.71
2007-08-15,6.73,6.52,6.76,6.33,82344,65708719.00,6.42,-2.69,-0.18,2.30
2007-08-16,6.47,6.70,6.77,6.31,94697,76140750.00,7.06,2.76,0.18,2.64
2007-08-17,6.68,6.66,6.80,6.53,100687,81911606.00,4.03,-0.60,-0.04,2.81
2007-08-20,6.82,6.86,6.89,6.73,123552,102742691.00,2.40,3.00,0.20,3.45
2007-08-21,6.86,7.13,7.24,6.77,247939,211987045.00,6.85,3.94,0.27,6.92
2007-08-22,7.12,7.17,7.35,6.97,292088,255143801.00,5.33,0.56,0.04,8.15
2007-08-23,7.23,7.16,7.27,7.05,130101,112747561.00,3.07,-0.14,-0.01,3.63
2007-08-24,7.14,7.06,7.25,6.96,114541,98604224.00,4.05,-1.40,-0.10,3.20
2007-08-27,7.10,7.11,7.22,6.90,106481,91031619.00,4.53,0.71,0.05,2.97
2007-08-28,7.08,6.91,7.08,6.80,82974,69662831.00,3.94,-2.81,-0.20,2.32
2007-08-29,6.85,6.73,6.96,6.62,96110,79542928.00,4.92,-2.60,-0.18,2.68
2007-08-30,6.82,7.47,7.47,6.75,257301,224611349.00,10.70,11.00,0.74,7.18
2007-08-31,7.68,7.50,7.82,7.47,381332,350934477.00,4.69,0.40,0.03,10.65
2007-09-03,7.61,7.64,7.80,7.50,245252,226418966.00,4.00,1.87,0.14,6.85
2007-09-04,7.66,7.53,7.84,7.43,172330,158005807.00,5.37,-1.44,-0.11,4.81
2007-09-05,7.56,7.46,7.58,7.23,130847,116978213.00,4.65,-0.93,-0.07,3.65
2007-09-06,7.50,7.47,7.63,7.37,121968,110343929.00,3.49,0.13,0.01,3.41
2007-09-07,7.46,7.96,8.17,7.15,386444,354873430.00,13.65,6.56,0.49,10.79
2007-09-10,7.77,8.25,8.26,7.47,370057,352334820.00,9.92,3.64,0.29,10.33
2007-09-11,8.09,7.35,8.25,7.35,227138,214545212.00,10.91,-10.91,-0.90,6.34
2007-09-12,7.21,7.37,7.64,6.73,221928,193503208.00,12.38,0.27,0.02,6.20
2007-09-13,7.28,7.28,7.44,7.06,103541,90934530.00,5.16,-1.22,-0.09,2.89
2007-09-14,7.27,7.67,7.86,7.22,262155,238872478.00,8.79,5.36,0.39,7.32
2007-09-17,7.59,7.77,7.99,7.55,212249,198702866.00,5.74,1.30,0.10,5.93
2007-09-18,7.77,7.72,7.82,7.48,140133,129029010.00,4.38,-0.64,-0.05,3.91
2007-09-19,7.72,7.92,8.14,7.51,258961,246023965.00,8.16,2.59,0.20,7.23
2007-09-20,8.01,8.10,8.18,7.86,232197,224006251.00,4.04,2.27,0.18,6.48
2007-09-21,8.09,7.92,8.16,7.31,227035,213583695.00,10.49,-2.22,-0.18,6.34
2007-09-24,7.82,8.05,8.26,7.74,209644,202284877.00,6.57,1.64,0.13,5.85
2007-09-25,8.00,8.41,8.64,7.66,359717,354826823.00,12.17,4.47,0.36,10.04
2007-09-26,8.27,8.05,8.55,7.92,197479,195453118.00,7.49,-4.28,-0.36,5.51
2007-09-27,8.16,8.25,8.45,8.00,171908,169942904.00,5.59,2.48,0.20,4.80
2007-09-28,8.38,8.36,8.61,8.19,222262,223276475.00,5.09,1.33,0.11,6.21
2007-10-08,8.53,8.44,8.77,8.37,235422,240903912.00,4.78,0.96,0.08,6.57
2007-10-09,8.45,8.32,8.45,8.10,130945,129738995.00,4.15,-1.42,-0.12,3.66
2007-10-10,8.33,8.03,8.39,7.96,154672,150447024.00,5.17,-3.49,-0.29,4.32
2007-10-11,7.98,7.95,8.36,7.77,150362,145484741.00,7.35,-1.00,-0.08,4.20
2007-10-12,7.86,7.87,8.07,7.08,213886,194444726.00,12.45,-1.01,-0.08,5.97
2007-10-15,7.64,7.85,7.96,7.50,128573,119646504.00,5.84,-0.25,-0.02,3.59
2007-10-16,7.87,8.15,8.16,7.55,148304,141120081.00,7.77,3.82,0.30,4.14
2007-10-17,8.16,8.23,8.35,7.98,279170,273178091.00,4.54,0.98,0.08,7.79
2007-10-18,8.10,7.57,8.18,7.55,119360,111837972.00,7.65,-8.02,-0.66,3.33
2007-10-19,7.64,7.34,7.80,7.23,88236,79806426.00,7.53,-3.04,-0.23,2.46
2007-10-22,7.32,6.85,7.32,6.76,75865,65092223.00,7.63,-6.68,-0.49,2.12
2007-10-23,6.82,6.91,7.00,6.66,62010,51646906.00,4.96,0.88,0.06,1.73
2007-10-24,6.88,6.55,6.96,6.53,73208,59822449.00,6.22,-5.21,-0.36,2.04
2007-10-25,6.50,5.83,6.64,5.82,121694,90882569.00,12.52,-10.99,-0.72,3.40
2007-10-26,5.80,5.84,5.99,5.60,72339,51908394.00,6.69,0.17,0.01,2.02
2007-10-29,5.86,5.91,5.96,5.64,62561,44589951.00,5.48,1.20,0.07,1.75
2007-10-30,5.89,6.00,6.05,5.73,68905,50296980.00,5.41,1.52,0.09,1.92
2007-10-31,6.02,6.22,6.28,5.94,87442,66218272.00,5.67,3.67,0.22,2.44
2007-11-01,6.18,5.80,6.18,5.68,84876,62236761.00,8.04,-6.75,-0.42,2.37
2007-11-02,5.68,6.46,6.46,5.66,149784,113116862.00,13.79,11.38,0.66,4.18
2007-11-05,6.26,6.59,6.86,6.23,199002,160177476.00,9.75,2.01,0.13,5.56
2007-11-06,6.53,6.44,6.62,6.36,70065,55555304.00,3.95,-2.28,-0.15,1.96
2007-11-07,6.46,6.55,6.76,6.36,73104,58725023.00,6.21,1.71,0.11,2.04
2007-11-08,6.46,6.29,6.66,6.26,69326,54419256.00,6.11,-3.97,-0.26,1.94
2007-11-09,6.25,6.32,6.61,6.04,76131,59411223.00,9.06,0.48,0.03,2.13
2007-11-13,6.36,6.60,6.69,6.36,89914,71849456.00,5.22,4.43,0.28,2.51
2007-11-14,6.64,6.67,6.72,6.50,82771,67062610.00,3.33,1.06,0.07,2.31
2007-11-15,6.64,6.53,6.67,6.37,68911,55035287.00,4.50,-2.10,-0.14,1.92
2007-11-16,6.38,6.33,6.46,6.16,55473,42848385.00,4.59,-3.06,-0.20,1.55
2007-11-19,6.36,6.62,6.71,6.29,64955,52179110.00,6.64,4.58,0.29,1.81
2007-11-20,6.56,6.66,6.77,6.48,62097,50515936.00,4.38,0.60,0.04,1.73
2007-11-21,6.66,6.42,6.72,6.40,46116,36752012.00,4.80,-3.60,-0.24,1.29
2007-11-22,6.33,6.06,6.42,5.98,50076,38277987.00,6.85,-5.61,-0.36,1.40
2007-11-23,6.06,6.24,6.31,6.00,32034,24293623.00,5.12,2.97,0.18,0.89
2007-11-26,6.35,6.11,6.40,6.09,33393,25670259.00,4.97,-2.08,-0.13,0.93
2007-11-27,6.14,6.07,6.23,6.05,26944,20323712.00,2.95,-0.65,-0.04,0.75
2007-11-28,6.11,6.15,6.34,6.07,24922,19007453.00,4.45,1.32,0.08,0.70
2007-11-29,6.32,6.28,6.33,6.14,32828,25246277.00,3.09,2.11,0.13,0.92
2007-11-30,6.31,6.26,6.46,6.23,36431,28298084.00,3.66,-0.32,-0.02,1.02
2007-12-03,6.35,6.38,6.44,6.26,30747,23972894.00,2.88,1.92,0.12,0.86
2007-12-04,6.38,6.36,6.47,6.28,32068,25095653.00,2.98,-0.31,-0.02,0.90
2007-12-05,6.36,6.46,6.52,6.29,39588,31078943.00,3.62,1.57,0.10,1.11
2007-12-06,6.46,6.56,6.63,6.36,53398,42541978.00,4.18,1.55,0.10,1.49
2007-12-07,6.61,6.67,6.68,6.47,68215,54919667.00,3.20,1.68,0.11,1.90
2007-12-10,6.68,6.81,6.87,6.68,156853,129630328.00,2.85,2.10,0.14,4.38
2007-12-11,6.75,6.87,6.99,6.67,107547,89594933.00,4.70,0.88,0.06,3.00
2007-12-12,6.56,6.78,6.93,6.56,69792,57735960.00,5.39,-1.31,-0.09,1.95
2007-12-13,6.78,6.60,6.86,6.59,63876,52495899.00,3.98,-2.65,-0.18,1.78
2007-12-14,6.55,6.73,6.75,6.43,68945,55510458.00,4.85,1.97,0.13,1.92
2007-12-17,6.76,6.80,6.94,6.70,70063,58284807.00,3.57,1.04,0.07,1.96
2007-12-18,6.74,6.65,6.86,6.56,37813,31067473.00,4.41,-2.21,-0.15,1.06
2007-12-19,6.68,6.91,7.08,6.68,114110,96531491.00,6.02,3.91,0.26,3.19
2007-12-20,6.90,6.99,7.05,6.86,64317,54373506.00,2.75,1.16,0.08,1.80
2007-12-21,6.96,7.02,7.08,6.92,57931,49266391.00,2.29,0.43,0.03,1.62
2007-12-24,7.05,7.02,7.23,6.99,86178,74061631.00,3.42,0.00,0.00,2.41
2007-12-25,7.03,7.18,7.18,6.98,79466,68327920.00,2.85,2.28,0.16,2.22
2007-12-26,7.23,7.24,7.26,7.11,75498,65723847.00,2.09,0.84,0.06,2.11
2007-12-27,7.36,7.29,7.59,7.26,140095,125547819.00,4.56,0.69,0.05,3.91
2007-12-28,7.29,7.15,7.35,7.14,87160,76077925.00,2.88,-1.92,-0.14,2.43