2013-01-04,4.13,4.03,4.15,3.97,80358,37834187.00,4.40,-1.47,-0.06,1.19
2013-01-07,4.03,4.09,4.10,3.99,72259,33968610.00,2.73,1.49,0.06,1.07
2013-01-08,4.09,4.15,4.16,4.05,113326,54186059.00,2.69,1.47,0.06,1.68
2013-01-09,4.15,4.15,4.22,4.09,96242,46413057.00,3.13,0.00,0.00,1.43
2013-01-10,4.15,4.20,4.26,4.12,92754,44932535.00,3.37,1.20,0.05,1.38
2013-01-11,4.20,4.15,4.37,4.14,181159,89145628.00,5.48,-1.19,-0.05,2.69
2013-01-14,4.14,4.29,4.36,4.01,161085,78085515.00,8.43,3.37,0.14,2.39
2013-01-15,4.29,4.37,4.46,4.26,134241,67521547.00,4.66,1.86,0.08,1.99
2013-01-16,4.37,4.40,4.41,4.29,99527,49921447.00,2.75,0.69,0.03,1.48
2013-01-17,4.36,4.31,4.41,4.28,77073,38514675.00,2.95,-2.05,-0.09,1.14
2013-01-18,4.31,4.44,4.46,4.27,105024,52836069.00,4.41,3.02,0.13,1.56
2013-01-21,4.45,4.43,4.47,4.39,62952,32015663.00,1.80,-0.23,-0.01,0.93
2013-01-22,4.45,4.35,4.46,4.32,73800,37111018.00,3.16,-1.81,-0.08,1.10
2013-01-23,4.32,4.42,4.43,4.21,86534,42993419.00,5.06,1.61,0.07,1.28
2013-01-24,4.39,4.25,4.48,4.23,116025,58237763.00,5.66,-3.85,-0.17,1.72
2013-01-25,4.24,4.14,4.28,4.12,57717,27921032.00,3.76,-2.59,-0.11,0.86
2013-01-28,4.14,4.26,4.27,4.13,41652,20310127.00,3.38,2.90,0.12,0.62
2013-01-29,4.24,4.36,4.38,4.24,69676,34548327.00,3.29,2.35,0.10,1.03
2013-01-30,4.37,4.38,4.44,4.29,90230,45454214.00,3.44,0.46,0.02,1.34
2013-01-31,4.38,4.44,4.60,4.32,157870,80573671.00,6.39,1.37,0.06,2.34
2013-02-01,4.39,4.44,4.48,4.35,75092,38178520.00,2.93,0.00,0.00,1.11
2013-02-04,4.44,4.39,4.48,4.33,80088,40520521.00,3.38,-1.13,-0.05,1.19
2013-02-05,4.36,4.38,4.40,4.29,54139,27072577.00,2.51,-0.23,-0.01,0.80
2013-02-06,4.41,4.44,4.46,4.37,62159,31570351.00,2.05,1.37,0.06,0.92
2013-02-07,4.44,4.40,4.45,4.36,45885,23203698.00,2.03,-0.90,-0.04,0.68
2013-02-08,4.41,4.47,4.52,4.37,79245,40641780.00,3.41,1.59,0.07,1.18
2013-02-18,4.53,4.56,4.66,4.52,134535,70583298.00,3.13,2.01,0.09,2.00
2013-02-19,4.53,4.52,4.63,4.47,82530,42866555.00,3.51,-0.88,-0.04,1.22
2013-02-20,4.49,4.59,4.60,4.49,67903,35416568.00,2.43,1.55,0.07,1.01
2013-02-21,4.57,4.44,4.58,4.41,86631,44443909.00,3.70,-3.27,-0.15,1.29
2013-02-22,4.42,4.37,4.47,4.36,59208,30036888.00,2.48,-1.58,-0.07,0.88
2013-02-25,4.36,4.41,4.44,4.35,44582,22547395.00,2.06,0.92,0.04,0.66
2013-02-26,4.40,4.25,4.44,4.24,55364,27845258.00,4.54,-3.63,-0.16,0.82
2013-02-27,4.28,4.25,4.33,4.20,42892,21108005.00,3.06,0.00,0.00,0.64
2013-02-28,4.29,4.39,4.41,4.29,56778,28480383.00,2.82,3.29,0.14,0.84
2013-03-01,4.39,4.55,4.56,4.39,112002,57550284.00,3.87,3.64,0.16,1.66
2013-03-04,4.54,4.40,4.54,4.30,96221,48770003.00,5.27,-3.30,-0.15,1.43
2013-03-05,4.39,4.61,4.66,4.39,124699,64999698.00,6.14,4.77,0.21,1.85
2013-03-06,4.60,4.66,4.77,4.58,155459,83303499.00,4.12,1.08,0.05,2.31
2013-03-07,4.66,4.54,4.67,4.46,87557,45791011.00,4.51,-2.58,-0.12,1.30
2013-03-08,4.54,4.55,4.65,4.48,52302,27353436.00,3.74,0.22,0.01,0.78
2013-03-11,4.54,4.58,4.67,4.51,43760,22995167.00,3.52,0.66,0.03,0.65
2013-03-12,4.58,4.38,4.62,4.30,93767,47784562.00,6.99,-4.37,-0.20,1.39
2013-03-13,4.35,4.36,4.41,4.26,44311,22141057.00,3.42,-0.46,-0.02,0.66
2013-03-14,4.37,4.65,4.66,4.35,140247,73144295.00,7.11,6.65,0.29,2.08
2013-03-15,4.65,4.55,4.67,4.50,119121,62583285.00,3.66,-2.15,-0.10,1.77
2013-03-18,4.55,4.72,4.74,4.49,156065,82610965.00,5.49,3.74,0.17,2.32
2013-03-19,4.66,4.76,4.77,4.62,157715,84622236.00,3.18,0.85,0.04,2.34
2013-03-20,4.75,4.82,4.83,4.67,150703,81519671.00,3.36,1.26,0.06,2.24
2013-03-21,4.77,4.76,4.84,4.71,138865,75137004.00,2.70,-1.24,-0.06,2.06
2013-03-22,4.74,4.69,4.75,4.65,85670,45793033.00,2.10,-1.47,-0.07,1.27
2013-03-25,4.68,4.72,4.79,4.64,69599,37446146.00,3.20,0.64,0.03,1.03
2013-03-26,4.71,4.60,4.72,4.54,79247,41592032.00,3.81,-2.54,-0.12,1.18
2013-03-27,4.60,4.61,4.67,4.54,58181,30525839.00,2.83,0.22,0.01,0.86
2013-03-28,4.55,4.37,4.55,4.35,79917,40845777.00,4.34,-5.21,-0.24,1.19
2013-03-29,4.39,4.42,4.43,4.35,48741,24651008.00,1.83,1.14,0.05,0.72
2013-04-01,4.42,4.47,4.50,4.42,40772,20884816.00,1.81,1.13,0.05,0.61
2013-04-02,4.47,4.17,4.48,3.96,146950,71931233.00,11.63,-6.71,-0.30,2.18
2013-04-03,4.16,4.05,4.18,4.01,52074,24744037.00,4.08,-2.88,-0.12,0.77
2013-04-08,3.99,3.99,4.01,3.84,56807,26004396.00,4.20,-1.48,-0.06,0.84
2013-04-09,4.01,4.11,4.11,4.00,49454,23330852.00,2.76,3.01,0.12,0.73
2013-04-10,4.10,4.06,4.13,4.01,32573,15385254.00,2.92,-1.22,-0.05,0.48
2013-04-11,4.09,4.00,4.17,3.99,36454,17302535.00,4.43,-1.48,-0.06,0.54
2013-04-12,4.01,3.96,4.03,3.91,29558,13678508.00,3.00,-1.00,-0.04,0.44
2013-04-15,3.96,3.87,3.97,3.86,25409,11545722.00,2.78,-2.27,-0.09,0.38
2013-04-16,3.84,3.94,3.95,3.79,25938,11742399.00,4.13,1.81,0.07,0.38
2013-04-17,3.92,3.99,4.00,3.92,23233,10719486.00,2.03,1.27,0.05,0.34
2013-04-18,3.94,4.11,4.17,3.94,64332,30434540.00,5.76,3.01,0.12,0.95
2013-04-19,4.10,4.13,4.16,4.05,54593,26101928.00,2.68,0.49,0.02,0.81
2013-04-22,4.07,4.10,4.12,4.04,42776,20234782.00,1.94,-0.73,-0.03,0.63
2013-04-23,4.13,4.30,4.47,4.11,242350,119754008.00,8.78,4.88,0.20,3.60
2013-04-24,4.26,4.37,4.41,4.21,135156,67501141.00,4.65,1.63,0.07,2.01
2013-04-25,4.34,4.42,4.59,4.30,178457,91789706.00,6.64,1.14,0.05,2.65
2013-04-26,4.40,4.30,4.50,4.24,92246,46187530.00,5.88,-2.71,-0.12,1.37
2013-05-02,4.47,4.41,4.48,4.24,92506,46869288.00,5.58,2.56,0.11,1.37
2013-05-03,4.40,4.46,4.56,4.39,108748,55500562.00,3.85,1.13,0.05,1.61
2013-05-06,4.44,4.54,4.57,4.40,115871,59798646.00,3.81,1.79,0.08,1.72
2013-05-07,4.59,4.51,4.60,4.45,89859,46493389.00,3.30,-0.66,-0.03,1.33
2013-05-08,4.51,4.55,4.59,4.49,113745,59161858.00,2.22,0.89,0.04,1.69
2013-05-09,4.52,4.43,4.55,4.37,106283,54041340.00,3.96,-2.64,-0.12,1.58
2013-05-10,4.39,4.54,4.54,4.36,86131,44143582.00,4.06,2.48,0.11,1.28
2013-05-13,4.58,4.62,4.74,4.56,192803,102873444.00,3.96,1.76,0.08,2.86
2013-05-14,4.57,4.48,4.60,4.44,79810,41226447.00,3.46,-3.03,-0.14,1.18
2013-05-15,4.49,4.57,4.58,4.47,51156,26529657.00,2.46,2.01,0.09,0.76
2013-05-16,4.55,4.58,4.64,4.51,93954,49221486.00,2.84,0.22,0.01,1.39
2013-05-17,4.57,4.64,4.69,4.49,121626,63914534.00,4.37,1.31,0.06,1.81
2013-05-20,4.63,4.68,4.74,4.58,129349,68821433.00,3.45,0.86,0.04,1.92
2013-05-21,4.71,4.91,4.99,4.67,253127,139834250.00,6.84,4.91,0.23,3.76
2013-05-22,4.85,4.80,4.96,4.72,156464,85549592.00,4.89,-2.24,-0.11,2.32
2013-05-23,4.80,4.82,4.98,4.73,133732,73626478.00,5.21,0.42,0.02,1.98
2013-05-24,4.82,4.96,5.04,4.82,153450,85571836.00,4.56,2.90,0.14,2.28
2013-05-27,4.96,5.08,5.18,4.91,151094,86135355.00,5.44,2.42,0.12,2.24
2013-05-28,5.01,4.94,5.07,4.82,121647,67930679.00,4.92,-2.76,-0.14,1.81
2013-05-29,4.92,4.93,5.01,4.90,75833,42413534.00,2.23,-0.20,-0.01,1.13
2013-05-30,4.93,4.99,5.00,4.88,102132,57213660.00,2.43,1.22,0.06,1.52
2013-05-31,5.00,4.81,5.01,4.80,106894,59214967.00,4.21,-3.61,-0.18,1.59
2013-06-03,4.77,4.82,4.89,4.74,63166,34458041.00,3.12,0.21,0.01,0.94
2013-06-04,4.81,4.64,4.85,4.55,80441,42785793.00,6.22,-3.73,-0.18,1.19
2013-06-05,4.63,4.63,4.67,4.55,48735,25627994.00,2.59,-0.22,-0.01,0.72
2013-06-06,4.60,4.50,4.63,4.46,55104,28563948.00,3.67,-2.81,-0.13,0.82
2013-06-07,4.46,4.44,4.56,4.40,54667,27933888.00,3.56,-1.33,-0.06,0.81
2013-06-13,4.35,4.19,4.38,4.07,52674,25525704.00,6.98,-5.63,-0.25,0.78
2013-06-14,4.23,4.27,4.31,4.21,38164,18782345.00,2.39,1.91,0.08,0.57
2013-06-17,4.33,4.30,4.39,4.25,43376,21520758.00,3.28,0.70,0.03,0.64
2013-06-18,4.30,4.43,4.47,4.15,55543,27704144.00,7.44,3.02,0.13,0.82
2013-06-19,4.40,4.36,4.40,4.25,34819,17276663.00,3.39,-1.58,-0.07,0.52
2013-06-20,4.32,4.18,4.34,4.15,31332,15392005.00,4.36,-4.13,-0.18,0.46
2013-06-21,4.05,4.16,4.22,4.01,32336,15420862.00,5.02,-0.48,-0.02,0.48
2013-06-24,4.16,3.72,4.19,3.68,77464,34771069.00,12.26,-10.58,-0.44,1.15
2013-06-25,3.67,3.73,3.86,3.37,68134,29237292.00,13.17,0.27,0.01,1.01
2013-06-26,3.79,3.79,3.86,3.70,45644,20201442.00,4.29,1.61,0.06,0.68
2013-06-27,3.82,3.72,3.86,3.70,48775,21656869.00,4.22,-1.85,-0.07,0.72
2013-06-28,3.69,3.71,3.78,3.61,37019,16040301.00,4.57,-0.27,-0.01,0.55
2013-07-01,3.71,3.86,3.86,3.68,47149,20929343.00,4.85,4.04,0.15,0.70
2013-07-02,3.84,3.89,3.90,3.80,35006,15766033.00,2.59,0.78,0.03,0.52
2013-07-03,3.88,3.93,3.94,3.73,44201,19893550.00,5.40,1.03,0.04,0.66
2013-07-04,3.87,3.93,4.00,3.84,41555,19074790.00,4.07,0.00,0.00,0.62
2013-07-05,3.95,3.92,4.03,3.91,48329,22359510.00,3.05,-0.25,-0.01,0.72
2013-07-08,3.85,3.66,3.87,3.64,47889,20890929.00,5.87,-6.63,-0.26,0.71
2013-07-09,3.67,3.69,3.71,3.65,18026,7821452.00,1.64,0.82,0.03,0.27
2013-07-10,3.70,3.81,3.82,3.69,35622,15721885.00,3.52,3.25,0.12,0.53
2013-07-11,3.82,3.93,3.98,3.80,54814,25010663.00,4.72,3.15,0.12,0.81
2013-07-12,3.93,3.86,4.02,3.85,37983,17421421.00,4.33,-1.78,-0.07,0.56
2013-07-15,3.87,4.04,4.10,3.87,60154,28063750.00,5.96,4.66,0.18,0.89
2013-07-16,4.04,4.09,4.16,4.01,55319,26205330.00,3.71,1.24,0.05,0.82
2013-07-17,4.09,4.05,4.18,4.05,57864,27578559.00,3.18,-0.98,-0.04,0.86
2013-07-18,4.01,4.12,4.13,3.97,47108,22224588.00,3.95,1.73,0.07,0.70
2013-07-19,4.10,3.97,4.25,3.95,74310,35618530.00,7.28,-3.64,-0.15,1.10
2013-07-22,3.94,4.13,4.14,3.90,51118,24031724.00,6.05,4.03,0.16,0.76
2013-07-23,4.10,4.23,4.24,4.10,71521,34614680.00,3.39,2.42,0.10,1.06
2013-07-24,4.23,4.35,4.35,4.11,114381,56130980.00,5.67,2.84,0.12,1.70
2013-07-25,4.32,4.25,4.40,4.24,114636,56982231.00,3.68,-2.30,-0.10,1.70
2013-07-26,4.22,4.45,4.48,4.21,160562,80910472.00,6.35,4.71,0.20,2.38
2013-07-29,4.46,4.29,4.50,4.25,130692,65758816.00,5.62,-3.60,-0.16,1.94
2013-07-30,4.25,4.18,4.31,4.10,78550,38055649.00,4.90,-2.56,-0.11,1.17
2013-07-31,4.18,4.17,4.27,4.15,49759,24170593.00,2.87,-0.24,-0.01,0.74
2013-08-01,4.19,4.41,4.42,4.13,92778,46138867.00,6.95,5.76,0.24,1.38
2013-08-02,4.42,4.40,4.47,4.37,67660,34264152.00,2.27,-0.23,-0.01,1.00
2013-08-05,4.39,4.45,4.47,4.35,64007,32435496.00,2.73,1.14,0.05,0.95
2013-08-06,4.46,4.43,4.47,4.36,56100,28431417.00,2.47,-0.45,-0.02,0.83
2013-08-07,4.40,4.40,4.51,4.37,75194,38265566.00,3.16,-0.68,-0.03,1.12
2013-08-08,4.36,4.38,4.46,4.34,49340,24897603.00,2.73,-0.45,-0.02,0.73
2013-08-09,4.38,4.31,4.42,4.24,57457,28529437.00,4.11,-1.60,-0.07,0.85
2013-08-12,4.32,4.58,4.59,4.30,184331,94873362.00,6.73,6.26,0.27,2.74
2013-08-13,4.56,4.79,4.89,4.50,256644,138310521.00,8.52,4.59,0.21,3.81
2013-08-14,4.74,4.85,4.88,4.60,158565,85781813.00,5.85,1.25,0.06,2.35
2013-08-15,4.86,4.84,5.06,4.75,175413,97424965.00,6.39,-0.21,-0.01,2.60
2013-08-16,4.84,4.87,5.10,4.82,185595,104550694.00,5.79,0.62,0.03,2.75
2013-08-19,4.80,5.30,5.41,4.80,227607,133241961.00,12.53,8.83,0.43,3.38
2013-08-20,5.18,5.25,5.30,5.10,137923,80849681.00,3.77,-0.94,-0.05,2.05
2013-08-21,5.22,5.49,5.52,5.13,235243,141720397.00,7.43,4.57,0.24,3.49
2013-08-22,5.43,5.69,5.98,5.36,324155,204042970.00,11.29,3.64,0.20,4.81
2013-08-23,5.67,5.59,5.75,5.43,231288,144337691.00,5.62,-1.76,-0.10,3.43
2013-08-26,5.65,5.79,5.85,5.55,195072,124517051.00,5.37,3.58,0.20,2.90
2013-08-27,5.79,5.71,5.97,5.66,185141,119093613.00,5.35,-1.38,-0.08,2.75
2013-08-28,5.64,5.45,5.75,5.43,226107,140496360.00,5.60,-4.55,-0.26,3.36
2013-08-29,5.43,5.37,5.49,5.23,172702,103340779.00,4.77,-1.47,-0.08,2.56
2013-08-30,5.34,5.35,5.51,5.25,153928,92943525.00,4.84,-0.37,-0.02,2.28
2013-09-02,5.34,5.26,5.35,5.08,110861,65021087.00,5.05,-1.68,-0.09,1.65
2013-09-03,5.23,5.36,5.38,5.21,73043,43492679.00,3.23,1.90,0.10,1.08
2013-09-04,5.37,5.27,5.40,5.26,72281,43133831.00,2.61,-1.68,-0.09,1.07
2013-09-05,5.25,5.40,5.41,5.25,84011,50241794.00,3.04,2.47,0.13,1.25
2013-09-06,5.37,5.56,5.64,5.30,138301,85069898.00,6.30,2.96,0.16,2.05
2013-09-09,5.53,5.50,5.59,5.45,96519,59442919.00,2.52,-1.08,-0.06,1.43
2013-09-10,6.12,6.12,6.12,6.12,95071,64363358.00,0.00,11.27,0.62,1.41
2013-09-11,6.80,6.47,6.80,6.23,717423,514502336.00,9.31,5.72,0.35,10.65
2013-09-12,6.56,6.49,6.73,6.22,407134,291846064.00,7.88,0.31,0.02,6.04
2013-09-13,6.33,5.94,6.38,5.90,306721,207142886.00,7.40,-8.47,-0.55,4.55
2013-09-16,5.98,5.99,6.15,5.89,130271,86850907.00,4.38,0.84,0.05,1.93
2013-09-17,6.02,5.72,6.08,5.69,145506,93978537.00,6.51,-4.51,-0.27,2.16
2013-09-18,5.78,5.85,5.97,5.63,128536,83263860.00,5.94,2.27,0.13,1.91
2013-09-23,5.85,6.18,6.20,5.73,166839,111315417.00,8.03,5.64,0.33,2.48
2013-09-24,6.10,6.13,6.23,5.99,139894,94455082.00,3.88,-0.81,-0.05,2.08
2013-09-25,6.17,5.97,6.33,5.90,182723,123896263.00,7.01,-2.61,-0.16,2.71
2013-09-26,6.13,5.76,6.14,5.74,161346,105828913.00,6.70,-3.52,-0.21,2.39
2013-09-27,5.83,6.18,6.32,5.79,231918,157345996.00,9.20,7.29,0.42,3.44
2013-09-30,6.16,6.31,6.47,6.09,175313,122292675.00,6.15,2.10,0.13,2.60
2013-10-08,6.25,6.67,6.75,6.20,251768,181629175.00,8.72,5.71,0.36,3.74
2013-10-09,6.65,6.63,6.78,6.43,168634,122367554.00,5.25,-0.60,-0.04,2.50
2013-10-10,6.59,6.64,6.80,6.50,183262,134698100.00,4.52,0.15,0.01,2.72
2013-10-11,6.64,7.23,7.37,6.62,368929,288162992.00,11.30,8.89,0.59,5.48
2013-10-14,7.23,7.58,7.75,7.04,283577,227795662.00,9.82,4.84,0.35,4.21
2013-10-16,7.46,8.06,8.35,7.15,489870,410054576.00,15.83,6.33,0.48,7.27
2013-10-17,7.91,7.19,8.09,7.19,294869,244388090.00,11.17,-10.79,-0.87,4.38
2013-10-18,7.12,7.97,7.97,6.98,246115,204671515.00,13.77,10.85,0.78,3.65
2013-10-21,8.34,8.19,8.46,7.95,426308,378774624.00,6.40,2.76,0.22,6.33
2013-10-22,8.05,7.74,8.53,7.50,388973,337976240.00,12.58,-5.49,-0.45,5.77
2013-10-23,7.64,7.13,7.89,7.00,280340,224957375.00,11.50,-7.88,-0.61,4.16
2013-10-24,7.10,7.18,7.33,6.86,155156,120492230.00,6.59,0.70,0.05,2.30
2013-10-25,7.18,7.16,7.33,7.00,124171,96977106.00,4.60,-0.28,-0.02,1.84
2013-10-28,7.17,7.17,7.38,6.93,117265,91953034.00,6.28,0.14,0.01,1.74
2013-10-29,7.13,6.63,7.30,6.39,173320,128092797.00,12.69,-7.53,-0.54,2.57
2013-10-30,6.66,6.67,6.75,6.41,93312,67383382.00,5.13,0.60,0.04,1.38
2013-10-31,6.55,6.53,6.68,6.42,70090,50338776.00,3.90,-2.10,-0.14,1.04
2013-11-01,6.50,6.35,6.50,6.18,70075,48864662.00,4.90,-2.76,-0.18,1.04
2013-11-04,6.42,6.43,6.46,6.30,72024,50724745.00,2.52,1.26,0.08,1.07
2013-11-05,6.47,7.03,7.14,6.47,218510,167452557.00,10.42,9.33,0.60,3.24
2013-11-06,6.93,7.03,7.50,6.86,233830,184712642.00,9.10,0.00,0.00,3.47
2013-11-07,7.01,6.99,7.30,6.93,91460,70697259.00,5.26,-0.57,-0.04,1.36
2013-11-08,7.01,6.72,7.22,6.69,140491,106916254.00,7.58,-3.86,-0.27,2.09
2013-11-11,6.55,6.84,6.90,6.30,91514,66470235.00,8.93,1.79,0.12,1.36
2013-11-12,6.83,6.72,6.88,6.66,77327,57230080.00,3.22,-1.75,-0.12,1.15
2013-11-13,6.80,7.10,7.42,6.71,185210,142816626.00,10.57,5.65,0.38,2.75
2013-11-14,6.95,7.54,7.70,6.88,270299,218411954.00,11.55,6.20,0.44,4.01
2013-11-15,7.51,7.57,8.00,7.48,318176,268228537.00,6.90,0.40,0.03,4.72
2013-11-18,7.51,8.26,8.39,7.51,435559,384591472.00,11.62,9.11,0.69,6.46
2013-11-19,8.13,8.10,8.28,8.02,242336,213200857.00,3.15,-1.94,-0.16,3.60
2013-11-20,8.16,8.27,8.55,8.08,254821,228184454.00,5.80,2.10,0.17,3.78
2013-11-21,8.15,8.11,8.52,8.01,214893,191785496.00,6.17,-1.93,-0.16,3.19
2013-11-22,8.09,7.86,8.10,7.70,173605,148242932.00,4.93,-3.08,-0.25,2.58
2013-11-25,7.80,8.71,8.71,7.70,386582,354201520.00,12.85,10.81,0.85,5.74
2013-11-26,8.76,9.11,9.42,8.55,554918,539132336.00,9.99,4.59,0.40,8.24
2013-11-27,9.00,9.17,9.54,8.90,368371,361353504.00,7.03,0.66,0.06,5.47
2013-11-28,9.20,9.06,9.52,9.00,267856,264213823.00,5.67,-1.20,-0.11,3.98
2013-11-29,9.06,9.51,9.53,8.86,271621,265655395.00,7.40,4.97,0.45,4.03
2013-12-02,9.14,8.86,9.64,8.50,368561,359807376.00,11.99,-6.83,-0.65,5.47
2013-12-03,8.58,8.95,9.08,8.27,259028,241647730.00,9.14,1.02,0.09,3.84
2013-12-04,8.91,9.19,9.51,8.83,267107,264463072.00,7.60,2.68,0.24,3.96
2013-12-05,9.26,9.00,9.30,8.83,177782,172226554.00,5.11,-2.07,-0.19,2.64
2013-12-06,8.86,8.66,8.90,8.53,209181,194731420.00,4.11,-3.78,-0.34,3.10
2013-12-09,8.70,8.76,9.05,8.68,121439,115268176.00,4.27,1.15,0.10,1.80
2013-12-10,8.80,9.03,9.30,8.80,174184,169128419.00,5.71,3.08,0.27,2.59
2013-12-11,8.86,8.74,8.90,8.64,96673,91021385.00,2.88,-3.21,-0.29,1.43
2013-12-12,8.84,8.91,9.28,8.83,162673,157373159.00,5.15,1.95,0.17,2.41
2013-12-13,8.77,8.98,9.10,8.71,113001,108694338.00,4.38,0.79,0.07,1.68
2013-12-16,8.97,8.45,8.97,8.36,191620,176276808.00,6.79,-5.90,-0.53,2.84
2013-12-17,8.44,8.20,8.53,7.94,148603,131572912.00,6.98,-2.96,-0.25,2.21
2013-12-18,8.21,8.18,8.31,7.95,63217,55535898.00,4.39,-0.24,-0.02,0.94
2013-12-19,8.16,8.22,8.38,8.16,97649,87331301.00,2.69,0.49,0.04,1.45
2013-12-20,8.25,8.20,8.45,8.10,82332,73647897.00,4.26,-0.24,-0.02,1.22
2013-12-23,8.19,7.93,8.25,7.67,79927,68436411.00,7.07,-3.29,-0.27,1.19
2013-12-24,7.95,8.26,8.52,7.84,161684,144272729.00,8.58,4.16,0.33,2.40
2013-12-25,8.20,8.29,8.50,8.15,69120,62062430.00,4.24,0.36,0.03,1.03
2013-12-26,8.31,7.97,8.37,7.96,79742,70226319.00,4.95,-3.86,-0.32,1.18
2013-12-27,7.97,8.34,8.38,7.90,76159,67639120.00,6.02,4.64,0.37,1.13
2013-12-30,8.33,8.33,8.44,8.25,61821,55603900.00,2.28,-0.12,-0.01,0.92
2013-12-31,8.28,8.38,8.56,8.23,104902,95437046.00,3.96,0.60,0.05,1.56