2006-01-04,3.72,3.78,3.87,3.72,4091,2934124.00,4.00,0.80,0.03,1.25
2006-01-05,3.78,3.78,3.80,3.73,8013,5713651.00,1.85,0.00,0.00,2.44
2006-01-06,3.77,3.79,3.82,3.75,7022,5023532.00,1.85,0.26,0.01,2.14
2006-01-09,4.13,3.92,4.13,3.80,8316,6140920.00,8.71,3.43,0.13,2.53
2006-01-10,3.92,3.88,3.92,3.82,3596,2610235.00,2.55,-1.02,-0.04,1.09
2006-01-11,3.88,3.85,3.88,3.78,5855,4215528.00,2.58,-0.77,-0.03,1.78
2006-01-12,3.85,3.86,3.86,3.71,8141,5844066.00,3.90,0.26,0.01,2.48
2006-01-13,3.87,3.88,3.94,3.85,7242,5273460.00,2.33,0.52,0.02,2.20
2006-01-16,3.88,3.74,3.88,3.73,3865,2759338.00,3.87,-3.61,-0.14,1.18
2006-01-17,3.73,3.73,3.76,3.68,3383,2389564.00,2.14,-0.27,-0.01,1.03
2006-01-18,3.73,3.79,3.79,3.70,3050,2171097.00,2.41,1.61,0.06,0.93
2006-01-19,3.82,3.89,3.92,3.82,7761,5638831.00,2.64,2.64,0.10,2.36
2006-01-20,3.86,3.76,3.88,3.73,6464,4609433.00,3.86,-3.34,-0.13,1.97
2006-01-23,3.71,3.73,3.79,3.68,5712,4038061.00,2.93,-0.80,-0.03,1.74
2006-01-24,3.71,3.74,3.75,3.68,6292,4439235.00,1.88,0.27,0.01,1.92
2006-01-25,3.74,3.57,3.74,3.53,6224,4306415.00,5.61,-4.55,-0.17,1.89
2006-02-06,3.63,3.71,3.72,3.56,2978,2082687.00,4.48,3.92,0.14,0.91
2006-02-07,3.71,3.75,3.79,3.70,5200,3688261.00,2.43,1.08,0.04,1.58
2006-02-08,3.73,3.89,3.90,3.63,8266,5902447.00,7.20,3.73,0.14,2.52
2006-02-09,3.89,3.73,3.90,3.70,5804,4155153.00,5.14,-4.11,-0.16,1.77
2006-02-10,3.70,3.74,3.78,3.67,2890,2042492.00,2.95,0.27,0.01,0.88
2006-02-13,3.73,3.73,3.81,3.69,2290,1618817.00,3.21,-0.27,-0.01,0.70
2006-02-14,3.79,3.77,3.81,3.71,4247,3027448.00,2.68,1.07,0.04,1.29
2006-02-15,3.79,3.75,3.79,3.73,3851,2734992.00,1.59,-0.53,-0.02,1.17
2006-02-16,3.73,3.63,3.81,3.62,4523,3174852.00,5.07,-3.20,-0.12,1.38
2006-02-17,3.60,3.49,3.62,3.48,3994,2737695.00,3.86,-3.86,-0.14,1.22
2006-02-20,3.48,3.42,3.57,3.38,2557,1716605.00,5.44,-2.01,-0.07,0.78
2006-02-21,3.45,3.53,3.53,3.40,2191,1471172.00,3.80,3.22,0.11,0.67
2006-02-22,3.57,3.46,3.57,3.45,2193,1490806.00,3.40,-1.98,-0.07,0.67
2006-02-23,3.32,3.45,3.54,3.32,2393,1595322.00,6.36,-0.29,-0.01,0.73
2006-02-24,3.48,3.54,3.56,3.47,2275,1547401.00,2.61,2.61,0.09,0.69
2006-02-27,3.57,3.55,3.58,3.48,2187,1491169.00,2.82,0.28,0.01,0.67
2006-02-28,3.52,3.48,3.52,3.42,2221,1492087.00,2.82,-1.97,-0.07,0.68
2006-03-01,3.48,3.60,3.63,3.48,3802,2609138.00,4.31,3.45,0.12,1.16
2006-03-02,3.55,3.45,3.60,3.40,2399,1635230.00,5.56,-4.17,-0.15,0.73
2006-03-03,3.45,3.47,3.53,3.43,1570,1054081.00,2.90,0.58,0.02,0.48
2006-03-06,3.48,3.45,3.54,3.44,1158,777653.00,2.88,-0.58,-0.02,0.35
2006-03-07,3.43,3.32,3.44,3.32,2442,1613421.00,3.48,-3.77,-0.13,0.74
2006-03-08,3.32,3.32,3.35,3.26,2271,1479138.00,2.71,0.00,0.00,0.69
2006-03-09,3.32,3.36,3.42,3.32,2151,1421603.00,3.01,1.20,0.04,0.65
2006-03-10,3.35,3.50,3.52,3.34,2692,1794619.00,5.36,4.17,0.14,0.82
2006-03-13,3.52,3.51,3.54,3.41,2451,1657295.00,3.71,0.29,0.01,0.75
2006-03-14,3.51,3.43,3.51,3.41,2010,1344904.00,2.85,-2.28,-0.08,0.61
2006-03-15,3.43,3.43,3.45,3.39,1938,1294750.00,1.75,0.00,0.00,0.59
2006-03-16,3.43,3.42,3.45,3.39,2006,1336239.00,1.75,-0.29,-0.01,0.61
2006-03-17,3.41,3.72,3.88,3.40,16345,11415495.00,14.04,8.77,0.30,4.97
2006-03-20,3.70,3.93,4.01,3.69,27800,20133355.00,8.60,5.65,0.21,8.46
2006-03-21,3.91,3.76,3.93,3.74,18000,12941826.00,4.83,-4.33,-0.17,5.48
2006-03-22,3.76,3.82,3.88,3.68,10245,7282126.00,5.32,1.60,0.06,3.12
2006-03-23,3.79,4.02,4.07,3.73,30265,22321644.00,8.90,5.24,0.20,9.21
2006-03-24,4.02,3.93,4.10,3.92,23489,17453780.00,4.48,-2.24,-0.09,7.15
2006-03-27,3.88,3.85,3.92,3.75,24488,17582145.00,4.33,-2.04,-0.08,7.45
2006-03-28,3.85,3.88,4.00,3.83,12516,9179820.00,4.42,0.78,0.03,3.81
2006-03-29,3.88,3.93,3.98,3.82,15840,11607322.00,4.12,1.29,0.05,4.82
2006-03-30,3.94,3.76,3.94,3.76,9538,6856999.00,4.58,-4.33,-0.17,2.90
2006-03-31,3.75,3.82,3.84,3.73,5262,3762991.00,2.93,1.60,0.06,1.60
2006-04-03,3.79,3.90,3.92,3.76,16306,11794756.00,4.19,2.09,0.08,4.96
2006-04-04,3.95,4.20,4.23,3.90,39892,30230429.00,8.46,7.69,0.30,12.14
2006-04-05,4.20,4.14,4.22,4.09,17385,13222734.00,3.10,-1.43,-0.06,5.29
2006-04-06,4.14,4.20,4.24,4.04,19171,14604563.00,4.83,1.45,0.06,5.84
2006-04-07,4.15,4.13,4.20,4.05,11618,8787466.00,3.57,-1.67,-0.07,3.54
2006-04-10,4.13,4.28,4.33,4.08,17249,13365329.00,6.05,3.63,0.15,5.25
2006-04-11,4.29,4.20,4.32,4.10,16284,12542013.00,5.14,-1.87,-0.08,4.96
2006-04-12,4.13,4.13,4.20,4.06,9844,7461376.00,3.33,-1.67,-0.07,3.00
2006-04-13,4.13,3.89,4.17,3.86,14446,10696794.00,7.51,-5.81,-0.24,4.40
2006-04-14,3.89,3.99,4.00,3.87,8775,6427942.00,3.34,2.57,0.10,2.67
2006-04-17,3.96,4.06,4.07,3.92,10942,8145767.00,3.76,1.75,0.07,3.33
2006-04-18,4.06,4.07,4.11,4.01,10158,7640491.00,2.46,0.25,0.01,3.09
2006-04-19,4.09,4.31,4.44,4.09,42327,32966027.00,8.60,5.90,0.24,12.88
2006-04-20,4.26,3.98,4.26,3.90,19328,14527443.00,8.35,-7.66,-0.33,5.88
2006-04-21,3.96,3.90,4.01,3.79,11839,8649837.00,5.53,-2.01,-0.08,3.60
2006-04-24,3.82,3.35,3.87,3.35,25722,17275711.00,13.33,-14.10,-0.55,7.83
2006-04-25,3.29,3.48,3.50,2.95,24731,15591706.00,16.42,3.88,0.13,7.53
2006-04-26,3.35,3.29,3.38,3.07,10769,7002300.00,8.91,-5.46,-0.19,3.28
2006-04-27,3.29,3.35,3.40,3.24,9481,6205684.00,4.86,1.82,0.06,2.89
2006-04-28,3.33,3.46,3.50,3.18,10255,6861374.00,9.55,3.28,0.11,3.12
2006-05-08,3.49,3.80,3.80,3.49,31710,22104023.00,8.96,9.83,0.34,9.65
2006-05-09,3.76,3.79,3.85,3.63,17715,12575801.00,5.79,-0.26,-0.01,5.39
2006-05-10,3.79,3.71,3.79,3.67,15392,10845540.00,3.17,-2.11,-0.08,4.68
2006-05-11,3.71,3.61,3.78,3.60,16349,11524834.00,4.85,-2.70,-0.10,4.98
2006-05-12,3.60,3.70,3.71,3.54,14224,9856131.00,4.71,2.49,0.09,4.33
2006-05-15,3.75,3.90,3.90,3.73,24342,17538783.00,4.59,5.41,0.20,7.41
2006-05-16,3.94,3.59,3.95,3.58,20287,14515399.00,9.49,-7.95,-0.31,6.17
2006-05-17,3.58,3.98,4.07,3.54,30599,22069559.00,14.76,10.86,0.39,9.31
2006-05-18,3.96,4.14,4.28,3.85,29661,22521444.00,10.80,4.02,0.16,9.03
2006-05-19,4.26,4.17,4.26,4.05,18464,14081771.00,5.07,0.72,0.03,5.62
2006-05-22,4.19,4.75,4.75,4.14,46018,37645041.00,14.63,13.91,0.58,14.01
2006-05-23,4.75,5.13,5.32,4.35,49666,42350486.00,20.42,8.00,0.38,15.12
2006-05-24,5.04,5.10,5.42,4.57,59883,52801818.00,16.57,-0.58,-0.03,18.23
2006-05-25,5.11,5.20,5.32,4.98,46185,41494869.00,6.67,1.96,0.10,14.06
2006-05-26,5.22,4.91,5.26,4.76,39295,34171104.00,9.62,-5.58,-0.29,11.96
2006-05-29,4.88,4.91,5.07,4.60,22811,19365239.00,9.57,0.00,0.00,6.94
2006-05-30,4.91,4.89,4.98,4.74,18003,15493577.00,4.89,-0.41,-0.02,5.48
2006-05-31,4.85,4.65,5.01,4.64,19129,16278035.00,7.57,-4.91,-0.24,5.82
2006-06-01,4.63,4.85,4.93,4.54,20632,17383378.00,8.39,4.30,0.20,6.28
2006-06-02,4.85,4.63,4.91,4.62,18406,15461824.00,5.98,-4.54,-0.22,5.60
2006-06-05,4.60,4.79,4.88,4.58,12528,10518106.00,6.48,3.46,0.16,3.81
2006-06-06,4.76,4.81,4.85,4.66,12183,10280218.00,3.97,0.42,0.02,3.71
2006-06-07,4.82,4.17,4.84,4.17,18785,14943342.00,13.93,-13.31,-0.64,5.72
2006-06-08,4.05,3.95,4.13,3.75,13113,9542920.00,9.11,-5.28,-0.22,3.99
2006-06-09,3.90,3.75,3.98,3.73,10174,7416897.00,6.33,-5.06,-0.20,3.10
2006-06-12,3.72,3.76,3.85,3.67,5664,4028060.00,4.80,0.27,0.01,1.72
2006-06-13,3.79,3.80,3.87,3.70,5518,3949723.00,4.52,1.06,0.04,1.68
2006-06-14,3.79,3.67,3.79,3.63,6716,4721032.00,4.21,-3.42,-0.13,2.04
2006-06-15,3.67,3.70,3.76,3.67,4588,3238861.00,2.45,0.82,0.03,1.40
2006-06-16,3.75,3.89,3.91,3.73,7714,5555321.00,4.86,5.14,0.19,2.35
2006-06-19,3.86,3.88,3.92,3.79,7131,5172198.00,3.34,-0.26,-0.01,2.17
2006-06-20,3.88,3.82,3.88,3.76,10502,7541160.00,3.09,-1.55,-0.06,3.20
2006-06-21,3.67,3.48,3.67,3.28,24617,16514658.00,10.21,-8.90,-0.34,7.49
2006-06-22,3.48,3.51,3.60,3.44,10502,7137817.00,4.60,0.86,0.03,3.20
2006-06-23,3.54,3.42,3.57,3.38,14936,10006331.00,5.41,-2.56,-0.09,4.55
2006-06-26,3.42,3.57,3.57,3.42,13442,9125509.00,4.39,4.39,0.15,4.09
2006-06-27,3.60,3.60,3.60,3.48,10731,7343023.00,3.36,0.84,0.03,3.27
2006-06-28,3.60,3.75,3.79,3.57,15816,11159326.00,6.11,4.17,0.15,4.81
2006-06-30,3.84,3.73,3.88,3.68,11469,8152484.00,5.33,-0.53,-0.02,3.49
2006-07-03,3.75,3.84,3.84,3.73,12084,8642802.00,2.95,2.95,0.11,3.68
2006-07-04,3.88,3.74,3.88,3.70,10513,7536788.00,4.69,-2.60,-0.10,3.20
2006-07-05,3.75,3.62,3.76,3.53,11257,7793943.00,6.15,-3.21,-0.12,3.43
2006-07-06,3.62,3.79,3.81,3.58,13427,9435348.00,6.35,4.70,0.17,4.09
2006-07-07,3.77,3.92,4.01,3.76,24592,17939850.00,6.60,3.43,0.13,7.49
2006-07-10,3.93,3.95,3.99,3.83,14431,10593819.00,4.08,0.77,0.03,4.39
2006-07-11,3.95,3.89,3.98,3.85,7710,5630478.00,3.29,-1.52,-0.06,2.35
2006-07-12,3.89,3.86,3.97,3.84,11060,8092392.00,3.34,-0.77,-0.03,3.37
2006-07-13,3.86,3.40,3.86,3.38,16125,11096449.00,12.44,-11.92,-0.46,4.91
2006-07-14,3.36,3.41,3.46,3.32,8063,5345314.00,4.12,0.29,0.01,2.45
2006-07-17,3.41,3.51,3.52,3.38,5664,3813474.00,4.11,2.93,0.10,1.72
2006-07-18,3.57,3.53,3.57,3.47,3941,2614805.00,2.85,0.57,0.02,1.20
2006-07-19,3.52,3.68,3.69,3.41,9454,6365373.00,7.93,4.25,0.15,2.88
2006-07-20,3.63,3.83,3.88,3.59,14877,10375263.00,7.88,4.08,0.15,4.53
2006-07-21,3.82,3.81,3.89,3.79,7733,5455406.00,2.61,-0.52,-0.02,2.35
2006-07-24,3.73,3.96,3.98,3.55,13287,9496799.00,11.29,3.94,0.15,4.04
2006-07-25,3.95,4.13,4.15,3.94,17765,13064114.00,5.30,4.29,0.17,5.41
2006-07-26,4.13,4.08,4.17,4.04,9268,6874033.00,3.15,-1.21,-0.05,2.82
2006-07-27,4.08,4.29,4.39,3.88,23142,17385752.00,12.50,5.15,0.21,7.04
2006-07-28,4.26,4.39,4.44,4.09,29712,22952064.00,8.16,2.33,0.10,9.04
2006-07-31,4.39,4.30,4.60,4.13,50116,39443126.00,10.71,-2.05,-0.09,15.25
2006-08-01,4.29,4.05,4.30,3.81,21147,15506759.00,11.40,-5.81,-0.25,6.44
2006-08-02,4.03,4.25,4.27,3.79,20758,15528209.00,11.85,4.94,0.20,6.32
2006-08-03,4.23,4.46,4.53,4.17,40810,31776150.00,8.47,4.94,0.21,12.42
2006-08-04,4.47,4.01,4.47,3.98,18710,14263480.00,10.99,-10.09,-0.45,5.69
2006-08-07,3.94,3.51,3.96,3.48,15657,10784935.00,11.97,-12.47,-0.50,4.77
2006-08-08,3.52,3.67,3.75,3.52,11745,7982060.00,6.55,4.56,0.16,3.58
2006-08-09,3.68,3.58,3.70,3.53,8510,5740518.00,4.63,-2.45,-0.09,2.59
2006-08-10,3.54,3.73,3.83,3.51,10145,6958083.00,8.94,4.19,0.15,3.09
2006-08-11,3.78,3.68,3.78,3.63,4735,3249296.00,4.02,-1.34,-0.05,1.44
2006-08-14,3.68,3.42,3.74,3.41,8022,5314918.00,8.97,-7.07,-0.26,2.44
2006-08-15,3.42,3.48,3.51,3.40,5963,3918903.00,3.22,1.75,0.06,1.81
2006-08-16,3.47,3.49,3.55,3.42,6824,4515532.00,3.74,0.29,0.01,2.08
2006-08-17,3.49,3.61,3.67,3.45,9049,6105868.00,6.30,3.44,0.12,2.75
2006-08-18,3.62,3.51,3.62,3.48,5095,3393698.00,3.88,-2.77,-0.10,1.55
2006-08-21,3.41,3.46,3.46,3.24,5384,3463090.00,6.27,-1.42,-0.05,1.64
2006-08-22,3.45,3.47,3.56,3.38,5806,3837507.00,5.20,0.29,0.01,1.77
2006-08-23,3.47,3.41,3.51,3.38,5730,3743036.00,3.75,-1.73,-0.06,1.74
2006-08-24,3.41,3.41,3.41,3.32,6964,4486583.00,2.64,0.00,0.00,2.12
2006-08-25,3.41,3.42,3.47,3.40,6050,3943733.00,2.05,0.29,0.01,1.84
2006-08-28,3.42,3.57,3.58,3.42,9423,6282269.00,4.68,4.39,0.15,2.87
2006-08-29,3.61,3.58,3.64,3.52,10182,6855459.00,3.36,0.28,0.01,3.10
2006-08-30,3.57,3.54,3.57,3.45,5513,3665057.00,3.35,-1.12,-0.04,1.68
2006-08-31,3.57,3.60,3.60,3.51,7766,5206288.00,2.54,1.69,0.06,2.36
2006-09-01,3.63,3.44,3.63,3.37,6761,4469443.00,7.22,-4.44,-0.16,2.06
2006-09-04,3.44,3.51,3.54,3.41,3099,2050756.00,3.78,2.03,0.07,0.94
2006-09-05,3.53,3.52,3.55,3.48,3780,2504630.00,1.99,0.28,0.01,1.15
2006-09-06,3.51,3.51,3.52,3.45,5463,3602971.00,1.99,-0.28,-0.01,1.66
2006-09-07,3.50,3.46,3.54,3.44,3595,2368981.00,2.85,-1.42,-0.05,1.09
2006-09-08,3.42,3.45,3.48,3.42,2364,1548194.00,1.73,-0.29,-0.01,0.72
2006-09-11,3.45,3.43,3.48,3.37,3847,2498015.00,3.19,-0.58,-0.02,1.17
2006-09-12,3.44,3.45,3.48,3.41,2731,1789731.00,2.04,0.58,0.02,0.83
2006-09-13,3.45,3.39,3.46,3.38,3791,2466693.00,2.32,-1.74,-0.06,1.15
2006-09-14,3.39,3.36,3.42,3.31,4297,2750954.00,3.24,-0.88,-0.03,1.31
2006-09-15,3.35,3.38,3.42,3.33,5495,3542322.00,2.68,0.60,0.02,1.67
2006-09-18,3.39,3.54,3.58,3.39,9612,6376873.00,5.62,4.73,0.16,2.93
2006-09-19,3.54,3.51,3.56,3.48,6017,4005824.00,2.26,-0.85,-0.03,1.83
2006-09-20,3.50,3.49,3.50,3.43,4288,2824046.00,1.99,-0.57,-0.02,1.31
2006-09-21,3.48,3.62,3.63,3.45,10426,6972673.00,5.16,3.72,0.13,3.17
2006-09-22,3.60,3.68,3.73,3.53,18226,12418840.00,5.52,1.66,0.06,5.55
2006-09-25,3.65,3.74,3.74,3.63,10726,7372061.00,2.99,1.63,0.06,3.26
2006-09-26,3.66,3.97,4.01,3.65,43852,31297953.00,9.63,6.15,0.23,13.35
2006-09-27,3.95,3.86,3.95,3.80,14298,10159171.00,3.78,-2.77,-0.11,4.35
2006-09-28,3.83,3.72,3.86,3.70,12154,8443849.00,4.15,-3.63,-0.14,3.70
2006-09-29,3.72,3.77,3.79,3.70,8935,6178908.00,2.42,1.34,0.05,2.72
2006-10-09,3.79,3.82,3.85,3.71,9845,6884616.00,3.71,1.33,0.05,3.00
2006-10-10,3.86,3.72,3.86,3.70,9202,6392987.00,4.19,-2.62,-0.10,2.80
2006-10-11,3.75,3.79,3.84,3.65,7400,5126981.00,5.11,1.88,0.07,2.25
2006-10-12,3.80,3.71,3.82,3.69,4990,3446950.00,3.43,-2.11,-0.08,1.52
2006-10-13,3.70,3.78,3.80,3.63,11605,8078555.00,4.58,1.89,0.07,3.53
2006-10-16,3.76,3.82,3.84,3.72,7748,5439530.00,3.17,1.06,0.04,2.36
2006-10-17,3.82,3.86,3.89,3.77,9893,6993106.00,3.14,1.05,0.04,3.01
2006-10-18,3.85,3.82,3.85,3.77,3256,2286792.00,2.07,-1.04,-0.04,0.99
2006-10-19,3.86,3.92,3.92,3.84,9011,6426687.00,2.09,2.62,0.10,2.74
2006-10-20,3.90,3.98,3.99,3.80,14449,10355163.00,4.85,1.53,0.06,4.40
2006-10-23,3.98,3.90,4.10,3.85,24028,17391261.00,6.28,-2.01,-0.08,7.31
2006-10-24,3.79,3.91,4.02,3.79,37411,27083484.00,5.90,0.26,0.01,11.39
2006-10-25,3.92,3.63,3.94,3.63,17295,12001346.00,7.93,-7.16,-0.28,5.26
2006-10-26,3.33,3.41,3.60,3.33,9976,6528294.00,7.44,-6.06,-0.22,3.04
2006-10-27,3.41,3.20,3.45,3.17,14692,9237448.00,8.21,-6.16,-0.21,4.47
2006-10-30,3.18,3.29,3.30,3.07,10188,6307288.00,7.19,2.81,0.09,3.10
2006-10-31,3.29,3.29,3.33,3.18,6317,4000556.00,4.56,0.00,0.00,1.92
2006-11-01,3.29,3.23,3.29,3.18,7160,4468214.00,3.34,-1.82,-0.06,2.18
2006-11-02,3.23,3.25,3.31,3.18,4892,3051443.00,4.02,0.62,0.02,1.49
2006-11-03,3.26,3.28,3.32,3.23,6073,3832639.00,2.77,0.92,0.03,1.85
2006-11-06,3.29,3.22,3.29,3.18,7559,4718764.00,3.35,-1.83,-0.06,2.30
2006-11-07,3.22,3.21,3.24,3.18,3825,2378984.00,1.86,-0.31,-0.01,1.16
2006-11-08,3.22,3.13,3.22,3.10,5331,3271820.00,3.74,-2.49,-0.08,1.62
2006-11-09,3.13,3.21,3.25,3.10,6944,4301733.00,4.79,2.56,0.08,2.11
2006-11-10,3.23,3.10,3.24,3.09,5083,3119528.00,4.67,-3.43,-0.11,1.55
2006-11-13,3.09,2.95,3.11,2.82,6169,3639809.00,9.35,-4.84,-0.15,1.88
2006-11-14,2.95,2.89,2.95,2.81,3442,1984271.00,4.75,-2.03,-0.06,1.05
2006-11-15,2.88,2.99,3.00,2.84,4121,2413389.00,5.54,3.46,0.10,1.25
2006-11-16,2.99,2.97,3.14,2.91,5986,3555858.00,7.69,-0.67,-0.02,1.82
2006-11-17,2.92,3.00,3.02,2.92,3071,1823275.00,3.37,1.01,0.03,0.93
2006-11-20,2.96,3.10,3.17,2.92,4977,2995401.00,8.33,3.33,0.10,1.51
2006-11-21,3.03,3.25,3.29,3.03,22458,14082778.00,8.39,4.84,0.15,6.84
2006-11-22,3.26,3.28,3.31,3.17,17162,10796293.00,4.31,0.92,0.03,5.22
2006-11-23,3.29,3.16,3.29,3.13,6659,4123383.00,4.88,-3.66,-0.12,2.03
2006-11-24,3.12,3.08,3.12,3.00,9914,5959694.00,3.80,-2.53,-0.08,3.02
2006-11-27,3.12,3.13,3.15,2.99,6936,4225377.00,5.19,1.62,0.05,2.11
2006-11-28,3.14,3.13,3.16,3.07,6534,3998581.00,2.88,0.00,0.00,1.99
2006-11-29,3.10,3.16,3.17,3.05,5762,3529691.00,3.83,0.96,0.03,1.75
2006-11-30,3.15,3.25,3.27,3.11,12374,7683205.00,5.06,2.85,0.09,3.77
2006-12-01,3.25,3.23,3.34,3.23,22018,13932105.00,3.38,-0.62,-0.02,6.70
2006-12-04,3.17,3.17,3.22,3.09,14905,9192356.00,4.02,-1.86,-0.06,4.54
2006-12-05,3.18,3.21,3.25,3.12,15093,9378071.00,4.10,1.26,0.04,4.59
2006-12-06,3.21,3.21,3.28,3.13,14680,9137379.00,4.67,0.00,0.00,4.47
2006-12-07,3.17,3.23,3.32,3.17,28231,17765180.00,4.67,0.62,0.02,8.59
2006-12-08,3.24,2.93,3.24,2.92,14363,8741476.00,9.91,-9.29,-0.30,4.37
2006-12-11,2.90,2.99,3.00,2.88,7815,4598712.00,4.10,2.05,0.06,2.38
2006-12-12,3.01,2.95,3.01,2.92,8336,4909100.00,3.01,-1.34,-0.04,2.54
2006-12-13,2.94,2.95,2.98,2.92,5071,2986450.00,2.03,0.00,0.00,1.54
2006-12-14,2.94,2.97,3.00,2.92,6006,3548150.00,2.71,0.68,0.02,1.83
2006-12-15,2.98,2.98,2.99,2.93,7784,4599699.00,2.02,0.34,0.01,2.37
2006-12-18,3.02,3.04,3.09,2.95,11451,6863917.00,4.70,2.01,0.06,3.49
2006-12-19,3.03,3.08,3.15,2.97,13330,8054533.00,5.92,1.32,0.04,4.06
2006-12-20,3.08,3.12,3.14,3.04,15559,9481958.00,3.25,1.30,0.04,4.74
2006-12-21,3.04,2.93,3.07,2.87,98349,57636027.00,6.41,-6.09,-0.19,7.64
2006-12-22,2.92,2.90,2.92,2.84,31853,18462832.00,2.73,-1.02,-0.03,2.48
2006-12-25,2.90,2.87,2.94,2.84,34174,19864226.00,3.45,-1.03,-0.03,2.66
2006-12-26,2.88,2.63,2.88,2.63,48443,27202572.00,8.71,-8.36,-0.24,3.76
2006-12-27,2.63,2.58,2.70,2.57,35855,19523131.00,4.94,-1.90,-0.05,2.79
2006-12-28,2.58,2.37,2.58,2.26,47203,24431299.00,12.40,-8.14,-0.21,3.67
2006-12-29,2.37,2.40,2.48,2.33,22347,11566914.00,6.33,1.27,0.03,1.74