2013-01-04,5.28,5.20,5.31,5.08,23788,15308779.00,4.37,-1.14,-0.06,0.75
2013-01-07,5.15,5.37,5.40,5.10,50001,32809638.00,5.77,3.27,0.17,1.57
2013-01-08,5.33,5.53,5.65,5.28,75112,50307708.00,6.89,2.98,0.16,2.36
2013-01-09,5.50,5.49,5.69,5.38,62091,42313057.00,5.61,-0.72,-0.04,1.95
2013-01-10,5.47,5.56,5.62,5.42,35129,23793509.00,3.64,1.28,0.07,1.10
2013-01-11,5.55,5.31,5.56,5.27,28074,18730218.00,5.22,-4.50,-0.25,0.88
2013-01-14,5.28,5.54,5.65,5.25,53141,35649201.00,7.53,4.33,0.23,1.67
2013-01-15,5.55,5.84,5.91,5.51,83119,58377227.00,7.22,5.42,0.30,2.61
2013-01-16,5.75,6.00,6.20,5.71,93282,67453622.00,8.39,2.74,0.16,2.93
2013-01-17,5.97,6.02,6.05,5.74,75287,53971408.00,5.17,0.33,0.02,2.36
2013-01-18,5.99,6.16,6.25,5.90,68678,50642151.00,5.81,2.33,0.14,2.16
2013-01-21,6.26,6.45,6.65,6.10,121756,93372596.00,8.93,4.71,0.29,3.82
2013-01-22,6.30,6.46,6.75,6.18,83405,63581521.00,8.84,0.16,0.01,2.62
2013-01-23,6.48,6.33,6.59,6.21,82062,62606885.00,5.88,-2.01,-0.13,2.58
2013-01-24,6.34,6.16,6.40,5.90,62931,46394791.00,7.90,-2.69,-0.17,1.98
2013-01-25,6.08,6.15,6.25,5.99,34763,25628396.00,4.22,-0.16,-0.01,1.09
2013-01-28,6.15,6.34,6.35,6.10,84825,63925144.00,4.07,3.09,0.19,2.66
2013-01-29,6.33,6.37,6.48,6.24,51104,38845032.00,3.79,0.47,0.03,1.60
2013-01-30,6.44,6.29,6.44,6.20,47766,36050768.00,3.77,-1.26,-0.08,1.50
2013-01-31,6.25,6.47,6.55,6.11,97900,74926247.00,7.00,2.86,0.18,3.07
2013-02-01,6.47,6.62,6.96,6.37,132446,104960414.00,9.12,2.32,0.15,4.16
2013-02-04,6.55,6.70,6.85,6.46,102754,81410923.00,5.89,1.21,0.08,3.23
2013-02-05,6.70,6.68,6.94,6.59,98259,78571269.00,5.22,-0.30,-0.02,3.08
2013-02-06,6.61,6.51,6.64,6.47,26970,20969280.00,2.54,-2.54,-0.17,0.85
2013-02-07,6.51,6.47,6.53,6.44,15044,11637669.00,1.38,-0.61,-0.04,0.47
2013-02-08,6.55,6.53,6.66,6.51,22930,17939701.00,2.32,0.93,0.06,0.72
2013-02-18,6.50,6.85,7.10,6.42,109942,88549185.00,10.41,4.90,0.32,3.45
2013-02-19,6.83,6.74,7.00,6.67,61911,49722743.00,4.82,-1.61,-0.11,1.94
2013-02-20,6.75,6.85,6.91,6.66,68531,55195025.00,3.71,1.63,0.11,2.15
2013-02-21,6.83,6.72,6.87,6.43,57484,45592694.00,6.42,-1.90,-0.13,1.80
2013-02-22,6.75,6.69,6.75,6.61,36193,28805413.00,2.08,-0.45,-0.03,1.14
2013-02-25,6.69,6.81,6.90,6.61,57467,46012083.00,4.33,1.79,0.12,1.80
2013-02-26,6.81,6.78,7.03,6.70,94039,76011812.00,4.85,-0.44,-0.03,2.95
2013-02-27,6.65,6.88,7.58,6.65,115740,94584471.00,13.72,1.47,0.10,3.63
2013-02-28,6.89,6.85,7.00,6.66,80072,64915809.00,4.94,-0.44,-0.03,2.51
2013-03-01,6.87,6.89,7.05,6.73,74673,60619108.00,4.67,0.58,0.04,2.34
2013-03-04,6.75,6.75,6.88,6.55,49055,39072245.00,4.79,-2.03,-0.14,1.54
2013-03-05,6.80,6.69,6.81,6.54,78025,61795721.00,4.00,-0.89,-0.06,2.45
2013-03-06,6.68,6.45,6.72,6.41,95669,74330257.00,4.63,-3.59,-0.24,3.00
2013-03-07,6.45,6.40,6.50,6.27,49756,38047008.00,3.57,-0.78,-0.05,1.56
2013-03-08,6.40,6.35,6.55,6.32,42170,32395067.00,3.59,-0.78,-0.05,1.32
2013-03-11,6.35,6.13,6.35,6.06,34868,25875983.00,4.57,-3.46,-0.22,1.09
2013-03-12,6.13,6.00,6.19,5.87,38863,28228515.00,5.22,-2.12,-0.13,1.22
2013-03-13,6.00,6.00,6.03,5.89,16803,12135982.00,2.33,0.00,0.00,0.53
2013-03-14,6.00,5.93,6.06,5.90,14261,10328410.00,2.67,-1.17,-0.07,0.45
2013-03-15,5.95,5.90,6.06,5.84,16972,12213435.00,3.71,-0.51,-0.03,0.53
2013-03-18,5.86,5.85,5.93,5.83,10158,7226456.00,1.69,-0.85,-0.05,0.32
2013-03-19,5.86,5.74,5.89,5.63,18738,13085548.00,4.44,-1.88,-0.11,0.59
2013-03-20,5.75,5.99,5.99,5.74,20497,14641110.00,4.36,4.36,0.25,0.64
2013-03-21,5.96,5.99,6.02,5.92,19291,13946151.00,1.67,0.00,0.00,0.61
2013-03-22,5.98,6.06,6.08,5.92,18500,13453729.00,2.67,1.17,0.07,0.58
2013-03-25,6.05,6.03,6.09,5.99,10945,7974775.00,1.65,-0.50,-0.03,0.34
2013-03-26,6.01,5.89,6.05,5.79,22695,16201453.00,4.31,-2.32,-0.14,0.71
2013-03-27,5.90,5.94,6.02,5.88,14900,10709757.00,2.38,0.85,0.05,0.47
2013-03-28,5.88,5.64,5.88,5.64,17523,12235380.00,4.04,-5.05,-0.30,0.55
2013-03-29,5.70,5.51,5.70,5.50,14426,9850416.00,3.55,-2.30,-0.13,0.45
2013-04-01,5.50,5.53,5.69,5.41,6851,4657576.00,5.08,0.36,0.02,0.22
2013-04-02,5.53,5.62,5.69,5.51,9817,6708777.00,3.25,1.63,0.09,0.31
2013-04-03,5.64,5.52,5.64,5.50,6524,4438784.00,2.49,-1.78,-0.10,0.20
2013-04-08,5.50,5.45,5.50,5.35,10498,6994427.00,2.72,-1.27,-0.07,0.33
2013-04-09,5.48,5.63,5.64,5.46,12311,8417254.00,3.30,3.30,0.18,0.39
2013-04-10,5.63,5.60,5.70,5.56,9673,6652527.00,2.49,-0.53,-0.03,0.30
2013-04-11,5.60,5.64,5.68,5.60,9194,6328242.00,1.43,0.71,0.04,0.29
2013-04-12,5.64,5.56,5.67,5.54,7621,5222609.00,2.30,-1.42,-0.08,0.24
2013-04-15,5.62,5.95,6.13,5.56,65300,46947061.00,10.25,7.01,0.39,2.05
2013-04-16,5.88,6.14,6.23,5.81,66502,48934997.00,7.06,3.19,0.19,2.09
2013-04-17,6.14,6.11,6.14,5.95,40901,29809574.00,3.09,-0.49,-0.03,1.28
2013-04-18,6.08,5.98,6.08,5.96,26116,18926706.00,1.96,-2.13,-0.13,0.82
2013-04-19,5.97,6.03,6.07,5.96,32131,23349669.00,1.84,0.84,0.05,1.01
2013-04-22,5.97,6.00,6.05,5.90,22770,16454534.00,2.49,-0.50,-0.03,0.71
2013-04-23,5.99,5.60,6.00,5.59,26687,18760825.00,6.83,-6.67,-0.40,0.84
2013-04-24,5.60,5.67,5.71,5.53,16158,11109521.00,3.21,1.25,0.07,0.51
2013-04-25,5.67,5.40,5.70,5.39,15568,10581518.00,5.47,-4.76,-0.27,0.49
2013-04-26,5.43,5.21,5.49,5.13,18464,12058942.00,6.67,-3.52,-0.19,0.58
2013-05-02,5.15,5.29,5.32,5.15,6639,4335075.00,3.26,1.54,0.08,0.21
2013-05-03,5.26,5.36,5.44,5.26,9268,6140617.00,3.40,1.32,0.07,0.29
2013-05-06,5.36,5.45,5.52,5.36,8972,6015930.00,2.99,1.68,0.09,0.28
2013-05-07,5.46,5.46,5.51,5.43,8377,5621238.00,1.47,0.18,0.01,0.26
2013-05-08,5.46,5.53,5.65,5.46,10097,6854471.00,3.48,1.28,0.07,0.32
2013-05-09,5.46,5.39,5.56,5.31,11528,7673717.00,4.52,-2.53,-0.14,0.36
2013-05-10,5.36,5.52,5.54,5.36,13524,9103359.00,3.34,2.41,0.13,0.42
2013-05-13,5.53,5.60,5.62,5.53,14079,9621431.00,1.63,1.45,0.08,0.44
2013-05-14,5.58,5.74,5.80,5.51,34541,23988038.00,5.18,2.50,0.14,1.08
2013-05-15,5.73,5.74,5.84,5.64,18743,13099363.00,3.48,0.00,0.00,0.59
2013-05-16,5.68,5.71,5.78,5.67,25882,18040493.00,1.92,-0.52,-0.03,0.81
2013-05-17,5.73,5.80,5.83,5.65,33161,23201072.00,3.15,1.58,0.09,1.04
2013-05-20,5.80,5.88,5.90,5.73,28801,20394723.00,2.93,1.38,0.08,0.90
2013-05-21,5.90,5.90,5.91,5.80,26857,19081150.00,1.87,0.34,0.02,0.84
2013-05-22,5.88,5.88,6.04,5.87,28081,20218085.00,2.88,-0.34,-0.02,0.88
2013-05-23,5.89,5.78,5.90,5.76,22285,15791677.00,2.38,-1.70,-0.10,0.70
2013-05-24,5.82,5.88,5.89,5.75,15343,10849787.00,2.42,1.73,0.10,0.48
2013-05-27,5.85,5.89,5.97,5.82,19659,14020144.00,2.55,0.17,0.01,0.62
2013-05-28,5.91,5.94,5.96,5.82,26273,18767172.00,2.38,0.85,0.05,0.82
2013-05-29,5.94,6.01,6.05,5.93,34011,24597264.00,2.02,1.18,0.07,1.07
2013-05-30,5.96,6.07,6.09,5.96,27810,20273612.00,2.16,1.00,0.06,0.87
2013-05-31,6.08,5.98,6.09,5.98,20710,15068250.00,1.81,-1.48,-0.09,0.65
2013-06-03,5.95,5.99,6.01,5.92,16070,11605662.00,1.51,0.17,0.01,0.50
2013-06-04,5.91,5.79,5.98,5.71,23986,16919298.00,4.51,-3.34,-0.20,0.75
2013-06-05,5.81,5.74,5.84,5.65,14469,10065046.00,3.28,-0.86,-0.05,0.45
2013-06-06,5.72,5.63,5.73,5.58,11507,7919010.00,2.61,-1.92,-0.11,0.36
2013-06-07,5.62,5.48,5.71,5.44,10218,6963418.00,4.80,-2.66,-0.15,0.32
2013-06-13,5.46,5.09,5.46,5.05,19417,12398490.00,7.48,-7.12,-0.39,0.61
2013-06-14,5.09,5.17,5.19,5.09,8917,5696470.00,1.96,1.57,0.08,0.28
2013-06-17,5.16,5.19,5.25,5.11,10752,6916861.00,2.71,0.39,0.02,0.34
2013-06-18,5.23,5.23,5.26,5.14,7159,4617087.00,2.31,0.77,0.04,0.22
2013-06-19,5.23,5.34,5.39,5.02,16014,10297292.00,7.07,2.10,0.11,0.50
2013-06-20,5.25,5.10,5.42,5.05,16478,10733074.00,6.93,-4.49,-0.24,0.52
2013-06-21,5.05,4.90,5.05,4.83,10585,6530787.00,4.31,-3.92,-0.20,0.33
2013-06-24,4.91,4.33,4.91,4.29,26823,15463410.00,12.65,-11.63,-0.57,0.84
2013-06-25,4.33,4.20,4.35,3.78,18685,9985651.00,13.16,-3.00,-0.13,0.59
2013-06-26,4.20,4.23,4.28,4.12,11742,6401246.00,3.81,0.71,0.03,0.37
2013-06-27,4.24,4.11,4.33,4.08,16898,9200325.00,5.91,-2.84,-0.12,0.53
2013-06-28,4.11,4.17,4.21,3.97,9022,4846795.00,5.84,1.46,0.06,0.28
2013-07-01,4.48,4.49,4.67,4.38,46268,26097265.00,6.95,7.67,0.32,1.45
2013-07-02,4.35,4.44,4.49,4.33,22262,12334747.00,3.56,-1.11,-0.05,0.70
2013-07-03,4.39,4.60,4.63,4.35,25145,14105465.00,6.31,3.60,0.16,0.79
2013-07-04,4.50,4.63,4.74,4.47,29211,16765090.00,5.87,0.65,0.03,0.92
2013-07-05,4.60,4.57,4.70,4.50,16199,9260117.00,4.32,-1.30,-0.06,0.51
2013-07-08,4.54,4.19,4.54,4.15,12249,6619415.00,8.53,-8.32,-0.38,0.38
2013-07-09,4.16,4.22,4.26,4.14,6294,3364765.00,2.86,0.72,0.03,0.20
2013-07-10,4.21,4.43,4.45,4.21,11888,6504383.00,5.69,4.98,0.21,0.37
2013-07-11,4.47,4.62,4.67,4.41,24725,14135657.00,5.87,4.29,0.19,0.78
2013-07-12,4.60,4.55,4.67,4.53,16888,9660991.00,3.03,-1.52,-0.07,0.53
2013-07-15,4.54,4.68,4.68,4.54,11075,6389647.00,3.08,2.86,0.13,0.35
2013-07-16,4.68,4.73,4.76,4.61,12253,7133236.00,3.21,1.07,0.05,0.38
2013-07-17,4.74,4.62,4.74,4.61,12011,6966022.00,2.75,-2.33,-0.11,0.38
2013-07-18,4.55,4.58,4.63,4.50,9508,5409086.00,2.81,-0.87,-0.04,0.30
2013-07-19,4.56,4.56,4.72,4.51,15801,9097350.00,4.59,-0.44,-0.02,0.50
2013-07-22,4.45,4.60,4.62,4.37,13049,7339380.00,5.48,0.88,0.04,0.41
2013-07-23,4.60,4.83,4.85,4.57,26433,15560698.00,6.09,5.00,0.23,0.83
2013-07-24,4.76,4.74,4.81,4.67,18724,10965893.00,2.90,-1.86,-0.09,0.59
2013-07-25,4.69,4.67,4.74,4.62,10903,6332246.00,2.53,-1.48,-0.07,0.34
2013-07-26,4.69,4.86,4.89,4.60,31193,18481511.00,6.21,4.07,0.19,0.98
2013-07-29,4.84,4.80,4.95,4.68,30115,17924247.00,5.56,-1.23,-0.06,0.95
2013-07-30,4.88,4.91,5.12,4.86,39795,24262223.00,5.42,2.29,0.11,1.25
2013-07-31,5.14,5.03,5.14,4.91,34995,21440792.00,4.68,2.44,0.12,1.10
2013-08-01,4.93,5.03,5.06,4.93,26806,16404475.00,2.58,0.00,0.00,0.84
2013-08-02,5.00,4.92,5.02,4.87,21163,12860124.00,2.98,-2.19,-0.11,0.66
2013-08-05,4.90,4.95,4.99,4.85,12802,7761617.00,2.85,0.61,0.03,0.40
2013-08-06,4.93,4.99,5.00,4.87,13398,8147552.00,2.63,0.81,0.04,0.42
2013-08-07,4.97,4.90,4.98,4.87,15019,9091224.00,2.20,-1.80,-0.09,0.47
2013-08-08,4.89,4.89,4.94,4.86,8668,5235050.00,1.63,-0.20,-0.01,0.27
2013-08-09,4.92,4.89,4.92,4.80,12468,7492728.00,2.45,0.00,0.00,0.39
2013-08-12,4.90,5.00,5.02,4.90,15145,9248540.00,2.45,2.25,0.11,0.48
2013-08-13,4.96,5.07,5.07,4.96,19528,11996388.00,2.20,1.40,0.07,0.61
2013-08-14,5.07,5.07,5.11,5.01,18099,11217847.00,1.97,0.00,0.00,0.57
2013-08-15,5.05,5.01,5.09,5.00,12806,7896816.00,1.78,-1.18,-0.06,0.40
2013-08-16,4.97,4.89,5.10,4.89,12408,7605896.00,4.19,-2.40,-0.12,0.39
2013-08-19,4.87,4.99,4.99,4.80,12674,7634002.00,3.89,2.04,0.10,0.40
2013-08-20,4.99,4.93,5.02,4.89,11304,6878758.00,2.61,-1.20,-0.06,0.35
2013-08-21,4.94,4.92,4.95,4.89,7802,4715041.00,1.22,-0.20,-0.01,0.24
2013-08-22,4.92,4.88,4.95,4.87,10542,6371532.00,1.63,-0.81,-0.04,0.33
2013-08-23,4.91,5.03,5.05,4.86,21221,12928657.00,3.89,3.07,0.15,0.67
2013-08-26,5.06,5.28,5.33,5.01,43762,27738093.00,6.36,4.97,0.25,1.37
2013-08-27,5.28,5.67,5.76,5.24,96180,64927651.00,9.85,7.39,0.39,3.02
2013-08-28,5.57,5.69,5.95,5.47,84223,57877123.00,8.47,0.35,0.02,2.64
2013-08-29,5.62,5.44,5.64,5.29,45177,29804285.00,6.15,-4.39,-0.25,1.42
2013-08-30,5.40,5.56,5.72,5.40,49585,33367958.00,5.88,2.21,0.12,1.56
2013-09-02,5.54,5.38,5.60,5.25,25027,16252594.00,6.29,-3.24,-0.18,0.79
2013-09-03,5.38,5.42,5.45,5.33,21170,13791686.00,2.23,0.74,0.04,0.66
2013-09-04,5.38,5.65,5.70,5.37,45819,30740934.00,6.09,4.24,0.23,1.44
2013-09-05,5.62,5.73,5.80,5.53,43248,29434020.00,4.78,1.42,0.08,1.36
2013-09-06,5.78,5.82,6.02,5.68,69549,48482608.00,5.93,1.57,0.09,2.18
2013-09-09,5.86,5.76,5.93,5.74,56304,39131001.00,3.26,-1.03,-0.06,1.77
2013-09-10,5.80,6.00,6.11,5.77,65434,46458761.00,5.90,4.17,0.24,2.05
2013-09-11,6.01,6.07,6.15,5.75,74900,53210510.00,6.67,1.17,0.07,2.35
2013-09-12,6.07,5.98,6.10,5.94,27647,19728640.00,2.64,-1.48,-0.09,0.87
2013-09-13,5.95,5.75,5.98,5.69,45014,31336276.00,4.85,-3.85,-0.23,1.41
2013-09-16,5.77,5.69,5.89,5.69,25060,17333913.00,3.48,-1.04,-0.06,0.79
2013-09-17,5.70,5.46,5.75,5.45,36893,24740345.00,5.27,-4.04,-0.23,1.16
2013-09-18,5.65,6.12,6.12,5.65,127294,91853347.00,8.61,12.09,0.66,4.00
2013-09-23,6.30,6.48,6.85,6.26,219228,166238740.00,9.64,5.88,0.36,6.88
2013-09-24,6.30,6.40,6.46,6.17,110046,82110237.00,4.48,-1.23,-0.08,3.45
2013-09-25,6.34,6.29,6.37,6.17,74439,55035290.00,3.13,-1.72,-0.11,2.34
2013-09-26,6.19,5.75,6.23,5.68,56339,39845339.00,8.74,-8.59,-0.54,1.77
2013-09-27,5.68,5.71,5.81,5.67,21664,14913571.00,2.43,-0.70,-0.04,0.68
2013-09-30,5.66,5.68,5.81,5.63,25906,17697901.00,3.15,-0.53,-0.03,0.81
2013-10-08,5.68,5.80,5.81,5.60,35094,23927331.00,3.70,2.11,0.12,1.10
2013-10-09,5.78,5.83,5.85,5.69,32869,22683173.00,2.76,0.52,0.03,1.03
2013-10-10,5.84,5.71,5.84,5.68,29580,20349717.00,2.74,-2.06,-0.12,0.93
2013-10-11,5.72,6.04,6.07,5.71,64417,45644432.00,6.30,5.78,0.33,2.02
2013-10-14,6.10,6.07,6.19,5.98,43442,31268669.00,3.48,0.50,0.03,1.36
2013-10-15,6.07,6.26,6.27,5.92,67787,49262863.00,5.77,3.13,0.19,2.13
2013-10-16,6.17,6.00,6.22,5.83,43765,31289043.00,6.23,-4.15,-0.26,1.37
2013-10-17,6.01,6.01,6.17,5.97,32767,23527864.00,3.33,0.17,0.01,1.03
2013-10-18,5.98,6.04,6.10,5.96,19128,13676115.00,2.33,0.50,0.03,0.60
2013-10-21,6.06,6.21,6.23,6.00,38553,27989595.00,3.81,2.81,0.17,1.21
2013-10-22,6.19,6.04,6.22,6.02,28891,20937725.00,3.22,-2.74,-0.17,0.91
2013-10-23,6.14,6.06,6.31,5.88,48795,35442342.00,7.12,0.33,0.02,1.53
2013-10-24,5.93,5.68,5.94,5.65,36171,24885764.00,4.79,-6.27,-0.38,1.14
2013-10-25,5.69,5.48,5.70,5.42,22287,14920752.00,4.93,-3.52,-0.20,0.70
2013-10-28,5.38,5.26,5.47,5.17,23259,14923830.00,5.47,-4.01,-0.22,0.73
2013-10-29,5.26,4.97,5.34,4.78,25452,15627296.00,10.65,-5.51,-0.29,0.80
2013-10-30,4.97,5.08,5.10,4.89,10793,6628347.00,4.23,2.21,0.11,0.34
2013-10-31,5.08,5.38,5.70,5.01,41035,26818665.00,13.58,5.91,0.30,1.29
2013-11-01,5.29,5.22,5.39,5.07,22988,14576674.00,5.95,-2.97,-0.16,0.72
2013-11-04,5.23,5.23,5.31,5.16,10588,6748103.00,2.87,0.19,0.01,0.33
2013-11-05,5.18,5.25,5.28,5.13,9961,6326879.00,2.87,0.38,0.02,0.31
2013-11-06,5.22,5.16,5.33,5.13,15634,9923041.00,3.81,-1.71,-0.09,0.49
2013-11-07,5.12,5.03,5.16,4.99,9094,5659604.00,3.29,-2.52,-0.13,0.29
2013-11-08,4.99,5.00,5.08,4.93,10285,6313177.00,2.98,-0.60,-0.03,0.32
2013-11-11,5.01,4.99,5.02,4.91,5761,3520736.00,2.20,-0.20,-0.01,0.18
2013-11-12,5.02,5.12,5.14,5.00,8204,5087719.00,2.81,2.61,0.13,0.26
2013-11-13,5.08,4.98,5.11,4.94,6955,4285613.00,3.32,-2.73,-0.14,0.22
2013-11-14,4.98,5.03,5.07,4.84,8424,5129443.00,4.62,1.00,0.05,0.26
2013-11-15,5.05,5.17,5.22,5.04,16117,10164654.00,3.58,2.78,0.14,0.51
2013-11-18,5.21,5.31,5.33,5.15,15354,9825335.00,3.48,2.71,0.14,0.48
2013-11-19,5.32,5.30,5.34,5.23,12409,7950777.00,2.07,-0.19,-0.01,0.39
2013-11-20,5.28,5.34,5.35,5.25,12595,8095016.00,1.89,0.75,0.04,0.40
2013-11-21,5.30,5.31,5.35,5.26,11369,7322407.00,1.69,-0.56,-0.03,0.36
2013-11-22,5.33,5.30,5.36,5.28,9673,6240741.00,1.51,-0.19,-0.01,0.30
2013-11-25,5.32,5.36,5.44,5.27,20142,13077278.00,3.21,1.13,0.06,0.63
2013-11-26,5.45,5.43,5.56,5.40,29232,19327530.00,2.99,1.31,0.07,0.92
2013-11-27,5.38,5.46,5.49,5.38,12139,7980791.00,2.03,0.55,0.03,0.38
2013-11-28,5.51,5.54,5.66,5.47,30467,20431970.00,3.48,1.47,0.08,0.96
2013-11-29,5.56,5.55,5.58,5.51,12656,8445895.00,1.26,0.18,0.01,0.40
2013-12-02,5.48,5.12,5.48,4.94,20533,13085272.00,9.73,-7.75,-0.43,0.64
2013-12-03,5.15,5.26,5.31,5.12,11768,7466678.00,3.71,2.73,0.14,0.37
2013-12-04,5.27,5.45,5.50,5.22,21126,13836455.00,5.32,3.61,0.19,0.66
2013-12-05,5.45,5.55,5.61,5.41,26349,17524460.00,3.67,1.83,0.10,0.83
2013-12-06,5.52,5.58,5.64,5.48,22998,15373439.00,2.88,0.54,0.03,0.72
2013-12-09,5.60,5.66,5.79,5.60,26880,18354159.00,3.41,1.43,0.08,0.84
2013-12-10,5.75,6.34,6.34,5.69,64502,47785544.00,11.48,12.01,0.68,2.02
2013-12-11,6.50,6.47,6.76,5.87,208432,159628894.00,14.04,2.05,0.13,6.54
2013-12-12,6.30,7.23,7.23,6.30,112950,91351611.00,14.37,11.75,0.76,3.55
2013-12-13,7.23,6.91,7.23,6.76,172894,139848416.00,6.50,-4.43,-0.32,5.43
2013-12-16,6.91,6.63,6.98,6.42,116418,90376483.00,8.10,-4.05,-0.28,3.65
2013-12-17,6.56,6.39,6.70,6.36,81031,61881366.00,5.13,-3.62,-0.24,2.54
2013-12-18,6.43,6.11,6.46,6.05,68610,50256760.00,6.42,-4.38,-0.28,2.15
2013-12-19,6.15,6.03,6.18,6.01,40645,29326294.00,2.78,-1.31,-0.08,1.28
2013-12-20,6.00,6.05,6.29,5.97,54253,39251077.00,5.31,0.33,0.02,1.70
2013-12-23,6.03,5.83,6.07,5.69,44446,30903639.00,6.28,-3.64,-0.22,1.40
2013-12-24,5.78,5.74,5.90,5.67,36360,25165231.00,3.95,-1.54,-0.09,1.14
2013-12-25,5.77,5.88,5.89,5.69,39862,27699027.00,3.48,2.44,0.14,1.25
2013-12-26,5.87,5.62,5.87,5.55,41849,28680237.00,5.44,-4.42,-0.26,1.31
2013-12-27,5.57,5.72,5.75,5.48,26622,18085351.00,4.80,1.78,0.10,0.84
2013-12-30,5.73,5.87,5.88,5.73,34408,23898812.00,2.62,2.62,0.15,1.08
2013-12-31,5.82,5.95,6.05,5.78,38865,27394364.00,4.60,1.36,0.08,1.22