2023-01-03,6.04,6.18,6.22,6.01,64603,39656217.00,3.49,2.83,0.17,1.22
2023-01-04,6.23,6.14,6.23,6.11,41310,25461278.00,1.94,-0.65,-0.04,0.78
2023-01-05,6.18,6.19,6.23,6.15,36485,22556601.00,1.30,0.81,0.05,0.69
2023-01-06,6.23,6.25,6.34,6.18,75703,47577572.00,2.58,0.97,0.06,1.43
2023-01-09,6.28,6.34,6.40,6.28,66430,42219096.00,1.92,1.44,0.09,1.25
2023-01-10,6.32,6.25,6.35,6.23,42207,26475723.00,1.89,-1.42,-0.09,0.80
2023-01-11,6.28,6.18,6.28,6.17,45709,28433249.00,1.76,-1.12,-0.07,0.86
2023-01-12,6.17,6.22,6.29,6.17,31092,19383443.00,1.94,0.65,0.04,0.59
2023-01-13,6.23,6.21,6.26,6.17,28839,17893589.00,1.45,-0.16,-0.01,0.54
2023-01-16,6.22,6.28,6.32,6.17,47934,30070548.00,2.42,1.13,0.07,0.90
2023-01-17,6.32,6.33,6.34,6.26,38871,24528794.00,1.27,0.80,0.05,0.73
2023-01-18,6.34,6.33,6.39,6.29,36261,22960499.00,1.58,0.00,0.00,0.68
2023-01-19,6.30,6.39,6.42,6.29,45313,28896462.00,2.05,0.95,0.06,0.85
2023-01-20,6.40,6.44,6.46,6.40,40088,25807774.00,0.94,0.78,0.05,0.76
2023-01-30,6.54,6.55,6.60,6.48,67313,44104812.00,1.86,1.71,0.11,1.27
2023-01-31,6.41,6.50,6.52,6.33,85805,55380019.00,2.90,-0.76,-0.05,1.62
2023-02-01,6.50,6.57,6.62,6.47,58044,38012857.00,2.31,1.08,0.07,1.09
2023-02-02,6.59,6.52,6.61,6.51,46690,30555347.00,1.52,-0.76,-0.05,0.88
2023-02-03,6.54,6.47,6.54,6.42,50605,32711172.00,1.84,-0.77,-0.05,0.95
2023-02-06,6.45,6.48,6.53,6.42,33866,21969342.00,1.70,0.15,0.01,0.64
2023-02-07,6.48,6.54,6.55,6.45,57810,37564814.00,1.54,0.93,0.06,1.09
2023-02-08,6.55,6.52,6.59,6.51,59712,39093512.00,1.22,-0.31,-0.02,1.12
2023-02-09,6.54,6.57,6.58,6.48,72473,47511275.00,1.53,0.77,0.05,1.37
2023-02-10,6.56,6.59,6.60,6.52,65749,43136751.00,1.22,0.30,0.02,1.24
2023-02-13,6.58,6.59,6.66,6.57,62862,41523172.00,1.37,0.00,0.00,1.18
2023-02-14,6.60,6.80,6.83,6.57,176458,118572849.00,3.95,3.19,0.21,3.32
2023-02-15,6.75,6.73,6.81,6.70,84065,56703215.00,1.62,-1.03,-0.07,1.58
2023-02-16,6.73,6.72,6.78,6.68,37714,25279922.00,1.49,-0.15,-0.01,0.71