2019-01-02,28.40,28.26,29.22,28.13,33694,137196570.00,3.82,-1.02,-0.29,1.54
2019-01-03,28.34,26.77,28.34,26.56,49619,192227007.00,6.30,-5.27,-1.49,2.28
2019-01-04,26.27,27.57,27.58,26.14,34530,133445422.00,5.38,2.99,0.80,1.58
2019-01-07,27.82,28.29,28.61,27.81,41475,167003963.00,2.90,2.61,0.72,1.90
2019-01-08,28.69,27.99,28.69,27.62,31581,126091237.00,3.78,-1.06,-0.30,1.45
2019-01-09,27.97,28.13,28.95,27.79,49133,199741476.00,4.14,0.50,0.14,2.25
2019-01-10,28.13,28.67,29.34,28.04,49878,204334524.00,4.62,1.92,0.54,2.29
2019-01-11,28.99,29.20,29.66,28.92,48899,204129942.00,2.58,1.85,0.53,2.24
2019-01-14,29.12,28.29,29.12,28.06,30007,121401072.00,3.63,-3.12,-0.91,1.38
2019-01-15,28.17,28.58,28.68,27.88,29210,118126967.00,2.83,1.03,0.29,1.34
2019-01-16,28.56,28.64,29.09,28.33,23973,98111934.00,2.66,0.21,0.06,1.10
2019-01-17,28.56,28.12,28.59,28.02,25245,101746889.00,1.99,-1.82,-0.52,1.16
2019-01-18,28.29,27.93,28.44,27.27,38455,152090807.00,4.16,-0.68,-0.19,1.76
2019-01-21,28.24,28.23,28.98,27.79,54550,220150716.00,4.26,1.07,0.30,2.50
2019-01-22,27.93,27.15,28.25,27.06,53704,209467976.00,4.22,-3.83,-1.08,2.46
2019-01-23,27.16,26.81,27.25,26.60,31198,119328221.00,2.39,-1.25,-0.34,1.43
2019-01-24,26.90,27.32,27.48,26.38,45217,174761172.00,4.10,1.90,0.51,2.07
2019-01-25,27.26,26.70,27.26,26.42,56953,217282561.00,3.07,-2.27,-0.62,2.61
2019-01-28,27.35,27.11,27.82,26.77,55118,214674644.00,3.93,1.54,0.41,2.53
2019-01-29,27.09,26.55,27.12,26.24,42578,161117967.00,3.25,-2.07,-0.56,1.95
2019-01-30,26.42,26.45,26.95,26.27,30356,115181652.00,2.56,-0.38,-0.10,1.39
2019-01-31,26.58,26.84,27.24,26.38,50390,193023975.00,3.25,1.47,0.39,2.31
2019-02-01,27.08,28.70,28.70,26.97,81846,326071296.00,6.45,6.93,1.86,3.75
2019-02-11,28.76,29.80,29.81,28.42,86709,362084080.00,4.84,3.83,1.10,3.98
2019-02-12,29.57,29.71,29.90,29.39,53535,226064961.00,1.71,-0.30,-0.09,2.45
2019-02-13,29.74,31.22,31.55,29.63,96855,426383936.00,6.46,5.08,1.51,4.44
2019-02-14,31.13,31.55,31.99,30.20,74114,329508880.00,5.73,1.06,0.33,3.40
2019-02-15,31.34,31.42,31.82,31.17,54221,243388929.00,2.06,-0.41,-0.13,2.49
2019-02-18,31.60,32.70,33.03,31.60,70913,325386144.00,4.55,4.07,1.28,3.25
2019-02-19,32.67,32.09,32.69,31.61,70430,321526672.00,3.30,-1.87,-0.61,3.23
2019-02-20,31.84,31.68,31.98,31.28,49001,220710660.00,2.18,-1.28,-0.41,2.25
2019-02-21,31.74,33.92,34.90,31.74,155724,751651200.00,9.97,7.07,2.24,7.14
2019-02-22,33.41,37.36,37.36,33.40,134138,676667648.00,11.67,10.14,3.44,6.15
2019-02-25,39.84,41.06,41.14,39.77,152953,881535104.00,3.67,9.90,3.70,7.01
2019-02-26,40.27,39.13,40.92,38.56,135822,760261408.00,5.75,-4.70,-1.93,6.23
2019-02-27,38.49,38.12,39.20,37.84,81964,445823552.00,3.48,-2.58,-1.01,3.76
2019-02-28,37.97,38.42,38.83,37.45,54945,299904272.00,3.62,0.79,0.30,2.52
2019-03-01,38.62,38.34,38.96,37.56,50235,271215552.00,3.64,-0.21,-0.08,2.30
2019-03-04,38.63,38.67,40.32,38.07,93521,521158944.00,5.87,0.86,0.33,4.29
2019-03-05,38.75,40.13,40.19,38.20,84113,469288512.00,5.15,3.78,1.46,3.86
2019-03-06,41.22,43.42,44.19,41.22,140650,858607024.00,7.40,8.20,3.29,6.45
2019-03-07,43.06,41.89,43.06,40.67,85956,509704752.00,5.50,-3.52,-1.53,3.94
2019-03-08,40.19,41.20,45.48,39.49,91569,549740192.00,14.30,-1.65,-0.69,4.20
2019-03-11,42.34,43.90,44.12,41.73,68943,419616448.00,5.80,6.55,2.70,3.16
2019-03-12,44.85,43.56,45.20,42.89,73897,458982464.00,5.26,-0.77,-0.34,3.39
2019-03-13,42.31,41.70,43.45,41.06,65511,390422400.00,5.49,-4.27,-1.86,3.00
2019-03-14,41.09,41.19,42.31,39.85,59782,345981008.00,5.90,-1.22,-0.51,2.74
2019-03-15,41.21,40.98,41.98,40.63,34130,199080106.00,3.28,-0.51,-0.21,1.56
2019-03-18,41.33,41.82,41.88,39.71,41880,243634221.00,5.30,2.05,0.84,1.92
2019-03-19,41.63,41.12,42.68,40.92,39688,235148041.00,4.21,-1.67,-0.70,1.82
2019-03-20,40.92,40.64,41.56,39.92,34624,199099354.00,3.99,-1.17,-0.48,1.59
2019-03-21,40.77,40.78,41.72,40.67,38658,225590731.00,2.58,0.34,0.14,1.78
2019-03-22,40.92,41.55,41.55,39.92,37130,214340760.00,4.00,1.89,0.77,1.71
2019-03-25,40.24,40.13,41.06,40.05,36636,209862278.00,2.43,-3.42,-1.42,1.68
2019-03-26,40.28,37.39,40.56,36.94,78063,425229824.00,9.02,-6.83,-2.74,3.58
2019-03-27,37.80,37.27,38.04,36.76,45482,241789549.00,3.42,-0.32,-0.12,2.09
2019-03-28,37.76,38.43,40.21,37.74,64958,359191216.00,6.63,3.11,1.16,2.98
2019-03-29,38.12,39.13,39.54,37.97,53572,296401760.00,4.09,1.82,0.70,2.46
2019-04-01,40.06,40.72,41.07,39.39,64139,368007472.00,4.29,4.06,1.59,2.95
2019-04-02,41.05,39.92,41.27,39.92,52800,303401872.00,3.32,-1.96,-0.80,2.42
2019-04-03,39.69,39.69,39.76,38.79,45202,251518736.00,2.43,-0.58,-0.23,2.08
2019-04-04,39.69,38.94,40.04,38.85,36625,203998491.00,3.00,-1.89,-0.75,1.68
2019-04-08,36.27,36.99,37.97,36.17,91655,480011872.00,4.62,-5.01,-1.95,4.21
2019-04-09,37.14,37.74,37.94,36.35,40395,215077742.00,4.30,2.03,0.75,1.86
2019-04-10,37.86,37.34,37.97,36.97,26972,143204301.00,2.65,-1.06,-0.40,1.24
2019-04-11,37.36,36.41,37.49,36.19,31745,165119261.00,3.48,-2.49,-0.93,1.46
2019-04-12,36.88,35.89,36.94,35.83,32225,166029701.00,3.05,-1.43,-0.52,1.48
2019-04-15,36.89,36.74,38.05,36.67,53854,286050832.00,3.85,2.37,0.85,2.47
2019-04-16,36.72,38.88,39.17,36.44,59378,321118784.00,7.43,5.82,2.14,2.73
2019-04-17,38.90,38.11,39.94,38.06,47182,259143665.00,4.84,-1.98,-0.77,2.17
2019-04-18,38.19,37.79,38.69,37.58,28137,151737958.00,2.91,-0.84,-0.32,1.29
2019-04-19,37.81,37.79,38.06,36.84,23564,125149675.00,3.23,0.00,0.00,1.08
2019-04-22,37.49,37.31,39.24,37.27,39716,214998680.00,5.21,-1.27,-0.48,1.82
2019-04-23,37.32,38.34,39.13,36.71,54773,296921136.00,6.49,2.76,1.03,2.52
2019-04-24,38.07,39.90,40.20,38.07,64596,363340864.00,5.56,4.07,1.56,2.97
2019-04-25,39.50,39.19,40.93,39.06,59038,335903088.00,4.69,-1.78,-0.71,2.71
2019-04-26,38.77,39.12,39.99,38.26,38796,215776708.00,4.41,-0.18,-0.07,1.78
2019-04-29,39.27,37.45,39.70,36.22,42439,228301194.00,8.90,-4.27,-1.67,1.95
2019-04-30,36.63,36.94,37.69,36.33,28529,149477105.00,3.63,-1.36,-0.51,1.31
2019-05-06,34.49,33.19,34.52,33.19,25631,121467056.00,3.60,-10.15,-3.75,1.18
2019-05-07,33.19,31.67,33.40,29.88,57427,254883629.00,10.61,-4.58,-1.52,2.64
2019-05-08,30.63,30.92,32.26,30.20,28906,128619491.00,6.50,-2.37,-0.75,1.33
2019-05-09,30.49,30.70,31.53,30.47,22890,100488649.00,3.43,-0.71,-0.22,1.05
2019-05-10,31.47,32.70,32.99,29.97,41277,186707960.00,9.84,6.51,2.00,1.90
2019-05-13,32.04,31.00,32.55,30.52,37302,167496936.00,6.21,-5.20,-1.70,1.71
2019-05-14,30.82,31.36,32.09,30.70,39841,178916642.00,4.48,1.16,0.36,1.83
2019-05-15,31.78,31.62,32.31,31.27,32728,147594100.00,3.32,0.83,0.26,1.50
2019-05-16,31.63,31.46,31.77,30.77,24101,107469605.00,3.16,-0.51,-0.16,1.11
2019-05-17,31.74,30.09,32.18,29.59,45116,197501303.00,8.23,-4.35,-1.37,2.07
2019-05-20,29.99,29.72,30.70,27.84,37613,158216561.00,9.50,-1.23,-0.37,1.73
2019-05-21,30.02,30.59,30.91,29.84,31597,137029250.00,3.60,2.93,0.87,1.45
2019-05-22,30.80,29.95,31.27,29.49,36119,156022687.00,5.82,-2.09,-0.64,1.66
2019-05-23,29.92,29.41,30.41,29.20,29850,126313199.00,4.04,-1.80,-0.54,1.37
2019-05-24,29.09,29.34,29.73,29.09,15947,66680925.00,2.18,-0.24,-0.07,0.73
2019-05-27,29.34,30.22,30.27,28.94,29288,124333105.00,4.53,3.00,0.88,1.35
2019-05-28,30.19,29.91,30.37,29.79,24367,104323777.00,1.92,-1.03,-0.31,1.12
2019-05-29,29.91,29.92,30.34,29.14,20450,87153412.00,4.01,0.03,0.01,0.94
2019-05-30,29.90,29.59,29.90,29.22,16086,67465211.00,2.27,-1.10,-0.33,0.74
2019-05-31,29.69,29.54,29.89,29.18,14445,60949722.00,2.40,-0.17,-0.05,0.66
2019-06-03,29.49,29.54,30.39,28.49,37223,155973439.00,6.43,0.00,0.00,1.71
2019-06-04,29.99,30.51,31.00,29.18,68189,209886224.00,6.16,3.28,0.97,2.24
2019-06-05,31.09,31.62,32.14,30.65,72062,228920475.00,4.88,3.64,1.11,2.36
2019-06-06,31.85,30.50,31.94,30.25,43339,134994016.00,5.34,-3.54,-1.12,1.42
2019-06-10,30.92,32.70,33.07,30.68,76080,249142071.00,7.84,7.21,2.20,2.50
2019-06-11,32.71,33.36,33.63,31.76,83446,277813824.00,5.72,2.02,0.66,2.74
2019-06-12,33.28,32.56,33.28,32.50,50049,166344675.00,2.34,-2.40,-0.80,1.64
2019-06-13,32.38,32.19,32.54,31.62,34890,113570241.00,2.83,-1.14,-0.37,1.14
2019-06-14,32.17,31.32,32.55,31.31,32792,105646592.00,3.85,-2.70,-0.87,1.08
2019-06-17,31.34,31.81,32.05,30.58,22743,72750698.00,4.69,1.56,0.49,0.75
2019-06-18,31.66,31.36,31.81,31.28,21417,68314505.00,1.67,-1.41,-0.45,0.70
2019-06-19,33.18,32.68,34.34,32.58,69491,232885465.00,5.61,4.21,1.32,2.28
2019-06-20,32.60,33.20,33.57,32.26,49825,167005752.00,4.01,1.59,0.52,1.63
2019-06-21,34.12,34.26,35.57,33.80,58681,205357612.00,5.33,3.19,1.06,1.92
2019-06-24,34.58,33.79,34.58,33.59,29177,100431572.00,2.89,-1.37,-0.47,0.96
2019-06-25,33.58,34.05,34.21,32.79,43665,147988802.00,4.20,0.77,0.26,1.43
2019-06-26,33.98,33.75,34.99,33.40,28983,100020852.00,4.67,-0.88,-0.30,0.95
2019-06-27,34.18,34.73,34.78,33.74,47708,166190285.00,3.08,2.90,0.98,1.56
2019-06-28,34.48,33.57,34.48,33.39,36170,123688439.00,3.14,-3.34,-1.16,1.19
2019-07-01,35.18,35.58,35.96,35.18,70782,255186678.00,2.32,5.99,2.01,2.32
2019-07-02,35.38,35.67,36.24,35.01,33270,120100381.00,3.46,0.25,0.09,1.09
2019-07-03,35.52,35.15,35.78,34.76,24233,86266982.00,2.86,-1.46,-0.52,0.79
2019-07-04,34.28,33.07,34.28,32.17,72869,243066715.00,6.00,-5.92,-2.08,2.39
2019-07-05,32.61,32.81,33.23,32.45,34593,114745698.00,2.36,-0.79,-0.26,1.13
2019-07-08,32.78,31.25,32.78,30.70,36870,117648266.00,6.34,-4.75,-1.56,1.21
2019-07-09,31.24,31.67,31.91,31.03,17763,56734143.00,2.82,1.34,0.42,0.58
2019-07-10,31.88,31.82,32.36,31.58,15000,48487962.00,2.46,0.47,0.15,0.49
2019-07-11,31.82,31.37,32.10,31.24,17486,55990328.00,2.70,-1.41,-0.45,0.57
2019-07-12,31.37,31.09,31.62,30.54,17780,56011903.00,3.44,-0.89,-0.28,0.58
2019-07-15,29.58,31.99,32.17,28.98,39511,124636866.00,10.26,2.89,0.90,1.30
2019-07-16,31.88,32.30,33.08,31.43,35228,115656664.00,5.16,0.97,0.31,1.16
2019-07-17,32.79,34.03,34.56,32.30,55187,187951451.00,7.00,5.36,1.73,1.60
2019-07-18,33.58,33.05,34.39,32.97,32946,111750065.00,4.17,-2.88,-0.98,0.95
2019-07-19,33.52,32.84,34.00,32.65,33897,113656228.00,4.08,-0.64,-0.21,0.98
2019-07-22,33.33,32.77,33.38,32.48,24420,81291495.00,2.74,-0.21,-0.07,0.71
2019-07-23,32.69,33.48,33.56,32.68,24268,81915044.00,2.69,2.17,0.71,0.70
2019-07-24,33.69,34.68,35.12,33.28,52178,182500091.00,5.50,3.58,1.20,1.51
2019-07-25,34.49,36.58,37.30,34.35,71918,263709576.00,8.51,5.48,1.90,2.08
2019-07-26,36.39,36.68,36.86,36.14,36854,136346255.00,1.97,0.27,0.10,1.07
2019-07-29,36.43,37.81,38.08,36.43,39269,149199055.00,4.50,3.08,1.13,1.14
2019-07-30,38.16,40.48,41.63,36.81,100016,411533232.00,12.75,7.06,2.67,2.90
2019-07-31,40.61,41.14,42.58,39.88,102285,427983824.00,6.67,1.63,0.66,2.96
2019-08-01,40.48,41.01,41.96,40.25,56459,232363997.00,4.16,-0.32,-0.13,1.64
2019-08-02,37.48,38.84,39.16,37.38,114981,447135136.00,4.34,-5.29,-2.17,3.33
2019-08-05,38.78,38.00,39.63,37.96,52866,206842217.00,4.30,-2.16,-0.84,1.53
2019-08-06,37.22,38.43,38.93,36.68,73327,280876832.00,5.92,1.13,0.43,2.13
2019-08-07,38.38,38.00,38.84,37.66,39095,151146363.00,3.07,-1.12,-0.43,1.13
2019-08-08,38.09,38.15,39.13,37.40,46027,177484175.00,4.55,0.39,0.15,1.33
2019-08-09,38.40,37.57,39.47,37.10,45404,175245844.00,6.21,-1.52,-0.58,1.32
2019-08-12,37.86,39.98,40.03,37.24,49595,194656974.00,7.43,6.41,2.41,1.44
2019-08-13,39.28,39.18,40.22,38.58,49501,196416296.00,4.10,-2.00,-0.80,1.43
2019-08-14,40.38,39.79,41.08,39.38,52100,211446254.00,4.34,1.56,0.61,1.51
2019-08-15,38.38,40.07,40.18,38.11,41973,166523641.00,5.20,0.70,0.28,1.22
2019-08-16,39.63,39.23,39.98,38.94,69803,276855008.00,2.60,-2.10,-0.84,2.02
2019-08-19,39.37,41.50,41.88,38.90,77769,320407552.00,7.60,5.79,2.27,2.25
2019-08-20,41.51,41.57,42.21,40.78,44013,185310401.00,3.45,0.17,0.07,1.28
2019-08-21,41.85,41.06,41.85,40.90,34017,142000638.00,2.29,-1.23,-0.51,0.99
2019-08-22,41.01,40.55,41.17,39.73,38613,157640917.00,3.51,-1.24,-0.51,1.12
2019-08-23,40.18,39.87,40.67,39.56,32179,130326363.00,2.74,-1.68,-0.68,0.93
2019-08-26,37.58,38.51,39.53,37.15,59552,232445825.00,5.97,-3.41,-1.36,1.73
2019-08-27,39.08,39.24,40.18,38.79,47998,191664481.00,3.61,1.90,0.73,1.39
2019-08-28,39.76,39.66,39.87,38.81,39532,158070338.00,2.70,1.07,0.42,1.15
2019-08-29,39.56,40.32,40.77,38.91,33178,134313851.00,4.69,1.66,0.66,0.96
2019-08-30,40.55,39.13,40.98,38.83,37874,151693040.00,5.33,-2.95,-1.19,1.10
2019-09-02,39.36,39.88,40.77,38.59,45253,180971381.00,5.57,1.92,0.75,1.31
2019-09-03,40.07,41.13,42.02,40.07,85180,354242768.00,4.89,3.13,1.25,2.47
2019-09-04,40.79,41.08,41.78,40.38,54218,224569819.00,3.40,-0.12,-0.05,1.57
2019-09-05,42.32,45.23,45.23,41.98,180717,805375936.00,7.91,10.10,4.15,5.23
2019-09-06,45.58,47.69,49.48,45.37,174421,831731360.00,9.09,5.44,2.46,5.05
2019-09-09,47.51,47.58,48.36,46.91,148121,708603024.00,3.04,-0.23,-0.11,4.28
2019-09-10,47.13,45.85,47.76,44.76,142701,660096240.00,6.31,-3.64,-1.73,4.13
2019-09-11,45.98,45.20,45.98,44.38,91958,417873904.00,3.49,-1.42,-0.65,2.66
2019-09-12,45.38,44.98,45.66,44.13,69944,317581744.00,3.38,-0.49,-0.22,2.02
2019-09-16,45.02,45.12,45.92,44.67,72889,332833488.00,2.78,0.31,0.14,2.11
2019-09-17,44.69,43.81,45.14,43.43,67953,302275184.00,3.79,-2.90,-1.31,1.97
2019-09-18,43.89,43.46,44.15,42.44,69477,302807920.00,3.90,-0.80,-0.35,2.01
2019-09-19,43.87,44.30,45.11,43.73,67169,300713616.00,3.18,1.93,0.84,1.94
2019-09-20,44.88,44.44,45.06,43.72,57628,258681304.00,3.02,0.32,0.14,1.67
2019-09-23,44.53,44.72,45.29,43.15,69902,313977920.00,4.82,0.63,0.28,2.02
2019-09-24,44.35,45.69,46.18,44.29,110744,509529536.00,4.23,2.17,0.97,3.20
2019-09-25,45.36,42.58,46.06,42.50,114873,505242624.00,7.79,-6.81,-3.11,3.32
2019-09-26,42.48,40.49,42.87,40.49,83646,348877200.00,5.59,-4.91,-2.09,2.42
2019-09-27,40.99,40.74,41.50,40.33,44957,185547916.00,2.89,0.62,0.25,1.30
2019-09-30,40.58,40.22,41.02,39.46,33449,136255870.00,3.83,-1.28,-0.52,0.95
2019-10-08,40.00,39.88,41.45,39.29,45537,184402682.00,5.37,-0.85,-0.34,1.30
2019-10-09,39.48,40.24,40.38,38.97,33999,136883102.00,3.54,0.90,0.36,0.97
2019-10-10,40.39,40.99,41.15,40.19,43834,180372574.00,2.39,1.86,0.75,1.25
2019-10-11,40.94,40.37,41.38,40.00,33519,137308358.00,3.37,-1.51,-0.62,0.96
2019-10-14,40.88,42.23,42.36,40.70,60939,256171133.00,4.11,4.61,1.86,1.74
2019-10-15,41.63,40.38,42.86,40.28,61666,257577827.00,6.11,-4.38,-1.85,1.76
2019-10-16,40.38,40.08,40.98,39.78,31092,126789417.00,2.97,-0.74,-0.30,0.89
2019-10-17,40.13,39.73,40.69,39.64,23243,93999900.00,2.62,-0.87,-0.35,0.66
2019-10-18,39.74,39.83,40.85,39.58,40631,164960028.00,3.20,0.25,0.10,1.16
2019-10-21,39.70,40.28,40.33,38.58,33126,132803116.00,4.39,1.13,0.45,0.95
2019-10-22,40.40,40.87,41.36,40.28,33842,139616490.00,2.68,1.46,0.59,0.97
2019-10-23,41.06,40.08,41.41,40.08,28554,117390672.00,3.25,-1.93,-0.79,0.81
2019-10-24,40.05,39.58,40.37,38.98,37355,149830119.00,3.47,-1.25,-0.50,1.07
2019-10-25,39.67,39.91,40.16,39.18,26858,107826110.00,2.48,0.83,0.33,0.77
2019-10-28,40.28,41.03,41.33,40.20,36431,150101469.00,2.83,2.81,1.12,1.04
2019-10-29,40.70,40.78,41.54,40.58,42318,175473275.00,2.34,-0.61,-0.25,1.21
2019-10-30,40.98,41.58,42.11,40.58,50943,213705028.00,3.75,1.96,0.80,1.45
2019-10-31,41.88,43.48,43.86,41.58,92561,402818048.00,5.48,4.57,1.90,2.64
2019-11-01,43.01,42.99,44.38,42.46,59578,260270317.00,4.42,-1.13,-0.49,1.70
2019-11-04,43.34,43.28,44.32,42.94,48731,214629663.00,3.21,0.67,0.29,1.39
2019-11-05,43.55,43.08,44.02,42.58,49989,218891070.00,3.33,-0.46,-0.20,1.43
2019-11-06,43.13,42.22,43.38,42.13,46890,201888614.00,2.90,-2.00,-0.86,1.34
2019-11-07,42.63,42.93,43.05,41.58,39280,169673603.00,3.48,1.68,0.71,1.12
2019-11-08,43.68,44.15,44.87,42.58,92223,412324368.00,5.33,2.84,1.22,2.63
2019-11-11,43.61,43.70,45.32,43.18,85811,383943072.00,4.85,-1.02,-0.45,2.45
2019-11-12,43.21,42.38,44.16,41.81,74803,321075024.00,5.38,-3.02,-1.32,2.13
2019-11-13,42.04,41.81,42.38,41.36,53098,224079056.00,2.41,-1.34,-0.57,1.51
2019-11-14,41.77,41.79,42.23,41.18,42893,180789054.00,2.51,-0.05,-0.02,1.22
2019-11-15,41.65,40.78,41.95,40.73,41781,173997550.00,2.92,-2.42,-1.01,1.19
2019-11-18,41.16,41.46,41.78,40.61,43260,179943852.00,2.87,1.67,0.68,1.23
2019-11-19,41.57,44.45,44.56,41.46,102264,451726608.00,7.48,7.21,2.99,2.92
2019-11-20,44.22,43.55,44.59,43.38,68907,305754736.00,2.72,-2.02,-0.90,1.97
2019-11-21,43.81,42.56,43.83,42.28,62896,272870768.00,3.56,-2.27,-0.99,1.80
2019-11-22,42.50,43.48,45.07,42.50,108640,481152848.00,6.04,2.16,0.92,3.10
2019-11-25,43.18,41.96,43.26,40.96,89257,375841712.00,5.29,-3.50,-1.52,2.55
2019-11-26,41.96,42.38,42.38,41.47,56051,238160866.00,2.17,1.00,0.42,1.60
2019-11-27,41.96,42.91,43.04,41.56,37946,163007175.00,3.49,1.25,0.53,1.08
2019-11-28,42.58,42.78,43.77,42.50,34857,151924514.00,2.96,-0.30,-0.13,1.00
2019-11-29,42.76,43.58,43.58,42.41,47524,206539612.00,2.73,1.87,0.80,1.36
2019-12-02,43.70,43.98,44.53,43.39,51919,230466963.00,2.62,0.92,0.40,1.48
2019-12-03,43.96,44.27,44.51,43.48,50357,224229602.00,2.34,0.66,0.29,1.44
2019-12-04,43.82,43.38,44.21,43.15,47986,210692841.00,2.39,-2.01,-0.89,1.37
2019-12-05,43.58,44.94,45.18,43.41,108267,487650080.00,4.08,3.60,1.56,3.09
2019-12-06,44.65,44.76,44.93,44.21,63266,284437232.00,1.60,-0.40,-0.18,1.81
2019-12-09,45.35,44.59,45.49,44.23,48314,217499050.00,2.82,-0.38,-0.17,1.38
2019-12-10,44.23,44.86,45.08,43.69,57983,261244993.00,3.12,0.61,0.27,1.66
2019-12-11,44.58,43.89,45.23,43.55,55007,244940790.00,3.74,-2.16,-0.97,1.57
2019-12-12,44.08,46.82,47.97,44.08,176504,825199648.00,8.86,6.68,2.93,5.04
2019-12-13,47.58,48.18,49.03,46.83,150712,731301040.00,4.70,2.90,1.36,4.30
2019-12-16,48.58,49.33,50.47,48.23,119607,592989120.00,4.65,2.39,1.15,3.41
2019-12-17,48.88,50.24,51.71,48.88,110020,558128000.00,5.74,1.84,0.91,3.14
2019-12-18,49.68,49.38,50.36,48.86,76031,379226640.00,2.99,-1.71,-0.86,2.17
2019-12-19,49.29,49.41,49.89,48.10,61038,302986256.00,3.62,0.06,0.03,1.74
2019-12-20,49.58,49.41,50.15,48.76,53555,267283574.00,2.81,0.00,0.00,1.53
2019-12-23,48.73,48.93,49.83,48.13,76851,378428032.00,3.44,-0.97,-0.48,2.19
2019-12-24,49.18,50.46,51.53,48.76,74035,373874416.00,5.66,3.13,1.53,2.11
2019-12-25,50.15,51.04,51.81,49.50,63060,322735136.00,4.58,1.15,0.58,1.80
2019-12-26,50.76,51.08,51.36,50.24,36487,186492242.00,2.19,0.08,0.04,1.04
2019-12-27,51.76,49.16,52.94,48.88,86084,438409968.00,7.95,-3.76,-1.92,2.46
2019-12-30,48.79,51.78,51.95,48.08,72537,369857312.00,7.87,5.33,2.62,2.07
2019-12-31,51.58,51.73,52.70,50.98,46543,243239998.00,3.32,-0.10,-0.05,1.33