2015-01-05,4.79,4.76,4.84,4.59,14540,37271567.00,5.17,-1.65,-0.08,3.23
2015-01-06,4.72,4.88,4.89,4.64,14840,38786604.00,5.25,2.52,0.12,3.29
2015-01-07,4.86,4.74,4.87,4.70,11831,30599652.00,3.48,-2.87,-0.14,2.62
2015-01-08,4.70,4.72,4.82,4.70,9264,23944975.00,2.53,-0.42,-0.02,2.05
2015-01-09,4.71,4.71,4.81,4.71,9119,23587415.00,2.12,-0.21,-0.01,2.02
2015-01-12,4.66,4.54,4.68,4.51,10798,26955239.00,3.61,-3.61,-0.17,2.40
2015-01-13,4.54,4.62,4.63,4.52,9217,23054907.00,2.42,1.76,0.08,2.04
2015-01-14,4.62,4.56,4.64,4.52,7615,19025384.00,2.60,-1.30,-0.06,1.69
2015-01-15,4.56,4.78,4.88,4.53,19708,51234466.00,7.68,4.82,0.22,4.37
2015-01-16,4.78,4.87,4.90,4.76,10276,26960757.00,2.93,1.88,0.09,2.28
2015-01-19,4.81,4.98,5.20,4.74,35430,96005157.00,9.45,2.26,0.11,7.86
2015-01-20,5.01,5.37,5.37,5.01,35781,99357101.00,7.23,7.83,0.39,7.94
2015-01-21,5.36,5.35,5.46,5.28,31042,88644798.00,3.35,-0.37,-0.02,6.89
2015-01-22,5.35,5.37,5.44,5.24,21264,60623587.00,3.74,0.37,0.02,4.72
2015-01-23,5.37,5.25,5.42,5.22,21958,62232667.00,3.72,-2.23,-0.12,4.87
2015-01-26,5.21,5.29,5.32,5.20,12029,33876007.00,2.29,0.76,0.04,2.67
2015-01-27,5.27,5.22,5.33,5.12,13747,38466917.00,3.97,-1.32,-0.07,3.05
2015-01-28,5.19,5.29,5.32,5.15,13529,38108367.00,3.26,1.34,0.07,3.00
2015-01-29,5.26,5.40,5.42,5.24,20219,57736103.00,3.40,2.08,0.11,4.48
2015-01-30,5.41,5.11,5.43,5.11,16648,46856250.00,5.93,-5.37,-0.29,3.69
2015-02-02,5.05,5.08,5.08,4.98,10272,27865939.00,1.96,-0.59,-0.03,2.28
2015-02-03,5.07,5.13,5.15,5.04,11652,31921661.00,2.17,0.98,0.05,2.58
2015-02-04,5.13,5.05,5.16,5.04,12334,33729227.00,2.34,-1.56,-0.08,2.74
2015-02-05,5.12,5.00,5.12,5.00,8693,23572855.00,2.38,-0.99,-0.05,1.93
2015-02-06,5.01,4.78,5.02,4.77,11483,30283168.00,5.00,-4.40,-0.22,2.55
2015-02-09,4.79,4.74,4.85,4.57,5457,14109801.00,5.86,-0.84,-0.04,1.21
2015-02-10,4.71,4.83,4.85,4.70,5146,13417567.00,3.16,1.90,0.09,1.14
2015-02-11,4.82,4.90,4.92,4.82,5417,14338664.00,2.07,1.45,0.07,1.20
2015-02-12,4.90,4.98,5.02,4.86,6466,17299376.00,3.27,1.63,0.08,1.43
2015-02-13,5.04,5.00,5.07,4.99,7843,21226317.00,1.61,0.40,0.02,1.74
2015-02-16,5.03,5.08,5.10,5.01,7518,20480569.00,1.80,1.60,0.08,1.67
2015-02-17,5.10,5.08,5.10,5.05,5934,16197471.00,0.98,0.00,0.00,1.32
2015-02-25,5.08,5.23,5.28,5.08,14188,39567070.00,3.94,2.95,0.15,3.15
2015-02-26,5.20,5.24,5.25,5.17,11660,32548089.00,1.53,0.19,0.01,2.59
2015-02-27,5.21,5.22,5.24,5.17,11833,32953356.00,1.34,-0.38,-0.02,2.62
2015-03-02,5.22,5.33,5.36,5.21,18515,52440602.00,2.87,2.11,0.11,4.11
2015-03-03,5.32,5.15,5.32,5.14,14040,39201619.00,3.38,-3.38,-0.18,3.11
2015-03-04,5.12,5.29,5.30,5.12,13080,36574722.00,3.50,2.72,0.14,2.90
2015-03-05,5.29,5.24,5.33,5.21,12314,34572159.00,2.27,-0.95,-0.05,2.73
2015-03-06,5.24,5.19,5.29,5.16,9900,27598174.00,2.48,-0.95,-0.05,2.20
2015-03-09,5.17,5.21,5.23,5.09,7356,20433006.00,2.70,0.39,0.02,1.63
2015-03-10,5.24,5.26,5.32,5.19,11000,31011852.00,2.50,0.96,0.05,2.44
2015-03-11,5.25,5.38,5.41,5.21,19596,55558422.00,3.80,2.28,0.12,4.35
2015-03-12,5.38,5.29,5.42,5.20,13591,38500830.00,4.09,-1.67,-0.09,3.01
2015-03-13,5.29,5.36,5.46,5.29,14366,41230345.00,3.21,1.32,0.07,3.19
2015-03-16,5.41,5.48,5.54,5.37,17517,50922543.00,3.17,2.24,0.12,3.89
2015-03-17,5.51,5.60,5.64,5.46,23153,68290556.00,3.28,2.19,0.12,5.14
2015-03-18,5.60,5.65,5.66,5.57,16090,47832835.00,1.61,0.89,0.05,3.57
2015-03-19,5.64,5.61,5.82,5.57,21131,63413651.00,4.42,-0.71,-0.04,4.69
2015-03-20,5.57,5.96,6.10,5.57,33329,104162488.00,9.45,6.24,0.35,7.39
2015-03-23,5.96,6.08,6.12,5.90,22875,72193031.00,3.69,2.01,0.12,5.07
2015-03-24,5.98,6.17,6.34,5.95,35185,112702033.00,6.41,1.48,0.09,7.80
2015-03-25,6.08,6.27,6.32,6.02,25758,83224113.00,4.86,1.62,0.10,5.71
2015-03-26,6.21,6.15,6.30,6.02,23823,76636293.00,4.47,-1.91,-0.12,5.28
2015-03-27,6.18,6.64,6.86,6.18,37702,128563888.00,11.06,7.97,0.49,8.36
2015-03-30,6.57,6.85,7.35,6.51,41130,145020273.00,12.65,3.16,0.21,9.12
2015-03-31,6.79,6.78,6.86,6.68,25238,87952798.00,2.63,-1.02,-0.07,5.60
2015-04-01,6.79,6.91,6.95,6.79,22231,78827524.00,2.36,1.92,0.13,4.93
2015-04-02,6.93,6.98,7.12,6.81,24696,88330986.00,4.49,1.01,0.07,5.48
2015-04-03,6.90,7.04,7.09,6.84,24001,86165400.00,3.58,0.86,0.06,5.32
2015-04-07,7.06,7.32,7.36,6.99,34058,125486915.00,5.26,3.98,0.28,7.55
2015-04-08,7.26,7.14,7.42,7.01,26788,98897858.00,5.60,-2.46,-0.18,5.94
2015-04-09,7.12,6.74,7.13,6.52,35251,122798152.00,8.54,-5.60,-0.40,7.82
2015-04-10,6.64,7.24,7.41,6.64,27645,100713795.00,11.42,7.42,0.50,6.13
2015-04-13,7.15,7.46,7.67,7.14,31995,122712132.00,7.32,3.04,0.22,7.10
2015-04-14,7.48,7.69,7.81,7.48,30472,119049598.00,4.42,3.08,0.23,6.76
2015-04-15,7.63,7.06,7.63,7.02,26191,98026203.00,7.93,-8.19,-0.63,5.81
2015-04-16,6.79,7.41,7.64,6.68,31105,116451869.00,13.60,4.96,0.35,6.90
2015-04-17,7.57,7.42,7.66,7.24,26332,99917611.00,5.67,0.13,0.01,5.84
2015-04-20,7.46,7.03,7.50,7.01,27045,99427526.00,6.60,-5.26,-0.39,6.00
2015-04-21,7.32,7.83,7.83,7.32,46821,183241150.00,7.25,11.38,0.80,10.39
2015-04-22,7.23,7.52,7.68,7.08,108957,410176048.00,7.66,-3.96,-0.31,24.17
2015-04-23,7.36,7.26,7.43,7.20,58171,216351987.00,3.06,-3.46,-0.26,12.90
2015-04-24,7.12,6.88,7.12,6.79,48174,172110288.00,4.55,-5.23,-0.38,10.69
2015-04-27,7.02,6.84,7.02,6.80,42216,149435185.00,3.20,-0.58,-0.04,9.36
2015-04-28,6.83,6.60,6.92,6.57,32925,113604550.00,5.12,-3.51,-0.24,7.30
2015-04-29,6.63,6.71,6.74,6.55,21488,74084752.00,2.88,1.67,0.11,4.77
2015-04-30,6.68,6.81,6.94,6.66,30678,107765851.00,4.17,1.49,0.10,6.80
2015-05-04,6.84,6.78,6.87,6.68,22424,78240120.00,2.79,-0.44,-0.03,4.97
2015-05-05,6.83,7.09,7.35,6.79,69546,253845324.00,8.26,4.57,0.31,15.43
2015-05-06,7.01,6.91,7.20,6.88,37610,135781974.00,4.51,-2.54,-0.18,8.34
2015-05-07,6.89,6.68,6.90,6.60,23430,81379749.00,4.34,-3.33,-0.23,5.20
2015-05-08,6.76,7.01,7.01,6.75,20008,70632871.00,3.89,4.94,0.33,4.44
2015-05-11,7.04,7.35,7.47,7.04,51489,191721244.00,6.13,4.85,0.34,11.42
2015-05-12,7.41,8.00,8.12,7.20,74616,289883152.00,12.52,8.84,0.65,16.55
2015-05-13,8.01,8.19,8.46,7.68,82269,340564048.00,9.75,2.38,0.19,18.25
2015-05-14,8.18,8.03,8.27,7.92,39320,160442692.00,4.27,-1.95,-0.16,8.72
2015-05-15,7.90,8.34,8.70,7.72,52593,218530411.00,12.20,3.86,0.31,11.67
2015-05-18,8.21,9.12,9.28,8.20,50391,223059217.00,12.95,9.35,0.78,11.18
2015-05-19,9.20,9.16,9.31,8.72,43643,196938605.00,6.47,0.44,0.04,9.68
2015-05-20,9.10,9.59,9.96,9.01,43724,208429662.00,10.37,4.69,0.43,9.70
2015-05-21,9.58,9.62,9.86,9.36,29061,137812432.00,5.21,0.31,0.03,6.45
2015-05-22,9.64,9.32,9.76,9.12,42218,195878235.00,6.65,-3.12,-0.30,9.36
2015-05-25,9.03,9.23,9.52,8.90,40552,185944079.00,6.65,-0.97,-0.09,8.81
2015-05-26,9.23,9.79,10.23,9.23,42628,204800025.00,10.83,6.07,0.56,9.26
2015-05-27,9.87,9.88,10.12,9.36,36611,177825620.00,7.76,0.92,0.09,7.95
2015-05-28,9.85,9.69,10.47,9.68,59920,295012272.00,8.00,-1.92,-0.19,13.01
2015-05-29,9.72,9.60,9.96,8.79,38962,184555909.00,12.07,-0.93,-0.09,8.46
2015-06-01,10.12,10.66,10.66,10.12,65522,340031776.00,5.63,11.04,1.06,14.23
2015-06-02,10.79,11.34,11.34,10.57,42675,229842678.00,7.22,6.38,0.68,9.27
2015-06-03,11.30,10.85,11.57,10.75,34224,185552559.00,7.23,-4.32,-0.49,7.43
2015-06-04,10.86,10.27,10.93,9.67,48528,242771678.00,11.61,-5.35,-0.58,10.54
2015-06-05,10.41,10.34,10.52,10.12,39539,200832153.00,3.89,0.68,0.07,8.59
2015-06-08,10.45,10.41,11.13,10.35,41343,217431897.00,7.54,0.68,0.07,8.98
2015-06-09,10.41,10.87,11.10,10.35,34636,182186327.00,7.20,4.42,0.46,7.52
2015-06-10,10.68,11.24,11.36,10.52,35935,194995843.00,7.73,3.40,0.37,7.80
2015-06-11,11.23,12.43,12.46,11.08,55157,321100032.00,12.28,10.59,1.19,11.98
2015-06-12,12.24,12.92,13.74,12.24,64152,402742336.00,12.07,3.94,0.49,13.93
2015-06-15,12.68,13.29,13.65,12.58,47049,298546496.00,8.28,2.86,0.37,10.22
2015-06-16,13.06,12.01,13.06,11.90,46244,280478240.00,8.73,-9.63,-1.28,10.04
2015-06-17,11.83,12.68,12.85,11.79,35603,213301025.00,8.83,5.58,0.67,7.73
2015-06-18,12.77,12.30,13.36,12.30,35819,224916817.00,8.36,-3.00,-0.38,7.78
2015-06-19,12.19,11.41,12.19,11.10,31246,179000768.00,8.86,-7.24,-0.89,6.79
2015-06-23,11.46,12.16,12.17,10.57,32780,183238399.00,14.02,6.57,0.75,7.12
2015-06-24,12.34,12.88,12.90,12.23,42166,258120099.00,5.51,5.92,0.72,9.16
2015-06-25,12.99,12.23,13.01,11.68,40051,241281514.00,10.33,-5.05,-0.65,8.70
2015-06-26,11.68,10.91,11.78,10.91,27977,154726412.00,7.11,-10.79,-1.32,6.08
2015-06-29,11.19,9.72,11.23,9.72,43937,220808485.00,13.84,-10.91,-1.19,9.54
2015-06-30,9.23,10.27,10.34,8.65,41930,194531287.00,17.39,5.66,0.55,9.07
2015-07-01,10.25,9.14,10.70,9.14,37892,188622891.00,15.19,-11.00,-1.13,8.20
2015-07-02,9.01,8.13,9.34,8.13,39231,166300910.00,13.24,-11.05,-1.01,8.49
2015-07-06,8.52,7.22,8.72,7.22,56237,225034453.00,18.45,-11.19,-0.91,12.17
2015-07-14,8.04,8.04,8.04,8.04,7365,29924157.00,0.00,11.36,0.82,1.59
2015-07-15,8.34,7.14,8.34,7.14,42130,159838270.00,14.93,-11.19,-0.90,9.12
2015-07-16,6.52,6.69,7.26,6.32,60777,209997004.00,13.17,-6.30,-0.45,13.15
2015-07-17,6.79,7.36,7.42,6.79,38844,141028032.00,9.42,10.01,0.67,8.41
2015-07-20,7.43,7.46,7.78,7.24,42192,160703512.00,7.34,1.36,0.10,9.13
2015-07-21,7.46,7.56,7.77,7.23,34103,130711844.00,7.24,1.34,0.10,7.38
2015-07-22,7.57,7.79,7.79,7.42,40856,158222443.00,4.89,3.04,0.23,8.84
2015-07-23,7.88,8.47,8.65,7.82,53338,220042490.00,10.65,8.73,0.68,11.54
2015-07-24,8.34,7.98,8.47,7.88,59642,247016764.00,6.97,-5.79,-0.49,12.91
2015-07-27,7.68,7.08,8.18,7.08,41253,161249984.00,13.78,-11.28,-0.90,8.93
2015-07-28,6.56,6.56,7.08,6.28,42272,142893358.00,11.30,-7.34,-0.52,9.15
2015-07-29,6.74,6.94,6.96,6.30,30005,102459055.00,10.06,5.79,0.38,6.49
2015-07-30,6.85,6.68,7.27,6.57,39679,141992910.00,10.09,-3.75,-0.26,8.59
2015-07-31,6.68,6.58,6.87,6.48,22074,76363107.00,5.84,-1.50,-0.10,4.78
2015-08-03,6.50,5.88,6.50,5.83,30058,96468108.00,10.18,-10.64,-0.70,6.50
2015-08-04,6.05,6.56,6.56,5.89,29903,97185917.00,11.39,11.56,0.68,6.47
2015-08-05,6.61,6.79,7.07,6.56,49171,172566239.00,7.77,3.51,0.23,10.64
2015-08-06,6.68,6.81,6.90,6.57,25877,90704004.00,4.86,0.29,0.02,5.60
2015-08-07,6.86,7.02,7.10,6.86,29670,106672660.00,3.52,3.08,0.21,6.42
2015-08-10,7.10,7.41,7.51,6.96,38911,143435516.00,7.83,5.56,0.39,8.42
2015-08-11,7.41,7.31,7.45,7.23,36838,138150741.00,2.97,-1.35,-0.10,7.97
2015-08-12,7.25,7.17,7.33,7.14,26089,96650682.00,2.60,-1.92,-0.14,5.65
2015-08-13,7.16,7.26,7.29,6.94,23278,85391537.00,4.88,1.26,0.09,5.04
2015-08-14,7.32,7.37,7.51,7.31,33042,125000917.00,2.75,1.52,0.11,7.15
2015-08-17,7.43,7.87,7.89,7.31,38530,149386464.00,7.87,6.78,0.50,8.34
2015-08-18,7.79,6.98,7.86,6.98,39637,149053876.00,11.18,-11.31,-0.89,8.58
2015-08-19,6.79,7.12,7.23,6.35,27610,96956901.00,12.61,2.01,0.14,5.97
2015-08-20,7.01,6.83,7.15,6.79,18961,67816935.00,5.06,-4.07,-0.29,4.10
2015-08-21,6.64,6.14,6.84,6.12,22804,76200046.00,10.54,-10.10,-0.69,4.93
2015-08-24,5.87,5.43,5.87,5.43,26868,79485928.00,7.17,-11.56,-0.71,5.81
2015-08-25,4.79,5.03,5.08,4.79,45287,118642080.00,5.34,-7.37,-0.40,9.80
2015-08-26,5.03,5.09,5.31,4.72,28318,77046044.00,11.73,1.19,0.06,6.13
2015-08-27,5.10,5.30,5.32,4.97,22680,62867025.00,6.88,4.13,0.21,4.91
2015-08-28,5.41,5.69,5.71,5.32,29467,85936992.00,7.36,7.36,0.39,6.38
2015-08-31,5.62,5.25,5.62,5.24,17354,50006506.00,6.68,-7.73,-0.44,3.76
2015-09-01,5.16,5.06,5.16,4.68,26451,70079260.00,9.14,-3.62,-0.19,5.72
2015-09-02,4.77,5.03,5.12,4.75,21387,56945483.00,7.31,-0.59,-0.03,4.63
2015-09-07,5.03,5.11,5.37,5.01,30151,83515073.00,7.16,1.59,0.08,6.52
2015-09-08,5.01,5.33,5.36,4.90,23695,65199337.00,9.00,4.31,0.22,5.13
2015-09-09,5.33,5.59,5.62,5.32,30810,90036614.00,5.63,4.88,0.26,6.67
2015-09-10,5.46,5.38,5.48,5.36,17267,49852146.00,2.15,-3.76,-0.21,3.74
2015-09-11,5.37,5.37,5.47,5.25,16005,45411436.00,4.09,-0.19,-0.01,3.46
2015-09-14,5.36,5.08,5.39,4.74,29676,79246897.00,12.10,-5.40,-0.29,6.42
2015-09-15,4.85,4.79,4.94,4.75,14740,38386534.00,3.74,-5.71,-0.29,3.19
2015-09-16,4.81,5.26,5.35,4.75,19576,52635086.00,12.53,9.81,0.47,4.24
2015-09-17,5.21,5.05,5.34,4.98,38405,104459640.00,6.84,-3.99,-0.21,8.31
2015-09-18,5.05,5.03,5.16,4.95,13963,37494605.00,4.16,-0.40,-0.02,3.02
2015-09-21,4.97,5.24,5.28,4.92,19596,53553193.00,7.16,4.17,0.21,4.24
2015-09-22,5.29,5.27,5.35,5.18,22960,64297157.00,3.24,0.57,0.03,4.97
2015-09-23,5.17,5.14,5.26,5.06,15921,43692746.00,3.80,-2.47,-0.13,3.45
2015-09-24,5.18,5.39,5.46,5.18,27562,77659428.00,5.45,4.86,0.25,5.96
2015-09-25,5.36,5.17,5.45,5.10,18477,51793711.00,6.49,-4.08,-0.22,4.00
2015-09-28,5.23,5.40,5.41,5.17,16649,47067284.00,4.64,4.45,0.23,3.60
2015-09-29,5.29,5.27,5.35,5.20,13300,37268779.00,2.78,-2.41,-0.13,2.88
2015-09-30,5.39,5.63,5.89,5.39,41981,125068537.00,9.49,6.83,0.36,9.08
2015-10-08,5.90,5.72,5.90,5.55,42255,127509752.00,6.22,1.60,0.09,9.14
2015-10-09,5.67,5.97,6.06,5.65,38489,118039358.00,7.17,4.37,0.25,8.33
2015-10-12,6.26,6.45,6.52,6.26,54797,180803958.00,4.36,8.04,0.48,11.86
2015-10-13,6.33,6.44,6.49,6.33,27539,91057845.00,2.48,-0.16,-0.01,5.96
2015-10-14,6.44,6.34,6.61,6.33,29308,97679488.00,4.35,-1.55,-0.10,6.34
2015-10-15,6.28,6.56,6.56,6.28,26003,86643729.00,4.42,3.47,0.22,5.63
2015-10-16,6.62,6.58,6.82,6.43,28373,96007576.00,5.95,0.30,0.02,6.14
2015-10-19,6.61,6.54,6.67,6.41,27099,91224818.00,3.95,-0.61,-0.04,5.86
2015-10-20,6.54,6.82,7.04,6.46,36675,125988692.00,8.87,4.28,0.28,7.94
2015-10-21,6.80,6.08,6.81,6.06,32826,109438239.00,11.00,-10.85,-0.74,7.10
2015-10-22,6.08,6.37,6.40,6.08,25568,82843617.00,5.26,4.77,0.29,5.53
2015-10-23,6.45,6.58,6.61,6.39,23569,79146503.00,3.45,3.30,0.21,5.10
2015-10-26,6.68,6.77,6.89,6.60,36628,126527494.00,4.41,2.89,0.19,7.93
2015-10-27,6.68,6.83,6.88,6.42,22523,76696960.00,6.79,0.89,0.06,4.87
2015-10-28,6.77,6.66,6.99,6.62,22930,80121495.00,5.42,-2.49,-0.17,4.96
2015-10-29,6.77,6.98,7.12,6.62,33068,116695067.00,7.51,4.80,0.32,7.16
2015-10-30,6.99,7.18,7.32,6.90,35283,128447822.00,6.02,2.87,0.20,7.63
2015-11-02,7.03,7.39,7.67,6.99,47131,178527301.00,9.47,2.92,0.21,10.20
2015-11-03,7.37,7.91,7.94,7.22,57445,221617661.00,9.74,7.04,0.52,12.43
2015-11-04,7.94,8.18,8.22,7.81,57557,231291766.00,5.18,3.41,0.27,12.45
2015-11-05,8.07,7.98,8.27,7.85,51926,210214659.00,5.13,-2.44,-0.20,11.24
2015-11-06,8.00,8.20,8.30,7.95,45020,184435800.00,4.39,2.76,0.22,9.74
2015-11-09,8.02,8.52,8.64,8.02,56579,237292329.00,7.56,3.90,0.32,12.24
2015-11-10,8.37,8.34,8.50,8.22,34411,144453811.00,3.29,-2.11,-0.18,7.45
2015-11-11,8.35,9.06,9.23,8.34,53289,232368543.00,10.67,8.63,0.72,11.53
2015-11-12,9.06,9.21,9.54,8.96,50868,233350541.00,6.40,1.66,0.15,11.01
2015-11-13,9.05,8.78,9.19,8.50,45045,198577883.00,7.49,-4.67,-0.43,9.75
2015-11-16,8.52,9.76,9.76,8.51,58595,273270064.00,14.24,11.16,0.98,12.68
2015-11-17,10.14,9.64,10.40,9.34,61545,303643024.00,10.86,-1.23,-0.12,13.32
2015-11-18,9.72,9.64,10.05,9.53,34895,168596780.00,5.39,0.00,0.00,7.55
2015-11-19,9.68,10.35,10.43,9.68,35152,173402864.00,7.78,7.37,0.71,7.61
2015-11-20,10.34,11.09,11.28,10.18,40401,214304671.00,10.63,7.15,0.74,8.74
2015-11-23,10.92,12.13,12.28,10.88,56985,329525600.00,12.62,9.38,1.04,12.33
2015-11-24,13.44,13.44,13.44,13.44,8204,53110689.00,0.00,10.80,1.31,1.78
2015-11-25,14.88,14.88,14.88,14.88,29737,211758245.00,0.00,10.71,1.44,6.43
2015-11-26,15.72,16.46,16.46,15.42,153862,1176775856.00,6.99,10.62,1.58,33.29
2015-11-27,16.61,16.83,18.20,15.95,212677,1740062000.00,13.67,2.25,0.37,46.02
2015-11-30,16.39,16.85,17.34,15.94,149334,1181874192.00,8.32,0.12,0.02,32.31
2015-12-01,16.59,15.50,17.94,15.15,154548,1221469040.00,16.56,-8.01,-1.35,33.44
2015-12-02,15.50,16.21,17.12,14.79,132416,1001535776.00,15.03,4.58,0.71,28.65
2015-12-03,15.86,16.48,16.58,15.58,99378,760424352.00,6.17,1.67,0.27,21.50
2015-12-04,16.30,16.32,17.18,15.94,96945,763373648.00,7.52,-0.97,-0.16,20.98
2015-12-07,16.41,17.39,17.70,16.20,116374,932292624.00,9.19,6.56,1.07,25.18
2015-12-08,16.97,15.87,17.15,15.83,119606,921568032.00,7.59,-8.74,-1.52,25.88
2015-12-09,15.40,14.84,15.52,14.62,90561,649860176.00,5.67,-6.49,-1.03,19.60
2015-12-10,14.88,14.74,14.99,14.43,62286,439185008.00,3.77,-0.67,-0.10,13.48
2015-12-11,14.72,14.91,15.16,14.60,64092,456615328.00,3.80,1.15,0.17,13.87
2015-12-14,14.41,14.64,14.69,14.06,57608,396249776.00,4.23,-1.81,-0.27,12.47
2015-12-15,14.65,14.74,14.94,14.61,39655,280073024.00,2.25,0.68,0.10,8.58
2015-12-16,14.94,15.49,15.88,14.84,90249,663815232.00,7.06,5.09,0.75,19.53
2015-12-17,15.57,16.28,16.83,15.33,112158,857013168.00,9.68,5.10,0.79,24.27
2015-12-18,15.94,15.23,15.95,15.17,81547,604478976.00,4.79,-6.45,-1.05,17.65
2015-12-21,14.94,14.99,15.36,14.72,44022,314682720.00,4.20,-1.58,-0.24,9.53
2015-12-22,15.07,15.08,15.12,14.73,28983,206802465.00,2.60,0.60,0.09,6.27
2015-12-23,15.10,14.88,15.63,14.83,43100,314973488.00,5.31,-1.33,-0.20,9.33
2015-12-24,14.73,14.78,14.87,14.39,32679,228002574.00,3.23,-0.67,-0.10,7.07
2015-12-25,14.78,14.57,14.97,14.51,26920,190010209.00,3.11,-1.42,-0.21,5.83
2015-12-28,14.61,14.29,14.68,14.28,30372,210955952.00,2.75,-1.92,-0.28,6.57
2015-12-29,14.39,13.99,14.39,13.76,32054,215404890.00,4.41,-2.10,-0.30,6.94
2015-12-30,14.01,14.28,14.37,14.01,26300,179260895.00,2.57,2.07,0.29,5.69
2015-12-31,14.37,13.83,14.39,13.83,19962,134274300.00,3.92,-3.15,-0.45,4.43