2023-01-03,8.68,9.09,9.31,8.61,125579,113355540.56,8.07,4.84,0.42,5.42
2023-01-04,9.13,9.19,9.29,9.07,103384,94859735.57,2.42,1.10,0.10,4.46
2023-01-05,9.11,9.28,9.29,9.05,77388,71146964.14,2.61,0.98,0.09,3.34
2023-01-06,9.28,9.19,9.40,9.09,80652,74429628.27,3.34,-0.97,-0.09,3.48
2023-01-09,9.19,9.10,9.25,9.06,61675,56374235.00,2.07,-0.98,-0.09,2.66
2023-01-10,9.07,9.14,9.17,9.00,47986,43728356.92,1.87,0.44,0.04,2.07
2023-01-11,9.06,9.30,9.33,9.06,88897,82045270.68,2.95,1.75,0.16,3.83
2023-01-12,9.24,9.38,9.58,9.14,115544,108146367.36,4.73,0.86,0.08,4.98
2023-01-13,9.38,9.17,9.53,9.13,90225,83736340.85,4.26,-2.24,-0.21,3.89
2023-01-16,9.17,9.18,9.27,9.13,57189,52574909.14,1.53,0.11,0.01,2.47
2023-01-17,9.15,9.08,9.27,9.03,57650,52679031.38,2.61,-1.09,-0.10,2.49
2023-01-18,9.04,9.35,9.36,9.03,82319,76246977.00,3.63,2.97,0.27,3.55
2023-01-19,9.28,9.20,9.31,9.19,57798,53305174.00,1.28,-1.60,-0.15,2.49
2023-01-20,9.22,9.43,9.49,9.20,85070,79786398.64,3.15,2.50,0.23,3.67
2023-01-30,9.58,9.64,9.68,9.50,103288,99074794.50,1.91,2.23,0.21,4.46
2023-01-31,9.60,9.81,9.86,9.50,131616,127999594.64,3.73,1.76,0.17,5.68
2023-02-01,9.82,9.85,9.88,9.64,106885,104539740.74,2.45,0.41,0.04,4.61
2023-02-02,9.84,9.80,9.95,9.78,104533,102931897.54,1.73,-0.51,-0.05,4.51
2023-02-03,9.76,9.90,9.93,9.71,98486,96960103.00,2.24,1.02,0.10,4.25
2023-02-06,9.88,9.83,10.05,9.80,51156,50683951.75,2.53,-0.71,-0.07,2.21