2021-01-04,4.60,4.60,4.62,4.54,46494,23656156.00,1.74,-0.22,-0.01,0.10
2021-01-05,4.59,4.63,4.64,4.55,46000,23467418.00,1.96,0.65,0.03,0.10
2021-01-06,4.62,4.61,4.62,4.57,34592,17643414.00,1.08,-0.43,-0.02,0.07
2021-01-07,4.59,4.57,4.61,4.56,31938,16261927.00,1.08,-0.87,-0.04,0.07
2021-01-08,4.57,4.60,4.63,4.52,36474,18547114.00,2.41,0.66,0.03,0.08
2021-01-11,4.59,4.53,4.59,4.52,38775,19610154.00,1.52,-1.52,-0.07,0.08
2021-01-12,4.54,4.53,4.56,4.52,35408,17854789.00,0.88,0.00,0.00,0.07
2021-01-13,4.53,4.56,4.58,4.50,41134,20741570.00,1.77,0.66,0.03,0.09
2021-01-14,4.55,4.60,4.60,4.52,45247,22998943.00,1.75,0.88,0.04,0.09
2021-01-15,4.60,4.62,4.63,4.58,24851,12721470.00,1.09,0.43,0.02,0.05
2021-01-18,4.61,4.59,4.62,4.58,26619,13604768.00,0.87,-0.65,-0.03,0.06
2021-01-19,4.59,4.64,4.64,4.58,33424,17127256.00,1.31,1.09,0.05,0.07
2021-01-20,4.64,4.62,4.65,4.61,15076,7743162.00,0.86,-0.43,-0.02,0.03
2021-01-21,4.61,4.60,4.63,4.60,19845,10158437.00,0.65,-0.43,-0.02,0.04
2021-01-22,4.60,4.57,4.60,4.57,22647,11540887.00,0.65,-0.65,-0.03,0.05
2021-01-25,4.57,4.54,4.60,4.53,26204,13253621.00,1.53,-0.66,-0.03,0.05
2021-01-26,4.54,4.55,4.56,4.52,19356,9775395.00,0.88,0.22,0.01,0.04
2021-01-27,4.56,4.54,4.59,4.53,20861,10576823.00,1.32,-0.22,-0.01,0.04
2021-01-28,4.53,4.52,4.55,4.51,33926,17086812.00,0.88,-0.44,-0.02,0.07
2021-01-29,4.54,4.52,4.55,4.49,34095,17143200.00,1.33,0.00,0.00,0.07
2021-02-01,4.52,4.52,4.53,4.50,27421,13777269.00,0.66,0.00,0.00,0.06
2021-02-02,4.53,4.55,4.56,4.51,29150,14704252.00,1.11,0.66,0.03,0.06
2021-02-03,4.55,4.49,4.55,4.48,41214,20626113.00,1.54,-1.32,-0.06,0.09
2021-02-04,4.48,4.45,4.49,4.42,40297,19986888.00,1.56,-0.89,-0.04,0.08
2021-02-05,4.44,4.43,4.46,4.43,21304,10550975.00,0.67,-0.45,-0.02,0.04
2021-02-08,4.44,4.43,4.47,4.41,35756,17689190.00,1.35,0.00,0.00,0.07
2021-02-09,4.44,4.46,4.48,4.43,20049,9948228.00,1.13,0.68,0.03,0.04
2021-02-10,4.47,4.48,4.50,4.46,20990,10473366.00,0.90,0.45,0.02,0.04
2021-02-18,4.50,4.50,4.52,4.47,82345,41127546.00,1.12,0.45,0.02,0.17
2021-02-19,4.49,4.56,4.57,4.48,59017,29749267.00,2.00,1.33,0.06,0.12
2021-02-22,4.57,4.58,4.64,4.56,74074,37778938.00,1.75,0.44,0.02,0.15
2021-02-23,4.58,4.59,4.63,4.57,39729,20304240.00,1.31,0.22,0.01,0.08
2021-02-24,4.58,4.58,4.61,4.57,38502,19627119.00,0.87,-0.22,-0.01,0.08
2021-02-25,4.58,4.59,4.60,4.57,55129,28074761.00,0.66,0.22,0.01,0.11
2021-02-26,4.58,4.57,4.59,4.55,28301,14380043.00,0.87,-0.44,-0.02,0.06
2021-03-01,4.58,4.57,4.60,4.56,60764,30905382.00,0.88,0.00,0.00,0.13
2021-03-02,4.59,4.58,4.62,4.56,57290,29247402.00,1.31,0.22,0.01,0.12
2021-03-03,4.56,4.59,4.63,4.56,138700,70669776.00,1.53,0.22,0.01,0.29
2021-03-04,4.58,4.60,4.61,4.57,72615,37018004.00,0.87,0.22,0.01,0.15
2021-03-05,4.60,4.62,4.64,4.58,84854,43505325.00,1.30,0.43,0.02,0.18
2021-03-08,4.63,4.61,4.64,4.59,73338,37586004.00,1.08,-0.22,-0.01,0.15
2021-03-09,4.59,4.59,4.62,4.54,74436,37929682.00,1.74,-0.43,-0.02,0.16
2021-03-10,4.59,4.56,4.62,4.54,61193,31162027.00,1.74,-0.65,-0.03,0.13
2021-03-11,4.56,4.61,4.61,4.54,43970,22381860.00,1.54,1.10,0.05,0.09
2021-03-12,4.59,4.67,4.69,4.57,110525,56974321.00,2.60,1.30,0.06,0.23
2021-03-15,4.68,4.71,4.75,4.66,107086,55818548.00,1.93,0.86,0.04,0.22
2021-03-16,4.70,4.72,4.75,4.68,69945,36554670.00,1.49,0.21,0.01,0.15
2021-03-17,4.74,4.67,4.74,4.65,55191,28615922.00,1.91,-1.06,-0.05,0.11
2021-03-18,4.66,4.70,4.75,4.65,63777,33246997.00,2.14,0.64,0.03,0.13
2021-03-19,4.67,4.64,4.72,4.63,70616,36565632.00,1.91,-1.28,-0.06,0.15
2021-03-22,4.65,4.78,4.79,4.64,106799,55972270.00,3.23,3.02,0.14,0.22
2021-03-23,4.79,4.74,4.79,4.69,80706,42291867.00,2.09,-0.84,-0.04,0.17
2021-03-24,4.73,4.74,4.84,4.70,91201,48124490.00,2.95,0.00,0.00,0.19
2021-03-25,4.77,4.71,4.78,4.68,60695,31704235.00,2.11,-0.63,-0.03,0.13
2021-03-26,4.71,4.72,4.85,4.71,165234,87353275.00,2.97,0.21,0.01,0.34
2021-03-29,4.73,4.83,4.93,4.72,192620,102503292.00,4.45,2.33,0.11,0.40
2021-03-30,4.79,5.36,5.36,4.74,572905,323388224.00,12.84,10.97,0.53,1.19
2021-03-31,5.53,5.95,5.95,5.23,1372891,852838064.00,13.43,11.01,0.59,2.86
2021-04-01,5.59,5.39,5.74,5.37,885955,534628080.00,6.22,-9.41,-0.56,1.85
2021-04-02,5.32,5.33,5.73,5.32,641304,384506624.00,7.61,-1.11,-0.06,1.34
2021-04-06,5.20,5.24,5.36,5.11,481384,275945168.00,4.69,-1.69,-0.09,1.00
2021-04-07,5.25,5.32,5.36,5.18,409924,237035045.00,3.44,1.53,0.08,0.85
2021-04-08,5.24,5.10,5.26,5.01,406239,228241217.00,4.70,-4.14,-0.22,0.85
2021-04-09,5.11,5.04,5.16,5.02,227178,126795186.00,2.75,-1.18,-0.06,0.47
2021-04-12,5.08,5.09,5.18,5.06,268017,150476667.00,2.38,0.99,0.05,0.56
2021-04-13,5.06,4.98,5.09,4.87,303799,166109988.00,4.32,-2.16,-0.11,0.63
2021-04-14,4.92,4.97,5.01,4.90,192464,104774611.00,2.21,-0.20,-0.01,0.40
2021-04-15,4.94,4.93,4.97,4.90,144135,78284304.00,1.41,-0.80,-0.04,0.30
2021-04-16,4.94,4.97,4.99,4.92,131641,72059330.00,1.42,0.81,0.04,0.27
2021-04-19,4.97,4.94,5.00,4.93,178287,97520872.00,1.41,-0.60,-0.03,0.37
2021-04-20,4.95,4.87,4.99,4.87,181643,98826097.00,2.43,-1.42,-0.07,0.38
2021-04-21,4.85,4.82,4.87,4.79,158323,84405741.00,1.64,-1.03,-0.05,0.33
2021-04-22,4.82,4.91,4.94,4.80,177876,95953830.00,2.90,1.87,0.09,0.37
2021-04-23,4.89,4.85,4.90,4.82,101662,54401969.00,1.63,-1.22,-0.06,0.21
2021-04-26,4.84,4.78,4.85,4.78,98826,52617811.00,1.44,-1.44,-0.07,0.21
2021-04-27,4.78,4.83,4.86,4.78,75170,40056853.00,1.67,1.05,0.05,0.16
2021-04-28,4.81,4.86,4.86,4.78,78751,41923066.00,1.66,0.62,0.03,0.16
2021-04-29,4.88,4.88,4.91,4.84,100642,54198080.00,1.44,0.41,0.02,0.21
2021-04-30,4.89,4.81,4.93,4.80,88450,47386726.00,2.66,-1.43,-0.07,0.18
2021-05-06,4.81,4.84,4.85,4.79,64557,34439543.00,1.25,0.62,0.03,0.13
2021-05-07,4.84,4.88,4.88,4.81,86712,46475572.00,1.45,0.83,0.04,0.18
2021-05-10,4.87,4.91,4.92,4.87,104683,56557403.00,1.02,0.61,0.03,0.22
2021-05-11,4.90,5.01,5.03,4.89,168969,92383526.00,2.85,2.04,0.10,0.35
2021-05-12,5.00,4.99,5.00,4.95,86458,47442288.00,1.00,-0.40,-0.02,0.18
2021-05-13,4.97,4.93,5.00,4.92,96250,52569818.00,1.60,-1.20,-0.06,0.20
2021-05-14,4.97,4.93,5.06,4.92,262822,143631736.00,2.84,0.00,0.00,0.55
2021-05-17,4.93,4.91,4.95,4.88,126663,68520444.00,1.42,-0.41,-0.02,0.26
2021-05-18,4.90,4.90,4.91,4.87,85662,46261059.00,0.81,-0.20,-0.01,0.18
2021-05-19,4.90,4.95,4.95,4.88,110483,59999591.00,1.43,1.02,0.05,0.23
2021-05-20,4.94,4.91,4.94,4.89,72770,39470201.00,1.01,-0.81,-0.04,0.15
2021-05-21,4.91,4.95,4.96,4.89,92025,49980658.00,1.43,0.81,0.04,0.19
2021-05-24,4.95,5.02,5.04,4.94,143919,79371784.00,2.02,1.41,0.07,0.30
2021-05-25,5.02,5.03,5.03,4.97,93156,51328295.00,1.20,0.20,0.01,0.19
2021-05-26,5.03,5.03,5.04,4.99,96555,53291333.00,0.99,0.00,0.00,0.20
2021-05-27,5.03,4.98,5.03,4.97,91074,50145241.00,1.19,-0.99,-0.05,0.19
2021-05-28,4.97,4.98,5.00,4.96,87547,48020474.00,0.80,0.00,0.00,0.18
2021-05-31,4.97,4.96,4.98,4.91,85531,46619461.00,1.41,-0.40,-0.02,0.18
2021-06-01,4.96,4.97,4.98,4.93,60119,32842024.00,1.01,0.20,0.01,0.13
2021-06-02,4.97,5.05,5.05,4.96,135791,74909116.00,1.81,1.61,0.08,0.28
2021-06-03,5.11,5.02,5.16,5.00,163045,90742384.00,3.17,-0.59,-0.03,0.34
2021-06-04,4.98,5.03,5.04,4.95,95700,52852619.00,1.79,0.20,0.01,0.20
2021-06-07,5.02,5.02,5.04,4.99,71522,39523261.00,0.99,-0.20,-0.01,0.15
2021-06-08,5.00,5.08,5.08,5.00,94524,52577984.00,1.59,1.20,0.06,0.20
2021-06-09,5.08,5.07,5.11,5.05,125009,69937976.00,1.18,-0.20,-0.01,0.26
2021-06-10,5.02,4.97,5.04,4.94,159039,83370044.00,1.97,-1.97,-0.10,0.33
2021-06-11,4.96,4.93,4.96,4.90,108775,56351978.00,1.21,-0.80,-0.04,0.23
2021-06-15,4.93,4.89,4.93,4.84,86075,44154424.00,1.83,-0.81,-0.04,0.18
2021-06-16,4.88,4.88,4.91,4.86,57390,29497507.00,1.02,-0.20,-0.01,0.12
2021-06-17,4.90,4.90,4.91,4.86,64466,33137669.00,1.02,0.41,0.02,0.13
2021-06-18,4.91,4.96,4.97,4.88,85787,44639354.00,1.84,1.22,0.06,0.18
2021-06-21,4.95,4.90,4.96,4.89,71465,36976555.00,1.41,-1.21,-0.06,0.15
2021-06-22,4.88,5.00,5.02,4.88,116345,60964290.00,2.86,2.04,0.10,0.24
2021-06-23,5.02,4.99,5.02,4.95,61610,32323882.00,1.40,-0.20,-0.01,0.13
2021-06-24,4.99,4.98,5.00,4.94,49610,25931637.00,1.20,-0.20,-0.01,0.10
2021-06-25,4.98,5.00,5.02,4.96,52836,27765336.00,1.20,0.40,0.02,0.11
2021-06-28,5.00,4.99,5.04,4.97,47736,25089291.00,1.40,-0.20,-0.01,0.10
2021-06-29,4.99,4.97,5.00,4.96,37374,19561773.00,0.80,-0.40,-0.02,0.08
2021-06-30,4.96,4.96,4.98,4.89,60751,31501366.00,1.81,-0.20,-0.01,0.13
2021-07-01,4.95,5.02,5.09,4.93,118531,62346552.00,3.23,1.21,0.06,0.25
2021-07-02,5.03,4.98,5.04,4.96,47161,24717807.00,1.59,-0.80,-0.04,0.10
2021-07-05,4.99,5.00,5.02,4.96,33005,17310588.00,1.20,0.40,0.02,0.07
2021-07-06,5.00,4.99,5.01,4.96,46409,24316309.00,1.00,-0.20,-0.01,0.10
2021-07-07,4.99,4.98,5.02,4.96,39858,20921528.00,1.20,-0.20,-0.01,0.08
2021-07-08,5.00,4.98,5.00,4.95,40998,21454404.00,1.00,0.00,0.00,0.09
2021-07-09,4.97,4.98,4.99,4.91,48897,25534040.00,1.61,0.00,0.00,0.10
2021-07-12,4.99,4.97,5.01,4.96,45349,23747890.00,1.00,-0.20,-0.01,0.09
2021-07-13,4.97,4.99,5.01,4.93,57164,29890070.00,1.61,0.40,0.02,0.12
2021-07-14,4.99,5.03,5.12,4.98,88819,47066415.00,2.81,0.80,0.04,0.19
2021-07-15,5.01,4.98,5.05,4.95,62923,33016276.00,1.99,-0.99,-0.05,0.13
2021-07-16,4.98,4.97,4.99,4.95,37779,19776048.00,0.80,-0.20,-0.01,0.08
2021-07-19,4.97,4.99,5.00,4.95,41840,21900887.00,1.01,0.40,0.02,0.09
2021-07-20,4.97,4.92,4.98,4.92,43285,22549903.00,1.20,-1.40,-0.07,0.09
2021-07-21,4.92,4.99,4.99,4.91,61946,32292454.00,1.63,1.42,0.07,0.13
2021-07-22,4.98,4.97,5.01,4.96,42870,22471073.00,1.00,-0.40,-0.02,0.09
2021-07-23,4.97,4.98,4.99,4.92,47063,24582000.00,1.41,0.20,0.01,0.10
2021-07-26,4.98,4.98,4.99,4.94,60087,31412800.00,1.00,0.00,0.00,0.13
2021-07-27,4.96,4.98,5.00,4.95,44206,23161097.00,1.00,0.00,0.00,0.09
2021-07-28,4.96,4.96,4.99,4.77,111958,57760803.00,4.42,-0.40,-0.02,0.23
2021-07-29,4.95,4.98,4.99,4.95,59986,31405439.00,0.81,0.40,0.02,0.12
2021-07-30,4.97,4.99,5.00,4.93,53177,27813357.00,1.41,0.20,0.01,0.11
2021-08-02,4.99,4.99,5.02,4.96,60859,31921709.00,1.20,0.00,0.00,0.13
2021-08-03,4.99,5.03,5.05,4.97,71142,37522156.00,1.60,0.80,0.04,0.15
2021-08-04,5.04,4.99,5.05,4.98,45488,23924963.00,1.39,-0.80,-0.04,0.09
2021-08-05,4.98,5.22,5.26,4.98,192354,103773122.00,5.61,4.61,0.23,0.40
2021-08-06,5.10,5.22,5.31,5.10,149459,81765469.00,4.02,0.00,0.00,0.31
2021-08-09,5.18,5.21,5.24,5.12,89921,48968474.00,2.30,-0.19,-0.01,0.19
2021-08-10,5.20,5.18,5.23,5.09,85128,46004047.00,2.69,-0.58,-0.03,0.18
2021-08-11,5.16,5.12,5.21,5.12,58689,31713012.00,1.74,-1.16,-0.06,0.12
2021-08-12,5.13,5.09,5.14,5.07,58655,31410384.00,1.37,-0.59,-0.03,0.12
2021-08-13,5.09,5.12,5.14,5.07,83050,44485973.00,1.38,0.59,0.03,0.17
2021-08-16,5.12,5.37,5.42,5.11,232457,128974825.00,6.05,4.88,0.25,0.48
2021-08-17,5.38,5.25,5.43,5.21,182214,101372777.00,4.10,-2.23,-0.12,0.38
2021-08-18,5.28,5.45,5.52,5.28,180787,102499484.00,4.57,3.81,0.20,0.38
2021-08-19,5.43,5.32,5.45,5.29,99733,55887064.00,2.94,-2.39,-0.13,0.21
2021-08-20,5.29,5.25,5.34,5.18,98315,54055040.00,3.01,-1.32,-0.07,0.20
2021-08-23,5.25,5.27,5.30,5.21,108063,59593708.00,1.71,0.38,0.02,0.23
2021-08-24,5.28,5.33,5.42,5.27,150390,84282541.00,2.85,1.14,0.06,0.31
2021-08-25,5.30,5.26,5.34,5.23,87619,48358204.00,2.06,-1.31,-0.07,0.18
2021-08-26,5.26,5.30,5.38,5.21,94835,52556991.00,3.23,0.76,0.04,0.20
2021-08-27,5.29,5.31,5.38,5.27,95562,53404073.00,2.08,0.19,0.01,0.20
2021-08-30,5.32,5.26,5.33,5.23,108798,60092075.00,1.88,-0.94,-0.05,0.23
2021-08-31,5.27,5.44,5.44,5.26,190376,107194181.00,3.42,3.42,0.18,0.40
2021-09-01,5.44,5.44,5.54,5.38,164933,94099886.00,2.94,0.00,0.00,0.34
2021-09-02,5.44,5.51,5.53,5.39,115718,66194074.00,2.57,1.29,0.07,0.24
2021-09-03,5.50,5.46,5.54,5.43,102468,58689376.00,2.00,-0.91,-0.05,0.21
2021-09-06,5.44,5.46,5.56,5.44,120827,69309064.00,2.20,0.00,0.00,0.25
2021-09-07,5.45,5.46,5.50,5.42,89977,51367369.00,1.47,0.00,0.00,0.19
2021-09-08,5.48,5.56,5.57,5.47,154058,89136752.00,1.83,1.83,0.10,0.32
2021-09-09,5.55,5.67,5.70,5.49,147488,86649641.00,3.78,1.98,0.11,0.31
2021-09-10,5.64,5.58,5.72,5.54,138788,81482257.00,3.17,-1.59,-0.09,0.29
2021-09-13,5.61,5.67,5.68,5.55,112416,66251359.00,2.33,1.61,0.09,0.23
2021-09-14,5.65,5.46,5.67,5.42,143065,82740916.00,4.41,-3.70,-0.21,0.30
2021-09-15,5.44,5.50,5.52,5.42,96111,55060568.00,1.83,0.73,0.04,0.20
2021-09-16,5.50,5.34,5.59,5.31,153103,87040921.00,5.09,-2.91,-0.16,0.32
2021-09-17,5.32,5.33,5.36,5.20,110615,61342372.00,3.00,-0.19,-0.01,0.23
2021-09-22,5.28,5.53,5.54,5.26,149553,85166026.00,5.25,3.75,0.20,0.31
2021-09-23,5.62,5.78,5.83,5.59,291064,173666855.00,4.34,4.52,0.25,0.61
2021-09-24,5.80,5.64,5.83,5.61,153617,91166940.00,3.81,-2.42,-0.14,0.32
2021-09-27,5.62,5.52,5.73,5.44,146573,85318890.00,5.14,-2.13,-0.12,0.31
2021-09-28,5.49,5.65,5.67,5.48,112486,65991684.00,3.44,2.36,0.13,0.23
2021-09-29,5.63,5.49,5.70,5.47,113347,65915143.00,4.07,-2.83,-0.16,0.24
2021-09-30,5.49,5.83,5.91,5.49,312452,188082454.00,7.65,6.19,0.34,0.65
2021-10-08,6.25,6.12,6.44,6.00,600263,392177024.00,7.55,4.97,0.29,1.25
2021-10-11,5.86,5.61,5.98,5.61,398826,239775159.00,6.05,-8.33,-0.51,0.83
2021-10-12,5.63,5.77,5.90,5.57,323671,195083063.00,5.88,2.85,0.16,0.67
2021-10-13,5.65,5.41,5.66,5.34,263781,150107545.00,5.55,-6.24,-0.36,0.55
2021-10-14,5.35,5.46,5.47,5.33,102976,58364509.00,2.59,0.92,0.05,0.21
2021-10-15,5.43,5.34,5.46,5.29,125236,70187842.00,3.11,-2.20,-0.12,0.26
2021-10-18,5.32,5.39,5.40,5.30,68678,38589802.00,1.87,0.94,0.05,0.14
2021-10-19,5.35,5.41,5.43,5.32,71249,40155689.00,2.04,0.37,0.02,0.15
2021-10-20,5.45,5.43,5.50,5.36,87639,49851219.00,2.59,0.37,0.02,0.18
2021-10-21,5.45,5.33,5.47,5.27,133825,74962091.00,3.68,-1.84,-0.10,0.28
2021-10-22,5.31,5.18,5.31,5.17,109002,59830118.00,2.63,-2.81,-0.15,0.23
2021-10-25,5.16,5.19,5.21,5.14,75041,40767254.00,1.35,0.19,0.01,0.16
2021-10-26,5.20,5.24,5.27,5.16,85026,46667410.00,2.12,0.96,0.05,0.18
2021-10-27,5.20,5.22,5.25,5.16,64785,35356866.00,1.72,-0.38,-0.02,0.13
2021-10-28,5.21,5.17,5.25,5.15,50634,27532804.00,1.92,-0.96,-0.05,0.11
2021-10-29,5.45,5.35,5.49,5.26,210159,118045425.00,4.45,3.48,0.18,0.44
2021-11-01,5.39,5.76,5.81,5.32,390190,229312165.00,9.16,7.66,0.41,0.81
2021-11-02,5.73,5.85,6.01,5.73,391212,240363832.00,4.86,1.56,0.09,0.82
2021-11-03,5.90,5.88,5.94,5.74,159213,97271564.00,3.42,0.51,0.03,0.33
2021-11-04,5.84,5.98,6.00,5.80,147229,90920128.00,3.40,1.70,0.10,0.31
2021-11-05,6.01,5.82,6.02,5.81,128164,78538215.00,3.51,-2.68,-0.16,0.27
2021-11-08,5.87,5.83,5.95,5.75,104836,63960967.00,3.44,0.17,0.01,0.22
2021-11-09,5.95,5.92,6.02,5.80,113416,69800900.00,3.77,1.54,0.09,0.24
2021-11-10,5.94,5.98,5.98,5.84,109438,67613247.00,2.36,1.01,0.06,0.23
2021-11-11,5.93,5.97,6.08,5.92,121645,76156512.00,2.68,-0.17,-0.01,0.25
2021-11-12,6.03,6.14,6.18,5.98,131695,83775410.00,3.35,2.85,0.17,0.27
2021-11-15,6.14,6.15,6.21,6.06,105602,67542888.00,2.44,0.16,0.01,0.22
2021-11-16,6.13,6.11,6.19,6.08,81178,51915871.00,1.79,-0.65,-0.04,0.17
2021-11-17,6.15,6.13,6.15,5.99,77932,49325257.00,2.62,0.33,0.02,0.16
2021-11-18,6.09,5.96,6.12,5.94,124724,78226038.00,2.94,-2.77,-0.17,0.26
2021-11-19,6.00,5.97,6.02,5.87,103270,64142177.00,2.52,0.17,0.01,0.22
2021-11-22,5.99,6.02,6.14,5.89,99819,62707841.00,4.19,0.84,0.05,0.21
2021-11-23,6.07,5.95,6.08,5.92,77052,47914203.00,2.66,-1.16,-0.07,0.16
2021-11-24,5.94,5.93,5.97,5.88,51200,31641021.00,1.51,-0.34,-0.02,0.11
2021-11-25,5.91,5.90,5.95,5.84,63588,39137181.00,1.85,-0.51,-0.03,0.13
2021-11-26,5.90,5.98,6.24,5.90,145068,91526532.00,5.76,1.36,0.08,0.30
2021-11-29,5.85,6.02,6.09,5.82,146831,91369503.00,4.52,0.67,0.04,0.31
2021-11-30,6.04,6.12,6.14,5.90,132524,83496751.00,3.99,1.66,0.10,0.28
2021-12-01,6.07,6.18,6.19,6.02,82430,52713863.00,2.78,0.98,0.06,0.17
2021-12-02,6.17,6.09,6.27,6.06,106631,68255397.00,3.40,-1.46,-0.09,0.22
2021-12-03,6.13,6.09,6.17,6.06,91331,58148210.00,1.81,0.00,0.00,0.19
2021-12-06,6.11,6.03,6.17,6.00,89172,56319052.00,2.79,-0.99,-0.06,0.19
2021-12-07,6.07,5.99,6.13,5.95,84462,53050461.00,2.99,-0.66,-0.04,0.18
2021-12-08,5.96,6.06,6.17,5.96,126576,80283641.00,3.51,1.17,0.07,0.26
2021-12-09,6.05,6.06,6.16,6.02,104948,66421337.00,2.31,0.00,0.00,0.22
2021-12-10,6.01,6.06,6.13,6.01,103838,65740546.00,1.98,0.00,0.00,0.22
2021-12-13,6.04,6.10,6.16,6.04,150108,95362660.00,1.98,0.66,0.04,0.31
2021-12-14,6.11,6.17,6.20,5.99,128181,81394234.00,3.44,1.15,0.07,0.27
2021-12-15,6.17,6.41,6.56,6.12,216823,144396337.00,7.13,3.89,0.24,0.45
2021-12-16,6.43,6.36,6.45,6.29,116409,76994913.00,2.50,-0.78,-0.05,0.24
2021-12-17,6.36,6.35,6.40,6.30,83453,55202567.00,1.57,-0.16,-0.01,0.17
2021-12-20,6.36,6.30,6.40,6.21,83503,54742388.00,2.99,-0.79,-0.05,0.17
2021-12-21,6.31,6.40,6.43,6.28,89920,59713682.00,2.38,1.59,0.10,0.19
2021-12-22,6.43,6.32,6.43,6.30,73585,48565974.00,2.03,-1.25,-0.08,0.15
2021-12-23,6.35,6.35,6.39,6.28,70443,46513735.00,1.74,0.47,0.03,0.15
2021-12-24,6.38,6.22,6.39,6.19,75433,49286400.00,3.15,-2.05,-0.13,0.16
2021-12-27,6.23,6.30,6.35,6.22,80611,52957760.00,2.09,1.29,0.08,0.17
2021-12-28,6.37,6.05,6.38,5.99,150098,95663063.00,6.19,-3.97,-0.25,0.31
2021-12-29,6.07,6.15,6.19,6.04,102776,65740635.00,2.48,1.65,0.10,0.21
2021-12-30,6.10,6.09,6.13,6.06,56860,36114355.00,1.14,-0.98,-0.06,0.12
2021-12-31,6.07,6.15,6.18,6.07,72069,46068423.00,1.81,0.99,0.06,0.15