2014-01-02,3.03,3.06,3.06,2.99,32368,21508892.00,2.31,0.99,0.03,1.25
2014-01-03,3.04,3.00,3.05,2.97,30516,20189860.00,2.61,-1.96,-0.06,1.18
2014-01-06,2.98,2.84,2.99,2.84,34333,21892678.00,5.00,-5.33,-0.16,1.33
2014-01-07,2.84,2.87,2.91,2.81,24429,15473263.00,3.52,1.06,0.03,0.95
2014-01-08,2.86,2.85,2.90,2.82,34304,21640293.00,2.79,-0.70,-0.02,1.33
2014-01-09,2.85,2.73,2.85,2.71,43230,26686907.00,4.91,-4.21,-0.12,1.67
2014-01-10,2.70,2.64,2.73,2.62,36054,21413505.00,4.03,-3.30,-0.09,1.40
2014-01-13,2.64,2.66,2.68,2.64,17308,10251292.00,1.52,0.76,0.02,0.67
2014-01-14,2.66,2.75,2.76,2.66,25106,15159953.00,3.76,3.38,0.09,0.97
2014-01-15,2.76,2.77,2.78,2.74,21138,12955690.00,1.45,0.73,0.02,0.82
2014-01-16,2.77,2.77,2.81,2.76,24114,14897639.00,1.81,0.00,0.00,0.93
2014-01-17,2.77,2.70,2.78,2.69,22811,13771612.00,3.25,-2.53,-0.07,0.88
2014-01-20,2.69,2.74,2.76,2.68,20174,12275150.00,2.96,1.48,0.04,0.78
2014-01-21,2.72,2.81,2.81,2.72,24846,15362462.00,3.28,2.55,0.07,0.96
2014-01-22,2.81,2.87,2.89,2.81,29886,18894875.00,2.85,2.14,0.06,1.16
2014-01-23,2.88,2.87,2.93,2.86,28615,18265880.00,2.44,0.00,0.00,1.11
2014-01-24,2.86,2.94,2.96,2.84,39831,25682953.00,4.18,2.44,0.07,1.54
2014-01-27,2.93,2.93,2.97,2.90,32745,21251248.00,2.38,-0.34,-0.01,1.27
2014-01-28,2.93,2.87,2.95,2.84,31091,19784717.00,3.75,-2.05,-0.06,1.20
2014-01-29,2.87,2.95,2.96,2.87,26747,17181697.00,3.14,2.79,0.08,1.04
2014-01-30,2.95,2.96,3.01,2.93,35866,23454948.00,2.71,0.34,0.01,1.39
2014-02-07,2.92,3.06,3.07,2.92,50581,33555945.00,5.07,3.38,0.10,1.96
2014-02-10,3.09,3.19,3.24,3.09,115690,80980514.00,4.90,4.25,0.13,4.48
2014-02-11,3.17,3.20,3.26,3.17,78178,55012570.00,2.82,0.31,0.01,3.03
2014-02-12,3.19,3.25,3.27,3.15,76568,53925873.00,3.75,1.56,0.05,2.96
2014-02-13,3.24,3.15,3.30,3.14,69822,49281759.00,4.92,-3.08,-0.10,2.70
2014-02-14,3.16,3.22,3.23,3.15,53878,37703007.00,2.54,2.22,0.07,2.09
2014-02-17,3.25,3.32,3.34,3.21,118935,85331888.00,4.04,3.11,0.10,4.61
2014-02-18,3.31,3.28,3.31,3.23,81736,58254701.00,2.41,-1.20,-0.04,3.17
2014-02-19,3.27,3.24,3.27,3.21,57836,40929394.00,1.83,-1.22,-0.04,2.24
2014-02-20,3.23,3.12,3.25,3.11,66431,46106532.00,4.32,-3.70,-0.12,2.57
2014-02-21,3.12,3.10,3.16,3.07,44088,30111312.00,2.88,-0.64,-0.02,1.71
2014-02-24,3.10,3.18,3.19,3.07,58433,40157942.00,3.87,2.58,0.08,2.26
2014-02-25,3.19,3.26,3.49,3.17,176800,127323146.00,10.06,2.52,0.08,6.85
2014-02-26,3.19,3.32,3.33,3.09,105035,73715205.00,7.36,1.84,0.06,4.07
2014-02-27,3.32,3.27,3.42,3.25,134500,97943035.00,5.12,-1.51,-0.05,5.21
2014-02-28,3.23,3.36,3.37,3.20,95546,68887038.00,5.20,2.75,0.09,3.70
2014-03-03,3.37,3.42,3.48,3.35,128803,95658419.00,3.87,1.79,0.06,4.99
2014-03-04,3.39,3.36,3.41,3.28,83577,61086060.00,3.80,-1.75,-0.06,3.24
2014-03-05,3.36,3.28,3.38,3.27,62913,45492035.00,3.27,-2.38,-0.08,2.44
2014-03-06,3.27,3.33,3.35,3.23,53812,38629091.00,3.66,1.52,0.05,2.08
2014-03-07,3.33,3.22,3.35,3.20,55652,39767653.00,4.50,-3.30,-0.11,2.16
2014-03-10,3.17,3.02,3.17,3.00,75881,51328089.00,5.28,-6.21,-0.20,2.94
2014-03-11,3.01,3.04,3.06,3.00,29292,19536664.00,1.99,0.66,0.02,1.13
2014-03-12,3.03,3.02,3.06,2.99,24248,16141193.00,2.30,-0.66,-0.02,0.94
2014-03-13,3.05,3.08,3.09,3.03,25064,16873083.00,1.99,1.99,0.06,0.97
2014-03-14,3.07,3.05,3.10,3.02,19363,12992416.00,2.60,-0.97,-0.03,0.75
2014-03-17,3.06,3.12,3.13,3.05,31981,21750225.00,2.62,2.30,0.07,1.24
2014-03-18,3.12,3.12,3.15,3.10,26500,18149338.00,1.60,0.00,0.00,1.03
2014-03-19,3.10,3.13,3.13,3.06,27339,18527517.00,2.24,0.32,0.01,1.06
2014-03-20,3.12,3.00,3.14,2.99,41284,27886794.00,4.79,-4.15,-0.13,1.60
2014-03-21,3.00,3.10,3.11,2.95,35696,23771379.00,5.33,3.33,0.10,1.38
2014-03-24,3.09,3.12,3.14,3.06,36092,24608002.00,2.58,0.65,0.02,1.40
2014-03-25,3.12,3.11,3.14,3.09,35414,24191521.00,1.60,-0.32,-0.01,1.37
2014-03-26,3.12,3.12,3.13,3.09,33640,22972199.00,1.29,0.32,0.01,1.30
2014-03-27,3.12,3.04,3.12,3.03,39242,26470348.00,2.88,-2.56,-0.08,1.52
2014-03-28,3.03,2.95,3.05,2.95,27254,17979176.00,3.29,-2.96,-0.09,1.06
2014-03-31,2.94,2.96,3.00,2.93,18324,11994687.00,2.37,0.34,0.01,0.71
2014-04-01,2.96,3.03,3.05,2.96,20864,13861325.00,3.04,2.36,0.07,0.77
2014-04-02,3.03,3.03,3.05,3.00,16075,10700311.00,1.65,0.00,0.00,0.59
2014-04-03,3.03,3.05,3.08,3.02,18015,12076918.00,1.98,0.66,0.02,0.66
2014-04-04,3.03,3.09,3.10,3.00,27601,18595296.00,3.28,1.31,0.04,1.02
2014-04-08,3.09,3.12,3.14,3.07,39593,27079437.00,2.27,0.97,0.03,1.46
2014-04-09,3.12,3.13,3.15,3.10,22766,15603359.00,1.60,0.32,0.01,0.84
2014-04-10,3.14,3.12,3.16,3.11,28243,19424715.00,1.60,-0.32,-0.01,1.04
2014-04-11,3.12,3.13,3.14,3.08,25142,17150237.00,1.92,0.32,0.01,0.92
2014-04-14,3.10,3.16,3.17,3.09,42130,28941691.00,2.56,0.96,0.03,1.55
2014-04-15,3.16,3.12,3.17,3.11,20689,14227331.00,1.90,-1.27,-0.04,0.76
2014-04-16,3.12,3.13,3.13,3.07,26463,18029054.00,1.92,0.32,0.01,0.97
2014-04-17,3.13,3.09,3.14,3.09,24643,16809057.00,1.60,-1.28,-0.04,0.91
2014-04-18,3.10,3.11,3.12,3.08,20247,13788523.00,1.29,0.65,0.02,0.74
2014-04-21,3.07,3.00,3.10,2.99,29550,19819982.00,3.54,-3.54,-0.11,1.09
2014-04-22,3.01,2.99,3.02,2.95,20303,13313893.00,2.33,-0.33,-0.01,0.75
2014-04-23,2.99,2.97,3.00,2.95,16172,10590920.00,1.67,-0.67,-0.02,0.59
2014-04-24,2.97,2.96,3.00,2.95,14553,9525093.00,1.68,-0.34,-0.01,0.54
2014-04-25,2.95,2.85,2.98,2.84,24023,15420267.00,4.73,-3.72,-0.11,0.88
2014-04-28,2.84,2.74,2.84,2.73,19640,12054311.00,3.86,-3.86,-0.11,0.72
2014-04-29,2.75,2.79,2.80,2.74,17530,10771748.00,2.19,1.82,0.05,0.64
2014-04-30,2.77,2.80,2.81,2.76,12282,7598464.00,1.79,0.36,0.01,0.45
2014-05-05,2.80,2.81,2.82,2.77,17403,10766081.00,1.79,0.36,0.01,0.64
2014-05-06,2.80,2.86,2.89,2.80,19384,12230852.00,3.20,1.78,0.05,0.71
2014-05-07,2.83,2.76,2.86,2.76,13421,8345615.00,3.50,-3.50,-0.10,0.49
2014-05-08,2.76,2.78,2.83,2.76,10937,6768803.00,2.54,0.72,0.02,0.40
2014-05-09,2.78,2.77,2.79,2.74,8358,5123339.00,1.80,-0.36,-0.01,0.31
2014-05-12,2.79,2.87,2.88,2.79,20489,12910712.00,3.25,3.61,0.10,0.75
2014-05-13,2.87,2.89,2.92,2.85,19651,12553382.00,2.44,0.70,0.02,0.72
2014-05-14,2.88,2.85,2.89,2.84,14342,9065979.00,1.73,-1.38,-0.04,0.53
2014-05-15,2.85,2.80,2.88,2.78,13464,8446993.00,3.51,-1.75,-0.05,0.50
2014-05-16,2.79,2.80,2.81,2.75,12611,7776784.00,2.14,0.00,0.00,0.46
2014-05-19,2.80,2.81,2.82,2.78,7776,4822070.00,1.43,0.36,0.01,0.29
2014-05-20,2.82,2.83,2.86,2.82,8457,5313412.00,1.42,0.71,0.02,0.31
2014-05-21,2.84,2.86,2.87,2.79,12118,7619413.00,2.83,1.06,0.03,0.45
2014-05-22,2.86,2.84,2.89,2.83,11066,6999476.00,2.10,-0.70,-0.02,0.41
2014-05-23,2.85,2.87,2.87,2.82,8413,5308444.00,1.76,1.06,0.03,0.31
2014-05-26,2.87,2.88,2.89,2.85,8927,5671649.00,1.39,0.35,0.01,0.33
2014-05-27,2.89,2.88,2.89,2.87,9429,6003921.00,0.69,0.00,0.00,0.35
2014-05-28,2.88,2.90,2.91,2.85,17629,11223588.00,2.08,0.69,0.02,0.65
2014-05-29,2.90,2.89,2.94,2.87,26321,16904632.00,2.41,-0.34,-0.01,0.97
2014-05-30,2.92,2.94,2.98,2.91,30572,19842094.00,2.42,1.73,0.05,1.12
2014-06-03,2.97,2.92,2.97,2.92,15513,10051261.00,1.70,-0.68,-0.02,0.57
2014-06-04,2.92,2.86,2.92,2.82,25404,16133434.00,3.42,-2.05,-0.06,0.93
2014-06-05,2.89,2.92,2.92,2.86,10796,6921474.00,2.10,2.10,0.06,0.40
2014-06-06,2.91,2.94,2.97,2.91,22308,14504964.00,2.05,0.68,0.02,0.82
2014-06-09,2.95,2.94,3.00,2.93,17098,11174587.00,2.38,0.00,0.00,0.63
2014-06-10,2.99,3.05,3.07,2.95,51785,34506754.00,4.08,3.74,0.11,1.90
2014-06-11,3.04,3.03,3.06,3.01,27436,18295424.00,1.64,-0.66,-0.02,1.01
2014-06-12,3.04,3.03,3.08,3.02,21815,14566195.00,1.98,0.00,0.00,0.80
2014-06-13,3.02,3.06,3.07,3.00,24780,16641736.00,2.31,0.99,0.03,0.91
2014-06-16,3.07,3.06,3.08,3.05,19055,12812062.00,0.98,0.00,0.00,0.70
2014-06-17,3.08,3.04,3.09,3.03,18402,12346023.00,1.96,-0.65,-0.02,0.68
2014-06-18,3.05,3.05,3.12,3.04,37245,25147074.00,2.63,0.33,0.01,1.37
2014-06-19,3.07,2.97,3.07,2.95,31482,20914529.00,3.93,-2.62,-0.08,1.16
2014-06-20,2.97,3.03,3.09,2.96,32655,21812954.00,4.38,2.02,0.06,1.20
2014-06-23,3.06,3.13,3.16,3.04,49312,33745518.00,3.96,3.30,0.10,1.81
2014-06-24,3.10,3.14,3.16,3.10,34695,23879792.00,1.92,0.32,0.01,1.28
2014-06-25,3.15,3.14,3.16,3.11,26653,18319912.00,1.59,0.00,0.00,0.98
2014-06-26,3.15,3.16,3.18,3.13,31237,21631048.00,1.59,0.64,0.02,1.15
2014-06-27,3.14,3.20,3.24,3.14,52712,36969307.00,3.16,1.27,0.04,1.94
2014-06-30,3.20,3.26,3.28,3.20,42660,30303258.00,2.50,1.88,0.06,1.57
2014-07-01,3.25,3.25,3.28,3.22,35176,24992199.00,1.84,-0.31,-0.01,1.29
2014-07-02,3.26,3.45,3.53,3.23,145387,108283823.00,9.23,6.15,0.20,5.35
2014-07-03,3.42,3.38,3.43,3.34,75307,55406178.00,2.61,-2.03,-0.07,2.77
2014-07-04,3.36,3.36,3.42,3.36,32539,23942269.00,1.78,-0.59,-0.02,1.20
2014-07-07,3.36,3.67,3.70,3.36,253132,197256525.00,10.12,9.23,0.31,9.31
2014-07-08,3.64,3.64,3.67,3.59,88980,69829331.00,2.18,-0.82,-0.03,3.27
2014-07-09,3.63,3.71,3.78,3.60,207389,166601029.00,4.95,1.92,0.07,7.63
2014-07-10,3.70,3.65,3.70,3.58,97918,77017492.00,3.23,-1.62,-0.06,3.60
2014-07-11,3.65,3.74,3.77,3.62,167458,134054420.00,4.11,2.47,0.09,6.16
2014-07-14,3.74,3.89,3.95,3.66,260423,216227209.00,7.75,4.01,0.15,9.58
2014-07-15,3.87,3.77,3.89,3.72,199235,162821925.00,4.37,-3.08,-0.12,7.33
2014-07-16,3.77,3.76,3.77,3.53,212597,168415021.00,6.37,-0.27,-0.01,7.82
2014-07-17,3.74,3.75,3.80,3.64,105500,85114061.00,4.26,-0.27,-0.01,3.88
2014-07-18,3.70,3.67,3.75,3.64,110080,87820689.00,2.93,-2.13,-0.08,4.05
2014-07-21,3.66,3.71,3.73,3.58,118431,93581600.00,4.09,1.09,0.04,4.36
2014-07-22,3.69,3.77,3.81,3.65,169329,137541269.00,4.31,1.62,0.06,6.23
2014-07-23,3.76,3.74,3.79,3.69,170279,137303754.00,2.65,-0.80,-0.03,6.26
2014-07-24,3.65,3.71,3.74,3.64,138137,110370804.00,2.67,-0.80,-0.03,5.08
2014-07-25,3.73,3.86,3.93,3.69,291879,239205249.00,6.47,4.04,0.15,10.74
2014-07-28,3.85,3.83,3.89,3.73,314316,255519839.00,4.15,-0.78,-0.03,11.56
2014-07-29,3.78,3.72,3.81,3.71,312354,249576452.00,2.61,-2.87,-0.11,11.49
2014-07-30,3.70,3.58,3.70,3.53,252269,193557535.00,4.57,-3.76,-0.14,9.28
2014-07-31,3.55,3.58,3.59,3.53,94131,71917117.00,1.68,0.00,0.00,3.46
2014-08-01,3.59,3.52,3.60,3.52,82587,63097860.00,2.23,-1.68,-0.06,3.04
2014-08-04,3.53,3.58,3.59,3.53,64504,49335837.00,1.70,1.70,0.06,2.37
2014-08-05,3.59,3.59,3.60,3.55,56682,43427942.00,1.40,0.28,0.01,2.08
2014-08-06,3.58,3.63,3.63,3.57,73839,57068884.00,1.67,1.11,0.04,2.72
2014-08-07,3.63,3.55,3.63,3.55,62673,48149812.00,2.20,-2.20,-0.08,2.31
2014-08-08,3.55,3.56,3.57,3.52,51883,39426816.00,1.41,0.28,0.01,1.91
2014-08-11,3.56,3.61,3.62,3.56,59838,46185391.00,1.69,1.40,0.05,2.20
2014-08-12,3.62,3.62,3.63,3.59,57016,44034165.00,1.11,0.28,0.01,2.10
2014-08-13,3.62,3.60,3.63,3.56,53430,41046844.00,1.93,-0.55,-0.02,1.97
2014-08-14,3.60,3.57,3.61,3.56,51154,39290272.00,1.39,-0.83,-0.03,1.88
2014-08-15,3.57,3.62,3.63,3.57,69218,53575520.00,1.68,1.40,0.05,2.55
2014-08-18,3.64,3.75,3.78,3.63,139152,111039612.00,4.14,3.59,0.13,5.12
2014-08-19,3.74,3.74,3.75,3.70,71958,57175887.00,1.33,-0.27,-0.01,2.65
2014-08-20,3.74,3.74,3.77,3.72,71235,56882207.00,1.34,0.00,0.00,2.62
2014-08-21,3.75,3.70,3.75,3.67,53814,42603593.00,2.14,-1.07,-0.04,1.98
2014-08-22,3.70,3.70,3.72,3.64,87860,68954221.00,2.16,0.00,0.00,3.23
2014-08-25,3.72,3.75,3.78,3.68,104601,83722201.00,2.70,1.35,0.05,3.85
2014-08-26,3.73,3.63,3.77,3.62,77238,60918828.00,4.00,-3.20,-0.12,2.84
2014-08-27,3.62,3.66,3.67,3.60,39551,30816397.00,1.93,0.83,0.03,1.45
2014-08-28,3.65,3.55,3.67,3.55,50864,39172751.00,3.28,-3.01,-0.11,1.87
2014-08-29,3.55,3.61,3.62,3.55,33274,25509178.00,1.97,1.69,0.06,1.22
2014-09-01,3.62,3.80,3.82,3.62,132272,106244898.00,5.54,5.26,0.19,4.87
2014-09-02,3.83,3.95,4.02,3.80,188121,156554218.00,5.79,3.95,0.15,6.92
2014-09-03,3.95,3.95,4.02,3.87,132277,110785620.00,3.80,0.00,0.00,4.87
2014-09-04,3.95,3.99,4.14,3.91,158768,136218470.00,5.82,1.01,0.04,5.84
2014-09-05,4.00,4.01,4.04,3.94,99272,84352480.00,2.51,0.50,0.02,3.65
2014-09-09,4.03,4.04,4.08,3.96,77064,65990039.00,2.99,0.75,0.03,2.83
2014-09-10,4.04,4.11,4.23,4.00,120679,105818073.00,5.69,1.73,0.07,4.44
2014-09-11,4.09,4.01,4.18,3.96,128768,111182395.00,5.35,-2.43,-0.10,4.74
2014-09-12,4.01,4.11,4.11,4.01,96659,83515158.00,2.49,2.49,0.10,3.56
2014-09-15,4.17,4.24,4.32,4.15,107665,97032200.00,4.14,3.16,0.13,3.96
2014-09-16,4.22,4.02,4.24,3.99,129169,113226740.00,5.90,-5.19,-0.22,4.75
2014-09-17,4.02,4.01,4.05,3.91,76467,64699154.00,3.48,-0.25,-0.01,2.81
2014-09-18,3.99,4.08,4.13,3.96,66974,57853463.00,4.24,1.75,0.07,2.46
2014-09-19,4.07,4.19,4.23,4.03,97277,85478525.00,4.90,2.70,0.11,3.58
2014-09-22,4.22,4.13,4.27,4.10,86471,76710576.00,4.06,-1.43,-0.06,3.18
2014-09-23,4.15,4.30,4.34,4.12,135734,122111616.00,5.33,4.12,0.17,4.99
2014-09-24,4.25,4.34,4.37,4.25,118366,108327362.00,2.79,0.93,0.04,4.35
2014-09-25,4.37,4.29,4.38,4.27,92047,84305737.00,2.53,-1.15,-0.05,3.39
2014-09-26,4.29,4.34,4.42,4.26,77746,71524200.00,3.73,1.17,0.05,2.86
2014-09-29,4.35,4.38,4.42,4.33,74748,69134755.00,2.07,0.92,0.04,2.75
2014-09-30,4.38,4.50,4.54,4.36,100983,95378879.00,4.11,2.74,0.12,3.71
2014-10-08,4.53,4.53,4.55,4.44,72318,68712509.00,2.44,0.67,0.03,2.66
2014-10-09,4.51,4.47,4.58,4.41,76244,72165732.00,3.75,-1.32,-0.06,2.80
2014-10-10,4.43,4.38,4.46,4.35,81687,76013929.00,2.46,-2.01,-0.09,3.00
2014-10-13,4.35,4.46,4.48,4.27,78916,72907060.00,4.79,1.83,0.08,2.90
2014-10-14,4.44,4.36,4.52,4.34,75219,70511622.00,4.04,-2.24,-0.10,2.77
2014-10-15,4.36,4.38,4.41,4.31,52516,48480461.00,2.29,0.46,0.02,1.93
2014-10-16,4.34,4.32,4.44,4.31,67730,62633287.00,2.97,-1.37,-0.06,2.49
2014-10-17,4.32,4.13,4.34,4.01,101896,89919073.00,7.64,-4.40,-0.19,3.75
2014-10-20,4.15,4.19,4.20,4.12,51347,45375020.00,1.94,1.45,0.06,1.89
2014-10-21,4.20,4.19,4.25,4.17,45991,41022885.00,1.91,0.00,0.00,1.69
2014-10-22,4.18,4.18,4.34,4.16,68479,61779194.00,4.30,-0.24,-0.01,2.52
2014-10-23,4.17,4.09,4.22,4.04,49505,43196767.00,4.31,-2.15,-0.09,1.82
2014-10-24,4.06,4.06,4.15,4.03,33570,29143901.00,2.93,-0.73,-0.03,1.23
2014-10-27,4.06,4.14,4.15,4.02,28510,24730385.00,3.20,1.97,0.08,1.05
2014-10-28,4.16,4.27,4.28,4.15,49977,44801978.00,3.14,3.14,0.13,1.84
2014-10-29,4.25,4.33,4.35,4.25,64524,58819666.00,2.34,1.41,0.06,2.37
2014-10-30,4.31,4.30,4.40,4.29,66959,61444538.00,2.54,-0.69,-0.03,2.46
2014-10-31,4.31,4.34,4.36,4.27,68172,62257793.00,2.09,0.93,0.04,2.51
2014-11-03,4.34,4.36,4.41,4.34,56505,52277674.00,1.61,0.46,0.02,2.08
2014-11-04,4.37,4.29,4.39,4.28,53366,48821723.00,2.52,-1.61,-0.07,1.96
2014-11-05,4.27,4.29,4.32,4.26,37436,34011666.00,1.40,0.00,0.00,1.38
2014-11-06,4.29,4.38,4.40,4.29,70880,65455829.00,2.56,2.10,0.09,2.61
2014-11-07,4.38,4.23,4.42,4.20,83107,76043528.00,5.02,-3.42,-0.15,3.06
2014-11-10,4.24,4.23,4.26,4.18,50363,45061263.00,1.89,0.00,0.00,1.85
2014-11-11,4.23,4.05,4.26,3.99,70694,61825248.00,6.38,-4.26,-0.18,2.60
2014-11-12,4.04,4.12,4.12,4.01,39995,34740551.00,2.72,1.73,0.07,1.47
2014-11-13,4.12,4.09,4.17,4.01,45057,39172105.00,3.88,-0.73,-0.03,1.66
2014-11-14,4.08,4.09,4.11,4.01,26539,22936193.00,2.44,0.00,0.00,0.98
2014-11-17,4.09,4.16,4.18,4.07,32908,28915046.00,2.69,1.71,0.07,1.21
2014-11-18,4.14,4.18,4.21,4.14,27761,24607585.00,1.68,0.48,0.02,1.02
2014-11-19,4.20,4.19,4.22,4.15,26290,23312800.00,1.67,0.24,0.01,0.97
2014-11-20,4.18,4.20,4.21,4.13,40688,35930543.00,1.91,0.24,0.01,1.50
2014-11-21,4.18,4.20,4.22,4.17,35332,31458643.00,1.19,0.00,0.00,1.30
2014-11-24,4.23,4.21,4.25,4.19,52907,47294710.00,1.43,0.24,0.01,1.95
2014-11-25,4.21,4.29,4.29,4.20,54564,49219421.00,2.14,1.90,0.08,2.01
2014-11-26,4.29,4.31,4.32,4.24,62030,56307172.00,1.86,0.47,0.02,2.28
2014-11-27,4.30,4.33,4.36,4.30,64890,59419961.00,1.39,0.46,0.02,2.39
2014-11-28,4.33,4.34,4.37,4.25,70520,64604923.00,2.77,0.23,0.01,2.59
2014-12-01,4.34,4.36,4.47,4.30,86115,79834987.00,3.92,0.46,0.02,3.17
2014-12-02,4.35,4.38,4.44,4.33,74614,69451923.00,2.52,0.46,0.02,2.74
2014-12-03,4.41,4.68,4.70,4.37,178365,170640175.00,7.53,6.85,0.30,6.56
2014-12-04,4.65,4.69,4.75,4.60,108962,106902963.00,3.21,0.21,0.01,4.01
2014-12-05,4.65,4.42,4.67,4.25,131829,124798109.00,8.96,-5.76,-0.27,4.85
2014-12-08,4.40,4.51,4.63,4.35,110975,105530335.00,6.33,2.04,0.09,4.08
2014-12-09,4.70,4.35,4.73,4.29,168978,163241669.00,9.76,-3.55,-0.16,6.22
2014-12-10,4.31,4.45,4.48,4.25,77486,71702248.00,5.29,2.30,0.10,2.85
2014-12-11,4.43,4.52,4.56,4.35,79360,75161815.00,4.72,1.57,0.07,2.92
2014-12-12,4.52,4.62,4.62,4.48,78451,75551395.00,3.10,2.21,0.10,2.89
2014-12-15,4.56,4.77,4.81,4.54,116578,116315583.00,5.84,3.25,0.15,4.29
2014-12-16,4.79,4.75,4.85,4.68,72317,72183413.00,3.56,-0.42,-0.02,2.66
2014-12-17,4.75,4.63,4.75,4.50,71378,69343282.00,5.26,-2.53,-0.12,2.63
2014-12-18,4.61,4.65,4.74,4.56,59466,58354789.00,3.89,0.43,0.02,2.19
2014-12-19,4.65,4.57,4.67,4.49,54484,52627025.00,3.87,-1.72,-0.08,2.00
2014-12-22,4.55,4.29,4.56,4.20,80112,73503517.00,7.88,-6.13,-0.28,2.95
2014-12-23,4.26,4.19,4.38,4.15,36842,33333075.00,5.36,-2.33,-0.10,1.36
2014-12-24,4.17,4.26,4.28,4.17,29871,26846254.00,2.63,1.67,0.07,1.10
2014-12-25,4.25,4.28,4.30,4.17,52720,47423045.00,3.05,0.47,0.02,1.94
2014-12-26,4.29,4.29,4.33,4.26,43793,39848800.00,1.64,0.23,0.01,1.61
2014-12-29,4.28,4.10,4.28,4.08,56184,49488337.00,4.66,-4.43,-0.19,2.07
2014-12-30,4.10,3.88,4.10,3.87,67354,56737039.00,5.61,-5.37,-0.22,2.48
2014-12-31,3.90,3.93,3.96,3.88,32658,27207379.00,2.06,1.29,0.05,1.20