2018-01-02,3.62,3.67,3.67,3.62,67794,28108288.00,1.38,1.38,0.05,0.31
2018-01-03,3.65,3.70,3.71,3.65,73561,30815577.00,1.63,0.82,0.03,0.34
2018-01-04,3.70,3.68,3.70,3.66,47213,19733601.00,1.08,-0.54,-0.02,0.22
2018-01-05,3.67,3.75,3.75,3.67,88291,37253927.00,2.17,1.90,0.07,0.41
2018-01-08,3.73,3.74,3.75,3.69,73895,31180579.00,1.60,-0.27,-0.01,0.34
2018-01-09,3.74,3.72,3.74,3.71,42195,17822205.00,0.80,-0.53,-0.02,0.20
2018-01-10,3.72,3.70,3.73,3.67,46779,19601236.00,1.61,-0.54,-0.02,0.22
2018-01-11,3.69,3.69,3.70,3.67,24918,10428599.00,0.81,-0.27,-0.01,0.12
2018-01-12,3.70,3.70,3.71,3.68,30901,12964859.00,0.81,0.27,0.01,0.14
2018-01-15,3.69,3.65,3.69,3.62,47665,19842972.00,1.89,-1.35,-0.05,0.22
2018-01-16,3.64,3.67,3.67,3.63,35960,14942012.00,1.10,0.55,0.02,0.17
2018-01-17,3.66,3.74,3.75,3.65,96937,40799102.00,2.72,1.91,0.07,0.45
2018-01-18,3.73,3.76,3.76,3.72,46380,19636644.00,1.07,0.53,0.02,0.21
2018-01-19,3.76,3.77,3.80,3.75,73875,31593392.00,1.33,0.27,0.01,0.34
2018-01-22,3.75,3.81,3.82,3.75,65365,28072251.00,1.86,1.06,0.04,0.30
2018-01-23,3.82,3.83,3.83,3.79,44892,19354411.00,1.05,0.52,0.02,0.21
2018-01-24,3.83,3.89,3.92,3.81,102974,45171695.00,2.87,1.57,0.06,0.48
2018-01-25,3.87,3.86,3.89,3.85,68592,29944657.00,1.03,-0.77,-0.03,0.32
2018-01-26,3.85,3.85,3.88,3.84,52323,22824030.00,1.04,-0.26,-0.01,0.24
2018-01-29,3.86,3.82,3.89,3.81,61321,26688326.00,2.08,-0.78,-0.03,0.28
2018-01-30,3.82,3.80,3.86,3.79,46843,20276957.00,1.83,-0.52,-0.02,0.22
2018-01-31,3.78,3.74,3.79,3.72,61193,26026439.00,1.84,-1.58,-0.06,0.28
2018-02-01,3.73,3.65,3.75,3.64,71226,29798488.00,2.94,-2.41,-0.09,0.33
2018-02-02,3.64,3.66,3.67,3.57,66758,27511185.00,2.74,0.27,0.01,0.31
2018-02-05,3.62,3.68,3.68,3.59,52555,21766297.00,2.46,0.55,0.02,0.24
2018-02-06,3.61,3.57,3.65,3.56,65989,27071016.00,2.45,-2.99,-0.11,0.31
2018-02-07,3.61,3.59,3.65,3.56,68580,28173876.00,2.52,0.56,0.02,0.32
2018-02-08,3.60,3.60,3.62,3.57,47259,19334770.00,1.39,0.28,0.01,0.22
2018-02-09,3.56,3.45,3.57,3.41,91215,36242371.00,4.44,-4.17,-0.15,0.42
2018-02-12,3.48,3.48,3.50,3.43,36339,14446628.00,2.03,0.87,0.03,0.17
2018-02-13,3.49,3.52,3.53,3.49,24117,9679417.00,1.15,1.15,0.04,0.11
2018-02-14,3.51,3.53,3.54,3.48,28798,11548312.00,1.70,0.28,0.01,0.13
2018-02-22,3.54,3.56,3.57,3.54,22179,8997653.00,0.85,0.85,0.03,0.10
2018-02-23,3.55,3.56,3.58,3.54,22617,9176831.00,1.12,0.00,0.00,0.10
2018-02-26,3.57,3.60,3.60,3.56,39152,15977581.00,1.12,1.12,0.04,0.18
2018-02-27,3.59,3.57,3.61,3.55,35988,14635008.00,1.67,-0.83,-0.03,0.17
2018-02-28,3.57,3.56,3.57,3.53,20174,8179650.00,1.12,-0.28,-0.01,0.09
2018-03-01,3.55,3.57,3.57,3.53,29977,12169077.00,1.12,0.28,0.01,0.14
2018-03-02,3.56,3.53,3.56,3.53,29469,11908091.00,0.84,-1.12,-0.04,0.14
2018-03-05,3.53,3.54,3.55,3.52,23526,9487032.00,0.85,0.28,0.01,0.11
2018-03-06,3.54,3.59,3.59,3.53,43714,17737169.00,1.69,1.41,0.05,0.20
2018-03-07,3.59,3.58,3.62,3.57,44190,18130337.00,1.39,-0.28,-0.01,0.20
2018-03-08,3.58,3.61,3.62,3.58,28030,11502575.00,1.12,0.84,0.03,0.13
2018-03-09,3.60,3.64,3.64,3.60,30522,12565819.00,1.11,0.83,0.03,0.14
2018-03-12,3.64,3.65,3.65,3.62,38867,16090271.00,0.82,0.27,0.01,0.18
2018-03-13,3.64,3.62,3.64,3.60,40279,16578116.00,1.10,-0.82,-0.03,0.19
2018-03-14,3.63,3.60,3.63,3.58,26897,11028733.00,1.38,-0.55,-0.02,0.12
2018-03-15,3.58,3.60,3.61,3.57,32834,13416668.00,1.11,0.00,0.00,0.15
2018-03-16,3.60,3.58,3.60,3.57,24271,9912055.00,0.83,-0.56,-0.02,0.11
2018-03-19,3.58,3.56,3.58,3.54,28765,11684556.00,1.12,-0.56,-0.02,0.13
2018-03-20,3.53,3.55,3.57,3.52,25363,10256844.00,1.40,-0.28,-0.01,0.12
2018-03-21,3.55,3.59,3.65,3.54,65815,26929755.00,3.10,1.13,0.04,0.30
2018-03-22,3.58,3.57,3.59,3.55,30277,12314938.00,1.11,-0.56,-0.02,0.14
2018-03-23,3.51,3.41,3.52,3.39,89584,35486271.00,3.64,-4.48,-0.16,0.41
2018-03-26,3.38,3.42,3.42,3.35,34930,13590405.00,2.05,0.29,0.01,0.16
2018-03-27,3.44,3.47,3.49,3.44,39064,15487455.00,1.46,1.46,0.05,0.18
2018-03-28,3.44,3.44,3.47,3.43,22732,8975107.00,1.15,-0.86,-0.03,0.11
2018-03-29,3.45,3.48,3.49,3.44,26978,10682768.00,1.45,1.16,0.04,0.12
2018-03-30,3.46,3.45,3.47,3.43,40871,16142163.00,1.15,-0.86,-0.03,0.19
2018-04-02,3.44,3.45,3.46,3.43,31333,12359364.00,0.87,0.00,0.00,0.14
2018-04-03,3.43,3.39,3.43,3.36,46474,18070084.00,2.03,-1.74,-0.06,0.21
2018-04-04,3.38,3.37,3.41,3.37,24061,9349501.00,1.18,-0.59,-0.02,0.11
2018-04-09,3.37,3.39,3.40,3.35,24808,9599701.00,1.48,0.59,0.02,0.11
2018-04-10,3.39,3.41,3.42,3.37,25796,10040531.00,1.47,0.59,0.02,0.12
2018-04-11,3.42,3.41,3.43,3.38,32845,12834577.00,1.47,0.00,0.00,0.15
2018-04-12,3.40,3.40,3.41,3.38,23699,9223114.00,0.88,-0.29,-0.01,0.11
2018-04-13,3.40,3.39,3.41,3.37,23247,9034727.00,1.18,-0.29,-0.01,0.11
2018-04-16,3.38,3.35,3.39,3.35,25044,9675180.00,1.18,-1.18,-0.04,0.12
2018-04-17,3.36,3.31,3.38,3.30,29771,11410892.00,2.39,-1.19,-0.04,0.14
2018-04-18,3.32,3.33,3.34,3.29,24232,9237727.00,1.51,0.60,0.02,0.11
2018-04-19,3.32,3.34,3.36,3.31,34712,13293499.00,1.50,0.30,0.01,0.16
2018-04-20,3.34,3.26,3.34,3.24,34501,13047953.00,2.99,-2.40,-0.08,0.16
2018-04-23,3.25,3.26,3.28,3.24,19200,7215404.00,1.23,0.00,0.00,0.09
2018-04-24,3.25,3.31,3.32,3.25,32072,12186543.00,2.15,1.53,0.05,0.15
2018-04-25,3.30,3.29,3.30,3.28,15178,5751963.00,0.60,-0.60,-0.02,0.07
2018-04-26,3.29,3.25,3.29,3.24,23537,8859626.00,1.52,-1.22,-0.04,0.11
2018-04-27,3.25,3.25,3.27,3.22,24131,9007283.00,1.54,0.00,0.00,0.11
2018-05-02,3.26,3.34,3.37,3.26,73978,28307523.00,3.38,2.77,0.09,0.34
2018-05-03,3.34,3.37,3.38,3.31,33575,12916672.00,2.10,0.90,0.03,0.16
2018-05-04,3.36,3.37,3.39,3.35,28248,10933892.00,1.19,0.00,0.00,0.13
2018-05-07,3.37,3.41,3.42,3.36,30224,11794645.00,1.78,1.19,0.04,0.14
2018-05-08,3.40,3.41,3.43,3.39,35147,13740899.00,1.17,0.00,0.00,0.16
2018-05-09,3.40,3.42,3.43,3.40,29100,11404963.00,0.88,0.29,0.01,0.13
2018-05-10,3.41,3.43,3.44,3.41,21659,8503976.00,0.88,0.29,0.01,0.10
2018-05-11,3.44,3.39,3.44,3.38,24747,9642046.00,1.75,-1.17,-0.04,0.11
2018-05-14,3.38,3.38,3.41,3.37,19946,7765334.00,1.18,-0.29,-0.01,0.09
2018-05-15,3.38,3.40,3.40,3.36,20129,7808852.00,1.18,0.59,0.02,0.09
2018-05-16,3.40,3.38,3.41,3.37,17758,6901191.00,1.18,-0.59,-0.02,0.08
2018-05-17,3.36,3.39,3.40,3.36,14886,5781353.00,1.18,0.30,0.01,0.07
2018-05-18,3.38,3.41,3.42,3.37,20364,7941093.00,1.47,0.59,0.02,0.09
2018-05-21,3.42,3.47,3.47,3.42,36751,14526611.00,1.47,1.76,0.06,0.17
2018-05-22,3.46,3.45,3.49,3.43,24267,9600350.00,1.73,-0.58,-0.02,0.11
2018-05-23,3.45,3.42,3.46,3.40,23572,9272252.00,1.74,-0.87,-0.03,0.11
2018-05-24,3.42,3.41,3.43,3.40,16269,6367773.00,0.88,-0.29,-0.01,0.08
2018-05-25,3.41,3.39,3.41,3.38,17879,6959510.00,0.88,-0.59,-0.02,0.08
2018-05-28,3.39,3.38,3.41,3.36,22162,8613279.00,1.47,-0.29,-0.01,0.10
2018-05-29,3.38,3.38,3.41,3.37,17261,6716393.00,1.18,0.00,0.00,0.08
2018-05-30,3.38,3.26,3.38,3.25,40187,15290990.00,3.85,-3.55,-0.12,0.19
2018-05-31,3.27,3.30,3.31,3.27,26234,9952744.00,1.23,1.23,0.04,0.12
2018-06-01,3.29,3.28,3.30,3.25,41734,15734451.00,1.52,-0.61,-0.02,0.19
2018-06-04,3.28,3.29,3.29,3.26,30119,11362174.00,0.91,0.30,0.01,0.14
2018-06-05,3.28,3.32,3.33,3.27,33139,12600731.00,1.82,0.91,0.03,0.15
2018-06-06,3.33,3.34,3.35,3.31,22007,8434053.00,1.20,0.60,0.02,0.10
2018-06-07,3.35,3.34,3.36,3.31,31360,12045821.00,1.50,0.00,0.00,0.15
2018-06-08,3.32,3.31,3.34,3.28,27139,10326727.00,1.80,-0.90,-0.03,0.13
2018-06-11,3.31,3.30,3.35,3.28,22533,8571415.00,2.11,-0.30,-0.01,0.10
2018-06-12,3.30,3.31,3.32,3.26,23600,8942893.00,1.82,0.30,0.01,0.11
2018-06-13,3.30,3.26,3.31,3.25,25111,9471906.00,1.81,-1.51,-0.05,0.12
2018-06-14,3.27,3.23,3.28,3.23,35091,13168575.00,1.53,-0.92,-0.03,0.16
2018-06-15,3.25,3.22,3.27,3.19,40908,15239958.00,2.48,-0.31,-0.01,0.19
2018-06-19,3.21,3.01,3.21,2.92,67103,24041969.00,9.01,-6.52,-0.21,0.31
2018-06-20,3.01,3.08,3.09,2.99,30869,10937870.00,3.32,2.33,0.07,0.14
2018-06-21,3.07,3.03,3.11,3.00,31377,11169783.00,3.57,-1.62,-0.05,0.15
2018-06-22,3.03,3.06,3.07,2.98,27302,9366514.00,2.97,0.99,0.03,0.13
2018-06-25,3.06,3.02,3.10,3.01,30226,10455818.00,2.94,-1.31,-0.04,0.14
2018-06-26,3.01,3.02,3.04,2.95,37576,12754450.00,2.98,0.00,0.00,0.17
2018-06-27,3.01,2.98,3.02,2.97,24175,8216311.00,1.66,-1.32,-0.04,0.11
2018-06-28,2.98,2.98,3.01,2.97,20124,6825187.00,1.34,0.00,0.00,0.09
2018-06-29,2.98,3.03,3.05,2.96,30791,10506885.00,3.02,1.68,0.05,0.14
2018-07-02,3.03,2.97,3.04,2.96,30529,10383542.00,2.64,-1.98,-0.06,0.14
2018-07-03,2.98,3.01,3.01,2.96,27647,9353751.00,1.68,1.35,0.04,0.13
2018-07-04,3.02,3.00,3.02,2.98,25173,8566677.00,1.33,-0.33,-0.01,0.12
2018-07-05,3.00,2.99,3.03,2.98,37929,12918241.00,1.67,-0.33,-0.01,0.18
2018-07-06,2.99,2.96,3.01,2.89,47766,16009655.00,4.01,-1.00,-0.03,0.22
2018-07-09,2.96,3.01,3.01,2.96,33648,11410526.00,1.69,1.69,0.05,0.16
2018-07-10,3.01,3.02,3.03,2.99,26621,9073200.00,1.33,0.33,0.01,0.12
2018-07-11,3.00,2.96,3.00,2.94,31939,10748794.00,1.99,-1.99,-0.06,0.15
2018-07-12,2.96,3.02,3.04,2.96,42171,14389953.00,2.70,2.03,0.06,0.19
2018-07-13,3.01,3.02,3.03,3.00,29320,10000258.00,0.99,0.00,0.00,0.14
2018-07-16,3.01,2.99,3.02,2.98,23311,7920427.00,1.32,-0.99,-0.03,0.11
2018-07-17,2.99,3.00,3.01,2.97,22932,7766214.00,1.34,0.33,0.01,0.11
2018-07-18,2.99,3.02,3.02,2.98,22205,7558840.00,1.33,0.67,0.02,0.10
2018-07-19,3.01,3.02,3.03,2.99,22153,7548971.00,1.32,0.00,0.00,0.10
2018-07-20,3.02,3.10,3.20,2.98,70110,24248990.00,7.28,2.65,0.08,0.32
2018-07-23,3.05,3.12,3.13,3.04,57045,19902364.00,2.90,0.65,0.02,0.26
2018-07-24,3.14,3.33,3.38,3.13,203385,74734884.00,8.01,6.73,0.21,0.94
2018-07-25,3.32,3.26,3.33,3.21,159523,58253509.00,3.60,-2.10,-0.07,0.74
2018-07-26,3.23,3.41,3.52,3.22,260483,98108273.00,9.20,4.60,0.15,1.20
2018-07-27,3.45,3.30,3.45,3.29,169839,63677355.00,4.69,-3.23,-0.11,0.79
2018-07-30,3.28,3.23,3.29,3.20,101660,36976143.00,2.73,-2.12,-0.07,0.47
2018-07-31,3.21,3.23,3.27,3.20,47997,17428594.00,2.17,0.00,0.00,0.22
2018-08-01,3.25,3.29,3.42,3.23,186191,69171320.00,5.88,1.86,0.06,0.86
2018-08-02,3.23,3.23,3.26,3.12,107596,38735776.00,4.26,-1.82,-0.06,0.50
2018-08-03,3.23,3.18,3.25,3.18,45831,16513587.00,2.17,-1.55,-0.05,0.21
2018-08-06,3.16,3.07,3.22,3.02,80012,28151316.00,6.29,-3.46,-0.11,0.37
2018-08-07,3.06,3.18,3.19,3.06,59130,20914539.00,4.23,3.58,0.11,0.27
2018-08-08,3.17,3.19,3.21,3.14,54721,19576478.00,2.20,0.31,0.01,0.25
2018-08-09,3.17,3.22,3.24,3.14,63181,22828904.00,3.13,0.94,0.03,0.29
2018-08-10,3.21,3.20,3.24,3.18,46485,16751774.00,1.86,-0.62,-0.02,0.21
2018-08-13,3.17,3.17,3.19,3.12,47741,17000959.00,2.19,-0.94,-0.03,0.22
2018-08-14,3.17,3.18,3.19,3.16,24396,8717977.00,0.95,0.32,0.01,0.11
2018-08-15,3.18,3.11,3.21,3.10,42334,15071739.00,3.46,-2.20,-0.07,0.20
2018-08-16,3.08,3.08,3.14,3.05,34844,12163956.00,2.89,-0.96,-0.03,0.16
2018-08-17,3.09,3.03,3.12,3.03,32417,11258963.00,2.92,-1.62,-0.05,0.15
2018-08-20,3.03,3.06,3.07,3.01,25566,8795462.00,1.98,0.99,0.03,0.12
2018-08-21,3.06,3.08,3.11,3.05,28657,9986150.00,1.96,0.65,0.02,0.13
2018-08-22,3.08,3.05,3.09,3.04,18035,6238698.00,1.62,-0.97,-0.03,0.08
2018-08-23,3.05,3.07,3.09,3.05,19262,6672045.00,1.31,0.66,0.02,0.09
2018-08-24,3.07,3.09,3.11,3.06,21415,7466785.00,1.63,0.65,0.02,0.10
2018-08-27,3.09,3.13,3.14,3.09,30098,10587853.00,1.62,1.29,0.04,0.14
2018-08-28,3.14,3.13,3.16,3.11,26217,9268093.00,1.60,0.00,0.00,0.12
2018-08-29,3.12,3.10,3.12,3.07,40909,14284383.00,1.60,-0.96,-0.03,0.19
2018-08-30,3.10,3.07,3.11,3.06,32806,11443621.00,1.61,-0.97,-0.03,0.15
2018-08-31,3.08,3.05,3.09,3.04,29077,10059073.00,1.63,-0.65,-0.02,0.13
2018-09-03,3.05,3.04,3.05,3.00,27328,9370159.00,1.64,-0.33,-0.01,0.13
2018-09-04,3.04,3.07,3.08,3.02,25084,8659677.00,1.97,0.99,0.03,0.12
2018-09-05,3.06,3.03,3.07,3.02,26838,9241218.00,1.63,-1.30,-0.04,0.12
2018-09-06,3.03,3.02,3.05,3.00,20845,7134904.00,1.65,-0.33,-0.01,0.10
2018-09-07,3.01,3.05,3.07,3.01,33113,11414788.00,1.99,0.99,0.03,0.15
2018-09-10,3.05,3.00,3.05,3.00,20013,6841813.00,1.64,-1.64,-0.05,0.09
2018-09-11,3.00,3.00,3.02,2.98,25614,8681506.00,1.33,0.00,0.00,0.12
2018-09-12,3.00,3.00,3.01,2.98,15062,5109924.00,1.00,0.00,0.00,0.07
2018-09-13,3.02,3.01,3.02,2.99,17769,6049039.00,1.00,0.33,0.01,0.08
2018-09-14,3.02,3.00,3.02,2.99,18484,6293479.00,1.00,-0.33,-0.01,0.09
2018-09-17,2.99,2.97,3.00,2.96,23164,7814647.00,1.33,-1.00,-0.03,0.11
2018-09-18,2.98,3.05,3.05,2.96,36931,12593820.00,3.03,2.69,0.08,0.17
2018-09-19,3.03,3.07,3.10,3.01,46101,15963802.00,2.95,0.66,0.02,0.21
2018-09-20,3.07,3.04,3.08,3.04,33235,11489154.00,1.30,-0.98,-0.03,0.15
2018-09-21,3.04,3.10,3.11,3.03,44006,15281158.00,2.63,1.97,0.06,0.20
2018-09-25,3.09,3.08,3.09,3.06,22927,7969807.00,0.97,-0.65,-0.02,0.11
2018-09-26,3.08,3.09,3.11,3.07,31368,10961498.00,1.30,0.32,0.01,0.15
2018-09-27,3.09,3.07,3.10,3.05,30546,10600945.00,1.62,-0.65,-0.02,0.14
2018-09-28,3.06,3.08,3.09,3.06,23107,8031713.00,0.98,0.33,0.01,0.11
2018-10-08,3.05,3.00,3.06,2.99,33629,11531277.00,2.27,-2.60,-0.08,0.16
2018-10-09,3.03,3.02,3.05,3.00,21156,7240587.00,1.67,0.67,0.02,0.10
2018-10-10,3.04,3.03,3.05,3.01,11434,3925498.00,1.32,0.33,0.01,0.05
2018-10-11,2.99,2.80,3.01,2.76,90241,29667398.00,8.25,-7.59,-0.23,0.42
2018-10-12,2.76,2.78,2.79,2.70,51129,16110502.00,3.21,-0.71,-0.02,0.24
2018-10-15,2.79,2.74,2.79,2.73,28674,9066674.00,2.16,-1.44,-0.04,0.13
2018-10-16,2.73,2.71,2.76,2.70,24835,7758783.00,2.19,-1.09,-0.03,0.11
2018-10-17,2.75,2.74,2.76,2.70,25372,7937697.00,2.21,1.11,0.03,0.12
2018-10-18,2.75,2.67,2.75,2.66,33835,10467630.00,3.28,-2.55,-0.07,0.16
2018-10-19,2.64,2.71,2.72,2.63,37434,11504083.00,3.37,1.50,0.04,0.17
2018-10-22,2.71,2.82,2.86,2.69,74180,23686265.00,6.27,4.06,0.11,0.34
2018-10-23,2.81,2.78,2.82,2.76,38846,12389326.00,2.13,-1.42,-0.04,0.18
2018-10-24,2.76,2.78,2.82,2.76,25047,7988681.00,2.16,0.00,0.00,0.12
2018-10-25,2.74,2.77,2.77,2.71,32531,10198064.00,2.16,-0.36,-0.01,0.15
2018-10-26,2.77,2.81,2.82,2.77,37052,11854320.00,1.81,1.44,0.04,0.17
2018-10-29,2.80,2.79,2.82,2.79,25622,8209775.00,1.07,-0.71,-0.02,0.12
2018-10-30,2.78,2.82,2.84,2.76,32929,10569206.00,2.87,1.08,0.03,0.15
2018-10-31,2.83,2.84,2.85,2.81,33536,10852755.00,1.42,0.71,0.02,0.16
2018-11-01,2.84,2.83,2.87,2.82,36646,11913757.00,1.76,-0.35,-0.01,0.17
2018-11-02,2.84,2.88,2.88,2.84,36915,12048911.00,1.41,1.77,0.05,0.17
2018-11-05,2.88,2.88,2.90,2.85,43349,14188444.00,1.74,0.00,0.00,0.20
2018-11-06,2.88,2.88,2.90,2.85,33698,11031782.00,1.74,0.00,0.00,0.16
2018-11-07,2.88,2.87,2.90,2.86,31015,10171774.00,1.39,-0.35,-0.01,0.14
2018-11-08,2.87,2.87,2.89,2.86,23836,7802404.00,1.05,0.00,0.00,0.11
2018-11-09,2.88,2.84,2.88,2.83,27955,9076341.00,1.74,-1.05,-0.03,0.13
2018-11-12,2.85,2.96,2.99,2.84,107417,35800959.00,5.28,4.23,0.12,0.50
2018-11-13,2.93,2.99,3.00,2.91,94986,31903302.00,3.04,1.01,0.03,0.44
2018-11-14,2.97,2.97,3.03,2.97,74073,25150552.00,2.01,-0.67,-0.02,0.34
2018-11-15,2.97,3.03,3.03,2.96,56852,19303158.00,2.36,2.02,0.06,0.26
2018-11-16,3.03,3.07,3.09,3.00,79920,27632203.00,2.97,1.32,0.04,0.37
2018-11-19,3.07,3.08,3.09,3.03,48014,16618685.00,1.95,0.33,0.01,0.22
2018-11-20,3.13,3.10,3.20,3.08,159088,56385350.00,3.90,0.65,0.02,0.74
2018-11-21,3.05,3.07,3.09,3.03,71750,24812268.00,1.94,-0.97,-0.03,0.33
2018-11-22,3.08,3.06,3.08,3.03,44225,15281602.00,1.63,-0.33,-0.01,0.20
2018-11-23,3.04,2.95,3.06,2.93,65776,22238358.00,4.25,-3.59,-0.11,0.30
2018-11-26,2.92,2.94,2.97,2.91,30370,10137421.00,2.03,-0.34,-0.01,0.14
2018-11-27,2.93,2.92,2.94,2.90,38103,12648871.00,1.36,-0.68,-0.02,0.18
2018-11-28,2.92,2.96,2.97,2.87,34857,11606708.00,3.42,1.37,0.04,0.16
2018-11-29,2.96,2.90,2.98,2.90,31289,10465458.00,2.70,-2.03,-0.06,0.14
2018-11-30,2.91,2.92,2.93,2.89,23816,7884910.00,1.38,0.69,0.02,0.11
2018-12-03,2.97,2.98,3.01,2.96,46863,15866119.00,1.71,2.05,0.06,0.22
2018-12-04,3.00,3.00,3.01,2.97,24247,8210265.00,1.34,0.67,0.02,0.11
2018-12-05,2.93,3.06,3.07,2.93,106231,36317829.00,4.67,2.00,0.06,0.49
2018-12-06,3.10,3.04,3.12,3.00,109964,37951251.00,3.92,-0.65,-0.02,0.51
2018-12-07,3.05,3.05,3.06,2.96,61528,20934973.00,3.29,0.33,0.01,0.28
2018-12-10,3.01,2.98,3.02,2.97,40516,13745811.00,1.64,-2.30,-0.07,0.19
2018-12-11,3.00,2.95,3.01,2.95,39107,13172184.00,2.01,-1.01,-0.03,0.18
2018-12-12,2.97,2.94,2.97,2.94,25524,8556977.00,1.02,-0.34,-0.01,0.12
2018-12-13,2.96,2.98,3.00,2.94,38695,13061961.00,2.04,1.36,0.04,0.18
2018-12-14,2.97,2.93,2.98,2.93,33554,11238032.00,1.68,-1.68,-0.05,0.16
2018-12-17,2.92,2.93,2.93,2.89,18814,6232949.00,1.37,0.00,0.00,0.09
2018-12-18,2.91,2.97,2.99,2.91,47546,15977362.00,2.73,1.37,0.04,0.22
2018-12-19,2.98,2.96,2.98,2.95,23985,8062892.00,1.01,-0.34,-0.01,0.11
2018-12-20,2.96,2.98,2.98,2.94,27962,9398255.00,1.35,0.68,0.02,0.13
2018-12-21,2.97,2.98,2.99,2.95,38438,12971367.00,1.34,0.00,0.00,0.18
2018-12-24,2.99,3.03,3.03,2.97,42694,14519774.00,2.01,1.68,0.05,0.20
2018-12-25,3.02,3.00,3.02,2.97,57656,19548492.00,1.65,-0.99,-0.03,0.27
2018-12-26,2.98,3.03,3.04,2.98,35685,12191571.00,2.00,1.00,0.03,0.17
2018-12-27,3.05,3.01,3.07,3.01,36769,12655147.00,1.98,-0.66,-0.02,0.17
2018-12-28,3.02,3.08,3.08,3.01,60707,20964693.00,2.33,2.33,0.07,0.28