2018-01-02,13.65,13.52,13.67,13.35,78368,121277407.00,2.37,0.30,0.04,0.62
2018-01-03,13.51,13.11,13.52,13.02,174270,264912782.00,3.70,-3.03,-0.41,1.39
2018-01-04,13.16,13.19,13.42,13.12,137712,210769377.00,2.29,0.61,0.08,1.10
2018-01-05,13.26,13.15,13.28,13.02,81001,122759363.00,1.97,-0.30,-0.04,0.65
2018-01-08,13.12,13.70,13.71,12.98,170629,265130393.00,5.55,4.18,0.55,1.36
2018-01-09,13.66,14.20,14.74,13.58,227186,369822688.00,8.47,3.65,0.50,1.81
2018-01-10,14.18,14.28,14.59,13.97,169448,276234144.00,4.37,0.56,0.08,1.35
2018-01-11,14.27,14.33,14.42,14.05,100570,164084214.00,2.59,0.35,0.05,0.80
2018-01-12,14.19,15.16,15.41,14.19,208925,351381888.00,8.51,5.79,0.83,1.67
2018-01-15,15.16,15.00,15.88,14.80,256877,446061664.00,7.12,-1.06,-0.16,2.05
2018-01-16,15.07,15.96,16.27,14.92,282170,502563248.00,9.00,6.40,0.96,2.25
2018-01-17,15.98,15.65,16.26,15.49,166312,297071488.00,4.82,-1.94,-0.31,1.33
2018-01-18,15.63,15.86,16.05,15.63,121875,217884126.00,2.68,1.34,0.21,0.97
2018-01-19,15.84,15.50,15.84,15.15,134699,234608047.00,4.35,-2.27,-0.36,1.07
2018-01-22,15.40,16.06,16.14,15.35,153947,274251552.00,5.10,3.61,0.56,1.23
2018-01-23,16.04,15.86,16.07,15.58,109745,195569600.00,3.05,-1.25,-0.20,0.87
2018-01-24,15.87,15.54,15.91,15.27,94881,166318704.00,4.04,-2.02,-0.32,0.76
2018-01-25,15.42,15.15,15.44,14.77,134908,230075132.00,4.31,-2.51,-0.39,1.08
2018-01-26,15.18,15.19,15.39,15.04,84428,145552163.00,2.31,0.26,0.04,0.67
2018-01-29,15.16,14.38,15.16,14.16,156348,259862982.00,6.58,-5.33,-0.81,1.25
2018-01-30,14.36,14.51,14.71,14.35,76724,126737253.00,2.50,0.90,0.13,0.61
2018-01-31,14.49,14.50,14.73,14.37,93472,155346590.00,2.48,-0.07,-0.01,0.75
2018-02-01,14.50,13.71,14.55,13.66,104481,167314340.00,6.14,-5.45,-0.79,0.83
2018-02-02,13.75,13.67,13.90,13.22,91229,141970200.00,4.96,-0.29,-0.04,0.73
2018-02-05,13.46,13.33,13.53,12.78,122534,186821277.00,5.49,-2.49,-0.34,0.98
2018-02-06,13.01,13.07,13.60,12.96,99365,152300625.00,4.80,-1.95,-0.26,0.79
2018-02-07,13.37,12.81,13.45,12.65,96798,145743685.00,6.12,-1.99,-0.26,0.77
2018-02-08,12.66,13.04,13.25,12.66,62640,94471310.00,4.61,1.80,0.23,0.50
2018-02-09,12.69,12.62,12.87,12.34,89056,130125648.00,4.06,-3.22,-0.42,0.71
2018-02-12,12.85,13.14,13.22,12.68,65605,98452276.00,4.28,4.12,0.52,0.52
2018-02-13,13.34,13.64,13.85,13.17,118160,184252963.00,5.18,3.81,0.50,0.94
2018-02-14,13.52,13.88,14.07,13.52,74235,117809847.00,4.03,1.76,0.24,0.59
2018-02-22,13.96,14.20,14.31,13.96,65531,105737125.00,2.52,2.31,0.32,0.52
2018-02-23,14.13,14.11,14.24,13.97,73224,117952572.00,1.90,-0.63,-0.09,0.58
2018-02-26,14.09,14.22,14.25,13.86,51679,83476848.00,2.76,0.78,0.11,0.41
2018-02-27,14.16,13.84,14.27,13.82,41636,66803285.00,3.16,-2.67,-0.38,0.33
2018-02-28,13.55,13.81,14.02,13.34,62147,98426682.00,4.91,-0.22,-0.03,0.50
2018-03-01,13.78,14.25,14.39,13.78,65255,105894201.00,4.42,3.19,0.44,0.52
2018-03-02,14.12,13.95,14.27,13.88,49673,79719031.00,2.74,-2.11,-0.30,0.40
2018-03-05,13.95,13.77,14.17,13.68,58501,93359489.00,3.51,-1.29,-0.18,0.47
2018-03-06,13.80,14.62,14.72,13.80,121485,198816184.00,6.68,6.17,0.85,0.97
2018-03-07,14.62,14.73,14.95,14.52,104419,175565341.00,2.94,0.75,0.11,0.83
2018-03-08,14.74,14.83,14.95,14.54,49824,83667653.00,2.78,0.68,0.10,0.40
2018-03-09,14.97,14.95,15.07,14.79,63858,108248380.00,1.89,0.81,0.12,0.51
2018-03-12,14.95,14.86,15.03,14.62,74940,126289506.00,2.74,-0.60,-0.09,0.60
2018-03-13,14.72,14.76,15.14,14.70,49234,83430870.00,2.96,-0.67,-0.10,0.39
2018-03-14,14.58,14.74,14.77,14.45,43179,71948550.00,2.17,-0.14,-0.02,0.34
2018-03-15,14.63,14.99,15.29,14.62,88379,150859977.00,4.55,1.70,0.25,0.70
2018-03-16,15.14,15.02,15.19,14.91,74205,126766228.00,1.87,0.20,0.03,0.59
2018-03-19,15.01,14.83,15.14,14.75,42582,72184776.00,2.60,-1.26,-0.19,0.34
2018-03-20,14.76,14.38,14.76,14.18,58505,96010021.00,3.91,-3.03,-0.45,0.47
2018-03-21,14.38,14.30,14.61,14.22,45286,74447829.00,2.71,-0.56,-0.08,0.36
2018-03-22,14.42,14.19,14.48,14.11,41095,66948420.00,2.59,-0.77,-0.11,0.33
2018-03-23,13.68,13.32,14.12,12.99,72334,112834673.00,7.96,-6.13,-0.87,0.58
2018-03-26,13.27,13.40,13.56,13.10,65382,100554333.00,3.45,0.60,0.08,0.52
2018-03-27,13.56,13.48,13.64,13.34,62597,96897252.00,2.24,0.60,0.08,0.50
2018-03-28,13.25,12.93,13.36,12.77,90807,136591831.00,4.38,-4.08,-0.55,0.72
2018-03-29,12.98,13.46,13.55,12.84,72869,111192821.00,5.49,4.10,0.53,0.58
2018-03-30,13.47,13.68,13.84,13.33,68026,106527159.00,3.79,1.63,0.22,0.54
2018-04-02,13.42,13.41,13.76,13.22,66617,103331753.00,3.95,-1.97,-0.27,0.53
2018-04-03,13.22,13.78,13.82,13.20,100230,157504534.00,4.62,2.76,0.37,0.80
2018-04-04,13.71,14.85,15.22,13.71,241838,404564336.00,10.96,7.76,1.07,1.93
2018-04-09,14.82,15.12,15.14,14.59,104578,177488726.00,3.70,1.82,0.27,0.83
2018-04-10,15.26,15.25,15.62,14.82,204918,353995392.00,5.29,0.86,0.13,1.63
2018-04-11,15.36,15.36,15.67,15.30,118445,207726126.00,2.43,0.72,0.11,0.94
2018-04-12,15.40,15.61,15.90,15.40,122172,216704643.00,3.26,1.63,0.25,0.97
2018-04-13,15.69,15.37,15.84,15.28,66543,116518085.00,3.59,-1.54,-0.24,0.53
2018-04-16,15.37,15.46,15.96,15.17,82640,145159272.00,5.14,0.59,0.09,0.66
2018-04-17,15.85,15.23,15.88,15.19,82428,144508994.00,4.46,-1.49,-0.23,0.66
2018-04-18,15.31,15.25,15.41,14.82,78701,135194568.00,3.87,0.13,0.02,0.63
2018-04-19,15.39,15.46,15.86,15.38,95111,168272267.00,3.15,1.38,0.21,0.76
2018-04-20,15.36,14.99,15.72,14.88,121033,208500761.00,5.43,-3.04,-0.47,0.96
2018-04-23,14.79,15.25,15.57,14.79,98362,169879981.00,5.20,1.73,0.26,0.78
2018-04-24,15.37,15.55,15.84,15.17,128173,225942129.00,4.39,1.97,0.30,1.02
2018-04-25,15.56,15.33,15.57,15.02,77116,133391086.00,3.54,-1.41,-0.22,0.61
2018-04-26,15.47,14.31,15.47,14.24,116557,194560432.00,8.02,-6.65,-1.02,0.93
2018-04-27,14.52,14.68,14.82,14.34,100584,167253342.00,3.35,2.59,0.37,0.80
2018-05-02,14.57,15.60,15.62,14.55,188434,326229776.00,7.29,6.27,0.92,1.50
2018-05-03,15.63,15.94,16.05,15.35,182478,324956256.00,4.49,2.18,0.34,1.45
2018-05-04,15.97,16.27,16.53,15.77,217102,398641360.00,4.77,2.07,0.33,1.73
2018-05-07,16.44,18.10,18.10,16.43,241723,472292544.00,10.26,11.25,1.83,1.93
2018-05-08,18.79,18.94,19.72,18.47,350369,733067824.00,6.91,4.64,0.84,2.79
2018-05-09,18.99,19.38,19.59,18.57,257210,540962928.00,5.39,2.32,0.44,2.05
2018-05-10,19.20,19.71,19.79,18.95,262585,560622976.00,4.33,1.70,0.33,2.09
2018-05-11,19.47,19.16,19.84,18.86,191354,409305248.00,4.97,-2.79,-0.55,1.53
2018-05-14,19.16,19.34,19.77,18.99,169095,361387504.00,4.07,0.94,0.18,1.35
2018-05-15,19.30,19.16,19.32,18.53,228852,477997552.00,4.08,-0.93,-0.18,1.82
2018-05-16,19.10,19.65,20.09,18.99,276894,596588864.00,5.74,2.56,0.49,2.21
2018-05-17,19.49,18.76,19.57,18.55,194103,406323728.00,5.19,-4.53,-0.89,1.55
2018-05-18,18.83,18.79,18.94,18.22,172029,354572160.00,3.84,0.16,0.03,1.37
2018-05-21,19.00,18.88,19.24,18.50,126300,261072100.00,3.94,0.48,0.09,1.01
2018-05-22,18.90,19.21,19.29,18.72,157641,328180896.00,3.02,1.75,0.33,1.26
2018-05-23,19.22,18.42,19.22,18.33,131155,269279920.00,4.63,-4.11,-0.79,1.05
2018-05-24,18.38,18.42,18.91,18.32,153158,312346032.00,3.20,0.00,0.00,1.22
2018-05-25,18.48,18.96,19.17,18.48,182686,377994816.00,3.75,2.93,0.54,1.46
2018-05-28,18.88,20.37,20.72,18.88,313356,678088000.00,9.70,7.44,1.41,2.50
2018-05-29,20.32,19.81,20.96,19.77,246429,545284576.00,5.84,-2.75,-0.56,1.96
2018-05-30,19.32,20.32,21.08,18.84,263976,577890016.00,11.31,2.57,0.51,2.10
2018-05-31,20.63,21.80,22.35,19.94,246474,566683664.00,11.86,7.28,1.48,1.96
2018-06-01,21.32,20.64,21.80,20.13,232564,528604960.00,7.66,-5.32,-1.16,1.85
2018-06-04,20.67,20.67,21.07,19.92,181076,405617952.00,5.57,0.15,0.03,1.44
2018-06-05,20.75,21.58,21.84,20.33,150619,346307632.00,7.31,4.40,0.91,1.20
2018-06-06,21.34,21.61,21.90,21.24,134844,314682352.00,3.06,0.14,0.03,1.07
2018-06-07,21.55,21.33,21.62,20.89,116239,267790448.00,3.38,-1.30,-0.28,0.93
2018-06-08,21.31,21.53,22.15,20.77,127087,294788304.00,6.47,0.94,0.20,1.01
2018-06-11,21.61,20.69,21.61,20.42,126049,285489648.00,5.53,-3.90,-0.84,1.00
2018-06-12,20.59,22.38,22.41,20.59,204451,480792976.00,8.80,8.17,1.69,1.63
2018-06-13,22.10,21.93,22.29,21.47,142702,337838912.00,3.66,-2.01,-0.45,1.14
2018-06-14,21.85,21.25,22.17,20.98,131591,306026256.00,5.43,-3.10,-0.68,1.05
2018-06-15,21.27,20.85,21.40,20.23,140409,315481104.00,5.51,-1.88,-0.40,1.12
2018-06-19,20.33,19.15,20.65,18.59,151119,322961088.00,9.88,-8.15,-1.70,1.20
2018-06-20,19.01,20.18,20.49,19.01,153418,334362992.00,7.73,5.38,1.03,1.22
2018-06-21,20.20,19.74,20.79,19.72,94080,207982466.00,5.30,-2.18,-0.44,0.75
2018-06-22,19.72,20.89,21.02,19.33,111395,247926749.00,8.56,5.83,1.15,0.89
2018-06-25,21.08,21.62,22.20,20.73,150140,352026272.00,7.04,3.49,0.73,1.20
2018-06-26,21.52,22.25,22.71,21.22,137083,327515872.00,6.89,2.91,0.63,1.09
2018-06-27,22.12,20.77,22.12,20.44,126622,290259392.00,7.55,-6.65,-1.48,1.01
2018-06-28,20.44,20.47,21.04,19.52,89448,198081714.00,7.32,-1.44,-0.30,0.71
2018-06-29,20.24,21.05,21.19,20.03,88897,200971765.00,5.67,2.83,0.58,0.71
2018-07-02,21.22,21.33,22.21,21.04,107769,251669471.00,5.56,1.33,0.28,0.86
2018-07-03,21.32,20.41,21.55,19.63,138961,307693536.00,9.00,-4.31,-0.92,1.11
2018-07-04,20.42,19.71,20.76,19.65,100342,221204647.00,5.44,-3.43,-0.70,0.80
2018-07-05,19.73,18.64,20.37,18.25,172764,359205552.00,10.76,-5.43,-1.07,1.38
2018-07-06,18.64,18.11,18.72,17.42,141931,281741104.00,6.97,-2.84,-0.53,1.13
2018-07-09,18.21,19.01,19.19,18.02,122589,250134567.00,6.46,4.97,0.90,0.98
2018-07-10,19.01,19.34,19.50,18.78,93838,196048699.00,3.79,1.74,0.33,0.75
2018-07-11,18.90,18.73,19.10,18.25,100744,205880792.00,4.40,-3.15,-0.61,0.80
2018-07-12,18.77,19.56,19.62,18.77,113440,239657650.00,4.54,4.43,0.83,0.90
2018-07-13,19.47,20.66,20.70,19.22,168147,368676032.00,7.57,5.62,1.10,1.34
2018-07-16,20.53,20.57,20.82,20.22,92380,205424846.00,2.90,-0.44,-0.09,0.74
2018-07-17,20.52,19.95,20.52,19.44,130565,282547152.00,5.25,-3.01,-0.62,1.04
2018-07-18,19.48,19.10,19.67,18.91,163566,342967152.00,3.81,-4.26,-0.85,1.30
2018-07-19,18.92,18.62,19.27,18.26,117873,240750132.00,5.29,-2.51,-0.48,0.94
2018-07-20,18.61,18.52,18.69,17.92,146330,293223152.00,4.14,-0.54,-0.10,1.17
2018-07-23,18.49,18.15,18.49,17.72,166834,330380512.00,4.16,-2.00,-0.37,1.33
2018-07-24,18.32,19.06,19.10,18.10,179584,368562064.00,5.51,5.01,0.91,1.43
2018-07-25,18.86,18.82,19.17,18.54,122750,252257290.00,3.31,-1.26,-0.24,0.98
2018-07-26,18.77,18.28,19.10,18.15,92414,188270398.00,5.05,-2.87,-0.54,0.74
2018-07-27,18.18,18.49,18.94,17.87,116919,237629646.00,5.85,1.15,0.21,0.93
2018-07-30,18.44,17.99,18.61,17.90,87173,173501860.00,3.84,-2.70,-0.50,0.69
2018-07-31,18.13,18.96,19.10,18.05,192089,394523792.00,5.84,5.39,0.97,1.53
2018-08-01,18.97,18.42,19.08,18.28,130391,267189781.00,4.22,-2.85,-0.54,1.04
2018-08-02,18.50,18.26,18.50,17.45,124057,245387531.00,5.70,-0.87,-0.16,0.99
2018-08-03,18.12,17.86,18.23,17.57,103010,202944516.00,3.61,-2.19,-0.40,0.82
2018-08-06,17.62,16.83,17.62,16.49,134351,252941970.00,6.33,-5.77,-1.03,1.07
2018-08-07,16.74,17.01,17.14,16.19,110525,204496925.00,5.64,1.07,0.18,0.88
2018-08-08,17.00,16.36,17.00,16.12,88512,161261629.00,5.17,-3.82,-0.65,0.71
2018-08-09,16.18,16.87,17.06,16.10,96224,178665547.00,5.87,3.12,0.51,0.77
2018-08-10,16.80,16.99,17.32,16.72,80920,152671726.00,3.56,0.71,0.12,0.65
2018-08-13,16.76,16.71,16.77,16.35,88809,163121563.00,2.47,-1.65,-0.28,0.71
2018-08-14,16.82,17.02,17.32,16.78,86243,162256442.00,3.23,1.86,0.31,0.69
2018-08-15,16.93,16.17,16.99,16.03,94899,171871226.00,5.64,-4.99,-0.85,0.76
2018-08-16,15.82,15.73,16.41,15.42,95301,167986446.00,6.12,-2.72,-0.44,0.76
2018-08-17,15.97,15.07,16.09,15.02,88796,153649329.00,6.80,-4.20,-0.66,0.71
2018-08-20,15.10,15.34,15.38,14.77,90214,152545419.00,4.05,1.79,0.27,0.72
2018-08-21,15.34,15.97,16.14,15.31,110193,193955196.00,5.41,4.11,0.63,0.88
2018-08-22,15.82,15.83,16.14,15.68,61042,108055377.00,2.88,-0.88,-0.14,0.49
2018-08-23,15.91,15.98,16.26,15.70,69864,124212396.00,3.54,0.95,0.15,0.56
2018-08-24,15.94,15.48,15.94,15.30,85805,148363182.00,4.01,-3.13,-0.50,0.68
2018-08-27,15.65,16.66,16.78,15.65,153415,278371376.00,7.30,7.62,1.18,1.22
2018-08-28,16.66,16.39,16.75,16.13,103272,187496101.00,3.72,-1.62,-0.27,0.82
2018-08-29,16.40,16.56,16.85,16.29,104246,191410336.00,3.42,1.04,0.17,0.83
2018-08-30,16.54,16.51,16.96,16.29,100813,185650784.00,4.05,-0.30,-0.05,0.80
2018-08-31,16.42,15.87,16.42,15.65,104957,185315422.00,4.66,-3.88,-0.64,0.84
2018-09-03,15.71,16.09,16.16,15.42,71442,125499858.00,4.66,1.39,0.22,0.57
2018-09-04,16.08,16.06,16.24,15.69,82088,145560514.00,3.42,-0.19,-0.03,0.65
2018-09-05,15.98,15.55,15.98,15.49,71260,124721136.00,3.05,-3.18,-0.51,0.57
2018-09-06,15.44,15.51,15.80,15.35,54864,95153838.00,2.89,-0.26,-0.04,0.44
2018-09-07,15.48,15.71,16.12,15.48,79624,140264655.00,4.13,1.29,0.20,0.63
2018-09-10,15.66,15.55,15.97,15.43,54581,95123115.00,3.44,-1.02,-0.16,0.44
2018-09-11,15.50,15.47,15.72,15.33,52257,90192157.00,2.51,-0.51,-0.08,0.42
2018-09-12,15.47,14.95,15.55,14.88,78776,132726149.00,4.33,-3.36,-0.52,0.63
2018-09-13,15.05,14.93,15.29,14.51,81980,136477299.00,5.22,-0.13,-0.02,0.65
2018-09-14,14.86,15.36,15.49,14.68,97817,166273516.00,5.43,2.88,0.43,0.78
2018-09-17,15.21,15.05,15.50,14.95,66632,113220613.00,3.58,-2.02,-0.31,0.53
2018-09-18,15.02,15.67,15.72,14.92,91303,156759282.00,5.32,4.12,0.62,0.73
2018-09-19,15.55,16.95,17.29,15.55,228920,423385552.00,11.10,8.17,1.28,1.82
2018-09-20,16.90,16.95,17.13,16.78,114521,214420348.00,2.06,0.00,0.00,0.91
2018-09-21,17.12,17.77,18.02,17.03,155040,299829520.00,5.84,4.84,0.82,1.24
2018-09-25,17.47,17.87,18.22,17.36,92638,181503609.00,4.84,0.56,0.10,0.74
2018-09-26,17.86,18.22,18.81,17.86,156841,315556032.00,5.32,1.96,0.35,1.25
2018-09-27,18.22,18.02,18.30,17.87,102645,203915453.00,2.36,-1.10,-0.20,0.82
2018-09-28,18.08,18.22,18.29,17.77,90214,179616679.00,2.89,1.11,0.20,0.72
2018-10-08,17.72,17.31,17.95,17.23,100427,193308498.00,3.95,-4.99,-0.91,0.80
2018-10-09,17.39,17.22,17.86,17.03,95132,182614027.00,4.79,-0.52,-0.09,0.76
2018-10-10,17.47,16.98,17.66,16.55,102325,192365398.00,6.45,-1.39,-0.24,0.82
2018-10-11,16.41,16.62,17.27,16.02,134583,247390538.00,7.36,-2.12,-0.36,1.07
2018-10-12,16.62,17.56,17.69,16.54,146722,278247072.00,6.92,5.66,0.94,1.17
2018-10-15,17.72,16.92,17.81,16.72,129492,244289093.00,6.21,-3.64,-0.64,1.03
2018-10-16,17.06,16.36,17.12,16.22,109500,201738305.00,5.32,-3.31,-0.56,0.87
2018-10-17,16.67,15.67,16.77,15.10,165311,288944320.00,10.21,-4.22,-0.69,1.32
2018-10-18,15.40,15.36,15.64,15.03,79319,136015164.00,3.89,-1.98,-0.31,0.63
2018-10-19,15.19,15.98,16.17,15.03,122614,213994405.00,7.42,4.04,0.62,0.98
2018-10-22,16.25,16.70,17.03,16.17,136389,250956852.00,5.38,4.51,0.72,1.09
2018-10-23,16.57,15.24,16.57,15.07,234413,408969936.00,8.98,-8.74,-1.46,1.87
2018-10-24,14.90,14.10,14.91,13.68,232939,372639296.00,8.07,-7.48,-1.14,1.86
2018-10-25,13.54,13.81,13.85,13.26,126664,194316392.00,4.18,-2.06,-0.29,1.01
2018-10-26,13.96,13.10,14.07,12.90,167960,253599813.00,8.47,-5.14,-0.71,1.34
2018-10-29,12.39,11.61,12.41,11.61,155522,211760787.00,6.11,-11.37,-1.49,1.24
2018-10-30,11.27,11.71,11.91,11.27,171695,229757849.00,5.51,0.86,0.10,1.37
2018-10-31,12.12,12.80,13.05,12.05,238758,341973904.00,8.54,9.31,1.09,1.90
2018-11-01,12.99,13.09,13.83,12.85,227663,343471760.00,7.66,2.27,0.29,1.81
2018-11-02,13.52,13.77,13.82,13.31,217476,333073888.00,3.90,5.19,0.68,1.73
2018-11-05,13.70,13.33,13.70,13.05,153916,231239750.00,4.72,-3.20,-0.44,1.23
2018-11-06,13.25,13.13,13.26,12.95,79334,117826039.00,2.33,-1.50,-0.20,0.63
2018-11-07,13.15,13.24,13.40,13.05,76178,114476231.00,2.67,0.84,0.11,0.61
2018-11-08,13.39,13.23,13.52,13.12,100294,151660193.00,3.02,-0.08,-0.01,0.80
2018-11-09,13.02,13.18,13.24,12.97,55438,82614999.00,2.04,-0.38,-0.05,0.44
2018-11-12,13.02,13.37,13.42,12.90,108412,162471582.00,3.95,1.44,0.19,0.86
2018-11-13,13.18,14.17,14.46,13.12,166008,258123111.00,10.02,5.98,0.80,1.32
2018-11-14,14.12,13.76,14.19,13.66,84833,132633010.00,3.74,-2.89,-0.41,0.68
2018-11-15,13.71,13.83,13.90,13.66,56673,88195426.00,1.74,0.51,0.07,0.45
2018-11-16,13.84,13.80,13.93,13.64,57252,89183336.00,2.10,-0.22,-0.03,0.46
2018-11-19,13.67,14.17,14.52,13.67,98560,156949599.00,6.16,2.68,0.37,0.79
2018-11-20,13.97,13.72,14.12,13.72,67631,106017800.00,2.82,-3.18,-0.45,0.54
2018-11-21,13.58,13.92,14.18,13.51,73822,116435434.00,4.88,1.46,0.20,0.59
2018-11-22,13.72,13.70,13.87,13.52,60131,92928626.00,2.51,-1.58,-0.22,0.48
2018-11-23,13.69,13.19,13.70,13.10,49070,74220932.00,4.38,-3.72,-0.51,0.39
2018-11-26,13.19,13.12,13.35,13.03,33904,50723703.00,2.43,-0.53,-0.07,0.27
2018-11-27,13.28,13.08,13.32,12.97,29478,43904731.00,2.67,-0.30,-0.04,0.23
2018-11-28,13.11,13.28,13.36,13.03,34004,50958984.00,2.52,1.53,0.20,0.27
2018-11-29,13.35,13.30,13.67,13.26,58330,88935000.00,3.09,0.15,0.02,0.46
2018-11-30,13.47,13.72,13.79,13.08,92695,142262527.00,5.34,3.16,0.42,0.74
2018-12-03,14.26,14.32,14.58,14.01,133951,215840607.00,4.15,4.37,0.60,1.07
2018-12-04,14.26,14.34,14.46,14.03,67979,109126121.00,3.00,0.14,0.02,0.54
2018-12-05,14.00,14.27,14.66,13.94,117653,189405127.00,5.02,-0.49,-0.07,0.94
2018-12-06,14.06,13.95,14.20,13.82,56572,89201272.00,2.66,-2.24,-0.32,0.45
2018-12-07,14.01,13.95,14.18,13.94,40022,63266800.00,1.72,0.00,0.00,0.32
2018-12-10,13.82,13.98,14.32,13.77,58658,92745529.00,3.94,0.22,0.03,0.47
2018-12-11,14.02,14.01,14.11,13.86,31940,50326006.00,1.79,0.21,0.03,0.25
2018-12-12,14.11,14.06,14.15,13.89,38446,60657602.00,1.86,0.36,0.05,0.31
2018-12-13,14.02,14.31,14.47,13.96,85316,137033542.00,3.63,1.78,0.25,0.68
2018-12-14,14.23,13.98,14.29,13.97,53200,84389290.00,2.24,-2.31,-0.33,0.42
2018-12-17,13.89,13.84,14.12,13.72,55397,86737170.00,2.86,-1.00,-0.14,0.44
2018-12-18,13.77,13.60,13.86,13.27,56574,86792988.00,4.26,-1.73,-0.24,0.45
2018-12-19,13.57,13.17,13.80,13.14,58937,89540531.00,4.85,-3.16,-0.43,0.47
2018-12-20,13.18,13.04,13.28,12.87,65710,97211705.00,3.11,-0.99,-0.13,0.52
2018-12-21,12.92,13.00,13.11,12.87,43788,64681512.00,1.84,-0.31,-0.04,0.35
2018-12-24,12.96,13.21,13.33,12.88,61461,91538535.00,3.46,1.62,0.21,0.49
2018-12-25,13.08,13.01,13.11,12.48,66828,97622751.00,4.77,-1.51,-0.20,0.53
2018-12-26,12.98,12.90,13.12,12.86,36317,53622796.00,2.00,-0.85,-0.11,0.29
2018-12-27,13.16,12.64,13.19,12.64,57311,84012207.00,4.26,-2.02,-0.26,0.46
2018-12-28,12.68,12.71,12.90,12.25,63897,91789982.00,5.14,0.55,0.07,0.51