2005-01-04,-8.54,-8.59,-8.53,-8.67,2631,3967525.50,-1.65,-0.94,-0.08,0.34
2005-01-05,-8.60,-8.57,-8.57,-8.60,2078,3135939.75,-0.35,0.23,0.02,0.27
2005-01-06,-8.57,-8.56,-8.55,-8.58,2229,3402510.00,-0.35,0.12,0.01,0.29
2005-01-07,-8.54,-8.48,-8.44,-8.56,1369,2135373.75,-1.40,0.93,0.08,0.18
2005-01-10,-8.45,-8.45,-8.44,-8.48,2505,3973703.50,-0.47,0.35,0.03,0.33
2005-01-11,-8.45,-8.44,-8.44,-8.47,1436,2300101.00,-0.36,0.12,0.01,0.19
2005-01-12,-8.59,-8.45,-8.44,-8.59,1163,1862214.88,-1.78,-0.12,-0.01,0.15
2005-01-13,-8.42,-8.43,-8.37,-8.45,964,1564845.25,-0.95,0.24,0.02,0.13
2005-01-14,-8.34,-8.40,-8.34,-8.44,1037,1699792.88,-1.19,0.36,0.03,0.14
2005-01-17,-8.45,-8.43,-8.41,-8.45,1432,2293663.75,-0.48,-0.36,-0.03,0.19
2005-01-18,-8.43,-8.36,-8.35,-8.43,1181,1933220.75,-0.95,0.83,0.07,0.15
2005-01-19,-8.41,-8.39,-8.37,-8.41,509,838674.69,-0.48,-0.36,-0.03,0.07
2005-01-20,-8.39,-8.37,-8.32,-8.42,3188,5250480.50,-1.19,0.24,0.02,0.42
2005-01-21,-8.39,-8.36,-8.34,-8.41,1013,1661352.50,-0.84,0.12,0.01,0.13
2005-01-24,-8.37,-8.34,-8.33,-8.37,969,1621389.50,-0.48,0.24,0.02,0.13
2005-01-25,-8.36,-8.33,-8.33,-8.39,439,730591.00,-0.72,0.12,0.01,0.06
2005-01-26,-8.32,-8.32,-8.31,-8.39,967,1616501.00,-0.96,0.12,0.01,0.13
2005-01-27,-8.36,-8.34,-8.33,-8.38,2493,4138027.50,-0.60,-0.24,-0.02,0.33
2005-01-28,-8.38,-8.36,-8.35,-8.42,1353,2248199.25,-0.84,-0.24,-0.02,0.18
2005-01-31,-8.41,-8.33,-8.31,-8.41,1465,2438864.50,-1.20,0.36,0.03,0.19
2005-02-01,-8.33,-8.34,-8.33,-8.37,586,977659.25,-0.48,-0.12,-0.01,0.08
2005-02-02,-8.33,-8.30,-8.29,-8.39,15517,26257262.00,-1.20,0.48,0.04,2.03
2005-02-03,-8.30,-8.30,-8.30,-8.38,3415,5767903.00,-0.96,0.00,0.00,0.45
2005-02-04,-8.30,-8.22,-8.21,-8.30,11299,19645270.00,-1.08,0.96,0.08,1.48
2005-02-16,-8.22,-8.24,-8.20,-8.26,3158,5509982.00,-0.73,-0.24,-0.02,0.41
2005-02-17,-8.25,-8.24,-8.24,-8.27,2236,3878572.50,-0.36,0.00,0.00,0.29
2005-02-18,-8.25,-8.24,-8.23,-8.28,1426,2477283.00,-0.61,0.00,0.00,0.19
2005-02-21,-8.26,-8.23,-8.23,-8.28,9319,16152646.00,-0.61,0.12,0.01,1.22
2005-02-22,-8.24,-8.26,-8.24,-8.26,5074,8788345.00,-0.24,-0.36,-0.03,0.66
2005-02-23,-8.27,-8.29,-8.26,-8.30,3144,5375901.00,-0.48,-0.36,-0.03,0.41
2005-02-24,-8.31,-8.26,-8.26,-8.31,4515,7764119.00,-0.60,0.36,0.03,0.59
2005-02-25,-8.26,-8.27,-8.24,-8.28,8689,14950705.00,-0.48,-0.12,-0.01,1.14
2005-02-28,-8.33,-8.27,-8.27,-8.33,4728,8112957.00,-0.73,0.00,0.00,0.62
2005-03-01,-8.30,-8.26,-8.26,-8.30,3235,5573670.50,-0.48,0.12,0.01,0.42
2005-03-02,-8.29,-8.27,-8.26,-8.29,2798,4826857.00,-0.36,-0.12,-0.01,0.37
2005-03-03,-8.29,-8.28,-8.27,-8.31,1217,2081584.12,-0.48,-0.12,-0.01,0.16
2005-03-04,-8.25,-8.23,-8.22,-8.27,5816,10138274.00,-0.60,0.60,0.05,0.76
2005-03-07,-8.23,-8.14,-8.13,-8.26,22412,40185856.00,-1.58,1.09,0.09,2.94
2005-03-08,-8.14,-8.05,-8.00,-8.14,39165,73325328.00,-1.72,1.11,0.09,5.13
2005-03-09,-8.05,-8.05,-8.02,-8.09,11994,22463966.00,-0.87,0.00,0.00,1.57
2005-03-10,-8.05,-8.10,-8.05,-8.15,9169,16830110.00,-1.24,-0.62,-0.05,1.20
2005-03-11,-8.10,-8.06,-8.06,-8.12,12068,22354680.00,-0.74,0.49,0.04,1.58
2005-03-14,-8.06,-8.00,-7.96,-8.09,15807,29928172.00,-1.61,0.74,0.06,2.07
2005-03-15,-8.00,-8.09,-7.99,-8.10,7846,14542258.00,-1.38,-1.13,-0.09,1.03
2005-03-16,-8.10,-8.12,-8.10,-8.14,13011,23682042.00,-0.49,-0.37,-0.03,1.70
2005-03-17,-8.14,-7.99,-7.97,-8.15,18634,35024744.00,-2.22,1.60,0.13,2.44
2005-03-18,-7.99,-8.00,-7.97,-8.02,3951,7522216.00,-0.63,-0.13,-0.01,0.52
2005-03-21,-8.00,-7.81,-7.77,-8.06,30521,61732876.00,-3.63,2.38,0.19,4.00
2005-03-22,-7.83,-7.78,-7.74,-7.89,19232,39579748.00,-1.92,0.38,0.03,2.52
2005-03-23,-7.79,-7.77,-7.72,-7.81,13012,26793916.00,-1.16,0.13,0.01,1.70
2005-03-24,-7.80,-7.87,-7.77,-7.88,10709,21445784.00,-1.42,-1.29,-0.10,1.40
2005-03-25,-7.87,-7.87,-7.82,-7.90,2054,4098329.25,-1.02,0.00,0.00,0.27
2005-03-28,-7.88,-7.81,-7.80,-7.88,5544,11197458.00,-1.02,0.76,0.06,0.73
2005-03-29,-7.82,-7.81,-7.70,-7.85,16633,34173508.00,-1.92,0.00,0.00,2.18
2005-03-30,-7.85,-7.86,-7.81,-7.88,6262,12535489.00,-0.90,-0.64,-0.05,0.82
2005-03-31,-7.91,-7.83,-7.82,-7.94,8433,16757290.00,-1.53,0.38,0.03,1.10
2005-04-01,-7.83,-7.74,-7.69,-7.84,13814,28505770.00,-1.92,1.15,0.09,1.81
2005-04-04,-7.77,-7.61,-7.58,-7.79,15314,32990404.00,-2.71,1.68,0.13,2.01
2005-04-05,-7.58,-7.62,-7.56,-7.64,5439,11741352.00,-1.05,-0.13,-0.01,0.71
2005-04-06,-7.64,-7.55,-7.51,-7.64,11684,25683374.00,-1.71,0.92,0.07,1.53
2005-04-08,-7.55,-7.57,-7.48,-7.61,21914,48448248.00,-1.72,-0.26,-0.02,2.87
2005-04-11,-7.58,-7.65,-7.57,-7.69,15537,33083732.00,-1.59,-1.06,-0.08,2.04
2005-04-12,-7.67,-7.63,-7.62,-7.76,3762,7890070.00,-1.83,0.26,0.02,0.49
2005-04-13,-7.62,-7.54,-7.51,-7.64,6904,15174440.00,-1.70,1.18,0.09,0.90
2005-04-14,-7.54,-7.60,-7.54,-7.64,2128,4639323.00,-1.33,-0.80,-0.06,0.28
2005-04-15,-7.72,-7.62,-7.58,-7.72,3521,7603417.00,-1.84,-0.26,-0.02,0.46
2005-04-18,-7.67,-7.63,-7.60,-7.67,2633,5668368.00,-0.92,-0.13,-0.01,0.34
2005-04-19,-7.61,-7.60,-7.58,-7.69,2152,4646584.00,-1.44,0.39,0.03,0.28
2005-04-20,-7.61,-7.57,-7.57,-7.66,3293,7167376.00,-1.18,0.39,0.03,0.43
2005-04-21,-7.57,-7.30,-7.25,-7.61,25189,58251188.00,-4.76,3.57,0.27,3.30
2005-04-22,-7.34,-7.29,-7.22,-7.37,5671,13490854.00,-2.05,0.14,0.01,0.74
2005-04-25,-7.26,-7.29,-7.21,-7.34,5069,12107229.00,-1.78,0.00,0.00,0.66
2005-04-26,-7.29,-7.15,-7.10,-7.32,9532,23274314.00,-3.02,1.92,0.14,1.25
2005-04-27,-7.16,-7.21,-7.10,-7.26,6809,16699091.00,-2.24,-0.84,-0.06,0.89
2005-04-28,-7.28,-7.23,-7.21,-7.33,7859,18855570.00,-1.66,-0.28,-0.02,1.03
2005-04-29,-7.25,-7.25,-7.16,-7.27,9383,22601216.00,-1.52,-0.28,-0.02,1.23
2005-05-09,-7.26,-7.24,-7.19,-7.37,4439,10633415.00,-2.48,0.14,0.01,0.58
2005-05-10,-7.27,-7.32,-7.26,-7.48,8544,19716898.00,-3.04,-1.10,-0.08,1.12
2005-05-11,-7.35,-7.44,-7.33,-7.46,4155,9545854.00,-1.78,-1.64,-0.12,0.54
2005-05-12,-7.47,-7.58,-7.45,-7.62,14658,32526916.00,-2.28,-1.88,-0.14,1.92
2005-05-13,-7.60,-7.52,-7.50,-7.63,2700,5962219.50,-1.72,0.79,0.06,0.35
2005-05-16,-7.54,-7.36,-7.27,-7.55,5075,11596956.00,-3.72,2.13,0.16,0.66
2005-05-17,-7.39,-7.35,-7.33,-7.43,2827,6588485.00,-1.36,0.14,0.01,0.37
2005-05-18,-7.37,-7.51,-7.32,-7.57,13738,30508852.00,-3.40,-2.18,-0.16,1.80
2005-05-19,-7.52,-7.53,-7.52,-7.58,1688,3713816.50,-0.80,-0.27,-0.02,0.22
2005-05-20,-7.55,-7.50,-7.44,-7.57,1675,3760883.75,-1.73,0.40,0.03,0.22
2005-05-23,-7.50,-7.63,-7.50,-7.70,4133,8880193.00,-2.67,-1.73,-0.13,0.54
2005-05-24,-7.65,-7.58,-7.52,-7.66,3657,7943303.50,-1.83,0.66,0.05,0.48
2005-05-25,-7.62,-7.54,-7.49,-7.66,2799,6128374.00,-2.24,0.53,0.04,0.37
2005-05-26,-7.59,-7.64,-7.53,-7.70,3965,8549424.00,-2.25,-1.33,-0.10,0.52
2005-05-27,-7.64,-7.76,-7.64,-7.79,5463,11290344.00,-1.96,-1.57,-0.12,0.72
2005-05-30,-7.79,-7.71,-7.70,-7.85,4989,10172591.00,-1.93,0.64,0.05,0.65
2005-05-31,-7.72,-7.69,-7.58,-7.74,3432,7323581.00,-2.08,0.26,0.02,0.45
2005-06-01,-7.70,-7.49,-7.43,-7.73,2438,5196547.50,-3.90,2.60,0.20,0.32
2005-06-02,-7.63,-7.82,-7.63,-7.82,10222,20714914.00,-2.54,-4.41,-0.33,1.34
2005-06-03,-7.80,-7.79,-7.78,-8.02,44973,87834992.00,-3.07,0.38,0.03,5.89
2005-06-06,-7.85,-7.57,-7.53,-7.87,3697,7800546.50,-4.36,2.82,0.22,0.48
2005-06-07,-7.56,-7.48,-7.32,-7.56,7555,14062401.00,-3.17,1.19,0.09,0.82
2005-06-08,-7.52,-7.15,-7.15,-7.52,14421,28610294.00,-4.95,4.41,0.33,1.57
2005-06-09,-7.11,-7.12,-6.97,-7.22,8945,18497848.00,-3.50,0.42,0.03,0.98
2005-06-10,-7.12,-7.24,-7.12,-7.30,2637,5232877.00,-2.53,-1.69,-0.12,0.29
2005-06-13,-7.29,-7.26,-7.24,-7.29,2925,5768561.50,-0.69,-0.28,-0.02,0.32
2005-06-14,-7.25,-7.41,-7.25,-7.42,10478,19795328.00,-2.34,-2.07,-0.15,1.14
2005-06-15,-7.42,-7.54,-7.42,-7.59,5890,10616749.00,-2.29,-1.75,-0.13,0.64
2005-06-16,-7.56,-7.49,-7.43,-7.60,1389,2536981.50,-2.25,0.66,0.05,0.15
2005-06-17,-7.49,-7.61,-7.49,-7.65,3907,6939444.00,-2.14,-1.60,-0.12,0.43
2005-06-20,-7.62,-7.74,-7.53,-7.78,57611,98595032.00,-3.29,-1.71,-0.13,6.29
2005-06-22,-7.81,-7.51,-7.50,-7.96,39489,69085408.00,-5.94,2.97,0.23,4.31
2005-06-23,-7.55,-7.58,-7.46,-7.59,11894,21746248.00,-1.73,-0.93,-0.07,1.30
2005-06-24,-7.68,-7.60,-7.56,-7.69,14570,25738872.00,-1.72,-0.26,-0.02,1.59
2005-06-27,-7.58,-7.53,-7.49,-7.61,15692,28183456.00,-1.58,0.92,0.07,1.71
2005-06-28,-7.54,-7.54,-7.53,-7.65,5846,10482539.00,-1.59,-0.13,-0.01,0.64
2005-06-29,-7.54,-7.57,-7.54,-7.62,6289,11208427.00,-1.06,-0.40,-0.03,0.69
2005-06-30,-7.60,-7.60,-7.57,-7.65,4383,7748980.50,-1.06,-0.40,-0.03,0.48
2005-07-01,-7.64,-7.65,-7.60,-7.69,2698,4708093.00,-1.18,-0.66,-0.05,0.29
2005-07-04,-7.65,-7.62,-7.62,-7.72,2586,4541829.00,-1.31,0.39,0.03,0.28
2005-07-05,-7.64,-7.59,-7.54,-7.64,4748,8507867.00,-1.31,0.39,0.03,0.52
2005-07-06,-7.59,-7.57,-7.50,-7.62,6439,11628947.00,-1.58,0.26,0.02,0.70
2005-07-07,-7.62,-7.60,-7.56,-7.64,2884,5147185.00,-1.06,-0.40,-0.03,0.31
2005-07-08,-7.63,-7.62,-7.57,-7.63,2283,4053687.75,-0.79,-0.26,-0.02,0.25
2005-07-11,-7.56,-7.64,-7.53,-7.67,3596,6413548.00,-1.84,-0.26,-0.02,0.39
2005-07-12,-7.64,-7.74,-7.64,-7.86,23407,39768284.00,-2.88,-1.31,-0.10,2.56
2005-07-13,-7.74,-7.75,-7.71,-7.80,6705,11383449.00,-1.16,-0.13,-0.01,0.73
2005-07-14,-7.69,-7.74,-7.65,-7.75,9835,16793680.00,-1.29,0.13,0.01,1.07
2005-07-15,-7.74,-7.76,-7.71,-7.82,6793,11438068.00,-1.42,-0.26,-0.02,0.74
2005-07-18,-7.80,-7.77,-7.74,-7.80,949,1595335.75,-0.77,-0.13,-0.01,0.10
2005-07-19,-7.74,-7.76,-7.74,-7.79,2016,3400919.75,-0.64,0.13,0.01,0.22
2005-07-20,-7.75,-7.71,-7.71,-7.78,6197,10546992.00,-0.90,0.64,0.05,0.68
2005-07-21,-7.69,-7.67,-7.66,-7.72,1889,3276042.00,-0.78,0.52,0.04,0.21
2005-07-22,-7.65,-7.64,-7.55,-7.71,9014,15986727.00,-2.09,0.39,0.03,0.98
2005-07-25,-7.64,-7.46,-7.42,-7.68,12593,22927686.00,-3.40,2.36,0.18,1.37
2005-07-26,-7.46,-7.46,-7.37,-7.49,10821,20371098.00,-1.61,0.00,0.00,1.18
2005-07-27,-7.46,-7.40,-7.38,-7.49,4581,8576532.00,-1.47,0.80,0.06,0.50
2005-07-28,-7.37,-7.42,-7.29,-7.44,6215,11751892.00,-2.03,-0.27,-0.02,0.68
2005-07-29,-7.42,-7.52,-7.39,-7.56,5699,10401847.00,-2.29,-1.35,-0.10,0.62
2005-08-01,-7.53,-7.48,-7.46,-7.53,3956,7287611.50,-0.93,0.53,0.04,0.43
2005-08-02,-7.46,-7.45,-7.42,-7.48,3654,6775918.00,-0.80,0.40,0.03,0.40
2005-08-03,-7.41,-7.47,-7.41,-7.53,9775,18008764.00,-1.61,-0.27,-0.02,1.07
2005-08-04,-7.48,-7.51,-7.48,-7.53,5172,9428629.00,-0.67,-0.54,-0.04,0.56
2005-08-05,-7.52,-7.45,-7.44,-7.52,10216,18875306.00,-1.07,0.80,0.06,1.12
2005-08-08,-7.45,-7.56,-7.42,-7.58,16240,29476276.00,-2.15,-1.48,-0.11,1.77
2005-08-09,-7.56,-7.65,-7.54,-7.74,27152,47350456.00,-2.65,-1.19,-0.09,2.96
2005-08-10,-7.63,-7.65,-7.63,-7.71,11248,19514462.00,-1.05,0.00,0.00,1.23
2005-08-11,-7.63,-7.58,-7.54,-7.65,35684,63777632.00,-1.44,0.92,0.07,3.90
2005-08-12,-7.56,-7.57,-7.48,-7.58,19471,35340848.00,-1.32,0.13,0.01,2.13
2005-08-15,-7.58,-7.56,-7.54,-7.68,15365,27211734.00,-1.85,0.13,0.01,1.68
2005-08-16,-7.56,-7.52,-7.49,-7.56,19995,36485572.00,-0.93,0.53,0.04,2.18
2005-08-17,-7.56,-7.53,-7.49,-7.61,8136,14704581.00,-1.60,-0.13,-0.01,0.89
2005-08-18,-7.60,-7.63,-7.53,-7.63,18445,33196236.00,-1.33,-1.33,-0.10,2.01
2005-08-19,-7.63,-7.62,-7.57,-7.68,12764,22456600.00,-1.44,0.13,0.01,1.39
2005-08-22,-7.63,-7.59,-7.59,-7.65,2591,4583394.00,-0.79,0.39,0.03,0.28
2005-08-23,-7.59,-7.64,-7.58,-7.64,2094,3714511.50,-0.79,-0.66,-0.05,0.23
2005-08-24,-7.63,-7.58,-7.57,-7.64,5276,9390316.00,-0.92,0.79,0.06,0.58
2005-08-25,-7.58,-7.62,-7.58,-7.63,6582,11662762.00,-0.66,-0.53,-0.04,0.72
2005-08-26,-7.63,-7.60,-7.57,-7.64,5604,9994254.00,-0.92,0.26,0.02,0.61
2005-08-29,-7.58,-7.59,-7.57,-7.63,1571,2791231.50,-0.79,0.13,0.01,0.17
2005-08-30,-7.59,-7.54,-7.53,-7.62,4905,8795624.00,-1.19,0.66,0.05,0.54
2005-08-31,-7.53,-7.41,-7.39,-7.56,22748,42622412.00,-2.25,1.72,0.13,2.48
2005-09-01,-7.44,-7.43,-7.34,-7.44,15139,28580410.00,-1.35,-0.27,-0.02,1.65
2005-09-02,-7.42,-7.40,-7.35,-7.44,11505,21746664.00,-1.21,0.40,0.03,1.26
2005-09-05,-7.39,-7.45,-7.39,-7.48,4005,7464856.00,-1.22,-0.68,-0.05,0.44
2005-09-06,-7.48,-7.52,-7.43,-7.55,10255,18943498.00,-1.61,-0.94,-0.07,1.12
2005-09-07,-7.51,-7.39,-7.39,-7.54,11993,22447656.00,-1.99,1.73,0.13,1.31
2005-09-08,-7.39,-7.29,-7.20,-7.39,22447,43901464.00,-2.57,1.35,0.10,2.45
2005-09-09,-7.27,-7.27,-7.23,-7.33,9160,17961498.00,-1.37,0.27,0.02,1.00
2005-09-12,-7.27,-7.21,-7.19,-7.30,17498,34750764.00,-1.51,0.83,0.06,1.91
2005-09-13,-7.20,-7.12,-7.09,-7.20,22829,46573616.00,-1.53,1.25,0.09,2.49
2005-09-14,-7.12,-7.11,-7.01,-7.13,12965,26963066.00,-1.69,0.14,0.01,1.42
2005-09-15,-7.11,-7.15,-7.09,-7.25,6186,12454081.00,-2.25,-0.56,-0.04,0.68
2005-09-16,-7.16,-7.17,-7.13,-7.21,2403,4831760.00,-1.12,-0.28,-0.02,0.26
2005-09-19,-7.20,-7.17,-7.12,-7.24,6655,13447195.00,-1.67,0.00,0.00,0.73
2005-09-20,-7.19,-7.20,-7.14,-7.23,4886,9813893.00,-1.26,-0.42,-0.03,0.53
2005-09-21,-7.22,-7.31,-7.17,-7.32,6681,13096824.00,-2.08,-1.53,-0.11,0.73
2005-09-22,-7.33,-7.37,-7.27,-7.40,6253,11920591.00,-1.78,-0.82,-0.06,0.68
2005-09-23,-7.38,-7.24,-7.24,-7.39,5027,9798621.00,-2.04,1.76,0.13,0.55
2005-09-26,-7.26,-7.26,-7.22,-7.29,3267,6448243.50,-0.97,-0.28,-0.02,0.36
2005-09-27,-7.26,-7.17,-7.16,-7.29,13886,27850902.00,-1.79,1.24,0.09,1.52
2005-09-28,-7.17,-7.20,-7.14,-7.23,13932,27863470.00,-1.26,-0.42,-0.03,1.52
2005-09-29,-7.17,-7.17,-7.15,-7.26,4402,8774609.00,-1.53,0.42,0.03,0.48
2005-09-30,-7.17,-7.19,-7.14,-7.20,2695,5423659.00,-0.84,-0.28,-0.02,0.29
2005-10-10,-7.20,-7.26,-7.20,-7.27,1187,2336810.25,-0.97,-0.97,-0.07,0.13
2005-10-11,-7.27,-7.22,-7.22,-7.30,2556,5032681.50,-1.10,0.55,0.04,0.28
2005-10-12,-7.24,-7.25,-7.22,-7.29,6675,13146096.00,-0.97,-0.42,-0.03,0.73
2005-10-13,-7.27,-7.26,-7.19,-7.29,8744,17266090.00,-1.38,-0.14,-0.01,0.95
2005-10-14,-7.27,-7.20,-7.12,-7.27,9900,20025676.00,-2.07,0.83,0.06,1.08
2005-10-17,-7.20,-7.21,-7.10,-7.38,7657,15364343.00,-3.89,-0.14,-0.01,0.84
2005-10-18,-7.24,-7.28,-7.19,-7.31,17197,33858444.00,-1.66,-0.97,-0.07,1.88
2005-10-19,-7.29,-7.29,-7.24,-7.29,4384,8604695.00,-0.69,-0.14,-0.01,0.48
2005-10-20,-7.29,-7.18,-7.17,-7.30,5486,10923192.00,-1.78,1.51,0.11,0.60
2005-10-21,-7.18,-7.18,-7.15,-7.20,1915,3852115.75,-0.70,0.00,0.00,0.21
2005-10-24,-7.17,-7.07,-7.05,-7.18,4284,8839292.00,-1.81,1.53,0.11,0.47
2005-10-25,-7.02,-7.08,-7.01,-7.08,4969,10326534.00,-0.99,-0.14,-0.01,0.54
2005-10-26,-7.06,-7.15,-7.05,-7.18,5177,10544289.00,-1.84,-0.99,-0.07,0.57
2005-10-27,-7.17,-7.20,-7.17,-7.29,10086,19969544.00,-1.68,-0.70,-0.05,1.10
2005-10-28,-7.22,-7.26,-7.22,-7.31,5086,9935972.00,-1.25,-0.83,-0.06,0.56
2005-10-31,-7.26,-7.22,-7.17,-7.27,3763,7472844.00,-1.38,0.55,0.04,0.41
2005-11-01,-7.18,-7.29,-7.18,-7.35,4007,7850865.50,-2.35,-0.97,-0.07,0.44
2005-11-02,-7.33,-7.26,-7.24,-7.36,2756,5373256.00,-1.65,0.41,0.03,0.30
2005-11-03,-7.31,-7.25,-7.24,-7.31,639,1251379.12,-0.96,0.14,0.01,0.07
2005-11-04,-7.25,-7.27,-7.25,-7.30,356,693741.50,-0.69,-0.28,-0.02,0.04
2005-11-07,-7.30,-7.30,-7.26,-7.42,6228,11795338.00,-2.20,-0.41,-0.03,0.68
2005-11-08,-7.31,-7.30,-7.29,-7.36,1301,2512563.00,-0.96,0.00,0.00,0.14
2005-11-09,-7.34,-7.27,-7.27,-7.34,1098,2137303.00,-0.96,0.41,0.03,0.12
2005-11-10,-7.28,-7.28,-7.27,-7.33,2168,4219538.00,-0.83,-0.14,-0.01,0.24
2005-11-11,-7.28,-7.31,-7.28,-7.36,1034,1992325.38,-1.10,-0.41,-0.03,0.11
2005-11-14,-7.33,-7.45,-7.33,-7.47,4355,8118012.50,-1.92,-1.92,-0.14,0.48
2005-11-15,-7.47,-7.44,-7.42,-7.49,3528,6563195.50,-0.94,0.13,0.01,0.39
2005-11-16,-7.45,-7.47,-7.45,-7.55,977,1789631.00,-1.34,-0.40,-0.03,0.11
2005-11-17,-7.52,-7.56,-7.48,-7.61,9238,16559858.00,-1.74,-1.20,-0.09,1.01
2005-11-18,-7.60,-7.52,-7.47,-7.60,2129,3888302.25,-1.72,0.53,0.04,0.23
2005-11-21,-7.51,-7.48,-7.48,-7.51,3213,5890736.00,-0.40,0.53,0.04,0.35
2005-11-22,-7.46,-7.46,-7.43,-7.49,4641,8605492.00,-0.80,0.27,0.02,0.51
2005-11-23,-7.51,-7.40,-7.38,-7.51,3095,5792023.00,-1.74,0.80,0.06,0.34
2005-11-24,-7.42,-7.39,-7.35,-7.42,8362,15865793.00,-0.95,0.14,0.01,0.91
2005-11-25,-7.38,-7.39,-7.38,-7.51,5097,9474175.00,-1.76,0.00,0.00,0.56
2005-11-29,-7.43,-7.42,-7.39,-7.47,10134,18837568.00,-1.08,-0.41,-0.03,1.11
2005-11-30,-7.45,-7.46,-7.45,-7.50,8408,15498183.00,-0.67,-0.54,-0.04,0.92
2005-12-01,-7.46,-7.44,-7.44,-7.48,4761,8825047.00,-0.54,0.27,0.02,0.52
2005-12-02,-7.44,-7.43,-7.40,-7.47,2201,4127486.50,-0.94,0.13,0.01,0.24
2005-12-05,-7.43,-7.31,-7.29,-7.50,18447,35325604.00,-2.83,1.62,0.12,2.01
2005-12-06,-7.31,-7.39,-7.29,-7.42,13111,25035080.00,-1.78,-1.09,-0.08,1.43
2005-12-07,-7.39,-7.34,-7.34,-7.44,1909,3595206.25,-1.35,0.68,0.05,0.21
2005-12-08,-7.35,-7.38,-7.35,-7.41,8248,15616647.00,-0.82,-0.54,-0.04,0.90
2005-12-09,-7.36,-7.39,-7.36,-7.40,1685,3192590.00,-0.54,-0.14,-0.01,0.18
2005-12-12,-7.39,-7.45,-7.39,-7.49,13366,24789246.00,-1.35,-0.81,-0.06,1.46
2005-12-13,-7.46,-7.47,-7.46,-7.49,2597,4797771.00,-0.40,-0.27,-0.02,0.28
2005-12-14,-7.50,-7.38,-7.37,-7.50,1780,3351785.50,-1.74,1.20,0.09,0.19
2005-12-15,-7.37,-7.42,-7.37,-7.44,2374,4460537.00,-0.95,-0.54,-0.04,0.26
2005-12-16,-7.42,-7.42,-7.40,-7.47,5989,11218134.00,-0.94,0.00,0.00,0.65
2005-12-19,-7.40,-7.35,-7.31,-7.43,13200,25329838.00,-1.62,0.94,0.07,1.44
2005-12-20,-7.36,-7.29,-7.28,-7.36,6800,13187715.00,-1.09,0.82,0.06,0.74
2005-12-21,-7.29,-7.20,-7.16,-7.29,9848,19677490.00,-1.78,1.23,0.09,1.08
2005-12-22,-7.20,-7.21,-7.20,-7.26,5152,10225132.00,-0.83,-0.14,-0.01,0.56
2005-12-23,-7.21,-7.17,-7.15,-7.21,4022,8102126.50,-0.83,0.55,0.04,0.44
2005-12-26,-7.17,-7.14,-7.12,-7.17,3366,6827997.00,-0.70,0.42,0.03,0.37
2005-12-27,-7.15,-7.14,-7.12,-7.20,4436,8958143.00,-1.12,0.00,0.00,0.48
2005-12-28,-7.13,-7.11,-7.09,-7.21,6053,12309099.00,-1.68,0.42,0.03,0.66
2005-12-29,-7.12,-7.08,-7.08,-7.16,4436,9151783.00,-1.13,0.42,0.03,0.48
2005-12-30,-7.08,-7.08,-7.07,-7.13,16661,34401136.00,-0.85,0.00,0.00,1.82