2007-01-04,1.58,1.35,1.65,1.33,77938,95452645.53,21.77,-8.16,-0.12,5.74
2007-01-05,1.33,1.69,1.74,1.31,85145,106144798.44,31.85,25.19,0.34,6.27
2007-01-08,1.71,2.19,2.19,1.71,137762,180699335.40,28.40,29.59,0.50,10.15
2007-01-09,2.25,2.26,2.43,2.20,111409,153709640.40,10.50,3.20,0.07,8.21
2007-01-10,2.37,2.42,2.43,2.05,101276,137861039.75,16.81,7.08,0.16,7.46
2007-01-11,2.43,2.49,2.79,2.33,109173,155395417.78,19.01,2.89,0.07,8.04
2007-01-12,2.41,1.96,2.61,1.95,92728,126270514.98,26.51,-21.29,-0.53,6.83
2007-01-15,1.94,2.24,2.29,1.93,78429,105790627.51,18.37,14.29,0.28,5.78
2007-01-16,2.28,2.56,2.60,2.27,96047,134553804.03,14.73,14.29,0.32,7.07
2007-01-17,2.59,2.92,3.27,2.59,170658,254154474.03,26.56,14.06,0.36,12.57
2007-01-18,2.98,3.19,3.25,2.71,113583,170518857.96,18.49,9.25,0.27,8.37
2007-01-19,3.21,3.27,3.46,3.13,124105,192561042.21,10.34,2.51,0.08,9.14
2007-01-22,3.36,3.51,3.83,3.33,116134,183754149.90,15.29,7.34,0.24,8.55
2007-01-23,3.54,3.33,3.58,3.00,101681,157208800.77,16.52,-5.13,-0.18,7.49
2007-01-24,3.21,3.19,3.35,3.10,73888,113575980.92,7.51,-4.20,-0.14,5.44
2007-01-25,3.12,3.30,3.66,2.94,118004,185142756.39,22.57,3.45,0.11,8.69
2007-01-26,3.23,3.51,3.54,3.00,93011,145502328.50,16.36,6.36,0.21,6.85
2007-01-29,3.64,3.71,3.81,3.55,80696,131196960.65,7.41,5.70,0.20,5.94
2007-01-30,3.83,3.28,3.86,3.27,83098,132510715.31,15.90,-11.59,-0.43,6.12
2007-01-31,3.24,2.56,3.24,2.41,114074,168513488.88,25.30,-21.95,-0.72,8.40
2007-02-01,2.44,2.40,2.59,2.00,70056,96915938.16,23.05,-6.25,-0.16,5.16
2007-02-02,2.40,2.59,2.60,2.17,62105,86946781.44,17.92,7.92,0.19,4.57
2007-02-05,2.61,2.78,2.83,2.58,53126,76916650.14,9.65,7.34,0.19,3.91
2007-02-06,2.79,2.71,2.88,2.55,34818,50272969.94,11.87,-2.52,-0.07,2.56
2007-02-07,2.77,2.68,2.89,2.63,42539,61946110.16,9.59,-1.11,-0.03,3.13
2007-02-08,2.66,2.71,2.88,2.65,43369,63294362.20,8.58,1.12,0.03,3.19
2007-02-09,2.74,2.75,2.88,2.71,37271,54493881.82,6.27,1.48,0.04,2.75
2007-02-12,2.66,2.78,2.83,2.57,47452,68796009.35,9.45,1.09,0.03,3.50
2007-02-13,2.80,3.19,3.24,2.80,53387,80388229.72,15.83,14.75,0.41,3.93
2007-02-14,3.25,3.16,3.35,3.13,53762,82776550.99,6.90,-0.94,-0.03,3.96
2007-02-15,3.26,3.23,3.27,3.13,79523,122376263.43,4.43,2.22,0.07,5.86
2007-02-16,3.33,3.45,3.60,3.24,101550,160197980.30,11.15,6.81,0.22,7.48
2007-02-26,3.46,3.69,3.74,3.35,73579,118207722.00,11.30,6.96,0.24,5.42
2007-02-27,3.73,2.79,3.75,2.79,90283,139572062.88,26.02,-24.39,-0.90,6.65
2007-02-28,2.80,2.79,2.98,2.38,94710,136302508.08,21.51,0.00,0.00,6.98
2007-03-01,2.79,2.38,2.83,2.33,74193,104552407.20,17.92,-14.70,-0.41,5.46
2007-03-02,2.38,2.49,2.58,2.38,44201,62282026.50,8.40,4.62,0.11,3.26
2007-03-05,2.52,2.60,2.71,2.40,53367,75881859.66,12.45,4.42,0.11,3.93
2007-03-06,2.64,2.62,2.65,2.44,26616,37733240.35,8.08,0.77,0.02,1.96
2007-03-07,2.61,2.68,2.71,2.55,41132,59118539.54,6.11,2.29,0.06,3.03
2007-03-08,2.69,2.96,2.96,2.63,55790,81555667.26,12.31,10.45,0.28,4.11
2007-03-09,2.94,2.96,3.09,2.86,52347,78254510.06,7.77,0.00,0.00,3.86
2007-03-12,2.95,2.68,2.99,2.44,54912,79695280.42,18.58,-9.46,-0.28,4.04
2007-03-13,2.70,2.69,2.77,2.59,52278,75451122.32,6.72,0.37,0.01,3.85
2007-03-14,2.70,2.52,2.70,2.45,47218,66912094.30,9.29,-6.32,-0.17,3.48
2007-03-15,2.49,2.59,2.67,2.49,41761,59590533.29,7.14,2.78,0.07,3.08
2007-03-16,2.60,2.49,2.66,2.44,46786,66396609.12,8.49,-3.86,-0.10,3.45
2007-03-19,2.30,2.39,2.47,2.04,45193,62661643.24,17.27,-4.02,-0.10,3.33
2007-03-20,2.39,2.43,2.47,2.27,51248,71259065.21,8.37,1.67,0.04,3.77
2007-03-21,2.46,2.59,2.60,2.43,53412,75746102.28,7.00,6.58,0.16,3.93
2007-03-22,2.63,2.56,2.71,2.55,60434,86558422.09,6.18,-1.16,-0.03,4.45
2007-03-23,2.58,2.63,2.69,2.48,46462,66262150.80,8.20,2.73,0.07,3.42
2007-03-26,2.66,2.99,2.99,2.58,102042,149487885.96,15.59,13.69,0.36,7.52
2007-03-27,2.94,3.13,3.35,2.94,101218,155102199.60,13.71,4.68,0.14,7.46
2007-03-28,3.16,2.85,3.19,2.54,98861,146509203.60,20.77,-8.95,-0.28,7.28
2007-03-29,2.85,2.60,2.97,2.60,67279,98139626.81,12.98,-8.77,-0.25,4.96
2007-03-30,2.61,2.93,2.98,2.60,78189,114713071.55,14.62,12.69,0.33,5.76
2007-04-02,3.03,2.96,3.09,2.86,63636,95166267.77,7.85,1.02,0.03,4.69
2007-04-03,3.00,2.95,3.01,2.88,61915,92151221.22,4.39,-0.34,-0.01,4.56
2007-04-04,2.96,3.25,3.26,2.87,125174,190327713.10,13.22,10.17,0.30,9.22
2007-04-05,3.25,3.26,3.41,3.14,91163,141867645.22,8.31,0.31,0.01,6.71
2007-04-06,3.24,3.27,3.38,3.15,82690,128364802.85,7.06,0.31,0.01,6.09
2007-04-09,3.37,3.43,3.52,3.28,107197,168277476.78,7.34,4.89,0.16,7.90
2007-04-10,3.49,3.21,3.51,3.00,86479,133851606.21,14.87,-6.41,-0.22,6.37
2007-04-11,3.21,3.18,3.26,3.01,80121,122491150.73,7.79,-0.93,-0.03,5.90
2007-04-12,3.18,3.49,3.54,3.18,105199,165772980.00,11.32,9.75,0.31,7.75
2007-04-13,3.52,3.73,3.99,3.49,180725,295953882.16,14.33,6.88,0.24,13.31
2007-04-16,3.77,4.24,4.36,3.77,154390,261462115.91,15.82,13.67,0.51,11.37
2007-04-17,4.30,4.24,4.35,3.86,117556,201047364.25,11.56,0.00,0.00,8.66
2007-04-18,4.16,3.99,4.31,3.88,117704,198588941.85,10.14,-5.90,-0.25,8.67
2007-04-19,4.02,3.17,4.02,3.06,129225,205622024.80,24.06,-20.55,-0.82,9.52
2007-04-20,3.22,3.44,3.54,3.22,92323,145489945.51,10.09,8.52,0.27,6.80
2007-04-23,3.49,3.66,3.77,3.48,108723,175088988.00,8.43,6.40,0.22,8.01
2007-04-24,3.73,3.46,3.80,3.38,124743,199046040.77,11.48,-5.46,-0.20,9.19
2007-04-25,3.41,3.28,3.41,3.06,110204,169306106.14,10.12,-5.20,-0.18,8.12
2007-04-26,3.32,3.44,3.55,3.28,82241,129915587.00,8.23,4.88,0.16,6.06
2007-04-27,3.52,3.19,3.55,3.16,75917,117772873.05,11.34,-7.27,-0.25,5.59
2007-04-30,3.16,3.21,3.28,3.08,75652,115452546.62,6.27,0.63,0.02,5.57
2007-05-08,3.24,3.50,3.54,3.24,116092,182154671.21,9.35,9.03,0.29,8.55
2007-05-09,3.51,3.43,3.52,3.16,111474,174172417.10,10.29,-2.00,-0.07,8.21
2007-05-10,3.41,3.66,3.81,3.41,169928,274307205.77,11.66,6.71,0.23,12.52
2007-05-11,3.58,3.35,3.58,3.26,86112,135581844.89,8.74,-8.47,-0.31,6.34
2007-05-14,3.19,3.26,3.48,3.10,82187,127018640.59,11.34,-2.69,-0.09,6.05
2007-05-16,2.99,3.08,3.16,2.54,83418,123588850.34,19.02,-5.52,-0.18,6.14
2007-05-17,3.10,3.31,3.38,3.08,86943,134390192.24,9.74,7.47,0.23,6.40
2007-05-18,3.27,3.16,3.30,3.15,62393,95961979.98,4.53,-4.53,-0.15,4.60
2007-05-21,2.84,3.31,3.46,2.76,102546,156793336.86,22.15,4.75,0.15,7.55
2007-05-22,3.33,3.28,3.44,3.22,97529,152397604.72,6.65,-0.91,-0.03,7.18
2007-05-23,3.28,3.62,3.62,3.28,127865,203784458.20,10.37,10.37,0.34,9.42
2007-05-24,3.68,3.36,3.71,3.22,107262,169088637.23,13.54,-7.18,-0.26,7.90
2007-05-25,3.36,3.43,3.49,3.26,103987,162674259.97,6.85,2.08,0.07,7.66
2007-05-28,3.59,3.62,3.79,3.59,153621,247705789.63,5.83,5.54,0.19,11.32
2007-05-29,3.65,4.00,4.21,3.65,200369,334306448.02,15.47,10.50,0.38,14.76
2007-05-30,3.17,3.08,3.77,3.08,127843,199701188.65,17.25,-23.00,-0.92,9.42
2007-05-31,2.87,2.61,3.05,2.24,108814,154981892.44,26.30,-15.26,-0.47,8.01
2007-06-01,2.61,1.96,2.83,1.88,95101,130787783.63,36.40,-24.90,-0.65,7.00
2007-06-04,2.10,1.77,2.27,1.71,102582,133178709.89,28.57,-9.69,-0.19,7.56
2007-06-06,2.18,2.17,2.30,1.94,82728,111210256.85,20.34,22.60,0.40,6.09
2007-06-07,2.26,2.38,2.43,2.10,63855,86784067.56,15.21,9.68,0.21,4.70
2007-06-08,2.49,2.28,2.55,2.27,62473,85948359.61,11.76,-4.20,-0.10,4.60
2007-06-11,2.28,2.24,2.41,2.21,64058,87423618.01,8.77,-1.75,-0.04,4.72
2007-06-12,2.25,2.40,2.41,2.05,72965,99272018.02,16.07,7.14,0.16,5.37
2007-06-13,2.48,2.62,2.75,2.44,81995,116246226.83,12.92,9.17,0.22,6.04
2007-06-14,2.59,2.38,2.68,2.38,57507,80398358.60,11.45,-9.16,-0.24,4.24
2007-06-15,2.27,2.26,2.49,2.21,60692,82859074.19,11.76,-5.04,-0.12,4.47
2007-06-18,2.36,3.01,3.01,2.36,141277,207499069.69,28.76,33.19,0.75,10.41
2007-06-19,3.15,3.34,3.66,3.05,150773,233518669.95,20.27,10.96,0.33,11.11
2007-06-20,3.37,3.05,3.37,2.91,71019,108375930.14,13.77,-8.68,-0.29,5.23
2007-06-21,2.99,3.30,3.34,2.96,65958,100066217.92,12.46,8.20,0.25,4.86
2007-06-22,3.27,3.08,3.52,2.94,69753,106560377.64,17.58,-6.67,-0.22,5.14
2007-06-25,3.19,3.10,3.54,2.88,78370,121022681.04,21.43,0.65,0.02,5.77
2007-06-26,2.96,3.76,3.83,2.89,135969,215084773.25,30.32,21.29,0.66,10.01
2007-06-27,3.66,3.70,3.92,3.50,106617,173696321.76,11.17,-1.60,-0.06,7.85
2007-06-28,3.70,3.25,4.05,3.21,87236,141255032.17,22.70,-12.16,-0.45,6.43
2007-06-29,3.10,3.25,3.56,2.94,60690,94325568.73,19.08,0.00,0.00,4.47
2007-07-02,3.13,3.69,3.80,3.13,61699,98413652.14,20.62,13.54,0.44,4.25
2007-07-03,3.71,3.79,3.94,3.52,59487,96663327.50,11.38,2.71,0.10,4.10
2007-07-04,3.71,3.91,4.15,3.61,106431,176623754.39,14.25,3.17,0.12,7.33
2007-07-05,3.76,3.44,3.93,3.39,78895,126271176.61,13.81,-12.02,-0.47,5.43
2007-07-06,3.38,3.91,4.05,3.38,82662,134774138.53,19.48,13.66,0.47,5.69
2007-07-09,4.02,4.47,4.69,3.92,132346,229747719.44,19.69,14.32,0.56,9.12
2007-07-10,4.46,4.50,4.81,4.10,130232,230631791.02,15.88,0.67,0.03,8.97
2007-07-11,4.37,4.43,4.71,4.26,51220,89795394.05,10.00,-1.56,-0.07,3.53
2007-07-12,4.48,4.58,4.71,4.38,43313,76929415.78,7.45,3.39,0.15,2.98
2007-07-13,4.58,4.55,4.60,4.28,39436,68898443.70,6.99,-0.66,-0.03,2.72
2007-07-16,4.54,4.15,4.69,4.13,34043,58890136.89,12.31,-8.79,-0.40,2.34
2007-07-17,4.05,4.33,4.44,3.99,31024,53402238.37,10.84,4.34,0.18,2.14
2007-07-18,4.38,4.49,4.65,4.10,35116,61393391.34,12.70,3.70,0.16,2.42
2007-07-19,4.66,4.46,4.66,4.33,21932,38662960.71,7.35,-0.67,-0.03,1.51
2007-07-20,4.46,4.68,4.76,4.38,46309,82378314.08,8.52,4.93,0.22,3.19
2007-07-23,4.68,4.99,5.16,4.61,55616,102607473.37,11.75,6.62,0.31,3.83
2007-07-24,5.09,4.88,5.26,4.86,54513,101432706.50,8.02,-2.20,-0.11,3.75
2007-07-25,4.99,5.79,5.90,4.88,79822,154734318.21,20.90,18.65,0.91,5.50
2007-07-26,5.83,6.26,6.31,5.60,67592,137895289.85,12.26,8.12,0.47,4.66
2007-07-27,6.16,6.49,6.81,5.99,55184,116638661.06,13.10,3.67,0.23,3.80
2007-07-30,6.48,6.55,6.71,6.33,51469,109206687.68,5.86,0.92,0.06,3.55
2007-07-31,6.66,7.37,7.74,6.50,55675,125041059.32,18.93,12.52,0.82,3.83
2007-08-01,7.27,7.10,7.86,6.66,54592,123703477.19,16.28,-3.66,-0.27,3.76
2007-08-02,6.91,7.59,7.61,6.91,39479,89318222.30,9.86,6.90,0.49,2.72
2007-08-03,7.59,7.95,8.23,7.41,33071,79014471.60,10.80,4.74,0.36,2.28
2007-08-06,8.08,8.02,8.30,7.87,31784,76560327.66,5.41,0.88,0.07,2.19
2007-08-07,7.89,7.34,8.02,7.22,51948,120800835.89,9.98,-8.48,-0.68,3.58
2007-08-08,7.13,7.37,7.64,6.98,33367,76491814.48,8.99,0.41,0.03,2.30
2007-08-10,7.38,8.58,8.64,7.38,49052,120527919.84,17.10,16.42,1.21,3.38
2007-08-13,8.60,8.54,8.96,8.09,38287,94843130.93,10.14,-0.47,-0.04,2.64
2007-08-14,8.38,8.43,8.74,8.14,20465,50429604.99,7.03,-1.29,-0.11,1.41
2007-08-15,8.43,8.15,8.81,7.96,25913,63175294.72,10.08,-3.32,-0.28,1.78
2007-08-16,8.15,8.05,8.35,7.75,23811,57191599.33,7.36,-1.23,-0.10,1.64
2007-08-17,8.05,7.39,8.19,7.33,33505,77787069.93,10.68,-8.20,-0.66,2.31
2007-08-20,7.55,7.91,8.02,7.55,17509,41175735.99,6.36,7.04,0.52,1.21
2007-08-21,7.91,7.77,8.13,7.66,17578,41407946.89,5.94,-1.77,-0.14,1.21
2007-08-22,7.74,7.80,8.18,7.69,15701,37134601.36,6.31,0.39,0.03,1.08
2007-08-23,7.83,7.73,8.03,7.63,18096,42435511.50,5.13,-0.90,-0.07,1.25
2007-08-24,7.73,8.86,8.94,7.66,52096,128945780.09,16.56,14.62,1.13,3.59
2007-08-27,9.09,8.88,9.59,8.51,35626,92400393.10,12.19,0.23,0.02,2.45
2007-08-28,8.94,8.54,9.02,8.43,25978,64776938.04,6.64,-3.83,-0.34,1.79
2007-08-29,8.44,8.23,8.48,7.95,21015,50934299.41,6.21,-3.63,-0.31,1.45
2007-08-30,8.21,8.71,8.94,8.21,16777,42322698.54,8.87,5.83,0.48,1.16
2007-08-31,8.72,8.60,8.88,8.38,15941,39538909.19,5.74,-1.26,-0.11,1.10
2007-09-03,8.71,8.53,8.91,8.21,21820,54335167.36,8.14,-0.81,-0.07,1.50
2007-09-04,8.49,8.52,8.68,8.33,17187,42486852.63,4.10,-0.12,-0.01,1.18
2007-09-05,8.60,8.33,8.76,8.05,25125,61296282.14,8.33,-2.23,-0.19,1.73
2007-09-07,8.59,8.18,8.94,8.05,24997,62378384.71,10.68,-1.80,-0.15,1.72
2007-09-10,8.11,8.27,8.58,8.06,22650,55361074.58,6.36,1.10,0.09,1.56
2007-09-11,8.27,7.05,8.33,6.94,29106,69575626.25,16.81,-14.75,-1.22,2.00
2007-09-12,7.15,6.95,7.48,6.55,27889,61227528.10,13.19,-1.42,-0.10,1.92
2007-09-13,6.99,6.97,7.16,6.76,14551,32001011.75,5.76,0.29,0.02,1.00
2007-09-14,7.01,7.75,7.88,6.77,19510,44008524.99,15.93,11.19,0.78,1.34
2007-09-17,7.75,8.04,8.59,7.75,27063,65886574.85,10.84,3.74,0.29,1.86
2007-09-18,8.26,8.38,8.66,8.04,23401,57702114.65,7.71,4.23,0.34,1.61
2007-09-19,8.38,8.16,8.59,8.05,13372,32677105.73,6.44,-2.63,-0.22,0.92
2007-09-20,8.16,8.11,8.43,7.93,17843,43310062.97,6.13,-0.61,-0.05,1.23
2007-09-21,8.21,7.91,8.37,7.91,15738,37817405.97,5.67,-2.47,-0.20,1.08
2007-09-24,7.93,7.49,8.08,7.43,14314,33185706.16,8.22,-5.31,-0.42,0.99
2007-09-25,7.38,7.53,7.71,7.22,10222,23415031.29,6.54,0.53,0.04,0.70
2007-09-26,7.49,7.44,7.70,7.43,8116,18686114.14,3.59,-1.20,-0.09,0.56
2007-09-27,7.46,8.71,8.71,7.46,32173,79716368.75,16.80,17.07,1.27,2.22
2007-09-28,9.05,9.77,10.04,9.05,61428,166183077.33,11.37,12.17,1.06,4.23
2007-10-08,10.75,9.54,10.75,9.38,55423,151057604.78,14.02,-2.35,-0.23,3.82
2007-10-09,9.38,9.39,9.71,9.29,13343,35488735.59,4.40,-1.57,-0.15,0.92
2007-10-10,9.58,9.38,9.69,9.27,15939,42234793.21,4.47,-0.11,-0.01,1.10
2007-10-11,9.29,8.76,9.41,8.76,18846,48316172.95,6.93,-6.61,-0.62,1.30
2007-10-12,8.71,8.91,9.33,7.99,15524,39066935.22,15.30,1.71,0.15,1.07
2007-10-15,8.91,9.21,9.33,8.60,15163,39238373.53,8.19,3.37,0.30,1.04
2007-10-16,9.16,9.31,9.33,8.94,13410,34902030.69,4.23,1.09,0.10,0.92
2007-10-17,9.37,9.38,9.88,9.18,16728,44693244.52,7.52,0.75,0.07,1.15
2007-10-18,9.38,9.00,9.41,8.75,10566,27191677.60,7.04,-4.05,-0.38,0.73
2007-10-19,9.05,8.66,9.10,8.33,13166,32881015.77,8.56,-3.78,-0.34,0.91
2007-10-22,8.66,8.59,9.04,8.10,8344,20712334.97,10.85,-0.81,-0.07,0.57
2007-10-23,8.54,8.48,8.88,8.26,4671,11562424.42,7.22,-1.28,-0.11,0.32
2007-10-24,8.56,8.60,8.76,8.22,9042,22539194.83,6.37,1.42,0.12,0.62
2007-10-25,8.60,7.21,8.70,7.21,12549,29693089.26,17.33,-16.16,-1.39,0.86
2007-10-26,7.27,7.21,7.69,6.38,9587,21634261.80,18.17,0.00,0.00,0.66
2007-10-29,7.19,7.39,7.49,7.08,4793,10889254.19,5.69,2.50,0.18,0.33
2007-10-30,7.49,7.73,7.88,7.11,8702,20068673.86,10.42,4.60,0.34,0.60
2007-10-31,7.74,7.83,7.94,7.61,8937,21035436.78,4.27,1.29,0.10,0.62
2007-11-01,7.85,7.26,7.96,7.21,10036,22933221.80,9.58,-7.28,-0.57,0.69
2007-11-02,7.27,7.11,7.49,7.05,6567,14774479.18,6.06,-2.07,-0.15,0.45
2007-11-05,7.05,7.03,7.30,6.94,4855,10803619.15,5.06,-1.13,-0.08,0.33
2007-11-06,7.05,7.40,7.49,6.94,5819,13086360.56,7.82,5.26,0.37,0.40
2007-11-07,7.64,7.44,7.76,7.44,5620,12971366.41,4.32,0.54,0.04,0.39
2007-11-08,7.43,7.70,8.02,7.43,18885,44406784.70,7.93,3.49,0.26,1.30
2007-11-09,7.80,8.59,8.69,7.78,28672,70249937.86,11.82,11.56,0.89,1.97
2007-11-12,8.65,8.36,8.77,7.98,26949,66483789.43,9.20,-2.68,-0.23,1.60
2007-11-13,8.33,8.10,8.55,7.96,32405,78631269.21,7.06,-3.11,-0.26,1.93
2007-11-14,8.44,8.33,8.48,7.98,16173,39250079.87,6.17,2.84,0.23,0.96
2007-11-15,8.38,8.69,9.10,8.19,31294,79274197.95,10.92,4.32,0.36,1.86
2007-11-16,8.88,8.56,9.16,8.52,23797,60215976.31,7.36,-1.50,-0.13,1.42
2007-11-19,8.56,8.43,8.83,8.34,16947,42196712.73,5.72,-1.52,-0.13,1.01
2007-11-20,8.52,8.43,8.71,8.35,16972,42263205.63,4.27,0.00,0.00,1.01
2007-11-21,8.91,8.58,8.91,8.48,17020,42645555.88,5.10,1.78,0.15,1.01
2007-11-22,8.23,8.15,8.55,7.94,10859,26496635.99,7.11,-5.01,-0.43,0.65
2007-11-23,7.99,8.52,8.60,7.60,10205,24344867.99,12.27,4.54,0.37,0.61
2007-11-26,8.55,8.36,8.88,8.21,6314,15687107.17,7.86,-1.88,-0.16,0.38
2007-11-27,8.54,7.91,8.54,7.90,5891,14129693.49,7.66,-5.38,-0.45,0.35
2007-11-28,8.05,7.93,8.06,7.78,7294,17371206.03,3.54,0.25,0.02,0.43
2007-11-29,7.99,7.83,8.05,7.66,6828,16148355.54,4.92,-1.26,-0.10,0.41
2007-11-30,7.84,7.51,7.93,7.43,7140,16636226.54,6.39,-4.09,-0.32,0.42
2007-12-03,7.51,8.30,8.79,7.44,15037,36657835.62,17.98,10.52,0.79,0.89
2007-12-04,7.99,7.99,8.38,7.99,7775,18708604.91,4.70,-3.73,-0.31,0.46
2007-12-05,7.69,8.05,8.27,7.69,8423,20172818.97,7.26,0.75,0.06,0.50
2007-12-06,8.10,7.93,8.16,7.89,13928,33383383.75,3.35,-1.49,-0.12,0.83
2007-12-07,7.93,7.78,8.05,7.67,11043,26086434.56,4.79,-1.89,-0.15,0.66
2007-12-10,7.75,8.31,8.34,7.55,17974,42910480.40,10.15,6.81,0.53,1.07
2007-12-11,8.32,8.33,8.66,8.21,18658,46027150.18,5.42,0.24,0.02,1.11
2007-12-12,8.43,8.38,8.51,8.10,20614,50558746.51,4.92,0.60,0.05,1.23
2007-12-13,8.33,8.49,8.76,8.33,84141,210207801.97,5.13,1.31,0.11,5.00
2007-12-14,8.14,7.69,8.48,7.21,50521,118300834.32,14.96,-9.42,-0.80,3.01
2007-12-17,7.71,7.44,8.02,7.30,26960,62406549.71,9.36,-3.25,-0.25,1.60
2007-12-19,7.44,7.43,7.66,7.35,16286,37416599.49,4.17,-0.13,-0.01,0.97
2007-12-20,7.49,7.73,7.83,7.44,13533,31544762.10,5.25,4.04,0.30,0.80
2007-12-21,7.62,7.50,7.76,7.25,55412,126169026.48,6.60,-2.98,-0.23,3.30
2007-12-24,7.53,7.94,8.37,7.53,51616,123460786.04,11.20,5.87,0.44,2.34
2007-12-25,7.94,8.62,8.73,7.83,71113,176028254.27,11.34,8.56,0.68,3.23
2007-12-26,8.66,8.71,8.99,8.55,63778,161741772.27,5.10,1.04,0.09,2.90
2007-12-27,8.94,9.08,9.65,8.94,57866,152112564.90,8.15,4.25,0.37,2.63
2007-12-28,9.24,9.21,9.44,8.88,37876,98876866.04,6.17,1.43,0.13,1.72