2023-01-03,11.50,11.36,11.50,11.17,94194,106634264.92,2.85,-1.98,-0.23,1.79
2023-01-04,11.33,11.61,11.83,11.22,119677,138811876.73,5.37,2.20,0.25,2.27
2023-01-05,11.59,11.66,11.72,11.32,103273,119397196.31,3.45,0.43,0.05,1.96
2023-01-06,11.90,11.43,11.91,11.35,94606,109202521.00,4.80,-1.97,-0.23,1.80
2023-01-09,11.37,11.36,11.52,11.33,58917,67166566.00,1.66,-0.61,-0.07,1.12
2023-01-10,11.34,11.09,11.41,11.08,84951,94702520.00,2.90,-2.38,-0.27,1.61
2023-01-11,11.11,10.99,11.28,10.99,64529,71710295.42,2.61,-0.90,-0.10,1.23
2023-01-12,10.92,10.80,11.01,10.70,75249,81524482.46,2.82,-1.73,-0.19,1.43
2023-01-13,10.73,10.79,10.85,10.68,48584,52266642.00,1.57,-0.09,-0.01,0.92
2023-01-16,10.80,10.86,10.92,10.59,84171,90566966.40,3.06,0.65,0.07,1.60
2023-01-17,10.80,10.91,10.97,10.79,53888,58609536.69,1.66,0.46,0.05,1.02
2023-01-18,10.97,10.91,11.04,10.85,45183,49337894.33,1.74,0.00,0.00,0.86
2023-01-19,10.81,11.10,11.17,10.81,61182,67423213.81,3.30,1.74,0.19,1.16
2023-01-20,11.03,11.29,11.38,11.03,82299,92694229.57,3.15,1.71,0.19,1.56
2023-01-30,11.32,11.20,11.44,11.17,63774,72070408.28,2.39,-0.80,-0.09,1.21
2023-01-31,11.18,11.38,11.40,11.04,62381,70363366.08,3.21,1.61,0.18,1.18
2023-02-01,11.35,11.36,11.40,11.18,60381,68015796.00,1.93,-0.18,-0.02,1.15
2023-02-02,11.30,11.46,11.47,11.23,83177,94486594.00,2.11,0.88,0.10,1.58
2023-02-03,11.55,11.27,11.55,11.16,75824,85360429.88,3.40,-1.66,-0.19,1.44
2023-02-06,11.26,11.26,11.36,11.18,54085,61021940.97,1.60,-0.09,-0.01,1.03
2023-02-07,11.26,11.34,11.45,11.20,68071,77238205.38,2.22,0.71,0.08,1.29
2023-02-08,11.35,11.33,11.46,11.28,57835,65792282.06,1.59,-0.09,-0.01,1.10
2023-02-09,11.33,11.40,11.41,11.23,57768,65472874.71,1.59,0.62,0.07,1.10
2023-02-10,11.40,11.62,11.71,11.35,93769,108395517.94,3.16,1.93,0.22,1.78