2013-01-04,4.72,4.57,4.77,4.50,6263,16399345.00,5.77,-2.35,-0.11,0.96
2013-01-07,4.61,4.56,4.61,4.51,4185,10921805.00,2.19,-0.22,-0.01,0.64
2013-01-08,4.56,4.75,4.80,4.53,8338,22291551.00,5.92,4.17,0.19,1.28
2013-01-09,4.76,4.77,4.93,4.70,7130,19715883.00,4.84,0.42,0.02,1.09
2013-01-10,4.77,4.80,4.85,4.74,3950,10847121.00,2.31,0.63,0.03,0.61
2013-01-11,4.80,4.70,4.87,4.53,6076,16609141.00,7.08,-2.08,-0.10,0.93
2013-01-14,4.70,4.95,4.96,4.66,5897,16419994.00,6.38,5.32,0.25,0.90
2013-01-15,4.87,5.03,5.11,4.87,13381,38000067.00,4.85,1.62,0.08,2.05
2013-01-16,5.07,5.04,5.22,5.01,9050,26420734.00,4.17,0.20,0.01,1.39
2013-01-17,5.00,5.05,5.09,4.98,8776,25187813.00,2.18,0.20,0.01,1.35
2013-01-18,5.05,5.14,5.18,5.05,5643,16470617.00,2.57,1.78,0.09,0.87
2013-01-21,5.14,5.29,5.36,5.14,7216,21662296.00,4.28,2.92,0.15,1.11
2013-01-22,5.28,5.09,5.31,5.01,10421,30879151.00,5.67,-3.78,-0.20,1.60
2013-01-23,5.12,4.96,5.12,4.90,8907,25519404.00,4.32,-2.55,-0.13,1.37
2013-01-24,5.00,4.98,5.09,4.85,8665,24489675.00,4.84,0.40,0.02,1.33
2013-01-25,4.98,5.04,5.04,4.95,3922,11148104.00,1.81,1.20,0.06,0.60
2013-01-28,5.07,5.20,5.21,5.07,9281,27265284.00,2.78,3.17,0.16,1.42
2013-01-29,5.24,5.23,5.36,5.15,8354,24860034.00,4.04,0.58,0.03,1.28
2013-01-30,5.27,5.12,5.31,5.07,6879,20158492.00,4.59,-2.10,-0.11,1.05
2013-01-31,5.13,5.13,5.19,5.06,4301,12518930.00,2.54,0.20,0.01,0.66
2013-02-01,5.09,5.09,5.15,5.03,5144,14914083.00,2.34,-0.78,-0.04,0.79
2013-02-04,5.09,5.29,5.29,5.09,13767,40814649.00,3.93,3.93,0.20,2.11
2013-02-05,5.29,5.46,5.61,5.20,19794,61015708.00,7.75,3.21,0.17,3.04
2013-02-06,5.18,5.39,5.46,5.18,25802,78286506.00,5.13,-1.28,-0.07,3.96
2013-02-07,5.39,5.56,5.68,5.31,24461,76637009.00,6.86,3.15,0.17,3.75
2013-02-08,5.57,5.63,5.67,5.51,15546,49386458.00,2.88,1.26,0.07,2.38
2013-02-18,5.61,5.80,5.83,5.57,14018,45462124.00,4.62,3.02,0.17,2.15
2013-02-19,5.79,5.66,5.80,5.54,14155,45373678.00,4.48,-2.41,-0.14,1.63
2013-02-20,5.64,5.79,5.82,5.60,14943,48141200.00,3.89,2.30,0.13,1.72
2013-02-21,5.74,5.55,5.78,5.55,12225,39009999.00,3.97,-4.15,-0.24,1.41
2013-02-22,5.55,5.68,5.81,5.55,13771,44599166.00,4.68,2.34,0.13,1.58
2013-02-25,5.59,5.71,5.78,5.59,6134,19678307.00,3.35,0.53,0.03,0.71
2013-02-26,5.70,5.61,5.70,5.37,32619,102253732.00,5.78,-1.75,-0.10,3.75
2013-02-27,5.57,5.62,5.68,5.46,10812,34301049.00,3.92,0.18,0.01,1.24
2013-02-28,5.64,5.66,5.67,5.54,11298,35922422.00,2.31,0.71,0.04,1.30
2013-03-01,5.65,5.87,5.96,5.64,31995,106030693.00,5.65,3.71,0.21,3.68
2013-03-04,5.71,5.88,6.11,5.71,17446,58416022.00,6.81,0.17,0.01,2.01
2013-03-05,5.83,6.09,6.09,5.83,25464,86181976.00,4.42,3.57,0.21,2.93
2013-03-06,6.19,6.32,6.33,6.12,33786,118408119.00,3.45,3.78,0.23,3.89
2013-03-07,6.31,6.04,6.31,5.88,25465,87379355.00,6.80,-4.43,-0.28,2.93
2013-03-08,6.01,5.83,6.10,5.72,20246,66997508.00,6.29,-3.48,-0.21,2.33
2013-03-11,5.82,5.98,5.99,5.66,22560,74273500.00,5.66,2.57,0.15,2.60
2013-03-12,5.96,5.73,6.00,5.38,39141,62832479.00,10.37,-4.18,-0.25,2.25
2013-03-13,5.66,5.77,5.84,5.54,17211,27560260.00,5.24,0.70,0.04,0.99
2013-03-14,5.71,5.86,5.92,5.58,24189,39256960.00,5.89,1.56,0.09,1.39
2013-03-15,5.88,5.92,6.11,5.78,30607,51229747.00,5.63,1.02,0.06,1.76
2013-03-18,5.81,5.87,5.95,5.70,50435,81899606.00,4.22,-0.84,-0.05,2.90
2013-03-19,5.80,5.76,5.90,5.63,29334,47336472.00,4.60,-1.87,-0.11,1.69
2013-03-20,5.68,5.98,6.03,5.68,29436,48248538.00,6.08,3.82,0.22,1.69
2013-03-21,5.96,5.92,6.07,5.86,34135,57004132.00,3.51,-1.00,-0.06,1.96
2013-03-22,6.06,5.91,6.06,5.69,127974,208481770.00,6.25,-0.17,-0.01,7.36
2013-03-25,5.84,6.29,6.43,5.80,84554,146502791.00,10.66,6.43,0.38,4.86
2013-03-26,6.20,6.34,6.60,6.18,86467,154976240.00,6.68,0.79,0.05,4.97
2013-03-27,6.31,6.22,6.49,6.10,59337,103552941.00,6.15,-1.89,-0.12,3.41
2013-03-28,6.15,6.17,6.30,5.99,65298,113527028.00,4.98,-0.80,-0.05,3.76
2013-03-29,6.17,6.07,6.24,5.97,43427,73924288.00,4.38,-1.62,-0.10,2.50
2013-04-01,6.07,6.01,6.13,5.87,36572,61453295.00,4.28,-0.99,-0.06,2.10
2013-04-02,5.96,5.70,6.10,5.63,42436,69956420.00,7.82,-5.16,-0.31,2.44
2013-04-03,5.68,5.68,5.73,5.57,29138,45979573.00,2.81,-0.35,-0.02,1.68
2013-04-08,5.53,5.68,5.81,5.52,26295,41974656.00,5.11,0.00,0.00,1.51
2013-04-09,5.68,5.74,5.77,5.65,23615,37835870.00,2.11,1.06,0.06,1.36
2013-04-10,5.76,5.66,5.82,5.64,21224,34027802.00,3.14,-1.39,-0.08,1.22
2013-04-11,5.72,5.72,5.88,5.69,17424,28290509.00,3.36,1.06,0.06,1.00
2013-04-12,5.72,5.80,5.88,5.71,18747,30486166.00,2.97,1.40,0.08,1.08
2013-04-15,5.79,5.74,5.87,5.72,11456,18547792.00,2.59,-1.03,-0.06,0.66
2013-04-16,5.74,5.78,5.78,5.65,14348,22962615.00,2.26,0.70,0.04,0.83
2013-04-17,5.79,5.82,5.87,5.75,13540,22089295.00,2.08,0.69,0.04,0.78
2013-04-18,5.79,6.08,6.08,5.79,35614,59614278.00,4.98,4.47,0.26,2.05
2013-04-19,6.07,6.32,6.34,6.05,35961,62705354.00,4.77,3.95,0.24,2.07
2013-04-22,6.29,6.29,6.31,6.14,36810,64057825.00,2.69,-0.47,-0.03,2.12
2013-04-23,6.31,6.15,6.33,6.14,32696,56853498.00,3.02,-2.23,-0.14,1.88
2013-04-24,6.14,6.29,6.31,6.11,27771,48230086.00,3.25,2.28,0.14,1.60
2013-04-25,6.17,5.75,6.17,5.71,68230,113902060.00,7.31,-8.59,-0.54,3.92
2013-04-26,5.73,5.70,5.80,5.63,53771,86067712.00,2.96,-0.87,-0.05,3.09
2013-05-31,6.29,6.29,6.29,6.29,4264,7504288.00,0.00,10.35,0.59,0.25
2013-06-03,6.62,6.31,6.69,6.07,132684,239024971.00,9.86,0.32,0.02,7.63
2013-06-04,6.18,6.63,6.80,6.00,130328,233289915.00,12.68,5.07,0.32,7.50
2013-06-05,6.58,6.53,6.87,6.42,59091,109629308.00,6.79,-1.51,-0.10,3.40
2013-06-06,6.45,6.59,6.76,6.40,49008,90816843.00,5.51,0.92,0.06,2.82
2013-06-07,6.56,6.50,6.71,6.36,34742,63375951.00,5.31,-1.37,-0.09,2.00
2013-06-13,6.47,6.25,6.47,6.11,29355,51571445.00,5.54,-3.85,-0.25,1.69
2013-06-14,6.27,6.27,6.43,6.21,36791,65253584.00,3.52,0.32,0.02,2.12
2013-06-17,6.29,6.58,6.76,6.29,57554,104471710.00,7.50,4.94,0.31,3.31
2013-06-18,6.58,6.44,6.62,6.30,32665,58717080.00,4.86,-2.13,-0.14,1.88
2013-06-19,6.42,6.85,6.92,6.35,50727,94563433.00,8.85,6.37,0.41,2.92
2013-06-20,6.76,6.51,6.84,6.42,40082,73969964.00,6.13,-4.96,-0.34,2.31
2013-06-21,6.33,6.63,6.78,6.14,36766,67465200.00,9.83,1.84,0.12,2.11
2013-06-24,6.61,6.09,6.76,6.07,38089,68937807.00,10.41,-8.14,-0.54,2.19
2013-06-25,5.99,6.11,6.25,5.46,59560,98711323.00,12.97,0.33,0.02,3.43
2013-06-26,6.07,6.27,6.29,6.03,36461,63051890.00,4.26,2.62,0.16,2.10
2013-06-27,6.28,6.18,6.52,6.10,43769,77656279.00,6.70,-1.44,-0.09,2.52
2013-06-28,6.03,6.14,6.20,5.88,33539,56798636.00,5.18,-0.65,-0.04,1.93
2013-07-01,6.14,6.25,6.28,5.97,21617,37453738.00,5.05,1.79,0.11,1.24
2013-07-02,6.26,6.36,6.38,6.19,36223,63942783.00,3.04,1.76,0.11,2.08
2013-07-03,6.34,6.27,6.34,6.07,35596,62039342.00,4.25,-1.42,-0.09,2.05
2013-07-04,6.18,6.24,6.32,6.10,19191,33429260.00,3.51,-0.48,-0.03,1.10
2013-07-05,6.18,5.95,6.27,5.95,38131,65044817.00,5.13,-4.65,-0.29,2.19
2013-07-08,5.85,5.88,6.13,5.74,23995,40203821.00,6.55,-1.18,-0.07,1.38
2013-07-09,5.83,6.02,6.08,5.83,12887,21616783.00,4.25,2.38,0.14,0.74
2013-07-10,5.97,6.13,6.17,5.97,13513,23003000.00,3.32,1.83,0.11,0.78
2013-07-11,6.08,6.15,6.20,6.07,18742,32219946.00,2.12,0.33,0.02,1.08
2013-07-12,6.16,6.21,6.38,6.11,28110,49249980.00,4.39,0.98,0.06,1.62
2013-07-15,6.10,6.40,6.40,6.10,56506,99111590.00,4.83,3.06,0.19,3.25
2013-07-16,6.47,6.66,6.73,6.44,67527,125277565.00,4.53,4.06,0.26,3.88
2013-07-17,6.70,6.64,6.84,6.51,48006,89898967.00,4.95,-0.30,-0.02,2.76
2013-07-18,6.55,6.55,6.67,6.47,18447,33752733.00,3.01,-1.36,-0.09,1.06
2013-07-19,6.50,6.33,6.73,6.30,23780,43218227.00,6.56,-3.36,-0.22,1.37
2013-07-22,6.32,6.19,6.39,5.99,39112,67337403.00,6.32,-2.21,-0.14,2.25
2013-07-23,6.18,6.57,6.57,6.10,35815,63850580.00,7.59,6.14,0.38,2.06
2013-07-24,6.59,6.75,6.81,6.45,49870,92884995.00,5.48,2.74,0.18,2.87
2013-07-25,6.72,6.41,6.90,6.40,32159,59245597.00,7.41,-5.04,-0.34,1.85
2013-07-26,6.38,6.20,6.58,6.03,43432,75139965.00,8.58,-3.28,-0.21,2.50
2013-07-29,6.20,6.11,6.28,6.07,19323,33403275.00,3.39,-1.45,-0.09,1.11
2013-07-30,6.11,6.03,6.25,5.92,25184,42554809.00,5.40,-1.31,-0.08,1.45
2013-07-31,6.07,6.14,6.27,6.01,22508,38837953.00,4.31,1.82,0.11,1.29
2013-08-01,6.10,6.31,6.32,6.07,19919,34709760.00,4.07,2.77,0.17,1.15
2013-08-02,6.32,6.13,6.38,6.12,28697,50216668.00,4.12,-2.85,-0.18,1.65
2013-08-05,6.13,6.26,6.26,6.02,23495,40294056.00,3.92,2.12,0.13,1.35
2013-08-06,6.27,6.54,6.58,6.27,45880,82729916.00,4.95,4.47,0.28,2.64
2013-08-07,6.50,6.28,6.53,6.25,29030,51558555.00,4.28,-3.98,-0.26,1.67
2013-08-08,6.29,6.39,6.43,6.26,22714,40425250.00,2.71,1.75,0.11,1.31
2013-08-09,6.42,6.21,6.51,6.07,26051,45668346.00,6.89,-2.82,-0.18,1.50
2013-08-12,6.21,6.10,6.29,6.02,28438,48683010.00,4.35,-1.77,-0.11,1.64
2013-08-13,6.07,6.14,6.18,6.02,17479,29888890.00,2.62,0.66,0.04,1.01
2013-08-14,6.15,6.10,6.17,6.05,17593,30027988.00,1.95,-0.65,-0.04,1.01
2013-08-15,6.07,6.04,6.13,6.00,15926,27114475.00,2.13,-0.98,-0.06,0.92
2013-08-16,5.99,6.02,6.18,5.98,19410,33131270.00,3.31,-0.33,-0.02,1.12
2013-08-19,6.02,6.28,6.29,6.00,35198,60757192.00,4.82,4.32,0.26,2.02
2013-08-20,6.26,6.43,6.73,6.24,77132,139710050.00,7.80,2.39,0.15,4.44
2013-08-21,6.40,6.86,6.87,6.35,84653,158784196.00,8.09,6.69,0.43,4.87
2013-08-30,6.92,6.55,7.31,6.44,92113,177032399.00,12.68,-4.52,-0.31,5.27
2013-09-02,6.58,6.78,6.93,6.56,40328,76194547.00,5.65,3.51,0.23,2.31
2013-09-03,6.64,6.84,6.88,6.55,42467,79488455.00,4.87,0.88,0.06,2.43
2013-09-04,6.81,6.50,6.81,6.46,31298,57982460.00,5.12,-4.97,-0.34,1.79
2013-09-05,6.50,6.48,6.60,6.34,28618,51608873.00,4.00,-0.31,-0.02,1.64
2013-09-06,6.44,6.87,6.96,6.44,53480,101880290.00,8.02,6.02,0.39,3.06
2013-09-09,6.87,6.73,7.43,6.73,78926,156329506.00,10.19,-2.04,-0.14,4.52
2013-09-10,6.81,6.77,6.95,6.56,41245,77643109.00,5.79,0.59,0.04,2.36
2013-09-11,6.76,6.60,6.76,6.50,33857,62178518.00,3.84,-2.51,-0.17,1.94
2013-09-12,6.61,6.54,6.75,6.48,30434,56062133.00,4.09,-0.91,-0.06,1.74
2013-09-13,6.55,6.61,6.69,6.37,38201,69510547.00,4.89,1.07,0.07,2.19
2013-09-16,6.61,6.66,6.70,6.53,18387,34009097.00,2.57,0.76,0.05,1.05
2013-09-17,6.64,6.48,6.70,6.47,19208,35235493.00,3.45,-2.70,-0.18,1.10
2013-09-18,6.44,6.48,6.52,6.40,15905,28784769.00,1.85,0.00,0.00,0.91
2013-09-23,6.48,6.67,6.68,6.46,19372,35514426.00,3.40,2.93,0.19,1.10
2013-09-24,6.63,6.79,6.92,6.59,42462,80478658.00,4.95,1.80,0.12,2.41
2013-09-25,6.73,6.55,6.91,6.51,32798,60631481.00,5.89,-3.53,-0.24,1.86
2013-09-26,6.55,6.29,6.68,6.25,28811,51781379.00,6.56,-3.97,-0.26,1.64
2013-09-27,6.41,6.74,6.77,6.41,43737,81477511.00,5.72,7.15,0.45,2.48
2013-09-30,6.73,7.04,7.13,6.63,41447,81297958.00,7.42,4.45,0.30,2.35
2013-10-08,7.04,7.33,7.52,6.88,41153,83079676.00,9.09,4.12,0.29,2.34
2013-10-09,7.29,7.31,7.45,7.20,36217,74081489.00,3.41,-0.27,-0.02,2.06
2013-10-10,7.25,7.62,7.77,7.25,40279,84768045.00,7.11,4.24,0.31,2.29
2013-10-11,7.62,7.90,8.02,7.42,43436,94347671.00,7.87,3.67,0.28,2.47
2013-10-14,7.91,7.80,8.06,7.73,27120,58863093.00,4.18,-1.27,-0.10,1.54
2013-10-15,7.63,7.31,7.73,7.27,63166,130531490.00,5.90,-6.28,-0.49,3.59
2013-10-16,7.29,7.23,7.45,7.08,53586,108215508.00,5.06,-1.09,-0.08,3.04
2013-10-17,7.30,7.01,7.36,6.95,51484,101888995.00,5.67,-3.04,-0.22,2.92
2013-10-18,7.07,7.41,7.43,7.01,37020,75366850.00,5.99,5.71,0.40,2.10
2013-10-21,7.42,7.61,7.75,7.33,39313,83258760.00,5.67,2.70,0.20,2.23
2013-10-22,7.64,7.27,7.66,7.24,39339,81312307.00,5.52,-4.47,-0.34,2.23
2013-10-23,7.27,7.18,7.31,6.88,33655,66323795.00,5.91,-1.24,-0.09,1.91
2013-10-24,7.17,6.95,7.17,6.93,20530,40397650.00,3.34,-3.20,-0.23,1.17
2013-10-25,6.90,6.98,7.08,6.66,28250,53801328.00,6.04,0.43,0.03,1.60
2013-10-28,6.84,6.90,7.06,6.77,18486,35561027.00,4.15,-1.15,-0.08,1.05
2013-10-29,6.83,6.58,6.97,6.48,27777,51744494.00,7.10,-4.64,-0.32,1.58
2013-10-30,6.58,6.74,6.80,6.55,14741,27449026.00,3.80,2.43,0.16,0.84
2013-10-31,6.77,6.48,6.88,6.44,20238,37332076.00,6.53,-3.86,-0.26,1.15
2013-11-01,6.48,6.34,6.54,6.21,24229,42804781.00,5.09,-2.16,-0.14,1.38
2013-11-04,6.33,6.31,6.48,6.26,26914,47787878.00,3.47,-0.47,-0.03,1.53
2013-11-05,6.31,6.80,6.81,6.14,40877,73751056.00,10.62,7.77,0.49,2.32
2013-11-06,6.77,6.51,6.83,6.48,21090,39446148.00,5.15,-4.26,-0.29,1.20
2013-11-07,6.44,6.51,6.58,6.29,24611,44166058.00,4.45,0.00,0.00,1.40
2013-11-08,6.43,6.66,6.66,6.38,20384,37289126.00,4.30,2.30,0.15,1.16
2013-11-11,6.64,6.60,6.75,6.48,10551,19505756.00,4.05,-0.90,-0.06,0.60
2013-11-12,6.60,6.67,6.74,6.60,14713,27501344.00,2.12,1.06,0.07,0.84
2013-11-13,6.73,6.49,6.73,6.49,14995,27366009.00,3.60,-2.70,-0.18,0.85
2013-11-14,6.50,6.67,6.70,6.37,20371,37136465.00,5.08,2.77,0.18,1.16
2013-11-15,6.65,6.81,6.87,6.62,21711,41065519.00,3.75,2.10,0.14,1.23
2013-11-18,6.94,6.93,6.94,6.81,28978,55614693.00,1.91,1.76,0.12,1.65
2013-11-19,6.93,6.90,7.10,6.83,22318,43297985.00,3.90,-0.43,-0.03,1.27
2013-11-20,6.92,6.81,6.99,6.73,18172,34616649.00,3.77,-1.30,-0.09,1.03
2013-11-21,6.82,6.77,6.82,6.62,15439,29025550.00,2.94,-0.59,-0.04,0.88
2013-11-22,6.77,6.87,6.87,6.74,10236,19431286.00,1.92,1.48,0.10,0.58
2013-11-25,6.84,6.73,6.87,6.73,12698,24062066.00,2.04,-2.04,-0.14,0.72
2013-11-26,6.73,6.88,7.03,6.73,36656,70633627.00,4.46,2.23,0.15,2.08
2013-11-27,6.88,6.99,7.04,6.81,23101,44813701.00,3.34,1.60,0.11,1.31
2013-11-28,6.99,6.90,7.06,6.84,24980,48502836.00,3.15,-1.29,-0.09,1.42
2013-11-29,6.90,6.91,6.94,6.83,19092,36706992.00,1.59,0.14,0.01,1.08
2013-12-02,6.43,6.20,6.71,6.20,82822,146797669.00,7.38,-10.27,-0.71,4.70
2013-12-03,6.07,6.07,6.12,5.58,49761,82638801.00,8.71,-2.10,-0.13,2.83
2013-12-04,6.04,5.82,6.12,5.81,52521,88349047.00,5.11,-4.12,-0.25,2.98
2013-12-05,5.88,6.02,6.32,5.88,54452,92946595.00,7.56,3.44,0.20,3.09
2013-12-06,6.03,6.28,6.35,5.99,33072,57344675.00,5.98,4.32,0.26,1.88
2013-12-09,6.28,6.22,6.43,6.10,26275,45769378.00,5.25,-0.96,-0.06,1.49
2013-12-10,6.18,6.25,6.33,6.14,25928,45188061.00,3.05,0.48,0.03,1.47
2013-12-11,6.22,6.31,6.41,6.19,34225,60538676.00,3.52,0.96,0.06,1.94
2013-12-12,6.31,6.31,6.37,6.22,15662,27651568.00,2.38,0.00,0.00,0.89
2013-12-13,6.26,6.37,6.44,6.25,16923,30241197.00,3.01,0.95,0.06,0.96
2013-12-16,6.33,6.63,6.67,6.33,40168,73955860.00,5.34,4.08,0.26,2.28
2013-12-17,6.50,6.62,6.66,6.50,21929,40506828.00,2.41,-0.15,-0.01,1.25
2013-12-18,6.53,6.44,6.73,6.44,19457,35624939.00,4.38,-2.72,-0.18,1.10
2013-12-19,6.55,6.55,6.66,6.46,27714,50980583.00,3.11,1.71,0.11,1.57
2013-12-20,6.53,6.41,6.60,6.28,16521,29661779.00,4.89,-2.14,-0.14,0.94
2013-12-23,6.41,6.33,6.41,6.17,8608,15124102.00,3.74,-1.25,-0.08,0.49
2013-12-24,6.33,6.56,6.61,6.32,21037,38026012.00,4.58,3.63,0.23,1.19
2013-12-25,6.65,6.81,6.84,6.54,39297,74286253.00,4.57,3.81,0.25,2.23
2013-12-26,6.69,6.81,7.02,6.67,35885,69146889.00,5.14,0.00,0.00,2.04
2013-12-27,6.74,6.94,6.98,6.73,26150,50307209.00,3.67,1.91,0.13,1.49
2013-12-30,6.94,7.01,7.21,6.94,44684,87920573.00,3.89,1.01,0.07,2.54
2013-12-31,7.01,7.07,7.20,7.00,44144,87386384.00,2.85,0.86,0.06,2.51