2019-01-02,6.68,6.26,6.68,6.22,136206,89273683.00,7.32,-0.32,-0.02,1.98
2019-01-03,6.33,5.91,6.33,5.90,83798,51475989.00,6.87,-5.59,-0.35,1.22
2019-01-04,5.89,6.23,6.29,5.82,70385,43204555.00,7.95,5.41,0.32,1.02
2019-01-07,6.26,6.34,6.44,6.21,58468,37671923.00,3.69,1.77,0.11,0.85
2019-01-08,6.33,6.36,6.39,6.27,29541,18969329.00,1.89,0.32,0.02,0.43
2019-01-09,6.37,6.44,6.63,6.35,74684,49027012.00,4.40,1.26,0.08,1.09
2019-01-10,6.43,6.29,6.76,6.27,63776,41547246.00,7.61,-2.33,-0.15,0.93
2019-01-11,6.39,6.33,6.39,6.21,39834,25454302.00,2.86,0.64,0.04,0.58
2019-01-14,6.33,6.21,6.43,6.16,36619,23196875.00,4.27,-1.90,-0.12,0.53
2019-01-15,6.19,6.46,6.46,6.16,54070,34916204.00,4.83,4.03,0.25,0.79
2019-01-16,6.46,6.39,6.47,6.36,33989,22121460.00,1.70,-1.08,-0.07,0.49
2019-01-17,6.42,6.53,6.54,6.29,115897,75568260.00,3.91,2.19,0.14,1.69
2019-01-18,6.49,6.57,6.62,6.43,50054,33162344.00,2.91,0.61,0.04,0.73
2019-01-21,6.57,6.56,6.62,6.53,34870,23196229.00,1.37,-0.15,-0.01,0.51
2019-01-22,6.56,6.38,6.61,6.33,50908,33181976.00,4.27,-2.74,-0.18,0.74
2019-01-23,6.34,6.32,6.44,6.24,29934,19175210.00,3.13,-0.94,-0.06,0.44
2019-01-24,6.33,6.51,6.61,6.29,69012,45504289.00,5.06,3.01,0.19,1.00
2019-01-25,6.50,6.69,6.80,6.46,106008,71618410.00,5.22,2.76,0.18,1.54
2019-01-28,6.71,6.45,6.71,6.40,79371,52494940.00,4.63,-3.59,-0.24,1.15
2019-01-29,6.38,6.42,6.53,6.13,69026,44483611.00,6.20,-0.47,-0.03,1.00
2019-01-30,6.38,6.60,6.96,6.35,102949,69317720.00,9.50,2.80,0.18,1.50
2019-01-31,6.53,6.50,6.62,6.31,73832,48379330.00,4.70,-1.52,-0.10,1.07
2019-02-01,6.54,6.72,6.73,6.52,71911,48526257.00,3.23,3.38,0.22,1.05
2019-02-11,6.72,6.98,7.00,6.66,83335,58129675.00,5.06,3.87,0.26,1.21
2019-02-12,6.98,7.35,7.36,6.86,184378,133986337.00,7.16,5.30,0.37,2.68
2019-02-13,7.84,8.09,8.09,7.49,429222,343895408.00,8.16,10.07,0.74,6.24
2019-02-14,8.31,7.80,8.38,7.61,441373,353479776.00,9.52,-3.58,-0.29,6.42
2019-02-15,7.72,7.91,8.17,7.70,321271,257365418.00,6.03,1.41,0.11,4.67
2019-02-18,8.02,8.31,8.31,7.76,342408,279386656.00,6.95,5.06,0.40,4.98
2019-02-19,8.22,8.23,8.56,8.04,279121,233774395.00,6.26,-0.96,-0.08,4.06
2019-02-20,8.08,8.01,8.14,7.85,204977,165532548.00,3.52,-2.67,-0.22,2.98
2019-02-21,8.00,7.85,8.09,7.84,170704,137197583.00,3.12,-2.00,-0.16,2.48
2019-02-22,7.81,7.92,7.98,7.69,190835,151326659.00,3.69,0.89,0.07,2.78
2019-02-25,8.01,8.45,8.54,8.00,317241,264740115.00,6.82,6.69,0.53,4.62
2019-02-26,8.51,8.54,9.15,8.41,297977,264389540.00,8.76,1.07,0.09,4.34
2019-02-27,8.73,8.58,8.79,8.36,164277,141877397.00,5.04,0.47,0.04,2.39
2019-02-28,8.69,8.79,8.96,8.56,147249,130761829.00,4.66,2.45,0.21,2.14
2019-03-01,8.89,8.86,8.89,8.64,108100,95849468.00,2.84,0.80,0.07,1.57
2019-03-04,8.91,8.81,9.25,8.81,222743,203233809.00,4.97,-0.56,-0.05,3.24
2019-03-05,8.77,9.30,9.38,8.58,216568,198199049.00,9.08,5.56,0.49,3.15
2019-03-06,9.41,9.73,10.04,9.35,319056,311029664.00,7.42,4.62,0.43,4.64
2019-03-07,9.61,9.33,9.80,9.12,308745,292456912.00,6.99,-4.11,-0.40,4.49
2019-03-08,9.17,9.13,9.77,8.84,252850,239559998.00,9.97,-2.14,-0.20,3.68
2019-03-11,9.27,9.69,9.71,9.14,162728,155154978.00,6.24,6.13,0.56,2.37
2019-03-12,9.64,9.70,10.09,9.54,221478,219181761.00,5.68,0.10,0.01,3.22
2019-03-13,9.76,9.47,9.89,9.23,152473,147136046.00,6.80,-2.37,-0.23,2.22
2019-03-14,9.25,9.12,9.44,8.91,145788,134134694.00,5.60,-3.70,-0.35,2.12
2019-03-15,9.16,9.35,9.56,9.16,135578,128377878.00,4.39,2.52,0.23,1.97
2019-03-18,9.41,9.54,9.56,9.24,89129,85275047.00,3.42,2.03,0.19,1.30
2019-03-19,9.54,9.55,9.62,9.41,84100,80755754.00,2.20,0.10,0.01,1.22
2019-03-20,9.63,9.64,9.71,9.25,95927,91596978.00,4.82,0.94,0.09,1.40
2019-03-21,9.61,9.99,10.08,9.54,176250,176668040.00,5.60,3.63,0.35,2.56
2019-03-22,10.06,10.11,10.19,9.85,114611,116021326.00,3.40,1.20,0.12,1.67
2019-03-25,9.91,9.91,10.04,9.76,94232,94235800.00,2.77,-1.98,-0.20,1.37
2019-03-26,10.01,9.78,10.13,9.78,94812,95063103.00,3.53,-1.31,-0.13,1.38
2019-03-27,9.87,9.77,9.90,9.38,118486,115117679.00,5.32,-0.10,-0.01,1.72
2019-03-28,9.72,9.70,9.92,9.61,54389,53565122.00,3.17,-0.72,-0.07,0.79
2019-03-29,9.68,9.91,9.97,9.65,102439,101563790.00,3.30,2.16,0.21,1.49
2019-04-01,10.00,10.02,10.07,9.88,185970,187094386.00,1.92,1.11,0.11,2.71
2019-04-02,10.04,10.51,10.96,9.99,277042,294158736.00,9.68,4.89,0.49,4.03
2019-04-03,10.46,10.64,10.73,10.41,115706,123498700.00,3.04,1.24,0.13,1.68
2019-04-04,10.79,10.51,10.81,10.41,115080,122137981.00,3.76,-1.22,-0.13,1.67
2019-04-08,10.66,10.46,10.88,10.11,167127,176614136.00,7.33,-0.48,-0.05,2.43
2019-04-09,10.40,10.22,10.71,10.11,97458,100636608.00,5.74,-2.29,-0.24,1.42
2019-04-10,10.07,10.05,10.19,9.78,124191,125141873.00,4.01,-1.66,-0.17,1.81
2019-04-11,10.07,9.69,10.08,9.67,131353,130377947.00,4.08,-3.58,-0.36,1.91
2019-04-12,9.74,9.75,9.83,9.49,91336,88840374.00,3.51,0.62,0.06,1.33
2019-04-15,9.81,9.48,9.96,9.45,95889,94644845.00,5.23,-2.77,-0.27,1.40
2019-04-16,9.52,9.95,9.99,9.52,191337,189665560.00,4.96,4.96,0.47,2.78
2019-04-17,9.82,9.78,9.91,9.64,132738,131193139.00,2.71,-1.71,-0.17,1.93
2019-04-18,9.73,9.61,9.83,9.55,71498,69766141.00,2.86,-1.74,-0.17,1.04
2019-04-19,9.83,9.61,9.83,9.51,67900,66014449.00,3.33,0.00,0.00,0.99
2019-04-22,9.63,9.52,9.65,9.42,66274,63710766.00,2.39,-0.94,-0.09,0.96
2019-04-23,9.51,9.18,9.55,9.08,77915,73135065.00,4.94,-3.57,-0.34,1.13
2019-04-24,9.28,9.39,9.48,9.12,62085,58275172.00,3.92,2.29,0.21,0.90
2019-04-25,9.40,8.99,9.45,8.99,80734,74908439.00,4.90,-4.26,-0.40,1.17
2019-04-26,8.91,8.86,9.06,8.81,49187,44364440.00,2.78,-1.45,-0.13,0.72
2019-04-29,8.82,8.72,9.00,8.59,100577,88973108.00,4.63,-1.58,-0.14,1.46
2019-04-30,8.70,9.02,9.26,8.70,60195,54814319.00,6.42,3.44,0.30,0.88
2019-05-06,8.75,8.11,8.75,8.11,112513,94270685.00,7.10,-10.09,-0.91,1.64
2019-05-07,8.19,8.02,8.19,7.81,78284,63368909.00,4.69,-1.11,-0.09,1.14
2019-05-08,7.81,8.08,8.22,7.76,49816,40524189.00,5.74,0.75,0.06,0.72
2019-05-09,8.05,8.00,8.15,7.95,32978,26840225.00,2.48,-0.99,-0.08,0.48
2019-05-10,8.06,8.39,8.46,7.96,87114,72409712.00,6.25,4.88,0.39,1.27
2019-05-13,8.29,8.25,8.40,8.20,58273,48761421.00,2.38,-1.67,-0.14,0.85
2019-05-14,8.16,8.08,8.26,8.07,51959,42942236.00,2.30,-2.06,-0.17,0.76
2019-05-15,8.18,8.21,8.25,8.10,51885,42957576.00,1.86,1.61,0.13,0.75
2019-05-16,8.24,8.36,8.39,8.12,61024,50958452.00,3.29,1.83,0.15,0.89
2019-05-17,8.41,8.16,8.41,7.94,75410,62600120.00,5.62,-2.39,-0.20,1.10
2019-05-20,8.24,8.55,8.58,8.01,121904,102700812.00,6.99,4.78,0.39,1.77
2019-05-21,8.45,8.51,8.54,8.30,87607,74639399.00,2.81,-0.47,-0.04,1.27
2019-05-22,8.47,8.52,8.63,8.41,64965,55948444.00,2.59,0.12,0.01,0.95
2019-05-23,8.66,8.44,8.86,8.36,108560,94303554.00,5.87,-0.94,-0.08,1.58
2019-05-24,8.26,8.17,8.47,8.03,67921,56121109.00,5.21,-3.20,-0.27,0.99
2019-05-27,7.64,7.93,8.08,7.43,157653,123664881.00,7.96,-2.94,-0.24,2.29
2019-05-28,7.88,8.10,8.42,7.82,194384,158843743.00,7.57,2.14,0.17,2.82
2019-05-29,8.04,8.59,8.79,8.04,228607,195053046.00,9.26,6.05,0.49,3.32
2019-05-30,9.46,9.46,9.46,9.34,516300,492984544.00,1.40,10.13,0.87,7.50
2019-05-31,9.25,9.41,9.76,9.11,545013,519192272.00,6.87,-0.53,-0.05,7.91
2019-06-03,9.31,8.49,9.39,8.46,423029,379677440.00,9.88,-9.78,-0.92,6.14
2019-06-04,8.21,7.93,8.51,7.84,295743,242797503.00,7.89,-6.60,-0.56,4.29
2019-06-05,8.01,7.85,8.14,7.79,140293,112466248.00,4.41,-1.01,-0.08,2.04
2019-06-06,7.81,7.71,7.89,7.62,91098,71231639.00,3.44,-1.78,-0.14,1.32
2019-06-10,7.66,7.72,7.82,7.46,96973,74995166.00,4.67,0.13,0.01,1.41
2019-06-11,7.63,7.99,8.02,7.50,147050,115998440.00,6.74,3.50,0.27,2.14
2019-06-12,7.88,7.80,7.96,7.73,106405,84042484.00,2.88,-2.38,-0.19,1.55
2019-06-13,7.78,7.69,7.82,7.63,77167,59945127.00,2.44,-1.41,-0.11,1.12
2019-06-14,7.74,7.53,7.74,7.13,188266,141022077.00,7.93,-2.08,-0.16,2.73
2019-06-17,7.44,7.43,7.51,7.28,65934,49226343.00,3.05,-1.33,-0.10,0.96
2019-06-18,7.42,7.27,7.42,7.17,78002,57020664.00,3.36,-2.15,-0.16,1.13
2019-06-19,7.42,7.52,7.59,7.36,75319,56731805.00,3.16,3.44,0.25,1.09
2019-06-24,8.06,7.80,8.06,7.73,177450,141293066.00,4.39,3.72,0.28,2.58
2019-06-25,7.85,8.07,8.20,7.70,162739,131597974.00,6.41,3.46,0.27,2.36
2019-06-26,7.96,7.89,8.04,7.84,74648,59672686.00,2.48,-2.23,-0.18,1.08
2019-06-27,7.90,7.93,8.07,7.86,65761,52786481.00,2.66,0.51,0.04,0.95
2019-06-28,7.91,7.88,7.99,7.71,45615,36058162.00,3.53,-0.63,-0.05,0.66
2019-07-01,8.01,8.13,8.24,7.93,116752,95512897.00,3.93,3.17,0.25,1.70
2019-07-02,8.23,8.33,8.60,8.17,187341,158942130.00,5.29,2.46,0.20,2.72
2019-07-03,8.24,8.17,8.40,8.09,85498,70791187.00,3.72,-1.92,-0.16,1.21
2019-07-04,8.14,8.11,8.18,8.03,41457,33844890.00,1.84,-0.73,-0.06,0.58
2019-07-05,8.10,8.16,8.21,8.06,44528,36537201.00,1.85,0.62,0.05,0.63
2019-07-08,8.08,7.86,8.25,7.78,85201,68579971.00,5.76,-3.68,-0.30,1.20
2019-07-09,7.80,7.97,8.08,7.80,57062,45967523.00,3.56,1.40,0.11,0.80
2019-07-10,8.03,7.93,8.29,7.74,115728,94100710.00,6.90,-0.50,-0.04,1.63
2019-07-11,7.91,8.06,8.16,7.83,96706,78279277.00,4.16,1.64,0.13,1.36
2019-07-12,8.09,8.24,8.36,8.06,132308,109674620.00,3.72,2.23,0.18,1.86
2019-07-15,8.23,8.39,8.45,8.05,176281,147318580.00,4.85,1.82,0.15,2.48
2019-07-16,8.30,8.43,8.47,8.18,116584,97634827.00,3.46,0.48,0.04,1.64
2019-07-17,8.38,8.55,8.81,8.38,175109,152111341.00,5.10,1.42,0.12,2.47
2019-07-18,8.45,8.33,8.51,8.24,111768,94316074.00,3.16,-2.57,-0.22,1.58
2019-07-19,8.34,8.31,8.48,8.25,96146,80998941.00,2.76,-0.24,-0.02,1.36
2019-07-22,8.36,8.56,9.01,7.93,281202,244368284.00,13.00,3.01,0.25,3.96
2019-07-23,8.46,8.62,8.75,8.35,178819,153782306.00,4.67,0.70,0.06,2.52
2019-07-24,8.58,8.83,8.91,8.53,206765,182163870.00,4.41,2.44,0.21,2.91
2019-07-25,8.77,8.77,8.88,8.65,130122,114737976.00,2.60,-0.68,-0.06,1.83
2019-07-26,8.74,8.55,8.79,8.48,121360,105475117.00,3.53,-2.51,-0.22,1.71
2019-07-29,8.58,8.60,8.69,8.48,75830,65753793.00,2.46,0.58,0.05,1.07
2019-07-30,8.56,8.50,8.64,8.46,97776,84153658.00,2.09,-1.16,-0.10,1.38
2019-07-31,8.55,8.52,8.59,8.42,69231,59447920.00,2.00,0.24,0.02,0.98
2019-08-01,8.45,8.60,8.76,8.45,102567,89097028.00,3.64,0.94,0.08,1.45
2019-08-02,8.41,8.27,8.48,8.16,133644,111660456.00,3.72,-3.84,-0.33,1.88
2019-08-05,8.24,8.03,8.36,8.02,91392,75199152.00,4.11,-2.90,-0.24,1.29
2019-08-06,7.78,7.81,7.90,7.53,113514,88888950.00,4.61,-2.74,-0.22,1.60
2019-08-07,7.81,7.72,7.90,7.64,74426,58097076.00,3.33,-1.15,-0.09,1.05
2019-08-08,7.71,7.85,7.97,7.63,103673,82037684.00,4.40,1.68,0.13,1.46
2019-08-09,7.86,7.53,7.88,7.49,96706,74677014.00,4.97,-4.08,-0.32,1.36
2019-08-12,7.53,7.71,7.71,7.43,45067,34536535.00,3.72,2.39,0.18,0.64
2019-08-13,7.62,7.48,7.71,7.39,72297,54983307.00,4.15,-2.98,-0.23,1.02
2019-08-14,7.57,7.79,7.95,7.57,139048,109366861.00,5.08,4.14,0.31,1.96
2019-08-15,7.60,7.87,7.89,7.58,89351,69765890.00,3.98,1.03,0.08,1.26
2019-08-16,7.78,7.88,8.03,7.78,82932,66373436.00,3.18,0.13,0.01,1.17
2019-08-19,8.15,8.42,8.45,7.96,196973,163944869.00,6.22,6.85,0.54,2.78
2019-08-20,8.55,8.69,8.99,8.54,260047,230173036.00,5.34,3.21,0.27,3.67
2019-08-21,8.73,8.79,8.87,8.64,168867,148798736.00,2.65,1.15,0.10,2.38
2019-08-22,9.16,9.02,9.40,8.86,385138,353718128.00,6.14,2.62,0.23,5.43
2019-08-23,8.99,9.24,9.33,8.92,244065,226536259.00,4.55,2.44,0.22,3.44
2019-08-26,9.16,9.94,10.13,9.14,354612,347400448.00,10.71,7.58,0.70,5.00
2019-08-27,10.02,9.95,10.09,9.79,258662,258779617.00,3.02,0.10,0.01,3.65
2019-08-28,9.99,9.93,10.05,9.73,131871,131154861.00,3.22,-0.20,-0.02,1.86
2019-08-29,9.93,9.91,9.99,9.79,117309,116795657.00,2.01,-0.20,-0.02,1.65
2019-08-30,9.95,9.74,10.33,9.57,249270,249777923.00,7.67,-1.72,-0.17,3.51
2019-09-02,9.73,9.95,10.06,9.65,160172,160193665.00,4.21,2.16,0.21,2.26
2019-09-03,10.01,9.88,10.07,9.82,149372,149221930.00,2.51,-0.70,-0.07,2.11
2019-09-04,9.97,10.00,10.18,9.84,169635,170762187.00,3.44,1.21,0.12,2.39
2019-09-05,10.03,10.31,10.51,9.96,365913,378710928.00,5.50,3.10,0.31,5.16
2019-09-06,10.23,10.24,10.78,10.11,264811,278016944.00,6.50,-0.68,-0.07,3.73
2019-09-09,10.41,10.93,11.21,10.26,436889,475756704.00,9.28,6.74,0.69,6.16
2019-09-10,11.01,10.67,11.10,10.52,248737,270256800.00,5.31,-2.38,-0.26,3.51
2019-09-11,10.69,10.40,10.83,10.19,316604,334839808.00,6.00,-2.53,-0.27,4.46
2019-09-12,10.56,10.39,10.56,10.17,179861,187228082.00,3.75,-0.10,-0.01,2.54
2019-09-16,10.43,10.14,10.43,10.08,153936,158083085.00,3.37,-2.41,-0.25,2.17
2019-09-17,10.19,9.84,10.24,9.68,211549,210709740.00,5.52,-2.96,-0.30,2.98
2019-09-18,9.74,9.72,9.90,9.61,124773,122469851.00,2.95,-1.22,-0.12,1.76
2019-09-19,9.80,9.97,10.10,9.67,200165,200226007.00,4.42,2.57,0.25,2.82
2019-09-20,10.11,9.91,10.11,9.77,150066,149294940.00,3.41,-0.60,-0.06,2.12
2019-09-23,9.83,9.69,9.88,9.53,121067,117409659.00,3.53,-2.22,-0.22,1.71
2019-09-24,9.71,10.19,10.46,9.66,298276,306523008.00,8.26,5.16,0.50,4.20
2019-09-25,10.18,9.75,10.27,9.69,177453,176706470.00,5.69,-4.32,-0.44,2.50
2019-09-26,9.74,9.21,9.81,8.87,304444,284490560.00,9.64,-5.54,-0.54,4.29
2019-09-30,9.40,9.08,9.47,8.93,94600,87334151.00,5.86,-1.41,-0.13,1.33
2019-10-08,9.08,9.06,9.33,9.02,105752,97477350.00,3.41,-0.22,-0.02,1.49
2019-10-09,9.01,9.26,9.29,8.91,83014,76128895.00,4.19,2.21,0.20,1.17
2019-10-10,9.21,9.33,9.38,9.18,93413,87502236.00,2.16,0.76,0.07,1.32
2019-10-11,9.31,9.24,9.40,9.13,93319,87223206.00,2.89,-0.96,-0.09,1.32
2019-10-14,9.25,9.51,9.57,9.25,113513,107929646.00,3.46,2.92,0.27,1.60
2019-10-15,9.29,9.18,9.33,8.71,199837,182189885.00,6.52,-3.47,-0.33,2.82
2019-10-16,9.15,9.31,9.48,9.14,104740,98364434.00,3.70,1.42,0.13,1.48
2019-10-17,9.30,9.27,9.36,9.13,62310,57938285.00,2.47,-0.43,-0.04,0.88
2019-10-18,9.24,9.09,9.35,9.04,55598,51499116.00,3.34,-1.94,-0.18,0.78
2019-10-21,9.16,8.96,9.19,8.83,97283,87955900.00,3.96,-1.43,-0.13,1.37
2019-10-22,9.06,9.04,9.18,8.94,72438,65960038.00,2.68,0.89,0.08,1.02
2019-10-23,9.06,8.89,9.15,8.83,59261,53377692.00,3.54,-1.66,-0.15,0.84
2019-10-24,8.95,8.88,8.95,8.71,48449,43128088.00,2.70,-0.11,-0.01,0.68
2019-10-25,8.86,8.81,8.88,8.65,65081,57539346.00,2.59,-0.79,-0.07,0.92
2019-10-28,8.88,9.38,9.51,8.88,188104,175719917.00,7.15,6.47,0.57,2.65
2019-10-29,9.38,9.27,9.43,9.26,65503,61551137.00,1.81,-1.17,-0.11,0.92
2019-10-30,9.26,9.20,9.45,9.09,87607,81628128.00,3.88,-0.76,-0.07,1.23
2019-10-31,9.30,9.02,9.32,8.98,76483,70163139.00,3.70,-1.96,-0.18,1.08
2019-11-01,8.94,8.94,9.09,8.91,60866,55186025.00,2.00,-0.89,-0.08,0.86
2019-11-04,9.02,9.00,9.05,8.86,76279,68661214.00,2.13,0.67,0.06,1.08
2019-11-05,8.95,9.13,9.15,8.89,80533,73206430.00,2.89,1.44,0.13,1.14
2019-11-06,9.18,9.23,9.42,9.09,105884,98990931.00,3.61,1.10,0.10,1.49
2019-11-07,9.21,9.34,9.39,9.20,58558,54904761.00,2.06,1.19,0.11,0.83
2019-11-08,9.42,9.20,9.49,9.19,71481,67029445.00,3.21,-1.50,-0.14,1.01
2019-11-11,9.17,8.92,9.17,8.83,76230,68663684.00,3.70,-3.04,-0.28,1.07
2019-11-12,8.92,8.88,8.96,8.78,46502,41568326.00,2.02,-0.45,-0.04,0.66
2019-11-13,8.84,8.81,8.99,8.68,54692,48683936.00,3.49,-0.79,-0.07,0.77
2019-11-14,8.81,8.91,8.98,8.75,57531,51583434.00,2.61,1.14,0.10,0.81
2019-11-15,8.93,8.81,8.98,8.79,67863,60661213.00,2.13,-1.12,-0.10,0.96
2019-11-18,8.73,8.57,8.90,8.54,74515,65104885.00,4.09,-2.72,-0.24,1.05
2019-11-19,8.57,8.48,8.70,8.39,164702,141314116.00,3.62,-1.05,-0.09,2.32
2019-11-20,8.48,8.36,8.51,8.26,111620,94307828.00,2.95,-1.42,-0.12,1.57
2019-11-21,8.38,8.15,8.38,8.02,79598,65782613.00,4.31,-2.51,-0.21,1.12
2019-11-22,8.17,7.99,8.21,7.89,96561,78185743.00,3.93,-1.96,-0.16,1.36
2019-11-25,8.04,7.94,8.08,7.82,67354,53688256.00,3.25,-0.63,-0.05,0.95
2019-11-26,7.95,7.91,8.00,7.90,54102,43314821.00,1.26,-0.38,-0.03,0.76
2019-11-27,7.89,7.99,8.07,7.67,136822,108798533.00,5.06,1.01,0.08,1.93
2019-11-28,7.95,7.90,7.99,7.85,56749,45285077.00,1.75,-1.13,-0.09,0.80
2019-11-29,7.94,7.95,8.18,7.83,101870,82104188.00,4.43,0.63,0.05,1.44
2019-12-02,7.94,8.00,8.14,7.85,80541,65238806.00,3.65,0.63,0.05,1.14
2019-12-03,7.98,8.33,8.35,7.93,166613,137778494.00,5.25,4.13,0.33,2.35
2019-12-04,8.21,8.30,8.57,8.19,154546,130188050.00,4.56,-0.36,-0.03,2.18
2019-12-05,8.25,8.53,8.54,8.21,153581,130230854.00,3.98,2.77,0.23,2.16
2019-12-06,8.53,8.58,8.65,8.43,105352,90808089.00,2.58,0.59,0.05,1.49
2019-12-09,8.63,8.59,8.77,8.58,123143,107458727.00,2.21,0.12,0.01,1.74
2019-12-10,8.58,8.77,8.78,8.54,110455,96722019.00,2.79,2.10,0.18,1.56
2019-12-11,8.73,8.68,8.85,8.65,81246,71505201.00,2.28,-1.03,-0.09,1.15
2019-12-12,8.72,8.78,9.09,8.63,145509,129885947.00,5.30,1.15,0.10,2.05
2019-12-13,8.82,8.90,8.96,8.73,116868,104130783.00,2.62,1.37,0.12,1.65
2019-12-16,8.93,9.28,9.34,8.90,182451,168439211.00,4.94,4.27,0.38,2.57
2019-12-17,9.25,9.34,9.45,9.22,140955,132662460.00,2.48,0.65,0.06,1.99
2019-12-18,9.41,9.28,9.51,9.19,130006,122037347.00,3.43,-0.64,-0.06,1.83
2019-12-19,9.23,9.28,9.32,9.13,102925,95601081.00,2.05,0.00,0.00,1.45
2019-12-20,9.23,9.11,9.31,9.05,99746,91831563.00,2.80,-1.83,-0.17,1.41
2019-12-23,9.05,8.88,9.16,8.83,110565,100036694.00,3.62,-2.52,-0.23,1.56
2019-12-24,8.85,9.19,9.20,8.80,110509,100742571.00,4.50,3.49,0.31,1.56
2019-12-25,9.31,9.73,10.12,9.22,573273,570901552.00,9.79,5.88,0.54,8.08
2019-12-26,9.69,9.60,9.76,9.41,316489,305624752.00,3.60,-1.34,-0.13,4.46
2019-12-27,9.32,9.02,9.39,9.00,381303,352538672.00,4.06,-6.04,-0.58,5.37
2019-12-30,8.91,9.19,9.25,8.88,220853,203037098.00,4.10,1.88,0.17,3.11
2019-12-31,9.25,9.83,9.88,9.20,422339,407556224.00,7.40,6.96,0.64,5.88