2020-01-23,14.00,16.95,16.95,14.00,3042,12929944.00,25.56,46.88,5.41,0.88
2020-02-03,18.73,18.73,18.73,18.73,12010,56217312.00,0.00,10.50,1.78,3.47
2020-02-04,20.68,20.68,20.68,19.59,30022,154135051.00,5.82,10.41,1.95,8.68
2020-02-05,22.83,22.83,22.83,20.72,166206,909058080.00,10.20,10.40,2.15,48.04
2020-02-06,25.18,25.18,25.18,24.72,43929,273541616.00,2.01,10.29,2.35,12.70
2020-02-07,27.78,27.78,27.78,27.78,7410,50782648.00,0.00,10.33,2.60,2.14
2020-02-10,30.63,28.65,30.63,25.00,194752,1360547984.00,20.27,3.13,0.87,56.29
2020-02-11,29.64,28.81,30.13,27.92,140016,1004378800.00,7.71,0.56,0.16,40.47
2020-02-12,29.63,30.76,31.77,27.97,151877,1112088528.00,13.19,6.77,1.95,43.90
2020-02-13,30.47,31.60,32.94,29.80,134805,1042115200.00,10.21,2.73,0.84,38.96
2020-02-14,31.30,30.72,32.06,30.68,96575,740337232.00,4.37,-2.78,-0.88,27.91
2020-02-17,30.45,30.14,30.45,29.43,93515,690799456.00,3.32,-1.89,-0.58,27.03
2020-02-18,29.98,33.23,33.23,29.81,103644,808908304.00,11.35,10.25,3.09,29.95
2020-02-19,32.94,34.80,36.63,32.19,120005,1006775280.00,13.36,4.72,1.57,34.68
2020-02-20,33.89,35.05,37.52,33.89,70046,609882272.00,10.43,0.72,0.25,20.24
2020-02-21,34.64,35.14,35.79,34.23,41902,359929808.00,4.45,0.26,0.09,12.11
2020-02-24,34.93,34.62,36.55,33.07,40725,349504800.00,9.90,-1.48,-0.52,11.77
2020-02-25,33.60,36.31,36.81,33.54,53213,460294224.00,9.45,4.88,1.69,15.38
2020-02-26,35.76,38.09,40.02,35.76,65964,624498688.00,11.73,4.90,1.78,19.06
2020-02-27,37.89,38.27,40.43,37.89,49959,477515264.00,6.67,0.47,0.18,14.44
2020-02-28,37.06,36.97,40.02,35.89,40094,375150880.00,10.79,-3.40,-1.30,11.59
2020-03-02,37.56,40.74,40.74,36.50,48179,463119232.00,11.47,10.20,3.77,13.92
2020-03-03,41.73,43.40,44.89,40.89,43517,465843088.00,9.82,6.53,2.66,12.58
2020-03-04,43.01,47.82,47.82,43.01,33422,373513664.00,11.08,10.18,4.42,9.66
2020-03-05,50.48,45.34,51.93,44.35,53085,620879488.00,15.85,-5.19,-2.48,15.34
2020-03-06,43.39,44.50,46.39,42.19,36783,397795888.00,9.26,-1.85,-0.84,10.63
2020-03-09,44.22,42.14,44.22,41.94,28447,298783696.00,5.12,-5.30,-2.36,8.22
2020-03-10,41.73,44.59,45.48,41.73,25313,271181584.00,8.90,5.81,2.45,7.32
2020-03-11,44.52,43.51,45.43,42.56,20078,216600222.00,6.44,-2.42,-1.08,5.80
2020-03-12,42.98,43.53,45.14,42.56,22138,236866907.00,5.93,0.05,0.02,6.40
2020-03-13,40.89,42.56,42.98,39.23,28349,286179296.00,8.61,-2.23,-0.97,8.19
2020-03-16,42.38,40.68,42.97,40.68,16156,165338320.00,5.38,-4.42,-1.88,4.67
2020-03-17,40.89,44.83,44.83,39.64,25990,272426240.00,12.76,10.20,4.15,7.51
2020-03-18,45.48,47.03,49.23,45.48,26152,303069344.00,8.36,4.91,2.20,7.56
2020-03-19,47.56,46.30,48.04,43.54,17205,192924123.00,9.57,-1.55,-0.73,4.97
2020-03-20,46.65,50.27,50.66,46.65,20092,239426167.00,8.66,8.57,3.97,5.81
2020-03-23,48.39,46.73,52.98,46.31,21112,256511797.00,13.27,-7.04,-3.54,6.10
2020-03-24,47.98,50.60,51.31,45.93,22974,272566208.00,11.51,8.28,3.87,6.64
2020-03-25,51.02,51.58,52.93,48.75,20820,259079444.00,8.26,1.94,0.98,6.02
2020-03-26,50.65,52.55,54.02,49.64,18816,238009170.00,8.49,1.88,0.97,5.44
2020-03-27,52.60,51.30,53.88,50.95,16350,208755913.00,5.58,-2.38,-1.25,4.73
2020-03-30,50.17,49.23,51.63,46.32,18797,225911425.00,10.35,-4.04,-2.07,5.43
2020-03-31,49.66,46.71,50.67,46.55,17839,208811085.00,8.37,-5.12,-2.52,5.16
2020-04-01,45.89,45.24,47.54,44.48,18469,205585315.00,6.55,-3.15,-1.47,5.34
2020-04-02,44.90,47.31,48.39,42.67,22429,247406608.00,12.64,4.58,2.07,6.48
2020-04-03,47.09,47.92,48.31,46.25,13269,153095775.00,4.35,1.29,0.61,3.83
2020-04-07,48.81,52.79,52.79,47.93,16748,207975366.00,10.14,10.16,4.87,4.84
2020-04-08,51.90,53.10,53.93,51.56,12619,161189089.00,4.49,0.59,0.31,3.65
2020-04-09,55.48,57.93,58.39,55.06,23428,323852016.00,6.27,9.10,4.83,6.77
2020-04-10,57.64,56.35,57.95,53.27,14747,198986489.00,8.08,-2.73,-1.58,4.26
2020-04-13,55.89,56.22,56.93,55.06,10237,139908776.00,3.32,-0.23,-0.13,2.96
2020-04-14,57.07,57.14,59.23,56.45,13688,194196818.00,4.94,1.64,0.92,3.96
2020-04-15,56.31,54.64,56.60,54.43,13949,187607001.00,3.80,-4.38,-2.50,4.03
2020-04-16,54.43,54.93,56.79,54.02,13631,183979580.00,5.07,0.53,0.29,3.94
2020-04-17,55.03,52.80,55.14,52.61,13673,178523287.00,4.61,-3.88,-2.13,3.95
2020-04-20,52.79,56.17,56.73,52.14,13930,185737470.00,8.69,6.38,3.37,4.03
2020-04-21,55.60,54.84,56.70,54.02,10200,137214349.00,4.77,-2.37,-1.33,2.95
2020-04-22,54.44,56.35,56.72,53.83,10052,136447487.00,5.27,2.75,1.51,2.91
2020-04-23,56.58,54.81,57.97,54.64,14073,192694267.00,5.91,-2.73,-1.54,4.07
2020-04-24,54.31,55.00,55.60,53.45,8322,110967068.00,3.92,0.35,0.19,2.41
2020-04-27,55.03,55.45,57.23,54.64,9150,124300069.00,4.71,0.82,0.45,2.64
2020-04-28,55.89,54.53,55.89,52.24,12559,166203934.00,6.58,-1.66,-0.92,3.63
2020-04-29,54.18,50.68,55.12,49.52,21703,274913552.00,10.27,-7.06,-3.85,6.27
2020-04-30,50.47,51.25,53.29,49.64,18707,234865629.00,7.20,1.12,0.57,5.41
2020-05-06,50.90,52.80,53.18,50.20,10770,135834523.00,5.81,3.02,1.55,3.11
2020-05-07,52.56,51.80,54.05,51.45,16886,215934585.00,4.92,-1.89,-1.00,4.88
2020-05-08,52.07,55.93,56.93,51.79,28127,376016432.00,9.92,7.97,4.13,8.13
2020-05-11,56.13,54.34,56.93,53.93,21360,285830880.00,5.36,-2.84,-1.59,6.17
2020-05-12,54.22,55.12,55.27,53.27,14234,187335793.00,3.68,1.44,0.78,4.11
2020-05-13,54.64,57.00,57.42,54.57,17559,239920721.00,5.17,3.41,1.88,5.07
2020-05-14,56.92,55.02,59.22,54.97,19510,269746432.00,7.46,-3.47,-1.98,5.64
2020-05-15,54.91,54.23,56.13,54.02,14308,190560708.00,3.83,-1.44,-0.79,4.14
2020-05-18,54.43,54.65,56.26,53.73,10717,143354563.00,4.67,0.77,0.42,3.10
2020-05-19,54.65,55.02,56.01,53.81,11981,159864622.00,4.03,0.68,0.37,3.46
2020-05-20,54.27,52.14,54.64,51.43,21296,271851776.00,5.83,-5.23,-2.88,6.15
2020-05-21,51.60,52.48,53.10,51.60,11673,149356912.00,2.88,0.65,0.34,3.37
2020-05-22,51.98,52.47,53.27,51.98,12966,166898532.00,2.46,-0.02,-0.01,3.75
2020-05-25,52.74,54.85,55.48,50.53,17185,226616075.00,9.43,4.54,2.38,4.97
2020-05-26,54.65,56.40,56.48,54.29,16403,221791043.00,3.99,2.83,1.55,4.74
2020-05-27,56.68,54.29,57.76,54.21,14491,196744590.00,6.29,-3.74,-2.11,4.19
2020-05-28,53.71,52.15,54.06,51.31,15555,198219914.00,5.07,-3.94,-2.14,4.50
2020-05-29,51.56,50.73,52.50,50.50,16826,210928629.00,3.84,-2.72,-1.42,4.86
2020-06-01,50.77,52.98,53.11,50.73,15194,192564187.00,4.69,4.44,2.25,4.39
2020-06-02,52.91,51.36,53.34,51.31,11745,148985816.00,3.83,-3.06,-1.62,3.39
2020-06-03,51.64,50.92,52.12,50.77,12344,153831972.00,2.63,-0.86,-0.44,3.57
2020-06-04,51.04,51.18,52.54,50.78,10723,134431247.00,3.46,0.51,0.26,3.10
2020-06-05,51.08,50.41,51.08,49.23,13106,159924405.00,3.61,-1.50,-0.77,3.79
2020-06-08,50.35,46.73,50.80,46.48,22957,267099610.00,8.57,-7.30,-3.68,6.64
2020-06-09,46.85,47.35,47.77,46.48,10246,117819195.00,2.76,1.33,0.62,2.96
2020-06-10,47.15,47.26,47.78,45.56,11387,129695355.00,4.69,-0.19,-0.09,3.29
2020-06-11,47.40,48.78,48.89,46.93,17114,200475173.00,4.15,3.22,1.52,4.95
2020-06-12,47.61,48.10,48.73,46.98,9922,115973976.00,3.59,-1.39,-0.68,2.87
2020-06-15,48.39,48.89,50.26,47.84,14049,169050634.00,5.03,1.64,0.79,4.06
2020-06-16,49.07,50.14,50.28,48.30,12001,144742850.00,4.05,2.56,1.25,3.47
2020-06-17,49.78,51.23,51.39,49.47,11288,138976430.00,3.83,2.17,1.09,3.26
2020-06-18,51.49,49.64,52.24,49.24,13895,169910619.00,5.86,-3.10,-1.59,4.02
2020-06-19,49.53,50.14,50.26,48.94,10889,131698034.00,2.66,1.01,0.50,3.15
2020-06-22,50.15,48.94,51.12,48.83,12115,146277762.00,4.57,-2.39,-1.20,3.50
2020-06-23,49.04,48.96,49.21,48.14,10138,120300049.00,2.19,0.04,0.02,2.93
2020-06-24,49.26,49.36,49.86,48.60,11941,143414477.00,2.57,0.82,0.40,3.45
2020-06-29,49.24,47.88,49.53,47.18,13878,162182289.00,4.76,-3.00,-1.48,4.01
2020-06-30,48.17,50.42,50.84,48.07,18363,222905785.00,5.79,5.30,2.54,5.31
2020-07-01,50.46,51.52,52.14,49.83,15105,187943489.00,4.58,2.18,1.10,4.37
2020-07-02,51.06,54.65,56.01,50.99,24916,328541232.00,9.74,6.08,3.13,7.20
2020-07-03,54.49,53.03,55.02,50.78,16021,206763168.00,7.76,-2.96,-1.62,4.63
2020-07-06,53.04,55.03,55.82,53.04,15459,205344745.00,5.24,3.77,2.00,4.47
2020-07-07,55.03,54.64,55.47,53.90,19304,255964156.00,2.85,-0.71,-0.39,5.58
2020-07-08,57.65,55.14,58.14,54.57,34645,470165584.00,6.53,0.92,0.50,10.01
2020-07-09,55.15,56.40,57.24,54.74,21638,294371984.00,4.53,2.29,1.26,6.25
2020-07-10,56.21,54.29,57.03,54.24,19301,260086266.00,4.95,-3.74,-2.11,5.58
2020-07-13,55.97,55.40,56.35,55.00,21183,286745648.00,2.49,2.04,1.11,6.12
2020-07-14,55.34,56.61,57.90,55.34,21589,296494832.00,4.62,2.18,1.21,6.24
2020-07-15,56.82,61.57,62.34,56.57,43016,630963920.00,10.19,8.76,4.96,12.43
2020-07-16,61.40,55.34,62.38,55.34,32517,466230992.00,11.43,-10.12,-6.23,9.40
2020-07-17,54.77,55.92,57.65,52.93,19634,266936674.00,8.53,1.05,0.58,5.67
2020-07-20,56.59,55.68,57.02,53.90,19367,258518337.00,5.58,-0.43,-0.24,5.60
2020-07-21,55.57,54.69,56.36,54.28,14319,191495563.00,3.74,-1.78,-0.99,4.14
2020-07-22,54.32,54.33,55.13,53.73,14423,191282113.00,2.56,-0.66,-0.36,4.17
2020-07-23,53.52,52.03,53.78,50.59,20619,260892053.00,5.87,-4.23,-2.30,5.96
2020-07-24,51.84,48.40,52.44,47.93,19291,235142461.00,8.67,-6.98,-3.63,5.58
2020-07-27,48.00,47.78,48.67,46.92,12900,149554683.00,3.62,-1.28,-0.62,3.73
2020-07-28,48.07,50.62,51.22,47.92,17658,214290653.00,6.91,5.94,2.84,5.10
2020-07-29,50.94,50.65,51.26,49.94,15568,191365088.00,2.61,0.06,0.03,4.50
2020-07-30,50.19,50.97,51.73,50.19,13749,170279512.00,3.04,0.63,0.32,3.97
2020-07-31,50.52,50.41,51.61,50.10,13810,170442399.00,2.96,-1.10,-0.56,3.99
2020-08-03,50.62,51.08,51.68,49.75,18362,226671134.00,3.83,1.33,0.67,5.31
2020-08-04,50.99,49.74,51.40,49.44,23359,284543728.00,3.84,-2.62,-1.34,6.75
2020-08-05,49.44,50.57,50.81,49.15,15732,192025355.00,3.34,1.67,0.83,4.55
2020-08-06,50.70,51.03,52.14,50.27,16114,200514618.00,3.70,0.91,0.46,4.66
2020-08-07,50.98,51.40,53.48,49.64,26471,332226272.00,7.52,0.73,0.37,7.65
2020-08-10,51.39,52.05,52.48,50.08,16020,199988216.00,4.67,1.26,0.65,4.63
2020-08-11,52.85,52.77,55.10,52.11,29232,379930928.00,5.74,1.38,0.72,8.45
2020-08-12,52.03,50.82,53.48,50.40,16950,211749351.00,5.84,-3.70,-1.95,4.90
2020-08-13,51.34,49.78,52.59,49.69,14339,176861364.00,5.71,-2.05,-1.04,4.14
2020-08-14,50.13,51.36,51.40,48.92,13452,164484402.00,4.98,3.17,1.58,3.89
2020-08-17,52.03,54.61,54.93,51.82,28322,368869520.00,6.06,6.33,3.25,8.19
2020-08-18,54.74,57.71,58.69,54.74,36964,512225472.00,7.23,5.68,3.10,10.68
2020-08-19,56.40,53.50,57.15,51.87,38972,510276144.00,9.15,-7.30,-4.21,11.26
2020-08-20,52.69,52.87,53.49,52.33,11791,151121129.00,2.17,-1.18,-0.63,3.41
2020-08-21,52.77,52.82,54.17,52.49,13087,168717914.00,3.18,-0.09,-0.05,3.78
2020-08-24,52.82,55.60,57.55,52.82,24254,326597904.00,8.95,5.26,2.78,7.01
2020-08-25,55.38,55.61,57.12,54.82,14369,194958934.00,4.14,0.02,0.01,4.15
2020-08-26,56.61,57.58,60.54,56.32,28504,400099806.00,7.59,3.54,1.97,8.24
2020-08-27,57.22,56.44,57.22,53.62,14698,200417356.00,6.25,-1.98,-1.14,4.25
2020-08-28,57.65,58.94,60.57,55.94,24452,347606805.00,8.20,4.43,2.50,7.07
2020-08-31,58.82,58.11,59.31,57.87,15346,217671739.00,2.44,-1.41,-0.83,4.44
2020-09-01,58.40,57.31,58.89,56.40,11023,153739210.00,4.28,-1.38,-0.80,3.19
2020-09-02,57.24,59.71,59.83,56.53,15888,225616224.00,5.76,4.19,2.40,4.59
2020-09-03,59.81,57.60,60.56,57.59,12746,181897048.00,4.97,-3.53,-2.11,3.68
2020-09-04,56.35,56.71,57.16,55.34,11734,160154705.00,3.16,-1.55,-0.89,3.39
2020-09-07,56.27,53.40,56.77,53.40,13363,177898965.00,5.94,-5.84,-3.31,3.86
2020-09-08,53.42,53.56,54.49,52.65,8611,112292410.00,3.45,0.30,0.16,2.49
2020-09-09,53.28,49.69,53.48,49.19,19442,238973492.00,8.01,-7.23,-3.87,5.62
2020-09-10,50.18,48.77,50.36,48.65,8808,105929799.00,3.44,-1.85,-0.92,2.55
2020-09-11,48.16,49.37,49.52,48.06,6160,73515519.00,2.99,1.23,0.60,1.78
2020-09-14,49.06,49.27,50.58,48.37,10609,127423368.00,4.48,-0.20,-0.10,3.07
2020-09-15,49.27,49.09,49.53,48.20,7396,87906500.00,2.70,-0.37,-0.18,2.14
2020-09-16,49.09,49.41,49.87,48.67,6454,77168993.00,2.44,0.65,0.32,1.87
2020-09-17,49.17,48.47,49.17,47.69,9127,107350506.00,3.00,-1.90,-0.94,2.64
2020-09-18,48.28,48.69,49.03,47.74,8988,105933092.00,2.66,0.45,0.22,2.60
2020-09-21,49.11,48.05,49.11,47.92,6785,79522505.00,2.44,-1.31,-0.64,1.96
2020-09-22,47.68,47.59,48.39,47.29,6316,73616081.00,2.29,-0.96,-0.46,1.83
2020-09-23,47.82,47.97,48.57,47.49,8278,96753736.00,2.27,0.80,0.38,2.39
2020-09-24,47.97,44.96,48.05,44.74,16030,179935999.00,6.90,-6.27,-3.01,4.63
2020-09-25,44.96,46.10,46.39,43.76,10529,116626629.00,5.85,2.54,1.14,3.04
2020-09-28,46.02,45.26,46.74,45.16,6442,71890184.00,3.43,-1.82,-0.84,1.86
2020-09-29,45.21,45.36,46.03,45.07,4134,45821105.00,2.12,0.22,0.10,1.19
2020-09-30,45.57,44.73,45.93,44.46,4099,45022792.00,3.24,-1.39,-0.63,1.18
2020-10-09,45.57,45.73,46.28,45.53,6475,72253854.00,1.68,2.24,1.00,1.87
2020-10-12,46.08,48.82,48.82,46.08,13712,159253930.00,5.99,6.76,3.09,3.96
2020-10-13,49.00,47.50,49.17,47.03,17174,199904238.00,4.38,-2.70,-1.32,4.96
2020-10-14,47.57,47.49,48.43,47.06,11129,129223497.00,2.88,-0.02,-0.01,3.22
2020-10-15,48.70,46.60,48.89,46.28,14324,164370141.00,5.50,-1.87,-0.89,4.14
2020-10-16,46.82,46.78,47.23,46.19,7704,87507540.00,2.23,0.39,0.18,2.23
2020-10-19,46.90,46.25,47.14,45.99,8576,96858613.00,2.46,-1.13,-0.53,2.48
2020-10-20,46.40,46.73,46.82,45.37,8225,92516964.00,3.14,1.04,0.48,2.38
2020-10-21,46.92,46.57,48.11,46.31,13683,156720193.00,3.85,-0.34,-0.16,3.95
2020-10-22,46.07,44.74,46.10,44.74,11581,127576398.00,2.92,-3.93,-1.83,3.35
2020-10-23,45.10,43.22,45.11,42.49,12505,133140621.00,5.86,-3.40,-1.52,3.61
2020-10-26,43.20,43.95,43.95,41.89,6309,66403703.00,4.77,1.69,0.73,1.82
2020-10-27,43.48,44.24,44.74,43.07,8608,92524955.00,3.80,0.66,0.29,2.49
2020-10-28,44.52,43.90,44.52,43.17,6363,67926889.00,3.05,-0.77,-0.34,1.84
2020-10-29,43.15,43.61,44.27,42.65,8301,87912242.00,3.69,-0.66,-0.29,2.40
2020-10-30,43.90,40.99,43.90,40.99,14585,150223974.00,6.67,-6.01,-2.62,4.22
2020-11-02,41.40,40.24,41.40,39.18,12825,125483249.00,5.42,-1.83,-0.75,3.71
2020-11-03,40.94,40.99,42.24,40.39,11558,115586839.00,4.60,1.86,0.75,3.34
2020-11-04,40.78,40.57,41.39,40.15,12329,122384479.00,3.03,-1.02,-0.42,3.56
2020-11-05,40.82,41.94,42.06,40.57,11270,114220963.00,3.67,3.38,1.37,3.26
2020-11-06,42.23,40.90,42.23,40.47,7960,79698019.00,4.20,-2.48,-1.04,2.30
2020-11-09,41.32,41.86,42.19,40.65,9082,91994979.00,3.77,2.35,0.96,2.62
2020-11-10,41.77,42.39,43.61,41.20,15247,158297308.00,5.76,1.27,0.53,4.41
2020-11-11,42.28,41.78,42.86,41.47,7247,74151414.00,3.28,-1.44,-0.61,2.09
2020-11-12,42.03,42.21,42.65,41.45,6150,63029072.00,2.87,1.03,0.43,1.78
2020-11-13,42.15,42.55,42.58,41.61,6790,69662979.00,2.30,0.81,0.34,1.96
2020-11-16,42.24,42.10,42.65,41.65,8442,86628793.00,2.35,-1.06,-0.45,2.44
2020-11-17,42.11,41.14,42.12,40.89,7822,78754579.00,2.92,-2.28,-0.96,2.26
2020-11-18,41.14,41.86,41.94,40.56,11529,116020747.00,3.35,1.75,0.72,3.33
2020-11-19,41.59,41.17,41.77,41.12,6853,69131751.00,1.55,-1.65,-0.69,1.98
2020-11-20,41.11,40.63,42.03,40.52,9205,91895733.00,3.67,-1.31,-0.54,2.66
2020-11-23,40.75,41.87,41.92,39.80,17341,172701833.00,5.22,3.05,1.24,5.01
2020-11-24,41.57,40.61,42.07,40.36,12562,124934750.00,4.08,-3.01,-1.26,3.63
2020-11-25,40.69,39.24,40.69,38.90,12452,120461369.00,4.41,-3.37,-1.37,3.60
2020-11-26,39.49,39.55,40.29,39.24,7336,71097269.00,2.68,0.79,0.31,2.12
2020-11-27,39.90,38.84,39.90,38.60,7520,71468948.00,3.29,-1.80,-0.71,2.17
2020-11-30,38.84,38.73,39.02,38.07,10617,99754393.00,2.45,-0.28,-0.11,3.07
2020-12-01,38.62,39.06,39.15,38.16,11952,113194941.00,2.56,0.85,0.33,3.45
2020-12-02,39.53,39.78,40.56,39.12,16959,164761516.00,3.69,1.84,0.72,4.90
2020-12-03,39.42,38.90,39.69,38.28,19741,186646928.00,3.54,-2.21,-0.88,5.71
2020-12-04,38.69,38.83,38.97,38.24,10991,103703728.00,1.88,-0.18,-0.07,3.18
2020-12-07,38.89,38.13,38.89,38.07,15562,145460964.00,2.11,-1.80,-0.70,4.50
2020-12-08,37.78,37.15,37.99,37.01,15319,140284503.00,2.57,-2.57,-0.98,4.43
2020-12-09,37.15,35.24,37.15,35.20,21370,188232716.00,5.25,-5.14,-1.91,6.18
2020-12-10,35.15,34.76,35.59,34.70,13717,117918475.00,2.53,-1.36,-0.48,3.96
2020-12-11,34.80,33.74,35.09,33.19,18909,156786633.00,5.47,-2.93,-1.02,5.47
2020-12-14,33.76,36.31,36.34,33.76,25523,221385016.00,7.65,7.62,2.57,7.38
2020-12-15,36.40,37.90,38.60,36.24,27219,251037499.00,6.50,4.38,1.59,7.87
2020-12-16,37.86,37.64,38.27,37.24,14775,136326590.00,2.72,-0.69,-0.26,4.27
2020-12-17,37.86,37.27,37.86,36.82,9406,85826922.00,2.76,-0.98,-0.37,2.72
2020-12-18,37.07,36.37,38.07,36.34,13980,125988591.00,4.64,-2.41,-0.90,4.04
2020-12-21,36.55,36.61,36.77,35.86,10629,94530672.00,2.50,0.66,0.24,3.07
2020-12-22,36.29,34.98,36.52,34.97,13162,114165784.00,4.23,-4.45,-1.63,3.80
2020-12-23,35.09,34.62,35.34,33.90,8835,74637278.00,4.12,-1.03,-0.36,2.55
2020-12-24,34.66,34.76,34.88,33.72,9493,79878604.00,3.35,0.40,0.14,2.74
2020-12-25,34.75,38.90,39.15,34.65,27338,251801661.00,12.95,11.91,4.14,7.90
2020-12-28,38.28,37.87,38.49,36.98,18730,172234520.00,3.88,-2.65,-1.03,5.41
2020-12-29,37.98,36.67,38.11,36.49,14245,128843943.00,4.28,-3.17,-1.20,4.12
2020-12-30,36.71,36.82,37.36,35.44,12117,107802278.00,5.24,0.41,0.15,3.50
2020-12-31,36.65,38.03,38.23,35.99,16937,154200558.00,6.08,3.29,1.21,4.90