2020-01-02,11.32,11.47,11.54,11.30,248413,285810368.00,2.14,2.05,0.23,6.21
2020-01-03,11.51,11.61,11.69,11.42,279061,325474208.00,2.35,1.22,0.14,6.98
2020-01-06,11.92,11.69,12.40,11.61,426835,513234976.00,6.80,0.69,0.08,10.67
2020-01-07,11.68,11.61,11.77,11.48,263778,307577312.00,2.48,-0.68,-0.08,6.59
2020-01-08,11.68,12.12,12.13,11.64,558621,671615024.00,4.22,4.39,0.51,13.97
2020-01-09,11.82,11.92,12.05,11.72,325777,389030144.00,2.72,-1.65,-0.20,8.14
2020-01-10,11.87,11.63,11.96,11.62,241426,284518288.00,2.85,-2.43,-0.29,6.04
2020-01-13,11.64,11.58,11.75,11.34,194614,225002291.00,3.53,-0.43,-0.05,4.87
2020-01-14,11.60,11.57,11.75,11.52,175795,205626506.00,1.99,-0.09,-0.01,4.39
2020-01-15,11.51,11.41,11.62,11.33,162385,186655029.00,2.51,-1.38,-0.16,4.06
2020-01-16,11.38,11.55,11.69,11.38,204300,238459457.00,2.72,1.23,0.14,5.11
2020-01-17,11.52,11.39,11.61,11.32,157845,181569761.00,2.51,-1.39,-0.16,3.95
2020-01-20,11.43,12.54,12.54,11.43,922748,1141324992.00,9.75,10.10,1.15,23.07
2020-01-21,12.51,12.54,12.75,12.07,633680,789056320.00,5.42,0.00,0.00,15.84
2020-01-22,12.56,13.22,13.56,12.36,641252,841601536.00,9.57,5.42,0.68,16.03
2020-01-23,12.93,13.62,14.52,12.90,857564,1199880832.00,12.25,3.03,0.40,21.44
2020-02-03,12.25,12.25,12.25,12.25,59140,72919620.00,0.00,-10.06,-1.37,1.48
2020-02-04,11.23,12.89,13.29,11.23,678815,868035632.00,16.82,5.22,0.64,16.97
2020-02-05,12.82,14.19,14.19,12.65,774077,1068542352.00,11.95,10.09,1.30,19.35
2020-02-06,14.91,15.62,15.62,14.43,699642,1068622880.00,8.39,10.08,1.43,17.49
2020-02-07,17.15,17.19,17.19,16.50,1096796,1881641760.00,4.42,10.05,1.57,27.42
2020-02-10,18.92,18.31,18.92,16.33,1776818,3219018032.00,15.07,6.52,1.12,44.42
2020-02-11,18.02,16.62,18.22,16.47,1337199,2260305920.00,9.56,-9.23,-1.69,33.43
2020-02-12,16.62,18.29,18.29,16.62,1271413,2250380720.00,10.05,10.05,1.67,31.79
2020-02-13,18.49,19.23,20.13,17.77,1521925,2903586288.00,12.90,5.14,0.94,38.05
2020-02-14,19.93,19.67,20.80,19.42,1139939,2292714672.00,7.18,2.29,0.44,28.50
2020-02-17,19.59,19.96,21.28,19.57,1195268,2420998960.00,8.69,1.47,0.29,29.88
2020-02-18,19.86,21.24,21.51,19.62,1272288,2608286432.00,9.47,6.41,1.28,31.81
2020-02-19,20.52,19.60,20.54,19.12,1111794,2232126608.00,6.69,-7.72,-1.64,27.79
2020-02-20,19.66,19.87,20.22,18.93,857231,1697634576.00,6.58,1.38,0.27,21.43
2020-02-21,19.56,20.05,21.12,19.19,1085374,2190236608.00,9.71,0.91,0.18,27.13
2020-02-24,19.42,19.18,19.71,18.78,873002,1684172544.00,4.64,-4.34,-0.87,21.83
2020-02-25,18.42,19.61,19.86,18.41,842021,1618767376.00,7.56,2.24,0.43,21.05
2020-02-26,18.98,18.16,19.37,17.83,666874,1251343248.00,7.85,-7.39,-1.45,16.67
2020-02-27,18.34,17.70,18.39,17.42,435218,779203440.00,5.34,-2.53,-0.46,10.88
2020-02-28,16.82,16.63,17.16,16.18,509304,857567664.00,5.54,-6.05,-1.07,12.73
2020-03-02,16.91,17.14,17.41,16.48,407604,694028080.00,5.59,3.07,0.51,10.19
2020-03-03,17.46,17.54,18.42,17.32,523101,937273472.00,6.42,2.33,0.40,13.08
2020-03-04,17.24,17.53,17.87,16.93,351716,614165824.00,5.36,-0.06,-0.01,8.79
2020-03-05,17.82,17.85,18.21,17.47,434844,780938688.00,4.22,1.83,0.32,10.87
2020-03-06,17.42,17.80,18.24,17.26,372313,667590640.00,5.49,-0.28,-0.05,9.31
2020-03-09,17.47,16.47,17.51,16.35,409027,695433472.00,6.52,-7.47,-1.33,10.23
2020-03-10,15.98,17.85,18.12,15.98,552199,953142656.00,12.99,8.38,1.38,13.80
2020-03-11,17.87,18.81,19.64,17.60,1140518,2184039024.00,11.43,5.38,0.96,28.51
2020-03-12,18.15,17.40,18.22,17.12,562720,1001182784.00,5.85,-7.50,-1.41,14.07
2020-03-13,16.12,17.19,17.57,16.12,367197,622452576.00,8.33,-1.21,-0.21,9.18
2020-03-16,17.52,15.55,17.54,15.47,458640,750177008.00,12.04,-9.54,-1.64,11.47
2020-03-17,15.60,15.35,15.94,14.55,329531,505082896.00,8.94,-1.29,-0.20,8.24
2020-03-18,15.41,15.42,16.21,15.24,363145,572780144.00,6.32,0.46,0.07,9.08
2020-03-19,15.38,15.75,15.87,15.02,331905,520076848.00,5.51,2.14,0.33,8.30
2020-03-20,16.06,15.69,16.09,15.32,223780,351967200.00,4.89,-0.38,-0.06,5.59
2020-03-23,15.12,14.64,15.39,14.48,220131,331158416.00,5.80,-6.69,-1.05,5.50
2020-03-24,15.00,14.98,15.17,14.43,204896,306627040.00,5.05,2.32,0.34,5.12
2020-03-25,15.38,15.36,15.47,15.10,201760,310192656.00,2.47,2.54,0.38,5.04
2020-03-26,15.26,15.04,15.50,15.02,159149,243157698.00,3.13,-2.08,-0.32,3.98
2020-03-27,15.26,14.90,15.41,14.87,154207,234580599.00,3.59,-0.93,-0.14,3.86
2020-03-30,14.55,14.37,14.71,13.83,198309,283842160.00,5.91,-3.56,-0.53,4.96
2020-03-31,14.55,14.21,14.61,14.15,123691,178493030.00,3.20,-1.11,-0.16,3.09
2020-04-01,14.12,14.36,14.60,14.03,160951,233513847.00,4.01,1.06,0.15,4.02
2020-04-02,14.37,14.86,15.10,14.27,190850,280539120.00,5.78,3.48,0.50,4.77
2020-04-03,14.89,14.76,15.05,14.61,180337,269161600.00,2.96,-0.67,-0.10,4.51
2020-04-07,15.22,16.24,16.24,15.16,457945,738089648.00,7.32,10.03,1.48,11.45
2020-04-08,15.94,16.80,17.12,15.90,564695,943251696.00,7.51,3.45,0.56,14.12
2020-04-09,16.61,16.87,17.54,16.60,411839,705195328.00,5.60,0.42,0.07,10.30
2020-04-10,16.64,16.44,17.19,16.33,328025,551104288.00,5.10,-2.55,-0.43,8.20
2020-04-13,16.23,17.06,17.20,16.03,366387,618726768.00,7.12,3.77,0.62,9.16
2020-04-14,17.15,17.10,17.40,16.73,353790,606403280.00,3.93,0.23,0.04,8.84
2020-04-15,16.90,16.71,17.26,16.63,315299,535384256.00,3.68,-2.28,-0.39,7.88
2020-04-16,16.42,16.57,16.82,16.34,244442,407209696.00,2.87,-0.84,-0.14,6.11
2020-04-17,16.72,16.22,16.83,16.18,237115,392596192.00,3.92,-2.11,-0.35,5.93
2020-04-20,16.29,17.85,17.85,16.29,414628,715089504.00,9.62,10.05,1.63,10.37
2020-04-21,18.92,19.00,19.49,18.52,953378,1808851696.00,5.43,6.44,1.15,23.83
2020-04-22,18.79,19.25,19.65,18.62,816689,1564687216.00,5.42,1.32,0.25,20.42
2020-04-23,19.12,18.91,19.28,18.45,560105,1062692656.00,4.31,-1.77,-0.34,14.00
2020-04-24,18.92,17.02,19.01,17.01,742752,1318802528.00,10.58,-9.99,-1.89,18.57
2020-04-27,16.86,16.26,16.92,16.00,477209,786583968.00,5.41,-4.47,-0.76,11.93
2020-04-28,15.95,15.71,16.26,14.92,437500,687641504.00,8.24,-3.38,-0.55,10.94
2020-04-29,15.48,16.13,16.39,15.43,334951,544147280.00,6.11,2.67,0.42,8.37
2020-04-30,16.14,16.94,17.22,16.14,387758,654462208.00,6.70,5.02,0.81,9.69
2020-05-06,16.96,17.33,17.37,16.57,445867,764540912.00,4.72,2.30,0.39,11.15
2020-05-07,17.24,17.32,17.77,17.08,394698,692255520.00,3.98,-0.06,-0.01,9.87
2020-05-08,17.43,18.53,18.67,17.30,694864,1264559104.00,7.91,6.99,1.21,17.37
2020-05-11,18.27,18.42,18.44,17.80,520165,948094912.00,3.45,-0.59,-0.11,13.00
2020-05-12,18.25,18.21,18.70,18.08,380017,699649760.00,3.37,-1.14,-0.21,9.50
2020-05-13,18.02,18.11,18.42,17.86,327989,596675792.00,3.08,-0.55,-0.10,8.20
2020-05-14,18.07,18.52,18.69,17.73,540373,992462688.00,5.30,2.26,0.41,13.51
2020-05-15,18.42,18.05,18.50,17.95,398708,727647632.00,2.97,-2.54,-0.47,9.97
2020-05-18,17.99,18.26,19.17,17.79,600147,1115911744.00,7.65,1.16,0.21,15.00
2020-05-19,18.46,18.28,18.50,17.97,331149,606217664.00,2.90,0.11,0.02,8.28
2020-05-20,18.17,17.40,18.41,17.37,439824,785614992.00,5.69,-4.81,-0.88,11.00
2020-05-21,17.43,17.12,17.52,16.73,309048,531436672.00,4.54,-1.61,-0.28,7.73
2020-05-22,17.12,17.26,17.88,17.03,353424,619664032.00,4.96,0.82,0.14,8.84
2020-05-25,16.92,16.61,17.04,16.42,243969,409319712.00,3.59,-3.77,-0.65,6.10
2020-05-26,16.65,17.12,17.14,16.65,189749,322461344.00,2.95,3.07,0.51,4.74
2020-05-27,17.13,17.17,17.74,17.03,283098,494059104.00,4.15,0.29,0.05,7.08
2020-05-28,16.93,16.86,17.37,16.32,257937,434830656.00,6.12,-1.81,-0.31,6.45
2020-05-29,16.92,18.55,18.55,16.92,488880,872899712.00,9.67,10.02,1.69,12.22
2020-06-01,18.92,18.97,19.06,18.18,810182,1524506368.00,4.74,2.26,0.42,20.25
2020-06-02,18.81,19.00,20.38,18.68,867403,1687196704.00,8.96,0.16,0.03,21.69
2020-06-03,18.82,19.61,20.05,18.82,843396,1657869632.00,6.47,3.21,0.61,21.08
2020-06-04,19.42,19.24,19.70,19.01,466867,904104192.00,3.52,-1.89,-0.37,11.67
2020-06-05,19.01,19.07,19.42,18.82,345432,662551728.00,3.12,-0.88,-0.17,8.64
2020-06-08,19.29,18.91,19.80,18.88,385454,747633584.00,4.82,-0.84,-0.16,9.64
2020-06-09,18.99,19.03,19.46,18.86,313858,601629744.00,3.17,0.63,0.12,7.85
2020-06-10,18.89,19.18,19.52,18.60,359389,691075280.00,4.83,0.79,0.15,8.98
2020-06-11,19.03,19.06,19.57,18.80,415341,800072256.00,4.01,-0.63,-0.12,10.38
2020-06-12,18.42,19.36,19.36,18.32,409801,777377888.00,5.46,1.57,0.30,10.25
2020-06-15,19.54,18.93,19.70,18.86,325143,623359776.00,4.34,-2.22,-0.43,8.13
2020-06-16,18.72,18.93,19.13,18.54,307411,579201072.00,3.12,0.00,0.00,7.69
2020-06-17,18.84,18.65,19.08,18.59,329714,622804704.00,2.59,-1.48,-0.28,8.24
2020-06-18,18.54,17.90,18.55,17.60,399321,717650176.00,5.09,-4.02,-0.75,9.98
2020-06-19,17.84,18.23,18.24,17.73,248746,450316304.00,2.85,1.84,0.33,6.22
2020-06-22,18.30,18.41,18.44,18.05,239526,438571968.00,2.14,0.99,0.18,5.99
2020-06-23,18.78,18.08,19.23,18.07,466415,872374128.00,6.30,-1.79,-0.33,11.66
2020-06-24,17.74,17.76,17.91,17.57,315335,559501584.00,1.88,-1.77,-0.32,7.88
2020-06-29,17.72,17.93,18.07,17.45,199340,356589568.00,3.49,0.96,0.17,4.89
2020-06-30,18.02,17.95,18.10,17.54,203212,364035920.00,3.12,0.11,0.02,4.99
2020-07-01,18.03,17.79,18.09,17.65,204847,365958896.00,2.45,-0.89,-0.16,5.03
2020-07-02,17.72,18.00,18.01,17.59,254966,457385248.00,2.36,1.18,0.21,6.25
2020-07-03,18.17,17.93,18.17,17.79,247914,445669744.00,2.11,-0.39,-0.07,6.08
2020-07-06,18.07,18.94,19.17,17.93,549672,1027359744.00,6.92,5.63,1.01,13.48
2020-07-07,19.09,19.09,19.79,18.70,624893,1208235456.00,5.76,0.79,0.15,15.33
2020-07-08,19.31,21.01,21.01,19.31,560720,1142195968.00,8.91,10.06,1.92,13.76
2020-07-09,23.12,23.12,23.12,23.12,143456,332529888.00,0.00,10.04,2.11,3.52
2020-07-10,24.72,23.91,25.39,23.15,1473287,3573146736.00,9.69,3.42,0.79,36.14
2020-07-13,22.94,23.60,23.80,22.02,861165,1995056672.00,7.44,-1.30,-0.31,21.13
2020-07-14,23.42,24.20,24.82,23.05,785740,1893965552.00,7.50,2.54,0.60,19.28
2020-07-15,24.62,22.56,24.94,22.54,619145,1449216096.00,9.92,-6.78,-1.64,15.19
2020-07-16,22.03,20.84,23.03,20.44,492212,1077528496.00,11.48,-7.62,-1.72,12.07
2020-07-17,20.83,21.94,22.39,20.50,477543,1032499136.00,9.07,5.28,1.10,11.71
2020-07-20,22.45,24.14,24.14,22.45,677858,1590092304.00,7.70,10.03,2.20,16.63
2020-07-21,24.03,22.85,24.04,22.62,563307,1298284080.00,5.88,-5.34,-1.29,13.82
2020-07-22,22.89,22.89,23.75,22.60,434899,1008411648.00,5.03,0.18,0.04,10.67
2020-07-23,23.11,23.46,23.79,22.52,612446,1430616704.00,5.55,2.49,0.57,15.02
2020-07-24,23.69,21.71,23.69,21.70,522879,1185883008.00,8.48,-7.46,-1.75,12.83
2020-07-27,21.64,21.53,22.04,20.84,287396,617165024.00,5.53,-0.83,-0.18,7.05
2020-07-28,21.57,22.18,22.30,21.44,297829,655743312.00,3.99,3.02,0.65,7.31
2020-07-29,22.04,22.85,22.97,21.80,377421,855484192.00,5.28,3.02,0.67,9.26
2020-07-30,23.74,23.33,24.70,23.19,664843,1596343056.00,6.61,2.10,0.48,16.31
2020-07-31,23.33,23.01,23.85,22.68,493045,1144218736.00,5.02,-1.37,-0.32,12.10
2020-08-03,23.14,25.32,25.32,23.05,771904,1906558112.00,9.87,10.04,2.31,18.94
2020-08-04,25.94,24.80,27.24,24.42,1082969,2805983504.00,11.14,-2.05,-0.52,26.57
2020-08-05,24.10,25.25,25.94,24.09,637998,1628714608.00,7.46,1.81,0.45,15.65
2020-08-06,25.16,25.94,26.30,24.84,706270,1820414960.00,5.78,2.73,0.69,17.33
2020-08-07,25.45,25.01,25.69,24.62,461231,1156717760.00,4.12,-3.59,-0.93,11.31
2020-08-10,24.84,25.13,26.62,24.71,468334,1204775952.00,7.64,0.48,0.12,11.49
2020-08-11,24.74,23.89,24.93,23.80,445270,1088077328.00,4.50,-4.93,-1.24,10.92
2020-08-12,23.74,22.78,23.83,22.00,353964,808976000.00,7.66,-4.65,-1.11,8.68
2020-08-13,22.76,22.61,23.11,22.47,182637,416411168.00,2.81,-0.75,-0.17,4.48
2020-08-14,22.70,23.17,23.48,22.64,216750,502151888.00,3.72,2.48,0.56,5.32
2020-08-17,24.14,24.60,25.19,23.50,450811,1109023936.00,7.29,6.17,1.43,11.06
2020-08-18,24.31,24.60,25.30,24.31,391207,972188848.00,4.02,0.00,0.00,9.60
2020-08-19,24.43,25.48,26.60,24.17,604137,1542671536.00,9.88,3.58,0.88,14.82
2020-08-20,24.74,23.57,24.74,23.52,395047,948414208.00,4.79,-7.50,-1.91,9.69
2020-08-21,23.75,23.34,24.08,22.94,206767,486015504.00,4.84,-0.98,-0.23,5.07
2020-08-24,23.44,23.60,23.77,22.96,150976,354486160.00,3.47,1.11,0.26,3.70
2020-08-25,23.60,22.74,23.60,22.52,248639,571649936.00,4.58,-3.64,-0.86,6.10
2020-08-26,22.44,22.27,22.91,21.94,186399,417993552.00,4.27,-2.07,-0.47,4.57
2020-08-27,22.28,22.44,22.62,21.94,122619,273965072.00,3.05,0.76,0.17,3.01
2020-08-28,22.44,23.04,23.12,22.44,168470,386319712.00,3.03,2.67,0.60,4.13
2020-08-31,23.19,22.87,23.43,22.84,162493,375523376.00,2.56,-0.74,-0.17,3.99
2020-09-01,22.81,23.00,23.13,22.69,116780,269169296.00,1.92,0.57,0.13,2.86
2020-09-02,23.08,22.45,23.13,22.20,159692,359898944.00,4.04,-2.39,-0.55,3.92
2020-09-03,22.52,22.14,22.54,21.94,133020,294957904.00,2.67,-1.38,-0.31,3.26
2020-09-04,21.74,22.45,22.52,21.44,130599,290246464.00,4.88,1.40,0.31,3.20
2020-09-07,22.46,21.80,22.46,21.64,150130,331342528.00,3.65,-2.90,-0.65,3.68
2020-09-08,21.80,21.01,22.04,19.94,193883,411014528.00,9.63,-3.62,-0.79,4.76
2020-09-09,20.61,20.37,20.90,19.94,174376,357249728.00,4.57,-3.05,-0.64,4.28
2020-09-10,20.41,19.92,20.68,19.84,128238,260106222.00,4.12,-2.21,-0.45,3.15
2020-09-11,19.83,20.05,20.07,19.41,128531,254969370.00,3.31,0.65,0.13,3.15
2020-09-14,20.23,20.00,20.23,19.85,83882,168508633.00,1.90,-0.25,-0.05,2.06
2020-09-15,20.09,20.18,20.18,19.88,100770,202701449.00,1.50,0.90,0.18,2.47
2020-09-16,20.18,19.90,20.18,19.85,75449,151029642.00,1.64,-1.39,-0.28,1.85
2020-09-17,19.89,19.89,20.05,19.57,81546,162034955.00,2.41,-0.05,-0.01,2.00
2020-09-18,20.00,20.30,20.34,19.89,128604,259779928.00,2.26,2.06,0.41,3.15
2020-09-21,20.42,20.72,21.14,20.38,161986,337650768.00,3.74,2.07,0.42,3.97
2020-09-22,20.45,20.11,20.59,20.09,94581,192184159.00,2.41,-2.94,-0.61,2.32
2020-09-23,20.13,19.78,20.23,19.71,112282,223562736.00,2.59,-1.64,-0.33,2.75
2020-09-24,19.75,19.13,19.75,19.06,108587,210077097.00,3.49,-3.29,-0.65,2.66
2020-09-25,19.50,19.37,19.79,19.24,89852,175789668.00,2.88,1.25,0.24,2.20
2020-09-28,19.38,18.81,19.51,18.79,80321,152734672.00,3.72,-2.89,-0.56,1.97
2020-09-29,18.87,19.32,19.43,18.81,98342,189933805.00,3.30,2.71,0.51,2.41
2020-09-30,19.34,19.33,19.54,19.15,62621,121461011.00,2.02,0.05,0.01,1.54
2020-10-09,19.68,19.59,19.79,19.49,68850,135494216.00,1.55,1.35,0.26,1.69
2020-10-12,19.64,20.24,20.35,19.54,150378,302039552.00,4.13,3.32,0.65,3.69
2020-10-13,20.23,19.93,20.23,19.66,124693,248502131.00,2.82,-1.53,-0.31,3.06
2020-10-14,19.95,19.35,20.42,19.17,186568,368656304.00,6.27,-2.91,-0.58,4.58
2020-10-15,19.27,19.30,19.70,19.07,116771,226681188.00,3.26,-0.26,-0.05,2.86
2020-10-16,19.15,19.06,19.29,18.94,81910,156568391.00,1.81,-1.24,-0.24,2.01
2020-10-19,19.44,19.61,19.81,19.21,146125,285762176.00,3.15,2.89,0.55,3.58
2020-10-20,19.31,19.37,19.45,19.02,84076,161965599.00,2.19,-1.22,-0.24,2.06
2020-10-21,19.38,19.09,19.43,18.97,59676,114525650.00,2.37,-1.45,-0.28,1.46
2020-10-22,18.95,18.93,19.09,18.81,54419,103199690.00,1.47,-0.84,-0.16,1.33
2020-10-23,18.93,18.92,19.18,18.85,48070,91630986.00,1.74,-0.05,-0.01,1.18
2020-10-26,18.91,18.34,18.91,17.99,77298,142451696.00,4.86,-3.07,-0.58,1.90
2020-10-27,18.13,18.09,18.44,17.95,78727,143371667.00,2.67,-1.36,-0.25,1.93
2020-10-28,18.16,17.82,18.24,17.55,100589,179105706.00,3.81,-1.49,-0.27,2.47
2020-10-29,17.39,17.71,17.80,17.35,82555,145719255.00,2.53,-0.62,-0.11,2.03
2020-10-30,17.75,17.25,18.02,17.18,90583,160285949.00,4.74,-2.60,-0.46,2.22
2020-11-02,17.06,16.70,17.44,16.63,116148,196076361.00,4.70,-3.19,-0.55,2.85
2020-11-03,16.84,17.73,17.82,16.69,155724,271489728.00,6.77,6.17,1.03,3.82
2020-11-04,17.94,17.65,17.96,17.51,98640,175057693.00,2.54,-0.45,-0.08,2.42
2020-11-05,17.86,17.89,17.94,17.44,107119,190752798.00,2.83,1.36,0.24,2.63
2020-11-06,18.06,17.72,18.07,17.62,74977,133739338.00,2.52,-0.95,-0.17,1.84
2020-11-09,17.80,18.48,18.72,17.80,170626,313686496.00,5.19,4.29,0.76,4.19
2020-11-10,18.50,18.15,18.54,18.04,94868,173694333.00,2.71,-1.79,-0.33,2.33
2020-11-11,18.15,17.56,18.15,17.52,92282,164364900.00,3.47,-3.25,-0.59,2.26
2020-11-12,17.70,17.34,17.79,17.26,59278,103886293.00,3.02,-1.25,-0.22,1.45
2020-11-13,17.35,17.55,17.78,17.13,65701,115293339.00,3.75,1.21,0.21,1.61
2020-11-16,17.64,17.69,17.78,17.37,58345,103131758.00,2.34,0.80,0.14,1.43
2020-11-17,17.68,18.94,19.05,17.68,354295,664024512.00,7.74,7.07,1.25,8.69
2020-11-18,18.88,18.94,19.04,18.56,192019,363216032.00,2.53,0.00,0.00,4.71
2020-11-19,18.82,19.18,19.44,18.60,240893,462217568.00,4.44,1.27,0.24,5.91
2020-11-20,19.22,18.95,19.42,18.80,158082,301132416.00,3.23,-1.20,-0.23,3.88
2020-11-23,18.95,19.44,19.89,18.45,298876,574630448.00,7.60,2.59,0.49,7.33
2020-11-24,19.24,18.91,19.33,18.76,188285,359093136.00,2.93,-2.73,-0.53,4.62
2020-11-25,18.95,18.69,19.16,18.66,118775,225613580.00,2.64,-1.16,-0.22,2.91
2020-11-26,18.85,19.03,19.33,18.85,139109,266237432.00,2.57,1.82,0.34,3.41
2020-11-27,18.92,18.97,19.14,18.59,102212,193367313.00,2.89,-0.32,-0.06,2.51
2020-11-30,18.99,19.33,19.57,18.73,213148,412064272.00,4.43,1.90,0.36,5.23
2020-12-01,19.34,19.44,19.53,19.14,139968,271329488.00,2.02,0.57,0.11,3.43
2020-12-02,19.52,20.00,20.30,19.36,253414,506530208.00,4.84,2.88,0.56,6.22
2020-12-03,19.93,20.10,20.16,19.67,148533,297056176.00,2.45,0.50,0.10,3.64
2020-12-04,20.08,19.94,20.27,19.83,93099,186530336.00,2.19,-0.80,-0.16,2.28
2020-12-07,19.91,19.12,20.00,19.01,163699,319704352.00,4.96,-4.11,-0.82,4.02
2020-12-08,19.22,18.87,19.23,18.84,87357,166594965.00,2.04,-1.31,-0.25,2.14
2020-12-09,18.89,18.60,19.09,18.55,90743,171201087.00,2.86,-1.43,-0.27,2.23
2020-12-10,18.49,18.27,18.58,17.97,98417,180528489.00,3.28,-1.77,-0.33,2.41
2020-12-11,18.24,18.02,18.34,17.91,87445,158422029.00,2.35,-1.37,-0.25,2.15
2020-12-14,18.08,18.52,18.77,18.02,91298,169273857.00,4.16,2.77,0.50,2.24
2020-12-15,18.53,18.88,18.90,18.29,78192,146218180.00,3.29,1.94,0.36,1.92
2020-12-16,18.72,18.40,18.84,18.35,69019,128275337.00,2.60,-2.54,-0.48,1.69
2020-12-17,18.29,18.49,18.49,18.10,64895,119251760.00,2.12,0.49,0.09,1.59
2020-12-18,18.49,18.33,18.59,18.23,52279,96488688.00,1.95,-0.87,-0.16,1.28
2020-12-21,18.18,18.45,18.59,18.14,64317,119017837.00,2.45,0.65,0.12,1.58
2020-12-22,18.34,17.55,18.34,17.44,175381,313363104.00,4.88,-4.88,-0.90,4.30
2020-12-23,17.48,17.74,17.76,17.44,77441,136867078.00,1.82,1.08,0.19,1.90
2020-12-24,17.70,18.19,18.74,17.65,196683,361178224.00,6.14,2.54,0.45,4.82
2020-12-25,18.07,17.93,18.18,17.65,79295,142470267.00,2.91,-1.43,-0.26,1.95
2020-12-28,17.73,17.64,18.09,17.46,83231,147970940.00,3.51,-1.62,-0.29,2.04
2020-12-29,17.53,17.66,17.97,17.30,74969,132907655.00,3.80,0.11,0.02,1.84
2020-12-30,17.25,17.67,17.84,16.67,136357,234338912.00,6.63,0.06,0.01,3.35
2020-12-31,17.63,18.09,18.20,17.41,146015,262040593.00,4.47,2.38,0.42,3.58