2004-06-02,1.96,2.01,2.14,1.87,794697,867565291.00,87.10,548.39,1.70,52.98
2004-06-03,1.99,2.35,2.43,1.97,492186,556099538.00,22.89,16.92,0.34,32.81
2004-06-04,2.31,2.24,2.36,2.18,266733,305977336.00,7.66,-4.68,-0.11,17.78
2004-06-07,2.22,2.13,2.26,2.07,171442,192350361.00,8.48,-4.91,-0.11,11.43
2004-06-08,2.11,2.15,2.21,2.07,121850,136501397.00,6.57,0.94,0.02,8.12
2004-06-09,2.14,2.01,2.18,1.98,125404,138097343.00,9.30,-6.51,-0.14,8.36
2004-06-10,2.01,1.95,2.11,1.88,101047,109670496.00,11.44,-2.99,-0.06,6.74
2004-06-11,1.96,2.01,2.18,1.96,119036,131709546.00,11.28,3.08,0.06,7.94
2004-06-14,2.00,2.10,2.14,1.95,101736,112117353.00,9.45,4.48,0.09,6.78
2004-06-15,2.11,2.16,2.19,2.05,106655,119390116.00,6.67,2.86,0.06,7.11
2004-06-16,2.14,2.13,2.22,2.12,113588,128256775.00,4.63,-1.39,-0.03,7.57
2004-06-17,2.13,2.08,2.21,2.08,68112,76161785.00,6.10,-2.35,-0.05,4.54
2004-06-18,2.08,1.99,2.11,1.94,81714,89130410.00,8.17,-4.33,-0.09,5.45
2004-06-21,1.98,2.13,2.15,1.95,54425,60063226.00,10.05,7.04,0.14,3.63
2004-06-22,2.13,2.08,2.14,2.05,65360,72372542.00,4.23,-2.35,-0.05,4.36
2004-06-23,2.08,2.03,2.08,1.96,45098,49119464.00,5.77,-2.40,-0.05,3.01
2004-06-24,2.01,1.92,2.08,1.89,74819,80568527.00,9.36,-5.42,-0.11,4.99
2004-06-25,1.88,1.61,1.89,1.61,143359,146076773.00,14.58,-16.15,-0.31,9.56
2004-06-28,1.53,1.38,1.57,1.36,79598,76238840.00,13.04,-14.29,-0.23,5.31
2004-06-29,1.33,1.45,1.45,1.31,37383,35560572.00,10.14,5.07,0.07,2.49
2004-06-30,1.45,1.39,1.48,1.39,30457,29147703.00,6.21,-4.14,-0.06,2.03
2004-07-01,1.39,1.66,1.77,1.39,106932,107346951.00,27.34,19.42,0.27,7.13
2004-07-02,1.65,1.68,1.75,1.59,67069,67960311.00,9.64,1.20,0.02,4.47
2004-07-05,1.66,1.78,1.80,1.64,38392,39331644.00,9.52,5.95,0.10,2.56
2004-07-06,1.78,1.73,1.87,1.71,71352,74585932.00,8.99,-2.81,-0.05,4.76
2004-07-07,1.71,1.73,1.76,1.69,19409,19912697.00,4.05,0.00,0.00,1.29
2004-07-08,1.72,1.74,1.76,1.66,23211,23719744.00,5.78,0.58,0.01,1.55
2004-07-09,1.75,1.69,1.80,1.68,27629,28315855.00,6.90,-2.87,-0.05,1.84
2004-07-12,1.64,1.61,1.65,1.55,38618,38293748.00,5.92,-4.73,-0.08,2.57
2004-07-13,1.57,1.62,1.66,1.56,16613,16600563.00,6.21,0.62,0.01,1.11
2004-07-14,1.64,1.76,1.76,1.61,36466,37126325.00,9.26,8.64,0.14,2.43
2004-07-15,1.77,1.85,1.85,1.75,60022,62775136.00,5.68,5.11,0.09,4.00
2004-07-16,1.88,1.91,2.01,1.85,103774,111497801.00,8.65,3.24,0.06,6.92
2004-07-19,1.92,1.89,1.94,1.85,39947,42486976.00,4.71,-1.05,-0.02,2.66
2004-07-20,1.89,2.00,2.14,1.88,125867,137770751.00,13.76,5.82,0.11,8.39
2004-07-21,1.96,1.96,2.03,1.92,39568,42765023.00,5.50,-2.00,-0.04,2.64
2004-07-22,2.06,1.87,2.07,1.85,66741,71187841.00,11.22,-4.59,-0.09,4.45
2004-07-23,1.82,1.89,1.91,1.73,48057,50397426.00,9.63,1.07,0.02,3.20
2004-07-26,1.88,1.81,1.90,1.75,23858,25000647.00,7.94,-4.23,-0.08,1.59
2004-07-27,1.81,1.83,1.88,1.75,19642,20485239.00,7.18,1.10,0.02,1.31
2004-07-28,1.85,1.85,1.91,1.78,24947,26250718.00,7.10,1.09,0.02,1.66
2004-07-29,1.88,1.95,1.98,1.86,29817,31977141.00,6.49,5.41,0.10,1.99
2004-07-30,1.98,1.80,1.98,1.80,20593,21805762.00,9.23,-7.69,-0.15,1.37
2004-08-02,1.75,1.64,1.78,1.58,37726,38279852.00,11.11,-8.89,-0.16,2.52
2004-08-03,1.61,1.57,1.68,1.55,32418,32285778.00,7.93,-4.27,-0.07,2.16
2004-08-04,1.55,1.81,1.88,1.55,55924,57519614.00,21.02,15.29,0.24,3.73
2004-08-05,1.75,1.68,1.85,1.66,29831,30598603.00,10.50,-7.18,-0.13,1.99
2004-08-06,1.68,1.68,1.74,1.62,14456,14626345.00,7.14,0.00,0.00,0.96
2004-08-09,1.66,1.68,1.72,1.63,13125,13301214.00,5.36,0.00,0.00,0.87
2004-08-10,1.70,1.67,1.72,1.64,12961,13132210.00,4.76,-0.60,-0.01,0.86
2004-08-11,1.70,1.68,1.72,1.62,18134,18357257.00,5.99,0.60,0.01,1.21
2004-08-12,1.66,1.61,1.69,1.59,22425,22499761.00,5.95,-4.17,-0.07,1.49
2004-08-13,1.60,1.68,1.71,1.59,22678,22981187.00,7.45,4.35,0.07,1.51
2004-08-16,1.68,1.66,1.71,1.63,13422,13588208.00,4.76,-1.19,-0.02,0.89
2004-08-17,1.69,1.69,1.74,1.66,25374,25919735.00,4.82,1.81,0.03,1.69
2004-08-18,1.70,1.67,1.78,1.66,26070,26696120.00,7.10,-1.18,-0.02,1.74
2004-08-19,1.61,1.63,1.69,1.61,20849,20953960.00,4.79,-2.40,-0.04,1.39
2004-08-20,1.61,1.61,1.69,1.56,21207,21251326.00,7.98,-1.23,-0.02,1.41
2004-08-23,1.61,1.46,1.61,1.44,31620,30886893.00,10.56,-9.32,-0.15,2.11
2004-08-24,1.43,1.50,1.55,1.41,18668,18100560.00,9.59,2.74,0.04,1.24
2004-08-25,1.48,1.48,1.51,1.45,7758,7511653.00,4.00,-1.33,-0.02,0.52
2004-08-26,1.48,1.44,1.49,1.42,9691,9329925.00,4.73,-2.70,-0.04,0.65
2004-08-27,1.42,1.38,1.46,1.38,13776,13116579.00,5.56,-4.17,-0.06,0.92
2004-08-30,1.38,1.42,1.44,1.32,7470,7071806.00,8.70,2.90,0.04,0.50
2004-08-31,1.57,1.51,1.61,1.46,29726,29094714.00,10.56,6.34,0.09,1.98
2004-09-01,1.51,1.40,1.51,1.39,8662,8293339.00,7.95,-7.28,-0.11,0.58
2004-09-02,1.39,1.45,1.46,1.33,11897,11259015.00,9.29,3.57,0.05,0.79
2004-09-03,1.45,1.39,1.47,1.38,7261,6922775.00,6.21,-4.14,-0.06,0.48
2004-09-06,1.38,1.35,1.38,1.33,12311,11541292.00,3.60,-2.88,-0.04,0.82
2004-09-07,1.35,1.38,1.39,1.32,6241,5852722.00,5.19,2.22,0.03,0.42
2004-09-08,1.38,1.34,1.39,1.32,6144,5759391.00,5.07,-2.90,-0.04,0.41
2004-09-09,1.30,1.06,1.31,1.02,52831,46184028.00,21.64,-20.90,-0.28,3.52
2004-09-10,1.04,0.97,1.04,0.89,32826,27828123.00,14.15,-8.49,-0.09,2.19
2004-09-13,0.97,0.94,0.98,0.90,12991,10986775.00,8.25,-3.09,-0.03,0.87
2004-09-14,0.96,1.03,1.11,0.96,23093,20056393.00,15.96,9.57,0.09,1.54
2004-09-15,1.03,1.21,1.31,1.01,63078,57463500.00,29.13,17.48,0.18,4.21
2004-09-16,1.22,1.25,1.34,1.21,39539,36259775.00,10.74,3.31,0.04,2.64
2004-09-17,1.30,1.40,1.42,1.25,75105,70768879.00,13.60,12.00,0.15,5.01
2004-09-20,1.53,1.53,1.55,1.44,79792,77651262.00,7.86,9.29,0.13,5.32
2004-09-22,1.48,1.46,1.61,1.43,48690,47534298.00,11.76,-4.58,-0.07,3.25
2004-09-23,1.42,1.63,1.64,1.40,59079,57470292.00,16.44,11.64,0.17,3.94
2004-09-24,1.70,1.49,1.81,1.47,108129,109949300.00,20.86,-8.59,-0.14,7.21
2004-09-27,1.55,1.47,1.61,1.44,38202,37315417.00,11.41,-1.34,-0.02,2.55
2004-09-28,1.48,1.55,1.56,1.45,20701,20203764.00,7.48,5.44,0.08,1.38
2004-09-29,1.55,1.54,1.62,1.53,27677,27387738.00,5.81,-0.65,-0.01,1.85
2004-09-30,1.54,1.50,1.57,1.48,20528,20055443.00,5.84,-2.60,-0.04,1.37
2004-10-08,1.51,1.74,1.75,1.50,96783,97538849.00,16.67,16.00,0.24,6.45
2004-10-11,1.78,1.80,2.01,1.75,200205,212899924.00,14.94,3.45,0.06,13.35
2004-10-12,1.80,1.83,1.94,1.78,92625,98074338.00,8.89,1.67,0.03,6.18
2004-10-13,1.83,1.86,1.90,1.75,46379,48770366.00,8.20,1.64,0.03,3.09
2004-10-14,1.86,1.58,1.88,1.53,68896,69676457.00,18.82,-15.05,-0.28,4.59
2004-10-15,1.54,1.62,1.68,1.51,71641,71375249.00,10.76,2.53,0.04,4.78
2004-10-18,1.69,1.81,1.83,1.62,105502,108824781.00,12.96,11.73,0.19,7.03
2004-10-19,1.84,1.79,1.96,1.77,101558,107571933.00,10.50,-1.10,-0.02,6.77
2004-10-20,1.79,1.98,2.00,1.75,120649,128533433.00,13.97,10.61,0.19,8.04
2004-10-21,1.98,1.98,2.11,1.95,193583,211983987.00,8.08,0.00,0.00,12.91
2004-10-22,1.98,1.99,2.11,1.91,122891,134333842.00,10.10,0.51,0.01,8.19
2004-10-25,2.05,1.95,2.08,1.93,101776,111014095.00,7.54,-2.01,-0.04,6.79
2004-10-26,1.95,2.04,2.07,1.86,69487,75235532.00,10.77,4.62,0.09,4.63
2004-10-27,2.04,1.96,2.05,1.90,62414,67253172.00,7.35,-3.92,-0.08,4.16
2004-10-28,1.94,1.85,1.97,1.83,63230,67266893.00,7.14,-5.61,-0.11,4.22
2004-10-29,1.75,1.81,1.97,1.67,61873,65067562.00,16.22,-2.16,-0.04,4.12
2004-11-01,1.78,1.67,1.90,1.67,39132,40639437.00,12.71,-7.73,-0.14,2.61
2004-11-02,1.68,1.74,1.77,1.68,29912,30620309.00,5.39,4.19,0.07,1.99
2004-11-03,1.77,1.87,1.88,1.75,33759,35447277.00,7.47,7.47,0.13,2.25
2004-11-04,1.88,1.74,1.94,1.72,37322,39301378.00,11.76,-6.95,-0.13,2.49
2004-11-05,1.78,1.67,1.81,1.66,29910,30582672.00,8.62,-4.02,-0.07,1.99
2004-11-08,1.67,1.76,1.76,1.66,15211,15576384.00,5.99,5.39,0.09,1.01
2004-11-09,1.74,1.76,1.82,1.73,12843,13321636.00,5.11,0.00,0.00,0.86
2004-11-10,1.81,1.96,2.03,1.77,80726,86509035.00,14.77,11.36,0.20,5.38
2004-11-11,1.96,1.89,2.01,1.88,55806,60171213.00,6.63,-3.57,-0.07,3.72
2004-11-12,1.89,2.01,2.01,1.88,53154,57504389.00,6.88,6.35,0.12,3.54
2004-11-15,2.08,2.02,2.09,1.97,49589,54490291.00,5.97,0.50,0.01,3.31
2004-11-16,2.03,2.00,2.05,1.96,30266,32904830.00,4.46,-0.99,-0.02,2.02
2004-11-17,2.00,2.07,2.13,1.93,75540,83167300.00,10.00,3.50,0.07,5.04
2004-11-18,2.05,2.12,2.16,2.03,64866,72174510.00,6.28,2.42,0.05,4.32
2004-11-19,2.15,2.06,2.18,2.05,47615,52794568.00,6.13,-2.83,-0.06,3.17
2004-11-22,2.08,2.05,2.11,2.01,31974,35199096.00,4.85,-0.49,-0.01,2.13
2004-11-23,2.01,1.94,2.05,1.93,41905,45369675.00,5.85,-5.37,-0.11,2.79
2004-11-24,1.93,1.93,2.04,1.92,23513,25444349.00,6.19,-0.52,-0.01,1.57
2004-11-25,1.94,1.96,2.01,1.93,14832,16030639.00,4.15,1.55,0.03,0.99
2004-11-26,1.95,1.94,1.99,1.93,12529,13510454.00,3.06,-1.02,-0.02,0.84
2004-11-29,1.95,1.78,1.95,1.77,27673,29085207.00,9.28,-8.25,-0.16,1.84
2004-11-30,1.78,1.81,1.85,1.78,15729,16421219.00,3.93,1.69,0.03,1.05
2004-12-01,1.82,1.84,1.89,1.80,11986,12631525.00,4.97,1.66,0.03,0.80
2004-12-02,1.82,1.78,1.84,1.76,20990,21868520.00,4.35,-3.26,-0.06,1.40
2004-12-03,1.80,1.72,1.83,1.67,45349,46423512.00,8.99,-3.37,-0.06,3.02
2004-12-06,1.68,1.55,1.72,1.52,44963,44752027.00,11.63,-9.88,-0.17,3.00
2004-12-07,1.55,1.56,1.60,1.54,19702,19472052.00,3.87,0.65,0.01,1.31
2004-12-08,1.59,1.59,1.63,1.55,10160,10075780.00,5.13,1.92,0.03,0.68
2004-12-09,1.59,1.62,1.71,1.57,19992,20165288.00,8.81,1.89,0.03,1.33
2004-12-10,1.64,1.55,1.67,1.55,13027,12960500.00,7.41,-4.32,-0.07,0.87
2004-12-13,1.54,1.46,1.55,1.43,15024,14546610.00,7.74,-5.81,-0.09,1.00
2004-12-14,1.45,1.54,1.60,1.45,14178,13965378.00,10.27,5.48,0.08,0.95
2004-12-15,1.57,1.64,1.67,1.56,22772,22796903.00,7.14,6.49,0.10,1.52
2004-12-16,1.61,1.58,1.66,1.58,10598,10599395.00,4.88,-3.66,-0.06,0.71
2004-12-17,1.57,1.56,1.61,1.55,9076,9006992.00,3.80,-1.27,-0.02,0.61
2004-12-20,1.53,1.46,1.53,1.45,11225,10877397.00,5.13,-6.41,-0.10,0.75
2004-12-21,1.55,1.45,1.55,1.45,8447,8157220.00,6.85,-0.68,-0.01,0.56
2004-12-22,1.45,1.61,1.62,1.45,13790,13570644.00,11.72,11.03,0.16,0.92
2004-12-23,1.65,1.49,1.65,1.48,13775,13547548.00,10.56,-7.45,-0.12,0.92
2004-12-24,1.51,1.55,1.58,1.51,7691,7560655.00,4.70,4.03,0.06,0.51
2004-12-27,1.61,1.51,1.61,1.42,10813,10561494.00,12.26,-2.58,-0.04,0.72
2004-12-28,1.52,1.48,1.55,1.45,6059,5878674.00,6.62,-1.99,-0.03,0.40
2004-12-29,1.49,1.35,1.52,1.34,27824,26563339.00,12.16,-8.78,-0.13,1.85
2004-12-30,1.35,1.41,1.44,1.35,17895,16965536.00,6.67,4.44,0.06,1.19
2004-12-31,1.41,1.38,1.45,1.33,9817,9267016.00,8.51,-2.13,-0.03,0.65