2011-01-04,19.05,19.09,19.67,18.85,398973,843838178.00,4.49,4.43,0.81,5.57
2011-01-05,18.79,20.63,20.65,18.68,573195,1251396242.00,10.32,8.07,1.54,8.00
2011-01-06,20.37,20.11,20.60,19.71,312600,685562237.00,4.31,-2.52,-0.52,4.36
2011-01-07,20.04,19.64,20.24,19.35,266748,575078906.00,4.43,-2.34,-0.47,3.72
2011-01-10,19.65,19.55,20.25,19.23,178005,384872793.00,5.19,-0.46,-0.09,2.48
2011-01-11,19.16,19.30,19.72,18.80,162274,341809608.00,4.71,-1.28,-0.25,2.26
2011-01-12,19.65,18.87,19.80,18.46,178205,372686448.00,6.94,-2.23,-0.43,2.49
2011-01-13,18.97,18.86,19.22,18.40,119646,247072031.00,4.35,-0.05,-0.01,0.97
2011-01-14,18.74,17.65,18.83,17.56,187329,373274917.00,6.73,-6.42,-1.21,1.52
2011-01-17,17.52,17.04,18.00,16.50,178990,340938208.00,8.50,-3.46,-0.61,1.45
2011-01-18,17.05,16.92,17.14,16.45,105907,196742277.00,4.05,-0.70,-0.12,0.86
2011-01-19,16.94,17.62,17.64,16.85,163911,313358781.00,4.67,4.14,0.70,1.33
2011-01-20,17.68,16.65,17.68,16.63,128649,241865584.00,5.96,-5.51,-0.97,1.04
2011-01-21,16.45,16.69,17.11,16.16,96430,178936207.00,5.71,0.24,0.04,0.78
2011-01-24,16.70,15.95,16.80,15.94,83924,151949181.00,5.15,-4.43,-0.74,0.68
2011-01-25,15.92,15.86,16.13,15.73,99153,176112202.00,2.51,-0.56,-0.09,0.80
2011-01-26,15.95,16.20,16.36,15.85,74769,134926179.00,3.22,2.14,0.34,0.61
2011-01-27,16.00,16.98,17.37,15.85,140522,263582740.00,9.38,4.81,0.78,1.14
2011-01-28,17.05,17.07,17.22,16.85,57359,108302241.00,2.18,0.53,0.09,0.46
2011-01-31,16.94,17.28,17.35,16.94,60512,115182682.00,2.40,1.23,0.21,0.49
2011-02-01,17.36,17.41,17.95,17.21,91406,177151959.00,4.28,0.75,0.13,0.74
2011-02-09,17.16,16.20,17.33,15.95,140746,257998453.00,7.93,-6.95,-1.21,1.14
2011-02-10,16.19,16.80,16.85,15.95,122451,222914911.00,5.56,3.70,0.60,0.99
2011-02-11,16.75,16.55,16.91,16.35,110223,203890144.00,3.33,-1.49,-0.25,0.89
2011-02-14,16.70,17.60,17.71,16.58,202829,390991709.00,6.83,6.34,1.05,1.64
2011-02-15,17.78,17.72,18.03,17.48,186660,366232691.00,3.13,0.68,0.12,1.51
2011-02-16,17.55,18.21,18.30,17.50,165816,329443198.00,4.51,2.77,0.49,1.34
2011-02-17,18.34,17.99,18.34,17.85,138855,276090242.00,2.69,-1.21,-0.22,1.12
2011-02-18,17.87,17.49,18.12,17.48,112365,220008451.00,3.56,-2.78,-0.50,0.91
2011-02-21,17.39,18.02,18.06,17.33,110253,215937326.00,4.17,3.03,0.53,0.89
2011-02-22,18.20,17.69,18.60,17.52,184932,369440273.00,5.99,-1.83,-0.33,1.50
2011-02-23,17.80,17.44,17.95,17.19,104445,201786652.00,4.30,-1.41,-0.25,0.85
2011-02-24,17.55,17.91,18.15,17.43,120964,237927808.00,4.13,2.69,0.47,0.98
2011-02-25,18.00,17.65,18.00,17.45,81307,158296312.00,3.07,-1.45,-0.26,0.66
2011-02-28,17.74,18.16,18.20,17.46,118645,234725825.00,4.19,2.89,0.51,0.96
2011-03-01,18.15,18.37,18.54,17.98,156688,315664287.00,3.08,1.16,0.21,1.27
2011-03-02,18.38,18.12,18.39,17.65,105876,210731733.00,4.03,-1.36,-0.25,0.86
2011-03-03,18.27,17.39,18.37,17.25,126255,247674023.00,6.18,-4.03,-0.73,1.02
2011-03-04,17.54,17.91,18.03,17.35,98263,192573943.00,3.91,2.99,0.52,0.80
2011-03-07,18.05,19.29,19.58,18.05,418060,866569192.00,8.54,7.71,1.38,3.39
2011-03-08,19.25,18.90,19.25,18.60,206986,429028234.00,3.37,-2.02,-0.39,1.68
2011-03-09,18.90,18.77,19.05,18.35,164052,336119778.00,3.70,-0.69,-0.13,1.33
2011-03-10,18.65,18.15,18.65,18.11,144686,291413638.00,2.88,-3.30,-0.62,1.17
2011-03-11,17.96,18.00,18.54,17.93,100584,201922669.00,3.36,-0.83,-0.15,0.81
2011-03-14,17.93,18.06,18.20,17.66,88842,175707444.00,3.00,0.33,0.06,0.72
2011-03-15,18.05,17.34,18.05,17.13,157842,303081041.00,5.09,-3.99,-0.72,1.28
2011-03-16,17.50,17.68,17.82,17.33,99852,194131726.00,2.83,1.96,0.34,0.81
2011-03-17,17.40,17.55,18.13,17.26,111912,219230352.00,4.92,-0.74,-0.13,0.91
2011-03-18,17.95,17.73,18.11,17.60,98556,194352836.00,2.91,1.03,0.18,0.80
2011-03-21,17.73,17.67,18.07,17.45,109878,215422909.00,3.50,-0.34,-0.06,0.89
2011-03-22,17.77,17.69,17.85,17.38,63859,124456967.00,2.66,0.11,0.02,0.52
2011-03-23,17.86,18.07,18.27,17.77,133376,265650377.00,2.83,2.15,0.38,1.08
2011-03-24,18.27,17.99,18.47,17.95,85280,170631448.00,2.88,-0.44,-0.08,0.69
2011-03-25,18.06,18.39,18.55,17.89,180185,363515871.00,3.67,2.22,0.40,1.46
2011-03-28,18.49,18.48,19.15,18.35,214850,443352868.00,4.35,0.49,0.09,1.74
2011-03-29,18.54,18.21,18.79,18.15,131776,267589965.00,3.46,-1.46,-0.27,1.07
2011-03-30,18.05,17.81,18.16,17.65,120246,237314621.00,2.80,-2.20,-0.40,0.97
2011-03-31,17.82,17.53,17.94,17.44,85851,167544535.00,2.81,-1.57,-0.28,0.70
2011-04-01,17.68,18.01,18.08,17.51,106075,208665691.00,3.25,2.74,0.48,0.86
2011-04-06,17.87,18.53,18.69,17.58,307875,618258036.00,6.16,2.89,0.52,2.49
2011-04-07,18.59,18.46,18.62,18.22,125819,254979316.00,2.16,-0.38,-0.07,1.02
2011-04-08,18.47,18.54,18.80,18.35,115168,235328346.00,2.44,0.43,0.08,0.93
2011-04-11,18.73,18.60,19.10,18.56,236171,489914240.00,2.91,0.32,0.06,1.91
2011-04-12,18.52,18.55,18.80,18.38,114353,233727773.00,2.26,-0.27,-0.05,0.93
2011-04-13,18.48,19.19,19.35,18.05,241665,500673479.00,7.01,3.45,0.64,1.96
2011-04-14,19.19,18.93,19.40,18.90,176626,371844352.00,2.61,-1.35,-0.26,1.43
2011-04-15,18.96,18.66,19.30,18.47,119773,247394011.00,4.38,-1.43,-0.27,0.97
2011-04-18,18.57,18.61,18.89,18.35,101181,206772829.00,2.89,-0.27,-0.05,0.82
2011-04-19,18.40,17.86,18.40,17.85,114964,228962191.00,2.96,-4.03,-0.75,0.93
2011-04-21,18.24,18.22,18.39,17.93,83403,167010435.00,2.58,2.02,0.36,0.68
2011-04-22,18.25,17.94,18.25,17.85,66270,131133881.00,2.20,-1.54,-0.28,0.54
2011-04-25,18.02,16.92,18.03,16.90,152627,290387846.00,6.30,-5.69,-1.02,1.24
2011-04-26,16.80,16.52,17.07,16.44,105194,194845519.00,3.72,-2.36,-0.40,0.85
2011-04-27,16.62,16.30,16.84,16.17,73053,134138847.00,4.06,-1.33,-0.22,0.59
2011-04-28,16.50,16.07,16.65,16.00,105812,191486488.00,3.99,-1.41,-0.23,0.86
2011-04-29,16.18,16.52,16.58,16.08,61940,112572608.00,3.11,2.80,0.45,0.50
2011-05-03,16.54,16.41,16.54,16.10,83682,151443704.00,2.66,-0.67,-0.11,0.68
2011-05-04,16.23,15.40,16.24,15.23,138952,243303960.00,6.15,-6.15,-1.01,1.13
2011-05-05,15.35,15.35,15.44,15.10,69016,118137688.00,2.21,-0.32,-0.05,0.56
2011-05-06,15.04,15.52,15.55,14.74,92373,155698735.00,5.28,1.11,0.17,0.75
2011-05-09,15.43,15.31,15.62,15.20,61851,106825846.00,2.71,-1.35,-0.21,0.50
2011-05-10,15.51,15.64,15.73,15.45,69916,121879986.00,1.83,2.16,0.33,0.57
2011-05-11,15.73,15.37,15.80,15.35,53531,92850448.00,2.88,-1.73,-0.27,0.43
2011-05-12,15.10,14.92,15.22,14.88,82346,138859474.00,2.21,-2.93,-0.45,0.67
2011-05-13,14.99,15.41,15.41,14.95,83527,141997336.00,3.08,3.28,0.49,0.68
2011-05-16,15.37,15.21,15.53,15.12,60249,103376032.00,2.66,-1.30,-0.20,0.49
2011-05-17,15.22,15.68,16.25,15.05,95324,167556223.00,7.89,3.09,0.47,0.77
2011-05-18,15.65,15.71,15.93,15.45,62459,109466391.00,3.06,0.19,0.03,0.51
2011-05-19,15.87,15.45,15.88,15.40,51639,90041665.00,3.06,-1.65,-0.26,0.42
2011-05-20,15.45,15.45,15.59,15.34,27159,46918955.00,1.62,0.00,0.00,0.22
2011-05-23,15.32,14.95,15.44,14.93,45114,76679720.00,3.30,-3.24,-0.50,0.37
2011-05-24,14.85,15.02,15.11,14.83,45206,76011609.00,1.87,0.47,0.07,0.37
2011-05-25,14.98,14.94,15.24,14.87,33725,57084316.00,2.46,-0.53,-0.08,0.27
2011-05-26,15.20,14.87,15.24,14.86,22197,37274267.00,2.54,-0.47,-0.07,0.18
2011-05-27,14.87,15.00,15.37,14.78,56548,95057429.00,3.97,0.87,0.13,0.46
2011-05-30,14.90,14.66,15.13,14.63,37554,62538175.00,3.33,-2.27,-0.34,0.30
2011-05-31,14.60,15.12,15.22,14.60,33936,56437871.00,4.23,3.14,0.46,0.27
2011-06-01,15.20,15.10,15.21,15.00,35779,60310903.00,1.39,-0.13,-0.02,0.29
2011-06-02,14.81,14.99,15.14,14.65,40328,67218241.00,3.25,-0.73,-0.11,0.33
2011-06-03,14.99,15.09,15.16,14.95,28625,48156144.00,1.40,0.67,0.10,0.23
2011-06-07,15.01,15.18,15.25,14.92,38453,64810123.00,2.19,0.60,0.09,0.31
2011-06-08,15.25,15.05,15.25,14.83,32455,54374838.00,2.77,-0.86,-0.13,0.26
2011-06-09,15.08,14.70,15.23,14.68,34070,57039063.00,3.65,-2.33,-0.35,0.28
2011-06-10,14.71,14.63,14.97,14.40,30697,50284000.00,3.88,-0.48,-0.07,0.25
2011-06-13,14.45,14.56,14.75,14.30,28751,46749007.00,3.08,-0.48,-0.07,0.23
2011-06-14,14.56,14.86,14.87,14.45,90111,148109702.00,2.88,2.06,0.30,0.73
2011-06-15,14.74,14.43,14.82,14.40,89501,146121055.00,2.83,-2.89,-0.43,0.72
2011-06-16,14.23,13.55,14.23,13.50,102252,159065135.00,5.06,-6.10,-0.88,0.83
2011-06-17,13.69,13.32,13.89,13.24,76513,117037608.00,4.80,-1.70,-0.23,0.62
2011-06-20,13.28,13.22,13.46,13.02,81756,122073964.00,3.30,-0.75,-0.10,0.66
2011-06-21,13.39,13.62,13.70,13.10,95595,144880232.00,4.54,3.03,0.40,0.77
2011-06-22,13.56,13.49,13.67,13.43,79160,121125790.00,1.76,-0.95,-0.13,0.64
2011-06-23,13.44,13.74,13.85,13.35,61191,94310010.00,3.71,1.85,0.25,0.50
2011-06-24,13.63,14.05,14.13,13.55,100634,157886151.00,4.22,2.26,0.31,0.82
2011-06-27,14.04,14.14,14.25,13.93,88560,140324797.00,2.28,0.64,0.09,0.72
2011-06-28,14.17,14.11,14.18,13.92,67794,107120268.00,1.84,-0.21,-0.03,0.55
2011-06-29,14.10,13.99,14.28,13.97,63227,100285930.00,2.20,-0.85,-0.12,0.51
2011-06-30,14.08,14.21,14.40,14.01,65883,105554867.00,2.79,1.57,0.22,0.53
2011-07-01,14.32,14.64,14.80,14.15,119582,194948029.00,4.57,3.03,0.43,0.97
2011-07-04,14.65,15.33,15.35,14.64,171607,289163922.00,4.85,4.71,0.69,1.39
2011-07-05,15.33,15.30,15.46,15.15,77851,132562813.00,2.02,-0.20,-0.03,0.63
2011-07-06,15.26,15.16,15.28,14.99,67611,114168960.00,1.90,-0.92,-0.14,0.55
2011-07-07,15.05,15.11,15.44,14.95,69215,116984228.00,3.23,-0.33,-0.05,0.56
2011-07-08,15.12,15.05,15.27,15.01,45090,76059986.00,1.72,-0.40,-0.06,0.37
2011-07-11,14.94,15.07,15.17,14.80,43959,73489825.00,2.46,0.13,0.02,0.36
2011-07-12,14.91,14.58,15.01,14.54,51504,84951030.00,3.12,-3.25,-0.49,0.42
2011-07-13,14.58,14.86,14.91,14.58,38450,63772085.00,2.26,1.92,0.28,0.31
2011-07-14,14.91,15.15,15.35,14.91,75076,127173839.00,2.96,1.95,0.29,0.61
2011-07-15,15.17,15.24,15.35,15.05,58590,99469032.00,1.98,0.59,0.09,0.47
2011-07-18,15.23,15.11,15.32,15.02,44595,75440597.00,1.97,-0.85,-0.13,0.36
2011-07-19,15.11,15.74,16.18,15.11,189284,331365181.00,7.08,4.17,0.63,1.53
2011-07-20,15.87,15.44,15.97,15.40,88681,153624550.00,3.62,-1.91,-0.30,0.72
2011-07-21,15.45,15.17,15.61,15.10,50457,85560756.00,3.30,-1.75,-0.27,0.41
2011-07-22,15.23,15.36,15.70,15.22,76200,131211875.00,3.16,1.25,0.19,0.62
2011-07-25,15.25,14.66,15.51,14.62,71321,119390536.00,5.79,-4.56,-0.70,0.58
2011-07-26,14.75,14.74,14.89,14.54,37791,62146041.00,2.39,0.55,0.08,0.31
2011-07-27,14.76,15.16,15.32,14.61,62855,105728008.00,4.82,2.85,0.42,0.51
2011-07-28,14.97,15.64,15.73,14.66,138425,236922184.00,7.06,3.17,0.48,1.12
2011-07-29,15.60,15.31,15.67,15.26,60567,104272635.00,2.62,-2.11,-0.33,0.49
2011-08-01,15.33,16.24,16.63,15.33,200950,359781913.00,8.49,6.07,0.93,1.63
2011-08-02,16.03,17.53,17.63,15.99,412380,764582002.00,10.10,7.94,1.29,3.34
2011-08-03,17.25,17.37,17.75,16.90,340313,648134461.00,4.85,-0.91,-0.16,2.76
2011-08-04,17.21,17.06,17.45,16.83,226200,425085818.00,3.57,-1.78,-0.31,1.83
2011-08-05,16.40,16.52,17.05,16.15,198371,362678269.00,5.28,-3.17,-0.54,1.61
2011-08-08,16.27,16.63,16.85,15.65,226603,411849579.00,7.26,0.67,0.11,1.84
2011-08-09,15.95,16.65,17.01,15.75,196339,356719095.00,7.58,0.12,0.02,1.59
2011-08-10,17.15,16.73,17.35,16.61,208341,389564707.00,4.44,0.48,0.08,1.69
2011-08-11,16.50,16.95,17.26,16.45,161272,300322148.00,4.84,1.32,0.22,1.31
2011-08-12,16.97,16.55,17.45,16.54,165957,311332285.00,5.37,-2.36,-0.40,1.34
2011-08-15,16.61,16.48,16.74,16.15,131136,238058504.00,3.56,-0.42,-0.07,1.06
2011-08-16,16.55,17.08,17.34,16.23,207450,384968916.00,6.74,3.64,0.60,1.68
2011-08-17,16.92,16.61,17.13,16.50,102894,190940916.00,3.69,-2.75,-0.47,0.83
2011-08-18,16.61,16.37,16.65,16.30,53680,97751877.00,2.11,-1.44,-0.24,0.43
2011-08-19,15.90,15.61,16.13,15.39,110575,192936171.00,4.52,-4.64,-0.76,0.90
2011-08-22,15.63,15.50,16.10,15.43,69259,121007882.00,4.29,-0.70,-0.11,0.56
2011-08-23,15.74,15.62,15.74,15.43,62036,107534472.00,2.00,0.77,0.12,0.50
2011-08-24,15.79,15.48,15.91,15.44,73837,128632777.00,3.01,-0.90,-0.14,0.60
2011-08-25,15.56,16.24,16.33,15.40,124911,221851908.00,6.01,4.91,0.76,1.01
2011-08-26,16.05,16.11,16.30,15.90,72389,129010567.00,2.46,-0.80,-0.13,0.59
2011-08-29,15.92,15.76,16.05,15.75,45977,80941388.00,1.86,-2.17,-0.35,0.37
2011-08-30,15.95,15.72,16.30,15.68,74897,133334728.00,3.93,-0.25,-0.04,0.61
2011-08-31,15.77,16.10,16.27,15.65,86247,153273198.00,3.94,2.42,0.38,0.70
2011-09-01,16.10,15.85,16.24,15.80,54153,95745550.00,2.73,-1.55,-0.25,0.44
2011-09-02,15.83,15.55,16.01,15.31,51804,89658601.00,4.42,-1.89,-0.30,0.42
2011-09-05,15.32,14.61,15.34,14.56,73830,122823728.00,5.02,-6.05,-0.94,0.60
2011-09-06,14.59,14.14,14.59,13.93,65310,104628895.00,4.52,-3.22,-0.47,0.53
2011-09-07,14.25,14.61,14.62,14.21,50406,81660047.00,2.90,3.32,0.47,0.41
2011-09-08,14.73,14.62,14.85,14.60,43984,72431104.00,1.71,0.07,0.01,0.36
2011-09-09,14.77,14.59,14.90,14.48,28841,47390895.00,2.87,-0.21,-0.03,0.23
2011-09-13,14.45,14.37,14.50,14.13,37659,60333681.00,2.54,-1.51,-0.22,0.31
2011-09-14,14.45,14.64,14.65,14.24,42558,68733353.00,2.85,1.88,0.27,0.34
2011-09-15,14.66,14.57,14.80,14.56,34360,56425725.00,1.64,-0.48,-0.07,0.28
2011-09-16,14.75,14.69,14.84,14.55,29876,49168281.00,1.99,0.82,0.12,0.24
2011-09-19,14.56,14.18,14.58,14.15,37137,59486793.00,2.93,-3.47,-0.51,0.30
2011-09-20,14.20,14.39,14.49,14.11,24086,38678022.00,2.68,1.48,0.21,0.20
2011-09-21,14.35,15.33,15.35,14.32,107919,181167947.00,7.16,6.53,0.94,0.87
2011-09-22,15.03,14.98,15.75,14.93,115580,197280213.00,5.35,-2.28,-0.35,0.94
2011-09-23,14.76,15.25,15.25,14.72,58435,98197936.00,3.54,1.80,0.27,0.47
2011-09-26,15.13,15.00,15.42,14.91,38128,64313226.00,3.34,-1.64,-0.25,0.31
2011-09-27,15.26,15.30,15.49,15.03,78692,133968760.00,3.07,2.00,0.30,0.64
2011-09-28,15.44,15.20,15.51,15.17,66161,113355532.00,2.22,-0.65,-0.10,0.54
2011-09-29,15.09,15.18,15.47,14.95,65114,110876406.00,3.42,-0.13,-0.02,0.53
2011-09-30,15.27,14.85,15.44,14.76,66222,111549816.00,4.48,-2.17,-0.33,0.54
2011-10-10,15.03,14.67,15.10,14.60,36021,59888297.00,3.37,-1.21,-0.18,0.29
2011-10-11,15.10,13.59,15.25,13.23,131200,206709566.00,13.77,-7.36,-1.08,1.06
2011-10-12,13.50,13.85,13.94,13.22,74187,114682695.00,5.30,1.91,0.26,0.60
2011-10-13,13.84,13.86,13.97,13.70,66353,103405446.00,1.95,0.07,0.01,0.54
2011-10-14,13.98,13.90,14.16,13.73,40824,64080696.00,3.10,0.29,0.04,0.33
2011-10-17,14.04,14.00,14.13,13.93,45215,71287275.00,1.44,0.72,0.10,0.37
2011-10-18,13.91,13.55,14.14,13.53,40401,62563125.00,4.36,-3.21,-0.45,0.33
2011-10-19,13.63,13.35,13.94,13.29,36227,55005496.00,4.80,-1.48,-0.20,0.29
2011-10-20,13.37,12.75,13.73,12.63,56483,82766247.00,8.24,-4.49,-0.60,0.46
2011-10-21,12.80,12.38,12.85,12.31,44653,63575949.00,4.24,-2.90,-0.37,0.36
2011-10-24,12.42,12.52,12.73,11.96,66603,94035335.00,6.22,1.13,0.14,0.54
2011-10-25,12.58,12.85,13.11,12.28,93776,136325699.00,6.63,2.64,0.33,0.76
2011-10-26,12.75,12.90,13.18,12.66,67763,99541696.00,4.05,0.39,0.05,0.55
2011-10-27,12.90,12.81,13.06,12.73,48793,71320884.00,2.56,-0.70,-0.09,0.40
2011-10-28,13.08,13.35,13.56,13.00,94009,141204744.00,4.37,4.22,0.54,0.76
2011-10-31,13.33,13.27,13.37,13.16,46674,69987614.00,1.57,-0.60,-0.08,0.38
2011-11-01,13.14,13.04,13.49,12.83,76570,113788073.00,4.97,-1.73,-0.23,0.62
2011-11-02,12.83,13.14,13.15,12.53,95455,138479494.00,4.75,0.77,0.10,0.77
2011-11-03,13.20,13.16,13.45,13.05,145465,218190451.00,3.04,0.15,0.02,1.18
2011-11-04,13.28,13.33,13.45,13.14,77488,116464425.00,2.36,1.29,0.17,0.63
2011-11-07,13.33,13.34,13.56,13.18,78481,118776317.00,2.85,0.08,0.01,0.64
2011-11-08,13.45,13.42,13.76,13.33,124776,190576788.00,3.22,0.60,0.08,1.01
2011-11-09,13.62,13.55,13.65,13.19,80431,122175390.00,3.43,0.97,0.13,0.65
2011-11-10,13.27,13.24,13.39,13.23,68019,102322668.00,1.18,-2.29,-0.31,0.55
2011-11-11,13.44,13.31,13.53,13.20,57260,86623352.00,2.49,0.53,0.07,0.46
2011-11-14,13.50,13.69,13.74,13.42,121361,186555159.00,2.40,2.85,0.38,0.98
2011-11-15,13.69,13.65,13.75,13.53,72542,111649742.00,1.61,-0.29,-0.04,0.59
2011-11-16,13.75,13.17,13.75,13.13,76904,116159976.00,4.54,-3.52,-0.48,0.62
2011-11-17,13.17,13.14,13.31,13.12,54492,81413252.00,1.44,-0.23,-0.03,0.44
2011-11-18,12.93,12.57,13.03,12.53,62351,90101732.00,3.81,-4.34,-0.57,0.51
2011-11-21,12.60,12.53,12.75,12.35,52118,74147648.00,3.18,-0.32,-0.04,0.42
2011-11-22,12.45,12.38,12.60,12.23,33658,47529535.00,2.95,-1.20,-0.15,0.27
2011-11-23,12.36,12.35,12.59,12.24,27219,38393527.00,2.83,-0.24,-0.03,0.22
2011-11-24,12.23,12.22,12.35,12.08,41931,58460553.00,2.19,-1.05,-0.13,0.34
2011-11-25,12.15,12.09,12.33,12.06,38399,53432936.00,2.21,-1.06,-0.13,0.31
2011-11-28,12.17,12.05,12.21,11.99,57234,79039996.00,1.82,-0.33,-0.04,0.46
2011-11-29,12.17,12.29,12.31,12.05,56717,79212324.00,2.16,1.99,0.24,0.46
2011-11-30,12.28,11.64,12.28,11.56,72659,98713498.00,5.86,-5.29,-0.65,0.59
2011-12-01,12.09,11.95,12.24,11.81,89429,123434650.00,3.69,2.66,0.31,0.72
2011-12-02,11.85,11.60,11.85,11.58,37228,49969407.00,2.26,-2.93,-0.35,0.30
2011-12-05,11.67,11.39,11.67,11.36,27263,35967659.00,2.67,-1.81,-0.21,0.22
2011-12-06,11.40,11.43,11.52,11.37,25214,33239240.00,1.32,0.35,0.04,0.20
2011-12-07,11.52,11.43,11.59,11.38,16675,22034637.00,1.84,0.00,0.00,0.14
2011-12-08,11.45,11.45,11.57,11.25,27560,36306990.00,2.80,0.17,0.02,0.22
2011-12-09,11.35,11.22,11.44,11.20,32919,42859881.00,2.10,-2.01,-0.23,0.27
2011-12-12,11.21,11.09,11.35,11.00,23145,29823802.00,3.12,-1.16,-0.13,0.19
2011-12-13,11.07,10.20,11.07,9.93,63278,77554551.00,10.28,-8.03,-0.89,0.51
2011-12-14,10.25,10.08,10.44,10.01,29610,35401595.00,4.22,-1.18,-0.12,0.24
2011-12-15,9.92,9.54,10.14,9.51,43317,49634839.00,6.25,-5.36,-0.54,0.35
2011-12-16,9.59,9.76,9.82,9.15,67821,75863900.00,7.02,2.31,0.22,0.55
2011-12-19,9.51,9.52,9.58,9.16,48145,53510886.00,4.30,-2.46,-0.24,0.39
2011-12-20,9.38,9.46,9.71,9.38,40926,46290945.00,3.47,-0.63,-0.06,0.33
2011-12-21,9.64,9.07,9.65,9.06,39015,43526399.00,6.24,-4.12,-0.39,0.32
2011-12-22,9.03,9.16,9.24,8.55,61540,65517170.00,7.61,0.99,0.09,0.50
2011-12-23,9.06,9.15,9.47,9.00,41759,45866819.00,5.13,-0.11,-0.01,0.34
2011-12-26,9.19,9.19,9.28,8.96,39299,42774365.00,3.50,0.44,0.04,0.32
2011-12-27,9.18,9.01,9.26,9.00,36969,40198529.00,2.83,-1.96,-0.18,0.30
2011-12-28,8.95,9.27,9.35,8.71,73379,78937659.00,7.10,2.89,0.26,0.59
2011-12-29,9.20,9.21,9.33,9.15,45063,49407564.00,1.94,-0.65,-0.06,0.36
2011-12-30,9.28,9.39,9.47,9.13,62000,68550572.00,3.69,1.95,0.18,0.50