2022-01-04,66.80,68.27,69.21,66.80,2057,14056130.00,3.47,-1.57,-1.09,1.04
2022-01-05,67.93,65.29,67.93,65.29,1877,12457444.00,3.87,-4.37,-2.98,0.95
2022-01-06,64.48,64.39,67.16,62.57,5541,35810825.00,7.03,-1.38,-0.90,2.81
2022-01-07,64.38,61.69,64.66,61.21,5494,34608846.00,5.36,-4.19,-2.70,2.79
2022-01-10,61.19,62.35,63.29,60.22,1976,12384394.00,4.98,1.07,0.66,1.00
2022-01-11,62.48,62.49,63.11,61.40,820,5112681.00,2.74,0.22,0.14,0.42
2022-01-12,62.31,62.80,63.04,61.21,1147,7164771.00,2.93,0.50,0.31,0.58
2022-01-13,62.88,60.57,62.88,60.19,2560,15647882.00,4.28,-3.55,-2.23,1.30
2022-01-14,59.73,59.52,61.19,59.19,3376,20294546.00,3.30,-1.73,-1.05,1.71
2022-01-17,59.53,60.58,61.98,59.53,3952,24147912.00,4.12,1.78,1.06,2.01
2022-01-18,60.92,60.69,62.68,59.27,4297,26415578.00,5.63,0.18,0.11,2.18
2022-01-19,60.26,61.53,62.56,57.71,7307,44082219.00,7.99,1.38,0.84,3.71
2022-01-20,61.19,57.81,61.28,57.79,3305,19684874.00,5.67,-6.05,-3.72,1.68
2022-01-21,57.69,56.38,57.74,56.29,1338,7652575.00,2.51,-2.47,-1.43,0.68
2022-01-24,56.69,57.50,59.16,56.69,1622,9406545.00,4.38,1.99,1.12,0.82
2022-01-25,58.62,56.94,58.94,56.22,2224,12868684.00,4.73,-0.97,-0.56,1.13
2022-01-26,57.68,56.18,58.90,53.77,1997,11224543.00,9.01,-1.33,-0.76,1.01
2022-01-27,55.59,53.88,56.03,53.69,1480,8115806.00,4.17,-4.09,-2.30,0.75
2022-01-28,55.69,53.19,55.69,52.85,1225,6657641.00,5.27,-1.28,-0.69,0.62
2022-02-07,54.19,53.19,55.11,51.74,1296,6919240.00,6.34,0.00,0.00,0.66
2022-02-08,53.19,50.69,53.67,48.70,11528,58767896.00,9.34,-4.70,-2.50,5.85
2022-02-09,50.69,49.50,51.46,48.97,9117,45558323.00,4.91,-2.35,-1.19,4.63
2022-02-10,49.68,48.69,49.69,47.69,3473,16952041.00,4.04,-1.64,-0.81,1.76
2022-02-11,48.49,46.71,48.88,46.17,5313,25417418.00,5.57,-4.07,-1.98,2.70
2022-02-14,46.52,46.32,47.57,44.90,4515,20970546.00,5.72,-0.83,-0.39,2.29
2022-02-15,45.80,48.48,48.56,45.34,3753,17792115.00,6.95,4.66,2.16,1.91
2022-02-16,48.53,47.05,48.55,46.74,2897,13825580.00,3.73,-2.95,-1.43,1.47
2022-02-17,46.55,47.94,49.04,46.34,2219,10698173.00,5.74,1.89,0.89,1.13
2022-02-18,47.94,47.01,47.94,46.73,1909,9050625.00,2.52,-1.94,-0.93,0.97
2022-02-21,46.27,46.48,47.85,46.23,2266,10663777.00,3.45,-1.13,-0.53,1.15
2022-02-22,46.21,45.68,46.40,44.79,2409,11060977.00,3.46,-1.72,-0.80,1.22
2022-02-23,45.68,52.52,53.02,45.66,11499,58441456.00,16.11,14.97,6.84,5.84
2022-02-24,52.69,51.66,52.69,48.35,9636,49028404.00,8.26,-1.64,-0.86,4.89
2022-02-25,50.69,49.87,51.66,49.69,3901,19853655.00,3.81,-3.46,-1.79,1.98
2022-02-28,50.39,48.69,50.75,48.58,5704,28226559.00,4.35,-2.37,-1.18,2.90
2022-03-01,49.29,49.68,50.86,48.59,2346,11704198.00,4.66,2.03,0.99,1.19
2022-03-02,49.39,49.54,50.01,48.57,2180,10771505.00,2.90,-0.28,-0.14,1.11
2022-03-03,49.54,46.60,49.54,46.01,7951,37685867.00,7.13,-5.93,-2.94,4.04
2022-03-04,46.04,46.19,47.07,45.65,4496,20892289.00,3.05,-0.88,-0.41,2.28
2022-03-07,46.05,44.47,46.06,42.92,5671,25372864.00,6.80,-3.72,-1.72,2.88
2022-03-08,44.27,42.39,45.34,42.17,6696,28978246.00,7.13,-4.68,-2.08,3.40
2022-03-09,44.02,41.23,44.54,39.71,5279,21872685.00,11.39,-2.74,-1.16,2.68
2022-03-10,41.65,40.45,43.09,40.30,9823,40891913.00,6.77,-1.89,-0.78,4.84
2022-03-11,40.39,40.69,40.82,38.39,8040,31988334.00,6.01,0.59,0.24,3.96
2022-03-14,39.99,39.59,41.17,39.02,3701,14815019.00,5.28,-2.70,-1.10,1.82
2022-03-15,39.79,38.54,39.79,37.15,4944,18951846.00,6.67,-2.65,-1.05,2.43
2022-03-16,38.70,38.12,38.89,36.19,6098,23153416.00,7.01,-1.09,-0.42,3.00
2022-03-17,38.19,40.06,40.91,38.19,6319,25490087.00,7.14,5.09,1.94,3.11
2022-03-18,40.79,38.61,40.79,38.22,11124,44187836.00,6.42,-3.62,-1.45,5.48
2022-03-21,38.29,39.71,40.00,38.20,6447,25571389.00,4.66,2.85,1.10,3.17
2022-03-22,39.81,43.57,43.81,39.19,13897,59147675.00,11.63,9.72,3.86,6.84
2022-03-23,43.42,44.29,45.55,42.76,8538,38261875.00,6.40,1.65,0.72,4.20
2022-03-24,41.96,43.45,44.89,41.80,4890,21181101.00,6.98,-1.90,-0.84,2.41
2022-03-25,43.45,44.50,45.08,43.02,5283,23389429.00,4.74,2.42,1.05,2.60
2022-03-28,44.50,41.42,44.71,41.32,7203,30758994.00,7.62,-6.92,-3.08,3.55
2022-03-29,41.80,40.96,42.19,40.29,2817,11615193.00,4.59,-1.11,-0.46,1.39
2022-03-30,41.55,41.00,41.56,40.37,1975,8153400.00,2.91,0.10,0.04,0.97
2022-03-31,41.01,40.60,41.25,39.73,2639,10784279.00,3.71,-0.98,-0.40,1.30
2022-04-01,40.59,41.10,41.37,39.28,2643,10731832.00,5.15,1.23,0.50,1.30
2022-04-06,41.10,39.53,41.37,38.79,4637,18448694.00,6.28,-3.82,-1.57,2.28
2022-04-07,38.89,38.56,39.00,37.37,4173,16009209.00,4.12,-2.45,-0.97,2.06
2022-04-08,38.08,37.76,38.39,36.99,2698,10199514.00,3.63,-2.07,-0.80,1.33
2022-04-11,36.79,35.69,37.68,35.69,3176,11587078.00,5.27,-5.48,-2.07,1.56
2022-04-12,35.99,36.64,36.69,35.09,2204,7965535.00,4.48,2.66,0.95,1.09
2022-04-13,36.05,34.99,36.37,34.39,5182,18278671.00,5.40,-4.50,-1.65,2.55
2022-04-14,35.04,34.05,35.59,33.94,1842,6408575.00,4.72,-2.69,-0.94,0.91
2022-04-15,33.99,32.19,33.99,31.86,3172,10428961.00,6.26,-5.46,-1.86,1.56
2022-04-18,32.41,34.29,34.37,31.46,3401,11408920.00,9.04,6.52,2.10,1.67
2022-04-19,34.68,33.63,35.09,32.69,3421,11494108.00,7.00,-1.92,-0.66,1.68
2022-04-20,33.19,32.63,33.19,31.69,4906,16039246.00,4.46,-2.97,-1.00,2.42
2022-04-21,32.69,31.58,33.16,30.76,5558,17780372.00,7.36,-3.22,-1.05,2.74
2022-04-22,31.58,30.69,31.81,30.59,3632,11359086.00,3.86,-2.82,-0.89,1.79
2022-04-25,30.35,27.87,30.59,27.05,5390,15773878.00,11.53,-9.19,-2.82,2.65
2022-04-26,27.87,26.44,29.46,25.97,3892,10651085.00,12.52,-5.13,-1.43,1.92
2022-04-27,26.04,28.59,29.23,25.38,7048,19794816.00,14.56,8.13,2.15,3.47
2022-04-28,29.49,29.40,30.90,27.86,9395,28145506.00,10.63,2.83,0.81,4.63
2022-04-29,30.48,29.87,30.48,28.82,4303,12865405.00,5.65,1.60,0.47,2.12
2022-05-05,29.69,30.56,30.70,28.99,4088,12452145.00,5.72,2.31,0.69,2.01
2022-05-06,29.69,30.47,31.10,28.79,2884,8874493.00,7.56,-0.29,-0.09,1.42
2022-05-09,29.99,29.89,30.92,29.37,3259,9900348.00,5.09,-1.90,-0.58,1.61
2022-05-10,28.98,31.46,32.45,27.92,7689,24386789.00,15.16,5.25,1.57,3.79
2022-05-11,32.69,31.68,32.97,30.90,5001,16146749.00,6.58,0.70,0.22,2.46
2022-05-12,31.60,31.79,32.05,31.23,2132,6813936.00,2.59,0.35,0.11,1.05
2022-05-13,31.79,32.18,32.72,31.27,2932,9443015.00,4.56,1.23,0.39,1.44
2022-05-16,32.57,32.83,34.16,32.04,4416,14733770.00,6.59,2.02,0.65,2.17
2022-05-17,32.79,33.44,33.63,32.29,4574,15297443.00,4.08,1.86,0.61,2.25
2022-05-18,33.69,34.65,35.09,33.69,4873,16934068.00,4.19,3.62,1.21,2.40
2022-05-19,34.48,37.94,38.19,33.71,12544,45893665.00,12.93,9.49,3.29,6.18
2022-05-20,38.13,38.30,38.69,35.86,10816,40895088.00,7.46,0.95,0.36,5.33
2022-05-23,38.17,39.63,40.18,37.38,14461,56887467.00,7.31,3.47,1.33,7.12
2022-05-24,39.22,38.19,39.42,37.14,16398,63439062.00,5.75,-3.63,-1.44,8.08
2022-05-25,37.81,38.44,38.77,37.29,5658,21703054.00,3.88,0.65,0.25,2.79
2022-05-26,38.89,39.69,40.28,37.81,9545,37899360.00,6.43,3.25,1.25,4.70
2022-05-27,41.19,41.57,42.34,39.70,14810,61571128.00,6.65,4.74,1.88,7.29
2022-05-30,41.39,45.44,45.49,40.52,20134,89500633.00,11.96,9.31,3.87,9.92
2022-05-31,45.06,45.55,45.88,44.01,11546,52147980.00,4.12,0.24,0.11,5.69
2022-06-01,44.82,44.80,46.59,43.69,9819,44337244.00,6.37,-1.65,-0.75,4.84
2022-06-02,44.57,47.22,48.56,42.69,11890,54182986.00,13.10,5.40,2.42,5.86
2022-06-06,46.80,52.04,52.44,45.70,26790,134583444.00,14.27,10.21,4.82,13.19
2022-06-07,52.69,48.78,52.69,47.15,19183,95166467.00,10.65,-6.26,-3.26,9.45
2022-06-08,49.69,48.87,49.91,46.85,7898,38313950.00,6.27,0.18,0.09,3.89
2022-06-09,48.67,50.09,51.35,47.35,9473,47076714.00,8.18,2.50,1.22,4.66
2022-06-10,47.91,50.21,51.57,47.91,6994,35257008.00,7.31,0.24,0.12,3.44
2022-06-13,49.02,49.47,50.69,47.91,7499,36992953.00,5.54,-1.47,-0.74,3.69
2022-06-14,47.97,47.46,49.18,46.19,7776,36860038.00,6.04,-4.06,-2.01,3.83
2022-06-15,45.69,46.30,48.44,45.69,4215,19778682.00,5.79,-2.44,-1.16,2.08
2022-06-16,45.41,46.99,48.04,45.41,2999,14235271.00,5.68,1.49,0.69,1.48
2022-06-17,46.63,50.91,51.17,46.59,6840,33972753.00,9.75,8.34,3.92,3.37
2022-06-20,50.77,49.19,52.00,48.15,6630,33272485.00,7.56,-3.38,-1.72,3.26
2022-06-21,48.70,47.05,48.97,46.69,4423,21262446.00,4.64,-4.35,-2.14,2.18
2022-06-22,46.58,45.89,48.00,45.54,6094,28504918.00,5.23,-2.47,-1.16,3.00
2022-06-23,44.69,47.62,47.84,44.69,4998,23404651.00,6.86,3.77,1.73,2.46
2022-06-24,47.70,49.14,49.56,47.34,5972,29322987.00,4.66,3.19,1.52,2.94
2022-06-27,49.00,46.93,49.41,46.33,6776,31929917.00,6.27,-4.50,-2.21,3.34
2022-06-28,46.00,53.69,53.69,46.00,16409,83042148.00,16.39,14.40,6.76,8.08
2022-06-29,53.00,48.67,53.51,48.60,12694,64237716.00,9.15,-9.35,-5.02,6.25
2022-06-30,48.00,51.12,51.44,47.59,8500,42294786.00,7.91,5.03,2.45,4.15
2022-07-01,51.60,48.45,51.63,48.20,6585,32242359.00,6.71,-5.22,-2.67,3.21
2022-07-04,48.57,52.78,53.35,48.00,9015,46621311.00,11.04,8.94,4.33,4.40
2022-07-05,53.50,50.00,54.30,49.95,8236,42301475.00,8.24,-5.27,-2.78,4.02
2022-07-06,51.00,50.20,51.50,47.94,5334,26336129.00,7.12,0.40,0.20,2.60
2022-07-07,50.01,50.96,52.88,48.59,5284,27054227.00,8.55,1.51,0.76,2.58
2022-07-08,51.20,49.60,53.50,49.60,5007,25699282.00,7.65,-2.67,-1.36,2.44
2022-07-11,49.58,51.67,51.67,48.21,4718,23743214.00,6.98,4.17,2.07,2.30
2022-07-12,51.00,50.11,52.19,47.59,8520,42280477.00,8.90,-3.02,-1.56,4.15
2022-07-13,49.61,50.00,51.66,48.03,5750,28686907.00,7.24,-0.22,-0.11,2.80
2022-07-14,49.09,50.20,52.78,49.09,6960,35651980.00,7.38,0.40,0.20,3.39
2022-07-15,48.80,51.60,52.18,48.80,7754,39261544.00,6.73,2.79,1.40,3.78
2022-07-18,51.50,61.92,61.92,51.50,23367,136215584.00,20.19,20.00,10.32,11.39
2022-07-19,62.00,61.30,64.59,60.00,16132,100242750.00,7.41,-1.00,-0.62,7.87
2022-07-20,63.13,60.40,63.13,59.00,6929,41692271.00,6.74,-1.47,-0.90,3.38
2022-07-21,60.11,57.46,61.26,57.32,8592,50641964.00,6.52,-4.87,-2.94,4.19
2022-07-22,57.28,61.78,61.99,55.58,12013,70802899.00,11.16,7.52,4.32,5.86
2022-07-25,60.00,60.40,63.38,59.50,7571,46413646.00,6.28,-2.23,-1.38,3.69
2022-07-26,60.00,59.60,62.48,58.50,7227,43385310.00,6.59,-1.32,-0.80,3.52
2022-07-27,59.87,60.45,61.47,58.53,5716,34213292.00,4.93,1.43,0.85,2.79
2022-07-28,59.76,58.61,62.70,58.58,5406,32431905.00,6.82,-3.04,-1.84,2.64
2022-07-29,58.93,57.30,59.15,56.60,9730,55984892.00,4.35,-2.24,-1.31,4.74
2022-08-01,57.80,58.59,58.72,55.81,4659,26848722.00,5.08,2.25,1.29,2.27
2022-08-02,56.89,60.08,60.54,56.13,8641,50840833.00,7.53,2.54,1.49,4.21
2022-08-03,60.00,60.80,63.18,57.98,8651,53285412.00,8.66,1.20,0.72,4.22
2022-08-04,62.10,60.09,62.39,57.56,6650,39509526.00,7.94,-1.17,-0.71,3.24
2022-08-05,59.00,59.70,61.21,58.00,6273,37187764.00,5.34,-0.65,-0.39,3.06
2022-08-08,60.18,60.55,60.77,58.21,6126,36242551.00,4.29,1.42,0.85,2.99
2022-08-09,60.54,62.86,64.97,60.01,7453,46498559.00,8.19,3.82,2.31,3.63
2022-08-10,61.80,63.80,63.80,61.10,5477,34330973.00,4.30,1.50,0.94,2.67
2022-08-11,63.08,66.88,68.00,62.26,7096,46514066.00,9.00,4.83,3.08,3.46
2022-08-12,67.00,60.99,68.00,60.19,10717,68340616.00,11.68,-8.81,-5.89,5.23
2022-08-15,60.00,59.84,61.47,58.53,7723,46108707.00,4.82,-1.89,-1.15,3.77
2022-08-16,59.84,59.35,60.98,58.60,6413,38360426.00,3.98,-0.82,-0.49,3.13
2022-08-17,58.50,58.70,59.98,58.00,2986,17564526.00,3.34,-1.10,-0.65,1.46
2022-08-18,58.43,59.93,62.00,58.25,5349,32486113.00,6.39,2.10,1.23,2.61
2022-08-19,59.93,59.29,61.76,59.00,4789,28990908.00,4.61,-1.07,-0.64,2.34
2022-08-22,59.22,59.00,59.90,57.63,3013,17634716.00,3.83,-0.49,-0.29,1.47
2022-08-23,57.60,57.62,60.91,55.52,8987,51848565.00,9.14,-2.34,-1.38,4.38
2022-08-24,56.66,55.40,58.66,55.00,4197,23705810.00,6.35,-3.85,-2.22,2.05
2022-08-25,55.40,51.51,55.41,50.90,12177,63178311.00,8.14,-7.02,-3.89,5.94
2022-08-26,52.50,53.80,54.80,52.00,12029,64425263.00,5.44,4.45,2.29,5.87
2022-08-29,53.42,56.79,59.00,52.28,8141,46002592.00,12.49,5.56,2.99,3.97
2022-08-30,58.75,55.71,58.75,55.25,6049,34222958.00,6.16,-1.90,-1.08,2.95
2022-08-31,55.71,52.87,55.79,52.10,4778,25395141.00,6.62,-5.10,-2.84,2.33
2022-09-01,52.70,52.00,53.85,52.00,3982,20991671.00,3.50,-1.65,-0.87,1.94
2022-09-02,51.55,50.15,53.00,50.02,5606,28670622.00,5.73,-3.56,-1.85,2.73
2022-09-05,50.15,50.61,51.51,49.11,5710,28545888.00,4.79,0.92,0.46,2.78
2022-09-06,50.99,50.20,51.55,49.66,5371,27085764.00,3.73,-0.81,-0.41,2.62
2022-09-07,50.97,52.70,53.19,49.95,7376,38240261.00,6.45,4.98,2.50,3.60
2022-09-08,52.70,53.73,55.69,52.33,9492,51449520.00,6.38,1.95,1.03,4.63
2022-09-09,54.00,50.18,55.35,49.50,5990,30865696.00,10.89,-6.61,-3.55,2.92
2022-09-13,45.80,55.20,55.50,45.56,31993,167003086.00,19.81,10.00,5.02,5.18
2022-09-14,54.40,59.39,61.00,52.54,19972,113618363.00,15.33,7.59,4.19,3.23
2022-09-15,59.72,58.13,61.06,55.41,22946,135181239.00,9.51,-2.12,-1.26,3.72
2022-09-16,58.65,60.07,61.48,58.65,13794,83846057.00,4.87,3.34,1.94,2.23
2022-09-19,60.75,60.05,63.80,59.00,15528,95214371.00,7.99,-0.03,-0.02,2.51
2022-09-20,60.11,61.58,62.36,57.01,14030,84146106.00,8.91,2.55,1.53,2.27
2022-09-21,61.70,61.00,62.36,58.03,9431,57133833.00,7.03,-0.94,-0.58,1.53
2022-09-22,61.73,60.42,61.89,59.37,5323,32363628.00,4.13,-0.95,-0.58,0.86
2022-09-23,60.99,59.93,61.10,59.20,5275,31680903.00,3.14,-0.81,-0.49,0.85
2022-09-26,59.00,59.30,60.26,58.05,8269,49220811.00,3.69,-1.05,-0.63,1.34
2022-09-27,59.40,59.29,60.00,58.21,5130,30381300.00,3.02,-0.02,-0.01,0.83
2022-09-28,59.00,57.08,59.48,56.47,7221,41669907.00,5.08,-3.73,-2.21,1.17
2022-09-29,57.35,57.90,58.89,55.81,4416,25481216.00,5.40,1.44,0.82,0.72
2022-09-30,57.94,56.56,58.30,55.41,3748,21238169.00,4.99,-2.31,-1.34,0.61
2022-10-10,56.56,53.60,56.56,53.00,7196,38984530.00,6.29,-5.23,-2.96,1.17
2022-10-11,53.99,55.48,56.91,52.17,11314,62519470.00,8.84,3.51,1.88,1.83
2022-10-12,56.21,58.48,58.48,54.65,15173,85581075.00,6.90,5.41,3.00,2.46
2022-10-13,58.48,59.99,63.50,58.48,24254,149652843.00,8.58,2.58,1.51,3.93
2022-10-14,61.69,63.36,64.00,60.30,27612,173351022.00,6.17,5.62,3.37,4.47
2022-10-17,64.00,65.19,66.23,62.53,13076,84798137.00,5.84,2.89,1.83,2.12
2022-10-18,65.66,65.08,66.98,64.55,8253,54372933.00,3.73,-0.17,-0.11,1.34
2022-10-19,64.60,63.10,66.00,62.50,8831,56542856.00,5.38,-3.04,-1.98,1.43
2022-10-20,63.47,64.19,65.44,60.63,11691,73704886.00,7.62,1.73,1.09,1.89
2022-10-21,64.28,66.07,66.29,62.31,9000,57961940.00,6.20,2.93,1.88,1.46
2022-10-24,66.58,66.74,68.91,65.04,18311,122916502.00,5.86,1.01,0.67,2.97
2022-10-25,67.89,63.55,68.80,63.52,10867,70346528.00,7.91,-4.78,-3.19,1.76
2022-10-26,64.82,66.00,66.05,61.74,15171,98003768.00,6.78,3.86,2.45,2.46
2022-10-27,65.53,63.00,65.53,62.50,15626,99944758.00,4.59,-4.55,-3.00,2.53
2022-10-28,63.29,62.00,65.52,61.65,8580,54675916.00,6.14,-1.59,-1.00,1.39
2022-10-31,62.26,62.60,63.34,60.21,11779,72776392.00,5.05,0.97,0.60,1.91
2022-11-01,62.10,60.76,63.55,60.00,10557,64781962.00,5.67,-2.94,-1.84,1.71
2022-11-02,60.64,63.50,64.48,59.33,15976,99919756.00,8.48,4.51,2.74,2.59
2022-11-03,63.50,64.60,66.00,62.91,11163,72500381.00,4.87,1.73,1.10,1.81
2022-11-04,65.23,71.95,74.00,62.92,48602,337817040.00,17.15,11.38,7.35,7.87
2022-11-07,73.30,77.12,78.50,73.30,27242,207724904.00,7.23,7.19,5.17,4.41
2022-11-08,77.12,75.45,77.12,70.51,19654,146732171.00,8.57,-2.17,-1.67,3.18
2022-11-09,75.93,76.45,77.69,75.00,9989,76269181.00,3.57,1.33,1.00,1.62
2022-11-10,76.18,77.30,78.50,75.00,10851,83323964.00,4.58,1.11,0.85,1.76
2022-11-11,79.00,77.10,79.97,74.50,17713,136445505.00,7.08,-0.26,-0.20,2.87
2022-11-14,75.33,76.40,79.29,74.29,11179,86260137.00,6.49,-0.91,-0.70,1.81
2022-11-15,77.00,75.92,77.77,74.31,12715,96680560.00,4.53,-0.63,-0.48,2.06
2022-11-16,75.60,75.20,77.00,73.50,9260,69365785.00,4.61,-0.95,-0.72,1.50
2022-11-17,74.69,74.86,76.11,72.80,7119,52830844.00,4.40,-0.45,-0.34,1.15
2022-11-18,74.16,73.01,76.44,72.90,5950,44355585.00,4.73,-2.47,-1.85,0.96
2022-11-21,72.68,72.55,74.58,72.00,6409,46594946.00,3.53,-0.63,-0.46,1.04
2022-11-22,72.57,71.55,73.48,71.00,9037,64957225.00,3.42,-1.38,-1.00,1.46
2022-11-23,71.16,71.80,73.05,69.28,8191,58172466.00,5.27,0.35,0.25,1.33
2022-11-24,71.80,71.88,73.85,69.75,10674,76815809.00,5.71,0.11,0.08,1.73
2022-11-25,71.68,68.11,71.68,67.58,13825,95410054.00,5.70,-5.24,-3.77,2.24
2022-11-28,67.80,67.80,70.07,67.27,8493,58250081.00,4.11,-0.46,-0.31,1.38
2022-11-29,68.08,66.74,68.37,66.40,7070,47456382.00,2.91,-1.56,-1.06,1.14
2022-11-30,67.55,66.01,67.55,65.32,7987,53208661.00,3.34,-1.09,-0.73,1.29
2022-12-01,65.80,66.03,68.82,65.20,9350,62401192.00,5.48,0.03,0.02,1.51
2022-12-02,66.04,71.50,71.50,65.88,17796,123402263.00,8.51,8.28,5.47,2.88
2022-12-05,71.88,68.82,71.88,68.58,7391,51189665.00,4.62,-3.75,-2.68,1.20
2022-12-06,67.86,74.02,75.00,67.50,13338,96189462.00,10.90,7.56,5.20,2.16
2022-12-07,74.34,72.98,74.84,72.16,5430,39631661.00,3.62,-1.41,-1.04,0.88
2022-12-08,71.35,72.01,74.79,71.35,6591,47943636.00,4.71,-1.33,-0.97,1.07
2022-12-09,71.56,70.17,73.98,70.17,5791,41713866.00,5.29,-2.56,-1.84,0.94
2022-12-12,70.18,70.67,72.50,68.50,5124,36340859.00,5.70,0.71,0.50,0.83
2022-12-13,70.67,67.93,70.67,67.64,4032,27639980.00,4.29,-3.88,-2.74,0.65
2022-12-14,67.93,68.86,69.98,67.93,2843,19711928.00,3.02,1.37,0.93,0.46
2022-12-15,69.38,68.88,70.51,68.30,3002,20801974.00,3.21,0.03,0.02,0.49
2022-12-16,68.30,66.83,68.55,66.52,3399,22890757.00,2.95,-2.98,-2.05,0.55
2022-12-19,66.50,64.68,66.52,64.40,3739,24456996.00,3.17,-3.22,-2.15,0.61
2022-12-20,64.50,63.76,64.89,62.40,7530,47898607.00,3.85,-1.42,-0.92,1.22
2022-12-21,63.76,62.65,64.70,62.03,3441,21749867.00,4.19,-1.74,-1.11,0.56
2022-12-22,61.50,60.96,62.78,60.20,5292,32505303.00,4.12,-2.70,-1.69,0.86
2022-12-23,60.90,60.10,62.00,59.50,4775,28827805.00,4.10,-1.41,-0.86,0.77
2022-12-26,60.93,64.40,65.30,60.32,4748,30164886.00,8.29,7.15,4.30,0.77
2022-12-27,64.40,64.38,66.17,63.45,3896,25029397.00,4.22,-0.03,-0.02,0.63
2022-12-28,64.20,63.50,64.20,61.95,2886,18090206.00,3.49,-1.37,-0.88,0.47
2022-12-29,63.12,62.65,63.70,61.31,5845,36589804.00,3.76,-1.34,-0.85,0.95
2022-12-30,63.70,64.34,66.00,61.79,4824,30880423.00,6.72,2.70,1.69,0.78