2022-01-04,42.29,42.89,42.92,41.20,20186,85388976.00,4.07,1.49,0.63,0.90
2022-01-05,43.17,43.04,44.09,42.55,26102,113620929.00,3.59,0.35,0.15,1.17
2022-01-06,42.94,42.00,42.94,40.55,26597,111548212.00,5.55,-2.42,-1.04,1.19
2022-01-07,41.85,41.08,42.15,41.02,14106,58867096.00,2.69,-2.19,-0.92,0.63
2022-01-10,40.26,40.86,41.07,39.72,15388,62487271.00,3.29,-0.54,-0.22,0.69
2022-01-11,40.86,40.41,41.31,40.29,11044,45036905.00,2.50,-1.10,-0.45,0.49
2022-01-12,40.47,41.24,41.46,40.37,11081,45460732.00,2.70,2.05,0.83,0.50
2022-01-13,40.86,40.59,41.40,40.45,13255,54376786.00,2.30,-1.58,-0.65,0.59
2022-01-14,40.56,40.10,41.02,40.08,9913,40398583.00,2.32,-1.21,-0.49,0.44
2022-01-17,40.03,40.51,40.51,38.69,11975,47587002.00,4.54,1.02,0.41,0.54
2022-01-18,40.47,39.28,40.47,39.01,14627,58146277.00,3.60,-3.04,-1.23,0.65
2022-01-19,39.25,38.44,39.42,37.99,15452,60033349.00,3.64,-2.14,-0.84,0.69
2022-01-20,38.39,37.78,38.94,37.67,14111,54022748.00,3.30,-1.72,-0.66,0.63
2022-01-21,37.44,37.83,37.92,36.89,9719,36647374.00,2.73,0.13,0.05,0.43
2022-01-24,37.45,36.87,37.78,36.36,11553,42879154.00,3.75,-2.54,-0.96,0.52
2022-01-25,37.08,35.90,37.08,35.87,10380,37910752.00,3.28,-2.63,-0.97,0.46
2022-01-26,35.85,36.67,36.77,35.85,10482,38472635.00,2.56,2.14,0.77,0.47
2022-01-27,36.59,35.85,36.63,35.39,9230,33251990.00,3.38,-2.24,-0.82,0.41
2022-01-28,36.26,34.99,36.26,34.87,8139,28956167.00,3.88,-2.40,-0.86,0.36
2022-02-07,35.41,37.19,37.37,35.39,17954,66003549.00,5.66,6.29,2.20,0.80
2022-02-08,37.16,37.25,37.26,36.34,10790,39924054.00,2.47,0.16,0.06,0.48
2022-02-09,37.25,37.09,37.39,36.86,8003,29817231.00,1.42,-0.43,-0.16,0.36
2022-02-10,36.95,37.20,37.49,36.49,8832,32941329.00,2.70,0.30,0.11,0.39
2022-02-11,37.05,36.65,37.05,36.31,7659,28227664.00,1.99,-1.48,-0.55,0.34
2022-02-14,36.14,36.27,36.68,35.86,5611,20479658.00,2.24,-1.04,-0.38,0.25
2022-02-15,36.00,37.29,37.35,35.99,11762,43824725.00,3.75,2.81,1.02,0.53
2022-02-16,37.98,37.07,37.99,36.93,6309,23615204.00,2.84,-0.59,-0.22,0.28
2022-02-17,37.09,36.94,37.31,36.75,5289,19684527.00,1.51,-0.35,-0.13,0.24
2022-02-18,36.69,36.82,37.07,36.44,5692,21054681.00,1.71,-0.32,-0.12,0.25
2022-02-21,36.64,36.45,37.17,36.40,8520,31376081.00,2.09,-1.00,-0.37,0.38
2022-02-22,36.31,35.59,36.34,35.34,9093,32527274.00,2.74,-2.36,-0.86,0.41
2022-02-23,35.69,36.36,36.49,35.68,7057,25653398.00,2.28,2.16,0.77,0.32
2022-02-24,36.29,35.32,36.59,34.85,11819,42387605.00,4.79,-2.86,-1.04,0.53
2022-02-25,35.45,35.57,36.39,35.34,8375,30216990.00,2.97,0.71,0.25,0.37
2022-02-28,35.76,36.26,36.31,34.91,10515,37656776.00,3.94,1.94,0.69,0.47
2022-03-01,36.18,36.02,36.89,35.89,9689,35336129.00,2.76,-0.66,-0.24,0.43
2022-03-02,35.69,35.84,36.09,35.61,4584,16503059.00,1.33,-0.50,-0.18,0.20
2022-03-03,36.00,35.48,36.01,35.30,4023,14378124.00,1.98,-1.00,-0.36,0.18
2022-03-04,35.29,35.02,35.77,34.98,6726,23870832.00,2.23,-1.30,-0.46,0.30
2022-03-07,35.03,32.87,35.22,32.69,20205,67958184.00,7.22,-6.14,-2.15,0.90
2022-03-08,32.69,31.38,33.26,31.38,16729,54271575.00,5.72,-4.53,-1.49,0.75
2022-03-09,31.39,30.29,31.96,29.18,20167,62021810.00,8.86,-3.47,-1.09,0.90
2022-03-10,30.90,30.42,31.27,30.34,16175,50049818.00,3.07,0.43,0.13,0.72
2022-03-11,30.28,31.44,31.47,29.50,13168,40615329.00,6.48,3.35,1.02,0.59
2022-03-14,31.29,30.38,31.33,30.38,10602,32974053.00,3.02,-3.37,-1.06,0.47
2022-03-15,29.94,28.77,30.25,28.71,12173,36279740.00,5.07,-5.30,-1.61,0.54
2022-03-16,29.40,29.71,29.78,27.79,18595,53948450.00,6.92,3.27,0.94,0.83
2022-03-17,29.92,29.91,30.67,29.70,13680,41410309.00,3.26,0.67,0.20,0.61
2022-03-18,29.29,30.13,30.15,29.29,11218,33865165.00,2.88,0.74,0.22,0.50
2022-03-21,30.29,30.09,30.29,29.52,21076,63554286.00,2.56,-0.13,-0.04,0.94
2022-03-22,28.18,28.67,29.09,28.11,25377,73060716.00,3.26,-4.72,-1.42,1.13
2022-03-23,28.70,27.82,28.88,27.67,40077,112916080.00,4.22,-2.96,-0.85,1.79
2022-03-24,27.79,26.88,27.79,26.80,23173,63079719.00,3.56,-3.38,-0.94,1.04
2022-03-25,26.85,26.88,27.90,26.69,22554,61949776.00,4.50,0.00,0.00,1.01
2022-03-28,26.89,26.94,27.34,26.17,17865,48163404.00,4.35,0.22,0.06,0.80
2022-03-29,26.94,26.39,27.34,26.32,13912,37465020.00,3.79,-2.04,-0.55,0.62
2022-03-30,26.62,27.26,27.26,26.40,18642,50443683.00,3.26,3.30,0.87,0.83
2022-03-31,27.09,26.78,27.26,26.69,13197,35869043.00,2.09,-1.76,-0.48,0.59
2022-04-01,26.59,26.49,26.80,26.44,16310,43692372.00,1.34,-1.08,-0.29,0.73
2022-04-06,26.70,26.29,26.71,26.19,16415,43669337.00,1.96,-0.76,-0.20,0.73
2022-04-07,26.29,25.78,26.61,25.70,16432,43164832.00,3.46,-1.94,-0.51,0.73
2022-04-08,25.67,25.25,25.92,25.04,13031,33255514.00,3.41,-2.06,-0.53,0.58
2022-04-11,25.31,24.85,26.17,24.64,21012,53817840.00,6.06,-1.58,-0.40,0.94
2022-04-12,24.69,25.72,26.17,24.43,32438,82823809.00,7.00,3.50,0.87,1.45
2022-04-13,25.79,25.86,26.56,25.41,31659,82886057.00,4.47,0.54,0.14,1.42
2022-04-14,25.83,26.30,26.70,25.40,47073,124311168.00,5.03,1.70,0.44,2.10
2022-04-15,26.25,26.94,27.54,25.91,47873,129497540.00,6.20,2.43,0.64,2.14
2022-04-18,26.89,27.25,27.99,26.44,50002,137469168.00,5.75,1.15,0.31,2.24
2022-04-19,27.51,27.15,27.70,26.87,31195,85411499.00,3.05,-0.37,-0.10,1.39
2022-04-20,26.90,28.34,29.45,26.80,64941,183508923.00,9.76,4.38,1.19,2.90
2022-04-21,28.01,26.72,28.09,26.40,49941,136748693.00,5.96,-5.72,-1.62,2.23
2022-04-22,26.30,26.13,26.74,25.29,39371,102757036.00,5.43,-2.21,-0.59,1.76
2022-04-25,25.29,23.50,25.78,23.50,38053,92760776.00,8.73,-10.07,-2.63,1.70
2022-04-26,22.62,22.11,23.43,22.01,38990,89118215.00,6.04,-5.91,-1.39,1.74
2022-04-27,21.82,23.04,23.18,21.53,35009,78738380.00,7.46,4.21,0.93,1.57
2022-04-28,22.99,22.04,23.04,21.85,25757,58110683.00,5.16,-4.34,-1.00,1.15
2022-04-29,22.64,23.57,23.89,22.59,40950,96669462.00,5.90,6.94,1.53,1.83
2022-05-05,23.58,23.53,24.13,23.37,44061,105557523.00,3.22,-0.17,-0.04,1.97
2022-05-06,22.98,22.71,23.40,22.40,32337,74367473.00,4.25,-3.48,-0.82,1.45
2022-05-09,22.78,23.08,23.32,22.37,23305,54105438.00,4.18,1.63,0.37,1.04
2022-05-10,22.66,23.70,23.81,22.40,28124,66270571.00,6.11,2.69,0.62,1.26
2022-05-11,23.89,23.60,24.26,23.52,25205,61005318.00,3.12,-0.42,-0.10,1.13
2022-05-12,23.45,24.15,24.41,23.32,27757,67418138.00,4.62,2.33,0.55,1.24
2022-05-13,24.32,23.77,24.44,23.57,19488,46833659.00,3.60,-1.57,-0.38,0.87
2022-05-16,23.76,23.79,24.21,23.68,22489,54374183.00,2.23,0.08,0.02,1.01
2022-05-17,23.93,23.81,24.10,23.39,19683,47001893.00,2.98,0.08,0.02,0.88
2022-05-18,23.82,23.87,24.26,23.49,16915,40921385.00,3.23,0.25,0.06,0.76
2022-05-19,23.54,23.79,23.97,23.14,18484,44018733.00,3.48,-0.34,-0.08,0.83
2022-05-20,24.13,24.47,24.67,23.99,21419,52647185.00,2.86,2.86,0.68,0.96
2022-05-23,23.79,23.94,24.21,23.69,32222,77719040.00,2.13,-2.17,-0.53,1.44
2022-05-24,23.94,22.89,23.98,22.89,30405,71522029.00,4.55,-4.39,-1.05,1.36
2022-05-25,22.80,23.59,23.79,22.80,24501,57917801.00,4.33,3.06,0.70,1.10
2022-05-26,23.85,23.48,23.87,22.91,19410,45787355.00,4.07,-0.47,-0.11,0.87
2022-05-27,23.66,23.11,24.20,22.94,25176,59910926.00,5.37,-1.58,-0.37,1.13
2022-05-30,23.28,24.08,24.29,23.28,37531,90537596.00,4.37,4.20,0.97,1.68
2022-05-31,23.90,25.04,25.25,23.51,40831,100211609.00,7.23,3.99,0.96,1.83
2022-06-01,25.08,25.05,25.70,24.71,32061,80697136.00,3.95,0.04,0.01,1.43
2022-06-02,24.90,24.72,25.05,24.47,26690,65974856.00,2.32,-1.32,-0.33,1.19
2022-06-06,24.91,25.94,26.12,24.79,33951,87031391.00,5.38,4.94,1.22,1.52
2022-06-07,25.77,26.28,26.68,25.75,27959,73275596.00,3.59,1.31,0.34,1.25
2022-06-08,26.41,26.37,27.35,25.90,36082,95994200.00,5.52,0.34,0.09,1.61
2022-06-09,26.37,25.42,26.67,25.20,22323,57226644.00,5.57,-3.60,-0.95,1.00
2022-06-10,25.40,25.42,25.52,25.01,19593,49622064.00,2.01,0.00,0.00,0.88
2022-06-13,25.06,26.13,26.50,25.06,27182,70639048.00,5.66,2.79,0.71,1.22
2022-06-14,26.13,25.88,26.26,25.18,18375,47211063.00,4.13,-0.96,-0.25,0.82
2022-06-15,25.87,25.67,26.18,25.56,29674,76767069.00,2.40,-0.81,-0.21,1.33
2022-06-16,25.77,26.00,26.27,25.61,28242,73660233.00,2.57,1.29,0.33,1.26
2022-06-17,25.98,25.82,26.23,25.40,21344,55128575.00,3.19,-0.69,-0.18,0.95
2022-06-20,25.80,26.36,26.49,25.79,23878,62795586.00,2.71,2.09,0.54,1.07
2022-06-21,26.43,25.95,26.49,25.70,20582,53577151.00,3.00,-1.56,-0.41,0.92
2022-06-22,25.95,25.35,26.00,25.27,16544,42286191.00,2.81,-2.31,-0.60,0.74
2022-06-23,25.30,25.68,25.68,25.00,25215,63930713.00,2.68,1.30,0.33,1.13
2022-06-24,25.77,26.28,26.61,25.60,39672,104160638.00,3.93,2.34,0.60,1.77
2022-06-27,26.45,28.08,28.33,26.45,65659,180999592.00,7.15,6.85,1.80,2.94
2022-06-28,28.19,27.46,28.27,27.11,52513,143860405.00,4.13,-2.21,-0.62,2.35
2022-06-29,27.65,27.13,28.15,27.11,46450,128081205.00,3.79,-1.20,-0.33,2.08
2022-06-30,27.30,28.63,29.28,27.24,84284,239451150.00,7.52,5.53,1.50,3.77
2022-07-01,28.60,28.30,28.96,27.94,48649,137493470.00,3.56,-1.15,-0.33,2.17
2022-07-04,28.13,28.02,28.20,27.48,44732,124386996.00,2.54,-0.99,-0.28,2.00
2022-07-05,28.25,27.28,28.27,26.60,48055,130776851.00,5.96,-2.64,-0.74,2.15
2022-07-06,26.85,26.49,27.08,26.15,28399,75327158.00,3.41,-2.90,-0.79,1.27
2022-07-07,26.35,25.82,26.48,25.72,39352,102294222.00,2.87,-2.53,-0.67,1.76
2022-07-08,26.02,25.74,26.55,25.63,29520,76726513.00,3.56,-0.31,-0.08,1.32
2022-07-11,25.70,25.44,25.86,25.28,22881,58365072.00,2.25,-1.17,-0.30,1.02
2022-07-12,25.50,24.67,25.53,24.63,27854,69315157.00,3.54,-3.03,-0.77,1.25
2022-07-13,24.58,24.62,24.94,24.45,18229,44982504.00,1.99,-0.20,-0.05,0.81
2022-07-14,24.64,24.25,24.80,24.22,23876,58602965.00,2.36,-1.50,-0.37,1.07
2022-07-15,24.01,24.20,25.13,23.61,32233,78669549.00,6.27,-0.21,-0.05,1.44
2022-07-18,24.22,24.60,24.69,23.93,20632,50256078.00,3.14,1.65,0.40,0.92
2022-07-19,24.50,24.69,25.00,24.32,17375,42910163.00,2.76,0.37,0.09,0.78
2022-07-20,24.77,25.22,25.87,24.61,36222,91671899.00,5.10,2.15,0.53,1.62
2022-07-21,25.17,24.83,25.30,24.77,20542,51243208.00,2.10,-1.55,-0.39,0.92
2022-07-22,24.90,24.35,25.06,24.10,23574,57760026.00,3.87,-1.93,-0.48,1.05
2022-07-25,24.49,24.39,24.81,24.14,17232,42227177.00,2.75,0.16,0.04,0.77
2022-07-26,24.43,24.65,24.75,24.26,20223,49559494.00,2.01,1.07,0.26,0.90
2022-07-27,24.57,24.21,24.73,24.19,18447,44916621.00,2.19,-1.78,-0.44,0.82
2022-07-28,24.45,24.34,24.55,24.27,17952,43796540.00,1.16,0.54,0.13,0.80
2022-07-29,24.35,23.77,24.36,23.71,18754,44871625.00,2.67,-2.34,-0.57,0.84
2022-08-01,23.80,24.06,24.19,23.35,16544,39517318.00,3.53,1.22,0.29,0.74
2022-08-02,23.95,23.15,23.95,22.80,23411,54433578.00,4.78,-3.78,-0.91,1.05
2022-08-03,23.02,22.98,23.53,22.91,20970,48749594.00,2.68,-0.73,-0.17,0.94
2022-08-04,23.18,23.45,23.49,23.01,15827,36878617.00,2.09,2.05,0.47,0.71
2022-08-05,23.60,24.31,24.40,23.45,20632,49574871.00,4.05,3.67,0.86,0.92
2022-08-08,24.23,24.25,24.39,24.02,13845,33502983.00,1.52,-0.25,-0.06,0.62
2022-08-09,24.16,24.43,24.50,23.91,15861,38429269.00,2.43,0.74,0.18,0.71
2022-08-10,24.44,24.60,24.67,24.24,18584,45511833.00,1.76,0.70,0.17,0.83
2022-08-11,24.59,24.77,25.19,24.56,15730,39090203.00,2.56,0.69,0.17,0.70
2022-08-12,24.76,24.71,24.91,24.55,12459,30843923.00,1.45,-0.24,-0.06,0.56
2022-08-15,24.69,24.39,24.81,24.13,18456,44908708.00,2.75,-1.30,-0.32,0.83
2022-08-16,24.55,24.77,25.00,24.24,19171,47417444.00,3.12,1.56,0.38,0.86
2022-08-17,24.87,25.16,25.16,24.44,21549,53684680.00,2.91,1.57,0.39,0.96
2022-08-18,25.16,24.97,25.17,24.68,14308,35609183.00,1.95,-0.76,-0.19,0.64
2022-08-19,24.97,24.74,25.18,24.72,13065,32544604.00,1.84,-0.92,-0.23,0.58
2022-08-22,24.38,24.71,24.89,24.33,12445,30666797.00,2.26,-0.12,-0.03,0.56
2022-08-23,24.60,24.38,24.60,24.04,15622,37941112.00,2.27,-1.34,-0.33,0.70
2022-08-24,24.26,23.55,24.36,23.40,22356,53114902.00,3.94,-3.40,-0.83,1.00
2022-08-25,23.66,23.90,24.06,23.18,15472,36533663.00,3.74,1.49,0.35,0.69
2022-08-26,23.95,26.29,26.29,23.95,40214,103995096.00,9.79,10.00,2.39,1.80
2022-08-29,26.91,27.69,28.34,26.61,134247,366216049.00,6.58,5.33,1.40,6.00
2022-08-30,27.61,27.54,27.77,27.05,77674,212034992.00,2.60,-0.54,-0.15,3.47
2022-08-31,27.12,30.29,30.29,27.09,153805,445784690.00,11.62,9.99,2.75,6.88
2022-09-01,29.69,31.00,32.80,28.45,180685,544538515.00,14.36,2.34,0.71,8.08
2022-09-02,29.50,29.70,30.78,29.29,114996,342692868.00,4.81,-4.19,-1.30,5.14
2022-09-05,28.94,28.61,29.07,27.68,100023,284675217.00,4.68,-3.67,-1.09,4.47
2022-09-06,28.53,28.26,28.89,27.83,71488,201641012.00,3.70,-1.22,-0.35,3.20
2022-09-07,27.97,28.12,28.76,27.28,74271,207302336.00,5.24,-0.50,-0.14,3.32
2022-09-08,27.70,27.19,28.11,26.89,70976,194448022.00,4.34,-3.31,-0.93,3.17
2022-09-09,27.18,27.59,27.80,26.81,56994,156872902.00,3.64,1.47,0.40,2.55
2022-09-13,26.90,28.23,28.26,26.34,74383,204956638.00,6.96,2.32,0.64,3.33
2022-09-14,27.64,27.95,28.30,27.12,52913,147193906.00,4.18,-0.99,-0.28,2.37
2022-09-15,27.85,28.42,28.65,27.50,75887,213993462.00,4.11,1.68,0.47,3.39
2022-09-16,28.02,29.19,29.41,27.39,99535,283973188.00,7.11,2.71,0.77,4.45
2022-09-19,28.70,28.97,29.78,28.30,78021,226656365.00,5.07,-0.75,-0.22,3.49
2022-09-20,28.70,28.27,29.10,27.81,61084,172748623.00,4.45,-2.42,-0.70,2.73
2022-09-21,27.76,26.37,27.76,26.36,72384,194557536.00,4.95,-6.72,-1.90,3.24
2022-09-22,26.00,25.95,26.43,25.53,46257,120515106.00,3.41,-1.59,-0.42,2.07
2022-09-23,26.03,25.06,26.36,24.60,56813,143569844.00,6.78,-3.43,-0.89,2.54
2022-09-26,24.60,24.36,25.04,24.20,37166,91616262.00,3.35,-2.79,-0.70,1.66
2022-09-27,24.37,26.80,26.80,24.30,66006,170760075.00,10.26,10.02,2.44,2.95
2022-09-28,27.68,28.30,29.05,27.20,153717,434691625.00,6.90,5.60,1.50,6.87
2022-09-29,28.64,28.03,28.68,27.59,96006,269631672.00,3.85,-0.95,-0.27,4.29
2022-09-30,28.03,27.18,28.26,27.15,54976,152079600.00,3.96,-3.03,-0.85,2.46
2022-10-10,27.80,26.40,27.80,26.19,55577,148679416.00,5.92,-2.87,-0.78,2.48
2022-10-11,26.67,26.41,26.67,25.58,42498,110738803.00,4.13,0.04,0.01,1.90
2022-10-12,26.41,26.13,26.54,24.58,63631,161884257.00,7.42,-1.06,-0.28,2.84
2022-10-13,25.68,28.74,28.74,25.65,60077,166441122.00,11.83,9.99,2.61,2.69
2022-10-14,29.53,28.86,29.54,28.03,131376,378178278.00,5.25,0.42,0.12,5.87
2022-10-17,28.66,28.74,28.99,28.25,71958,205891713.00,2.56,-0.42,-0.12,3.22
2022-10-18,29.00,28.76,29.24,28.50,68342,196811010.00,2.57,0.07,0.02,3.06
2022-10-19,28.80,28.10,28.80,27.76,60318,169449157.00,3.62,-2.29,-0.66,2.70
2022-10-20,28.10,28.42,29.63,27.82,98485,283487179.00,6.44,1.14,0.32,4.40
2022-10-21,28.42,27.69,29.28,27.16,77408,215966726.00,7.46,-2.57,-0.73,3.46
2022-10-24,27.76,26.80,27.83,26.52,58551,158371626.00,4.73,-3.21,-0.89,2.62
2022-10-25,26.92,27.75,28.27,26.44,74870,204767722.00,6.83,3.54,0.95,3.35
2022-10-26,27.35,27.78,28.35,27.29,67595,188373617.00,3.82,0.11,0.03,3.02
2022-10-27,27.90,29.10,29.45,27.10,113786,324743334.00,8.46,4.75,1.32,5.09
2022-10-28,29.00,27.30,29.10,27.21,88912,250612361.00,6.49,-6.19,-1.80,3.97
2022-10-31,27.29,28.05,28.33,26.82,61688,171194982.00,5.53,2.75,0.75,2.76
2022-11-01,28.29,29.80,29.99,27.67,107382,311586521.00,8.27,6.24,1.75,4.80
2022-11-02,29.79,29.70,30.10,29.31,103173,306399727.00,2.65,-0.34,-0.10,4.61
2022-11-03,29.20,30.29,30.99,29.18,97894,295076371.00,6.09,1.99,0.59,4.38
2022-11-04,30.50,31.99,32.56,30.06,136516,427537659.00,8.25,5.61,1.70,6.10
2022-11-07,31.60,33.06,33.39,31.50,99030,322061478.00,5.91,3.34,1.07,4.43
2022-11-08,32.68,32.53,33.15,31.77,67234,217469228.00,4.17,-1.60,-0.53,3.01
2022-11-09,32.44,33.83,34.20,32.08,67728,224698130.00,6.52,4.00,1.30,3.03
2022-11-10,33.71,31.50,34.22,31.50,99272,325457262.00,8.04,-6.89,-2.33,4.44
2022-11-11,32.00,31.01,32.60,31.00,89751,284628171.00,5.08,-1.56,-0.49,4.01
2022-11-14,30.65,33.28,33.29,30.55,84858,272510091.00,8.84,7.32,2.27,3.79
2022-11-15,32.62,33.74,33.85,32.45,62731,208617945.00,4.21,1.38,0.46,2.80
2022-11-16,33.57,34.85,36.16,33.43,90941,317326200.00,8.09,3.29,1.11,4.07
2022-11-17,34.86,35.82,36.20,34.00,84144,299687573.00,6.31,2.78,0.97,3.76
2022-11-18,35.60,35.39,36.27,34.54,53577,189447863.00,4.83,-1.20,-0.43,2.40
2022-11-21,32.59,36.60,38.92,31.85,124767,430079132.00,19.98,3.42,1.21,5.58
2022-11-22,36.66,35.68,36.91,34.70,70006,250002102.00,6.04,-2.51,-0.92,3.13
2022-11-23,35.68,35.33,36.42,33.10,54497,190695264.00,9.30,-0.98,-0.35,2.44
2022-11-24,35.64,35.93,36.00,34.71,42618,151200072.00,3.65,1.70,0.60,1.91
2022-11-25,35.99,35.75,37.05,35.75,33377,121392795.00,3.62,-0.50,-0.18,1.49
2022-11-28,35.10,37.10,37.99,34.77,43770,158801998.00,9.01,3.78,1.35,1.96
2022-11-29,36.88,37.80,38.14,36.52,34370,129152823.00,4.37,1.89,0.70,1.54
2022-11-30,37.65,37.00,38.09,36.88,23122,86656096.00,3.20,-2.12,-0.80,1.03
2022-12-01,37.32,39.96,40.70,37.32,96745,386513183.00,9.14,8.00,2.96,4.32
2022-12-02,39.47,39.92,40.52,38.67,60299,238572952.00,4.63,-0.10,-0.04,2.70
2022-12-05,40.28,39.98,40.29,39.20,40367,160184367.00,2.73,0.15,0.06,1.80
2022-12-06,39.62,40.21,41.30,39.40,48483,195575942.00,4.75,0.58,0.23,2.17
2022-12-07,40.21,39.59,40.34,38.51,43447,170779963.00,4.55,-1.54,-0.62,1.94
2022-12-08,39.34,38.31,39.48,37.86,44027,169163460.00,4.09,-3.23,-1.28,1.97
2022-12-09,38.55,39.95,40.30,37.90,49196,192812253.00,6.26,4.28,1.64,2.20
2022-12-12,39.75,39.32,40.30,38.88,27022,106451010.00,3.55,-1.58,-0.63,1.21
2022-12-13,38.98,39.63,40.30,38.28,30636,120678002.00,5.14,0.79,0.31,1.37
2022-12-14,38.80,39.68,40.30,38.70,23815,94732998.00,4.04,0.13,0.05,1.06
2022-12-15,40.00,38.14,40.00,38.10,30618,118476782.00,4.79,-3.88,-1.54,1.37
2022-12-16,38.05,37.80,38.50,37.56,25910,98257580.00,2.46,-0.89,-0.34,1.16
2022-12-19,38.17,37.20,38.29,36.88,25133,94060856.00,3.73,-1.59,-0.60,1.12
2022-12-20,37.20,36.53,37.49,36.21,24226,89049289.00,3.44,-1.80,-0.67,1.08
2022-12-21,36.41,36.79,37.20,36.37,19720,72594982.00,2.27,0.71,0.26,0.88
2022-12-22,37.20,35.64,37.67,35.55,32286,117887840.00,5.76,-3.13,-1.15,1.44
2022-12-23,35.65,37.23,37.99,35.65,42022,154436891.00,6.57,4.46,1.59,1.88
2022-12-26,36.90,36.96,37.17,36.19,26965,98976470.00,2.63,-0.73,-0.27,1.21
2022-12-27,36.96,37.89,38.77,36.18,34216,128627705.00,7.01,2.52,0.93,1.53
2022-12-28,37.57,36.40,37.76,36.20,28660,105382418.00,4.12,-3.93,-1.49,1.28
2022-12-29,36.50,36.30,36.66,35.70,20568,74313015.00,2.64,-0.27,-0.10,0.92
2022-12-30,36.25,36.87,37.21,36.20,28871,106322476.00,2.78,1.57,0.57,1.29