2013-01-04,3.41,3.38,3.42,3.33,11487,13319389.00,2.66,0.00,0.00,2.07
2013-01-07,3.39,3.41,3.42,3.35,10719,12515445.00,2.07,0.89,0.03,1.93
2013-01-08,3.40,3.48,3.54,3.39,23021,27479802.00,4.40,2.05,0.07,4.15
2013-01-09,3.48,3.56,3.64,3.45,34742,42341860.00,5.46,2.30,0.08,6.26
2013-01-10,3.94,3.94,3.94,3.94,29536,39696572.00,0.00,10.67,0.38,5.32
2013-01-11,4.18,4.18,4.36,4.04,148216,212913990.00,8.12,6.09,0.24,26.71
2013-01-14,4.10,4.24,4.30,4.01,100301,141642341.00,6.94,1.44,0.06,18.07
2013-01-15,4.18,4.13,4.26,4.08,63038,89059355.00,4.25,-2.59,-0.11,11.36
2013-01-16,4.12,3.97,4.12,3.89,55047,74615898.00,5.57,-3.87,-0.16,9.92
2013-01-17,3.97,3.98,4.05,3.93,23390,31744784.00,3.02,0.25,0.01,4.21
2013-01-18,3.97,4.02,4.07,3.90,30862,41930679.00,4.27,1.01,0.04,5.56
2013-01-21,4.45,4.45,4.45,4.45,25368,38229259.00,0.00,10.70,0.43,2.76
2013-01-22,4.77,4.56,4.90,4.51,147724,235591382.00,8.76,2.47,0.11,16.05
2013-01-23,4.52,4.86,4.98,4.44,115716,185381439.00,11.84,6.58,0.30,12.57
2013-01-24,4.81,4.55,4.88,4.43,87241,138161021.00,9.26,-6.38,-0.31,9.48
2013-01-25,4.52,4.58,4.77,4.52,43014,67599601.00,5.49,0.66,0.03,4.67
2013-01-28,4.60,4.74,4.82,4.56,46899,74719776.00,5.68,3.49,0.16,5.09
2013-01-29,4.75,4.84,4.92,4.68,56477,91840815.00,5.06,2.11,0.10,6.13
2013-01-30,4.81,4.74,4.89,4.67,42401,68340930.00,4.55,-2.07,-0.10,4.61
2013-01-31,4.70,4.85,4.86,4.66,38660,62310746.00,4.22,2.32,0.11,4.20
2013-02-01,4.81,4.86,5.01,4.75,68008,111615684.00,5.36,0.21,0.01,7.39
2013-02-04,4.71,4.35,4.88,4.35,130425,197006879.00,10.91,-10.49,-0.51,14.17
2013-02-05,4.28,4.34,4.41,4.25,41128,60376485.00,3.68,-0.23,-0.01,4.47
2013-02-06,4.37,4.41,4.49,4.36,35749,53617047.00,3.00,1.61,0.07,3.88
2013-02-07,4.40,4.39,4.41,4.31,32701,48353619.00,2.27,-0.45,-0.02,3.55
2013-02-08,4.40,4.58,4.61,4.35,92117,139636266.00,5.92,4.33,0.19,10.01
2013-02-18,4.52,4.46,4.56,4.41,80838,121920525.00,3.28,-2.62,-0.12,8.78
2013-02-19,4.46,4.45,4.50,4.36,46299,69527246.00,3.14,-0.22,-0.01,5.03
2013-02-20,4.46,4.50,4.54,4.41,47775,72367684.00,2.92,1.12,0.05,5.19
2013-02-21,4.46,4.34,4.48,4.33,34757,51901914.00,3.33,-3.56,-0.16,3.78
2013-02-22,4.35,4.46,4.51,4.35,42017,63006672.00,3.69,2.76,0.12,4.56
2013-02-25,4.43,4.53,4.56,4.43,55618,84780944.00,2.91,1.57,0.07,6.04
2013-02-26,4.51,4.53,4.67,4.47,77235,118806829.00,4.42,0.00,0.00,8.39
2013-02-27,4.53,4.57,4.68,4.49,50820,78520679.00,4.19,0.88,0.04,5.52
2013-02-28,4.59,4.56,4.61,4.46,43465,66572699.00,3.28,-0.22,-0.01,4.72
2013-03-01,4.54,4.56,4.63,4.52,42647,65857383.00,2.41,0.00,0.00,4.63
2013-03-04,4.52,4.33,4.55,4.33,40780,61259206.00,4.82,-5.04,-0.23,4.43
2013-03-05,4.35,4.43,4.43,4.35,24916,37109656.00,1.85,2.31,0.10,2.71
2013-03-06,4.43,4.56,4.61,4.41,47881,73458468.00,4.51,2.93,0.13,5.20
2013-03-07,4.54,4.43,4.60,4.41,39928,60957947.00,4.17,-2.85,-0.13,4.34
2013-03-08,4.43,4.34,4.46,4.33,25644,38190414.00,2.93,-2.03,-0.09,2.79
2013-03-11,4.35,4.40,4.43,4.35,15046,22430516.00,1.84,1.38,0.06,1.63
2013-03-12,4.37,4.18,4.41,4.14,34910,50355944.00,6.14,-5.00,-0.22,3.79
2013-03-13,4.21,4.20,4.21,4.12,14978,21195568.00,2.15,0.48,0.02,1.63
2013-03-14,4.22,4.15,4.23,4.14,16302,23150610.00,2.14,-1.19,-0.05,1.77
2013-03-15,4.17,4.19,4.26,4.09,39168,55435342.00,4.10,0.96,0.04,4.25
2013-03-18,4.17,4.10,4.19,4.09,22546,31650994.00,2.39,-2.15,-0.09,2.45
2013-03-19,4.11,4.12,4.14,4.06,12281,17148842.00,1.95,0.49,0.02,1.33
2013-03-20,4.15,4.25,4.26,4.12,26755,38215971.00,3.40,3.16,0.13,2.91
2013-03-21,4.26,4.31,4.35,4.24,27871,40584707.00,2.59,1.41,0.06,3.03
2013-03-22,4.30,4.32,4.32,4.26,14668,21374511.00,1.39,0.23,0.01,1.59
2013-03-25,4.34,4.31,4.37,4.29,14957,21919049.00,1.85,-0.23,-0.01,1.62
2013-03-26,4.33,4.46,4.47,4.30,43048,64047180.00,3.94,3.48,0.15,4.68
2013-03-27,4.49,4.49,4.51,4.44,42116,63796404.00,1.57,0.67,0.03,4.57
2013-03-28,4.43,4.34,4.50,4.32,43487,64919293.00,4.01,-3.34,-0.15,4.72
2013-03-29,4.38,4.30,4.41,4.30,15079,22232566.00,2.53,-0.92,-0.04,1.64
2013-04-01,4.28,4.44,4.48,4.28,25421,38015283.00,4.65,3.26,0.14,2.76
2013-04-02,4.43,4.20,4.47,4.18,26987,39450237.00,6.53,-5.41,-0.24,2.93
2013-04-03,4.20,4.13,4.24,4.11,11969,16887594.00,3.10,-1.67,-0.07,1.30
2013-04-08,4.09,4.24,4.25,4.02,14153,19869611.00,5.57,2.66,0.11,1.54
2013-04-09,4.21,4.26,4.29,4.21,11782,17012627.00,1.89,0.47,0.02,1.28
2013-04-10,4.26,4.20,4.26,4.15,11177,15944724.00,2.58,-1.41,-0.06,1.21
2013-04-11,4.22,4.19,4.23,4.16,6852,9765383.00,1.67,-0.24,-0.01,0.74
2013-04-12,4.17,4.12,4.20,4.09,9988,14057474.00,2.63,-1.67,-0.07,1.08
2013-04-15,4.09,4.12,4.14,4.08,5777,8073901.00,1.46,0.00,0.00,0.63
2013-04-16,4.10,4.15,4.17,4.08,6683,9350531.00,2.18,0.73,0.03,0.73
2013-04-17,4.14,4.22,4.24,4.14,10876,15505765.00,2.41,1.69,0.07,1.18
2013-04-18,4.21,4.34,4.35,4.17,23106,33649733.00,4.27,2.84,0.12,2.51
2013-04-19,4.35,4.39,4.42,4.31,23118,34280307.00,2.53,1.15,0.05,2.51
2013-04-22,4.35,4.53,4.56,4.35,33814,51320968.00,4.78,3.19,0.14,3.67
2013-04-23,4.52,4.38,4.54,4.37,25461,38276693.00,3.75,-3.31,-0.15,2.77
2013-04-24,4.39,4.57,4.58,4.36,36146,54870602.00,5.02,4.34,0.19,3.93
2013-04-25,4.67,4.50,4.74,4.49,61264,96126198.00,5.47,-1.53,-0.07,6.65
2013-04-26,4.52,4.24,4.56,4.24,36401,53794130.00,7.11,-5.78,-0.26,3.95
2013-05-02,4.22,4.32,4.32,4.17,13263,19232408.00,3.54,1.89,0.08,1.44
2013-05-03,4.34,4.49,4.51,4.34,24802,37429390.00,3.94,3.94,0.17,2.69
2013-05-06,4.55,4.48,4.64,4.48,51481,79425058.00,3.56,-0.22,-0.01,5.59
2013-05-07,4.52,4.56,4.74,4.47,129991,99855101.00,6.03,1.79,0.08,7.06
2013-05-08,4.56,4.89,4.92,4.50,161570,127288457.00,9.21,7.24,0.33,8.77
2013-05-09,5.12,5.28,5.40,5.01,312142,268193532.00,7.98,7.98,0.39,16.95
2013-05-10,5.17,5.14,5.30,5.07,132230,113430089.00,4.36,-2.65,-0.14,7.18
2013-05-13,5.14,5.45,5.49,5.13,139977,122780032.00,7.00,6.03,0.31,7.60
2013-05-14,5.37,5.15,5.44,5.14,103719,90465195.00,5.50,-5.50,-0.30,5.63
2013-05-15,5.16,5.26,5.29,5.09,71863,62114009.00,3.88,2.14,0.11,3.90
2013-05-16,5.24,5.27,5.45,5.14,128357,112712903.00,5.89,0.19,0.01,6.97
2013-05-17,5.20,5.56,5.60,5.14,142342,128361782.00,8.73,5.50,0.29,7.73
2013-05-20,5.56,5.71,6.00,5.56,148888,143360541.00,7.91,2.70,0.15,8.09
2013-05-21,5.70,6.02,6.10,5.67,118414,116377299.00,7.53,5.43,0.31,6.43
2013-05-22,5.90,5.58,5.97,5.50,121311,114599658.00,7.81,-7.31,-0.44,6.59
2013-05-23,5.55,5.65,5.79,5.43,104601,97168896.00,6.45,1.25,0.07,5.68
2013-05-24,5.65,5.70,5.79,5.55,57801,54355643.00,4.25,0.88,0.05,3.14
2013-05-27,5.65,5.75,5.80,5.65,73125,69440300.00,2.63,0.88,0.05,3.97
2013-05-28,5.74,5.20,5.74,5.18,144764,128762952.00,9.74,-9.57,-0.55,7.86
2013-05-29,5.24,5.17,5.30,5.09,86990,74842414.00,4.04,-0.58,-0.03,4.72
2013-05-30,5.15,5.34,5.39,5.15,64977,56999687.00,4.64,3.29,0.17,3.53
2013-05-31,5.37,5.30,5.45,5.24,65187,57564440.00,3.93,-0.75,-0.04,3.54
2013-06-03,5.30,5.07,5.40,4.96,85957,73448664.00,8.30,-4.34,-0.23,4.67
2013-06-04,5.05,5.01,5.06,4.81,69046,56540052.00,4.93,-1.18,-0.06,3.75
2013-06-05,4.96,5.01,5.07,4.89,32300,26835837.00,3.59,0.00,0.00,1.75
2013-06-06,5.00,4.85,5.00,4.84,33684,27499324.00,3.19,-3.19,-0.16,1.83
2013-06-07,4.87,4.94,5.01,4.82,34717,28390145.00,3.92,1.86,0.09,1.89
2013-06-13,4.87,4.83,4.96,4.70,43448,35121970.00,5.26,-2.23,-0.11,2.36
2013-06-14,4.89,5.15,5.21,4.89,70707,59511991.00,6.63,6.63,0.32,3.84
2013-06-17,5.23,5.24,5.41,5.12,98809,86538192.00,5.63,1.75,0.09,5.37
2013-06-18,5.23,5.22,5.31,5.04,85702,73723857.00,5.15,-0.38,-0.02,4.65
2013-06-19,5.12,5.12,5.18,4.96,52401,44262325.00,4.21,-1.92,-0.10,2.85
2013-06-20,5.12,4.76,5.12,4.74,57577,47216128.00,7.42,-7.03,-0.36,3.13
2013-06-21,4.69,4.62,4.69,4.43,56224,43073917.00,5.46,-2.94,-0.14,3.05
2013-06-24,4.62,4.52,4.83,4.37,54807,42440732.00,9.96,-2.16,-0.10,2.98
2013-06-25,4.41,4.59,4.67,4.19,60021,44639135.00,10.62,1.55,0.07,3.26
2013-06-26,4.61,4.94,5.01,4.61,95367,77466853.00,8.71,7.63,0.35,5.18
2013-06-27,4.91,4.77,4.96,4.71,69754,56324313.00,5.06,-3.44,-0.17,3.79
2013-06-28,4.74,4.67,4.80,4.50,36780,28597004.00,6.29,-2.10,-0.10,2.00
2013-07-01,4.67,4.77,4.80,4.53,70978,55563889.00,5.78,2.14,0.10,4.16
2013-07-02,4.77,4.96,5.03,4.74,85283,69706472.00,6.08,3.98,0.19,5.00
2013-07-03,4.95,5.08,5.12,4.79,103767,85964311.00,6.65,2.42,0.12,6.08
2013-07-04,5.05,4.96,5.21,4.94,81725,69140467.00,5.31,-2.36,-0.12,4.79
2013-07-05,4.97,4.81,5.08,4.81,57450,47329833.00,5.44,-3.02,-0.15,3.37
2013-07-08,4.70,4.56,4.77,4.53,47740,37012810.00,4.99,-5.20,-0.25,2.80
2013-07-09,4.61,4.66,4.74,4.57,38423,29877239.00,3.73,2.19,0.10,2.25
2013-07-10,4.66,4.72,4.77,4.64,42791,33564533.00,2.79,1.29,0.06,2.51
2013-07-11,4.71,4.86,4.88,4.68,53193,42416739.00,4.24,2.97,0.14,3.12
2013-07-12,4.87,4.99,5.09,4.82,79851,66439150.00,5.56,2.67,0.13,4.68
2013-07-15,4.87,5.17,5.19,4.87,107123,89855423.00,6.41,3.61,0.18,6.28
2013-07-16,5.12,5.17,5.24,5.00,90787,76985059.00,4.64,0.00,0.00,5.32
2013-07-17,5.17,5.37,5.45,5.09,152782,134177530.00,6.96,3.87,0.20,8.96
2013-07-18,5.27,5.54,5.56,5.13,148794,133192922.00,8.01,3.17,0.17,8.72
2013-07-19,5.50,5.13,5.62,5.09,157375,140898127.00,9.57,-7.40,-0.41,9.23
2013-07-22,5.10,5.36,5.38,5.05,88209,77160093.00,6.43,4.48,0.23,5.17
2013-07-23,5.37,5.44,5.47,5.27,91006,81083482.00,3.73,1.49,0.08,5.33
2013-07-24,5.44,5.50,5.54,5.32,114285,102909258.00,4.04,1.10,0.06,6.70
2013-07-25,5.50,5.28,5.65,5.19,115032,103350126.00,8.36,-4.00,-0.22,6.74
2013-07-26,5.27,5.33,5.35,5.15,84728,73773486.00,3.79,0.95,0.05,4.97
2013-07-29,5.65,5.40,5.74,5.39,106655,97518221.00,6.57,1.31,0.07,6.25
2013-07-30,5.38,5.20,5.44,5.09,73560,63883006.00,6.48,-3.70,-0.20,4.31
2013-07-31,5.22,5.27,5.39,5.19,56409,49492020.00,3.85,1.35,0.07,3.31
2013-08-01,5.24,5.54,5.60,5.24,116844,106202977.00,6.83,5.12,0.27,6.85
2013-08-02,5.64,5.58,5.77,5.54,134886,126134716.00,4.15,0.72,0.04,7.91
2013-08-05,5.62,5.53,5.69,5.49,102961,94801305.00,3.58,-0.90,-0.05,6.04
2013-08-06,5.51,5.61,5.69,5.50,100287,92998036.00,3.44,1.45,0.08,5.88
2013-08-07,5.59,5.34,5.59,5.29,103077,92369125.00,5.35,-4.81,-0.27,6.04
2013-08-08,5.30,5.32,5.44,5.25,51461,45593577.00,3.56,-0.37,-0.02,3.02
2013-08-09,5.32,5.23,5.39,5.11,73350,63766748.00,5.26,-1.69,-0.09,4.30
2013-08-12,5.25,5.23,5.29,5.12,52770,45538302.00,3.25,0.00,0.00,3.09
2013-08-13,5.12,5.29,5.32,5.12,38478,33539473.00,3.82,1.15,0.06,2.26
2013-08-14,5.39,5.30,5.40,5.18,83297,73312717.00,4.16,0.19,0.01,4.88
2013-08-15,5.28,5.24,5.36,5.24,47884,42138631.00,2.26,-1.13,-0.06,2.81
2013-08-16,5.18,5.19,5.41,5.18,68775,60490267.00,4.39,-0.95,-0.05,4.03
2013-08-19,5.19,5.47,5.49,5.14,92143,82302595.00,6.74,5.39,0.28,5.40
2013-08-20,5.47,5.49,5.55,5.37,78702,71319050.00,3.29,0.37,0.02,4.61
2013-08-21,5.49,6.05,6.05,5.48,129933,127284677.00,10.38,10.20,0.56,7.62
2013-08-22,6.68,6.68,6.68,6.68,191953,211148641.00,0.00,10.41,0.63,11.25
2013-08-23,6.49,6.30,6.49,6.04,350065,363421792.00,6.74,-5.69,-0.38,20.52
2013-08-26,6.40,6.57,6.72,6.21,319618,342677088.00,8.10,4.29,0.27,18.74
2013-08-27,6.45,6.47,6.54,6.26,167559,176763326.00,4.26,-1.52,-0.10,9.82
2013-08-28,6.46,6.08,6.46,6.06,159330,164407135.00,6.18,-6.03,-0.39,9.34
2013-08-29,6.09,6.60,6.68,6.09,193271,203842559.00,9.70,8.55,0.52,11.33
2013-08-30,6.55,6.10,6.55,6.05,174899,180757799.00,7.58,-7.58,-0.50,10.25
2013-09-02,6.04,6.14,6.29,5.93,66622,67479202.00,5.90,0.66,0.04,3.91
2013-09-03,6.09,6.24,6.38,6.09,63909,66028061.00,4.72,1.63,0.10,3.75
2013-09-04,6.23,6.12,6.28,6.10,60200,61283958.00,2.88,-1.92,-0.12,3.53
2013-09-05,6.09,6.24,6.41,6.06,82002,85018191.00,5.72,1.96,0.12,4.81
2013-09-06,6.24,6.38,6.53,6.19,88042,92528045.00,5.45,2.24,0.14,5.16
2013-09-09,6.43,6.31,6.55,6.25,86163,90380849.00,4.70,-1.10,-0.07,5.05
2013-09-10,6.27,6.15,6.35,6.12,71801,73568937.00,3.65,-2.54,-0.16,4.21
2013-09-11,6.12,5.76,6.15,5.72,105191,102555709.00,6.99,-6.34,-0.39,6.17
2013-09-12,5.75,5.72,5.88,5.65,55685,53186300.00,3.99,-0.69,-0.04,3.26
2013-09-13,5.70,5.80,5.87,5.65,45130,43200942.00,3.85,1.40,0.08,2.65
2013-09-16,5.84,5.87,5.98,5.82,47747,46497211.00,2.76,1.21,0.07,2.80
2013-09-17,5.84,5.84,6.06,5.82,56307,55329983.00,4.09,-0.51,-0.03,3.30
2013-09-18,5.84,5.96,6.01,5.77,48010,46755776.00,4.11,2.05,0.12,2.81
2013-09-23,6.00,6.19,6.25,5.89,96024,96569912.00,6.04,3.86,0.23,5.63
2013-09-24,6.20,6.43,6.54,6.00,144570,149619214.00,8.72,3.88,0.24,8.47
2013-09-25,6.37,6.21,6.40,6.19,88709,92205078.00,3.27,-3.42,-0.22,5.20
2013-09-26,6.34,6.18,6.58,6.15,96125,100775597.00,6.92,-0.48,-0.03,5.63
2013-09-27,6.05,6.22,6.30,6.05,47421,48366662.00,4.05,0.65,0.04,2.78
2013-09-30,6.23,6.33,6.40,6.14,70394,73123768.00,4.18,1.77,0.11,4.13
2013-10-08,6.40,6.52,6.55,6.29,106773,113329468.00,4.11,3.00,0.19,6.26
2013-10-09,6.49,6.97,7.18,6.49,276859,319265984.00,10.58,6.90,0.45,16.23
2013-10-10,6.87,6.77,6.97,6.55,145585,163038754.00,6.03,-2.87,-0.20,8.53
2013-10-11,6.78,7.13,7.16,6.78,149150,171254903.00,5.61,5.32,0.36,8.74
2013-10-14,7.20,7.37,7.55,7.07,159927,191432023.00,6.73,3.37,0.24,9.38
2013-10-15,7.23,7.40,7.48,7.10,114778,138155926.00,5.16,0.41,0.03,6.73
2013-10-16,7.37,7.09,7.37,6.90,121753,142486521.00,6.35,-4.19,-0.31,7.14
2013-10-17,7.09,6.87,7.18,6.80,58862,67591098.00,5.36,-3.10,-0.22,3.45
2013-10-18,6.91,7.00,7.14,6.77,65061,74458110.00,5.39,1.89,0.13,3.81
2013-10-21,7.05,7.26,7.26,6.99,68192,80384065.00,3.86,3.71,0.26,4.00
2013-10-22,7.27,6.93,7.33,6.87,99585,115515513.00,6.34,-4.55,-0.33,5.84
2013-10-23,6.88,6.62,6.90,6.34,83941,90957358.00,8.08,-4.47,-0.31,4.92
2013-10-24,6.46,6.57,6.62,6.33,48453,51556702.00,4.38,-0.76,-0.05,2.84
2013-10-25,6.57,6.41,6.57,6.30,39322,41431670.00,4.11,-2.44,-0.16,2.31
2013-10-28,6.43,6.37,6.46,6.32,18130,19057054.00,2.18,-0.62,-0.04,1.06
2013-10-29,6.40,5.82,6.46,5.72,68560,67661254.00,11.62,-8.63,-0.55,4.02
2013-10-30,5.80,5.98,6.03,5.69,26599,25929627.00,5.84,2.75,0.16,1.56
2013-10-31,5.97,5.90,6.01,5.77,35273,34432856.00,4.01,-1.34,-0.08,2.07
2013-11-01,5.87,5.66,5.90,5.64,32577,30890049.00,4.41,-4.07,-0.24,1.91
2013-11-04,5.66,5.96,6.09,5.66,45344,44276129.00,7.60,5.30,0.30,2.66
2013-11-05,5.95,6.08,6.09,5.84,29898,29619399.00,4.19,2.01,0.12,1.75
2013-11-06,6.10,5.95,6.22,5.93,32198,32317018.00,4.77,-2.14,-0.13,1.89
2013-11-07,5.96,5.95,6.03,5.88,15674,15384392.00,2.52,0.00,0.00,0.92
2013-11-08,5.93,5.81,5.93,5.73,20230,19457571.00,3.36,-2.35,-0.14,1.19
2013-11-11,5.81,5.90,5.95,5.75,14061,13603778.00,3.44,1.55,0.09,0.82
2013-11-12,5.90,5.92,5.98,5.84,21897,21402874.00,2.37,0.34,0.02,1.28
2013-11-13,5.98,6.07,6.21,5.90,79282,79426734.00,5.24,2.53,0.15,4.65
2013-11-14,5.97,6.16,6.33,5.87,95633,96331597.00,7.58,1.48,0.09,5.61
2013-11-15,6.38,6.30,6.49,6.22,121571,127018396.00,4.38,2.27,0.14,7.13
2013-11-18,6.25,6.27,6.32,6.17,116222,119693632.00,2.38,-0.48,-0.03,6.81
2013-11-19,6.24,6.53,6.67,6.21,141137,150451082.00,7.34,4.15,0.26,8.27
2013-11-20,6.43,6.57,6.65,6.43,107533,115864278.00,3.37,0.61,0.04,6.30
2013-11-21,6.52,6.65,6.73,6.45,78814,85914315.00,4.26,1.22,0.08,4.62
2013-11-22,6.64,6.44,6.64,6.36,62590,66952553.00,4.21,-3.16,-0.21,3.67
2013-11-25,6.39,6.39,6.45,6.27,56418,59115444.00,2.80,-0.78,-0.05,3.31
2013-11-26,6.40,6.76,6.80,6.34,122441,134104654.00,7.20,5.79,0.37,7.18
2013-11-27,6.87,6.99,7.17,6.85,207313,238920394.00,4.73,3.40,0.23,12.15
2013-11-28,7.05,6.89,7.07,6.82,111821,127510740.00,3.58,-1.43,-0.10,6.56
2013-11-29,6.92,7.21,7.24,6.92,146415,170697258.00,4.64,4.64,0.32,8.58
2013-12-02,6.71,6.47,6.99,6.47,149433,165085401.00,7.21,-10.26,-0.74,8.76
2013-12-03,6.30,6.66,6.72,6.23,74800,79630585.00,7.57,2.94,0.19,4.38
2013-12-04,6.52,6.62,6.83,6.52,60370,66794419.00,4.65,-0.60,-0.04,3.54
2013-12-05,6.73,6.22,6.73,6.12,110108,114710796.00,9.21,-6.04,-0.40,6.45
2013-12-06,6.20,6.13,6.35,6.05,45301,45989595.00,4.82,-1.45,-0.09,2.66
2013-12-09,6.12,6.25,6.28,6.10,35717,36578574.00,2.94,1.96,0.12,2.09
2013-12-10,6.25,6.13,6.26,6.07,56225,56867976.00,3.04,-1.92,-0.12,3.30
2013-12-11,6.13,6.17,6.20,6.05,32318,32636426.00,2.45,0.65,0.04,1.89
2013-12-12,6.16,6.24,6.26,6.12,28419,29175948.00,2.27,1.13,0.07,1.67
2013-12-13,6.18,6.22,6.30,6.16,22816,23472859.00,2.24,-0.32,-0.02,1.34
2013-12-16,6.19,6.05,6.24,6.03,32077,32326030.00,3.38,-2.73,-0.17,1.88
2013-12-17,6.05,6.02,6.12,5.93,20231,20106924.00,3.14,-0.50,-0.03,1.19
2013-12-18,6.02,6.02,6.05,5.93,22559,22272732.00,1.99,0.00,0.00,1.32
2013-12-19,6.02,6.04,6.14,6.02,17929,17995143.00,1.99,0.33,0.02,1.05
2013-12-20,6.10,5.92,6.10,5.90,15564,15328184.00,3.31,-1.99,-0.12,0.91
2013-12-23,5.92,5.81,5.96,5.76,12971,12530742.00,3.38,-1.86,-0.11,0.76
2013-12-24,5.88,5.90,6.01,5.80,22206,21659993.00,3.61,1.55,0.09,1.30
2013-12-25,5.93,6.12,6.15,5.89,26447,26444607.00,4.41,3.73,0.22,1.55