2003-01-02,2.04,2.00,2.05,1.97,4086,3087586.00,3.92,-1.96,-0.04,0.30
2003-01-03,1.99,2.03,2.03,1.99,3417,2579997.75,2.00,1.50,0.03,0.25
2003-01-06,2.04,2.17,2.19,2.04,26676,21050036.00,7.39,6.90,0.14,1.97
2003-01-07,2.19,2.32,2.35,2.19,65234,53562828.00,7.37,6.91,0.15,4.83
2003-01-08,2.32,2.38,2.38,2.29,46816,39102200.00,3.88,2.59,0.06,3.46
2003-01-09,2.38,2.47,2.48,2.35,62164,52931940.00,5.46,3.78,0.09,4.60
2003-01-10,2.51,2.48,2.81,2.47,182944,163749664.00,13.77,0.40,0.01,13.53
2003-01-13,2.45,2.43,2.47,2.36,60240,51265036.00,4.44,-2.02,-0.05,4.46
2003-01-14,2.41,2.53,2.64,2.37,96002,84070136.00,11.11,4.12,0.10,7.10
2003-01-15,2.54,2.45,2.55,2.41,46281,40083260.00,5.53,-3.16,-0.08,3.42
2003-01-16,2.45,2.49,2.53,2.41,31306,27158168.00,4.90,1.63,0.04,2.32
2003-01-17,2.49,2.45,2.51,2.41,27568,23663408.00,4.02,-1.61,-0.04,2.04
2003-01-20,2.35,2.32,2.38,2.25,77032,63688572.00,5.31,-5.31,-0.13,5.70
2003-01-21,2.29,2.29,2.35,2.27,73779,60974168.00,3.45,-1.29,-0.03,5.46
2003-01-27,2.29,2.30,2.35,2.27,56884,47057696.00,3.49,0.44,0.01,4.21
2003-01-28,2.31,2.35,2.38,2.28,55079,45928092.00,4.35,2.17,0.05,4.07
2003-01-29,2.35,2.34,2.38,2.33,35030,29390404.00,2.13,-0.43,-0.01,2.59
2003-02-10,2.33,2.34,2.38,2.30,24552,20534510.00,3.42,0.00,0.00,1.82
2003-02-11,2.36,2.47,2.48,2.35,53167,45590928.00,5.56,5.56,0.13,3.93
2003-02-12,2.47,2.44,2.51,2.41,45868,39442060.00,4.05,-1.21,-0.03,3.39
2003-02-13,2.44,2.36,2.44,2.36,46365,39409688.00,3.28,-3.28,-0.08,3.43
2003-02-14,2.36,2.35,2.39,2.34,33322,27995596.00,2.12,-0.42,-0.01,2.47
2003-02-17,2.29,2.30,2.35,2.28,448386,371049472.00,2.98,-2.13,-0.05,18.17
2003-02-18,2.29,2.38,2.38,2.28,128939,107427720.00,4.35,3.48,0.08,5.23
2003-02-19,2.38,2.39,2.40,2.35,84749,71501136.00,2.10,0.42,0.01,3.43
2003-02-20,2.38,2.38,2.40,2.37,52054,44032468.00,1.26,-0.42,-0.01,2.11
2003-02-21,2.38,2.29,2.39,2.28,92504,76895056.00,4.62,-3.78,-0.09,3.75
2003-02-24,2.29,2.30,2.33,2.29,19144,15835221.00,1.75,0.44,0.01,0.78
2003-02-25,2.30,2.36,2.38,2.30,58336,48849612.00,3.48,2.61,0.06,2.36
2003-02-26,2.36,2.34,2.37,2.31,18899,15764367.00,2.54,-0.85,-0.02,0.77
2003-02-27,2.34,2.32,2.35,2.30,28826,23935574.00,2.14,-0.85,-0.02,1.17
2003-02-28,2.30,2.31,2.33,2.29,18712,15485429.00,1.72,-0.43,-0.01,0.76
2003-03-03,2.31,2.43,2.45,2.30,73777,62407436.00,6.49,5.19,0.12,2.99
2003-03-04,2.42,2.39,2.42,2.37,51771,43751956.00,2.06,-1.65,-0.04,2.10
2003-03-05,2.38,2.40,2.43,2.36,34783,29462268.00,2.93,0.42,0.01,1.41
2003-03-06,2.40,2.45,2.47,2.38,119308,102077816.00,3.75,2.08,0.05,4.83
2003-03-07,2.45,2.46,2.52,2.45,132303,114991864.00,2.86,0.41,0.01,5.36
2003-03-10,2.46,2.37,2.48,2.36,47797,40676784.00,4.88,-3.66,-0.09,1.94
2003-03-11,2.35,2.38,2.39,2.35,16380,13819610.00,1.69,0.42,0.01,0.66
2003-03-12,2.38,2.49,2.49,2.37,61358,52707692.00,5.04,4.62,0.11,2.49
2003-03-13,2.50,2.45,2.51,2.45,42262,36717680.00,2.41,-1.61,-0.04,1.71
2003-03-14,2.45,2.53,2.55,2.44,83052,72818144.00,4.49,3.27,0.08,3.37
2003-03-17,2.53,2.62,2.62,2.50,132601,118742184.00,4.74,3.56,0.09,5.37
2003-03-18,2.63,2.59,2.64,2.58,84539,75914104.00,2.29,-1.15,-0.03,3.43
2003-03-19,2.58,2.63,2.63,2.52,65959,58804224.00,4.25,1.54,0.04,2.67
2003-03-20,2.64,2.58,2.65,2.53,43917,39400228.00,4.56,-1.90,-0.05,1.78
2003-03-21,2.59,2.64,2.66,2.55,54222,48792804.00,4.26,2.33,0.06,2.20
2003-03-24,2.64,2.63,2.68,2.60,29119,26350318.00,3.03,-0.38,-0.01,1.18
2003-03-25,2.62,2.55,2.63,2.55,40815,36293032.00,3.04,-3.04,-0.08,1.65
2003-03-26,2.53,2.52,2.56,2.50,32775,28813608.00,2.35,-1.18,-0.03,1.33
2003-03-27,2.51,2.65,2.70,2.51,45836,41198044.00,7.54,5.16,0.13,1.86
2003-03-28,2.65,2.68,2.73,2.62,86860,79609128.00,4.15,1.13,0.03,3.52
2003-03-31,2.68,2.75,2.78,2.68,55973,52019832.00,3.73,2.61,0.07,2.27
2003-04-01,2.75,2.74,2.76,2.70,46600,43285016.00,2.18,-0.36,-0.01,1.89
2003-04-02,2.72,2.77,2.81,2.72,55152,51781756.00,3.28,1.09,0.03,2.23
2003-04-04,2.76,2.77,2.78,2.69,56634,52557436.00,3.25,0.00,0.00,2.30
2003-04-07,2.77,2.76,2.78,2.71,41027,38246128.00,2.53,-0.36,-0.01,1.66
2003-04-08,2.76,2.87,2.92,2.75,82452,79214368.00,6.16,3.99,0.11,3.34
2003-04-09,2.88,3.00,3.02,2.84,103976,101346328.00,6.27,4.53,0.13,4.21
2003-04-10,3.00,2.96,3.11,2.96,121406,121478488.00,5.00,-1.33,-0.04,4.92
2003-04-11,2.97,3.14,3.17,2.96,150865,153188320.00,7.09,6.08,0.18,6.11
2003-04-14,3.16,3.48,3.55,3.16,285391,309000384.00,12.42,10.83,0.34,11.57
2003-04-15,3.49,3.94,3.94,3.49,337539,397816800.00,12.93,13.22,0.46,13.68
2003-04-16,4.05,4.03,4.32,3.86,411310,513676480.00,11.68,2.28,0.09,16.67
2003-04-17,4.27,3.80,4.28,3.73,324390,396313152.00,13.65,-5.71,-0.23,13.15
2003-04-18,3.82,3.54,3.88,3.43,305015,345865824.00,11.84,-6.84,-0.26,12.36
2003-04-21,3.49,3.62,3.65,3.46,182153,205865136.00,5.37,2.26,0.08,7.38
2003-04-22,3.63,3.48,3.65,3.46,88207,98926456.00,5.25,-3.87,-0.14,3.57
2003-04-23,3.46,3.23,3.46,3.20,196521,209825760.00,7.47,-7.18,-0.25,7.96
2003-04-24,3.36,3.30,3.39,3.18,208793,221826400.00,6.50,2.17,0.07,8.46
2003-04-25,3.29,3.20,3.32,3.13,118135,123526136.00,5.76,-3.03,-0.10,4.79
2003-04-28,3.20,3.55,3.56,3.13,180977,196849376.00,13.44,10.94,0.35,7.33
2003-04-29,3.53,3.41,3.53,3.36,155507,171140656.00,4.79,-3.94,-0.14,6.30
2003-04-30,3.37,3.63,3.68,3.37,208671,236745392.00,9.09,6.45,0.22,8.46
2003-05-12,3.69,3.91,3.93,3.66,280900,334587040.00,7.44,7.71,0.28,11.38
2003-05-13,3.90,4.02,4.24,3.79,406018,502237760.00,11.51,2.81,0.11,16.45
2003-05-14,3.99,4.08,4.11,3.80,181499,223727728.00,7.71,1.49,0.06,7.35
2003-05-15,4.08,4.12,4.30,4.05,211933,269789120.00,6.13,0.98,0.04,8.59
2003-05-16,4.12,4.06,4.15,4.02,113510,141940048.00,3.16,-1.46,-0.06,4.60
2003-05-19,4.09,3.99,4.19,3.97,117953,146334640.00,5.42,-1.72,-0.07,4.78
2003-05-20,3.99,4.15,4.18,3.95,166506,209086112.00,5.76,4.01,0.16,6.75
2003-05-21,4.18,4.11,4.27,4.09,128836,164136976.00,4.34,-0.96,-0.04,5.22
2003-05-22,4.11,4.24,4.25,4.09,101150,128904776.00,3.89,3.16,0.13,4.10
2003-05-23,4.29,4.54,4.70,4.29,246904,333850176.00,9.67,7.08,0.30,10.01
2003-05-26,4.55,4.60,4.65,4.48,120973,165476112.00,3.74,1.32,0.06,4.90
2003-05-27,4.57,4.51,4.58,4.40,131203,176966272.00,3.91,-1.96,-0.09,5.32
2003-05-28,4.53,4.54,4.64,4.47,92043,125533416.00,3.77,0.67,0.03,3.73
2003-05-29,4.54,4.59,4.60,4.32,122237,163794320.00,6.17,1.10,0.05,4.95
2003-05-30,4.61,4.54,4.63,4.49,79808,109069192.00,3.05,-1.09,-0.05,3.23
2003-06-02,4.52,4.30,4.52,4.24,127160,167605808.00,6.17,-5.29,-0.24,5.15
2003-06-03,4.30,4.30,4.42,4.27,82286,107993664.00,3.49,0.00,0.00,3.33
2003-06-04,4.30,4.45,4.59,4.24,118787,158665056.00,8.14,3.49,0.15,4.81
2003-06-05,4.43,4.28,4.45,4.27,59331,77924960.00,4.04,-3.82,-0.17,2.40
2003-06-06,4.27,4.11,4.30,4.11,71479,91601736.00,4.44,-3.97,-0.17,2.90
2003-06-09,4.07,4.03,4.17,4.01,49178,61606352.00,3.89,-1.95,-0.08,1.99
2003-06-10,4.03,4.06,4.14,4.03,28219,35319428.00,2.73,0.74,0.03,1.14
2003-06-11,4.08,4.38,4.41,4.06,136631,178257952.00,8.62,7.88,0.32,5.54
2003-06-12,4.42,4.50,4.50,4.34,125706,168561408.00,3.65,2.74,0.12,5.09
2003-06-13,4.51,4.47,4.57,4.41,80839,109391240.00,3.56,-0.67,-0.03,3.28
2003-06-16,4.48,4.41,4.52,4.37,45245,60411688.00,3.36,-1.34,-0.06,1.83
2003-06-17,4.41,4.35,4.47,4.31,32287,42836300.00,3.63,-1.36,-0.06,1.31
2003-06-18,4.35,4.36,4.44,4.33,26840,35500608.00,2.53,0.23,0.01,1.09
2003-06-19,4.40,4.20,4.41,4.15,48016,61920848.00,5.96,-3.67,-0.16,1.95
2003-06-20,4.19,4.13,4.26,4.09,34606,44038268.00,4.05,-1.67,-0.07,1.40
2003-06-23,4.11,4.17,4.24,4.09,30274,38646116.00,3.63,0.97,0.04,1.23
2003-06-24,4.19,4.23,4.32,4.18,43009,55710224.00,3.36,1.44,0.06,1.74
2003-06-25,4.24,4.15,4.27,4.12,19339,24694742.00,3.55,-1.89,-0.08,0.78
2003-06-26,4.12,4.13,4.19,3.95,47208,59200748.00,5.78,-0.48,-0.02,1.91
2003-06-27,4.15,3.94,4.17,3.94,41670,51584000.00,5.57,-4.60,-0.19,1.69
2003-06-30,3.90,3.93,3.98,3.78,36180,43652916.00,5.08,-0.25,-0.01,1.47
2003-07-01,4.03,4.06,4.13,3.90,52932,66206080.00,5.85,3.31,0.13,2.14
2003-07-02,4.08,4.19,4.20,4.03,42159,53297336.00,4.19,3.20,0.13,1.71
2003-07-03,4.20,4.20,4.28,4.18,44251,56909052.00,2.39,0.24,0.01,1.79
2003-07-04,4.22,4.18,4.25,4.16,30382,38911568.00,2.14,-0.48,-0.02,1.23
2003-07-07,4.19,4.24,4.27,4.14,28437,36503252.00,3.11,1.44,0.06,1.15
2003-07-08,4.26,4.33,4.40,4.26,51512,67837464.00,3.30,2.12,0.09,2.09
2003-07-09,4.36,4.26,4.36,4.24,34290,44574948.00,2.77,-1.62,-0.07,1.39
2003-07-10,4.25,4.40,4.43,4.24,58988,78104072.00,4.46,3.29,0.14,2.39
2003-07-11,4.40,4.35,4.42,4.35,26267,34737560.00,1.59,-1.14,-0.05,1.06
2003-07-14,4.36,4.33,4.40,4.32,21741,28634734.00,1.84,-0.46,-0.02,0.88
2003-07-15,4.33,4.35,4.44,4.33,37605,49842364.00,2.54,0.46,0.02,1.52
2003-07-16,4.38,4.42,4.43,4.36,38021,50562180.00,1.61,1.61,0.07,1.54
2003-07-17,4.43,4.43,4.55,4.38,61526,83010976.00,3.85,0.23,0.01,2.49
2003-07-18,4.43,4.16,4.43,4.12,93171,120411848.00,7.00,-6.09,-0.27,3.78
2003-07-21,4.12,4.15,4.18,4.04,58815,73837544.00,3.37,-0.24,-0.01,2.38
2003-07-22,4.20,4.10,4.26,4.04,36214,45779488.00,5.30,-1.20,-0.05,1.47
2003-07-23,4.15,4.19,4.23,4.07,26882,34211300.00,3.90,2.20,0.09,1.09
2003-07-24,4.20,4.14,4.20,4.12,13008,16563281.00,1.91,-1.19,-0.05,0.53
2003-07-25,4.13,4.05,4.17,3.99,31159,38912984.00,4.35,-2.17,-0.09,1.26
2003-07-28,4.03,4.12,4.14,3.99,18892,23618630.00,3.70,1.73,0.07,0.77
2003-07-29,4.09,4.10,4.15,4.06,17086,21504812.00,2.18,-0.49,-0.02,0.69
2003-07-30,4.10,4.07,4.13,4.03,13849,17349974.00,2.44,-0.73,-0.03,0.56
2003-07-31,4.07,4.17,4.22,4.06,31500,40158612.00,3.93,2.46,0.10,1.28
2003-08-01,4.18,4.28,4.31,4.18,60310,78246352.00,3.12,2.64,0.11,2.44
2003-08-04,4.28,4.32,4.33,4.24,41565,54165324.00,2.10,0.93,0.04,1.68
2003-08-05,4.34,4.26,4.36,4.22,45756,59413360.00,3.24,-1.39,-0.06,1.85
2003-08-06,4.36,4.23,4.36,4.19,113670,147588624.00,3.99,-0.70,-0.03,4.61
2003-08-07,4.24,4.24,4.32,4.23,42840,55658872.00,2.13,0.24,0.01,1.74
2003-08-08,4.24,4.07,4.27,4.04,65522,82521184.00,5.42,-4.01,-0.17,2.66
2003-08-11,4.05,4.05,4.07,3.98,25787,31999160.00,2.21,-0.49,-0.02,1.04
2003-08-12,4.04,4.10,4.13,4.02,16808,21091746.00,2.72,1.23,0.05,0.68
2003-08-13,4.11,4.03,4.11,4.02,13574,16871166.00,2.20,-1.71,-0.07,0.55
2003-08-14,4.03,3.95,4.06,3.93,26567,32720840.00,3.23,-1.99,-0.08,1.08
2003-08-15,3.90,3.83,3.94,3.82,45402,54443140.00,3.04,-3.04,-0.12,1.84
2003-08-18,3.79,3.74,3.82,3.69,38151,44691340.00,3.39,-2.35,-0.09,1.55
2003-08-19,3.72,3.78,3.81,3.70,16673,19630904.00,2.94,1.07,0.04,0.68
2003-08-20,3.78,3.73,3.79,3.68,16947,19715494.00,2.91,-1.32,-0.05,0.69
2003-08-21,3.73,3.64,3.76,3.64,22965,26527882.00,3.22,-2.41,-0.09,0.93
2003-08-22,3.61,3.59,3.67,3.58,24420,27881368.00,2.47,-1.37,-0.05,0.99
2003-08-25,3.54,3.70,3.73,3.48,48128,54762040.00,6.96,3.06,0.11,1.95
2003-08-26,3.68,3.69,3.75,3.63,21950,25437190.00,3.24,-0.27,-0.01,0.89
2003-08-27,3.70,3.70,3.75,3.69,11181,13010471.00,1.63,0.27,0.01,0.45
2003-08-28,3.74,3.66,3.76,3.65,14860,17328058.00,2.97,-1.08,-0.04,0.60
2003-08-29,3.65,3.72,3.73,3.55,16371,18786378.00,4.92,1.64,0.06,0.66
2003-09-01,3.72,3.83,3.83,3.70,28698,33769392.00,3.49,2.96,0.11,1.16
2003-09-02,3.83,3.78,3.85,3.74,31400,37259804.00,2.87,-1.31,-0.05,1.27
2003-09-03,3.78,3.79,3.83,3.76,17023,20111836.00,1.85,0.26,0.01,0.69
2003-09-04,3.81,3.79,3.88,3.76,30676,36517444.00,3.17,0.00,0.00,1.24
2003-09-05,3.78,3.69,3.78,3.61,26320,30512800.00,4.49,-2.64,-0.10,1.07
2003-09-09,3.65,3.52,3.65,3.50,33844,38118716.00,4.07,-4.61,-0.17,1.37
2003-09-10,3.48,3.50,3.55,3.47,17933,20013778.00,2.27,-0.57,-0.02,0.73
2003-09-11,3.55,3.73,3.84,3.53,54627,64001100.00,8.86,6.57,0.23,2.21
2003-09-12,3.76,3.75,3.80,3.72,31518,36993380.00,2.14,0.54,0.02,1.28
2003-09-15,3.73,3.74,3.81,3.73,23395,27478658.00,2.13,-0.27,-0.01,0.95
2003-09-16,3.76,3.66,3.78,3.59,31032,35765264.00,5.08,-2.14,-0.08,1.26
2003-09-17,3.64,3.50,3.64,3.49,34448,25245044.00,4.10,-4.37,-0.16,0.93
2003-09-18,3.49,3.36,3.49,3.34,44522,31300410.00,4.29,-4.00,-0.14,1.20
2003-09-19,3.35,3.34,3.42,3.30,22515,15737014.00,3.57,-0.60,-0.02,0.61
2003-09-22,3.36,3.19,3.36,3.16,46045,31209894.00,5.99,-4.49,-0.15,1.24
2003-09-23,3.18,3.26,3.27,3.12,31238,21047442.00,4.70,2.19,0.07,0.84
2003-09-24,3.27,3.30,3.36,3.25,26879,18572786.00,3.37,1.23,0.04,0.73
2003-09-25,3.30,3.18,3.31,3.18,17880,12122834.00,3.94,-3.64,-0.12,0.48
2003-09-26,3.18,3.16,3.21,3.14,14665,9812245.00,2.20,-0.63,-0.02,0.40
2003-09-29,3.14,3.16,3.21,3.13,20160,13488434.00,2.53,0.00,0.00,0.54
2003-09-30,3.16,3.23,3.27,3.15,21117,14268587.00,3.80,2.22,0.07,0.57
2003-10-08,3.23,3.32,3.33,3.21,19681,13573675.00,3.72,2.79,0.09,0.53
2003-10-09,3.32,3.28,3.33,3.25,17701,12194976.00,2.41,-1.20,-0.04,0.48
2003-10-10,3.26,3.41,3.43,3.26,42517,29813642.00,5.18,3.96,0.13,1.15
2003-10-13,3.44,3.44,3.51,3.41,34727,24833414.00,2.93,0.88,0.03,0.94
2003-10-14,3.44,3.51,3.68,3.44,41044,29761080.00,6.98,2.03,0.07,1.11
2003-10-15,3.49,3.60,3.63,3.49,61036,44786340.00,3.99,2.56,0.09,1.65
2003-10-16,3.58,3.53,3.67,3.49,54232,39772236.00,5.00,-1.94,-0.07,1.47
2003-10-17,3.53,3.53,3.58,3.48,27178,19769156.00,2.83,0.00,0.00,0.73
2003-10-20,3.52,3.61,3.66,3.48,43569,32006732.00,5.10,2.27,0.08,1.18
2003-10-21,3.61,3.69,3.70,3.59,48078,35927288.00,3.05,2.22,0.08,1.30
2003-10-22,3.71,4.00,4.10,3.71,206155,163952784.00,10.57,8.40,0.31,5.57
2003-10-23,4.00,4.00,4.09,3.98,137616,111177464.00,2.75,0.00,0.00,3.72
2003-10-24,4.05,4.13,4.16,3.93,161972,131862152.00,5.75,3.25,0.13,4.38
2003-10-27,4.16,4.17,4.26,3.99,155677,128328624.00,6.54,0.97,0.04,4.21
2003-10-28,4.15,4.18,4.21,4.05,97833,80617952.00,3.84,0.24,0.01,2.64
2003-10-29,4.18,4.06,4.21,4.00,111945,91524664.00,5.02,-2.87,-0.12,3.02
2003-10-30,4.02,4.04,4.10,4.01,83583,67771248.00,2.22,-0.49,-0.02,2.26
2003-10-31,4.04,3.99,4.13,3.90,104478,83902920.00,5.69,-1.24,-0.05,2.82
2003-11-03,3.97,4.14,4.19,3.91,101771,82830496.00,7.02,3.76,0.15,2.75
2003-11-04,4.14,4.39,4.66,4.14,371543,321269824.00,12.56,6.04,0.25,10.04
2003-11-05,4.38,4.44,4.48,4.31,151513,131206232.00,3.87,1.14,0.05,4.09
2003-11-06,4.44,4.37,4.47,4.28,112888,97150680.00,4.28,-1.58,-0.07,3.05
2003-11-07,4.33,4.21,4.39,4.21,118544,100566640.00,4.12,-3.66,-0.16,3.20
2003-11-10,4.18,4.34,4.35,4.16,56856,47770200.00,4.51,3.09,0.13,1.54
2003-11-11,4.35,4.34,4.42,4.21,78470,66930940.00,4.84,0.00,0.00,2.12
2003-11-12,4.31,4.21,4.31,4.18,48886,41060544.00,3.00,-3.00,-0.13,1.32
2003-11-13,4.18,4.21,4.30,4.13,38043,31888292.00,4.04,0.00,0.00,1.03
2003-11-14,4.21,4.23,4.29,4.16,31242,26179082.00,3.09,0.48,0.02,0.84
2003-11-17,4.24,4.26,4.32,4.23,31280,26430020.00,2.13,0.71,0.03,0.85
2003-11-18,4.25,4.09,4.25,4.09,51198,42337724.00,3.76,-3.99,-0.17,1.38
2003-11-19,4.05,4.14,4.19,4.03,52668,43133528.00,3.91,1.22,0.05,1.42
2003-11-20,4.14,4.19,4.26,4.06,72669,60215764.00,4.83,1.21,0.05,1.96
2003-11-21,4.19,4.24,4.54,4.16,139468,119036072.00,9.07,1.19,0.05,3.77
2003-11-24,4.24,4.35,4.38,4.21,81142,69239392.00,4.01,2.59,0.11,2.19
2003-11-25,4.38,4.30,4.39,4.23,102464,86893408.00,3.68,-1.15,-0.05,2.77
2003-11-26,4.30,4.43,4.44,4.24,130188,112112912.00,4.65,3.02,0.13,3.52
2003-11-27,4.44,4.43,4.54,4.40,145245,127328192.00,3.16,0.00,0.00,3.92
2003-11-28,4.43,4.46,4.53,4.43,56167,49264428.00,2.26,0.68,0.03,1.52
2003-12-01,4.46,4.60,4.63,4.43,140352,125246408.00,4.48,3.14,0.14,3.79
2003-12-02,4.61,4.74,4.79,4.61,170936,156345200.00,3.91,3.04,0.14,4.62
2003-12-03,4.75,4.90,4.99,4.75,178935,169215536.00,5.06,3.38,0.16,4.83
2003-12-04,4.93,5.17,5.36,4.91,311022,307342688.00,9.18,5.51,0.27,8.40
2003-12-05,5.19,5.27,5.30,5.05,189711,186955104.00,4.84,1.93,0.10,5.13
2003-12-08,5.27,5.11,5.30,4.93,180689,177433440.00,7.02,-3.04,-0.16,4.88
2003-12-09,5.08,5.23,5.23,5.03,116096,114636512.00,3.91,2.35,0.12,3.14
2003-12-10,5.23,5.25,5.27,5.16,104637,104343336.00,2.10,0.38,0.02,2.83
2003-12-11,5.27,5.13,5.27,5.12,87165,86178208.00,2.86,-2.29,-0.12,2.35
2003-12-12,5.08,5.07,5.23,5.01,71541,70009232.00,4.29,-1.17,-0.06,1.93
2003-12-15,5.07,5.11,5.16,5.02,41904,40820784.00,2.76,0.79,0.04,1.13
2003-12-16,5.10,5.02,5.11,4.93,82095,78994624.00,3.52,-1.76,-0.09,2.22
2003-12-17,5.02,4.96,5.14,4.96,97477,94597336.00,3.59,-1.20,-0.06,2.63
2003-12-18,4.95,5.22,5.23,4.95,151723,148281360.00,5.65,5.24,0.26,4.10
2003-12-19,5.24,5.43,5.45,5.24,250847,256130272.00,4.02,4.02,0.21,6.78
2003-12-22,5.46,5.49,5.64,5.40,242029,253262256.00,4.42,1.10,0.06,6.54
2003-12-23,5.50,5.51,5.54,5.38,116797,120930872.00,2.91,0.36,0.02,3.16
2003-12-24,5.51,5.52,5.61,5.43,147036,153452624.00,3.27,0.18,0.01,3.97
2003-12-25,5.53,5.50,5.61,5.49,85977,90093960.00,2.17,-0.36,-0.02,2.32
2003-12-26,5.49,5.49,5.51,5.34,125261,129005424.00,3.09,-0.18,-0.01,3.38
2003-12-29,5.43,5.45,5.63,5.38,74330,77750384.00,4.55,-0.73,-0.04,2.01
2003-12-30,5.45,5.55,5.59,5.44,84499,88532336.00,2.75,1.83,0.10,2.28
2003-12-31,5.58,5.76,5.84,5.53,238556,257659264.00,5.59,3.78,0.21,6.44