2023-01-03,7.13,7.35,7.40,7.09,77741,56866995.46,4.34,2.94,0.21,2.11
2023-01-04,7.35,7.37,7.41,7.31,50901,37457643.00,1.36,0.27,0.02,1.38
2023-01-05,7.34,7.38,7.40,7.30,40751,29967809.01,1.36,0.14,0.01,1.11
2023-01-06,7.39,7.35,7.40,7.31,33038,24269335.60,1.22,-0.41,-0.03,0.90
2023-01-09,7.39,7.36,7.43,7.32,31558,23224795.00,1.50,0.14,0.01,0.86
2023-01-10,7.37,7.30,7.37,7.25,25265,18407899.00,1.63,-0.82,-0.06,0.69
2023-01-11,7.33,7.16,7.33,7.15,33584,24224765.00,2.47,-1.92,-0.14,0.91
2023-01-12,7.15,7.12,7.22,7.10,30960,22120761.00,1.68,-0.56,-0.04,0.84
2023-01-13,7.18,7.15,7.18,7.08,20511,14592587.00,1.40,0.42,0.03,0.56
2023-01-16,7.17,7.28,7.33,7.12,37192,26924517.64,2.94,1.82,0.13,1.01
2023-01-17,7.29,7.24,7.32,7.19,31892,23070732.20,1.79,-0.55,-0.04,0.87
2023-01-18,7.29,7.44,7.48,7.21,65120,48089601.55,3.73,2.76,0.20,1.77
2023-01-19,7.62,7.46,7.66,7.33,75968,56488385.38,4.44,0.27,0.02,2.06
2023-01-20,7.44,7.44,7.52,7.38,43115,32028663.00,1.88,-0.27,-0.02,1.17
2023-01-30,7.48,7.49,7.55,7.45,45222,33911772.25,1.34,0.67,0.05,1.23
2023-01-31,7.49,7.52,7.52,7.45,33729,25259168.00,0.93,0.40,0.03,0.92
2023-02-01,7.52,7.59,7.59,7.48,45614,34425977.09,1.46,0.93,0.07,1.24
2023-02-02,7.59,7.57,7.60,7.51,17121,12905034.99,1.19,-0.26,-0.02,0.46