2007-04-18,8.29,8.44,9.28,8.07,414294,1099319619.24,403.33,2713.33,8.14,66.39
2007-04-19,8.74,9.74,9.74,8.48,231102,632228469.69,14.93,15.40,1.30,37.04
2007-04-20,9.86,10.18,10.51,9.28,184400,544921482.01,12.63,4.52,0.44,29.55
2007-04-23,9.91,9.91,10.12,9.56,102660,298939656.11,5.50,-2.65,-0.27,16.45
2007-04-24,10.27,10.52,11.05,10.07,103227,317315331.19,9.89,6.16,0.61,16.54
2007-04-25,10.37,10.28,10.48,9.99,61386,182830903.76,4.66,-2.28,-0.24,9.84
2007-04-26,10.24,10.19,10.26,9.95,37924,112460686.61,3.02,-0.88,-0.09,6.08
2007-04-27,10.20,9.98,10.66,9.77,38690,115090006.77,8.73,-2.06,-0.21,6.20
2007-04-30,10.10,9.72,10.16,9.46,49615,143488449.41,7.01,-2.61,-0.26,7.95
2007-05-08,9.91,10.26,10.36,9.65,61260,180143115.65,7.30,5.56,0.54,9.82
2007-05-09,10.17,9.73,10.26,9.38,39776,115848140.57,8.58,-5.17,-0.53,6.37
2007-05-10,9.70,9.72,9.97,9.43,36250,104174881.95,5.55,-0.10,-0.01,5.81
2007-05-11,9.67,9.35,9.67,9.18,41721,117656288.23,5.04,-3.81,-0.37,6.69
2007-05-14,9.13,9.23,9.48,9.11,37584,105168185.95,3.96,-1.28,-0.12,6.02
2007-05-15,9.29,9.47,9.87,9.18,41152,117638360.37,7.48,2.60,0.24,6.59
2007-05-16,9.33,10.11,10.25,9.18,55888,161912705.10,11.30,6.76,0.64,8.96
2007-05-17,10.11,9.99,10.26,9.92,35231,104303609.67,3.36,-1.19,-0.12,5.65
2007-05-18,10.01,10.07,10.34,9.95,37004,109908697.45,3.90,0.80,0.08,5.93
2007-05-21,9.67,10.66,10.88,9.52,58273,176987990.13,13.51,5.86,0.59,9.34
2007-05-22,10.65,11.20,12.17,10.63,68626,222940250.73,14.45,5.07,0.54,11.00
2007-05-23,11.10,10.92,11.15,10.75,45224,141521462.89,3.57,-2.50,-0.28,7.25
2007-05-24,10.82,10.47,11.15,10.26,45970,140516670.26,8.15,-4.12,-0.45,7.37
2007-05-25,10.51,11.07,11.50,10.37,38528,121502076.23,10.79,5.73,0.60,6.17
2007-05-29,11.65,11.21,11.65,10.96,51528,164953456.82,6.23,1.26,0.14,8.26
2007-05-30,10.25,9.71,10.95,9.64,57321,171599777.82,11.69,-13.38,-1.50,9.19
2007-05-31,9.63,10.09,10.63,8.79,49249,143962126.95,18.95,3.91,0.38,7.89
2007-06-01,10.01,10.51,11.20,9.89,58319,179855663.09,12.98,4.16,0.42,9.35
2007-06-04,10.51,9.53,10.71,9.18,33427,97291668.87,14.56,-9.32,-0.98,5.36
2007-06-05,9.53,10.82,10.83,9.18,52540,155654139.52,17.31,13.54,1.29,8.42
2007-06-06,10.71,12.35,12.35,10.61,124693,418742911.07,16.08,14.14,1.53,19.98
2007-06-07,12.63,12.73,13.22,12.09,108945,381761764.92,9.15,3.08,0.38,17.46
2007-06-08,12.29,13.37,13.96,12.29,71222,255811972.97,13.12,5.03,0.64,11.41
2007-06-11,13.62,14.31,14.75,13.27,44626,169827993.62,11.07,7.03,0.94,7.15
2007-06-12,14.55,14.45,14.90,13.96,53084,203988656.47,6.57,0.98,0.14,8.51
2007-06-13,14.73,14.26,15.00,14.21,39341,151210376.91,5.47,-1.31,-0.19,6.30
2007-06-14,14.24,14.55,14.85,13.91,29074,111555669.96,6.59,2.03,0.29,4.66
2007-06-15,14.46,14.36,14.80,14.12,18971,73175392.60,4.67,-1.31,-0.19,3.04
2007-06-18,14.70,15.94,16.22,14.50,38897,158124499.00,11.98,11.00,1.58,6.23
2007-06-19,15.89,15.63,16.17,15.20,29983,121955283.94,6.09,-1.94,-0.31,4.80
2007-06-20,15.69,14.65,16.06,14.12,23351,94251137.10,12.41,-6.27,-0.98,3.74
2007-06-21,14.51,14.84,15.17,14.21,25980,101243275.68,6.55,1.30,0.19,4.16
2007-06-22,14.85,14.12,14.95,13.47,33112,125410616.04,9.97,-4.85,-0.72,5.31
2007-06-25,13.96,12.99,14.31,12.78,26058,95611771.03,10.84,-8.00,-1.13,4.18
2007-06-26,12.78,13.96,13.96,12.66,26294,96257692.70,10.01,7.47,0.97,4.21
2007-06-27,14.16,14.51,14.79,14.06,25843,99358001.61,5.23,3.94,0.55,4.14
2007-06-28,14.28,13.47,14.46,13.27,20995,78238747.80,8.20,-7.17,-1.04,3.36
2007-06-29,13.22,13.27,13.72,12.54,20206,72163553.70,8.76,-1.48,-0.20,3.24
2007-07-02,12.98,13.72,14.16,12.82,17479,64511097.96,10.10,3.39,0.45,2.80
2007-07-03,13.72,13.86,14.15,13.45,11491,42617414.67,5.10,1.02,0.14,1.84
2007-07-04,13.86,13.70,14.46,13.62,15933,60114535.46,6.06,-1.15,-0.16,2.55
2007-07-05,13.46,13.22,13.61,12.98,16769,60384154.77,4.60,-3.50,-0.48,2.69
2007-07-06,13.22,14.41,14.58,13.22,27689,103461215.18,10.29,9.00,1.19,4.44
2007-07-09,14.64,15.14,15.59,14.41,37059,147053927.26,8.19,5.07,0.73,5.94
2007-07-10,14.95,14.43,15.17,14.21,19339,75238200.19,6.34,-4.69,-0.71,3.10
2007-07-11,14.41,14.60,14.68,14.05,11555,44471749.51,4.37,1.18,0.17,1.85
2007-07-12,14.50,14.16,14.71,13.96,10415,39820499.24,5.14,-3.01,-0.44,1.67
2007-07-13,14.17,13.91,14.58,13.72,13701,51825714.51,6.07,-1.77,-0.25,2.20
2007-07-16,13.91,13.22,13.91,12.97,19775,71442887.04,6.76,-4.96,-0.69,3.17
2007-07-17,13.08,13.49,13.72,13.01,9443,34347549.78,5.37,2.04,0.27,1.51
2007-07-18,13.22,12.98,13.37,12.67,54523,193206497.99,5.19,-3.78,-0.51,6.99
2007-07-19,12.74,12.87,13.07,12.68,16696,58720085.65,3.00,-0.85,-0.11,2.14
2007-07-20,12.87,13.35,13.46,12.62,24426,87427296.22,6.53,3.73,0.48,3.13
2007-07-23,13.38,14.46,14.60,13.38,33840,129128607.85,9.14,8.31,1.11,4.34
2007-07-24,14.57,14.30,15.08,14.21,34026,132669365.19,6.02,-1.11,-0.16,4.36
2007-07-25,14.31,16.19,16.19,14.31,59009,241928854.82,13.15,13.22,1.89,7.57
2007-07-26,17.02,16.67,17.67,16.43,57192,249533853.18,7.66,2.96,0.48,7.33
2007-07-27,16.58,17.54,18.15,16.23,38743,172532019.27,11.52,5.22,0.87,4.97
2007-07-30,16.67,17.78,18.64,16.31,69765,310016451.31,13.28,1.37,0.24,8.94
2007-08-01,17.90,16.28,18.10,16.17,41428,180968700.42,10.85,-8.44,-1.50,5.31
2007-08-02,16.43,17.06,17.65,16.27,31549,137418619.73,8.48,4.79,0.78,4.04
2007-08-03,17.36,17.41,17.89,16.98,40039,178023454.78,5.33,2.05,0.35,5.13
2007-08-06,17.62,17.41,17.90,17.01,32675,145308642.08,5.11,0.00,0.00,4.19
2007-08-07,17.37,18.55,19.09,16.76,49797,228642541.48,13.38,6.55,1.14,6.38
2007-08-08,17.91,17.56,18.49,17.17,27108,122487222.60,7.12,-5.34,-0.99,3.48
2007-08-09,17.71,17.66,18.55,17.42,18432,83607727.89,6.44,0.57,0.10,2.36
2007-08-10,17.66,16.83,17.66,16.21,27920,121231796.20,8.21,-4.70,-0.83,3.58
2007-08-13,16.43,16.38,17.01,16.28,23564,100632567.71,4.34,-2.67,-0.45,3.02
2007-08-14,16.38,16.77,17.09,16.38,19324,83539053.80,4.33,2.38,0.39,2.48
2007-08-15,16.72,16.49,16.97,16.08,21880,93024141.75,5.31,-1.67,-0.28,2.81
2007-08-16,16.43,16.52,17.07,16.14,19285,82698839.59,5.64,0.18,0.03,2.47
2007-08-17,16.23,16.23,16.81,16.18,12883,54613373.65,3.81,-1.76,-0.29,1.65
2007-08-20,16.67,18.24,18.24,16.67,37383,166638989.30,9.67,12.38,2.01,4.79
2007-08-21,18.31,17.93,18.64,17.86,27173,125582697.99,4.28,-1.70,-0.31,3.48
2007-08-22,17.97,17.93,18.40,17.34,20625,94589585.61,5.91,0.00,0.00,2.64
2007-08-23,18.15,18.89,18.89,17.71,33321,154342177.62,6.58,5.35,0.96,4.27
2007-08-24,18.89,18.94,20.12,18.84,33194,160753458.74,6.78,0.26,0.05,4.26
2007-08-27,19.14,18.28,19.22,18.14,25882,120979360.10,5.70,-3.48,-0.66,3.32
2007-08-28,18.16,18.18,19.01,17.51,20447,94194043.06,8.21,-0.55,-0.10,2.62
2007-08-29,18.14,18.01,18.75,17.76,19387,89817737.05,5.45,-0.94,-0.17,2.49
2007-08-30,18.09,18.15,18.49,17.69,13563,61860519.79,4.44,0.78,0.14,1.74
2007-08-31,18.26,18.45,18.87,17.75,21816,101715770.52,6.17,1.65,0.30,2.80
2007-09-03,18.61,20.20,20.75,18.61,63582,318733295.04,11.60,9.49,1.75,8.15
2007-09-04,19.78,19.19,20.13,19.09,24140,117180097.40,5.15,-5.00,-1.01,3.09
2007-09-05,19.19,19.78,20.42,19.09,32707,160993549.70,6.93,3.07,0.59,4.19
2007-09-06,20.27,19.63,20.37,19.51,17854,87973888.57,4.35,-0.76,-0.15,2.29
2007-09-07,19.19,18.55,19.58,18.55,24264,114687848.74,5.25,-5.50,-1.08,3.11
2007-09-10,18.15,19.04,19.19,17.91,14962,69715452.48,6.90,2.64,0.49,1.92
2007-09-11,18.99,17.66,19.90,17.23,19992,94562978.40,14.02,-7.25,-1.38,2.56
2007-09-12,17.66,18.18,18.32,17.66,25134,114641437.33,3.74,2.94,0.52,3.22
2007-09-13,18.15,19.96,20.13,18.15,46406,226892143.64,10.89,9.79,1.78,5.95
2007-09-14,19.96,21.61,21.70,19.63,55731,285460831.20,10.37,8.27,1.65,7.14
2007-09-17,21.51,22.15,22.89,21.11,35782,196375296.31,8.24,2.50,0.54,4.59
2007-09-18,22.15,21.66,22.35,21.36,16528,87847635.41,4.47,-2.21,-0.49,2.12
2007-09-19,21.66,23.09,23.48,21.36,24760,137104902.77,9.79,6.60,1.43,3.17
2007-09-20,23.09,23.97,24.56,22.72,17957,102286812.33,7.97,3.81,0.88,2.30
2007-09-21,24.07,24.47,25.55,23.33,17847,105265323.47,9.26,2.09,0.50,2.29
2007-09-24,24.35,23.63,25.28,23.44,20278,118689873.68,7.52,-3.43,-0.84,2.60
2007-09-25,23.38,22.60,23.41,22.10,14684,80703793.98,5.54,-4.36,-1.03,1.88
2007-09-26,22.49,22.37,23.33,22.13,15376,85825169.01,5.31,-1.02,-0.23,1.97
2007-09-27,22.36,23.82,23.86,22.10,14091,78933602.23,7.87,6.48,1.45,1.81
2007-09-28,23.98,25.58,25.59,23.98,19470,116978645.46,6.76,7.39,1.76,2.50
2007-10-08,26.98,25.70,26.98,24.56,13214,80205202.46,9.46,0.47,0.12,1.69
2007-10-09,25.30,24.51,25.55,24.01,12337,72619972.81,5.99,-4.63,-1.19,1.58
2007-10-10,24.56,25.01,27.37,24.37,16691,100612648.06,12.24,2.04,0.50,2.14
2007-10-11,25.23,24.56,25.23,23.95,12705,74431662.57,5.12,-1.80,-0.45,1.63
2007-10-12,24.56,23.63,24.90,23.09,17353,99105702.93,7.37,-3.79,-0.93,2.22
2007-10-15,23.65,24.40,24.80,23.34,11103,64609449.26,6.18,3.26,0.77,1.42
2007-10-16,24.86,26.02,26.54,23.58,22094,133257144.88,12.13,6.64,1.62,2.83
2007-10-17,26.04,24.56,26.04,24.32,11935,71118300.45,6.61,-5.61,-1.46,1.53
2007-10-18,24.52,23.09,24.56,23.09,11712,66711444.48,5.99,-5.99,-1.47,1.50
2007-10-19,23.23,22.94,23.82,22.04,16426,90296411.18,7.71,-0.65,-0.15,2.11
2007-10-22,22.10,21.78,22.58,21.78,11606,62644233.13,3.49,-5.06,-1.16,1.49
2007-10-23,21.69,21.07,21.70,19.84,15392,78648809.89,8.54,-3.26,-0.71,1.97
2007-10-24,21.11,21.10,21.84,20.65,10975,57009131.77,5.65,0.14,0.03,1.41
2007-10-25,20.62,18.83,21.00,18.54,16797,81759991.00,11.66,-10.76,-2.27,2.15
2007-10-26,18.65,18.98,19.53,18.19,10548,50292667.28,7.12,0.80,0.15,1.35
2007-10-29,19.07,19.97,20.12,18.55,19324,94622068.60,8.27,5.22,0.99,2.48
2007-10-30,20.13,20.37,20.87,20.06,8365,42257805.55,4.06,2.00,0.40,1.07
2007-10-31,21.01,20.92,21.11,20.42,9562,49110717.88,3.39,2.70,0.55,1.23
2007-11-01,20.94,20.62,21.68,20.62,7961,41506806.47,5.07,-1.43,-0.30,1.02
2007-11-02,20.37,19.14,20.57,18.90,7596,36949314.38,8.10,-7.18,-1.48,0.97
2007-11-05,18.65,18.24,19.14,18.18,6915,32290227.43,5.02,-4.70,-0.90,0.89
2007-11-06,18.16,18.50,19.11,18.15,4156,19475752.35,5.26,1.43,0.26,0.53
2007-11-07,18.83,18.85,19.14,18.40,4556,21436756.21,4.00,1.89,0.35,0.58
2007-11-08,18.82,18.28,19.47,18.15,7749,36849743.79,7.00,-3.02,-0.57,0.99
2007-11-09,18.28,17.11,18.59,16.92,8047,35775241.64,9.14,-6.40,-1.17,1.03
2007-11-12,16.67,15.45,16.67,15.20,10466,42659493.50,8.59,-9.70,-1.66,1.34
2007-11-13,15.84,14.93,16.15,14.52,7597,30655504.32,10.55,-3.37,-0.52,0.97
2007-11-14,15.10,16.64,16.64,15.10,10774,44656393.36,10.31,11.45,1.71,1.38
2007-11-15,16.67,16.27,16.92,16.18,7150,30612694.97,4.45,-2.22,-0.37,0.92
2007-11-16,15.69,16.15,16.27,15.46,4145,17059520.07,4.98,-0.74,-0.12,0.53
2007-11-19,16.18,16.67,16.96,15.89,5169,22069613.36,6.63,3.22,0.52,0.66
2007-11-20,16.28,16.90,17.41,16.28,4170,18273461.37,6.78,1.38,0.23,0.53
2007-11-21,17.27,17.12,17.81,16.83,4664,20721596.37,5.80,1.30,0.22,0.60
2007-11-22,16.67,15.66,17.11,15.62,4047,17149723.36,8.70,-8.53,-1.46,0.52
2007-11-23,15.70,16.13,16.13,15.20,5190,21285549.93,5.94,3.00,0.47,0.67
2007-11-26,16.43,16.22,17.17,15.98,5348,22956911.06,7.38,0.56,0.09,0.69
2007-11-27,16.09,16.18,16.49,16.08,2548,10748733.93,2.53,-0.25,-0.04,0.33
2007-11-28,16.65,16.40,16.67,16.18,3046,12989354.95,3.03,1.36,0.22,0.39
2007-11-29,16.58,16.90,16.97,16.33,6206,26770006.39,3.90,3.05,0.50,0.80
2007-11-30,17.11,16.16,17.46,16.05,6377,27740699.01,8.34,-4.38,-0.74,0.82
2007-12-03,15.79,15.94,16.32,15.64,5842,24231239.04,4.21,-1.36,-0.22,0.75
2007-12-04,16.13,16.28,16.52,16.08,6355,26844959.38,2.76,2.13,0.34,0.81
2007-12-05,16.30,16.83,16.91,15.88,4033,17291151.89,6.33,3.38,0.55,0.52
2007-12-06,16.99,16.83,17.46,16.67,5080,22283077.55,4.69,0.00,0.00,0.65
2007-12-07,16.81,17.09,17.17,16.81,3429,14954953.00,2.14,1.54,0.26,0.44
2007-12-10,16.87,18.32,18.32,16.67,9179,41605954.27,9.65,7.20,1.23,1.18
2007-12-11,18.40,18.65,18.99,18.40,11714,55108337.27,3.22,1.80,0.33,1.50
2007-12-12,18.65,18.63,18.75,18.13,4645,21613912.46,3.32,-0.11,-0.02,0.60
2007-12-13,18.25,17.49,19.04,17.12,9706,45604464.96,10.31,-6.12,-1.14,1.24
2007-12-14,17.49,18.15,18.15,17.01,4177,18681456.36,6.52,3.77,0.66,0.54
2007-12-17,18.70,18.10,18.84,18.01,5998,27906741.42,4.57,-0.28,-0.05,0.77
2007-12-19,18.65,18.32,18.99,18.20,4555,21259891.36,4.36,1.22,0.22,0.58
2007-12-20,18.74,18.57,18.74,18.23,4788,22347447.38,2.78,1.36,0.25,0.61
2007-12-21,18.58,18.94,19.05,18.55,8694,41255405.41,2.69,1.99,0.37,1.11
2007-12-24,18.97,19.08,19.95,18.97,19313,93417096.65,5.17,0.74,0.14,2.48
2007-12-25,19.44,19.21,19.57,18.75,10775,51751788.97,4.30,0.68,0.13,1.38
2007-12-26,19.21,19.14,19.72,18.70,21147,101007587.74,5.31,-0.36,-0.07,2.71
2007-12-27,19.15,19.83,19.95,19.09,24016,117488760.96,4.49,3.61,0.69,3.08
2007-12-28,19.83,19.88,20.31,19.64,12058,59887065.35,3.38,0.25,0.05,1.55