2020-01-02,7.39,7.37,7.50,7.33,208260,181345826.00,2.31,0.14,0.01,1.27
2020-01-03,7.37,7.31,7.39,7.29,140899,121540624.00,1.36,-0.81,-0.06,0.86
2020-01-06,7.28,7.33,7.43,7.24,162638,140584373.00,2.60,0.27,0.02,1.00
2020-01-07,7.33,7.55,7.66,7.33,289007,255741447.00,4.50,3.00,0.22,1.77
2020-01-08,7.52,7.25,7.56,7.20,264088,228715965.00,4.77,-3.97,-0.30,1.62
2020-01-09,7.34,7.33,7.36,7.26,115737,99620761.00,1.38,1.10,0.08,0.71
2020-01-10,7.34,7.23,7.35,7.21,111781,95696622.00,1.91,-1.36,-0.10,0.68
2020-01-13,7.23,7.30,7.31,7.21,94085,80532275.00,1.38,0.97,0.07,0.58
2020-01-14,7.28,7.27,7.37,7.26,106689,91864178.00,1.51,-0.41,-0.03,0.65
2020-01-15,7.26,7.17,7.26,7.13,102099,86512432.00,1.79,-1.38,-0.10,0.62
2020-01-16,7.18,7.13,7.19,7.10,68250,57519965.00,1.26,-0.56,-0.04,0.42
2020-01-17,7.15,7.11,7.16,7.10,68350,57644261.00,0.84,-0.28,-0.02,0.42
2020-01-20,7.11,7.13,7.15,7.07,65906,55417055.00,1.13,0.28,0.02,0.40
2020-01-21,7.11,6.92,7.12,6.91,141905,117540862.00,2.95,-2.95,-0.21,0.87
2020-01-22,6.91,6.90,6.96,6.81,92875,76110923.00,2.17,-0.29,-0.02,0.57
2020-01-23,6.86,6.66,6.89,6.63,113527,91372043.00,3.77,-3.48,-0.24,0.69
2020-02-03,5.86,5.86,5.99,5.86,171099,122756052.00,1.95,-12.01,-0.80,1.05
2020-02-04,5.69,5.95,6.04,5.69,142205,102652740.00,5.97,1.54,0.09,0.87
2020-02-05,5.94,6.16,6.20,5.92,146546,108379432.00,4.71,3.53,0.21,0.90
2020-02-06,6.16,6.23,6.26,6.11,101124,75753359.00,2.44,1.14,0.07,0.62
2020-02-07,6.25,6.22,6.26,6.14,88478,66346029.00,1.93,-0.16,-0.01,0.54
2020-02-10,6.20,6.41,6.42,6.15,86627,66009383.00,4.34,3.05,0.19,0.53
2020-02-11,6.40,6.43,6.57,6.38,81658,63552359.00,2.96,0.31,0.02,0.50
2020-02-12,6.38,6.47,6.49,6.35,78529,60667426.00,2.18,0.62,0.04,0.48
2020-02-13,6.46,6.41,6.50,6.36,67257,51951329.00,2.16,-0.93,-0.06,0.41
2020-02-14,6.36,6.37,6.39,6.24,118832,90702134.00,2.34,-0.62,-0.04,0.73
2020-02-17,6.35,6.52,6.54,6.32,121076,94151455.00,3.45,2.35,0.15,0.74
2020-02-18,6.54,6.50,6.57,6.41,106843,83103649.00,2.45,-0.31,-0.02,0.65
2020-02-19,6.48,6.46,6.54,6.43,76031,59240909.00,1.69,-0.62,-0.04,0.47
2020-02-20,6.49,6.58,6.61,6.42,121478,94906083.00,2.94,1.86,0.12,0.74
2020-02-21,6.54,6.60,6.66,6.52,125706,99280370.00,2.13,0.30,0.02,0.77
2020-02-24,6.56,6.47,6.60,6.43,121844,94983195.00,2.58,-1.97,-0.13,0.75
2020-02-25,6.38,6.43,6.45,6.19,161573,123095005.00,4.02,-0.62,-0.04,0.99
2020-02-26,6.33,6.48,6.60,6.25,167883,130240823.00,5.44,0.78,0.05,1.03
2020-02-27,6.49,6.47,6.58,6.44,127799,99758048.00,2.16,-0.15,-0.01,0.78
2020-02-28,6.31,6.21,6.39,6.18,145846,110551860.00,3.25,-4.02,-0.26,0.89
2020-03-02,6.27,6.50,6.53,6.27,127296,98659941.00,4.19,4.67,0.29,0.78
2020-03-03,6.60,6.50,6.64,6.46,117898,92388033.00,2.77,0.00,0.00,0.72
2020-03-04,6.45,6.60,6.63,6.44,157632,123651917.00,2.92,1.54,0.10,0.96
2020-03-05,6.66,6.84,6.93,6.61,272298,220016313.00,4.85,3.64,0.24,1.67
2020-03-06,6.73,6.73,6.80,6.68,139948,112503274.00,1.75,-1.61,-0.11,0.86
2020-03-09,6.55,6.41,6.56,6.39,163810,127307210.00,2.53,-4.75,-0.32,1.00
2020-03-10,6.30,6.53,6.57,6.28,122434,94707993.00,4.52,1.87,0.12,0.75
2020-03-11,6.54,6.43,6.56,6.42,95750,74478693.00,2.14,-1.53,-0.10,0.59
2020-03-12,6.32,6.33,6.38,6.27,91675,69795143.00,1.71,-1.56,-0.10,0.56
2020-03-13,6.10,6.26,6.34,5.96,106202,79079194.00,6.00,-1.11,-0.07,0.65
2020-03-16,6.29,6.06,6.31,6.03,91257,68273508.00,4.47,-3.19,-0.20,0.56
2020-03-17,6.10,6.09,6.22,5.99,72388,53499027.00,3.80,0.50,0.03,0.44
2020-03-18,6.15,5.96,6.17,5.95,79246,58529223.00,3.61,-2.13,-0.13,0.48
2020-03-19,5.92,6.05,6.06,5.77,105789,76443079.00,4.87,1.51,0.09,0.65
2020-03-20,6.05,6.16,6.18,6.01,59964,44334497.00,2.81,1.82,0.11,0.37
2020-03-23,6.02,5.95,6.08,5.93,65751,47884511.00,2.44,-3.41,-0.21,0.40
2020-03-24,5.99,6.03,6.09,5.92,61996,45357548.00,2.86,1.34,0.08,0.38
2020-03-25,6.13,6.09,6.16,6.04,75142,55578264.00,1.99,1.00,0.06,0.46
2020-03-26,6.09,6.09,6.12,6.01,49375,36433250.00,1.81,0.00,0.00,0.30
2020-03-27,6.13,6.17,6.24,6.07,56385,42043157.00,2.79,1.31,0.08,0.34
2020-03-30,6.09,6.10,6.17,6.02,59574,44073432.00,2.43,-1.13,-0.07,0.36
2020-03-31,6.14,6.02,6.16,6.00,64518,47543645.00,2.62,-1.31,-0.08,0.39
2020-04-01,6.01,5.99,6.08,5.96,51099,37412611.00,1.99,-0.50,-0.03,0.31
2020-04-02,5.95,6.03,6.05,5.92,71668,52132087.00,2.17,0.67,0.04,0.44
2020-04-03,6.03,5.99,6.04,5.95,66056,48154273.00,1.49,-0.66,-0.04,0.40
2020-04-07,6.06,6.08,6.11,6.03,71633,52777990.00,1.34,1.50,0.09,0.44
2020-04-08,6.06,6.07,6.09,6.02,74008,54367186.00,1.15,-0.16,-0.01,0.45
2020-04-09,6.09,6.05,6.10,6.04,53978,39745231.00,0.99,-0.33,-0.02,0.33
2020-04-10,6.06,5.99,6.06,5.97,58218,42486564.00,1.49,-0.99,-0.06,0.36
2020-04-13,5.97,6.00,6.01,5.96,33511,24431032.00,0.83,0.17,0.01,0.21
2020-04-14,6.01,6.04,6.05,5.99,46663,34188626.00,1.00,0.67,0.04,0.29
2020-04-15,6.06,5.99,6.06,5.97,48622,35475956.00,1.49,-0.83,-0.05,0.30
2020-04-16,5.95,5.99,6.01,5.95,64046,46608332.00,1.00,0.00,0.00,0.39
2020-04-17,5.99,5.99,6.05,5.97,45610,33346473.00,1.34,0.00,0.00,0.28
2020-04-20,5.99,6.02,6.07,5.98,51005,37348386.00,1.50,0.50,0.03,0.31
2020-04-21,5.96,5.89,5.98,5.84,57897,41713672.00,2.33,-2.16,-0.13,0.35
2020-04-22,5.90,5.94,5.99,5.85,60055,43402476.00,2.38,0.85,0.05,0.37
2020-04-23,5.96,5.92,5.98,5.91,38221,27646102.00,1.18,-0.34,-0.02,0.23
2020-04-24,5.91,5.90,5.97,5.86,50667,36542351.00,1.86,-0.34,-0.02,0.31
2020-04-27,5.90,5.94,5.97,5.89,54757,39639811.00,1.36,0.68,0.04,0.34
2020-04-28,6.18,6.31,6.38,6.07,307851,231693976.00,5.22,6.23,0.37,1.88
2020-04-29,6.28,6.39,6.47,6.28,206423,158918700.00,3.01,1.27,0.08,1.26
2020-04-30,6.42,6.56,6.63,6.40,221689,173602415.00,3.60,2.66,0.17,1.36
2020-05-06,6.51,6.65,6.71,6.51,203256,161263106.00,3.05,1.37,0.09,1.24
2020-05-07,6.65,6.73,6.74,6.60,173717,138747670.00,2.11,1.20,0.08,1.06
2020-05-08,6.73,6.73,6.78,6.68,123899,99411649.00,1.49,0.00,0.00,0.76
2020-05-11,6.72,6.75,6.80,6.71,118435,95409428.00,1.34,0.30,0.02,0.72
2020-05-12,6.76,6.63,6.76,6.59,154059,122359991.00,2.52,-1.78,-0.12,0.94
2020-05-13,6.63,6.73,6.82,6.57,144731,115546451.00,3.77,1.51,0.10,0.89
2020-05-14,6.71,6.60,6.72,6.57,112417,89096852.00,2.23,-1.93,-0.13,0.69
2020-05-15,6.64,6.57,6.66,6.54,89629,70796670.00,1.82,-0.45,-0.03,0.55
2020-05-18,6.57,6.58,6.61,6.47,115331,90731547.00,2.13,0.15,0.01,0.71
2020-05-19,6.65,6.65,6.77,6.64,194429,155448850.00,1.98,1.06,0.07,1.19
2020-05-20,6.70,6.66,6.75,6.62,87881,70050849.00,1.95,0.15,0.01,0.54
2020-05-21,6.66,6.72,6.75,6.62,102747,82105707.00,1.95,0.90,0.06,0.63
2020-05-22,6.69,6.65,6.76,6.61,90376,72155179.00,2.23,-1.04,-0.07,0.55
2020-05-25,6.58,6.78,6.79,6.49,147637,117583607.00,4.51,1.95,0.13,0.90
2020-05-26,6.79,6.75,6.79,6.72,92894,74756451.00,1.03,-0.44,-0.03,0.57
2020-05-27,6.76,6.90,6.96,6.69,175238,142858292.00,4.00,2.22,0.15,1.07
2020-05-28,6.88,6.87,7.09,6.80,127253,104751081.00,4.20,-0.43,-0.03,0.78
2020-05-29,6.88,6.77,6.93,6.73,101736,82619889.00,2.91,-1.46,-0.10,0.62
2020-06-01,6.78,6.86,6.90,6.73,113904,92460287.00,2.51,1.33,0.09,0.70
2020-06-02,6.85,6.92,6.93,6.79,127776,104298279.00,2.04,0.87,0.06,0.78
2020-06-03,6.92,6.77,6.98,6.77,119932,97972134.00,3.03,-2.17,-0.15,0.73
2020-06-04,6.79,6.84,6.85,6.75,86137,69826735.00,1.48,1.03,0.07,0.53
2020-06-05,6.84,6.80,6.84,6.75,57005,46109275.00,1.32,-0.58,-0.04,0.35
2020-06-08,6.84,6.85,6.98,6.81,90409,73948088.00,2.50,0.74,0.05,0.55
2020-06-09,6.86,6.88,6.90,6.78,84434,68759714.00,1.75,0.44,0.03,0.52
2020-06-10,6.85,6.73,6.88,6.70,97702,78867464.00,2.62,-2.18,-0.15,0.60
2020-06-11,6.74,6.60,6.74,6.56,139923,110780171.00,2.67,-1.93,-0.13,0.86
2020-06-12,6.51,6.62,6.68,6.45,99746,78637646.00,3.48,0.30,0.02,0.61
2020-06-15,6.60,6.59,6.67,6.58,83079,65889275.00,1.36,-0.45,-0.03,0.51
2020-06-16,6.64,6.72,6.76,6.60,83939,67095922.00,2.43,1.97,0.13,0.51
2020-06-17,6.75,6.80,6.86,6.70,113302,91676184.00,2.38,1.19,0.08,0.69
2020-06-18,6.85,7.20,7.24,6.82,362790,305236720.00,6.18,5.88,0.40,2.22
2020-06-19,7.23,7.19,7.28,7.09,205966,174293597.00,2.64,-0.14,-0.01,1.26
2020-06-22,7.18,7.00,7.18,6.99,158935,132591113.00,2.64,-2.64,-0.19,0.97
2020-06-23,7.05,6.94,7.07,6.92,134497,111144604.00,2.14,-0.86,-0.06,0.82
2020-06-24,6.98,6.92,7.05,6.90,157106,123596488.00,2.16,-0.29,-0.02,0.96
2020-06-29,6.94,6.81,6.94,6.75,110733,85516766.00,2.75,-1.59,-0.11,0.68
2020-06-30,6.82,6.85,6.88,6.80,102635,79332605.00,1.17,0.59,0.04,0.63
2020-07-01,6.88,7.01,7.02,6.83,132064,103549606.00,2.77,2.34,0.16,0.81
2020-07-02,7.02,7.59,7.59,7.02,392290,324049600.00,8.13,8.27,0.58,2.40
2020-07-03,7.60,8.44,8.44,7.60,861651,789024512.00,11.07,11.20,0.85,5.27
2020-07-06,9.09,9.37,9.37,9.09,573162,585068304.00,3.32,11.02,0.93,3.51
2020-07-07,9.98,10.13,10.40,9.58,1326482,1468971648.00,8.75,8.11,0.76,8.12
2020-07-08,9.80,10.60,11.21,9.61,1178948,1324558992.00,15.79,4.64,0.47,7.21
2020-07-09,10.61,11.75,11.75,10.24,1280052,1518004256.00,14.25,10.85,1.15,7.83
2020-07-10,11.60,11.34,12.05,11.16,1048557,1313135520.00,7.57,-3.49,-0.41,6.42
2020-07-13,11.06,11.45,11.75,10.87,825136,1012654096.00,7.76,0.97,0.11,5.05
2020-07-14,11.40,11.79,12.30,11.22,775115,982183536.00,9.43,2.97,0.34,4.74
2020-07-15,11.92,10.76,12.03,10.63,724650,871579872.00,11.87,-8.74,-1.03,4.43
2020-07-16,10.78,10.26,11.15,10.23,572677,667388112.00,8.55,-4.65,-0.50,3.50
2020-07-17,10.32,10.50,11.05,10.32,610014,706814912.00,7.12,2.34,0.24,3.73
2020-07-20,10.82,11.39,11.40,10.49,584511,695159264.00,8.67,8.48,0.89,3.58
2020-07-21,11.25,10.86,11.50,10.68,547639,648111568.00,7.20,-4.65,-0.53,3.35
2020-07-22,10.98,10.92,11.30,10.88,500681,598668256.00,3.87,0.55,0.06,3.06
2020-07-23,10.70,10.85,11.12,10.41,418455,488266400.00,6.50,-0.64,-0.07,2.56
2020-07-24,10.81,10.60,11.30,10.45,586733,694315584.00,7.83,-2.30,-0.25,3.59
2020-07-27,10.55,10.54,10.87,10.17,402118,461703888.00,6.60,-0.57,-0.06,2.46
2020-07-28,10.65,10.89,11.40,10.60,505488,600210656.00,7.59,3.32,0.35,3.09
2020-07-29,10.72,11.14,11.19,10.56,458241,543996656.00,5.79,2.30,0.25,2.80
2020-07-30,11.32,11.02,11.47,10.80,608967,736367360.00,6.01,-1.08,-0.12,3.73
2020-07-31,10.81,10.81,11.14,10.66,508784,596126496.00,4.36,-1.91,-0.21,3.11
2020-08-03,10.79,11.18,11.25,10.74,626147,744637440.00,4.72,3.42,0.37,3.83
2020-08-04,11.18,11.36,11.43,11.00,659123,798407792.00,3.85,1.61,0.18,4.03
2020-08-05,11.35,10.74,11.35,10.20,746068,860075232.00,10.12,-5.46,-0.62,4.56
2020-08-06,10.65,10.50,10.75,10.28,480261,547717424.00,4.38,-2.23,-0.24,2.94
2020-08-07,10.32,10.00,10.48,9.79,454862,501395584.00,6.57,-4.76,-0.50,2.78
2020-08-10,10.03,10.10,10.19,9.83,302207,329901088.00,3.60,1.00,0.10,1.85
2020-08-11,10.13,9.79,10.24,9.73,278057,304121136.00,5.05,-3.07,-0.31,1.70
2020-08-12,9.79,9.88,9.96,9.58,231546,246764462.00,3.88,0.92,0.09,1.42
2020-08-13,9.95,10.02,10.18,9.95,241011,264158502.00,2.33,1.42,0.14,1.47
2020-08-14,9.88,9.96,10.01,9.71,180875,194227328.00,2.99,-0.60,-0.06,1.11
2020-08-17,10.02,10.56,10.67,9.91,473795,533244288.00,7.63,6.02,0.60,2.90
2020-08-18,10.54,10.53,10.83,10.40,338545,389662896.00,4.07,-0.28,-0.03,2.07
2020-08-19,10.38,10.20,10.45,10.12,338995,377882016.00,3.13,-3.13,-0.33,2.07
2020-08-20,10.18,9.93,10.20,9.90,175453,191374117.00,2.94,-2.65,-0.27,1.07
2020-08-21,9.95,9.92,10.07,9.82,180669,195860235.00,2.52,-0.10,-0.01,1.02
2020-08-24,9.92,9.94,10.04,9.76,147250,159250651.00,2.82,0.20,0.02,0.83
2020-08-25,9.90,9.82,9.98,9.76,134129,144374707.00,2.21,-1.21,-0.12,0.76
2020-08-26,9.79,9.62,9.87,9.52,169075,178633623.00,3.56,-2.04,-0.20,0.96
2020-08-27,9.51,9.30,9.56,9.21,283071,289570144.00,3.64,-3.33,-0.32,1.60
2020-08-28,9.30,9.49,9.64,9.27,197601,204443999.00,3.98,2.04,0.19,1.12
2020-08-31,9.56,9.45,9.75,9.44,190613,200556376.00,3.27,-0.42,-0.04,1.08
2020-09-01,9.52,9.56,9.59,9.44,158455,165079421.00,1.59,1.16,0.11,0.90
2020-09-02,9.59,9.32,9.63,9.22,189847,194862507.00,4.29,-2.51,-0.24,1.07
2020-09-03,9.34,9.28,9.61,9.24,231761,238721446.00,3.97,-0.43,-0.04,1.31
2020-09-04,9.08,9.17,9.22,8.88,187034,185985206.00,3.66,-1.19,-0.11,1.06
2020-09-07,9.15,9.00,9.30,9.00,143933,144405811.00,3.27,-1.85,-0.17,0.81
2020-09-08,9.01,9.20,9.27,8.93,177153,177229712.00,3.78,2.22,0.20,1.00
2020-09-09,9.11,8.89,9.34,8.86,250477,249948676.00,5.22,-3.37,-0.31,1.42
2020-09-10,9.03,8.90,9.46,8.81,325802,325297376.00,7.31,0.11,0.01,1.84
2020-09-11,8.85,8.79,8.88,8.61,201109,193364008.00,3.03,-1.24,-0.11,1.14
2020-09-14,8.82,8.65,8.89,8.57,170127,163260372.00,3.64,-1.59,-0.14,0.96
2020-09-15,8.64,8.84,8.89,8.63,193928,187853513.00,3.01,2.20,0.19,1.10
2020-09-16,8.80,8.90,9.04,8.75,152749,149722105.00,3.28,0.68,0.06,0.86
2020-09-17,8.85,8.92,9.15,8.84,192278,190051050.00,3.48,0.22,0.02,1.09
2020-09-18,8.93,9.50,9.55,8.86,424915,433069872.00,7.74,6.50,0.58,2.40
2020-09-21,9.50,9.25,9.53,9.24,331711,339834288.00,3.05,-2.63,-0.25,1.88
2020-09-22,9.18,8.93,9.20,8.90,231999,230933841.00,3.24,-3.46,-0.32,1.31
2020-09-23,8.96,8.80,9.01,8.78,148505,144733203.00,2.58,-1.46,-0.13,0.84
2020-09-24,8.70,8.51,8.71,8.51,157645,149449477.00,2.27,-3.30,-0.29,0.89
2020-09-25,8.58,8.58,8.71,8.48,113110,107410952.00,2.70,0.82,0.07,0.64
2020-09-28,8.75,9.30,9.50,8.74,523910,532795824.00,8.86,8.39,0.72,2.96
2020-09-29,9.30,9.23,9.33,9.10,300704,304234448.00,2.47,-0.75,-0.07,1.70
2020-09-30,9.13,8.80,9.20,8.73,315853,309240128.00,5.09,-4.66,-0.43,1.79
2020-10-09,9.05,9.59,9.76,8.91,491843,507228240.00,9.66,8.98,0.79,2.78
2020-10-12,9.68,9.63,9.73,9.46,459355,482752752.00,2.82,0.42,0.04,2.60
2020-10-13,9.61,9.78,10.02,9.58,433269,461793152.00,4.57,1.56,0.15,2.45
2020-10-14,9.71,9.57,9.72,9.47,238697,249428570.00,2.56,-2.15,-0.21,1.35
2020-10-15,9.54,9.66,10.03,9.46,415653,442782544.00,5.96,0.94,0.09,2.35
2020-10-16,9.70,10.13,10.19,9.58,621848,678068128.00,6.31,4.87,0.47,3.52
2020-10-19,10.15,9.89,10.15,9.78,361343,390314736.00,3.65,-2.37,-0.24,2.04
2020-10-20,9.81,9.76,9.81,9.58,210502,222662524.00,2.33,-1.31,-0.13,1.19
2020-10-21,9.74,9.56,9.74,9.42,172356,180301517.00,3.28,-2.05,-0.20,0.98
2020-10-22,9.47,9.62,9.72,9.45,134300,140884019.00,2.82,0.63,0.06,0.76
2020-10-23,9.57,9.30,9.66,9.20,178338,184044718.00,4.78,-3.33,-0.32,1.01
2020-10-26,9.14,9.10,9.14,8.93,173087,172405633.00,2.26,-2.15,-0.20,0.98
2020-10-27,9.01,9.05,9.17,8.98,124284,123767594.00,2.09,-0.55,-0.05,0.70
2020-10-28,9.03,9.12,9.15,8.97,115605,115348262.00,1.99,0.77,0.07,0.65
2020-10-29,8.95,9.00,9.07,8.89,202085,199455044.00,1.97,-1.32,-0.12,1.14
2020-10-30,8.98,8.78,9.17,8.78,166592,164347894.00,4.33,-2.44,-0.22,0.94
2020-11-02,8.79,9.00,9.00,8.79,141000,138441750.00,2.39,2.51,0.22,0.80
2020-11-03,9.06,9.31,9.33,8.99,212402,214346932.00,3.78,3.44,0.31,1.20
2020-11-04,9.29,9.25,9.38,9.12,179144,181754402.00,2.79,-0.64,-0.06,1.01
2020-11-05,9.29,9.29,9.36,9.12,174467,177109672.00,2.59,0.43,0.04,0.99
2020-11-06,9.29,9.35,9.47,9.23,183659,188275760.00,2.58,0.65,0.06,1.04
2020-11-09,9.49,9.70,9.91,9.44,354004,373633920.00,5.03,3.74,0.35,2.00
2020-11-10,9.82,9.68,9.84,9.58,317650,337282080.00,2.68,-0.21,-0.02,1.80
2020-11-11,9.71,9.87,10.13,9.65,478921,519410640.00,4.96,1.96,0.19,2.71
2020-11-12,9.79,9.66,9.79,9.53,238669,251282570.00,2.63,-2.13,-0.21,1.35
2020-11-13,9.59,9.69,9.82,9.50,215414,227805579.00,3.31,0.31,0.03,1.22
2020-11-16,9.71,10.30,10.46,9.70,743811,826347136.00,7.84,6.30,0.61,4.21
2020-11-17,10.25,10.32,10.60,10.12,594691,671113232.00,4.66,0.19,0.02,3.36
2020-11-18,10.31,10.48,10.70,10.24,366390,416405952.00,4.46,1.55,0.16,2.07
2020-11-19,10.47,10.38,11.09,10.16,412860,468810736.00,8.87,-0.95,-0.10,2.34
2020-11-20,10.38,10.57,10.65,10.14,382114,432550576.00,4.91,1.83,0.19,2.16
2020-11-23,10.73,11.27,11.57,10.73,733431,884072048.00,7.95,6.62,0.70,4.15
2020-11-24,11.10,11.17,11.29,10.81,438236,523076464.00,4.26,-0.89,-0.10,2.48
2020-11-25,11.22,10.80,11.40,10.78,414097,496315104.00,5.55,-3.31,-0.37,2.34
2020-11-26,10.78,10.69,10.90,10.47,317914,367640592.00,3.98,-1.02,-0.11,1.80
2020-11-27,10.80,10.60,10.87,10.25,328386,374160064.00,5.80,-0.84,-0.09,1.86
2020-11-30,10.69,10.68,11.13,10.55,431717,506301040.00,5.47,0.75,0.08,2.44
2020-12-01,10.79,10.89,10.91,10.58,338489,395623840.00,3.09,1.97,0.21,1.92
2020-12-02,10.95,11.04,11.13,10.85,331533,393992192.00,2.57,1.38,0.15,1.88
2020-12-03,10.96,10.42,10.97,10.40,410946,471233760.00,5.16,-5.62,-0.62,2.33
2020-12-04,10.38,10.39,10.41,10.05,258916,288424352.00,3.45,-0.29,-0.03,1.46
2020-12-07,10.41,10.09,10.51,10.07,233156,259849406.00,4.23,-2.89,-0.30,1.32
2020-12-08,10.12,9.99,10.16,9.79,234980,255190741.00,3.67,-0.99,-0.10,1.33
2020-12-09,10.11,10.07,10.35,10.06,313277,348518912.00,2.90,0.80,0.08,1.77
2020-12-10,10.15,10.16,10.26,9.95,240861,265527386.00,3.08,0.89,0.09,1.36
2020-12-11,10.36,10.14,10.55,10.11,312142,350020528.00,4.33,-0.20,-0.02,1.77
2020-12-14,9.84,9.52,9.89,9.47,350198,368079232.00,4.14,-6.11,-0.62,1.98
2020-12-15,9.54,9.45,9.56,9.30,179615,185490189.00,2.73,-0.74,-0.07,1.02
2020-12-16,9.48,9.49,9.61,9.40,163261,169885814.00,2.22,0.42,0.04,0.92
2020-12-17,9.46,9.88,9.93,9.32,242278,256201683.00,6.43,4.11,0.39,1.37
2020-12-18,10.18,10.65,10.77,10.05,580036,662071888.00,7.29,7.79,0.77,3.28
2020-12-21,10.80,10.60,10.84,10.45,430424,494251792.00,3.66,-0.47,-0.05,2.44
2020-12-22,10.43,9.75,10.48,9.74,436565,479208320.00,6.98,-8.02,-0.85,2.47
2020-12-23,9.69,9.98,10.13,9.66,287865,312829472.00,4.82,2.36,0.23,1.63
2020-12-24,10.09,9.93,10.16,9.77,219279,237735238.00,3.91,-0.50,-0.05,1.24
2020-12-25,9.94,10.47,10.55,9.81,359138,401273696.00,7.45,5.44,0.54,2.03
2020-12-28,10.66,10.53,10.85,10.42,387574,445093200.00,4.11,0.57,0.06,2.19
2020-12-29,10.55,9.88,10.56,9.82,367897,401966336.00,7.03,-6.17,-0.65,2.08
2020-12-30,9.88,10.21,10.45,9.76,336224,372600800.00,6.98,3.34,0.33,1.90
2020-12-31,10.30,10.04,10.33,9.90,318659,349625648.00,4.21,-1.67,-0.17,1.80