2016-01-04,63.39,57.78,64.00,57.78,16611,101733123.00,9.67,-10.18,-6.55,6.64
2016-01-05,52.85,53.61,56.17,51.89,22042,121591431.00,7.41,-7.22,-4.17,8.82
2016-01-06,54.52,56.22,57.72,52.55,19179,108281953.00,9.64,4.87,2.61,7.67
2016-01-07,54.84,50.48,54.87,50.48,5260,28168041.00,7.81,-10.21,-5.74,2.10
2016-01-08,52.34,49.94,53.33,46.65,16908,87235186.00,13.23,-1.07,-0.54,6.76
2016-01-11,47.84,44.83,48.78,44.83,18003,85492019.00,7.91,-10.23,-5.11,7.20
2016-01-12,44.77,45.04,46.37,40.93,18117,82904448.00,12.13,0.47,0.21,7.25
2016-01-13,45.44,42.41,46.15,42.35,12693,57718327.00,8.44,-5.84,-2.63,5.08
2016-01-14,40.64,45.03,45.83,40.04,15617,69467512.00,13.65,6.18,2.62,6.25
2016-01-15,44.83,42.14,45.43,41.34,13943,62597086.00,9.08,-6.42,-2.89,5.58
2016-01-18,41.34,43.50,44.64,40.42,14545,64663322.00,10.01,3.23,1.36,5.82
2016-01-19,43.52,45.33,45.80,42.65,18653,84730881.00,7.24,4.21,1.83,7.46
2016-01-20,44.84,45.61,47.18,44.64,18101,85176485.00,5.60,0.62,0.28,7.24
2016-01-21,44.30,42.84,46.62,42.84,17011,78543796.00,8.29,-6.07,-2.77,6.80
2016-01-22,43.84,44.20,44.58,41.92,14171,63361382.00,6.21,3.17,1.36,5.67
2016-01-25,45.54,44.79,45.64,44.15,12131,56018252.00,3.37,1.33,0.59,4.85
2016-01-26,44.54,40.20,44.54,40.20,13835,59582761.00,9.69,-10.25,-4.59,5.53
2016-01-27,39.96,40.42,41.34,36.96,11695,47052342.00,10.90,0.55,0.22,4.68
2016-01-28,39.93,37.39,40.17,37.02,8539,34055643.00,7.79,-7.50,-3.03,3.42
2016-01-29,38.03,39.23,39.80,37.39,11965,47717205.00,6.45,4.92,1.84,4.79
2016-02-01,38.76,39.07,39.34,37.39,9116,36326631.00,4.97,-0.41,-0.16,3.65
2016-02-02,39.34,40.77,40.84,39.00,13324,55334539.00,4.71,4.35,1.70,5.33
2016-02-03,40.09,40.77,42.13,39.43,9420,38877346.00,6.62,0.00,0.00,3.77
2016-02-04,41.06,41.96,42.29,40.34,14223,60978412.00,4.78,2.92,1.19,5.69
2016-02-05,42.04,40.73,42.44,40.34,10504,44593798.00,5.00,-2.93,-1.23,4.20
2016-02-15,38.84,39.74,40.34,38.07,9831,39714700.00,5.57,-2.43,-0.99,3.93
2016-02-16,40.28,42.49,42.94,40.04,14747,63164524.00,7.30,6.92,2.75,5.90
2016-02-17,42.59,43.94,44.07,42.05,19102,84575323.00,4.75,3.41,1.45,7.64
2016-02-18,44.74,43.04,44.74,43.04,15187,67988408.00,3.87,-2.05,-0.90,6.07
2016-02-19,42.84,43.73,44.19,42.84,11711,52310249.00,3.14,1.60,0.69,4.68
2016-02-22,44.34,48.22,48.22,44.33,27183,129798233.00,8.90,10.27,4.49,10.87
2016-02-23,49.21,47.19,50.72,47.12,36826,184826005.00,7.47,-2.14,-1.03,14.73
2016-02-24,47.84,46.76,48.20,45.35,23118,110270478.00,6.04,-0.91,-0.43,9.25
2016-02-25,46.37,41.97,46.79,41.97,24621,110823401.00,10.31,-10.24,-4.79,9.85
2016-02-26,41.74,41.57,42.69,40.46,16251,69605932.00,5.31,-0.95,-0.40,6.50
2016-02-29,40.64,37.30,41.14,37.30,17515,68431139.00,9.24,-10.27,-4.27,7.01
2016-03-01,37.30,38.22,38.78,36.34,15021,58453041.00,6.54,2.47,0.92,6.01
2016-03-02,37.84,40.62,41.01,37.35,15532,62617455.00,9.58,6.28,2.40,6.21
2016-03-03,40.91,41.22,43.49,40.42,20964,90626147.00,7.56,1.48,0.60,8.39
2016-03-04,41.24,39.04,42.33,37.85,15347,63668840.00,10.87,-5.29,-2.18,6.14
2016-03-07,39.28,39.96,41.03,39.28,10186,42227325.00,4.48,2.36,0.92,4.07
2016-03-08,39.95,40.44,40.66,37.04,13181,52519978.00,9.06,1.20,0.48,5.27
2016-03-09,39.26,38.85,40.24,38.29,9039,36489024.00,4.82,-3.93,-1.59,3.62
2016-03-10,38.26,38.34,39.69,38.26,7834,31379524.00,3.68,-1.31,-0.51,3.13
2016-03-11,38.07,39.59,40.04,37.44,12188,48969991.00,6.78,3.26,1.25,4.88
2016-03-14,40.44,41.30,42.12,40.04,17344,73677491.00,5.25,4.32,1.71,6.94
2016-03-15,41.30,40.05,41.42,39.82,12613,52566683.00,3.87,-3.03,-1.25,5.05
2016-03-16,40.72,39.44,41.36,38.95,11840,49149437.00,6.02,-1.52,-0.61,4.74
2016-03-17,40.19,41.51,41.54,39.22,17634,74039479.00,5.88,5.25,2.07,7.05
2016-03-18,41.37,43.45,43.92,41.37,22586,99621975.00,6.14,4.67,1.94,9.03
2016-03-21,43.84,44.84,44.84,43.58,25723,116640321.00,2.90,3.20,1.39,10.29
2016-03-22,44.49,44.64,45.34,43.39,19294,88183160.00,4.35,-0.45,-0.20,7.72
2016-03-23,44.24,45.84,45.90,44.24,21943,101890038.00,3.72,2.69,1.20,8.78
2016-03-24,45.44,45.14,47.74,44.34,28467,134214302.00,7.42,-1.53,-0.70,11.39
2016-03-25,44.85,44.69,45.49,44.10,17700,81203560.00,3.08,-1.00,-0.45,7.08
2016-03-28,45.14,45.06,46.44,44.76,16939,79406762.00,3.76,0.83,0.37,6.78
2016-03-29,44.93,45.00,45.74,43.54,15345,70157742.00,4.88,-0.13,-0.06,6.14
2016-03-30,45.64,48.00,48.13,44.65,25004,119595847.00,7.73,6.67,3.00,10.00
2016-03-31,45.84,46.23,47.49,45.84,45520,216308690.00,3.44,-3.69,-1.77,18.21
2016-04-01,45.36,44.22,45.44,43.35,27836,126154298.00,4.52,-4.35,-2.01,11.13
2016-04-05,43.88,45.08,45.30,43.35,20804,95145755.00,4.41,1.94,0.86,8.32
2016-04-06,45.09,45.31,46.11,44.62,22273,103682922.00,3.31,0.51,0.23,8.91
2016-04-07,45.06,43.87,45.60,43.86,19937,90982373.00,3.84,-3.18,-1.44,7.97
2016-04-08,43.15,44.31,44.52,42.84,16306,72658613.00,3.83,1.00,0.44,6.52
2016-04-11,44.39,45.77,45.79,44.39,20560,95741781.00,3.16,3.29,1.46,8.22
2016-04-12,45.72,45.14,46.20,44.56,17080,79369951.00,3.58,-1.38,-0.63,6.83
2016-04-13,45.16,45.67,46.39,45.16,24548,115677173.00,2.72,1.17,0.53,9.82
2016-04-14,45.98,46.92,47.04,45.64,26620,126379286.00,3.07,2.74,1.25,10.65
2016-04-15,47.06,46.19,47.13,45.86,20765,98550820.00,2.71,-1.56,-0.73,8.31
2016-04-18,45.74,44.92,45.74,44.35,15857,72900302.00,3.01,-2.75,-1.27,6.34
2016-04-19,45.06,44.69,45.44,44.36,11171,51434867.00,2.40,-0.51,-0.23,4.47
2016-04-20,44.74,41.12,45.14,40.44,20983,91633557.00,10.52,-7.99,-3.57,8.39
2016-04-21,41.16,40.15,41.29,39.95,12614,52847284.00,3.26,-2.36,-0.97,5.05
2016-04-22,40.04,40.56,40.83,39.36,8751,36328485.00,3.66,1.02,0.41,3.50
2016-04-25,40.24,39.44,40.24,38.92,16628,67326218.00,3.25,-2.76,-1.12,2.91
2016-04-26,39.29,39.74,39.81,39.14,22659,92081642.00,1.70,0.76,0.30,3.96
2016-04-27,39.85,39.93,40.61,39.64,17624,72606778.00,2.44,0.48,0.19,3.08
2016-04-28,39.92,39.65,40.08,38.74,16148,65485782.00,3.36,-0.70,-0.28,2.82
2016-04-29,39.74,39.59,39.94,39.35,7938,32416149.00,1.49,-0.15,-0.06,1.39
2016-05-03,39.69,41.29,41.29,39.35,15252,63640963.00,4.90,4.29,1.70,2.67
2016-05-04,40.93,41.04,41.74,40.82,13712,58180782.00,2.23,-0.61,-0.25,2.40
2016-05-05,40.89,41.59,41.74,40.86,11437,48502365.00,2.14,1.34,0.55,2.00
2016-05-06,41.54,39.08,42.14,38.84,21838,90616879.00,7.93,-6.04,-2.51,3.82
2016-05-09,38.85,37.10,38.86,37.04,14557,56586887.00,4.66,-5.07,-1.98,2.55
2016-05-10,36.86,37.22,37.62,36.86,9987,38346339.00,2.05,0.32,0.12,1.75
2016-05-11,37.59,37.34,38.04,37.14,9474,36632342.00,2.42,0.32,0.12,1.66
2016-05-12,36.64,37.62,37.67,36.33,9445,36034323.00,3.59,0.75,0.28,1.65
2016-05-13,37.59,37.50,38.25,37.11,7607,29577312.00,3.03,-0.32,-0.12,1.33
2016-05-16,37.35,38.13,38.13,37.12,8198,31814780.00,2.69,1.68,0.63,1.43
2016-05-17,38.04,38.13,38.61,37.22,10486,40976249.00,3.65,0.00,0.00,1.83
2016-05-18,37.72,36.34,37.77,35.60,11790,44811412.00,5.69,-4.69,-1.79,2.06
2016-05-19,36.34,37.06,37.45,36.34,9420,36051557.00,3.05,1.98,0.72,1.65
2016-05-20,36.37,37.53,37.62,36.35,8339,31917289.00,3.43,1.27,0.47,1.46
2016-05-23,37.79,38.22,38.38,37.60,10245,40247056.00,2.08,1.84,0.69,1.79
2016-05-24,38.19,37.52,38.19,37.26,7604,29426813.00,2.43,-1.83,-0.70,1.33
2016-05-25,38.84,38.08,39.34,37.54,35722,140743773.00,4.80,1.49,0.56,6.25
2016-05-26,37.76,37.52,37.84,36.13,23801,90880319.00,4.49,-1.47,-0.56,4.16
2016-05-27,37.15,37.22,37.60,36.84,13792,52991822.00,2.03,-0.80,-0.30,2.41
2016-05-30,36.94,36.88,37.31,36.39,10273,39075976.00,2.47,-0.91,-0.34,1.80
2016-05-31,36.99,38.99,39.13,36.77,26620,104775962.00,6.40,5.72,2.11,4.66
2016-06-01,39.14,39.14,39.70,39.00,23697,95920442.00,1.80,0.38,0.15,4.14
2016-06-02,39.14,40.08,40.12,38.94,23169,94540796.00,3.01,2.40,0.94,4.05
2016-06-03,39.99,40.42,41.04,39.44,25590,105883219.00,3.99,0.85,0.34,4.48
2016-06-06,40.82,40.34,40.84,39.87,18037,74859711.00,2.40,-0.20,-0.08,3.15
2016-06-07,40.07,42.29,42.50,40.07,31905,135947630.00,6.02,4.83,1.95,5.58
2016-06-08,42.14,41.55,42.14,40.99,23239,99043046.00,2.72,-1.75,-0.74,4.06
2016-06-13,40.79,37.84,40.84,37.84,25664,104446535.00,7.22,-8.93,-3.71,4.49
2016-06-14,37.42,38.09,38.42,37.34,13223,51741949.00,2.85,0.66,0.25,2.31
2016-06-15,37.49,39.93,40.25,37.49,16566,67175084.00,7.25,4.83,1.84,2.90
2016-06-16,40.34,39.59,40.83,39.35,16642,68716861.00,3.71,-0.85,-0.34,2.91
2016-06-17,39.97,40.58,41.34,39.97,19885,83137871.00,3.46,2.50,0.99,3.48
2016-06-20,40.70,42.23,43.29,40.04,30331,129802050.00,8.01,4.07,1.65,5.31
2016-06-21,42.15,41.14,43.19,40.76,24446,105403513.00,5.75,-2.58,-1.09,4.28
2016-06-22,40.76,42.45,42.54,40.65,20099,86419129.00,4.59,3.18,1.31,3.52
2016-06-23,42.50,42.40,42.73,41.83,19941,86625816.00,2.12,-0.12,-0.05,3.49
2016-06-24,42.40,41.09,42.89,38.72,26494,112576379.00,9.83,-3.09,-1.31,4.63
2016-06-27,40.84,43.24,43.30,40.52,29283,127690442.00,6.77,5.23,2.15,5.12
2016-06-28,43.44,43.88,44.21,42.69,29879,133398671.00,3.52,1.48,0.64,5.23
2016-06-29,43.88,43.98,44.14,43.15,21706,96995418.00,2.26,0.23,0.10,3.80
2016-06-30,43.94,44.30,45.44,43.60,27355,125275070.00,4.18,0.73,0.32,4.78
2016-07-01,43.97,44.04,44.94,43.44,21798,98629781.00,3.39,-0.59,-0.26,3.81
2016-07-04,43.12,45.48,45.94,43.12,28775,132719997.00,6.40,3.27,1.44,5.03
2016-07-05,45.34,46.84,46.89,44.99,34031,159719875.00,4.18,2.99,1.36,5.95
2016-07-06,46.27,50.09,51.62,46.25,61716,309051952.00,11.46,6.94,3.25,10.79
2016-07-07,50.76,55.21,55.21,50.14,74518,402337600.00,10.12,10.22,5.12,13.03
2016-07-08,53.65,51.94,56.43,51.94,69636,383043728.00,8.13,-5.92,-3.27,12.18
2016-07-11,52.34,49.84,53.09,49.45,56543,294118176.00,7.01,-4.04,-2.10,9.89
2016-07-12,50.54,50.45,50.82,48.42,43768,221849769.00,4.82,1.22,0.61,7.66
2016-07-13,50.39,50.04,50.81,49.64,28909,148343644.00,2.32,-0.81,-0.41,5.06
2016-07-14,49.99,50.57,50.69,49.62,23247,119047654.00,2.14,1.06,0.53,4.07
2016-07-15,48.94,47.07,48.94,46.39,55744,271006160.00,5.04,-6.92,-3.50,9.75
2016-07-18,46.88,46.54,46.89,45.54,28034,132643952.00,2.87,-1.13,-0.53,4.90
2016-07-19,46.45,47.47,47.93,45.84,23892,114854149.00,4.49,2.00,0.93,4.18
2016-07-20,47.16,46.86,47.81,46.84,19446,94119985.00,2.04,-1.29,-0.61,3.40
2016-07-21,46.92,46.58,47.50,46.54,17572,84426785.00,2.05,-0.60,-0.28,3.07
2016-07-22,46.44,46.13,46.79,45.82,15959,75638600.00,2.08,-0.97,-0.45,2.79
2016-07-25,46.25,46.81,47.12,45.74,14140,67495896.00,2.99,1.47,0.68,2.47
2016-07-26,46.85,47.15,47.49,46.46,12886,62143121.00,2.20,0.73,0.34,2.25
2016-07-27,47.14,43.74,47.42,42.95,30764,141702363.00,9.48,-7.23,-3.41,5.38
2016-07-28,43.54,43.79,44.44,42.67,16286,72550448.00,4.05,0.11,0.05,2.85
2016-07-29,43.79,43.39,44.22,43.05,10358,46086408.00,2.67,-0.91,-0.40,1.81
2016-08-01,43.12,43.97,44.25,42.44,14121,62512301.00,4.17,1.34,0.58,2.47
2016-08-02,43.72,43.96,44.32,43.56,10215,45916637.00,1.73,-0.02,-0.01,1.79
2016-08-03,43.99,43.75,44.18,43.51,9848,44162199.00,1.52,-0.48,-0.21,1.72
2016-08-04,43.64,43.94,44.24,43.32,10924,49081920.00,2.10,0.43,0.19,1.91
2016-08-05,43.84,43.13,44.12,43.13,11252,50222381.00,2.25,-1.84,-0.81,1.97
2016-08-08,43.12,43.59,43.91,42.16,10504,46088386.00,4.06,1.07,0.46,1.84
2016-08-09,43.54,44.29,44.42,43.50,10563,47618380.00,2.11,1.61,0.70,1.85
2016-08-10,44.40,43.92,44.51,43.80,8840,39966668.00,1.60,-0.84,-0.37,1.55
2016-08-11,43.64,42.97,44.07,42.94,9208,40954770.00,2.57,-2.16,-0.95,1.61
2016-08-12,42.68,43.52,43.60,42.68,8369,37085389.00,2.14,1.28,0.55,1.46
2016-08-15,43.14,44.50,44.88,43.08,19908,89899994.00,4.14,2.25,0.98,3.48
2016-08-16,44.44,44.97,45.43,44.44,13551,62506764.00,2.22,1.06,0.47,2.37
2016-08-17,44.94,45.09,45.30,44.60,9853,45421464.00,1.56,0.27,0.12,1.72
2016-08-18,45.09,45.36,45.82,44.75,15527,71912228.00,2.37,0.60,0.27,2.72
2016-08-19,45.32,45.77,45.87,44.62,18799,87083247.00,2.76,0.90,0.41,3.29
2016-08-22,45.69,44.55,45.69,44.44,11968,55141303.00,2.73,-2.67,-1.22,2.09
2016-08-23,44.63,44.94,45.44,44.35,9392,43164776.00,2.45,0.88,0.39,1.64
2016-08-24,44.75,45.39,45.54,44.69,11636,53930786.00,1.89,1.00,0.45,2.04
2016-08-25,45.36,44.19,45.36,43.53,13894,62884495.00,4.03,-2.64,-1.20,2.43
2016-08-26,43.52,43.94,44.44,43.52,9822,44310017.00,2.08,-0.57,-0.25,1.72
2016-08-29,43.94,43.78,44.21,42.95,6718,30133748.00,2.87,-0.36,-0.16,1.18
2016-08-30,43.80,43.64,44.38,43.52,5651,25447874.00,1.96,-0.32,-0.14,0.99
2016-08-31,43.56,43.70,43.92,43.27,6800,30353411.00,1.49,0.14,0.06,1.19
2016-09-01,43.70,43.80,44.35,43.55,8040,36179772.00,1.83,0.23,0.10,1.41
2016-09-02,43.76,42.99,44.23,42.24,9225,40967945.00,4.54,-1.85,-0.81,1.61
2016-09-05,43.04,43.27,43.44,42.72,6996,30970007.00,1.67,0.65,0.28,1.22
2016-09-06,43.27,44.77,44.91,42.74,12117,54743190.00,5.02,3.47,1.50,2.12
2016-09-07,44.94,44.48,44.94,44.42,8207,37511429.00,1.16,-0.65,-0.29,1.44
2016-09-08,44.34,44.55,44.90,44.26,7359,33596744.00,1.44,0.16,0.07,1.29
2016-09-09,44.55,44.54,45.19,44.34,8301,38048018.00,1.91,-0.02,-0.01,1.45
2016-09-12,43.24,42.84,44.17,42.84,10180,45081534.00,2.99,-3.82,-1.70,1.78
2016-09-13,43.25,42.96,43.36,42.74,5132,22595308.00,1.45,0.28,0.12,0.90
2016-09-14,42.66,42.69,43.19,42.62,4818,21147876.00,1.33,-0.63,-0.27,0.84
2016-09-19,42.79,43.14,43.77,42.79,6999,30993908.00,2.30,1.05,0.45,1.22
2016-09-20,43.55,43.06,43.55,42.89,4947,21828818.00,1.53,-0.19,-0.08,0.87
2016-09-21,43.09,43.50,43.61,42.99,7001,31082642.00,1.44,1.02,0.44,1.22
2016-09-22,43.89,43.31,43.89,43.29,6448,28758902.00,1.38,-0.44,-0.19,1.13
2016-09-23,43.62,44.07,44.82,43.35,15248,68923589.00,3.39,1.75,0.76,2.67
2016-09-26,44.24,43.54,44.83,43.38,13381,60649390.00,3.29,-1.20,-0.53,2.34
2016-09-27,43.26,44.21,44.53,42.64,11308,50269162.00,4.34,1.54,0.67,1.98
2016-09-28,44.14,44.27,44.54,44.00,9769,44250526.00,1.22,0.14,0.06,1.71
2016-09-29,44.10,44.27,44.69,44.05,7663,34793322.00,1.45,0.00,0.00,1.34
2016-09-30,43.97,44.53,44.68,43.94,7799,35412874.00,1.67,0.59,0.26,1.36
2016-10-10,44.83,45.64,46.13,44.64,18022,83919871.00,3.35,2.49,1.11,3.15
2016-10-11,45.63,45.93,46.10,45.44,11889,55650502.00,1.45,0.64,0.29,2.08
2016-10-12,45.94,46.20,46.29,45.50,16412,77244127.00,1.72,0.59,0.27,2.87
2016-10-13,46.36,46.03,46.37,45.64,11406,53579960.00,1.58,-0.37,-0.17,1.99
2016-10-14,45.80,45.30,46.02,44.90,10418,48250014.00,2.43,-1.59,-0.73,1.82
2016-10-17,45.14,44.38,45.23,44.30,10869,49782494.00,2.05,-2.03,-0.92,1.90
2016-10-18,44.58,45.20,45.23,44.28,9939,45597790.00,2.14,1.85,0.82,1.74
2016-10-19,45.19,44.61,45.50,44.41,10116,46358139.00,2.41,-1.31,-0.59,1.77
2016-10-20,44.50,44.85,45.22,44.32,9160,41971554.00,2.02,0.54,0.24,1.60
2016-10-21,44.77,43.94,44.88,43.62,12824,58003009.00,2.81,-2.03,-0.91,2.24
2016-10-24,43.75,44.24,44.53,43.62,8628,38916818.00,2.07,0.68,0.30,1.51
2016-10-25,44.53,44.67,44.89,44.15,8331,37961512.00,1.67,0.97,0.43,1.46
2016-10-26,44.93,44.50,44.94,44.06,9507,43241561.00,1.97,-0.38,-0.17,1.66
2016-10-27,44.65,44.77,44.77,44.39,8667,39574099.00,0.85,0.61,0.27,1.52
2016-10-28,44.92,43.97,44.92,43.72,10429,47213635.00,2.68,-1.79,-0.80,1.82
2016-10-31,43.64,45.62,45.72,43.32,18963,86649125.00,5.46,3.75,1.65,3.32
2016-11-01,45.53,46.74,47.44,45.30,34290,162885615.00,4.69,2.46,1.12,6.00
2016-11-02,46.29,45.60,46.54,45.42,21590,101673725.00,2.40,-2.44,-1.14,3.78
2016-11-03,45.54,47.30,48.64,45.54,36657,177303903.00,6.80,3.73,1.70,6.41
2016-11-04,46.74,47.54,48.08,46.74,22161,107524185.00,2.83,0.51,0.24,3.88
2016-11-07,47.44,46.67,47.54,46.35,17766,84887743.00,2.50,-1.83,-0.87,3.11
2016-11-08,46.85,46.94,47.43,46.45,12035,57689268.00,2.10,0.58,0.27,2.10
2016-11-09,46.52,45.80,47.18,45.45,15810,74641982.00,3.69,-2.43,-1.14,2.77
2016-11-10,47.47,47.70,50.48,47.47,36246,179663725.00,6.57,4.15,1.90,6.34
2016-11-11,47.94,50.87,52.53,47.89,56013,287405040.00,9.73,6.65,3.17,9.80
2016-11-14,50.84,50.34,51.80,49.86,43773,226503928.00,3.81,-1.04,-0.53,7.66
2016-11-15,50.19,50.09,50.88,49.24,25386,129227872.00,3.26,-0.50,-0.25,4.44
2016-11-16,50.12,49.78,52.44,49.74,25743,133129828.00,5.39,-0.62,-0.31,4.50
2016-11-17,50.60,49.82,51.44,48.94,31417,161551481.00,5.02,0.08,0.04,5.50
2016-11-18,50.94,51.12,51.43,50.14,35419,183902729.00,2.59,2.61,1.30,6.20
2016-11-21,51.14,53.20,53.81,50.34,45699,243143050.00,6.79,4.07,2.08,7.99
2016-11-22,53.24,52.87,53.31,51.97,32226,173093934.00,2.52,-0.62,-0.33,5.64
2016-11-23,52.54,51.04,52.54,50.99,26160,138044100.00,2.93,-3.46,-1.83,4.58
2016-11-24,51.19,49.74,51.42,49.41,20788,106700805.00,3.94,-2.55,-1.30,3.64
2016-11-25,48.72,48.64,49.14,46.94,31214,153281852.00,4.42,-2.21,-1.10,5.46
2016-11-28,48.59,47.60,48.59,47.54,14746,72102740.00,2.16,-2.14,-1.04,2.58
2016-11-29,47.84,47.20,48.08,47.09,11774,57195671.00,2.08,-0.84,-0.40,2.06
2016-11-30,47.18,47.32,47.99,46.92,12613,61316272.00,2.27,0.25,0.12,2.21
2016-12-01,47.44,46.73,47.60,46.66,13869,66704169.00,1.99,-1.25,-0.59,2.43
2016-12-02,46.82,45.64,47.04,45.40,14992,70705207.00,3.51,-2.33,-1.09,2.62
2016-12-05,45.22,45.34,46.11,43.97,7898,36754775.00,4.69,-0.66,-0.30,1.38
2016-12-06,45.75,45.63,46.04,45.45,6880,32182713.00,1.30,0.64,0.29,1.20
2016-12-07,45.64,46.54,46.65,45.36,12307,58148435.00,2.83,1.99,0.91,2.15
2016-12-08,46.44,45.93,46.64,45.89,6995,33070701.00,1.61,-1.31,-0.61,1.22
2016-12-09,45.84,45.06,46.12,45.04,8709,40495731.00,2.35,-1.89,-0.87,1.52
2016-12-12,44.94,40.57,45.47,40.55,18143,79834426.00,10.92,-9.96,-4.49,3.17
2016-12-13,40.94,40.67,41.12,39.94,8120,33838786.00,2.91,0.25,0.10,1.42
2016-12-14,40.92,40.64,40.92,39.94,8254,34293506.00,2.41,-0.07,-0.03,1.44
2016-12-15,40.24,41.19,42.03,40.24,10336,43699349.00,4.40,1.35,0.55,1.81
2016-12-16,41.19,41.37,41.82,40.98,6472,27460982.00,2.04,0.44,0.18,1.13
2016-12-19,41.10,41.62,41.93,41.10,5695,24192418.00,2.01,0.60,0.25,1.00
2016-12-20,41.61,41.79,41.92,41.25,4536,19370000.00,1.61,0.41,0.17,0.79
2016-12-21,42.11,42.58,42.74,41.79,8476,36857841.00,2.27,1.89,0.79,1.48
2016-12-22,42.06,41.74,42.45,41.32,9831,42081415.00,2.65,-1.97,-0.84,1.72
2016-12-23,41.74,40.73,41.82,40.64,8634,36592218.00,2.83,-2.42,-1.01,1.51
2016-12-26,40.73,41.68,42.09,39.74,12461,52505012.00,5.77,2.33,0.95,2.18
2016-12-27,41.64,42.30,42.67,41.64,12027,51967863.00,2.47,1.49,0.62,2.10
2016-12-28,42.00,41.82,42.34,41.65,7213,30941904.00,1.63,-1.13,-0.48,1.26
2016-12-29,41.84,41.83,42.42,41.47,5311,22880005.00,2.27,0.02,0.01,0.93
2016-12-30,41.99,42.06,42.54,41.49,4279,18407013.00,2.51,0.55,0.23,0.75