2023-01-03,4.10,4.14,4.15,4.06,176457,72549414.98,2.20,0.98,0.04,0.47
2023-01-04,4.14,4.12,4.15,4.10,150441,62028694.68,1.21,-0.48,-0.02,0.40
2023-01-05,4.13,4.13,4.14,4.11,168962,69692052.35,0.73,0.24,0.01,0.45
2023-01-06,4.12,4.12,4.17,4.11,181277,75043301.29,1.45,-0.24,-0.01,0.49
2023-01-09,4.15,4.21,4.23,4.13,370690,155452340.09,2.43,2.18,0.09,0.99
2023-01-10,4.24,4.18,4.25,4.18,222760,93750146.09,1.66,-0.71,-0.03,0.60
2023-01-11,4.20,4.21,4.23,4.19,208627,87883309.27,0.96,0.72,0.03,0.56
2023-01-12,4.23,4.19,4.24,4.17,170191,71562917.90,1.66,-0.48,-0.02,0.46
2023-01-13,4.22,4.23,4.26,4.19,211069,89091752.48,1.67,0.95,0.04,0.56
2023-01-16,4.23,4.24,4.28,4.23,250250,106449807.83,1.18,0.24,0.01,0.67
2023-01-17,4.24,4.25,4.26,4.22,145389,61633891.36,0.94,0.24,0.01,0.39
2023-01-18,4.25,4.29,4.31,4.24,316096,135494381.50,1.65,0.94,0.04,0.85
2023-01-19,4.27,4.32,4.32,4.25,254643,109285635.18,1.63,0.70,0.03,0.68
2023-01-20,4.34,4.43,4.44,4.32,509625,224260880.55,2.78,2.55,0.11,1.36
2023-01-30,4.48,4.41,4.53,4.40,499044,222275600.63,2.93,-0.45,-0.02,1.34
2023-01-31,4.42,4.44,4.46,4.40,307706,136436823.50,1.36,0.68,0.03,0.82
2023-02-01,4.46,4.58,4.63,4.44,714356,326194248.99,4.28,3.15,0.14,1.91
2023-02-02,4.57,4.53,4.57,4.50,368166,166544628.77,1.53,-1.09,-0.05,0.99