2020-01-02,3.69,3.78,3.88,3.67,261418,100278542.00,5.72,3.00,0.11,1.22
2020-01-03,3.77,3.73,3.77,3.71,155789,59256640.00,1.59,-1.32,-0.05,0.73
2020-01-06,3.69,3.71,3.75,3.68,107900,40891986.00,1.88,-0.54,-0.02,0.50
2020-01-07,3.72,3.74,3.74,3.71,86920,32970818.00,0.81,0.81,0.03,0.40
2020-01-08,3.72,3.66,3.73,3.65,107786,40492235.00,2.14,-2.14,-0.08,0.50
2020-01-09,3.69,3.69,3.72,3.67,61624,23208239.00,1.37,0.82,0.03,0.29
2020-01-10,3.71,3.69,3.72,3.66,68657,25780802.00,1.63,0.00,0.00,0.32
2020-01-13,3.69,3.72,3.72,3.64,79120,29636250.00,2.17,0.81,0.03,0.37
2020-01-14,3.72,3.76,3.77,3.70,116465,44371630.00,1.88,1.08,0.04,0.54
2020-01-15,3.76,3.70,3.76,3.67,89735,33816946.00,2.39,-1.60,-0.06,0.42
2020-01-16,3.72,3.69,3.75,3.68,64835,24506459.00,1.89,-0.27,-0.01,0.30
2020-01-17,3.70,3.69,3.72,3.68,45630,17176085.00,1.08,0.00,0.00,0.21
2020-01-20,3.69,3.70,3.70,3.65,60167,22529259.00,1.36,0.27,0.01,0.28
2020-01-21,3.69,3.60,3.70,3.57,99544,36758227.00,3.51,-2.70,-0.10,0.46
2020-01-22,3.58,3.59,3.60,3.53,65045,23668667.00,1.94,-0.28,-0.01,0.30
2020-01-23,3.58,3.49,3.60,3.45,102141,36599898.00,4.18,-2.79,-0.10,0.48
2020-02-03,3.13,3.13,3.13,3.13,42787,13691840.00,0.00,-10.32,-0.36,0.20
2020-02-04,2.84,3.07,3.13,2.84,148446,46333505.00,9.27,-1.92,-0.06,0.69
2020-02-05,3.06,3.11,3.15,3.03,85064,27081883.00,3.91,1.30,0.04,0.40
2020-02-06,3.11,3.13,3.14,3.09,84325,26880565.00,1.61,0.64,0.02,0.39
2020-02-07,3.13,3.12,3.14,3.07,76259,24216540.00,2.24,-0.32,-0.01,0.36
2020-02-10,3.09,3.16,3.17,3.08,80212,25665812.00,2.88,1.28,0.04,0.37
2020-02-11,3.15,3.17,3.22,3.14,84627,27519082.00,2.53,0.32,0.01,0.39
2020-02-12,3.16,3.20,3.21,3.15,63118,20477585.00,1.89,0.95,0.03,0.29
2020-02-13,3.19,3.16,3.21,3.14,63772,20620752.00,2.19,-1.25,-0.04,0.30
2020-02-14,3.15,3.15,3.17,3.13,47989,15451422.00,1.27,-0.32,-0.01,0.22
2020-02-17,3.15,3.23,3.23,3.14,92616,30314029.00,2.86,2.54,0.08,0.43
2020-02-18,3.24,3.24,3.27,3.22,86387,28639512.00,1.55,0.31,0.01,0.40
2020-02-19,3.24,3.25,3.27,3.22,73212,24322827.00,1.54,0.31,0.01,0.34
2020-02-20,3.26,3.34,3.36,3.24,119272,40338076.00,3.69,2.77,0.09,0.56
2020-02-21,3.35,3.35,3.37,3.31,104206,35515403.00,1.80,0.30,0.01,0.49
2020-02-24,3.32,3.27,3.33,3.25,122535,41012697.00,2.39,-2.39,-0.08,0.57
2020-02-25,3.21,3.20,3.22,3.14,139139,45309817.00,2.45,-2.14,-0.07,0.65
2020-02-26,3.16,3.25,3.29,3.15,125814,41587407.00,4.38,1.56,0.05,0.59
2020-02-27,3.24,3.23,3.31,3.22,89592,29784967.00,2.77,-0.62,-0.02,0.42
2020-02-28,3.18,3.09,3.20,3.09,145439,46661573.00,3.41,-4.33,-0.14,0.68
2020-03-02,3.12,3.22,3.22,3.12,94456,30791655.00,3.24,4.21,0.13,0.44
2020-03-03,3.24,3.28,3.32,3.21,167586,55947053.00,3.42,1.86,0.06,0.78
2020-03-04,3.22,3.31,3.31,3.21,121432,40508334.00,3.05,0.91,0.03,0.57
2020-03-05,3.33,3.38,3.42,3.33,173316,59551046.00,2.72,2.11,0.07,0.81
2020-03-06,3.35,3.35,3.37,3.30,116262,39602401.00,2.07,-0.89,-0.03,0.54
2020-03-09,3.46,3.40,3.61,3.37,368208,129902653.00,7.16,1.49,0.05,1.72
2020-03-10,3.33,3.35,3.39,3.21,268472,90629725.00,5.29,-1.47,-0.05,1.25
2020-03-11,3.41,3.50,3.55,3.40,373548,132689339.00,4.48,4.48,0.15,1.74
2020-03-12,3.44,3.50,3.57,3.38,337375,119607563.00,5.43,0.00,0.00,1.57
2020-03-13,3.39,3.38,3.45,3.30,260948,89761501.00,4.29,-3.43,-0.12,1.22
2020-03-16,3.39,3.23,3.44,3.23,199227,67846639.00,6.21,-4.44,-0.15,0.93
2020-03-17,3.23,3.23,3.28,3.09,165339,53732210.00,5.88,0.00,0.00,0.77
2020-03-18,3.25,3.13,3.27,3.12,148955,48709083.00,4.64,-3.10,-0.10,0.69
2020-03-19,3.14,3.13,3.15,3.09,106098,33830044.00,1.92,0.00,0.00,0.49
2020-03-20,3.15,3.18,3.21,3.14,94190,30547656.00,2.24,1.60,0.05,0.44
2020-03-23,3.09,3.06,3.13,3.06,91580,28976380.00,2.20,-3.77,-0.12,0.43
2020-03-24,3.10,3.12,3.19,3.03,99825,31692938.00,5.23,1.96,0.06,0.47
2020-03-25,3.17,3.16,3.19,3.13,88686,28617663.00,1.92,1.28,0.04,0.41
2020-03-26,3.16,3.13,3.21,3.13,88101,28562494.00,2.53,-0.95,-0.03,0.41
2020-03-27,3.17,3.13,3.18,3.12,84879,27346310.00,1.92,0.00,0.00,0.40
2020-03-30,3.11,3.06,3.11,3.04,80590,25268463.00,2.24,-2.24,-0.07,0.38
2020-03-31,3.09,3.11,3.18,3.06,107438,34258644.00,3.92,1.63,0.05,0.50
2020-04-01,3.07,3.07,3.13,3.06,63116,19983607.00,2.25,-1.29,-0.04,0.29
2020-04-02,3.05,3.10,3.10,3.05,56380,17779821.00,1.63,0.98,0.03,0.26
2020-04-03,3.09,3.07,3.09,3.05,59202,18604013.00,1.29,-0.97,-0.03,0.28
2020-04-07,3.11,3.13,3.15,3.09,74423,23738098.00,1.95,1.95,0.06,0.35
2020-04-08,3.11,3.16,3.20,3.10,104793,33717439.00,3.19,0.96,0.03,0.49
2020-04-09,3.16,3.16,3.18,3.14,70507,22770073.00,1.27,0.00,0.00,0.33
2020-04-10,3.17,3.12,3.18,3.10,77132,24735956.00,2.53,-1.27,-0.04,0.36
2020-04-13,3.10,3.10,3.13,3.09,54221,17248636.00,1.28,-0.64,-0.02,0.25
2020-04-14,3.10,3.12,3.13,3.10,51256,16345940.00,0.97,0.65,0.02,0.24
2020-04-15,3.13,3.11,3.14,3.10,46382,14794735.00,1.28,-0.32,-0.01,0.22
2020-04-16,3.10,3.10,3.12,3.07,48064,15220365.00,1.61,-0.32,-0.01,0.22
2020-04-17,3.10,3.10,3.16,3.09,47183,15051863.00,2.26,0.00,0.00,0.22
2020-04-20,3.10,3.12,3.14,3.08,58325,18609797.00,1.94,0.65,0.02,0.27
2020-04-21,3.18,3.15,3.23,3.13,109104,35443426.00,3.21,0.96,0.03,0.51
2020-04-22,3.15,3.15,3.18,3.11,71771,23043466.00,2.22,0.00,0.00,0.33
2020-04-23,3.12,3.18,3.22,3.11,123627,40183869.00,3.49,0.95,0.03,0.58
2020-04-24,3.15,3.10,3.16,3.09,87130,27718777.00,2.20,-2.52,-0.08,0.41
2020-04-27,3.09,3.08,3.11,3.08,54181,17124259.00,0.97,-0.65,-0.02,0.25
2020-04-28,3.09,3.00,3.09,2.95,77817,23992332.00,4.55,-2.60,-0.08,0.36
2020-04-29,3.01,2.99,3.03,2.97,39962,12253441.00,2.00,-0.33,-0.01,0.19
2020-04-30,3.00,3.04,3.07,2.99,69546,21634298.00,2.68,1.67,0.05,0.32
2020-05-06,3.00,3.04,3.05,2.99,61992,19207893.00,1.97,0.00,0.00,0.29
2020-05-07,3.04,3.02,3.05,3.01,50163,15534146.00,1.32,-0.66,-0.02,0.23
2020-05-08,3.03,3.03,3.04,3.01,40334,12508081.00,0.99,0.33,0.01,0.19
2020-05-11,3.02,3.02,3.05,3.01,43876,13598499.00,1.32,-0.33,-0.01,0.20
2020-05-12,3.03,2.99,3.03,2.98,49609,15244665.00,1.66,-0.99,-0.03,0.23
2020-05-13,2.99,2.99,3.00,2.97,35964,10966929.00,1.00,0.00,0.00,0.17
2020-05-14,2.98,2.95,2.98,2.95,35611,10808698.00,1.00,-1.34,-0.04,0.17
2020-05-15,2.97,2.97,3.01,2.96,44770,13665422.00,1.69,0.68,0.02,0.21
2020-05-18,2.96,2.94,2.97,2.92,56769,17095969.00,1.68,-1.01,-0.03,0.26
2020-05-19,2.94,2.96,2.98,2.94,45411,13801561.00,1.36,0.68,0.02,0.21
2020-05-20,2.97,2.94,2.97,2.93,31576,9505919.00,1.35,-0.68,-0.02,0.15
2020-05-21,2.94,2.91,2.95,2.90,42521,12730268.00,1.70,-1.02,-0.03,0.20
2020-05-22,2.90,2.86,2.91,2.85,47486,13993995.00,2.06,-1.72,-0.05,0.22
2020-05-25,2.86,2.85,2.88,2.83,38641,11298092.00,1.75,-0.35,-0.01,0.18
2020-05-26,2.85,2.88,2.88,2.85,39281,11528332.00,1.05,1.05,0.03,0.18
2020-05-27,2.88,2.86,2.88,2.85,31020,9098223.00,1.04,-0.69,-0.02,0.14
2020-05-28,2.87,2.89,2.92,2.86,60301,17873822.00,2.10,1.05,0.03,0.28
2020-05-29,2.88,2.89,2.91,2.86,55273,16303229.00,1.73,0.00,0.00,0.26
2020-06-01,2.90,2.96,2.98,2.88,87532,26419916.00,3.46,2.42,0.07,0.41
2020-06-02,3.06,3.01,3.06,2.97,70168,21573496.00,3.04,1.69,0.05,0.33
2020-06-03,3.01,3.02,3.05,3.00,64298,19866646.00,1.66,0.33,0.01,0.30
2020-06-04,3.04,3.01,3.04,3.00,37560,11577681.00,1.32,-0.33,-0.01,0.17
2020-06-05,3.02,3.00,3.02,2.96,35823,10981133.00,1.99,-0.33,-0.01,0.17
2020-06-08,3.02,3.02,3.04,3.00,49875,15422526.00,1.33,0.67,0.02,0.23
2020-06-09,3.04,3.02,3.04,3.01,56280,17421842.00,0.99,0.00,0.00,0.26
2020-06-10,3.02,2.98,3.02,2.97,37336,11406026.00,1.66,-1.32,-0.04,0.17
2020-06-11,2.98,2.96,3.00,2.95,45451,13824365.00,1.68,-0.67,-0.02,0.21
2020-06-12,2.93,2.95,2.97,2.90,37783,11360756.00,2.36,-0.34,-0.01,0.18
2020-06-15,2.94,2.94,2.97,2.93,34462,10409736.00,1.36,-0.34,-0.01,0.16
2020-06-16,2.95,2.99,2.99,2.95,41255,12531108.00,1.36,1.70,0.05,0.19
2020-06-17,2.99,2.97,3.00,2.95,47200,14380096.00,1.67,-0.67,-0.02,0.22
2020-06-18,3.01,3.03,3.05,3.00,82077,25412475.00,1.68,2.02,0.06,0.38
2020-06-19,3.07,3.05,3.13,3.05,101834,32035999.00,2.64,0.66,0.02,0.47
2020-06-22,3.07,2.99,3.07,2.99,65496,20243706.00,2.62,-1.97,-0.06,0.31
2020-06-23,2.98,2.96,3.00,2.95,54145,16447116.00,1.67,-1.00,-0.03,0.25
2020-06-24,2.97,2.97,2.99,2.95,42173,12809976.00,1.35,0.34,0.01,0.20
2020-06-29,2.96,2.93,2.98,2.92,38186,11503995.00,2.02,-1.35,-0.04,0.18
2020-06-30,2.94,3.01,3.02,2.93,70941,21524343.00,3.07,2.73,0.08,0.33
2020-07-01,2.99,3.01,3.02,2.96,78906,24142147.00,1.99,0.00,0.00,0.37
2020-07-02,3.01,3.09,3.11,3.00,145293,45544249.00,3.65,2.66,0.08,0.68
2020-07-03,3.08,3.25,3.28,3.08,255158,83002570.00,6.47,5.18,0.16,1.19
2020-07-06,3.30,3.40,3.44,3.24,316259,107824246.00,6.15,4.62,0.15,1.47
2020-07-07,3.50,3.34,3.50,3.34,276539,96346047.00,4.71,-1.76,-0.06,1.29
2020-07-08,3.33,3.41,3.42,3.31,190985,65599413.00,3.29,2.10,0.07,0.89
2020-07-09,3.41,3.43,3.45,3.38,220055,76528233.00,2.05,0.59,0.02,1.03
2020-07-10,3.37,3.35,3.42,3.34,173658,59921765.00,2.33,-2.33,-0.08,0.81
2020-07-13,3.37,3.44,3.46,3.37,204014,71085373.00,2.69,2.69,0.09,0.95
2020-07-14,3.44,3.43,3.51,3.37,195837,68553211.00,4.07,-0.29,-0.01,0.91
2020-07-15,3.43,3.34,3.45,3.31,156834,53937082.00,4.08,-2.62,-0.09,0.73
2020-07-16,3.35,3.22,3.39,3.20,144708,48840900.00,5.69,-3.59,-0.12,0.67
2020-07-17,3.25,3.23,3.30,3.21,93700,31080720.00,2.80,0.31,0.01,0.44
2020-07-20,3.26,3.37,3.37,3.22,147477,49728056.00,4.64,4.33,0.14,0.69
2020-07-21,3.37,3.35,3.39,3.33,90764,31108499.00,1.78,-0.59,-0.02,0.42
2020-07-22,3.34,3.36,3.40,3.30,104646,35904727.00,2.99,0.30,0.01,0.49
2020-07-23,3.33,3.31,3.35,3.25,100200,33697690.00,2.98,-1.49,-0.05,0.47
2020-07-24,3.28,3.18,3.32,3.13,169983,56016407.00,5.74,-3.93,-0.13,0.79
2020-07-27,3.17,3.17,3.22,3.15,101399,33042817.00,2.20,-0.31,-0.01,0.47
2020-07-28,3.20,3.21,3.23,3.17,69886,22865285.00,1.89,1.26,0.04,0.33
2020-07-29,3.20,3.27,3.29,3.16,93625,31006004.00,4.05,1.87,0.06,0.44
2020-07-30,3.26,3.27,3.31,3.24,79440,26559545.00,2.14,0.00,0.00,0.37
2020-07-31,3.27,3.26,3.31,3.21,98193,32644880.00,3.06,-0.31,-0.01,0.46
2020-08-03,3.28,3.38,3.43,3.28,168402,57790632.00,4.60,3.68,0.12,0.78
2020-08-04,3.37,3.37,3.41,3.33,120457,41294092.00,2.37,-0.30,-0.01,0.56
2020-08-05,3.34,3.35,3.36,3.31,96068,32751386.00,1.48,-0.59,-0.02,0.45
2020-08-06,3.35,3.33,3.36,3.30,81891,27776394.00,1.79,-0.60,-0.02,0.38
2020-08-07,3.30,3.31,3.34,3.27,104184,35181352.00,2.10,-0.60,-0.02,0.49
2020-08-10,3.31,3.38,3.41,3.29,182430,62854520.00,3.63,2.11,0.07,0.85
2020-08-11,3.40,3.48,3.64,3.40,508186,182684569.00,7.10,2.96,0.10,2.37
2020-08-12,3.51,3.54,3.58,3.45,310562,111014394.00,3.74,1.72,0.06,1.45
2020-08-13,3.51,3.45,3.53,3.43,214061,75641967.00,2.82,-2.54,-0.09,1.00
2020-08-14,3.46,3.47,3.51,3.42,135897,48128922.00,2.61,0.58,0.02,0.63
2020-08-17,3.52,3.51,3.57,3.49,201145,72397997.00,2.31,1.15,0.04,0.94
2020-08-18,3.50,3.46,3.52,3.45,122449,43441390.00,1.99,-1.42,-0.05,0.57
2020-08-19,3.49,3.49,3.53,3.43,144666,51394218.00,2.89,0.87,0.03,0.67
2020-08-20,3.47,3.45,3.52,3.44,93040,32947823.00,2.29,-1.15,-0.04,0.43
2020-08-21,3.48,3.44,3.48,3.43,73480,25839538.00,1.45,-0.29,-0.01,0.34
2020-08-24,3.43,3.43,3.48,3.42,91144,32028748.00,1.74,-0.29,-0.01,0.42
2020-08-25,3.44,3.38,3.46,3.36,109615,38092431.00,2.92,-1.46,-0.05,0.51
2020-08-26,3.37,3.33,3.41,3.31,95510,32705424.00,2.96,-1.48,-0.05,0.44
2020-08-27,3.34,3.35,3.36,3.31,67671,23066398.00,1.50,0.60,0.02,0.32
2020-08-28,3.36,3.40,3.40,3.32,103542,35545253.00,2.39,1.49,0.05,0.48
2020-08-31,3.40,3.34,3.43,3.34,95632,33105546.00,2.65,-1.76,-0.06,0.45
2020-09-01,3.35,3.38,3.38,3.33,66358,22744225.00,1.50,1.20,0.04,0.31
2020-09-02,3.37,3.34,3.38,3.31,88825,30318744.00,2.07,-1.18,-0.04,0.41
2020-09-03,3.36,3.33,3.37,3.31,57983,19786022.00,1.80,-0.30,-0.01,0.27
2020-09-04,3.29,3.32,3.33,3.28,65394,22081137.00,1.50,-0.30,-0.01,0.30
2020-09-07,3.33,3.33,3.42,3.32,91638,31457825.00,3.01,0.30,0.01,0.43
2020-09-08,3.34,3.46,3.47,3.33,156715,54696132.00,4.20,3.90,0.13,0.73
2020-09-09,3.41,3.56,3.68,3.41,395961,143957122.00,7.80,2.89,0.10,1.84
2020-09-10,3.54,3.42,3.58,3.40,234955,83499460.00,5.06,-3.93,-0.14,1.09
2020-09-11,3.43,3.35,3.45,3.33,126367,43559923.00,3.51,-2.05,-0.07,0.59
2020-09-14,3.36,3.31,3.37,3.30,137200,46695790.00,2.09,-1.19,-0.04,0.64
2020-09-15,3.31,3.35,3.35,3.29,72245,24411689.00,1.81,1.21,0.04,0.34
2020-09-16,3.35,3.31,3.36,3.31,71124,24204417.00,1.49,-1.19,-0.04,0.33
2020-09-17,3.30,3.32,3.35,3.29,67919,22995806.00,1.81,0.30,0.01,0.32
2020-09-18,3.32,3.38,3.39,3.31,84896,28980398.00,2.41,1.81,0.06,0.40
2020-09-21,3.37,3.33,3.39,3.33,73717,25274408.00,1.78,-1.48,-0.05,0.34
2020-09-22,3.33,3.27,3.34,3.27,93584,31535675.00,2.10,-1.80,-0.06,0.44
2020-09-23,3.28,3.27,3.29,3.26,52868,17690955.00,0.92,0.00,0.00,0.25
2020-09-24,3.26,3.19,3.26,3.18,68528,22497171.00,2.45,-2.45,-0.08,0.32
2020-09-25,3.22,3.23,3.23,3.19,51878,17005954.00,1.25,1.25,0.04,0.24
2020-09-28,3.24,3.21,3.26,3.20,54589,17973918.00,1.86,-0.62,-0.02,0.25
2020-09-29,3.22,3.27,3.28,3.20,55179,18334998.00,2.49,1.87,0.06,0.26
2020-09-30,3.26,3.17,3.28,3.15,77178,25281323.00,3.98,-3.06,-0.10,0.36
2020-10-09,3.23,3.28,3.33,3.21,86783,29019815.00,3.79,3.47,0.11,0.40
2020-10-12,3.31,3.34,3.35,3.28,87542,29711067.00,2.13,1.83,0.06,0.41
2020-10-13,3.34,3.31,3.35,3.28,82221,27786217.00,2.10,-0.90,-0.03,0.38
2020-10-14,3.30,3.31,3.32,3.28,48434,16308629.00,1.21,0.00,0.00,0.23
2020-10-15,3.30,3.27,3.31,3.27,48394,16228787.00,1.21,-1.21,-0.04,0.23
2020-10-16,3.28,3.28,3.29,3.26,43750,14620035.00,0.92,0.31,0.01,0.20
2020-10-19,3.29,3.28,3.32,3.26,61132,20549271.00,1.83,0.00,0.00,0.28
2020-10-20,3.27,3.29,3.30,3.25,40383,13478128.00,1.52,0.30,0.01,0.19
2020-10-21,3.28,3.24,3.29,3.22,60562,20050901.00,2.13,-1.52,-0.05,0.28
2020-10-22,3.23,3.27,3.32,3.23,84734,28403268.00,2.78,0.93,0.03,0.39
2020-10-23,3.29,3.30,3.31,3.26,86458,29051660.00,1.53,0.92,0.03,0.40
2020-10-26,3.30,3.26,3.34,3.24,98576,33157260.00,3.03,-1.21,-0.04,0.46
2020-10-27,3.24,3.21,3.24,3.20,55479,18244253.00,1.23,-1.53,-0.05,0.26
2020-10-28,3.21,3.23,3.24,3.18,34800,11423105.00,1.87,0.62,0.02,0.16
2020-10-29,3.21,3.24,3.26,3.20,45375,14977749.00,1.86,0.31,0.01,0.21
2020-10-30,3.23,3.15,3.25,3.14,69698,22728058.00,3.40,-2.78,-0.09,0.32
2020-11-02,3.18,3.32,3.39,3.16,180324,60072815.00,7.30,5.40,0.17,0.84
2020-11-03,3.29,3.33,3.37,3.26,153750,52032597.00,3.31,0.30,0.01,0.72
2020-11-04,3.34,3.29,3.34,3.25,84923,28471854.00,2.70,-1.20,-0.04,0.40
2020-11-05,3.31,3.44,3.53,3.29,220751,76619886.00,7.29,4.56,0.15,1.03
2020-11-06,3.41,3.79,3.79,3.38,912454,343241056.00,11.92,10.17,0.35,4.25
2020-11-09,3.80,4.18,4.18,3.71,1296456,534893248.00,12.40,10.29,0.39,6.04
2020-11-10,4.31,4.23,4.58,4.08,1557625,685363936.00,11.96,1.20,0.05,7.26
2020-11-11,4.03,3.80,4.06,3.80,997646,390979120.00,6.15,-10.17,-0.43,4.65
2020-11-12,3.73,3.79,3.86,3.65,524886,201103587.00,5.53,-0.26,-0.01,2.45
2020-11-13,3.72,3.67,3.78,3.62,505066,189716877.00,4.22,-3.17,-0.12,2.35
2020-11-16,3.76,3.71,3.85,3.65,489789,186462160.00,5.45,1.09,0.04,2.28
2020-11-17,3.69,4.09,4.09,3.65,734730,291575968.00,11.86,10.24,0.38,3.42
2020-11-18,4.24,4.03,4.30,3.96,1000678,418798896.00,8.31,-1.47,-0.06,4.66
2020-11-19,4.01,3.93,4.12,3.88,581273,234325341.00,5.96,-2.48,-0.10,2.71
2020-11-20,3.92,4.33,4.33,3.83,811149,340139360.00,12.72,10.18,0.40,3.78
2020-11-23,4.73,4.77,4.77,4.53,1456890,699423072.00,5.54,10.16,0.44,6.79
2020-11-24,4.84,4.58,5.03,4.57,1882031,918571744.00,9.64,-3.98,-0.19,8.77
2020-11-25,4.67,4.52,4.86,4.44,1132900,529036448.00,9.17,-1.31,-0.06,5.28
2020-11-26,4.44,4.62,4.62,4.36,888127,405956816.00,5.75,2.21,0.10,4.14
2020-11-27,4.52,4.36,4.56,4.32,775724,347467600.00,5.19,-5.63,-0.26,3.61
2020-11-30,4.34,4.29,4.48,4.21,649344,286932208.00,6.19,-1.61,-0.07,3.02
2020-12-01,4.26,4.29,4.30,4.13,523494,225149052.00,3.96,0.00,0.00,2.44
2020-12-02,4.28,4.53,4.68,4.23,932633,423883424.00,10.49,5.59,0.24,4.34
2020-12-03,4.43,4.29,4.46,4.28,559351,247223074.00,3.97,-5.30,-0.24,2.61
2020-12-04,4.35,4.45,4.58,4.28,590286,265136627.00,6.99,3.73,0.16,2.75
2020-12-07,4.49,4.31,4.49,4.28,446996,197155062.00,4.72,-3.15,-0.14,2.08
2020-12-08,4.13,4.04,4.17,3.93,693011,285503008.00,5.57,-6.26,-0.27,3.23
2020-12-09,4.04,3.91,4.06,3.89,363669,146404306.00,4.21,-3.22,-0.13,1.69
2020-12-10,3.91,3.84,4.01,3.81,353953,140355615.00,5.12,-1.79,-0.07,1.65
2020-12-11,3.85,3.72,3.88,3.68,408978,155962865.00,5.21,-3.13,-0.12,1.91
2020-12-14,3.73,3.79,3.80,3.71,260332,99705229.00,2.42,1.88,0.07,1.21
2020-12-15,3.78,3.86,3.91,3.75,298477,116644955.00,4.22,1.85,0.07,1.39
2020-12-16,3.86,3.75,3.87,3.74,233432,90030957.00,3.37,-2.85,-0.11,1.09
2020-12-17,3.77,4.13,4.13,3.75,554276,225063600.00,10.13,10.13,0.38,2.58
2020-12-18,4.13,4.04,4.18,3.93,554036,228647123.00,6.05,-2.18,-0.09,2.58
2020-12-21,3.99,4.07,4.14,3.95,407298,168327566.00,4.70,0.74,0.03,1.90
2020-12-22,4.08,3.87,4.09,3.83,374216,150168782.00,6.39,-4.91,-0.20,1.74
2020-12-23,3.85,3.90,3.98,3.85,257523,102914407.00,3.36,0.78,0.03,1.20
2020-12-24,3.96,4.22,4.30,3.90,862258,367511872.00,10.26,8.21,0.32,4.02
2020-12-25,4.15,4.51,4.60,4.04,1007204,447806576.00,13.27,6.87,0.29,4.69
2020-12-28,4.48,4.52,4.68,4.36,831390,380944864.00,7.10,0.22,0.01,3.87
2020-12-29,4.46,4.42,4.75,4.29,871817,395795376.00,10.18,-2.21,-0.10,4.06
2020-12-30,4.33,4.48,4.73,4.29,751810,344792288.00,9.95,1.36,0.06,3.50
2020-12-31,4.52,4.48,4.70,4.40,917034,423591152.00,6.70,0.00,0.00,4.27