2021-01-04,12.63,12.03,12.63,11.98,26195,31804082.00,5.23,-3.22,-0.40,1.31
2021-01-05,12.04,11.30,12.04,11.12,33729,38743545.00,7.65,-6.07,-0.73,1.69
2021-01-06,11.30,10.82,11.42,10.76,28631,31368787.00,5.84,-4.25,-0.48,1.43
2021-01-07,10.82,10.32,10.92,10.23,24084,25319862.00,6.38,-4.62,-0.50,1.20
2021-01-08,10.03,10.45,10.85,9.93,26015,27081429.00,8.91,1.26,0.13,1.30
2021-01-11,10.20,10.27,10.64,10.17,16230,16869396.00,4.50,-1.72,-0.18,0.81
2021-01-12,10.24,10.40,10.62,10.17,14571,15213583.00,4.38,1.27,0.13,0.73
2021-01-13,10.40,9.97,10.44,9.92,18550,18706822.00,5.00,-4.13,-0.43,0.93
2021-01-14,9.97,10.08,10.14,9.70,16240,16100695.00,4.41,1.10,0.11,0.81
2021-01-15,10.03,10.40,10.43,9.92,13980,14358552.00,5.06,3.17,0.32,0.70
2021-01-18,10.40,10.56,10.74,10.32,12232,12926140.00,4.04,1.54,0.16,0.61
2021-01-19,10.64,11.18,11.30,10.50,23769,26101939.00,7.58,5.87,0.62,1.19
2021-01-20,11.13,10.77,11.13,10.70,16231,17598839.00,3.85,-3.67,-0.41,0.81
2021-01-21,10.75,10.89,11.00,10.70,10430,11306233.00,2.79,1.11,0.12,0.52
2021-01-22,10.88,10.55,10.88,10.38,11521,12156041.00,4.59,-3.12,-0.34,0.58
2021-01-25,10.72,10.22,10.72,10.15,11578,11901475.00,5.40,-3.13,-0.33,0.58
2021-01-26,10.12,10.28,10.57,10.05,11870,12301943.00,5.09,0.59,0.06,0.59
2021-01-27,10.23,10.24,10.65,10.16,9552,9877047.00,4.77,-0.39,-0.04,0.48
2021-01-28,10.20,9.99,10.37,9.99,9927,10003326.00,3.71,-2.44,-0.25,0.50
2021-01-29,10.03,9.89,10.24,9.77,8505,8434028.00,4.70,-1.00,-0.10,0.43
2021-02-01,9.99,10.01,10.32,9.94,7331,7390098.00,3.84,1.21,0.12,0.37
2021-02-02,10.01,9.80,10.25,9.71,8506,8380857.00,5.39,-2.10,-0.21,0.43
2021-02-03,9.80,9.36,9.84,9.35,12681,12081137.00,5.00,-4.49,-0.44,0.63
2021-02-04,9.54,9.20,9.54,9.12,9488,8732200.00,4.49,-1.71,-0.16,0.47
2021-02-05,9.20,9.38,9.76,9.20,13622,12889764.00,6.09,1.96,0.18,0.68
2021-02-08,9.26,8.82,9.34,8.78,15112,13582155.00,5.97,-5.97,-0.56,0.76
2021-02-09,8.81,8.86,8.99,8.48,19805,17279052.00,5.78,0.45,0.04,0.99
2021-02-10,8.94,9.12,9.39,8.76,17242,15777169.00,7.11,2.93,0.26,0.86
2021-02-18,9.14,9.71,9.97,9.00,20032,19203340.00,10.64,6.47,0.59,1.00
2021-02-19,9.62,10.32,10.35,9.62,22576,22826966.00,7.52,6.28,0.61,1.13
2021-02-22,10.32,10.62,11.10,10.22,24188,25956382.00,8.53,2.91,0.30,1.21
2021-02-23,10.55,10.63,10.78,10.31,12603,13327887.00,4.43,0.09,0.01,0.63
2021-02-24,10.66,10.55,10.77,10.45,8185,8660830.00,3.01,-0.75,-0.08,0.41
2021-02-25,10.47,10.41,10.64,10.34,9153,9555093.00,2.84,-1.33,-0.14,0.46
2021-02-26,10.32,10.45,10.66,10.31,8209,8604612.00,3.36,0.38,0.04,0.41
2021-03-01,10.45,10.65,10.70,10.45,7224,7673568.00,2.39,1.91,0.20,0.36
2021-03-02,10.69,10.62,10.74,10.43,8326,8789562.00,2.91,-0.28,-0.03,0.42
2021-03-03,10.56,10.67,10.77,10.52,10323,11009048.00,2.35,0.47,0.05,0.52
2021-03-04,10.65,10.74,10.79,10.56,10247,10989657.00,2.16,0.66,0.07,0.51
2021-03-05,10.64,10.85,10.94,10.64,12463,13444762.00,2.79,1.02,0.11,0.62
2021-03-08,10.89,11.18,11.58,10.87,19220,21621950.00,6.54,3.04,0.33,0.96
2021-03-09,11.25,10.62,11.39,10.11,17471,18622123.00,11.45,-5.01,-0.56,0.87
2021-03-10,10.53,10.31,10.61,10.25,8602,8953205.00,3.39,-2.92,-0.31,0.43
2021-03-11,10.23,11.08,11.14,10.23,24634,26812764.00,8.83,7.47,0.77,1.23
2021-03-12,11.12,11.30,11.52,10.92,22392,25163904.00,5.42,1.99,0.22,1.12
2021-03-15,11.30,11.16,11.60,10.96,13636,15315266.00,5.66,-1.24,-0.14,0.68
2021-03-16,11.26,11.30,11.31,11.00,8477,9474260.00,2.78,1.25,0.14,0.42
2021-03-17,11.32,11.03,11.46,11.00,9301,10311178.00,4.07,-2.39,-0.27,0.47
2021-03-18,11.07,10.88,11.07,10.79,7748,8414361.00,2.54,-1.36,-0.15,0.39
2021-03-19,10.77,10.94,11.19,10.73,9480,10444378.00,4.23,0.55,0.06,0.47
2021-03-22,11.16,10.70,11.19,10.60,14314,15422026.00,5.39,-2.19,-0.24,0.72
2021-03-23,10.73,10.68,10.87,10.50,10892,11558058.00,3.46,-0.19,-0.02,0.54
2021-03-24,10.60,10.52,11.68,10.37,13264,14036976.00,12.27,-1.50,-0.16,0.66
2021-03-25,10.30,10.31,10.54,10.30,6196,6454462.00,2.28,-2.00,-0.21,0.31
2021-03-26,10.38,10.46,10.55,10.21,6390,6640396.00,3.30,1.45,0.15,0.32
2021-03-29,10.47,10.52,10.65,10.47,5618,5924860.00,1.72,0.57,0.06,0.28
2021-03-30,10.52,10.29,10.55,10.23,6529,6728969.00,3.04,-2.19,-0.23,0.33
2021-03-31,10.27,10.33,10.46,10.21,5424,5593734.00,2.43,0.39,0.04,0.27
2021-04-01,10.23,10.12,10.29,10.00,8872,8986723.00,2.81,-2.03,-0.21,0.44
2021-04-02,10.30,10.62,10.83,10.07,13452,14086490.00,7.51,4.94,0.50,0.67
2021-04-06,10.50,10.24,10.59,10.17,15330,15828431.00,3.95,-3.58,-0.38,0.77
2021-04-07,10.24,10.30,10.56,10.10,8935,9250439.00,4.49,0.59,0.06,0.45
2021-04-08,10.34,10.04,10.34,10.02,12460,12620609.00,3.11,-2.52,-0.26,0.62
2021-04-09,10.02,9.95,10.18,9.90,8835,8817052.00,2.79,-0.90,-0.09,0.44
2021-04-12,10.08,10.95,10.95,10.00,38438,41374415.00,9.55,10.05,1.00,1.92
2021-04-13,11.23,11.63,12.05,10.98,73418,84763693.00,9.77,6.21,0.68,3.67
2021-04-14,11.32,11.28,11.51,10.93,43922,48896471.00,4.99,-3.01,-0.35,2.20
2021-04-15,10.98,11.11,11.40,10.94,26445,29401000.00,4.08,-1.51,-0.17,1.32
2021-04-16,11.01,11.14,11.20,11.01,20662,22987858.00,1.71,0.27,0.03,1.03
2021-04-19,11.03,11.37,11.39,10.91,25665,28754798.00,4.31,2.06,0.23,1.28
2021-04-20,11.37,11.06,11.41,10.98,20439,22711152.00,3.78,-2.73,-0.31,1.02
2021-04-21,11.09,11.18,11.20,10.93,12242,13575951.00,2.44,1.08,0.12,0.61
2021-04-22,11.27,10.86,11.27,10.80,16093,17646160.00,4.20,-2.86,-0.32,0.80
2021-04-23,10.80,10.95,11.13,10.58,16287,17612732.00,5.06,0.83,0.09,0.81
2021-04-26,10.90,10.34,10.93,10.25,22600,23738710.00,6.21,-5.57,-0.61,1.13
2021-04-27,10.32,10.08,10.32,10.02,11324,11444983.00,2.90,-2.51,-0.26,0.57
2021-04-28,10.00,10.16,10.30,10.00,8369,8523596.00,2.98,0.79,0.08,0.42
2021-04-29,10.27,10.44,10.76,10.08,14498,15185857.00,6.69,2.76,0.28,0.72
2021-04-30,10.40,10.26,10.53,10.17,7143,7361076.00,3.45,-1.72,-0.18,0.36
2021-05-06,10.33,10.40,10.54,10.20,5942,6154555.00,3.31,1.36,0.14,0.30
2021-05-07,10.45,10.27,10.58,10.22,6646,6856589.00,3.46,-1.25,-0.13,0.33
2021-05-10,10.27,10.12,10.27,10.03,6418,6496177.00,2.34,-1.46,-0.15,0.32
2021-05-11,10.19,10.24,10.30,10.08,5053,5153614.00,2.17,1.19,0.12,0.25
2021-05-12,10.23,10.41,10.67,10.23,8237,8562762.00,4.30,1.66,0.17,0.41
2021-05-13,10.41,10.41,10.54,10.30,6262,6532470.00,2.31,0.00,0.00,0.31
2021-05-14,10.44,10.57,10.84,10.41,12479,13277501.00,4.13,1.54,0.16,0.62
2021-05-17,10.63,10.95,11.00,10.38,21392,22994197.00,5.87,3.60,0.38,1.07
2021-05-18,10.89,11.01,11.04,10.75,14002,15239334.00,2.65,0.55,0.06,0.70
2021-05-19,11.01,11.00,11.35,10.85,20250,22564454.00,4.54,-0.09,-0.01,1.01
2021-05-20,10.93,10.80,10.93,10.60,11784,12673178.00,3.00,-1.82,-0.20,0.59
2021-05-21,10.80,11.00,11.04,10.66,10535,11522620.00,3.52,1.85,0.20,0.53
2021-05-24,11.00,10.82,11.10,10.78,9020,9841484.00,2.91,-1.64,-0.18,0.45
2021-05-25,10.82,11.18,11.30,10.82,22394,24963630.00,4.44,3.33,0.36,1.12
2021-05-26,11.02,11.13,11.28,11.01,9521,10635497.00,2.42,-0.45,-0.05,0.48
2021-05-27,11.03,11.09,11.19,11.03,8321,9250063.00,1.44,-0.36,-0.04,0.42
2021-05-28,11.10,11.26,11.38,11.08,11102,12504717.00,2.71,1.53,0.17,0.56
2021-05-31,11.35,11.49,11.57,11.29,19306,22173661.00,2.49,2.04,0.23,0.97
2021-06-01,11.49,11.32,11.49,11.25,10497,11908858.00,2.09,-1.48,-0.17,0.52
2021-06-02,11.39,11.00,11.39,10.96,11329,12579937.00,3.80,-2.83,-0.32,0.57
2021-06-03,10.95,11.18,11.38,10.84,8658,9693301.00,4.91,1.64,0.18,0.43
2021-06-04,11.15,12.30,12.30,11.05,35409,42874789.00,11.18,10.02,1.12,1.77
2021-06-07,12.55,12.80,13.40,11.86,72816,91231290.00,12.52,4.07,0.50,3.64
2021-06-08,12.30,12.55,12.62,12.08,39247,48468111.00,4.22,-1.95,-0.25,1.96
2021-06-09,12.30,12.23,12.45,12.03,34573,42264746.00,3.35,-2.55,-0.32,1.73
2021-06-10,12.11,12.45,12.75,12.06,36370,45208704.00,5.64,1.80,0.22,1.82
2021-06-11,12.30,12.06,12.51,11.97,22824,27877489.00,4.34,-3.13,-0.39,1.14
2021-06-15,12.09,12.71,12.80,11.63,38968,48185367.00,9.70,5.39,0.65,1.95
2021-06-16,12.75,13.20,13.29,12.75,48633,63552767.00,4.25,3.86,0.49,2.43
2021-06-17,13.02,12.98,13.24,12.80,24225,31409028.00,3.33,-1.67,-0.22,1.21
2021-06-18,12.93,12.59,12.93,12.42,24330,30678723.00,3.93,-3.00,-0.39,1.22
2021-06-21,12.48,13.29,13.85,12.48,39064,52366908.00,10.88,5.56,0.70,1.95
2021-06-22,13.30,13.22,13.76,13.02,32726,43794239.00,5.57,-0.53,-0.07,1.64
2021-06-23,13.03,13.43,13.52,12.95,19215,25463885.00,4.31,1.59,0.21,0.96
2021-06-24,13.28,13.20,13.62,13.13,15975,21291115.00,3.65,-1.71,-0.23,0.80
2021-06-25,13.20,13.09,13.31,12.75,14677,18988872.00,4.24,-0.83,-0.11,0.73
2021-06-28,13.12,12.89,13.20,12.89,9066,11800490.00,2.37,-1.53,-0.20,0.45
2021-06-29,12.86,13.19,13.48,12.81,16231,21422155.00,5.20,2.33,0.30,0.81
2021-06-30,13.06,13.04,13.28,12.92,8829,11525526.00,2.73,-1.14,-0.15,0.44
2021-07-01,13.08,12.26,13.26,12.23,23964,30309175.00,7.90,-5.98,-0.78,1.20
2021-07-02,12.20,12.17,12.37,12.07,10056,12229446.00,2.45,-0.73,-0.09,0.50
2021-07-05,12.17,12.11,12.33,11.97,8671,10527597.00,2.96,-0.49,-0.06,0.43
2021-07-06,12.13,12.11,12.25,11.97,8880,10742143.00,2.31,0.00,0.00,0.44
2021-07-07,12.14,12.89,13.15,12.12,21552,27397433.00,8.51,6.44,0.78,1.08
2021-07-08,12.79,12.41,12.99,12.40,13419,16887592.00,4.58,-3.72,-0.48,0.67
2021-07-09,12.35,12.45,12.58,12.20,8290,10294111.00,3.06,0.32,0.04,0.41
2021-07-12,12.45,12.94,13.29,12.30,21345,27534760.00,7.95,3.94,0.49,1.07
2021-07-13,12.80,13.04,13.10,12.74,10512,13597839.00,2.78,0.77,0.10,0.53
2021-07-14,13.04,12.71,13.04,12.68,13318,17082803.00,2.76,-2.53,-0.33,0.67
2021-07-15,12.75,12.79,12.97,12.57,11378,14515635.00,3.15,0.63,0.08,0.57
2021-07-16,12.76,12.90,12.93,12.67,7123,9151197.00,2.03,0.86,0.11,0.36
2021-07-19,12.95,13.09,13.20,12.75,10913,14239422.00,3.49,1.47,0.19,0.55
2021-07-20,13.09,13.14,13.27,12.84,8453,11068288.00,3.28,0.38,0.05,0.42
2021-07-21,13.18,13.04,13.25,12.92,10302,13438210.00,2.51,-0.76,-0.10,0.52
2021-07-22,12.98,13.10,13.27,12.96,11392,14943121.00,2.38,0.46,0.06,0.57
2021-07-23,13.00,12.95,13.19,12.91,9823,12770182.00,2.14,-1.15,-0.15,0.49
2021-07-26,12.83,12.69,12.95,12.45,11474,14526219.00,3.86,-2.01,-0.26,0.57
2021-07-27,12.84,12.40,12.89,12.36,9174,11539018.00,4.18,-2.29,-0.29,0.46
2021-07-28,12.40,11.83,12.40,11.82,10192,12255083.00,4.68,-4.60,-0.57,0.51
2021-07-29,11.83,11.86,12.20,11.82,6750,8031926.00,3.21,0.25,0.03,0.34
2021-07-30,11.80,12.05,12.15,11.69,6599,7885815.00,3.88,1.60,0.19,0.33
2021-08-02,11.95,11.88,12.09,11.71,9527,11304229.00,3.15,-1.41,-0.17,0.48
2021-08-03,11.85,11.88,12.05,11.80,6816,8119139.00,2.10,0.00,0.00,0.34
2021-08-04,11.85,11.75,12.14,11.64,8139,9575073.00,4.21,-1.09,-0.13,0.41
2021-08-05,11.81,11.63,11.84,11.51,8544,9941180.00,2.81,-1.02,-0.12,0.43
2021-08-06,11.63,11.41,11.78,11.36,8794,10062556.00,3.61,-1.89,-0.22,0.44
2021-08-09,11.50,11.41,11.50,11.33,5055,5762331.00,1.49,0.00,0.00,0.25
2021-08-10,11.45,12.05,12.29,11.43,13829,16461786.00,7.54,5.61,0.64,0.69
2021-08-11,12.15,11.80,12.22,11.72,7261,8607199.00,4.15,-2.07,-0.25,0.36
2021-08-12,11.88,11.84,11.98,11.69,6057,7148863.00,2.46,0.34,0.04,0.30
2021-08-13,11.80,11.76,11.83,11.62,5342,6248940.00,1.77,-0.68,-0.08,0.27
2021-08-16,11.85,11.61,11.85,11.52,6412,7448604.00,2.81,-1.28,-0.15,0.32
2021-08-17,11.65,11.39,11.65,11.30,9270,10586184.00,3.01,-1.89,-0.22,0.46
2021-08-18,11.50,11.47,11.53,11.02,9915,11126081.00,4.48,0.70,0.08,0.50
2021-08-19,11.49,11.51,11.66,11.48,5641,6524047.00,1.57,0.35,0.04,0.28
2021-08-20,11.63,11.48,11.70,11.28,5701,6494550.00,3.65,-0.26,-0.03,0.29
2021-08-23,11.32,11.81,12.08,11.32,12171,14385445.00,6.62,2.87,0.33,0.61
2021-08-24,11.82,11.56,11.82,11.50,11297,13074121.00,2.71,-2.12,-0.25,0.56
2021-08-25,11.47,11.75,11.79,11.47,6708,7836755.00,2.77,1.64,0.19,0.34
2021-08-26,11.85,12.51,12.88,11.71,27780,34297609.00,9.96,6.47,0.76,1.39
2021-08-27,12.50,12.07,12.70,11.88,18775,22756434.00,6.55,-3.52,-0.44,0.94
2021-08-30,12.07,11.70,12.20,11.70,9760,11613648.00,4.14,-3.07,-0.37,0.49
2021-08-31,11.55,11.68,11.79,11.39,7459,8625179.00,3.42,-0.17,-0.02,0.37
2021-09-01,11.88,12.85,12.85,11.85,17438,22288018.00,8.56,10.02,1.17,0.87
2021-09-02,13.57,12.87,13.58,12.55,41324,53932804.00,8.02,0.16,0.02,2.07
2021-09-03,12.75,12.56,12.95,12.40,22715,28573032.00,4.27,-2.41,-0.31,1.14
2021-09-06,12.48,12.54,12.62,12.22,14493,18016896.00,3.18,-0.16,-0.02,0.72
2021-09-07,12.53,12.35,12.53,12.28,12503,15477634.00,1.99,-1.52,-0.19,0.63
2021-09-08,12.40,12.45,12.54,12.27,10107,12499492.00,2.19,0.81,0.10,0.51
2021-09-09,12.44,12.39,12.62,12.32,10343,12880846.00,2.41,-0.48,-0.06,0.52
2021-09-10,12.39,12.27,12.55,12.07,10026,12388793.00,3.87,-0.97,-0.12,0.50
2021-09-13,12.32,12.66,12.66,12.17,13650,16947645.00,3.99,3.18,0.39,0.68
2021-09-14,12.66,12.53,12.98,12.40,13393,16895264.00,4.58,-1.03,-0.13,0.67
2021-09-15,12.58,12.90,12.94,12.43,15095,19116024.00,4.07,2.95,0.37,0.75
2021-09-16,12.89,12.79,13.07,12.71,10266,13169631.00,2.79,-0.85,-0.11,0.51
2021-09-17,12.65,12.72,12.88,12.43,7941,10056020.00,3.52,-0.55,-0.07,0.40
2021-09-22,12.90,12.85,13.09,12.76,10799,13938366.00,2.59,1.02,0.13,0.54
2021-09-23,13.03,13.43,13.50,12.90,21924,29023943.00,4.67,4.51,0.58,1.10
2021-09-24,13.65,13.06,13.85,13.06,18642,24966185.00,5.88,-2.76,-0.37,0.93
2021-09-27,13.00,12.47,13.05,12.41,14637,18495612.00,4.90,-4.52,-0.59,0.73
2021-09-28,12.42,12.52,12.58,12.37,3729,4651676.00,1.68,0.40,0.05,0.19
2021-09-29,12.73,12.60,12.81,12.39,6996,8834301.00,3.35,0.64,0.08,0.35
2021-09-30,12.46,12.63,12.78,12.46,5007,6328286.00,2.54,0.24,0.03,0.25
2021-10-08,12.80,12.86,12.95,12.63,5885,7520719.00,2.53,1.82,0.23,0.29
2021-10-11,12.85,12.72,12.94,12.70,4129,5273945.00,1.87,-1.09,-0.14,0.21
2021-10-12,12.72,12.41,12.80,12.26,6598,8209901.00,4.25,-2.44,-0.31,0.33
2021-10-13,12.22,12.27,12.41,12.20,3901,4789406.00,1.69,-1.13,-0.14,0.20
2021-10-14,12.37,12.05,12.37,12.04,5604,6783643.00,2.69,-1.79,-0.22,0.28
2021-10-15,12.05,12.07,12.19,11.95,4980,5992137.00,1.99,0.17,0.02,0.25
2021-10-18,12.04,11.91,12.07,11.82,4550,5418801.00,2.07,-1.33,-0.16,0.23
2021-10-19,11.91,12.02,12.20,11.78,4415,5304825.00,3.53,0.92,0.11,0.22
2021-10-20,11.98,11.98,12.11,11.91,2798,3348527.00,1.66,-0.33,-0.04,0.14
2021-10-21,12.03,11.80,12.05,11.70,3767,4463596.00,2.92,-1.50,-0.18,0.19
2021-10-22,11.97,11.62,11.97,11.45,11099,12852266.00,4.41,-1.53,-0.18,0.55
2021-10-25,11.56,11.47,11.64,11.36,4198,4807401.00,2.41,-1.29,-0.15,0.21
2021-10-26,11.40,11.72,11.75,11.34,3087,3582372.00,3.57,2.18,0.25,0.15
2021-10-27,11.89,11.52,11.89,11.40,3364,3878712.00,4.18,-1.71,-0.20,0.17
2021-10-28,11.63,11.24,11.63,11.19,5160,5832577.00,3.82,-2.43,-0.28,0.26
2021-10-29,11.27,11.27,11.44,11.10,3274,3695074.00,3.02,0.27,0.03,0.16
2021-11-01,11.42,11.22,11.42,11.13,5324,5975194.00,2.57,-0.44,-0.05,0.27
2021-11-02,11.22,11.17,11.34,11.08,4042,4524802.00,2.32,-0.45,-0.05,0.20
2021-11-03,11.27,11.24,11.30,11.12,1587,1782832.00,1.61,0.63,0.07,0.08
2021-11-04,11.30,11.02,11.50,10.95,9368,10376834.00,4.89,-1.96,-0.22,0.47
2021-11-05,11.05,11.04,11.05,10.88,3044,3335945.00,1.54,0.18,0.02,0.15
2021-11-08,11.00,10.74,11.09,10.67,9701,10499932.00,3.80,-2.72,-0.30,0.49
2021-11-09,10.74,10.87,10.87,10.64,5556,5981564.00,2.14,1.21,0.13,0.28
2021-11-10,10.91,10.91,10.99,10.72,4300,4662468.00,2.48,0.37,0.04,0.21
2021-11-11,10.95,11.06,11.15,10.88,6046,6697272.00,2.47,1.37,0.15,0.30
2021-11-12,11.16,11.16,11.21,11.00,4807,5348653.00,1.90,0.90,0.10,0.24
2021-11-15,11.16,11.42,11.71,11.16,8881,10183135.00,4.93,2.33,0.26,0.44
2021-11-16,11.39,11.34,11.50,11.26,6356,7220390.00,2.10,-0.70,-0.08,0.32
2021-11-17,11.29,11.36,11.44,11.26,3783,4287422.00,1.59,0.18,0.02,0.19
2021-11-18,11.36,10.97,11.36,10.97,8317,9228546.00,3.43,-3.43,-0.39,0.42
2021-11-19,11.01,11.23,11.23,10.98,3702,4119967.00,2.28,2.37,0.26,0.19
2021-11-22,11.23,11.11,11.45,11.00,8648,9592062.00,4.01,-1.07,-0.12,0.43
2021-11-23,11.14,11.13,11.15,11.00,5007,5540202.00,1.35,0.18,0.02,0.25
2021-11-24,11.22,11.18,11.41,11.05,7384,8275613.00,3.23,0.45,0.05,0.37
2021-11-25,11.26,11.27,11.35,11.13,3872,4353991.00,1.97,0.81,0.09,0.19
2021-11-26,11.27,11.07,11.27,11.04,5705,6323192.00,2.04,-1.77,-0.20,0.29
2021-11-29,11.00,10.88,11.04,10.86,4077,4456016.00,1.63,-1.72,-0.19,0.20
2021-11-30,11.01,11.00,11.05,10.89,5848,6411928.00,1.47,1.10,0.12,0.29
2021-12-01,11.06,11.39,11.42,10.92,11312,12755154.00,4.55,3.55,0.39,0.57
2021-12-02,11.39,11.23,11.58,11.21,5406,6110289.00,3.25,-1.40,-0.16,0.27
2021-12-03,11.15,11.24,11.28,11.10,5045,5649421.00,1.60,0.09,0.01,0.25
2021-12-06,11.27,10.98,11.27,10.92,9648,10624496.00,3.11,-2.31,-0.26,0.48
2021-12-07,10.98,10.96,11.10,10.86,5292,5778461.00,2.19,-0.18,-0.02,0.26
2021-12-08,10.96,11.33,11.72,10.94,20113,22845100.00,7.12,3.38,0.37,1.01
2021-12-09,11.40,11.42,11.49,11.24,7481,8509439.00,2.21,0.79,0.09,0.37
2021-12-10,11.52,11.53,11.63,11.30,10054,11540301.00,2.89,0.96,0.11,0.50
2021-12-13,11.63,11.69,11.76,11.50,9877,11498861.00,2.25,1.39,0.16,0.49
2021-12-14,11.76,11.72,11.80,11.41,7650,8949866.00,3.34,0.26,0.03,0.38
2021-12-15,11.79,11.51,11.79,11.51,6121,7103941.00,2.39,-1.79,-0.21,0.31
2021-12-16,11.67,11.59,11.67,11.53,4399,5104130.00,1.22,0.70,0.08,0.22
2021-12-17,11.50,11.36,11.66,11.34,6152,7026206.00,2.76,-1.98,-0.23,0.31
2021-12-20,11.63,11.83,12.35,11.53,24032,28646156.00,7.22,4.14,0.47,1.20
2021-12-21,11.75,11.87,11.93,11.37,12587,14742701.00,4.73,0.34,0.04,0.63
2021-12-22,11.93,12.37,12.67,11.75,45119,55536274.00,7.75,4.21,0.50,2.26
2021-12-23,12.37,12.18,12.40,12.13,13741,16802000.00,2.18,-1.54,-0.19,0.69
2021-12-24,12.31,12.09,12.43,11.80,24282,29338225.00,5.17,-0.74,-0.09,1.21
2021-12-27,12.09,12.30,12.55,12.03,19477,24061151.00,4.30,1.74,0.21,0.97
2021-12-28,12.44,12.33,12.50,12.28,10317,12775872.00,1.79,0.24,0.03,0.52
2021-12-29,12.34,12.74,13.13,12.24,37561,48005976.00,7.22,3.33,0.41,1.88
2021-12-30,12.64,12.75,13.05,12.48,28478,36141880.00,4.47,0.08,0.01,1.42
2021-12-31,12.66,12.40,12.73,12.34,15872,19816082.00,3.06,-2.75,-0.35,0.79