1997-01-02,0.00,-0.03,0.01,-0.03,7000,5685000.00,400.00,-400.00,-0.04,3.89
1997-01-03,-0.01,0.04,0.09,-0.01,12522,10541000.00,-333.33,233.33,0.07,6.96
1997-01-06,0.02,-0.01,0.02,-0.02,6370,5184000.00,100.00,-125.00,-0.05,3.54
1997-01-07,-0.05,-0.01,0.01,-0.05,4415,3586000.00,-600.00,0.00,0.00,2.45
1997-01-08,-0.01,0.02,0.02,-0.02,5162,4257000.00,-400.00,300.00,0.03,2.87
1997-01-09,0.03,0.03,0.06,0.02,6077,5125000.00,200.00,50.00,0.01,3.38
1997-01-10,0.02,0.03,0.04,0.01,4217,3521000.00,100.00,0.00,0.00,2.34
1997-01-13,0.04,0.04,0.06,0.02,5308,4443000.00,133.33,33.33,0.01,2.95
1997-01-14,0.04,-0.01,0.04,-0.02,3290,2688000.00,150.00,-125.00,-0.05,1.83
1997-01-15,-0.01,-0.01,0.00,-0.02,3179,2582000.00,-200.00,0.00,0.00,1.77
1997-01-16,-0.01,-0.01,0.00,-0.02,1856,1507000.00,-200.00,0.00,0.00,1.03
1997-01-17,-0.01,-0.01,0.01,-0.02,2315,1879000.00,-300.00,0.00,0.00,1.29
1997-01-20,0.00,-0.01,0.01,-0.03,3098,2510000.00,-400.00,0.00,0.00,1.72
1997-01-21,0.00,-0.02,0.00,-0.02,2556,2070000.00,-200.00,-100.00,-0.01,1.42
1997-01-22,-0.02,-0.01,-0.01,-0.06,5431,4356000.00,-250.00,50.00,0.01,3.02
1997-01-23,0.00,-0.02,0.02,-0.02,4434,3624000.00,-400.00,-100.00,-0.01,2.46
1997-01-24,0.00,0.00,0.01,-0.03,3426,2774000.00,-200.00,100.00,0.02,1.90
1997-01-27,0.00,0.00,0.01,-0.01,3761,3066000.00,2678.26,0.00,0.00,2.09
1997-01-28,0.00,-0.01,0.00,-0.02,3190,2586000.00,-403.67,0.00,-0.01,1.77
1997-01-29,0.00,0.00,0.00,-0.01,3779,3085000.00,-100.00,100.00,0.01,2.10
1997-01-30,0.00,-0.01,0.00,-0.02,3304,2686000.00,-2095.24,0.00,-0.01,1.84
1997-01-31,0.00,0.00,0.00,-0.02,4417,3592000.00,-200.00,100.00,0.01,2.45
1997-02-17,-0.01,0.02,0.04,-0.02,4065,3353000.00,-1211.01,0.00,0.02,2.26
1997-02-18,0.03,-0.14,0.03,-0.14,6427,5032000.00,850.00,-800.00,-0.16,3.57
1997-02-19,-0.11,-0.06,-0.05,-0.11,5128,3968000.00,-42.86,57.14,0.08,2.85
1997-02-20,-0.21,-0.09,-0.09,-0.21,7056,5271000.00,-200.00,-50.00,-0.03,3.92
1997-02-21,-0.08,0.00,0.01,-0.10,9715,7813000.00,-122.22,100.00,0.09,5.40
1997-02-24,0.03,0.07,0.10,0.00,18413,15433000.00,3349.26,0.00,0.07,10.23
1997-02-25,0.06,0.03,0.07,0.02,9364,7927000.00,71.43,-57.14,-0.04,5.20
1997-02-26,0.04,0.05,0.06,0.02,6500,5462000.00,133.33,66.67,0.02,3.61
1997-02-27,0.06,0.05,0.09,0.04,8760,7474000.00,100.00,0.00,0.00,4.87
1997-02-28,0.04,0.06,0.07,0.00,6891,5766000.00,140.00,20.00,0.01,3.83
1997-03-03,0.09,0.12,0.13,0.06,14741,12809000.00,116.67,100.00,0.06,8.19
1997-03-04,0.12,0.10,0.12,0.05,9266,8040000.00,58.33,-16.67,-0.02,5.15
1997-03-05,0.10,0.12,0.14,0.10,14207,12548000.00,40.00,20.00,0.02,7.89
1997-03-06,0.12,0.21,0.21,0.11,17001,15471000.00,83.33,75.00,0.09,9.45
1997-03-07,0.23,0.16,0.25,0.13,12624,11586000.00,57.14,-23.81,-0.05,7.01
1997-03-10,0.17,0.18,0.18,0.14,11854,10703000.00,25.00,12.50,0.02,6.59
1997-03-11,0.19,0.15,0.19,0.13,8921,8026000.00,33.33,-16.67,-0.03,4.96
1997-03-12,0.17,0.15,0.17,0.12,10668,9543000.00,33.33,0.00,0.00,5.93
1997-03-13,0.15,0.20,0.23,0.14,17864,16520000.00,60.00,33.33,0.05,9.92
1997-03-14,0.20,0.38,0.38,0.20,39074,38454000.00,90.00,90.00,0.18,21.71
1997-03-17,0.45,0.42,0.51,0.34,40697,42415000.00,44.74,10.53,0.04,22.61
1997-03-18,0.40,0.38,0.43,0.35,18231,18612000.00,19.05,-9.52,-0.04,10.13
1997-03-19,0.38,0.46,0.50,0.37,18225,19355000.00,34.21,21.05,0.08,10.13
1997-03-20,0.46,0.33,0.49,0.31,10580,10898000.00,39.13,-28.26,-0.13,5.88
1997-03-21,0.32,0.40,0.41,0.29,8819,8830000.00,36.36,21.21,0.07,4.90
1997-03-24,0.40,0.34,0.43,0.30,11766,11840000.00,32.50,-15.00,-0.06,6.54
1997-03-25,0.33,0.32,0.40,0.28,12588,12511000.00,35.29,-5.88,-0.02,6.99
1997-03-26,0.32,0.33,0.37,0.29,6037,5969000.00,25.00,3.13,0.01,3.35
1997-03-27,0.38,0.33,0.39,0.30,7863,7889000.00,27.27,0.00,0.00,4.37
1997-03-28,0.32,0.30,0.35,0.23,7658,7476000.00,36.36,-9.09,-0.03,4.25
1997-03-31,0.27,0.38,0.38,0.27,10020,9979000.00,36.67,26.67,0.08,5.57
1997-04-01,0.39,0.40,0.43,0.37,9609,9893000.00,15.79,5.26,0.02,5.34
1997-04-02,0.41,0.36,0.43,0.36,6244,6375000.00,17.50,-10.00,-0.04,3.47
1997-04-03,0.37,0.36,0.42,0.33,5314,5346000.00,25.00,0.00,0.00,2.95
1997-04-04,0.36,0.34,0.38,0.33,6509,6528000.00,13.89,-5.56,-0.02,3.62
1997-04-07,0.37,0.30,0.37,0.30,6015,5906000.00,20.59,-11.76,-0.04,3.34
1997-04-08,0.32,0.36,0.37,0.27,7842,7794000.00,33.33,20.00,0.06,4.36
1997-04-09,0.37,0.43,0.45,0.34,19658,20359000.00,30.56,19.44,0.07,10.92
1997-04-10,0.45,0.36,0.45,0.36,9897,10131000.00,20.93,-16.28,-0.07,5.50
1997-04-11,0.36,0.31,0.37,0.30,7401,7318000.00,19.44,-13.89,-0.05,4.11
1997-04-14,0.34,0.38,0.41,0.32,10510,10709000.00,29.03,22.58,0.07,5.84
1997-04-15,0.38,0.42,0.45,0.38,11619,12068000.00,18.42,10.53,0.04,6.46
1997-04-16,0.44,0.48,0.55,0.44,21066,22888000.00,26.19,14.29,0.06,11.70
1997-04-17,0.50,0.48,0.50,0.43,11111,11774000.00,14.58,0.00,0.00,6.17
1997-04-18,0.50,0.57,0.62,0.50,24155,26834000.00,25.00,18.75,0.09,13.42
1997-04-21,0.63,0.67,0.70,0.62,25046,29196000.00,14.04,17.54,0.10,13.91
1997-04-22,0.64,0.61,0.65,0.57,12919,14711000.00,11.94,-8.96,-0.06,7.18
1997-04-23,0.39,0.39,0.39,0.39,4874,5000000.00,0.00,-36.07,-0.22,2.71
1997-04-24,0.20,0.27,0.32,0.20,45677,43210000.00,30.77,-30.77,-0.12,25.38
1997-04-25,0.25,0.15,0.25,0.15,23025,20998000.00,37.04,-44.44,-0.12,12.79
1997-04-28,0.15,-0.01,0.15,-0.01,18996,15988000.00,106.67,-106.67,-0.16,10.55
1997-04-29,-0.03,0.11,0.11,-0.05,11204,9517000.00,-1600.00,1200.00,0.12,6.22
1997-04-30,0.11,0.12,0.12,0.04,6393,5491000.00,72.73,9.09,0.01,3.55
1997-05-05,0.06,0.14,0.18,0.04,11942,10583000.00,116.67,16.67,0.02,6.63
1997-05-06,0.13,0.11,0.16,0.06,9125,8143000.00,71.43,-21.43,-0.03,5.07
1997-05-07,0.11,0.10,0.14,0.06,7791,6780000.00,72.73,-9.09,-0.01,4.33
1997-05-08,0.10,0.06,0.11,0.03,6437,5508000.00,80.00,-40.00,-0.04,3.58
1997-05-09,0.05,0.16,0.21,0.00,7849,6913000.00,350.00,166.67,0.10,4.36
1997-05-12,0.16,0.21,0.31,0.15,11009,10221000.00,100.00,31.25,0.05,6.12
1997-05-13,0.17,0.14,0.21,0.12,6182,5576000.00,42.86,-33.33,-0.07,3.43
1997-05-14,0.12,0.06,0.14,0.02,2351,2015000.00,85.71,-57.14,-0.08,1.31
1997-05-15,0.06,0.08,0.10,0.04,2927,2523000.00,100.00,33.33,0.02,1.63
1997-05-16,0.05,-0.04,0.08,-0.08,4907,3985000.00,200.00,-150.00,-0.12,2.73
1997-05-19,-0.04,0.01,0.02,-0.04,3105,2491000.00,-150.00,125.00,0.05,1.73
1997-05-20,-0.03,0.02,0.04,-0.03,3488,2892000.00,700.00,100.00,0.01,1.94
1997-05-21,0.02,-0.05,0.02,-0.08,2681,2133000.00,500.00,-350.00,-0.07,1.49
1997-05-22,-0.10,-0.20,-0.07,-0.20,2857,2104000.00,-260.00,-300.00,-0.15,1.59
1997-05-26,-0.26,-0.24,-0.23,-0.30,1024,701000.00,-35.00,-20.00,-0.04,0.57
1997-05-27,-0.24,-0.21,-0.19,-0.26,1999,1390000.00,-29.17,12.50,0.03,1.11
1997-05-28,-0.22,-0.19,-0.18,-0.22,2315,1656000.00,-19.05,9.52,0.02,1.29
1997-05-29,-0.19,-0.19,-0.18,-0.22,1724,1238000.00,-21.05,0.00,0.00,0.96
1997-05-30,-0.21,-0.21,-0.19,-0.24,1995,1409000.00,-26.32,-10.53,-0.02,1.11
1997-06-02,-0.13,-0.15,-0.13,-0.21,3079,2229000.00,-38.10,28.57,0.06,1.71
1997-06-03,-0.15,-0.01,-0.01,-0.22,9803,7513000.00,-140.00,93.33,0.14,5.45
1997-06-04,-0.03,0.00,0.11,-0.07,9440,7863000.00,-1800.00,100.00,0.01,5.24
1997-06-05,0.00,-0.03,0.06,-0.04,5221,4266000.00,2061.26,0.00,-0.03,2.90
1997-06-06,-0.17,-0.14,-0.06,-0.17,4407,3314000.00,-366.67,-366.67,-0.11,2.45
1997-06-09,-0.13,-0.15,-0.10,-0.21,2303,1688000.00,-78.57,-7.14,-0.01,1.28
1997-06-10,-0.11,-0.17,-0.11,-0.17,908,671000.00,-40.00,-13.33,-0.02,0.50
1997-06-11,-0.20,-0.19,-0.15,-0.23,1510,1064000.00,-47.06,-11.76,-0.02,0.84
1997-06-12,-0.19,-0.20,-0.17,-0.21,785,563000.00,-21.05,-5.26,-0.01,0.44
1997-06-13,-0.31,-0.13,-0.13,-0.31,1628,1183000.00,-90.00,35.00,0.07,0.90
1997-06-16,-0.14,-0.11,-0.10,-0.15,1159,876000.00,-38.46,15.38,0.02,0.64
1997-06-17,-0.09,-0.15,-0.09,-0.15,1160,870000.00,-54.55,-36.36,-0.04,0.64
1997-06-18,-0.15,-0.17,-0.13,-0.20,1325,967000.00,-46.67,-13.33,-0.02,0.74
1997-06-19,-0.19,-0.21,-0.18,-0.21,1077,773000.00,-17.65,-23.53,-0.04,0.60
1997-06-20,-0.14,-0.15,-0.14,-0.21,1854,1353000.00,-33.33,28.57,0.06,1.03
1997-06-23,-0.12,-0.21,-0.12,-0.21,2036,1473000.00,-60.00,-40.00,-0.06,1.13
1997-06-24,-0.15,-0.18,-0.15,-0.21,1517,1089000.00,-28.57,14.29,0.03,0.84
1997-06-25,-0.16,-0.19,-0.16,-0.21,1514,1085000.00,-27.78,-5.56,-0.01,0.84
1997-06-26,-0.18,-0.20,-0.17,-0.22,1293,924000.00,-26.32,-5.26,-0.01,0.72
1997-06-27,-0.20,-0.26,-0.18,-0.33,1911,1341000.00,-75.00,-30.00,-0.06,1.06
1997-07-02,-0.25,-0.34,-0.25,-0.38,1070,700000.00,-50.00,-30.77,-0.08,0.59
1997-07-03,-0.36,-0.36,-0.30,-0.40,1262,799000.00,-29.41,-5.88,-0.02,0.70
1997-07-04,-0.37,-0.35,-0.34,-0.39,1272,801000.00,-13.89,2.78,0.01,0.71
1997-07-07,-0.37,-0.40,-0.34,-0.41,1376,846000.00,-20.00,-14.29,-0.05,0.76
1997-07-08,-0.41,-0.41,-0.40,-0.45,861,511000.00,-12.50,-2.50,-0.01,0.48
1997-07-09,-0.39,-0.41,-0.39,-0.49,689,412000.00,-24.39,0.00,0.00,0.38
1997-07-10,-0.44,-0.41,-0.39,-0.44,719,431000.00,-12.20,0.00,0.00,0.40
1997-07-11,-0.41,-0.36,-0.30,-0.41,836,519000.00,-26.83,12.20,0.05,0.46
1997-07-14,-0.38,-0.36,-0.34,-0.41,1374,857000.00,-19.44,0.00,0.00,0.76
1997-07-15,-0.39,-0.35,-0.35,-0.39,1141,708000.00,-11.11,2.78,0.01,0.63
1997-07-16,-0.37,-0.32,-0.26,-0.37,1491,971000.00,-31.43,8.57,0.03,0.83
1997-07-17,-0.32,-0.33,-0.32,-0.43,2456,1535000.00,-34.38,-3.13,-0.01,1.36
1997-07-18,-0.39,-0.29,-0.28,-0.39,4129,2715000.00,-33.33,12.12,0.04,2.29
1997-07-21,-0.29,-0.26,-0.19,-0.29,3609,2510000.00,-34.48,10.34,0.03,2.01
1997-07-22,-0.23,-0.18,-0.18,-0.24,4562,3241000.00,-23.08,30.77,0.08,2.53
1997-07-23,-0.17,-0.22,-0.15,-0.31,5131,3615000.00,-88.89,-22.22,-0.04,2.85
1997-07-24,-0.29,-0.27,-0.23,-0.32,2909,1932000.00,-40.91,-22.73,-0.05,1.62
1997-07-25,-0.28,-0.30,-0.27,-0.33,820,542000.00,-22.22,-11.11,-0.03,0.46
1997-07-28,-0.31,-0.27,-0.25,-0.31,1601,1081000.00,-20.00,10.00,0.03,0.89
1997-07-29,-0.25,-0.30,-0.25,-0.31,1148,765000.00,-22.22,-11.11,-0.03,0.64
1997-07-30,-0.29,-0.24,-0.24,-0.30,1086,723000.00,-20.00,20.00,0.06,0.60
1997-07-31,-0.25,-0.27,-0.25,-0.29,1076,726000.00,-16.67,-12.50,-0.03,0.60
1997-08-01,-0.29,-0.27,-0.27,-0.29,884,593000.00,-7.41,0.00,0.00,0.49
1997-08-04,-0.24,-0.24,-0.17,-0.27,2740,1888000.00,-37.04,11.11,0.03,1.52
1997-08-05,-0.22,-0.26,-0.22,-0.27,983,677000.00,-20.83,-8.33,-0.02,0.55
1997-08-06,-0.24,-0.28,-0.24,-0.30,1378,923000.00,-23.08,-7.69,-0.02,0.77
1997-08-07,-0.30,-0.27,-0.26,-0.30,742,497000.00,-14.29,3.57,0.01,0.41
1997-08-08,-0.23,-0.23,-0.21,-0.26,3063,2130000.00,-18.52,14.81,0.04,1.70
1997-08-11,-0.22,-0.22,-0.19,-0.26,2834,1988000.00,-30.43,4.35,0.01,1.57
1997-08-12,-0.22,-0.17,-0.13,-0.22,7372,5345000.00,-40.91,22.73,0.05,4.10
1997-08-13,-0.17,-0.21,-0.16,-0.21,3366,2425000.00,-29.41,-23.53,-0.04,1.87
1997-08-14,-0.21,-0.15,-0.15,-0.21,4046,2915000.00,-28.57,28.57,0.06,2.25
1997-08-15,-0.15,-0.07,-0.05,-0.16,11115,8521000.00,-73.33,53.33,0.08,6.18
1997-08-18,-0.04,-0.05,-0.02,-0.10,11962,9452000.00,-114.29,28.57,0.02,6.65
1997-08-19,-0.06,-0.07,-0.03,-0.08,5162,4063000.00,-100.00,-40.00,-0.02,2.87
1997-08-20,-0.07,-0.04,-0.04,-0.11,8757,6776000.00,-100.00,42.86,0.03,4.87
1997-08-21,-0.02,0.06,0.07,-0.03,18560,15542000.00,-250.00,250.00,0.10,10.31
1997-08-22,0.09,0.19,0.22,0.06,32987,29816000.00,266.67,216.67,0.13,18.33
1997-08-25,0.19,0.14,0.21,0.10,22019,19646000.00,57.89,-26.32,-0.05,12.23
1997-08-26,0.12,0.03,0.18,-0.01,32217,28090000.00,135.71,-78.57,-0.11,17.90
1997-08-27,-0.03,0.09,0.13,-0.10,21015,17383000.00,766.67,200.00,0.06,11.68
1997-08-28,0.06,-0.01,0.06,-0.03,24358,19976000.00,100.00,-111.11,-0.10,13.53
1997-08-29,-0.16,-0.14,-0.08,-0.16,33791,25072000.00,-800.00,-1300.00,-0.13,18.77
1997-09-01,-0.15,-0.07,-0.05,-0.15,16144,12356000.00,-71.43,50.00,0.07,8.97
1997-09-02,-0.07,-0.07,-0.06,-0.12,8059,6207000.00,-85.71,0.00,0.00,4.48
1997-09-03,-0.05,0.01,0.01,-0.06,13833,11298000.00,-100.00,114.29,0.08,7.69
1997-09-04,0.02,0.01,0.03,-0.03,7682,6282000.00,600.00,0.00,0.00,4.27
1997-09-05,0.00,0.02,0.04,-0.03,10100,8352000.00,700.00,100.00,0.01,5.61
1997-09-08,0.03,0.02,0.04,-0.01,5389,4443000.00,250.00,0.00,0.00,2.99
1997-09-09,0.00,-0.03,0.04,-0.03,5652,4639000.00,350.00,-250.00,-0.05,3.14
1997-09-10,-0.02,0.00,0.01,-0.09,10890,8708000.00,-333.33,100.00,0.03,6.05
1997-09-11,0.04,-0.02,0.09,-0.07,15932,13289000.00,-5821.54,0.00,-0.02,8.85
1997-09-12,-0.03,-0.07,-0.01,-0.09,5460,4319000.00,-400.00,-250.00,-0.05,3.03
1997-09-15,-0.11,-0.10,-0.04,-0.11,2916,2256000.00,-100.00,-42.86,-0.03,1.62
1997-09-16,-0.10,-0.10,-0.06,-0.11,2089,1610000.00,-50.00,0.00,0.00,1.16
1997-09-17,-0.09,-0.14,-0.09,-0.18,2749,2049000.00,-90.00,-40.00,-0.04,1.53
1997-09-18,-0.14,-0.18,-0.12,-0.20,3249,2361000.00,-57.14,-28.57,-0.04,1.81
1997-09-19,-0.18,-0.17,-0.15,-0.19,1967,1428000.00,-22.22,5.56,0.01,1.09
1997-09-22,-0.17,-0.30,-0.15,-0.30,3767,2561000.00,-88.24,-76.47,-0.13,2.09
1997-09-23,-0.29,-0.41,-0.27,-0.42,3759,2371000.00,-50.00,-36.67,-0.11,2.09
1997-09-24,-0.38,-0.33,-0.33,-0.39,3360,2117000.00,-14.63,19.51,0.08,1.87
1997-09-25,-0.32,-0.29,-0.27,-0.34,4302,2822000.00,-21.21,12.12,0.04,2.39
1997-09-26,-0.29,-0.33,-0.29,-0.35,2469,1591000.00,-20.69,-13.79,-0.04,1.37
1997-09-29,-0.36,-0.39,-0.33,-0.39,1608,1002000.00,-18.18,-18.18,-0.06,0.89
1997-09-30,-0.39,-0.33,-0.33,-0.39,2776,1740000.00,-15.38,15.38,0.06,1.54
1997-10-06,-0.32,-0.32,-0.31,-0.35,1324,856000.00,-12.12,3.03,0.01,0.74
1997-10-07,-0.33,-0.34,-0.30,-0.36,775,496000.00,-18.75,-6.25,-0.02,0.43
1997-10-08,-0.33,-0.30,-0.28,-0.33,3067,2024000.00,-14.71,11.76,0.04,1.70
1997-10-09,-0.26,-0.26,-0.23,-0.30,6619,4519000.00,-23.33,13.33,0.04,3.68
1997-10-10,-0.26,-0.24,-0.22,-0.29,4749,3247000.00,-26.92,7.69,0.02,2.64
1997-10-13,-0.25,-0.28,-0.24,-0.30,1326,899000.00,-25.00,-16.67,-0.04,0.74
1997-10-14,-0.30,-0.29,-0.29,-0.32,1017,669000.00,-10.71,-3.57,-0.01,0.57
1997-10-15,-0.25,-0.24,-0.23,-0.30,3109,2137000.00,-24.14,17.24,0.05,1.73
1997-10-16,-0.28,-0.26,-0.21,-0.28,2337,1617000.00,-29.17,-8.33,-0.02,1.30
1997-10-17,-0.24,-0.28,-0.24,-0.30,2961,1984000.00,-23.08,-7.69,-0.02,1.65
1997-10-20,-0.27,-0.25,-0.25,-0.32,4136,2757000.00,-25.00,10.71,0.03,2.30
1997-10-21,-0.25,-0.27,-0.25,-0.29,2732,1837000.00,-16.00,-8.00,-0.02,1.52
1997-10-22,-0.26,-0.32,-0.26,-0.32,4503,2962000.00,-22.22,-18.52,-0.05,2.50
1997-10-23,-0.32,-0.32,-0.29,-0.34,1858,1206000.00,-15.63,0.00,0.00,1.03
1997-10-24,-0.32,-0.34,-0.31,-0.35,2894,1851000.00,-12.50,-6.25,-0.02,1.61
1997-10-27,-0.36,-0.28,-0.27,-0.45,5125,3353000.00,-52.94,17.65,0.06,2.85
1997-10-28,-0.27,-0.34,-0.27,-0.35,3741,2423000.00,-28.57,-21.43,-0.06,2.08
1997-10-29,-0.38,-0.36,-0.33,-0.39,2803,1773000.00,-17.65,-5.88,-0.02,1.56
1997-10-30,-0.35,-0.31,-0.29,-0.36,7165,4657000.00,-19.44,13.89,0.05,3.98
1997-10-31,-0.32,-0.31,-0.31,-0.35,1975,1269000.00,-12.90,0.00,0.00,1.10
1997-11-03,-0.32,-0.25,-0.25,-0.32,10900,7329000.00,-22.58,19.35,0.06,6.06
1997-11-04,-0.26,-0.28,-0.25,-0.28,3474,2352000.00,-12.00,-12.00,-0.03,1.93
1997-11-05,-0.27,-0.26,-0.23,-0.32,5513,3785839.00,-32.14,7.14,0.02,3.06
1997-11-06,-0.26,-0.25,-0.21,-0.29,9589,6682000.00,-30.77,3.85,0.01,5.33
1997-11-07,-0.23,-0.22,-0.20,-0.27,6521,4542000.00,-28.00,12.00,0.03,3.62
1997-11-10,-0.22,-0.24,-0.18,-0.24,7492,5340000.00,-27.27,-9.09,-0.02,4.16
1997-11-11,-0.23,-0.25,-0.22,-0.28,4065,2786000.00,-25.00,-4.17,-0.01,2.26
1997-11-12,-0.26,-0.28,-0.23,-0.28,2507,1699000.00,-20.00,-12.00,-0.03,1.39
1997-11-13,-0.26,-0.28,-0.26,-0.31,2218,1464000.00,-17.86,0.00,0.00,1.23
1997-11-14,-0.26,-0.27,-0.26,-0.30,2210,1482000.00,-14.29,3.57,0.01,1.23
1997-11-17,-0.26,-0.29,-0.23,-0.30,1540,1026000.00,-25.93,-7.41,-0.02,0.86
1997-11-18,-0.32,-0.33,-0.29,-0.34,3378,2207000.00,-17.24,-13.79,-0.04,1.88
1997-11-19,-0.34,-0.36,-0.33,-0.37,3610,2287000.00,-12.12,-9.09,-0.03,2.01
1997-11-20,-0.37,-0.36,-0.33,-0.37,2341,1482000.00,-11.11,0.00,0.00,1.30
1997-11-21,-0.36,-0.33,-0.32,-0.36,3163,2004000.00,-11.11,8.33,0.03,1.76
1997-11-24,-0.32,-0.34,-0.32,-0.36,1092,698000.00,-12.12,-3.03,-0.01,0.61
1997-11-25,-0.36,-0.30,-0.30,-0.36,4336,2824000.00,-17.65,11.76,0.04,2.41
1997-11-26,-0.31,-0.30,-0.30,-0.33,2117,1383000.00,-10.00,0.00,0.00,1.18
1997-11-27,-0.29,-0.33,-0.28,-0.36,1995,1275000.00,-26.67,-10.00,-0.03,1.11
1997-11-28,-0.37,-0.33,-0.33,-0.37,877,558000.00,-12.12,0.00,0.00,0.49
1997-12-01,-0.36,-0.34,-0.33,-0.36,928,586000.00,-9.09,-3.03,-0.01,0.52
1997-12-02,-0.36,-0.34,-0.34,-0.36,819,518000.00,-5.88,0.00,0.00,0.46
1997-12-03,-0.34,-0.36,-0.34,-0.38,621,390000.00,-11.76,-5.88,-0.02,0.35
1997-12-04,-0.36,-0.35,-0.35,-0.37,1351,848000.00,-5.56,2.78,0.01,0.75
1997-12-05,-0.36,-0.36,-0.33,-0.36,785,496000.00,-8.57,-2.86,-0.01,0.44
1997-12-08,-0.34,-0.33,-0.33,-0.36,1742,1109000.00,-8.33,8.33,0.03,0.97
1997-12-09,-0.32,-0.29,-0.27,-0.32,6900,4581000.00,-15.15,12.12,0.04,3.83
1997-12-10,-0.29,-0.30,-0.28,-0.33,1530,1005000.00,-17.24,-3.45,-0.01,0.85
1997-12-11,-0.31,-0.31,-0.31,-0.35,1201,777000.00,-13.33,-3.33,-0.01,0.67
1997-12-12,-0.34,-0.34,-0.31,-0.34,1037,667000.00,-9.68,-9.68,-0.03,0.58
1997-12-15,-0.34,-0.33,-0.32,-0.36,1238,790000.00,-11.76,2.94,0.01,0.69
1997-12-16,-0.34,-0.31,-0.31,-0.36,1775,1129000.00,-15.15,6.06,0.02,0.99
1997-12-17,-0.31,-0.35,-0.31,-0.36,955,608000.00,-16.13,-12.90,-0.04,0.53
1997-12-18,-0.33,-0.35,-0.33,-0.36,1207,764000.00,-8.57,0.00,0.00,0.67
1997-12-19,-0.34,-0.34,-0.34,-0.36,1100,696000.00,-5.71,2.86,0.01,0.61
1997-12-22,-0.35,-0.30,-0.28,-0.35,6015,3983000.00,-20.59,11.76,0.04,3.34
1997-12-23,-0.30,-0.31,-0.26,-0.34,2133,1402000.00,-26.67,-3.33,-0.01,1.19
1997-12-24,-0.28,-0.24,-0.21,-0.28,6766,4637000.00,-22.58,22.58,0.07,3.76
1997-12-25,-0.22,-0.24,-0.22,-0.26,4522,3124000.00,-16.67,0.00,0.00,2.51
1997-12-26,-0.23,-0.23,-0.20,-0.25,5071,3549000.00,-20.83,4.17,0.01,2.82
1997-12-29,-0.21,-0.25,-0.20,-0.26,3141,2164000.00,-26.09,-8.70,-0.02,1.75
1997-12-30,-0.25,-0.25,-0.23,-0.28,2217,1513000.00,-20.00,0.00,0.00,1.23
1997-12-31,-0.25,-0.24,-0.23,-0.25,3049,2114000.00,-8.00,4.00,0.01,1.69