2021-01-04,7.19,7.48,7.52,7.17,68401,52027854.00,4.90,4.76,0.34,3.69
2021-01-05,7.36,7.38,7.51,7.30,60360,45997362.00,2.81,-1.34,-0.10,3.25
2021-01-06,7.40,7.04,7.40,7.00,60681,44742684.00,5.42,-4.61,-0.34,3.27
2021-01-07,7.05,6.68,7.07,6.59,73247,51537642.00,6.82,-5.11,-0.36,3.95
2021-01-08,6.68,6.60,6.83,6.41,53916,37224220.00,6.29,-1.20,-0.08,2.91
2021-01-11,6.63,6.39,6.74,6.33,55758,37472253.00,6.21,-3.18,-0.21,3.01
2021-01-12,6.34,6.35,6.56,6.28,42535,28162641.00,4.38,-0.63,-0.04,2.29
2021-01-13,6.35,6.09,6.39,6.05,56843,36394969.00,5.35,-4.09,-0.26,3.06
2021-01-14,6.34,6.88,7.35,6.30,200552,143642086.00,17.24,12.97,0.79,10.81
2021-01-15,6.75,6.75,6.96,6.58,137064,96026695.00,5.52,-1.89,-0.13,7.39
2021-01-18,6.69,6.83,6.93,6.65,84143,59558671.00,4.15,1.19,0.08,4.53
2021-01-19,6.81,7.07,7.30,6.76,115467,85029919.00,7.91,3.51,0.24,6.22
2021-01-20,7.09,7.12,7.39,7.07,78320,58302945.00,4.53,0.71,0.05,4.22
2021-01-21,7.16,7.15,7.27,7.07,67008,49804351.00,2.81,0.42,0.03,3.61
2021-01-22,7.17,7.03,7.25,7.01,60446,44429465.00,3.36,-1.68,-0.12,3.26
2021-01-25,6.99,6.83,7.10,6.80,47436,33938574.00,4.27,-2.84,-0.20,2.56
2021-01-26,6.82,6.79,6.98,6.73,36137,25596991.00,3.66,-0.59,-0.04,1.95
2021-01-27,6.78,6.77,6.88,6.72,30181,21228618.00,2.36,-0.29,-0.02,1.63
2021-01-28,6.71,6.75,6.93,6.67,34301,24202642.00,3.84,-0.30,-0.02,1.85
2021-01-29,6.80,6.82,6.86,6.62,45798,31940560.00,3.56,1.04,0.07,2.47
2021-02-01,6.82,7.16,7.18,6.73,74769,54350149.00,6.60,4.99,0.34,4.03
2021-02-02,7.22,7.07,7.22,6.97,52416,38163769.00,3.49,-1.26,-0.09,2.82
2021-02-03,7.07,7.10,7.22,6.95,61764,45185204.00,3.82,0.42,0.03,3.33
2021-02-04,7.13,6.88,7.13,6.60,69712,49160593.00,7.46,-3.10,-0.22,3.75
2021-02-05,6.82,6.48,6.99,6.48,49530,34569067.00,7.41,-5.81,-0.40,2.67
2021-02-08,6.67,6.58,6.82,6.56,34390,23883675.00,4.01,1.54,0.10,1.85
2021-02-09,6.50,6.68,6.70,6.48,31467,21527157.00,3.34,1.52,0.10,1.69
2021-02-10,6.69,6.63,6.74,6.59,27908,19227180.00,2.25,-0.75,-0.05,1.50
2021-02-18,6.74,6.89,6.97,6.73,47744,33868635.00,3.62,3.92,0.26,2.57
2021-02-19,6.88,7.23,7.28,6.82,65353,48055067.00,6.68,4.93,0.34,3.52
2021-02-22,7.37,7.63,7.86,7.30,107241,85000919.00,7.75,5.53,0.40,5.77
2021-02-23,7.56,7.78,7.89,7.52,88531,70957127.00,4.85,1.97,0.15,4.77
2021-02-24,7.79,8.22,8.44,7.79,143235,120763454.00,8.35,5.66,0.44,7.71
2021-02-25,8.38,8.25,8.62,7.91,139328,118070112.00,8.64,0.36,0.03,7.50
2021-02-26,8.09,8.80,9.07,8.02,227324,205023885.00,12.73,6.67,0.55,12.24
2021-03-01,8.95,9.89,10.42,8.95,233414,230605145.00,16.70,12.39,1.09,12.57
2021-03-02,9.85,9.69,9.96,9.41,182279,180483819.00,5.56,-2.02,-0.20,9.81
2021-03-03,9.54,10.01,10.33,9.54,169119,172379080.00,8.15,3.30,0.32,9.10
2021-03-04,9.80,9.71,10.17,9.63,98815,100151769.00,5.39,-3.00,-0.30,5.32
2021-03-05,9.86,9.64,10.13,9.45,120937,120891521.00,7.00,-0.72,-0.07,6.51
2021-03-08,9.85,9.42,10.09,9.41,104223,104042632.00,7.05,-2.28,-0.22,5.61
2021-03-09,9.50,9.73,10.15,9.25,133577,132978169.00,9.55,3.29,0.31,7.19
2021-03-10,9.77,9.35,9.94,9.30,70764,69017511.00,6.58,-3.91,-0.38,3.81
2021-03-11,9.37,9.29,9.47,9.16,70701,67571190.00,3.32,-0.64,-0.06,3.81
2021-03-12,9.32,9.04,9.43,8.86,95440,88271972.00,6.14,-2.69,-0.25,5.14
2021-03-15,9.11,9.28,9.49,9.01,74359,70861303.00,5.31,2.65,0.24,4.00
2021-03-16,9.25,9.35,9.41,9.06,68111,64451929.00,3.77,0.75,0.07,3.67
2021-03-17,9.34,9.76,9.81,9.04,78523,76514195.00,8.24,4.39,0.41,4.23
2021-03-18,9.77,9.99,10.05,9.46,95527,96078545.00,6.05,2.36,0.23,5.14
2021-03-19,9.76,10.25,10.25,9.76,73023,75002078.00,4.90,2.60,0.26,3.93
2021-03-22,10.35,10.58,10.82,10.06,104453,112721766.00,7.41,3.22,0.33,5.62
2021-03-23,10.57,10.85,11.45,10.56,146992,165753603.00,8.41,2.55,0.27,7.91
2021-03-24,10.93,10.67,10.98,10.47,80370,87875755.00,4.70,-1.66,-0.18,4.33
2021-03-25,10.60,11.15,11.32,10.45,77481,87287155.00,8.15,4.50,0.48,4.17
2021-03-26,11.18,11.55,11.72,11.18,74600,87941457.00,4.84,3.59,0.40,4.02
2021-03-29,11.55,11.64,11.70,11.25,58802,69161787.00,3.90,0.78,0.09,3.17
2021-03-30,11.75,11.30,11.95,10.26,153835,175210628.00,14.52,-2.92,-0.34,8.28
2021-03-31,11.30,10.98,11.47,10.88,73451,84228597.00,5.22,-2.83,-0.32,3.95
2021-04-01,10.92,11.08,11.14,10.60,72967,81432782.00,4.92,0.91,0.10,3.93
2021-04-02,11.27,10.64,11.30,10.63,49031,54230661.00,6.05,-3.97,-0.44,2.64
2021-04-06,10.84,11.02,11.29,10.74,75623,85204248.00,5.17,3.57,0.38,4.07
2021-04-07,11.08,11.14,11.28,10.88,58579,66257478.00,3.63,1.09,0.12,3.15
2021-04-08,11.03,11.35,11.90,11.03,92827,109756107.00,7.81,1.89,0.21,5.00
2021-04-09,11.59,11.17,11.64,11.09,48622,56071790.00,4.85,-1.59,-0.18,2.62
2021-04-12,11.35,10.51,11.41,10.45,91309,100388067.00,8.59,-5.91,-0.66,4.92
2021-04-13,10.49,10.05,10.77,9.97,63863,66934361.00,7.61,-4.38,-0.46,3.44
2021-04-14,10.06,10.27,10.40,9.81,54974,57150302.00,5.87,2.19,0.22,2.96
2021-04-15,10.35,10.21,10.39,10.00,38062,39662881.00,3.80,-0.58,-0.06,2.05
2021-04-16,10.12,11.00,11.15,10.12,69035,76366441.00,10.09,7.74,0.79,3.72
2021-04-19,11.07,10.72,11.16,10.66,62500,69215586.00,4.55,-2.55,-0.28,3.36
2021-04-20,10.85,11.46,11.54,10.84,113528,130400212.00,6.53,6.90,0.74,6.11
2021-04-21,11.23,11.48,11.63,11.00,56278,65189072.00,5.50,0.17,0.02,3.03
2021-04-22,11.50,11.51,11.69,11.35,34738,40816262.00,2.96,0.26,0.03,1.87
2021-04-23,11.48,11.50,11.82,11.35,49669,58792341.00,4.08,-0.09,-0.01,2.67
2021-04-26,11.65,11.17,11.70,11.17,44402,51614745.00,4.61,-2.87,-0.33,2.39
2021-04-27,11.25,11.17,11.30,10.91,32949,37362823.00,3.49,0.00,0.00,1.77
2021-04-28,11.20,11.63,11.69,11.01,57412,66965210.00,6.09,4.12,0.46,3.09
2021-04-29,11.76,11.25,11.76,11.21,44239,51991701.00,4.73,-3.27,-0.38,2.38
2021-04-30,11.21,11.28,11.58,10.76,70104,80617892.00,7.29,0.27,0.03,3.77
2021-05-06,11.38,12.14,12.33,11.03,89768,108207410.00,11.52,7.62,0.86,4.83
2021-05-07,12.02,13.03,13.17,12.02,141638,184500156.00,9.47,7.33,0.89,7.63
2021-05-10,13.03,13.03,13.33,12.35,110545,144263786.00,7.52,0.00,0.00,5.95
2021-05-11,12.84,13.32,13.46,12.66,77709,103951689.00,6.14,2.23,0.29,4.18
2021-05-12,13.21,14.29,14.36,13.15,111914,160339722.00,9.08,7.28,0.97,6.02
2021-05-13,14.01,13.80,14.32,13.61,80638,114614639.00,4.97,-3.43,-0.49,4.34
2021-05-14,13.90,13.78,14.15,13.35,54317,76067509.00,5.80,-0.14,-0.02,2.92
2021-05-17,13.82,13.10,13.85,13.03,77826,104639596.00,5.95,-4.93,-0.68,4.19
2021-05-18,12.98,13.17,13.58,12.98,46316,62402961.00,4.58,0.53,0.07,2.49
2021-05-19,13.15,13.06,13.28,12.97,33772,44819846.00,2.35,-0.84,-0.11,1.82
2021-05-20,13.13,12.91,13.14,12.83,25589,33533884.00,2.37,-1.15,-0.15,1.38
2021-05-21,13.01,13.36,13.60,12.90,43653,58704163.00,5.42,3.49,0.45,2.35
2021-05-24,13.36,12.90,13.37,12.89,37789,49783203.00,3.59,-3.44,-0.46,2.03
2021-05-25,12.90,13.20,13.45,12.68,52381,69226961.00,5.97,2.33,0.30,2.82
2021-05-26,13.25,12.92,13.30,12.85,27945,36825776.00,3.41,-2.12,-0.28,1.50
2021-05-27,12.87,12.65,13.03,12.59,37552,48733884.00,3.41,-2.09,-0.27,2.02
2021-05-28,12.61,12.26,12.79,12.14,77937,97465286.00,5.14,-3.08,-0.39,4.20
2021-05-31,12.26,12.50,12.75,12.16,34386,43390782.00,4.81,1.96,0.24,1.85
2021-06-01,12.53,12.20,12.60,12.11,26224,32504764.00,3.92,-2.40,-0.30,1.41
2021-06-02,12.23,12.13,12.64,12.07,46417,57808486.00,4.67,-0.57,-0.07,2.50
2021-06-03,12.12,12.47,12.61,12.04,45036,56390279.00,4.70,2.80,0.34,2.42
2021-06-04,12.41,13.35,13.35,12.20,72999,95837188.00,9.22,7.06,0.88,3.93
2021-06-07,13.33,13.86,13.94,13.28,74406,103537466.00,4.94,3.82,0.51,4.01
2021-06-08,13.69,13.83,13.92,13.40,54027,74825866.00,3.75,-0.22,-0.03,2.91
2021-06-09,13.73,13.50,13.93,13.31,45784,62769295.00,4.48,-2.39,-0.33,2.46
2021-06-10,13.55,13.16,13.65,13.10,34930,46853470.00,4.07,-2.52,-0.34,1.88
2021-06-11,13.30,13.12,13.43,13.03,25177,33647856.00,3.04,-0.30,-0.04,1.36
2021-06-15,13.13,13.12,13.37,12.99,22704,30319947.00,2.90,0.00,0.00,1.22
2021-06-16,13.12,12.56,13.35,12.12,58822,76247845.00,9.38,-4.27,-0.56,3.17
2021-06-17,12.71,13.03,13.03,12.27,49715,63768560.00,6.05,3.74,0.47,2.68
2021-06-18,13.01,13.55,13.83,12.63,52152,70442331.00,9.21,3.99,0.52,2.81
2021-06-21,13.72,13.31,13.85,12.97,53694,72618758.00,6.49,-1.77,-0.24,2.89
2021-06-22,13.42,13.67,13.94,13.42,46326,64318721.00,3.91,2.70,0.36,2.49
2021-06-23,13.75,14.97,15.15,13.55,103788,154078370.00,11.70,9.51,1.30,5.59
2021-06-24,14.97,15.24,15.24,14.75,75210,113780781.00,3.27,1.80,0.27,4.05
2021-06-25,15.17,14.92,15.24,14.61,78120,117775115.00,4.13,-2.10,-0.32,4.21
2021-06-28,15.20,16.13,16.40,15.04,123020,197769666.00,9.12,8.11,1.21,6.62
2021-06-29,15.93,16.51,16.63,15.80,58727,97001489.00,5.15,2.36,0.38,3.16
2021-06-30,16.53,16.34,17.01,16.06,70352,117307774.00,5.75,-1.03,-0.17,3.79
2021-07-01,16.48,15.71,16.80,15.65,51874,84671214.00,7.04,-3.86,-0.63,2.79
2021-07-02,15.65,15.76,15.95,15.47,29373,46569661.00,3.06,0.32,0.05,1.58
2021-07-05,15.75,16.35,16.51,15.57,48082,77837591.00,5.96,3.74,0.59,2.59
2021-07-06,16.35,15.71,16.35,15.45,45946,73279164.00,5.50,-3.91,-0.64,2.47
2021-07-07,15.65,15.88,16.09,15.35,38564,61530562.00,4.71,1.08,0.17,2.08
2021-07-08,15.91,15.72,16.10,15.60,26987,43143642.00,3.15,-1.01,-0.16,1.45
2021-07-09,15.71,15.47,15.88,15.24,43853,68314514.00,4.07,-1.59,-0.25,2.36
2021-07-12,15.84,16.90,17.15,15.75,105657,176954326.00,9.05,9.24,1.43,5.69
2021-07-13,16.90,16.86,17.52,16.43,63389,108348655.00,6.45,-0.24,-0.04,3.41
2021-07-14,16.94,15.76,16.94,15.73,61372,100091854.00,7.18,-6.52,-1.10,3.30
2021-07-15,15.75,15.33,15.84,14.91,41283,63994989.00,5.90,-2.73,-0.43,2.22
2021-07-16,15.28,15.00,15.38,14.88,49804,75894135.00,3.26,-2.15,-0.33,2.68
2021-07-19,15.15,14.93,15.32,14.88,34642,52810700.00,2.93,-0.47,-0.07,1.86
2021-07-20,14.92,15.06,15.20,14.53,34085,51270460.00,4.49,0.87,0.13,1.83
2021-07-21,15.03,15.90,16.20,14.89,42246,66839182.00,8.70,5.58,0.84,2.27
2021-07-22,15.85,15.50,16.08,15.35,35873,56545865.00,4.59,-2.52,-0.40,1.93
2021-07-23,15.35,14.87,15.57,14.26,80336,119583995.00,8.45,-4.06,-0.63,4.32
2021-07-26,14.88,14.84,15.00,14.10,55075,81190663.00,6.05,-0.20,-0.03,2.96
2021-07-27,14.60,14.99,16.64,14.60,127628,202125771.00,13.75,1.01,0.15,6.87
2021-07-28,14.46,14.39,15.06,14.08,66355,96645088.00,6.54,-4.00,-0.60,3.57
2021-07-29,14.39,15.48,15.81,14.30,74654,115890887.00,10.49,7.57,1.09,4.02
2021-07-30,15.80,16.15,16.41,15.79,69650,113340940.00,4.01,4.33,0.67,3.75
2021-08-02,16.35,16.15,16.40,15.68,53806,86617271.00,4.46,0.00,0.00,2.90
2021-08-03,16.12,17.05,17.07,16.04,110536,186551332.00,6.38,5.57,0.90,5.95
2021-08-04,16.93,16.84,16.93,16.33,56167,94498340.00,3.52,-1.23,-0.21,3.02
2021-08-05,17.08,16.25,17.08,16.00,57506,94573277.00,6.41,-3.50,-0.59,3.10
2021-08-06,16.25,17.05,17.40,16.16,70933,119966224.00,7.63,4.92,0.80,3.82
2021-08-09,17.05,17.06,17.38,16.30,34599,58691293.00,6.33,0.06,0.01,1.86
2021-08-10,17.16,16.82,17.35,16.69,31028,52821054.00,3.87,-1.41,-0.24,1.67
2021-08-11,16.82,17.04,17.32,16.36,51903,89127691.00,5.71,1.31,0.22,2.79
2021-08-12,17.10,17.02,17.81,16.98,56038,97448545.00,4.87,-0.12,-0.02,3.02
2021-08-13,16.84,16.95,17.12,16.57,42089,71340034.00,3.23,-0.41,-0.07,2.27
2021-08-16,17.12,16.28,17.30,16.17,39887,66548341.00,6.67,-3.95,-0.67,2.15
2021-08-17,16.28,15.77,16.65,15.75,45083,73677424.00,5.53,-3.13,-0.51,2.43
2021-08-18,15.66,16.87,16.94,15.63,50569,84526216.00,8.31,6.98,1.10,2.72
2021-08-19,17.05,19.15,19.85,16.87,164880,307245536.00,17.66,13.52,2.28,8.88
2021-08-20,18.61,18.75,19.05,18.05,89093,166205330.00,5.22,-2.09,-0.40,4.80
2021-08-23,18.62,21.69,22.43,18.28,187729,395174144.00,22.13,15.68,2.94,10.11
2021-08-24,21.69,22.43,24.67,21.67,234575,538979648.00,13.83,3.41,0.74,12.63
2021-08-25,22.40,22.51,22.85,21.38,112979,253373855.00,6.55,0.36,0.08,6.08
2021-08-26,22.68,22.90,23.81,22.25,111032,258380951.00,6.93,1.73,0.39,5.98
2021-08-27,23.03,22.45,23.35,21.85,101063,227636029.00,6.55,-1.97,-0.45,5.44
2021-08-30,21.43,22.82,23.33,20.44,77814,175665629.00,12.87,1.65,0.37,4.19
2021-08-31,23.35,22.25,23.72,21.55,67318,150412041.00,9.51,-2.50,-0.57,3.62
2021-09-01,22.22,21.08,22.56,20.93,71723,155123250.00,7.33,-5.26,-1.17,3.86
2021-09-02,21.08,25.33,25.33,20.65,168561,395143168.00,22.20,20.16,4.25,9.07
2021-09-03,25.17,26.92,29.50,24.56,179226,481426864.00,19.50,6.28,1.59,9.65
2021-09-06,26.43,24.86,27.02,24.23,160243,406792032.00,10.36,-7.65,-2.06,8.63
2021-09-07,24.51,23.98,24.63,23.41,125414,300934256.00,4.91,-3.54,-0.88,6.75
2021-09-08,23.98,23.32,24.95,22.85,98416,233497359.00,8.76,-2.75,-0.66,5.30
2021-09-09,23.19,23.75,24.32,22.99,83119,197707635.00,5.70,1.84,0.43,4.47
2021-09-10,23.76,22.85,23.85,22.25,85668,197345059.00,6.74,-3.79,-0.90,4.61
2021-09-13,22.74,22.78,23.50,22.19,64751,148243633.00,5.73,-0.31,-0.07,3.49
2021-09-14,22.82,22.44,22.95,22.15,43946,99347078.00,3.51,-1.49,-0.34,2.37
2021-09-15,22.60,23.65,24.72,21.90,108196,255639474.00,12.57,5.39,1.21,5.82
2021-09-16,23.65,22.45,23.82,22.38,69853,161918176.00,6.09,-5.07,-1.20,3.76
2021-09-17,22.35,25.06,25.85,22.05,126245,312815744.00,16.93,11.63,2.61,6.68
2021-09-22,24.28,26.55,27.52,23.92,155083,408370368.00,14.37,5.95,1.49,8.21
2021-09-23,26.27,25.19,26.27,23.45,96340,240217102.00,10.62,-5.12,-1.36,5.10
2021-09-24,24.70,23.85,24.70,22.99,63553,152310319.00,6.79,-5.32,-1.34,3.36
2021-09-27,23.59,21.50,23.97,20.53,65280,144390891.00,14.42,-9.85,-2.35,3.46
2021-09-28,21.06,20.39,21.90,20.10,62633,131888210.00,8.37,-5.16,-1.11,3.32
2021-09-29,20.00,19.05,20.55,18.53,70463,137727195.00,9.91,-6.57,-1.34,3.73
2021-09-30,19.16,20.68,20.95,18.96,66826,135356377.00,10.45,8.56,1.63,3.60
2021-10-08,20.93,18.37,20.95,18.21,82691,157633299.00,13.25,-11.17,-2.31,4.45
2021-10-11,18.43,16.88,18.55,16.55,158063,274097728.00,10.89,-8.11,-1.49,8.51
2021-10-12,16.98,16.29,17.13,15.85,102875,170191556.00,7.58,-3.50,-0.59,5.54
2021-10-13,16.46,16.08,16.46,15.24,151008,240166785.00,7.49,-1.29,-0.21,8.13
2021-10-14,16.55,17.94,19.02,15.72,143054,253242118.00,20.52,11.57,1.86,7.70
2021-10-15,18.35,19.38,20.65,17.56,153434,293864496.00,17.22,8.03,1.44,8.26
2021-10-18,19.41,20.92,21.03,19.36,142070,288400672.00,8.62,7.95,1.54,7.65
2021-10-19,20.68,20.92,21.95,20.45,116757,248089666.00,7.17,0.00,0.00,6.29
2021-10-20,21.11,20.80,21.24,20.18,67320,141028482.00,5.07,-0.57,-0.12,3.62
2021-10-21,21.32,21.00,21.66,20.35,73940,156340593.00,6.30,0.96,0.20,3.98
2021-10-22,20.85,20.05,21.49,19.95,76003,157013585.00,7.33,-4.52,-0.95,4.09
2021-10-25,20.42,21.14,21.38,19.82,74822,157767151.00,7.78,5.44,1.09,4.03
2021-10-26,21.16,20.98,21.25,20.55,56059,118084500.00,3.31,-0.76,-0.16,3.02
2021-10-27,20.98,22.93,23.10,20.66,105096,233908066.00,11.63,9.29,1.95,5.66
2021-10-28,22.52,22.70,23.65,21.66,107162,245688724.00,8.68,-1.00,-0.23,5.77
2021-10-29,22.41,22.84,23.18,20.59,108383,238522926.00,11.41,0.62,0.14,5.83
2021-11-01,22.63,22.16,23.52,21.91,69191,157223531.00,7.05,-2.98,-0.68,3.72
2021-11-02,22.00,22.46,22.50,21.17,50059,110276029.00,6.00,1.35,0.30,2.69
2021-11-03,22.18,22.80,23.13,21.87,53088,120590718.00,5.61,1.51,0.34,2.86
2021-11-04,23.09,25.93,27.33,23.00,165967,420928672.00,18.99,13.73,3.13,8.93
2021-11-05,26.08,24.03,26.33,23.91,112743,283295440.00,9.33,-7.33,-1.90,6.07
2021-11-08,23.73,22.46,24.27,22.33,96964,222627505.00,8.07,-6.53,-1.57,5.22
2021-11-09,22.56,23.02,23.80,22.47,67049,155773729.00,5.92,2.49,0.56,3.61
2021-11-10,22.45,23.14,23.38,22.03,65792,150102597.00,5.86,0.52,0.12,3.54
2021-11-11,22.82,21.97,23.17,21.58,69630,155831093.00,6.87,-5.06,-1.17,3.75
2021-11-12,21.85,22.41,22.55,21.75,46364,103461304.00,3.64,2.00,0.44,2.50
2021-11-15,22.60,21.87,22.60,21.28,54172,118755324.00,5.89,-2.41,-0.54,2.92
2021-11-16,21.85,21.19,22.28,20.77,41688,90347103.00,6.90,-3.11,-0.68,2.24
2021-11-17,21.48,22.03,22.25,21.11,37091,81707968.00,5.38,3.96,0.84,2.00
2021-11-18,21.97,24.71,25.73,21.49,118416,282851696.00,19.25,12.17,2.68,6.37
2021-11-19,23.86,23.80,24.54,23.35,75596,181273201.00,4.82,-3.68,-0.91,4.07
2021-11-22,23.80,24.32,24.66,23.50,60080,146070462.00,4.87,2.18,0.52,3.23
2021-11-23,24.09,23.31,24.60,23.11,54131,129508052.00,6.13,-4.15,-1.01,2.91
2021-11-24,23.36,22.15,23.39,21.93,67195,151707354.00,6.26,-4.98,-1.16,3.62
2021-11-25,22.34,22.15,22.39,21.45,42288,93523090.00,4.24,0.00,0.00,2.28
2021-11-26,21.90,22.50,22.55,21.80,33467,74982678.00,3.39,1.58,0.35,1.80
2021-11-29,21.72,22.01,22.75,21.68,38281,85291507.00,4.76,-2.18,-0.49,2.06
2021-11-30,22.04,21.33,22.50,19.85,94081,201791455.00,12.04,-3.09,-0.68,5.06
2021-12-01,21.19,20.53,21.87,20.36,66111,139186107.00,7.08,-3.75,-0.80,3.56
2021-12-02,20.37,19.61,20.65,19.45,60943,121696530.00,5.85,-4.48,-0.92,3.28
2021-12-03,19.55,19.41,19.92,19.35,37871,74600795.00,2.91,-1.02,-0.20,2.04
2021-12-06,19.42,18.94,19.65,18.86,52339,101396927.00,4.07,-2.42,-0.47,2.82
2021-12-07,18.96,18.04,19.20,17.85,84682,155406651.00,7.13,-4.75,-0.90,4.56
2021-12-08,18.07,19.27,19.40,17.85,120579,226546630.00,8.59,6.82,1.23,6.49
2021-12-09,19.35,19.40,21.25,19.30,157808,316871104.00,10.12,0.67,0.13,8.50
2021-12-10,19.58,19.45,19.75,18.85,70971,138539428.00,4.64,0.26,0.05,3.82
2021-12-13,19.51,19.10,19.60,18.84,53310,102647798.00,3.91,-1.80,-0.35,2.87
2021-12-14,19.11,20.89,20.95,18.92,113945,231208893.00,10.63,9.37,1.79,6.13
2021-12-15,22.26,21.16,22.80,20.85,132085,288706224.00,9.33,1.29,0.27,7.11
2021-12-16,19.85,20.12,21.04,19.85,100070,206905824.00,5.62,-4.91,-1.04,5.39
2021-12-17,19.99,18.53,20.09,18.50,88891,170149647.00,7.90,-7.90,-1.59,4.79
2021-12-20,18.36,18.30,18.85,18.11,39848,73978100.00,3.99,-1.24,-0.23,2.15
2021-12-21,18.28,18.85,19.15,18.28,51213,97101195.00,4.75,3.01,0.55,2.76
2021-12-22,18.93,19.53,19.58,18.55,67323,129502887.00,5.46,3.61,0.68,3.62
2021-12-23,19.52,20.19,20.61,19.08,68926,137894090.00,7.83,3.38,0.66,3.71
2021-12-24,20.14,19.20,20.63,19.14,78211,157279078.00,7.38,-4.90,-0.99,4.21
2021-12-27,19.34,19.70,20.00,18.55,52817,104212043.00,7.55,2.60,0.50,2.84
2021-12-28,20.16,18.92,20.24,17.88,99988,187639603.00,11.98,-3.96,-0.78,5.38
2021-12-29,18.93,20.53,20.85,18.55,131503,265972687.00,12.16,8.51,1.61,7.08
2021-12-30,20.54,21.90,22.43,20.09,132113,285007120.00,11.40,6.67,1.37,7.11
2021-12-31,22.00,21.77,22.07,20.87,73708,160136818.00,5.48,-0.59,-0.13,3.97