2013-01-04,2.39,2.28,2.39,2.26,40551,66504453.00,5.49,-3.80,-0.09,3.35
2013-01-07,2.29,2.29,2.30,2.21,43458,69694547.00,3.95,0.44,0.01,3.59
2013-01-08,2.28,2.33,2.36,2.22,44854,73579017.00,6.11,1.75,0.04,3.70
2013-01-09,2.33,2.32,2.36,2.27,51759,85501177.00,3.86,-0.43,-0.01,4.27
2013-01-10,2.32,2.28,2.33,2.26,36054,58881228.00,3.02,-1.72,-0.04,2.98
2013-01-11,2.28,2.19,2.29,2.18,36508,58079829.00,4.82,-3.95,-0.09,3.01
2013-01-14,2.17,2.33,2.34,2.16,52663,85594593.00,8.22,6.39,0.14,4.35
2013-01-15,2.33,2.39,2.45,2.33,56132,95257941.00,5.15,2.58,0.06,4.63
2013-01-16,2.37,2.34,2.39,2.30,31431,52493309.00,3.77,-2.09,-0.05,2.59
2013-01-17,2.34,2.35,2.38,2.32,27287,45666043.00,2.56,0.43,0.01,2.25
2013-01-18,2.36,2.37,2.37,2.29,26020,43391884.00,3.40,0.85,0.02,2.15
2013-01-21,2.37,2.47,2.51,2.37,50528,87717177.00,5.91,4.22,0.10,4.17
2013-01-22,2.47,2.37,2.48,2.33,36207,61799902.00,6.07,-4.05,-0.10,2.99
2013-01-23,2.34,2.41,2.42,2.28,38188,63490141.00,5.91,1.69,0.04,3.15
2013-01-24,2.39,2.22,2.41,2.21,44456,73152938.00,8.30,-7.88,-0.19,3.67
2013-01-25,2.20,2.19,2.26,2.19,25616,40672471.00,3.15,-1.35,-0.03,2.11
2013-01-28,2.19,2.24,2.31,2.19,40671,64975152.00,5.48,2.28,0.05,3.36
2013-01-29,2.24,2.28,2.31,2.24,35359,57475741.00,3.13,1.79,0.04,2.92
2013-01-30,2.33,2.38,2.43,2.31,77028,129648892.00,5.26,4.39,0.10,6.36
2013-01-31,2.40,2.38,2.43,2.33,42828,72147608.00,4.20,0.00,0.00,3.53
2013-02-01,2.37,2.36,2.37,2.34,22911,38367440.00,1.26,-0.84,-0.02,1.89
2013-02-04,2.38,2.30,2.42,2.30,29858,49612244.00,5.08,-2.54,-0.06,2.46
2013-02-05,2.29,2.28,2.29,2.21,29430,47336446.00,3.48,-0.87,-0.02,2.43
2013-02-06,2.28,2.28,2.30,2.25,16335,26578771.00,2.19,0.00,0.00,1.35
2013-02-07,2.28,2.37,2.37,2.24,42544,70362549.00,5.70,3.95,0.09,3.51
2013-02-08,2.38,2.43,2.46,2.35,49991,85640762.00,4.64,2.53,0.06,4.13
2013-02-18,2.44,2.44,2.49,2.38,33118,57332781.00,4.53,0.41,0.01,2.73
2013-02-19,2.44,2.42,2.53,2.40,36444,63304167.00,5.33,-0.82,-0.02,3.01
2013-02-20,2.42,2.57,2.60,2.42,66031,117961213.00,7.44,6.20,0.15,5.45
2013-02-21,2.55,2.57,2.61,2.50,48078,86629833.00,4.28,0.00,0.00,3.97
2013-02-22,2.57,2.51,2.62,2.51,28039,50618213.00,4.28,-2.33,-0.06,2.31
2013-02-25,2.52,2.53,2.57,2.44,30659,54624914.00,5.18,0.80,0.02,2.53
2013-02-26,2.52,2.56,2.61,2.48,40077,72632964.00,5.14,1.19,0.03,3.31
2013-02-27,2.56,2.62,2.64,2.53,40104,73670522.00,4.30,2.34,0.06,3.31
2013-02-28,2.63,2.62,2.67,2.58,39637,73138052.00,3.44,0.00,0.00,3.27
2013-03-01,2.62,2.80,2.81,2.59,50241,95227637.00,8.40,6.87,0.18,4.15
2013-03-04,2.78,2.74,2.86,2.69,63466,124841146.00,6.07,-2.14,-0.06,5.24
2013-03-05,2.75,2.86,2.86,2.70,38736,75520070.00,5.84,4.38,0.12,3.20
2013-03-06,2.86,2.86,2.97,2.82,36849,74624733.00,5.24,0.00,0.00,3.04
2013-03-07,2.80,2.56,2.80,2.56,81132,150603619.00,8.39,-10.49,-0.30,6.70
2013-03-08,2.47,2.50,2.52,2.35,79131,136553674.00,6.64,-2.34,-0.06,6.53
2013-03-11,2.44,2.43,2.46,2.41,39237,67803096.00,2.00,-2.80,-0.07,3.24
2013-03-12,2.43,2.40,2.49,2.39,37153,64399855.00,4.12,-1.23,-0.03,3.07
2013-03-13,2.37,2.33,2.40,2.23,54734,89179999.00,7.08,-2.92,-0.07,4.52
2013-03-14,2.30,2.49,2.56,2.29,74921,130494278.00,11.59,6.87,0.16,6.18
2013-03-15,2.47,2.45,2.54,2.44,51447,90724738.00,4.02,-1.61,-0.04,4.25
2013-03-18,2.43,2.40,2.43,2.36,20135,34301268.00,2.86,-2.04,-0.05,1.66
2013-03-19,2.42,2.49,2.51,2.41,41663,72854302.00,4.17,3.75,0.09,3.44
2013-03-20,2.49,2.52,2.54,2.49,29268,52160083.00,2.01,1.20,0.03,2.42
2013-03-21,2.54,2.61,2.63,2.51,38841,71138879.00,4.76,3.57,0.09,3.21
2013-03-22,2.61,2.58,2.65,2.57,20522,37846778.00,3.07,-1.15,-0.03,1.69
2013-03-25,2.57,2.54,2.60,2.47,27416,48577346.00,5.04,-1.55,-0.04,2.26
2013-03-26,2.51,2.52,2.54,2.47,14741,26133074.00,2.76,-0.79,-0.02,1.22
2013-03-27,2.50,2.49,2.55,2.48,13685,24308690.00,2.78,-1.19,-0.03,1.13
2013-03-28,2.47,2.39,2.49,2.38,18170,31178568.00,4.42,-4.02,-0.10,1.50
2013-03-29,2.40,2.41,2.47,2.39,12249,21030787.00,3.35,0.84,0.02,1.01
2013-04-01,2.45,2.57,2.57,2.41,30198,53967217.00,6.64,6.64,0.16,2.49
2013-04-02,2.58,2.51,2.65,2.51,30219,55332814.00,5.45,-2.33,-0.06,2.49
2013-04-03,2.52,2.62,2.63,2.49,30869,56505590.00,5.58,4.38,0.11,2.55
2013-04-08,2.57,2.72,2.73,2.54,39630,74094124.00,7.25,3.82,0.10,3.27
2013-04-09,2.72,2.74,2.77,2.68,38166,73427993.00,3.31,0.74,0.02,3.15
2013-04-10,2.70,2.65,2.74,2.58,31041,58065389.00,5.84,-3.28,-0.09,2.56
2013-04-11,2.66,2.64,2.69,2.62,17448,32759392.00,2.64,-0.38,-0.01,1.44
2013-04-12,2.66,2.66,2.69,2.61,15758,29469719.00,3.03,0.76,0.02,1.30
2013-04-15,2.65,2.64,2.66,2.56,13564,25094549.00,3.76,-0.75,-0.02,1.12
2013-04-16,2.60,2.70,2.70,2.57,16694,31037060.00,4.92,2.27,0.06,1.38
2013-04-17,2.72,2.75,2.76,2.68,20714,39802163.00,2.96,1.85,0.05,1.71
2013-04-18,2.75,2.72,2.77,2.70,16931,32594705.00,2.55,-1.09,-0.03,1.40
2013-04-19,2.75,2.75,2.78,2.72,26324,51045725.00,2.21,1.10,0.03,2.17
2013-04-22,2.75,2.84,2.86,2.71,29200,57578392.00,5.45,3.27,0.09,2.41
2013-04-23,2.84,2.68,2.87,2.68,28227,54876442.00,6.69,-5.63,-0.16,2.33
2013-04-24,2.65,2.69,2.74,2.64,25279,47953702.00,3.73,0.37,0.01,2.09
2013-04-25,2.69,2.55,2.69,2.52,50736,92331847.00,6.32,-5.20,-0.14,4.19
2013-04-26,2.53,2.46,2.57,2.45,13654,24288173.00,4.71,-3.53,-0.09,1.13
2013-05-02,2.45,2.52,2.53,2.39,11838,20725479.00,5.69,2.44,0.06,0.98
2013-05-03,2.52,2.57,2.62,2.52,13512,24703451.00,3.97,1.98,0.05,1.12
2013-05-06,2.58,2.59,2.64,2.58,20642,38003745.00,2.33,0.78,0.02,1.70
2013-05-07,2.60,2.57,2.60,2.56,13546,24716595.00,1.54,-0.77,-0.02,1.12
2013-05-08,2.57,2.64,2.65,2.57,21929,40495039.00,3.11,2.72,0.07,1.81
2013-05-09,2.64,2.74,2.77,2.60,40757,77799658.00,6.44,3.79,0.10,3.36
2013-05-10,2.74,2.74,2.76,2.69,22746,43694065.00,2.55,0.00,0.00,1.88
2013-05-13,2.74,2.73,2.78,2.68,14565,27942424.00,3.65,-0.36,-0.01,1.20
2013-05-14,2.73,2.64,2.73,2.64,12074,22711600.00,3.30,-3.30,-0.09,1.00
2013-05-15,2.65,2.75,2.75,2.65,19685,37608372.00,3.79,4.17,0.11,1.62
2013-05-16,2.76,2.72,2.77,2.69,22726,43812896.00,2.91,-1.09,-0.03,1.88
2013-05-17,2.72,2.75,2.76,2.71,19715,38042144.00,1.84,1.10,0.03,1.63
2013-05-20,2.75,2.81,2.86,2.75,38910,77020591.00,4.00,2.18,0.06,3.21
2013-05-21,2.81,3.08,3.11,2.78,88044,185625647.00,11.74,9.61,0.27,7.27
2013-05-22,3.05,2.96,3.07,2.93,68547,144527691.00,4.55,-3.90,-0.12,5.66
2013-05-23,2.92,3.21,3.22,2.92,54031,116468137.00,10.14,8.45,0.25,4.46
2013-05-24,3.15,3.13,3.16,3.02,103796,224772925.00,4.36,-2.49,-0.08,8.57
2013-05-27,3.08,3.02,3.08,2.92,81666,172011855.00,5.11,-3.51,-0.11,6.74
2013-05-28,3.01,2.95,3.01,2.92,50674,105156717.00,2.98,-2.32,-0.07,4.18
2013-05-29,3.00,3.04,3.05,2.94,39225,82500897.00,3.73,3.05,0.09,3.24
2013-05-30,2.98,2.84,2.98,2.82,98523,197749381.00,5.26,-6.58,-0.20,8.13
2013-05-31,2.85,2.82,2.87,2.78,44930,89462649.00,3.17,-0.70,-0.02,3.71
2013-06-03,2.67,2.72,2.77,2.64,68378,130939185.00,4.61,-3.55,-0.10,3.42
2013-06-04,2.71,2.68,2.74,2.67,35043,66730889.00,2.57,-1.47,-0.04,1.75
2013-06-05,2.68,2.72,2.74,2.68,30443,58347158.00,2.24,1.49,0.04,1.52
2013-06-06,2.72,2.68,2.73,2.62,25448,47954346.00,4.04,-1.47,-0.04,1.27
2013-06-07,2.68,2.65,2.70,2.62,22303,41868938.00,2.99,-1.12,-0.03,1.12
2013-06-13,2.64,2.56,2.64,2.37,29827,53357527.00,10.19,-3.40,-0.09,1.49
2013-06-14,2.56,2.62,2.63,2.56,17005,31367566.00,2.73,2.34,0.06,0.85
2013-06-17,2.62,2.72,2.75,2.62,46336,88584726.00,4.96,3.82,0.10,2.32
2013-06-18,2.74,2.72,2.76,2.69,22685,43450426.00,2.57,0.00,0.00,1.13
2013-06-19,2.72,2.65,2.72,2.60,14912,27897412.00,4.41,-2.57,-0.07,0.75
2013-06-20,2.69,2.55,2.72,2.55,20713,38849784.00,6.42,-3.77,-0.10,1.04
2013-06-21,2.39,2.57,2.61,2.39,18321,32756100.00,8.63,0.78,0.02,0.92
2013-06-24,2.54,2.34,2.55,2.32,27494,47374601.00,8.95,-8.95,-0.23,1.38
2013-06-25,2.35,2.31,2.36,2.08,47675,75439870.00,11.97,-1.28,-0.03,2.38
2013-06-26,2.31,2.41,2.43,2.29,24223,40802308.00,6.06,4.33,0.10,1.21
2013-06-27,2.42,2.36,2.46,2.28,29454,49969043.00,7.47,-2.07,-0.05,1.47
2013-06-28,2.35,2.34,2.40,2.27,21868,36417633.00,5.51,-0.85,-0.02,1.09
2013-07-01,2.33,2.46,2.47,2.31,32804,56030886.00,6.84,5.13,0.12,1.63
2013-07-02,2.46,2.47,2.52,2.45,51027,89444352.00,2.85,0.41,0.01,2.53
2013-07-03,2.47,2.45,2.49,2.35,32982,56613202.00,5.67,-0.81,-0.02,1.64
2013-07-04,2.44,2.49,2.52,2.40,34656,61175798.00,4.90,1.63,0.04,1.72
2013-07-05,2.51,2.45,2.52,2.40,31460,55110279.00,4.82,-1.61,-0.04,1.56
2013-07-08,2.41,2.36,2.47,2.32,31060,52767030.00,6.12,-3.67,-0.09,1.54
2013-07-09,2.36,2.35,2.40,2.32,19091,31916103.00,3.39,-0.42,-0.01,0.95
2013-07-10,2.35,2.44,2.46,2.31,30290,50695814.00,6.38,3.83,0.09,1.50
2013-07-11,2.44,2.52,2.55,2.39,47052,82747529.00,6.56,3.28,0.08,2.33
2013-07-12,2.52,2.51,2.56,2.48,42375,75615361.00,3.17,-0.40,-0.01,2.10
2013-07-15,2.52,2.54,2.57,2.47,65442,116251926.00,3.98,1.20,0.03,3.25
2013-07-16,2.57,2.55,2.58,2.52,39009,70200096.00,2.36,0.39,0.01,1.94
2013-07-17,2.57,2.49,2.59,2.48,43461,78234432.00,4.31,-2.35,-0.06,2.16
2013-07-18,2.48,2.43,2.48,2.41,33582,57994827.00,2.81,-2.41,-0.06,1.67
2013-07-19,2.44,2.34,2.46,2.34,38190,65016941.00,4.94,-3.70,-0.09,1.90
2013-07-22,2.32,2.43,2.43,2.32,30981,52819077.00,4.70,3.85,0.09,1.54
2013-07-23,2.43,2.54,2.57,2.42,45777,81684696.00,6.17,4.53,0.11,2.27
2013-07-24,2.54,2.62,2.67,2.50,95776,176088067.00,6.69,3.15,0.08,4.75
2013-07-25,2.64,2.55,2.67,2.53,53392,97759770.00,5.34,-2.67,-0.07,2.65
2013-07-26,2.48,2.47,2.54,2.40,33834,59244250.00,5.49,-3.14,-0.08,1.68
2013-07-29,2.52,2.39,2.52,2.38,41414,70667861.00,5.67,-3.24,-0.08,2.06
2013-07-30,2.39,2.35,2.43,2.33,37134,62022354.00,4.18,-1.67,-0.04,1.84
2013-07-31,2.35,2.37,2.38,2.32,47053,78226128.00,2.55,0.85,0.02,2.33
2013-08-01,2.36,2.49,2.50,2.35,54471,94885863.00,6.33,5.06,0.12,2.70
2013-08-02,2.51,2.60,2.66,2.51,121634,221968624.00,6.02,4.42,0.11,6.04
2013-08-05,2.61,2.58,2.66,2.55,77382,141212931.00,4.23,-0.77,-0.02,3.84
2013-08-06,2.61,2.73,2.75,2.59,101580,192333662.00,6.20,5.81,0.15,5.04
2013-08-07,2.73,2.70,2.74,2.66,56711,107692010.00,2.93,-1.10,-0.03,2.81
2013-08-08,2.67,2.70,2.74,2.62,73157,137243329.00,4.44,0.00,0.00,3.63
2013-08-09,2.69,2.69,2.73,2.62,46371,87290430.00,4.07,-0.37,-0.01,2.30
2013-08-12,2.73,2.71,2.80,2.67,52475,100752346.00,4.83,0.74,0.02,2.60
2013-08-13,2.71,2.74,2.77,2.68,43363,83302387.00,3.32,1.11,0.03,2.15
2013-08-14,2.74,2.69,2.77,2.69,27156,51707816.00,2.92,-1.82,-0.05,1.35
2013-08-15,2.71,2.63,2.71,2.61,31398,58508150.00,3.72,-2.23,-0.06,1.56
2013-08-16,2.61,2.63,2.71,2.61,36279,67918420.00,3.80,0.00,0.00,1.80
2013-08-19,2.63,2.71,2.72,2.61,28500,53693245.00,4.18,3.04,0.08,1.41
2013-08-20,2.71,2.79,2.88,2.68,91709,181233578.00,7.38,2.95,0.08,4.55
2013-08-21,2.77,2.79,2.85,2.77,40204,79206606.00,2.87,0.00,0.00,2.00
2013-08-22,2.80,2.79,2.88,2.78,48991,96909998.00,3.58,0.00,0.00,2.43
2013-08-23,2.79,2.66,2.84,2.65,80643,153221849.00,6.81,-4.66,-0.13,4.00
2013-08-26,2.67,2.73,2.76,2.67,50510,96431992.00,3.38,2.63,0.07,2.51
2013-08-27,2.73,2.71,2.74,2.64,37742,71469928.00,3.66,-0.73,-0.02,1.87
2013-08-28,2.68,2.69,2.73,2.67,30470,57786623.00,2.21,-0.74,-0.02,1.51
2013-08-29,2.69,2.65,2.70,2.62,27276,50954733.00,2.97,-1.49,-0.04,1.35
2013-08-30,2.66,2.57,2.71,2.57,26528,49227044.00,5.28,-3.02,-0.08,1.32
2013-09-02,2.60,2.67,2.68,2.55,23620,43511664.00,5.06,3.89,0.10,1.17
2013-09-03,2.66,2.67,2.68,2.60,25428,47504555.00,3.00,0.00,0.00,1.26
2013-09-04,2.65,2.69,2.73,2.65,25960,49271909.00,3.00,0.75,0.02,1.29
2013-09-05,2.69,2.75,2.79,2.69,51712,100171975.00,3.72,2.23,0.06,2.57
2013-09-06,2.75,2.75,2.79,2.72,38723,75133918.00,2.55,0.00,0.00,1.92
2013-09-09,2.73,2.76,2.82,2.72,36181,70304440.00,3.64,0.36,0.01,1.80
2013-09-10,2.74,2.73,2.78,2.71,31232,60149570.00,2.54,-1.09,-0.03,1.55
2013-09-11,2.71,2.65,2.73,2.61,36702,68247330.00,4.40,-2.93,-0.08,1.82
2013-09-12,2.64,2.67,2.70,2.61,30257,57049409.00,3.40,0.75,0.02,1.50
2013-09-13,2.67,2.66,2.69,2.62,21703,40474187.00,2.62,-0.37,-0.01,1.08
2013-09-16,2.65,2.72,2.73,2.62,33208,62579381.00,4.14,2.26,0.06,1.65
2013-09-17,2.73,2.64,2.73,2.64,28416,53577698.00,3.31,-2.94,-0.08,1.41
2013-09-18,2.64,2.70,2.70,2.64,25886,48737447.00,2.27,2.27,0.06,1.28
2013-09-23,2.70,2.81,2.82,2.69,63335,123042593.00,4.81,4.07,0.11,3.14
2013-09-24,2.80,2.76,2.80,2.72,50789,98296112.00,2.85,-1.78,-0.05,2.52
2013-09-25,2.76,2.82,2.85,2.76,67414,133593964.00,3.26,2.17,0.06,3.35
2013-09-26,2.84,2.85,2.93,2.81,57970,116745677.00,4.26,1.06,0.03,2.88
2013-09-27,2.85,2.88,3.01,2.82,84230,172992100.00,6.67,1.05,0.03,4.18
2013-09-30,2.90,2.82,2.91,2.82,49456,98868069.00,3.13,-2.08,-0.06,2.45
2013-10-08,2.82,2.88,2.88,2.73,36798,73001449.00,5.32,2.13,0.06,1.83
2013-10-09,2.88,2.89,2.92,2.82,43626,87659291.00,3.47,0.35,0.01,2.16
2013-10-10,2.90,2.90,2.98,2.87,32907,67443275.00,3.81,0.35,0.01,1.63
2013-10-11,2.90,2.82,2.90,2.79,46990,92760513.00,3.79,-2.76,-0.08,2.33
2013-10-14,2.83,2.74,2.85,2.72,63230,122367508.00,4.61,-2.84,-0.08,3.14
2013-10-15,2.75,2.75,2.77,2.72,33005,63519870.00,1.82,0.36,0.01,1.64
2013-10-16,2.76,2.70,2.76,2.68,29250,55918286.00,2.91,-1.82,-0.05,1.45
2013-10-17,2.70,2.66,2.73,2.66,24579,46516520.00,2.59,-1.48,-0.04,1.22
2013-10-18,2.66,2.70,2.71,2.64,26737,50546733.00,2.63,1.50,0.04,1.33
2013-10-21,2.72,2.75,2.77,2.70,26007,50245337.00,2.59,1.85,0.05,1.29
2013-10-22,2.75,2.60,2.75,2.59,37788,70884452.00,5.82,-5.45,-0.15,1.88
2013-10-23,2.60,2.51,2.63,2.47,50923,90951818.00,6.15,-3.46,-0.09,2.53
2013-10-24,2.51,2.48,2.54,2.47,21628,38061651.00,2.79,-1.20,-0.03,1.07
2013-10-25,2.50,2.40,2.51,2.38,26554,45632858.00,5.24,-3.23,-0.08,1.32
2013-10-28,2.40,2.43,2.44,2.40,14288,24461574.00,1.67,1.25,0.03,0.71
2013-10-29,2.52,2.50,2.57,2.40,59360,105335649.00,7.00,2.88,0.07,2.95
2013-10-30,2.49,2.54,2.54,2.47,23924,42422066.00,2.80,1.60,0.04,1.19
2013-10-31,2.54,2.50,2.54,2.47,18573,32829205.00,2.76,-1.57,-0.04,0.92
2013-11-01,2.49,2.38,2.50,2.35,33510,56907492.00,6.00,-4.80,-0.12,1.66
2013-11-04,2.35,2.38,2.39,2.34,26310,44115141.00,2.10,0.00,0.00,1.31
2013-11-05,2.37,2.44,2.45,2.35,30870,53130618.00,4.20,2.52,0.06,1.53
2013-11-06,2.45,2.40,2.45,2.39,20847,35659562.00,2.46,-1.64,-0.04,1.03
2013-11-07,2.40,2.32,2.41,2.32,23669,39402273.00,3.75,-3.33,-0.08,1.17
2013-11-08,2.31,2.27,2.32,2.23,33738,54325912.00,3.88,-2.16,-0.05,1.67
2013-11-11,2.27,2.32,2.34,2.26,14619,23951170.00,3.52,2.20,0.05,0.73
2013-11-12,2.29,2.34,2.37,2.29,13913,23137275.00,3.45,0.86,0.02,0.69
2013-11-13,2.35,2.30,2.37,2.30,8970,14901246.00,2.99,-1.71,-0.04,0.45
2013-11-14,2.30,2.40,2.41,2.28,15905,26751148.00,5.65,4.35,0.10,0.79
2013-11-15,2.41,2.40,2.44,2.39,25042,42849266.00,2.08,0.00,0.00,1.24
2013-11-18,2.39,2.44,2.47,2.39,28968,50048121.00,3.33,1.67,0.04,1.44
2013-11-19,2.44,2.45,2.47,2.43,17234,29815922.00,1.64,0.41,0.01,0.86
2013-11-20,2.46,2.60,2.62,2.44,68597,124077281.00,7.35,6.12,0.15,3.40
2013-11-21,2.60,2.61,2.64,2.54,38518,70411594.00,3.85,0.38,0.01,1.91
2013-11-22,2.61,2.59,2.65,2.56,25886,47542757.00,3.45,-0.77,-0.02,1.28
2013-11-25,2.60,2.67,2.71,2.56,47663,89896581.00,5.79,3.09,0.08,2.37
2013-11-26,2.71,2.69,2.74,2.64,28653,54126506.00,3.75,0.75,0.02,1.42
2013-11-27,2.67,2.73,2.76,2.66,46943,90240810.00,3.72,1.49,0.04,2.33
2013-11-28,2.73,2.64,2.74,2.64,42024,79613989.00,3.66,-3.30,-0.09,2.09
2013-11-29,2.64,2.69,2.72,2.61,50071,93819524.00,4.17,1.89,0.05,2.48
2013-12-02,2.61,2.41,2.65,2.41,65846,116705484.00,8.92,-10.41,-0.28,3.27
2013-12-03,2.39,2.49,2.52,2.37,34186,59187600.00,6.22,3.32,0.08,1.70
2013-12-04,2.49,2.53,2.60,2.48,28338,50949400.00,4.82,1.61,0.04,1.41
2013-12-05,2.53,2.53,2.58,2.52,16585,29833476.00,2.37,0.00,0.00,0.82
2013-12-06,2.54,2.55,2.59,2.53,16117,29121068.00,2.37,0.79,0.02,0.80
2013-12-09,2.55,2.62,2.62,2.54,20060,36727122.00,3.14,2.75,0.07,1.00
2013-12-10,2.63,2.69,2.73,2.62,52349,98947286.00,4.20,2.67,0.07,2.60
2013-12-11,2.68,2.67,2.69,2.63,19063,35687324.00,2.23,-0.74,-0.02,0.95
2013-12-12,2.66,2.67,2.73,2.66,28831,54773860.00,2.62,0.00,0.00,1.43
2013-12-13,2.68,2.62,2.68,2.61,23930,44327214.00,2.62,-1.87,-0.05,1.19
2013-12-16,2.61,2.52,2.62,2.50,29476,52849943.00,4.58,-3.82,-0.10,1.46
2013-12-17,2.52,2.49,2.53,2.43,19583,34189107.00,3.97,-1.19,-0.03,0.97
2013-12-18,2.48,2.47,2.50,2.45,10731,18742788.00,2.01,-0.80,-0.02,0.53
2013-12-19,2.47,2.44,2.49,2.43,10685,18620706.00,2.43,-1.21,-0.03,0.53
2013-12-20,2.43,2.46,2.46,2.42,10459,18013398.00,1.64,0.82,0.02,0.52
2013-12-23,2.47,2.43,2.48,2.42,11038,19121500.00,2.44,-1.22,-0.03,0.55
2013-12-24,2.44,2.45,2.49,2.41,12039,20878887.00,3.29,0.82,0.02,0.60
2013-12-25,2.45,2.52,2.52,2.45,16939,29658372.00,2.86,2.86,0.07,0.84
2013-12-26,2.52,2.50,2.56,2.49,24930,44558694.00,2.78,-0.79,-0.02,1.24
2013-12-27,2.50,2.54,2.55,2.48,13914,24907859.00,2.80,1.60,0.04,0.69
2013-12-30,2.55,2.53,2.56,2.50,15049,26855070.00,2.36,-0.39,-0.01,0.75
2013-12-31,2.51,2.54,2.54,2.49,16534,29419455.00,1.98,0.40,0.01,0.82