2007-01-04,4.28,4.10,4.31,4.05,15182,18336868.00,6.10,-3.76,-0.16,2.11
2007-01-05,4.09,4.10,4.12,3.97,10145,11946953.00,3.66,0.00,0.00,1.41
2007-01-08,4.14,4.25,4.31,4.08,25437,31069260.00,5.61,3.66,0.15,3.54
2007-01-09,4.32,4.43,4.55,4.32,31596,40649793.00,5.41,4.24,0.18,4.39
2007-01-10,4.43,4.71,4.77,4.37,28173,37046741.00,9.03,6.32,0.28,3.92
2007-01-11,4.71,4.63,4.85,4.57,24918,33545000.00,5.94,-1.70,-0.08,3.47
2007-01-12,4.56,4.40,4.69,4.40,17097,22331699.00,6.26,-4.97,-0.23,2.38
2007-01-15,4.43,4.89,4.89,4.43,38333,52906984.00,10.45,11.14,0.49,5.33
2007-01-16,5.01,5.12,5.23,4.88,31503,45300046.00,7.16,4.70,0.23,4.38
2007-01-17,5.12,4.82,5.17,4.57,28719,40371749.00,11.72,-5.86,-0.30,3.99
2007-01-18,4.79,5.27,5.35,4.70,28190,40669256.00,13.49,9.34,0.45,3.92
2007-01-19,5.27,5.58,5.83,5.20,36543,58220117.00,11.95,5.88,0.31,5.08
2007-01-22,5.62,5.95,6.03,5.62,30000,49505074.00,7.35,6.63,0.37,4.17
2007-01-23,5.95,5.82,5.95,5.52,20127,32765606.00,7.23,-2.18,-0.13,2.80
2007-01-24,5.79,5.74,5.85,5.54,22799,36505508.00,5.33,-1.37,-0.08,3.17
2007-01-25,5.73,5.59,5.94,5.37,19598,31397269.00,9.93,-2.61,-0.15,2.73
2007-01-26,5.54,5.44,5.70,5.36,27185,42602595.00,6.08,-2.68,-0.15,3.78
2007-01-29,5.58,5.85,5.85,5.58,28531,46338906.00,4.96,7.54,0.41,3.97
2007-01-30,5.85,5.85,6.21,5.77,20671,34893820.00,7.52,0.00,0.00,2.87
2007-01-31,5.77,5.23,5.81,5.22,19999,31076996.00,10.09,-10.60,-0.62,2.78
2007-02-01,5.19,5.06,5.32,4.92,21619,31376590.00,7.65,-3.25,-0.17,3.01
2007-02-02,5.18,5.03,5.25,4.96,10535,15340194.00,5.73,-0.59,-0.03,1.47
2007-02-05,5.00,5.10,5.16,5.00,6619,9599587.00,3.18,1.39,0.07,0.92
2007-02-06,5.23,5.27,5.30,5.12,6519,9692157.00,3.53,3.33,0.17,0.91
2007-02-07,5.47,5.44,5.48,5.28,10990,16755377.00,3.80,3.23,0.17,1.53
2007-02-08,5.45,5.45,5.53,5.32,11161,17235106.00,3.86,0.18,0.01,1.55
2007-02-09,5.45,5.33,5.45,5.28,10967,16658476.00,3.12,-2.20,-0.12,1.53
2007-02-12,5.28,5.36,5.39,5.28,15685,23784744.00,2.06,0.56,0.03,2.18
2007-02-13,5.42,5.37,5.42,5.18,34838,51989832.00,4.48,0.19,0.01,4.85
2007-02-14,5.31,5.58,5.63,5.28,28202,43994099.00,6.52,3.91,0.21,3.92
2007-02-15,5.66,5.77,5.95,5.53,19716,32153966.00,7.53,3.41,0.19,2.74
2007-02-16,5.77,5.81,6.03,5.67,24087,39928925.00,6.24,0.69,0.04,3.35
2007-02-26,5.81,5.98,6.03,5.68,19305,31997246.00,6.02,2.93,0.17,2.69
2007-02-27,6.16,5.33,6.16,5.33,25074,40053208.00,13.88,-10.87,-0.65,3.49
2007-02-28,5.27,5.44,5.50,5.20,16424,24980107.00,5.63,2.06,0.11,2.28
2007-03-01,5.43,5.21,5.43,5.11,18133,27115461.00,5.88,-4.23,-0.23,2.52
2007-03-02,5.35,5.46,5.50,5.35,15996,24568301.00,2.88,4.80,0.25,2.22
2007-03-05,5.49,5.55,5.66,5.29,20075,31350581.00,6.78,1.65,0.09,2.79
2007-03-06,5.50,5.75,5.84,5.39,25857,41626704.00,8.11,3.60,0.20,3.60
2007-03-07,5.73,5.79,5.85,5.64,16315,26563879.00,3.65,0.70,0.04,2.27
2007-03-08,5.80,5.87,5.91,5.67,16891,27573295.00,4.15,1.38,0.08,2.35
2007-03-09,5.85,5.85,5.97,5.73,22916,37964745.00,4.09,-0.34,-0.02,3.19
2007-03-12,5.82,5.84,6.00,5.73,12614,20752426.00,4.62,-0.17,-0.01,1.75
2007-03-13,5.89,5.82,5.89,5.73,10844,17747934.00,2.74,-0.34,-0.02,1.51
2007-03-14,5.79,6.45,6.45,5.67,55825,97156326.00,13.40,10.82,0.63,7.76
2007-03-15,6.33,6.45,6.73,6.27,43329,79602940.00,7.13,0.00,0.00,6.03
2007-03-16,6.46,6.55,6.60,6.27,28107,50362960.00,5.12,1.55,0.10,3.91
2007-03-19,6.28,6.68,7.03,6.28,20381,38116371.00,11.45,1.98,0.13,2.83
2007-03-20,6.72,6.69,7.04,6.58,14832,28028394.00,6.89,0.15,0.01,2.06
2007-03-21,6.73,6.57,6.80,6.43,13409,24657535.00,5.53,-1.79,-0.12,1.87
2007-03-22,6.57,6.62,6.71,6.45,15779,29070456.00,3.96,0.76,0.05,2.19
2007-03-23,6.72,6.57,6.72,6.35,13155,23899852.00,5.59,-0.76,-0.05,1.83
2007-03-26,6.58,6.62,6.72,6.35,16600,30364152.00,5.63,0.76,0.05,2.31
2007-03-27,6.62,6.71,6.81,6.54,24908,46462253.00,4.08,1.36,0.09,3.46
2007-03-28,6.77,6.74,6.95,6.35,28414,53196435.00,8.94,0.45,0.03,3.95
2007-03-29,6.77,6.77,7.13,6.55,22880,43420687.00,8.61,0.45,0.03,3.18
2007-03-30,6.64,6.50,6.81,6.42,18205,33513975.00,5.76,-3.99,-0.27,2.53
2007-04-02,6.43,6.46,6.57,6.23,19285,34359631.00,5.23,-0.62,-0.04,2.68
2007-04-03,6.47,6.53,6.62,6.27,13186,23589197.00,5.42,1.08,0.07,1.83
2007-04-04,6.50,6.42,6.50,6.33,14053,25171520.00,2.60,-1.68,-0.11,1.95
2007-04-05,6.38,6.50,6.68,6.36,10107,18435819.00,4.98,1.25,0.08,1.41
2007-04-06,6.50,6.76,6.89,6.43,20221,37898195.00,7.08,4.00,0.26,2.81
2007-04-09,6.77,6.80,6.89,6.64,31189,58741090.00,3.70,0.59,0.04,4.34
2007-04-10,6.80,6.72,6.84,6.54,24865,46353999.00,4.41,-1.18,-0.08,3.46
2007-04-11,6.73,6.53,6.79,6.43,45153,82486265.00,5.36,-2.83,-0.19,6.28
2007-04-12,6.52,6.66,6.74,6.47,29299,54025676.00,4.13,1.99,0.13,4.07
2007-04-13,6.72,6.83,7.15,6.64,40903,78431955.00,7.66,2.55,0.17,5.69
2007-04-16,6.87,7.01,7.02,6.79,28299,54609509.00,3.37,2.64,0.18,3.94
2007-04-17,7.31,6.93,7.43,6.66,31121,60577857.00,10.98,-1.14,-0.08,4.33
2007-04-18,6.97,7.03,7.12,6.78,24579,47585278.00,4.91,1.44,0.10,3.42
2007-04-19,7.04,7.67,7.78,6.85,82031,168860636.00,13.23,9.10,0.64,11.41
2007-04-20,7.66,8.01,8.31,7.44,58157,125978032.00,11.34,4.43,0.34,8.09
2007-04-23,7.97,7.94,8.19,7.77,50348,110495366.00,5.24,-0.87,-0.07,7.00
2007-04-24,7.97,7.85,8.09,7.77,41011,89586606.00,4.03,-1.13,-0.09,5.70
2007-04-25,7.85,7.97,8.16,7.77,33636,74164729.00,4.97,1.53,0.12,4.68
2007-04-26,7.97,7.72,8.04,7.51,35738,76110848.00,6.65,-3.14,-0.25,4.97
2007-04-27,7.70,7.31,7.70,7.15,46076,93542142.00,7.12,-5.31,-0.41,6.41
2007-04-30,7.20,7.31,7.45,7.16,27522,55733609.00,3.97,0.00,0.00,3.83
2007-05-08,7.32,7.52,7.66,7.32,24386,50567820.00,4.65,2.87,0.21,3.39
2007-05-09,7.48,7.35,7.50,6.85,32734,65498204.00,8.64,-2.26,-0.17,4.55
2007-05-10,7.27,7.37,7.53,7.03,37008,74893493.00,6.80,0.27,0.02,5.15
2007-05-11,7.25,7.18,7.39,7.11,24081,48179037.00,3.80,-2.58,-0.19,3.35
2007-05-15,7.43,7.62,7.84,7.42,64836,137226483.00,5.85,6.13,0.44,8.38
2007-05-16,7.58,7.75,7.81,7.52,51012,108736029.00,3.81,1.71,0.13,6.59
2007-05-17,7.76,7.96,7.97,7.58,70660,152227422.00,5.03,2.71,0.21,9.13
2007-05-18,8.00,7.76,8.03,7.69,42677,92224484.00,4.27,-2.51,-0.20,5.52
2007-05-21,7.42,7.78,7.97,7.24,40276,85293099.00,9.41,0.26,0.02,5.21
2007-05-22,7.73,7.92,8.16,7.73,56373,124680332.00,5.53,1.80,0.14,7.29
2007-05-23,8.02,8.20,8.43,7.97,43461,98372382.00,5.81,3.54,0.28,5.62
2007-05-24,8.30,7.88,8.30,7.66,43211,94574147.00,7.80,-3.90,-0.32,5.59
2007-05-25,7.85,7.83,7.97,7.77,32757,70990181.00,2.54,-0.63,-0.05,4.23
2007-05-28,7.89,8.14,8.32,7.78,50104,111449353.00,6.90,3.96,0.31,6.48
2007-05-29,8.20,8.20,8.29,7.97,38749,87102828.00,3.93,0.74,0.06,5.01
2007-05-30,7.35,7.33,7.89,7.33,36965,77421916.00,6.83,-10.61,-0.87,4.78
2007-05-31,7.20,6.81,7.20,6.55,45479,85928907.00,8.87,-7.09,-0.52,5.88
2007-06-01,6.80,6.10,6.99,6.08,36934,66749008.00,13.36,-10.43,-0.71,4.77
2007-06-04,6.17,5.44,6.37,5.44,27852,45138275.00,15.25,-10.82,-0.66,3.60
2007-06-05,5.28,5.57,5.60,4.85,38960,58063941.00,13.79,2.39,0.13,5.04
2007-06-06,5.58,5.69,5.82,5.46,31945,51374442.00,6.46,2.15,0.12,4.13
2007-06-07,5.65,5.93,5.96,5.50,36455,59713284.00,8.08,4.22,0.24,4.71
2007-06-08,6.02,6.00,6.12,5.92,27890,47343845.00,3.37,1.18,0.07,3.61
2007-06-11,6.04,6.01,6.12,5.97,24679,41892069.00,2.50,0.17,0.01,3.19
2007-06-12,6.08,6.19,6.19,5.64,34733,57892168.00,9.15,3.00,0.18,4.49
2007-06-13,6.22,6.40,6.57,6.22,36186,65014929.00,5.65,3.39,0.21,4.68
2007-06-14,6.43,6.13,6.44,6.12,32190,56367551.00,5.00,-4.22,-0.27,4.16
2007-06-15,6.12,6.27,6.41,6.05,21809,38344676.00,5.87,2.28,0.14,2.82
2007-06-19,6.58,6.95,6.95,6.54,55410,105026352.00,6.54,10.85,0.68,7.16
2007-06-20,7.14,6.77,7.50,6.52,54210,107969776.00,14.10,-2.59,-0.18,7.01
2007-06-21,6.78,6.62,6.96,6.56,23447,43885278.00,5.91,-2.22,-0.15,3.03
2007-06-22,6.62,6.35,7.04,6.10,25391,46860775.00,14.20,-4.08,-0.27,3.28
2007-06-25,6.35,5.67,6.41,5.67,23602,39345711.00,11.65,-10.71,-0.68,3.05
2007-06-26,5.50,5.65,5.65,5.21,24811,38159900.00,7.76,-0.35,-0.02,3.21
2007-06-27,5.65,5.83,5.84,5.54,28534,46093702.00,5.31,3.19,0.18,3.69
2007-06-28,5.77,5.23,5.78,5.23,22211,34653390.00,9.43,-10.29,-0.60,2.87
2007-06-29,5.06,4.98,5.22,4.93,19002,27428983.00,5.54,-4.78,-0.25,2.46
2007-07-02,5.02,5.20,5.21,4.97,13313,19321331.00,4.82,4.42,0.22,1.72
2007-07-03,5.19,5.22,5.27,5.04,10309,15245107.00,4.42,0.38,0.02,1.33
2007-07-04,5.25,5.09,5.27,4.97,11921,17433037.00,5.75,-2.49,-0.13,1.54
2007-07-05,5.00,4.76,5.08,4.74,11577,16011637.00,6.68,-6.48,-0.33,1.50
2007-07-06,4.76,5.18,5.23,4.67,19029,27002990.00,11.76,8.82,0.42,2.46
2007-07-09,5.24,5.32,5.39,5.18,16645,24811819.00,4.05,2.70,0.14,2.15
2007-07-10,5.29,5.09,5.29,5.08,9823,14346364.00,3.95,-4.32,-0.23,1.27
2007-07-11,4.97,5.28,5.42,4.97,12826,19103752.00,8.84,3.73,0.19,1.66
2007-07-12,5.30,5.33,5.50,5.23,13661,20669789.00,5.11,0.95,0.05,1.77
2007-07-13,5.25,5.26,5.43,5.18,4967,7338238.00,4.69,-1.31,-0.07,0.64
2007-07-16,5.26,5.20,5.37,5.18,6513,9649831.00,3.61,-1.14,-0.06,0.84
2007-07-17,5.20,5.33,5.43,5.15,12089,18196392.00,5.38,2.50,0.13,1.56
2007-07-18,5.39,5.29,5.39,5.22,8926,13325629.00,3.19,-0.75,-0.04,1.15
2007-07-19,5.27,5.35,5.42,5.25,7956,12016693.00,3.21,1.13,0.06,1.03
2007-07-20,5.40,5.55,5.60,5.35,15044,23247443.00,4.67,3.74,0.20,1.94
2007-07-23,5.61,5.78,5.80,5.54,20195,32289578.00,4.68,4.14,0.23,2.61
2007-07-24,5.83,5.71,5.89,5.70,17711,28692447.00,3.29,-1.21,-0.07,2.29
2007-07-25,5.70,5.78,5.81,5.66,11183,18040746.00,2.63,1.23,0.07,1.45
2007-07-26,5.85,5.85,6.00,5.79,15589,25677132.00,3.63,1.21,0.07,2.02
2007-07-27,5.81,5.87,5.88,5.70,16432,26670982.00,3.08,0.34,0.02,2.12
2007-07-30,5.83,6.04,6.08,5.82,19837,33204581.00,4.43,2.90,0.17,2.56
2007-07-31,6.06,6.06,6.08,5.89,15078,25222352.00,3.15,0.33,0.02,1.95
2007-08-01,6.06,5.65,6.10,5.62,16263,26811816.00,7.92,-6.77,-0.41,2.10
2007-08-02,5.73,5.73,5.82,5.54,12930,20771384.00,4.96,1.42,0.08,1.67
2007-08-03,5.81,5.81,5.81,5.70,15464,24951039.00,1.92,1.40,0.08,2.00
2007-08-06,5.82,5.96,5.98,5.81,16277,26839113.00,2.93,2.58,0.15,2.10
2007-08-07,5.95,5.87,6.03,5.86,18542,30844022.00,2.85,-1.51,-0.09,2.40
2007-08-08,5.81,6.12,6.13,5.64,33205,55198996.00,8.35,4.26,0.25,4.29
2007-08-09,6.08,6.05,6.20,6.02,19696,33634657.00,2.94,-1.14,-0.07,2.55
2007-08-10,6.00,6.27,6.43,5.69,33381,57431389.00,12.23,3.64,0.22,4.31
2007-08-13,6.14,6.35,6.46,6.08,32325,56415499.00,6.06,1.28,0.08,4.18
2007-08-14,6.27,6.66,6.85,6.27,51155,93569328.00,9.13,4.88,0.31,6.61
2007-08-15,6.55,6.32,6.63,6.27,41599,73673259.00,5.41,-5.11,-0.34,5.38
2007-08-16,6.35,6.24,6.38,6.08,12904,22496940.00,4.75,-1.27,-0.08,1.67
2007-08-17,6.23,6.24,6.42,6.14,14866,26089677.00,4.49,0.00,0.00,1.92
2007-08-20,6.46,6.53,6.54,6.32,23610,42407729.00,3.53,4.65,0.29,3.05
2007-08-21,6.55,6.43,6.60,6.39,13988,25230698.00,3.22,-1.53,-0.10,1.81
2007-08-22,6.32,6.47,6.50,6.27,15355,27474680.00,3.58,0.62,0.04,1.98
2007-08-23,6.47,6.54,6.54,6.37,20944,37631211.00,2.63,1.08,0.07,2.71
2007-08-24,6.54,6.47,6.66,6.39,15808,28721070.00,4.13,-1.07,-0.07,2.04
2007-08-27,6.47,6.31,6.57,6.27,15930,28327411.00,4.64,-2.47,-0.16,2.06
2007-08-28,6.25,6.30,6.38,6.20,12560,21991675.00,2.85,-0.16,-0.01,1.62
2007-08-29,6.30,6.39,6.45,6.12,16953,29745106.00,5.24,1.43,0.09,2.19
2007-08-30,6.40,6.59,6.70,6.40,21653,39810985.00,4.69,3.13,0.20,2.80
2007-08-31,6.64,6.52,6.70,6.47,17806,32528297.00,3.49,-1.06,-0.07,2.30
2007-09-03,6.60,6.71,6.79,6.51,30555,56656711.00,4.29,2.91,0.19,3.95
2007-09-04,6.73,6.69,6.95,6.66,25478,48184206.00,4.32,-0.30,-0.02,3.29
2007-09-05,6.70,6.64,6.73,6.52,18044,33232726.00,3.14,-0.75,-0.05,2.33
2007-09-06,6.65,6.93,7.07,6.62,38336,73178114.00,6.78,4.37,0.29,4.96
2007-09-07,6.85,6.65,6.89,6.54,18153,33757243.00,5.05,-4.04,-0.28,2.35
2007-09-10,6.62,6.68,6.68,6.39,11262,20453687.00,4.36,0.45,0.03,1.46
2007-09-11,6.65,6.02,6.65,5.97,17313,30967130.00,10.18,-9.88,-0.66,2.24
2007-09-12,6.02,6.15,6.24,5.96,16776,28454795.00,4.65,2.16,0.13,2.17
2007-09-13,6.18,6.17,6.18,6.04,10988,18733277.00,2.28,0.33,0.02,1.42
2007-09-14,6.18,6.15,6.19,5.97,12324,20998028.00,3.57,-0.32,-0.02,1.59
2007-09-17,6.10,6.29,6.34,6.10,13813,24000557.00,3.90,2.28,0.14,1.79
2007-09-18,6.29,6.16,6.31,6.01,22161,37748766.00,4.77,-2.07,-0.13,2.86
2007-09-19,6.15,6.11,6.23,6.06,8085,13865830.00,2.76,-0.81,-0.05,1.05
2007-09-20,6.12,6.20,6.35,6.12,11057,19186279.00,3.76,1.47,0.09,1.43
2007-09-21,6.27,6.14,6.27,5.98,9856,16877104.00,4.68,-0.97,-0.06,1.27
2007-09-24,6.14,6.00,6.16,5.95,12381,20796187.00,3.42,-2.28,-0.14,1.60
2007-09-25,5.97,6.07,6.12,5.90,8978,15126741.00,3.67,1.17,0.07,1.16
2007-09-26,6.06,5.96,6.07,5.91,6131,10241777.00,2.64,-1.81,-0.11,0.79
2007-09-27,6.05,6.02,6.05,5.93,5749,9634714.00,2.01,1.01,0.06,0.74
2007-09-28,6.03,6.08,6.20,6.03,15226,26029592.00,2.82,1.00,0.06,1.97
2007-10-08,6.15,6.21,6.30,6.13,13999,24276823.00,2.80,2.14,0.13,1.81
2007-10-09,6.25,6.55,6.64,6.21,29843,53975134.00,6.92,5.48,0.34,3.86
2007-10-10,6.57,6.46,6.64,6.42,13114,23596310.00,3.36,-1.37,-0.09,1.70
2007-10-11,6.50,6.23,6.50,6.21,9739,17208984.00,4.49,-3.56,-0.23,1.26
2007-10-12,6.31,5.95,6.35,5.58,17859,29511050.00,12.36,-4.49,-0.28,2.31
2007-10-15,5.98,6.60,6.60,5.91,22208,38997126.00,11.60,10.92,0.65,2.87
2007-10-16,6.70,6.80,7.30,6.67,61376,119340251.00,9.55,3.03,0.20,7.93
2007-10-17,6.54,6.88,7.03,6.54,24329,45923999.00,7.21,1.18,0.08,3.14
2007-10-18,6.80,6.71,6.93,6.59,16021,29991773.00,4.94,-2.47,-0.17,2.07
2007-10-19,6.70,6.46,6.80,6.37,16204,29555996.00,6.41,-3.73,-0.25,2.09
2007-10-22,6.39,6.01,6.39,6.00,15167,26341866.00,6.04,-6.97,-0.45,1.96
2007-10-23,5.91,6.08,6.30,5.91,9523,16209128.00,6.49,1.16,0.07,1.23
2007-10-24,6.09,5.81,6.20,5.78,11296,18836552.00,6.91,-4.44,-0.27,1.46
2007-10-25,5.81,5.23,5.89,5.20,15770,23978441.00,11.88,-9.98,-0.58,2.04
2007-10-26,5.13,5.27,5.33,5.02,7789,11450080.00,5.93,0.76,0.04,1.01
2007-10-29,5.29,5.45,5.50,5.17,7337,11096293.00,6.26,3.42,0.18,0.95
2007-10-30,5.50,5.49,5.53,5.34,4894,7482354.00,3.49,0.73,0.04,0.63
2007-10-31,5.50,5.73,5.79,5.50,8818,14033459.00,5.28,4.37,0.24,1.14
2007-11-01,5.72,5.44,5.73,5.41,6387,9945348.00,5.58,-5.06,-0.29,0.83
2007-11-02,5.39,5.36,5.42,5.27,6226,9394320.00,2.76,-1.47,-0.08,0.80
2007-11-05,5.36,5.48,5.62,5.17,4188,6477120.00,8.40,2.24,0.12,0.54
2007-11-06,5.45,5.53,5.65,5.41,5317,8294860.00,4.38,0.91,0.05,0.69
2007-11-07,5.58,5.45,5.58,5.35,3237,4955086.00,4.16,-1.45,-0.08,0.42
2007-11-08,5.40,5.45,5.56,5.32,7062,10910527.00,4.40,0.00,0.00,0.91
2007-11-09,5.39,5.56,5.59,5.35,6416,9929237.00,4.40,2.02,0.11,0.83
2007-11-12,5.39,5.39,5.50,5.22,7297,11007922.00,5.04,-3.06,-0.17,0.94
2007-11-13,5.48,5.41,5.58,5.33,5594,8586816.00,4.64,0.37,0.02,0.72
2007-11-14,5.50,5.59,5.64,5.41,7181,11209776.00,4.25,3.33,0.18,0.93
2007-11-15,5.59,5.54,5.68,5.49,4351,6801969.00,3.40,-0.89,-0.05,0.56
2007-11-16,5.51,5.59,5.62,5.43,4712,7356614.00,3.43,0.90,0.05,0.61
2007-11-19,5.59,5.72,5.76,5.59,8934,14288161.00,3.04,2.33,0.13,1.15
2007-11-20,5.81,5.74,5.88,5.70,8154,13253354.00,3.15,0.35,0.02,1.05
2007-11-21,5.74,5.71,5.84,5.67,5348,8605016.00,2.96,-0.52,-0.03,0.69
2007-11-22,5.77,5.85,5.93,5.66,23337,38199868.00,4.73,2.45,0.14,3.02
2007-11-23,5.85,5.79,5.93,5.53,10068,16135318.00,6.84,-1.03,-0.06,1.30
2007-11-26,5.82,5.65,5.92,5.64,7675,12446681.00,4.84,-2.42,-0.14,0.99
2007-11-27,5.55,5.42,5.68,5.31,6893,10771075.00,6.55,-4.07,-0.23,0.89
2007-11-28,5.42,5.37,5.50,5.35,5506,8411724.00,2.77,-0.92,-0.05,0.71
2007-11-29,5.43,5.48,5.54,5.31,4965,7644829.00,4.28,2.05,0.11,0.64
2007-11-30,5.48,5.39,5.58,5.38,5152,7982699.00,3.65,-1.64,-0.09,0.67
2007-12-03,5.38,5.47,5.55,5.37,8474,13111017.00,3.34,1.48,0.08,1.10
2007-12-04,5.52,5.48,5.54,5.42,4507,6969236.00,2.19,0.18,0.01,0.58
2007-12-05,5.47,5.57,5.58,5.43,7014,10871183.00,2.74,1.64,0.09,0.91
2007-12-06,5.58,5.60,5.62,5.50,5450,8506242.00,2.15,0.54,0.03,0.70
2007-12-07,5.59,5.66,5.68,5.55,4852,7679599.00,2.32,1.07,0.06,0.63
2007-12-10,5.55,5.77,5.77,5.55,8532,13656208.00,3.89,1.94,0.11,1.10
2007-12-11,5.79,5.92,6.08,5.72,16602,27538366.00,6.24,2.60,0.15,2.15
2007-12-12,5.88,5.89,5.98,5.78,9748,16104079.00,3.38,-0.51,-0.03,1.26
2007-12-13,5.91,5.76,5.99,5.74,11395,18836611.00,4.24,-2.21,-0.13,1.47
2007-12-14,5.73,5.90,5.90,5.61,9894,15959153.00,5.03,2.43,0.14,1.28
2007-12-17,5.88,6.08,6.14,5.88,25288,42822773.00,4.41,3.05,0.18,3.27
2007-12-18,6.10,6.00,6.14,5.97,8454,14281930.00,2.80,-1.32,-0.08,1.09
2007-12-19,6.08,6.14,6.33,6.07,20530,35474275.00,4.33,2.33,0.14,2.65
2007-12-20,6.17,6.15,6.22,6.08,9337,16043992.00,2.28,0.16,0.01,1.21
2007-12-21,6.15,6.20,6.23,6.10,9586,16482998.00,2.11,0.81,0.05,1.24
2007-12-24,6.22,6.23,6.40,6.20,12830,22549962.00,3.23,0.48,0.03,1.66
2007-12-25,6.23,6.30,6.38,6.16,7954,13912201.00,3.53,1.12,0.07,1.03
2007-12-26,6.30,6.44,6.49,6.30,12303,21961804.00,3.02,2.22,0.14,1.59
2007-12-27,6.50,6.52,6.72,6.43,18561,33950326.00,4.50,1.24,0.08,2.40
2007-12-28,6.54,6.46,6.58,6.38,11914,21379497.00,3.07,-0.92,-0.06,1.54