2008-01-02,2.18,2.32,2.33,2.18,9816,35157377.29,6.91,6.91,0.15,4.09
2008-01-03,2.34,2.46,2.59,2.31,12801,47835082.14,12.07,6.03,0.14,5.33
2008-01-04,2.50,2.50,2.60,2.41,14430,54936002.09,7.72,1.63,0.04,6.01
2008-01-07,2.48,2.41,2.50,2.33,12611,46547988.43,6.80,-3.60,-0.09,5.25
2008-01-08,2.38,2.23,2.41,2.21,16583,59245357.07,8.30,-7.47,-0.18,6.91
2008-01-09,2.21,2.30,2.31,2.19,6034,21389468.90,5.38,3.14,0.07,2.51
2008-01-10,2.27,2.28,2.36,2.27,6927,24877097.25,3.91,-0.87,-0.02,2.89
2008-01-11,2.27,2.19,2.28,2.11,10595,36582637.74,7.46,-3.95,-0.09,4.41
2008-01-14,2.17,2.29,2.31,2.13,4767,16931883.39,8.22,4.57,0.10,1.99
2008-01-15,2.28,2.35,2.36,2.27,7123,25853199.37,3.93,2.62,0.06,2.97
2008-01-16,2.25,2.22,2.36,2.22,6613,23628806.56,5.96,-5.53,-0.13,2.76
2008-01-17,2.21,2.35,2.35,2.13,8764,30914014.94,9.91,5.86,0.13,3.65
2008-01-18,2.36,2.42,2.48,2.31,11586,42781754.14,7.23,2.98,0.07,4.83
2008-01-21,2.46,2.23,2.49,2.22,6932,25154066.95,11.16,-7.85,-0.19,2.89
2008-01-22,2.12,1.94,2.25,1.90,13382,44393937.39,15.70,-13.00,-0.29,5.58
2008-01-23,1.95,2.06,2.10,1.91,5298,17434469.04,9.79,6.19,0.12,2.21
2008-01-24,2.09,2.22,2.26,2.03,8822,30282388.85,11.17,7.77,0.16,3.68
2008-01-25,2.19,2.28,2.32,2.17,4741,16739927.86,6.76,2.70,0.06,1.98
2008-01-28,2.28,2.12,2.28,2.03,4252,14450661.15,10.96,-7.02,-0.16,1.77
2008-01-29,2.09,2.19,2.20,2.09,2367,8144407.19,5.19,3.30,0.07,0.99
2008-01-30,2.21,2.17,2.27,2.12,2622,9155290.54,6.85,-0.91,-0.02,1.09
2008-01-31,2.21,2.04,2.21,1.95,3571,12044800.02,11.98,-5.99,-0.13,1.49
2008-02-01,2.03,1.89,2.08,1.84,4409,14377555.00,11.76,-7.35,-0.15,1.84
2008-02-04,1.94,2.12,2.15,1.94,2631,8792496.82,11.11,12.17,0.23,1.10
2008-02-05,2.12,2.15,2.16,2.10,1978,6754885.22,2.83,1.42,0.03,0.82
2008-02-13,2.10,2.13,2.18,2.08,1581,5414020.70,4.65,-0.93,-0.02,0.66
2008-02-14,2.14,2.22,2.23,2.13,2276,7957621.36,4.69,4.23,0.09,0.95
2008-02-15,2.22,2.35,2.36,2.18,6435,23096052.70,8.11,5.86,0.13,2.68
2008-02-18,2.43,2.44,2.49,2.39,8225,30766736.94,4.26,3.83,0.09,3.43
2008-02-19,2.44,2.56,2.59,2.41,10006,38391992.28,7.38,4.92,0.12,4.17
2008-02-20,2.56,2.52,2.59,2.41,8771,33597519.74,7.03,-1.56,-0.04,3.65
2008-02-21,2.46,2.40,2.53,2.39,9260,34488254.37,5.56,-4.76,-0.12,3.86
2008-02-22,2.38,2.40,2.45,2.30,7080,25895810.08,6.25,0.00,0.00,2.95
2008-02-25,2.38,2.22,2.39,2.22,3357,12051952.29,7.08,-7.50,-0.18,1.40
2008-02-26,2.31,2.26,2.33,2.17,4619,16269568.41,7.21,1.80,0.04,1.92
2008-02-27,2.27,2.28,2.32,2.26,2312,8264674.71,2.65,0.88,0.02,0.96
2008-02-28,2.36,2.41,2.53,2.36,5176,19313428.34,7.46,5.70,0.13,2.16
2008-02-29,2.41,2.41,2.48,2.36,7289,27126888.84,4.98,0.00,0.00,3.04
2008-03-03,2.41,2.44,2.47,2.40,6979,26092465.74,2.90,1.24,0.03,2.91
2008-03-04,2.45,2.33,2.47,2.32,4960,18265628.89,6.15,-4.51,-0.11,2.07
2008-03-05,2.32,2.35,2.36,2.21,4024,14480029.64,6.44,0.86,0.02,1.68
2008-03-06,2.36,2.37,2.45,2.34,3404,12554588.23,4.68,0.85,0.02,1.42
2008-03-07,2.37,2.32,2.40,2.26,2349,8453208.60,5.91,-2.11,-0.05,0.98
2008-03-10,2.23,2.25,2.33,2.23,2585,9177681.09,4.31,-3.02,-0.07,1.08
2008-03-11,2.21,2.28,2.30,2.19,4289,15013243.85,4.89,1.33,0.03,1.79
2008-03-12,2.29,2.21,2.34,2.20,2979,10623390.78,6.14,-3.07,-0.07,1.24
2008-03-13,2.20,2.10,2.20,1.99,3616,12181508.00,9.50,-4.98,-0.11,1.51
2008-03-14,2.06,2.05,2.12,1.99,2112,7041852.12,6.19,-2.38,-0.05,0.88
2008-03-17,2.03,1.88,2.09,1.86,2744,8893895.12,11.22,-8.29,-0.17,1.14
2008-03-18,1.87,1.80,1.97,1.64,4926,15193626.48,17.55,-4.26,-0.08,2.05
2008-03-19,1.99,2.06,2.07,1.93,5722,18950471.83,7.78,14.44,0.26,2.38
2008-03-20,2.01,2.31,2.37,1.91,8671,30222951.77,22.33,12.14,0.25,3.61
2008-03-21,2.29,2.32,2.37,2.23,7348,26294666.52,6.06,0.43,0.01,3.06
2008-03-24,2.36,2.42,2.53,2.31,8951,33617507.74,9.48,4.31,0.10,3.73
2008-03-25,2.39,2.50,2.51,2.31,9555,36025779.86,8.26,3.31,0.08,3.98
2008-03-26,2.55,2.41,2.63,2.31,9719,36509538.32,12.80,-3.60,-0.09,4.05
2008-03-27,2.31,2.27,2.41,2.23,5533,19929268.41,7.47,-5.81,-0.14,2.31
2008-03-28,2.23,2.48,2.50,2.14,7356,26760380.31,15.86,9.25,0.21,3.06
2008-03-31,2.41,2.39,2.50,2.36,5620,20957923.11,5.65,-3.63,-0.09,2.34
2008-04-01,2.35,2.08,2.44,2.07,7094,24652382.34,15.48,-12.97,-0.31,2.96
2008-04-02,2.11,2.02,2.31,1.93,6900,23395707.00,18.27,-2.88,-0.06,2.87
2008-04-03,1.99,2.10,2.16,1.88,2888,9526407.85,13.86,3.96,0.08,1.20
2008-04-07,2.06,2.23,2.27,1.98,6234,21672160.08,13.81,6.19,0.13,2.60
2008-04-09,2.31,2.34,2.46,2.24,22060,81521248.87,9.87,4.93,0.11,9.19
2008-04-10,2.27,2.44,2.44,2.21,7362,26785710.46,9.83,4.27,0.10,3.07
2008-04-11,2.52,2.44,2.52,2.39,6151,23127758.39,5.33,0.00,0.00,2.56
2008-04-14,2.36,2.34,2.39,2.21,8009,28821551.46,7.38,-4.10,-0.10,3.34
2008-04-15,2.31,2.59,2.59,2.25,10190,38215475.39,14.53,10.68,0.25,4.25
2008-04-16,2.59,2.52,2.69,2.50,17315,67937453.38,7.34,-2.70,-0.07,7.21
2008-04-17,2.51,2.57,2.60,2.36,10124,38147255.65,9.52,1.98,0.05,4.22
2008-04-18,2.50,2.55,2.73,2.43,16454,64553967.93,11.67,-0.78,-0.02,6.86
2008-04-21,2.77,2.18,2.82,2.18,27793,103054459.39,25.10,-14.51,-0.37,11.58
2008-04-22,1.90,1.94,1.97,1.85,21977,69163088.07,5.50,-11.01,-0.24,9.16
2008-04-23,1.90,2.07,2.09,1.65,10573,33381299.52,22.68,6.70,0.13,4.41
2008-04-24,2.28,2.32,2.38,2.12,45655,80486119.80,12.56,12.08,0.25,9.51
2008-04-25,2.20,2.15,2.29,2.04,33488,57860980.07,10.78,-7.33,-0.17,6.98
2008-04-28,2.14,2.28,2.32,2.05,24805,43278749.92,12.56,6.05,0.13,5.17
2008-04-29,2.29,2.19,2.31,2.17,13997,24591715.66,6.14,-3.95,-0.09,2.92
2008-04-30,2.19,2.23,2.28,2.07,22912,39611383.27,9.59,1.83,0.04,4.77
2008-05-05,2.24,2.50,2.51,2.18,31658,57787775.54,14.80,12.11,0.27,6.60
2008-05-06,2.44,2.71,2.73,2.41,56024,109940071.46,12.80,8.40,0.21,11.67
2008-05-07,2.67,2.49,2.75,2.49,29885,58844158.69,9.59,-8.12,-0.22,6.23
2008-05-08,2.50,2.86,2.86,2.50,59482,120894008.28,14.46,14.86,0.37,12.39
2008-05-09,2.90,2.94,3.07,2.80,56631,120061693.94,9.44,2.80,0.08,11.80
2008-05-12,2.86,2.87,2.96,2.73,27858,58135977.24,7.82,-2.38,-0.07,5.80
2008-05-13,2.76,2.78,2.87,2.63,32717,66260178.83,8.36,-3.14,-0.09,6.82
2008-05-14,2.72,2.99,3.05,2.72,29837,63654661.28,11.87,7.55,0.21,6.22
2008-05-15,2.98,2.97,3.13,2.82,29180,63056175.65,10.37,-0.67,-0.02,6.08
2008-05-16,2.97,2.96,2.97,2.80,15684,32673256.37,5.72,-0.34,-0.01,3.27
2008-05-19,2.86,2.86,2.94,2.81,9386,19557898.70,4.39,-3.38,-0.10,1.96
2008-05-20,2.84,2.63,2.97,2.51,13036,26792211.47,16.08,-8.04,-0.23,2.72
2008-05-21,2.58,2.74,2.74,2.42,15934,30908494.23,12.17,4.18,0.11,3.32
2008-05-22,2.65,2.59,2.72,2.57,9225,18123089.11,5.47,-5.47,-0.15,1.92
2008-05-23,2.59,2.73,2.82,2.51,11111,22195736.67,11.97,5.41,0.14,2.31
2008-05-26,2.71,2.62,2.71,2.56,6380,12551806.57,5.49,-4.03,-0.11,1.33
2008-05-27,2.62,2.62,2.67,2.57,3346,6523805.20,3.82,0.00,0.00,0.70
2008-05-28,2.62,2.77,2.81,2.62,7629,15371691.23,7.25,5.73,0.15,1.59
2008-05-29,2.80,2.66,2.82,2.66,6057,12193164.90,5.78,-3.97,-0.11,1.26
2008-05-30,2.66,2.46,2.69,2.45,8012,15358199.30,9.02,-7.52,-0.20,1.67
2008-06-02,2.42,2.51,2.53,2.41,8634,16176492.42,4.88,2.03,0.05,1.80
2008-06-03,2.53,2.55,2.56,2.38,7987,15019320.97,7.17,1.59,0.04,1.66
2008-06-04,2.48,2.44,2.55,2.42,2655,4960486.51,5.10,-4.31,-0.11,0.55
2008-06-05,2.44,2.48,2.52,2.36,7319,13650792.03,6.56,1.64,0.04,1.52
2008-06-06,2.47,2.51,2.53,2.42,4279,8070181.97,4.44,1.21,0.03,0.89
2008-06-10,2.42,2.44,2.44,2.18,11049,19962475.91,10.36,-2.79,-0.07,2.30
2008-06-11,2.44,2.51,2.53,2.32,7046,13246077.72,8.61,2.87,0.07,1.47
2008-06-12,2.49,2.66,2.78,2.47,32440,64126547.16,12.35,5.98,0.15,6.76
2008-06-13,2.63,2.51,2.70,2.42,14924,28831469.84,10.53,-5.64,-0.15,3.11
2008-06-17,2.51,2.44,2.52,2.23,17229,31690189.95,11.55,-2.79,-0.07,3.59
2008-06-18,2.36,2.59,2.61,2.13,21924,40575682.20,19.67,6.15,0.15,4.57
2008-06-19,2.52,2.22,2.56,2.22,10205,18606469.54,13.13,-14.29,-0.37,2.13
2008-06-20,2.13,2.30,2.36,1.90,16460,28644395.74,20.72,3.60,0.08,3.43
2008-06-23,2.17,2.13,2.22,2.09,7036,11990538.00,5.65,-7.39,-0.17,1.47
2008-06-24,2.09,2.24,2.24,2.02,5891,10093045.93,10.33,5.16,0.11,1.23
2008-06-25,2.17,2.43,2.44,2.17,8416,15240962.55,12.05,8.48,0.19,1.75
2008-06-26,2.37,2.39,2.47,2.32,5366,9879983.11,6.17,-1.65,-0.04,1.12
2008-06-27,2.30,2.11,2.30,2.09,4768,8240148.75,8.79,-11.72,-0.28,0.99
2008-06-30,2.21,2.28,2.28,2.13,5286,9211698.30,7.11,8.06,0.17,1.10
2008-07-01,2.29,2.21,2.31,2.15,2023,3564047.45,7.02,-3.07,-0.07,0.42
2008-07-02,2.19,2.24,2.29,2.19,2516,4442618.12,4.52,1.36,0.03,0.52
2008-07-03,2.15,2.41,2.47,2.15,7641,14046166.96,14.29,7.59,0.17,1.59
2008-07-04,2.45,2.47,2.53,2.39,5301,9977412.08,5.81,2.49,0.06,1.10
2008-07-07,2.49,2.61,2.68,2.47,15734,30722741.97,8.50,5.67,0.14,3.28
2008-07-08,2.61,2.61,2.72,2.54,5293,10386761.94,6.90,0.00,0.00,1.10
2008-07-09,2.60,2.71,2.72,2.54,10270,20322139.47,6.90,3.83,0.10,2.14
2008-07-10,2.73,2.71,2.73,2.60,6337,12544937.04,4.80,0.00,0.00,1.32
2008-07-11,2.71,2.58,2.71,2.54,4257,8314017.24,6.27,-4.80,-0.13,0.89
2008-07-14,2.56,2.67,2.74,2.51,3522,6947922.20,8.91,3.49,0.09,0.73
2008-07-15,2.71,2.68,2.72,2.57,5382,10637920.30,5.62,0.37,0.01,1.12
2008-07-16,2.67,2.60,2.68,2.52,4044,7829694.68,5.97,-2.99,-0.08,0.84
2008-07-17,2.60,2.51,2.67,2.51,3083,5970658.72,6.15,-3.46,-0.09,0.64
2008-07-18,2.55,2.59,2.62,2.32,7421,13866350.30,11.95,3.19,0.08,1.55
2008-07-21,2.59,2.67,2.69,2.55,6580,12904650.65,5.41,3.09,0.08,1.37
2008-07-22,2.63,2.60,2.70,2.55,6154,12012483.50,5.62,-2.62,-0.07,1.28
2008-07-23,2.61,2.43,2.64,2.42,8707,16433185.25,8.46,-6.54,-0.17,1.81
2008-07-24,2.42,2.47,2.52,2.39,10015,18665420.74,5.35,1.65,0.04,2.09
2008-07-25,2.42,2.51,2.51,2.40,10692,20011137.06,4.45,1.62,0.04,2.23
2008-07-28,2.51,2.51,2.62,2.44,4850,9320407.84,7.17,0.00,0.00,1.01
2008-07-29,2.47,2.51,2.52,2.40,3970,7433190.45,4.78,0.00,0.00,0.83
2008-07-30,2.51,2.49,2.56,2.43,1777,3341068.17,5.18,-0.80,-0.02,0.37
2008-07-31,2.51,2.42,2.51,2.36,3484,6442026.87,6.02,-2.81,-0.07,0.73
2008-08-01,2.47,2.55,2.55,2.39,5469,10314823.06,6.61,5.37,0.13,1.14
2008-08-04,2.51,2.45,2.53,2.44,2627,4942082.18,3.53,-3.92,-0.10,0.55
2008-08-05,2.40,2.28,2.46,2.27,3923,7154418.40,7.76,-6.94,-0.17,0.82
2008-08-06,2.31,2.23,2.35,2.19,2278,4011519.24,7.02,-2.19,-0.05,0.47
2008-08-07,2.21,2.15,2.26,1.99,6283,10683762.51,12.11,-3.59,-0.08,1.31
2008-08-08,2.18,2.09,2.20,2.02,7317,12430361.73,8.37,-2.79,-0.06,1.52
2008-08-11,2.03,1.85,2.09,1.85,5697,9157238.98,11.48,-11.48,-0.24,1.19
2008-08-12,1.77,1.88,1.94,1.76,4110,6377158.35,9.73,1.62,0.03,0.86
2008-08-13,1.88,1.90,1.91,1.80,2064,3229324.18,5.85,1.06,0.02,0.43
2008-08-14,1.84,1.88,1.91,1.83,1326,2091505.21,4.21,-1.05,-0.02,0.28
2008-08-15,1.90,1.90,1.91,1.86,835,1316120.65,2.66,1.06,0.02,0.17
2008-08-18,1.91,1.66,1.91,1.65,2204,3337821.00,13.68,-12.63,-0.24,0.46
2008-08-19,1.66,1.74,1.78,1.65,3313,4949211.99,7.83,4.82,0.08,0.69
2008-08-20,1.74,1.99,2.00,1.74,5189,8272244.47,14.94,14.37,0.25,1.08
2008-08-21,1.99,1.93,1.99,1.76,3454,5378332.02,11.56,-3.02,-0.06,0.72
2008-08-22,1.84,1.82,1.90,1.77,1083,1672713.57,6.74,-5.70,-0.11,0.23
2008-08-25,1.82,1.92,1.93,1.82,1702,2680052.37,6.04,5.49,0.10,0.35
2008-08-26,1.91,1.86,1.91,1.61,5501,8168219.71,15.63,-3.13,-0.06,1.15
2008-08-27,1.76,1.74,1.80,1.63,4942,7309775.59,9.14,-6.45,-0.12,1.03
2008-08-28,1.74,1.74,1.74,1.62,6061,8845544.44,6.90,0.00,0.00,1.26
2008-08-29,1.69,1.74,1.80,1.67,2535,3805475.35,7.47,0.00,0.00,0.53
2008-09-01,1.74,1.72,1.74,1.65,1149,1688394.27,5.17,-1.15,-0.02,0.24
2008-09-02,1.72,1.72,1.72,1.65,1067,1571536.88,4.07,0.00,0.00,0.22
2008-09-03,1.68,1.73,1.74,1.64,2623,3876600.05,5.81,0.58,0.01,0.55
2008-09-04,1.72,1.88,1.90,1.72,3637,5594711.03,10.40,8.67,0.15,0.76
2008-09-05,1.81,1.75,1.86,1.75,2310,3527276.17,5.85,-6.91,-0.13,0.48
2008-09-08,1.74,1.71,1.74,1.63,3459,5066504.67,6.29,-2.29,-0.04,0.72
2008-09-09,1.72,1.74,1.74,1.67,1101,1629501.00,4.09,1.75,0.03,0.23
2008-09-10,1.68,1.74,1.76,1.68,4423,6623225.96,4.60,0.00,0.00,0.92
2008-09-11,1.76,1.72,1.76,1.71,2353,3518665.30,2.87,-1.15,-0.02,0.49
2008-09-12,1.78,1.76,1.78,1.71,933,1402103.50,4.07,2.33,0.04,0.19
2008-09-16,1.74,1.74,1.76,1.68,1155,1719838.10,4.55,-1.14,-0.02,0.24
2008-09-17,1.74,1.71,1.76,1.69,1213,1814003.44,4.02,-1.72,-0.03,0.25
2008-09-18,1.69,1.71,1.72,1.42,5692,8046208.74,17.54,0.00,0.00,1.19
2008-09-19,1.96,2.00,2.00,1.86,22486,36673960.64,8.19,16.96,0.29,4.68
2008-09-22,2.07,1.91,2.30,1.86,16273,26853927.22,22.00,-4.50,-0.09,3.39
2008-09-23,1.82,1.60,1.82,1.60,9706,14153850.75,11.52,-16.23,-0.31,2.02
2008-09-24,1.47,1.52,1.53,1.33,19386,25372215.82,12.50,-5.00,-0.08,4.04
2008-09-25,1.47,1.68,1.73,1.45,21512,30912695.35,18.42,10.53,0.16,4.48
2008-09-26,1.68,1.73,1.76,1.61,11152,16502143.81,8.93,2.98,0.05,2.32
2008-10-06,1.73,1.53,1.73,1.53,3111,4387207.84,11.56,-11.56,-0.20,0.65
2008-10-07,1.50,1.48,1.55,1.42,1485,2022754.83,8.50,-3.27,-0.05,0.31
2008-10-08,1.46,1.49,1.49,1.42,1686,2281892.94,4.73,0.68,0.01,0.35
2008-10-09,1.50,1.43,1.53,1.42,1712,2322306.30,7.38,-4.03,-0.06,0.36
2008-10-10,1.42,1.28,1.42,1.28,4944,6374301.00,9.79,-10.49,-0.15,1.03
2008-10-13,1.27,1.26,1.27,1.05,11870,14261582.58,17.19,-1.56,-0.02,2.47
2008-10-14,1.30,1.26,1.36,1.18,4668,5811345.11,14.29,0.00,0.00,0.97
2008-10-15,1.22,1.16,1.27,1.13,3537,4257187.25,11.11,-7.94,-0.10,0.74
2008-10-16,1.11,1.14,1.19,1.07,5965,7108378.11,10.34,-1.72,-0.02,1.24
2008-10-17,1.14,1.22,1.24,1.14,4693,5705559.83,8.77,7.02,0.08,0.98
2008-10-20,1.18,1.26,1.26,1.18,1894,2336486.36,6.56,3.28,0.04,0.39
2008-10-21,1.28,1.22,1.30,1.21,1960,2440629.10,7.14,-3.17,-0.04,0.41
2008-10-22,1.25,1.18,1.31,1.18,3476,4335248.35,10.66,-3.28,-0.04,0.72
2008-10-23,1.17,1.22,1.22,1.03,3545,4203708.68,16.10,3.39,0.04,0.74
2008-10-24,1.22,1.19,1.23,1.17,1957,2392691.00,4.92,-2.46,-0.03,0.41
2008-10-27,1.14,1.01,1.18,0.97,6517,7471260.00,17.65,-15.13,-0.18,1.36
2008-10-28,0.96,1.12,1.14,0.95,4147,4666671.80,18.81,10.89,0.11,0.86
2008-10-29,1.10,1.16,1.20,1.07,3003,3571835.48,11.61,3.57,0.04,0.63
2008-10-30,1.17,1.17,1.20,1.11,2515,3022570.16,7.76,0.86,0.01,0.52
2008-10-31,1.15,1.16,1.17,1.12,646,767757.97,4.27,-0.85,-0.01,0.13
2008-11-03,1.11,1.09,1.13,1.09,576,672270.06,3.45,-6.03,-0.07,0.12
2008-11-04,1.06,1.06,1.11,1.03,668,769685.17,7.34,-2.75,-0.03,0.14
2008-11-05,1.06,1.11,1.12,1.06,1004,1168885.40,5.66,4.72,0.05,0.21
2008-11-06,1.10,1.10,1.12,1.06,411,477424.87,5.41,-0.90,-0.01,0.09
2008-11-07,1.04,1.13,1.13,1.04,814,955430.10,8.18,2.73,0.03,0.17
2008-11-10,1.13,1.24,1.24,1.13,4384,5309930.04,9.73,9.73,0.11,0.91
2008-11-11,1.20,1.18,1.22,1.18,2235,2717267.46,3.23,-4.84,-0.06,0.47
2008-11-12,1.15,1.18,1.21,1.15,1027,1240651.70,5.08,0.00,0.00,0.21
2008-11-13,1.15,1.24,1.25,1.13,5898,7233054.62,10.17,5.08,0.06,1.23
2008-11-14,1.24,1.32,1.32,1.21,9567,11979757.54,8.87,6.45,0.08,1.99
2008-11-17,1.32,1.36,1.37,1.26,7329,9370692.18,8.33,3.03,0.04,1.53
2008-11-18,1.36,1.11,1.39,1.11,8781,10735564.25,20.59,-18.38,-0.25,1.83
2008-11-19,1.07,1.31,1.31,1.00,24769,28916943.83,27.93,18.02,0.20,5.16
2008-11-20,1.32,1.27,1.43,1.24,17135,22075222.25,14.50,-3.05,-0.04,3.57
2008-11-21,1.22,1.13,1.24,1.06,8156,9650666.10,14.17,-11.02,-0.14,1.70
2008-11-24,1.13,1.06,1.15,1.06,4262,4957698.11,7.96,-6.19,-0.07,0.89
2008-11-25,1.07,1.03,1.12,1.01,3776,4291312.50,10.38,-2.83,-0.03,0.79
2008-11-26,1.01,1.02,1.06,1.01,2823,3192947.53,4.85,-0.97,-0.01,0.59
2008-11-27,1.13,1.03,1.14,1.02,7348,8468111.13,11.76,0.98,0.01,1.53
2008-11-28,1.01,0.96,1.02,0.96,4414,4867362.32,5.83,-6.80,-0.07,0.92
2008-12-01,0.97,1.00,1.01,0.89,14775,16097921.99,12.50,4.17,0.04,3.08
2008-12-02,0.95,1.09,1.09,0.94,11803,13369649.17,15.00,9.00,0.09,2.46
2008-12-03,1.13,1.22,1.23,1.12,21121,25365145.70,10.09,11.93,0.13,4.40
2008-12-05,1.21,1.26,1.29,1.18,15657,19416973.66,9.02,3.28,0.04,3.26
2008-12-08,1.29,1.33,1.40,1.29,15331,19723425.02,8.73,5.56,0.07,3.19
2008-12-09,1.36,1.31,1.42,1.30,15788,20600192.97,9.02,-1.50,-0.02,3.29
2008-12-10,1.28,1.36,1.38,1.26,11069,14223255.90,9.16,3.82,0.05,2.31
2008-12-11,1.36,1.26,1.36,1.26,8555,10948883.89,7.35,-7.35,-0.10,1.78
2008-12-12,1.23,1.13,1.24,1.03,9630,11522281.70,16.67,-10.32,-0.13,2.01
2008-12-15,1.15,1.13,1.21,1.07,5920,7048381.75,12.39,0.00,0.00,1.23
2008-12-16,1.11,1.20,1.20,1.03,7777,9182171.74,15.04,6.19,0.07,1.62
2008-12-17,1.21,1.31,1.31,1.19,18291,22897865.00,10.00,9.17,0.11,3.81
2008-12-18,1.32,1.38,1.38,1.22,21296,27301192.13,12.21,5.34,0.07,4.44
2008-12-19,1.35,1.35,1.45,1.34,16862,22078448.02,7.97,-2.17,-0.03,3.51
2008-12-22,1.35,1.37,1.39,1.30,12304,15954881.57,6.67,1.48,0.02,2.56
2008-12-23,1.39,1.22,1.45,1.21,16550,21449951.68,17.52,-10.95,-0.15,3.45
2008-12-24,1.24,1.13,1.24,1.09,8690,10274244.41,12.30,-7.38,-0.09,1.81
2008-12-25,1.14,1.09,1.17,1.05,8252,9619551.07,10.62,-3.54,-0.04,1.72
2008-12-26,1.09,1.13,1.18,1.03,12150,14110444.16,13.76,3.67,0.04,2.53
2008-12-29,1.12,1.03,1.12,1.00,23595,26720368.66,10.62,-8.85,-0.10,4.92
2008-12-30,1.03,1.05,1.06,0.96,17017,19020093.81,9.71,1.94,0.02,3.55
2008-12-31,1.05,0.97,1.06,0.97,10976,12273347.19,8.57,-7.62,-0.08,2.29