2013-01-04,3.63,3.72,3.78,3.57,26556,70982977.00,5.79,2.48,0.09,15.00
2013-01-07,3.70,3.71,3.76,3.63,19996,53542434.00,3.49,-0.27,-0.01,11.30
2013-01-08,3.73,3.93,3.94,3.71,43131,119382166.00,6.20,5.93,0.22,24.37
2013-01-09,3.90,3.88,4.03,3.76,49013,138477835.00,6.87,-1.27,-0.05,27.69
2013-01-10,3.86,3.88,3.95,3.84,24044,67678463.00,2.84,0.00,0.00,13.58
2013-01-11,3.94,4.05,4.10,3.90,40114,116561299.00,5.15,4.38,0.17,22.66
2013-01-14,4.07,4.12,4.14,3.93,37595,109939468.00,5.19,1.73,0.07,21.24
2013-01-15,4.07,4.03,4.07,3.99,25536,74163551.00,1.94,-2.18,-0.09,14.43
2013-01-16,4.02,3.91,4.02,3.81,22863,64617089.00,5.21,-2.98,-0.12,12.92
2013-01-17,3.92,3.79,3.92,3.79,10835,30105586.00,3.32,-3.07,-0.12,6.12
2013-01-18,3.79,3.84,3.85,3.71,11314,31122730.00,3.69,1.32,0.05,6.39
2013-01-21,3.83,3.88,3.90,3.80,10658,29729769.00,2.60,1.04,0.04,6.02
2013-01-22,3.88,3.57,3.88,3.51,16951,45470435.00,9.54,-7.99,-0.31,9.58
2013-01-23,3.54,3.54,3.56,3.43,14214,36144692.00,3.64,-0.84,-0.03,8.03
2013-01-24,3.57,3.42,3.61,3.35,17466,44566171.00,7.34,-3.39,-0.12,9.87
2013-01-25,3.41,3.49,3.51,3.41,8425,21357623.00,2.92,2.05,0.07,4.76
2013-01-28,3.50,3.62,3.63,3.50,11012,28680589.00,3.72,3.72,0.13,6.22
2013-01-29,3.62,3.62,3.68,3.56,12774,33630813.00,3.31,0.00,0.00,7.22
2013-01-30,3.60,3.51,3.61,3.50,13225,34012071.00,3.04,-3.04,-0.11,7.47
2013-01-31,3.54,3.54,3.57,3.47,7384,18942235.00,2.85,0.85,0.03,4.17
2013-02-01,3.54,3.60,3.64,3.47,9311,24277921.00,4.80,1.69,0.06,5.26
2013-02-04,3.60,3.51,3.64,3.43,10998,28415271.00,5.83,-2.50,-0.09,6.21
2013-02-05,3.50,3.60,3.64,3.44,9312,24250228.00,5.70,2.56,0.09,5.26
2013-02-06,3.60,3.61,3.63,3.58,7339,19260867.00,1.39,0.28,0.01,4.15
2013-02-07,3.61,3.60,3.63,3.53,6743,17544205.00,2.77,-0.28,-0.01,3.81
2013-02-08,3.60,3.65,3.68,3.59,8947,23682539.00,2.50,1.39,0.05,5.05
2013-02-18,3.69,3.74,3.78,3.68,15125,40981199.00,2.74,2.47,0.09,8.55
2013-02-19,3.70,3.65,3.72,3.64,10158,27091833.00,2.14,-2.41,-0.09,5.74
2013-02-20,3.66,3.77,3.78,3.62,10857,29295982.00,4.38,3.29,0.12,6.13
2013-02-21,3.74,3.71,3.76,3.68,8892,23944357.00,2.12,-1.59,-0.06,5.02
2013-02-22,3.75,3.75,3.78,3.71,10043,27274149.00,1.89,1.08,0.04,5.67
2013-02-25,3.78,3.75,3.78,3.68,8651,23393006.00,2.67,0.00,0.00,4.89
2013-02-26,3.72,3.70,3.79,3.70,10404,28203076.00,2.40,-1.33,-0.05,5.88
2013-02-27,3.68,3.65,3.72,3.59,9491,25159497.00,3.51,-1.35,-0.05,5.36
2013-02-28,3.65,3.72,3.73,3.62,8539,22872878.00,3.01,1.92,0.07,4.82
2013-03-01,3.72,3.74,3.75,3.69,9599,25934350.00,1.61,0.54,0.02,5.42
2013-03-04,3.72,3.63,3.72,3.61,7791,20657176.00,2.94,-2.94,-0.11,4.40
2013-03-05,3.64,3.70,3.70,3.60,5371,14316944.00,2.75,1.93,0.07,3.03
2013-03-06,3.74,3.80,3.83,3.71,13998,38443773.00,3.24,2.70,0.10,7.91
2013-03-07,3.80,3.83,3.89,3.77,13674,38022738.00,3.16,0.79,0.03,7.73
2013-03-08,3.83,3.80,3.88,3.73,7304,20171761.00,3.92,-0.78,-0.03,4.13
2013-03-11,3.82,3.88,3.90,3.80,11591,32456800.00,2.63,2.11,0.08,6.55
2013-03-12,3.88,3.59,3.88,3.56,15713,42149042.00,8.25,-7.47,-0.29,8.88
2013-03-13,3.55,3.61,3.63,3.50,6291,16395174.00,3.62,0.56,0.02,3.55
2013-03-14,3.61,3.70,3.74,3.55,12756,33846326.00,5.26,2.49,0.09,7.21
2013-03-15,3.79,3.66,3.79,3.62,17619,47233652.00,4.59,-1.08,-0.04,9.95
2013-03-18,3.64,3.56,3.64,3.56,6639,17324607.00,2.19,-2.73,-0.10,3.75
2013-03-19,3.55,3.57,3.60,3.51,4457,11542923.00,2.53,0.28,0.01,2.52
2013-03-20,3.57,3.64,3.65,3.54,7231,18987169.00,3.08,1.96,0.07,4.09
2013-03-21,3.65,3.66,3.72,3.64,7578,20222512.00,2.20,0.55,0.02,4.28
2013-03-22,3.66,3.76,3.76,3.64,13068,35351546.00,3.28,2.73,0.10,7.38
2013-03-25,3.78,3.78,3.82,3.75,11884,32611460.00,1.86,0.53,0.02,6.71
2013-03-26,3.76,3.82,3.84,3.71,12487,34107016.00,3.44,1.06,0.04,7.06
2013-03-27,3.82,3.82,3.88,3.78,13478,37407436.00,2.62,0.00,0.00,7.61
2013-03-28,3.80,3.70,3.80,3.65,6699,18112261.00,3.93,-3.14,-0.12,3.78
2013-03-29,3.73,3.63,3.73,3.61,5752,15275687.00,3.24,-1.89,-0.07,3.25
2013-04-01,3.63,3.68,3.71,3.60,3998,10646184.00,3.03,1.38,0.05,2.26
2013-04-02,3.68,3.67,3.76,3.67,7024,18938279.00,2.45,-0.27,-0.01,3.97
2013-04-03,3.64,3.63,3.69,3.60,4215,11114263.00,2.45,-1.09,-0.04,2.38
2013-04-08,3.57,3.69,3.70,3.48,3975,10464988.00,6.06,1.65,0.06,2.25
2013-04-09,3.72,3.72,3.76,3.68,4968,13438758.00,2.17,0.81,0.03,2.81
2013-04-10,3.72,3.78,3.78,3.68,8014,21758454.00,2.69,1.61,0.06,4.53
2013-04-11,3.78,3.75,3.85,3.73,9312,25615848.00,3.17,-0.79,-0.03,5.26
2013-04-12,3.72,3.77,3.81,3.70,6018,16389614.00,2.93,0.53,0.02,3.40
2013-04-15,3.76,3.79,3.85,3.72,10463,28963113.00,3.45,0.53,0.02,5.91
2013-04-16,3.78,3.77,3.82,3.69,5551,15040148.00,3.43,-0.53,-0.02,3.14
2013-04-17,3.75,3.94,3.95,3.75,18103,50684262.00,5.31,4.51,0.17,10.23
2013-04-18,3.91,3.95,3.98,3.89,14899,42399128.00,2.28,0.25,0.01,8.42
2013-04-19,3.97,4.07,4.10,3.94,21518,62722870.00,4.05,3.04,0.12,12.16
2013-04-22,4.02,4.50,4.50,4.02,41198,128778210.00,11.79,10.57,0.43,23.28
2013-04-23,4.53,4.57,4.77,4.43,48170,157069763.00,7.56,1.56,0.07,27.21
2013-04-24,4.48,5.05,5.05,4.46,50592,175539283.00,12.91,10.50,0.48,28.58
2013-04-25,5.24,4.91,5.48,4.90,64681,238730124.00,11.49,-2.77,-0.14,36.54
2013-04-26,4.96,4.40,5.05,4.40,95496,156898130.00,13.24,-10.39,-0.51,26.98
2013-05-02,4.35,4.49,4.53,4.35,59197,93561218.00,4.09,2.05,0.09,16.72
2013-05-03,4.50,4.84,4.85,4.39,95540,155765300.00,10.24,7.80,0.35,26.99
2013-05-06,4.89,5.35,5.35,4.86,111707,201318491.00,10.12,10.54,0.51,31.56
2013-05-07,5.35,5.11,5.36,5.02,95903,174490524.00,6.36,-4.49,-0.24,27.09
2013-05-08,5.09,5.16,5.22,4.94,68643,123647712.00,5.48,0.98,0.05,19.39
2013-05-09,5.14,4.96,5.14,4.85,61389,107856035.00,5.62,-3.88,-0.20,17.34
2013-05-10,4.91,4.90,5.01,4.81,38312,66643310.00,4.03,-1.21,-0.06,10.82
2013-05-13,4.86,4.92,5.00,4.82,29892,52185018.00,3.67,0.41,0.02,8.44
2013-05-14,4.94,4.69,4.96,4.68,39543,66979030.00,5.69,-4.67,-0.23,11.17
2013-05-15,4.69,4.78,4.78,4.65,27589,46208934.00,2.77,1.92,0.09,7.79
2013-05-16,4.78,4.71,4.82,4.68,31814,53457590.00,2.93,-1.46,-0.07,8.99
2013-05-17,4.73,4.70,4.75,4.61,32262,53542965.00,2.97,-0.21,-0.01,9.11
2013-05-20,4.74,4.84,4.86,4.71,47953,81590753.00,3.19,2.98,0.14,13.55
2013-05-21,4.85,4.97,4.99,4.83,45417,79011652.00,3.31,2.69,0.13,12.83
2013-05-22,4.96,4.72,4.96,4.71,41368,70714712.00,5.03,-5.03,-0.25,11.69
2013-05-23,4.70,4.63,4.74,4.61,23896,39591067.00,2.75,-1.91,-0.09,6.75
2013-05-24,4.64,4.72,4.72,4.63,13157,21898098.00,1.94,1.94,0.09,3.72
2013-05-27,4.72,4.72,4.72,4.64,18313,30390680.00,1.69,0.00,0.00,5.17
2013-05-28,4.76,5.06,5.12,4.76,80761,143202779.00,7.63,7.20,0.34,22.81
2013-05-29,4.97,4.99,5.04,4.86,43893,76884146.00,3.56,-1.38,-0.07,12.40
2013-05-30,4.94,5.15,5.17,4.93,69736,126386679.00,4.81,3.21,0.16,19.70
2013-05-31,5.13,5.03,5.20,5.01,37746,67661372.00,3.69,-2.33,-0.12,10.66
2013-06-03,4.96,4.75,4.97,4.75,31915,54787312.00,4.37,-5.57,-0.28,9.02
2013-06-04,4.71,4.54,4.75,4.41,27979,45423097.00,7.16,-4.42,-0.21,7.90
2013-06-05,4.54,4.55,4.63,4.47,15940,25807108.00,3.52,0.22,0.01,4.50
2013-06-06,4.54,4.41,4.54,4.41,12598,19960588.00,2.86,-3.08,-0.14,3.56
2013-06-07,4.41,4.46,4.53,4.33,15088,23849452.00,4.54,1.13,0.05,4.26
2013-06-13,4.38,4.28,4.40,4.21,10366,15872548.00,4.26,-4.04,-0.18,2.93
2013-06-14,4.28,4.45,4.49,4.28,14655,23108974.00,4.91,3.97,0.17,4.14
2013-06-17,4.44,4.50,4.54,4.41,16578,26494176.00,2.92,1.12,0.05,4.68
2013-06-18,4.49,4.42,4.55,4.34,11492,18178196.00,4.67,-1.78,-0.08,3.25
2013-06-19,4.40,4.26,4.40,4.19,13812,21010262.00,4.75,-3.62,-0.16,3.90
2013-06-20,4.23,4.07,4.30,4.04,13623,20253801.00,6.10,-4.46,-0.19,3.85
2013-06-21,3.99,3.95,4.03,3.82,10942,15351514.00,5.16,-2.95,-0.12,3.09
2013-06-24,3.98,3.83,4.04,3.67,19377,27341172.00,9.37,-3.04,-0.12,5.47
2013-06-25,3.79,3.89,3.94,3.46,17602,23770893.00,12.53,1.57,0.06,4.97
2013-06-26,3.91,4.04,4.05,3.82,16744,23717429.00,5.91,3.86,0.15,4.73
2013-06-27,4.01,3.88,4.15,3.88,18393,26496713.00,6.68,-3.96,-0.16,5.20
2013-06-28,3.77,3.85,3.96,3.77,9103,12592138.00,4.90,-0.77,-0.03,2.57
2013-07-01,3.86,3.96,3.97,3.82,9036,12702607.00,3.90,2.86,0.11,2.55
2013-07-02,3.94,4.05,4.07,3.94,14920,21461409.00,3.28,2.27,0.09,4.21
2013-07-03,4.06,3.98,4.06,3.90,16527,23446195.00,3.95,-1.73,-0.07,4.67
2013-07-04,4.05,4.07,4.26,4.00,19927,29450351.00,6.53,2.26,0.09,5.63
2013-07-05,4.04,3.99,4.13,3.98,10573,15290638.00,3.69,-1.97,-0.08,2.99
2013-07-08,3.90,3.72,3.90,3.70,10998,14885397.00,5.01,-6.77,-0.27,3.11
2013-07-09,3.73,3.70,3.77,3.68,5468,7283089.00,2.42,-0.54,-0.02,1.54
2013-07-10,3.70,3.83,3.84,3.70,7435,10037437.00,3.78,3.51,0.13,2.10
2013-07-11,3.83,3.92,3.97,3.81,12568,17542365.00,4.18,2.35,0.09,3.55
2013-07-12,3.92,3.91,4.06,3.86,11073,15721306.00,5.10,-0.26,-0.01,3.13
2013-07-15,3.69,3.79,3.84,3.69,35047,47175220.00,3.84,-3.07,-0.12,9.90
2013-07-16,3.78,3.77,3.79,3.72,17897,24106723.00,1.85,-0.53,-0.02,5.06
2013-07-17,3.77,3.72,3.79,3.70,15055,20156947.00,2.39,-1.33,-0.05,4.25
2013-07-18,3.67,3.60,3.72,3.60,17053,22280453.00,3.23,-3.23,-0.12,4.82
2013-07-19,3.59,3.44,3.62,3.44,17214,21956809.00,5.00,-4.44,-0.16,4.86
2013-07-22,3.43,3.48,3.48,3.35,12943,15901067.00,3.78,1.16,0.04,3.66
2013-07-23,3.53,3.58,3.61,3.49,15431,19849359.00,3.45,2.87,0.10,4.36
2013-07-24,3.62,3.65,3.66,3.55,18979,24671896.00,3.07,1.96,0.07,5.36
2013-07-25,3.70,3.55,3.70,3.54,14513,18763913.00,4.38,-2.74,-0.10,4.10
2013-07-26,3.54,3.48,3.55,3.45,7504,9441419.00,2.82,-1.97,-0.07,2.12
2013-07-29,3.48,3.35,3.48,3.34,9956,12217383.00,4.02,-3.74,-0.13,2.81
2013-07-30,3.34,3.35,3.39,3.28,9341,11230151.00,3.28,0.00,0.00,2.64
2013-07-31,3.35,3.33,3.39,3.32,7808,9471283.00,2.09,-0.60,-0.02,2.21
2013-08-01,3.32,3.42,3.42,3.31,12334,15103388.00,3.30,2.70,0.09,3.48
2013-08-02,3.47,3.43,3.49,3.42,14451,18019927.00,2.05,0.29,0.01,4.08
2013-08-05,3.43,3.67,3.72,3.42,27149,35046538.00,8.75,7.00,0.24,7.67
2013-08-06,3.64,3.67,3.71,3.59,23246,30553153.00,3.27,0.00,0.00,6.57
2013-08-07,3.69,3.92,4.05,3.68,49391,68867631.00,10.08,6.81,0.25,13.95
2013-08-08,3.82,3.90,4.00,3.81,23943,33398060.00,4.85,-0.51,-0.02,6.76
2013-08-09,3.91,3.97,4.04,3.87,24495,34828116.00,4.36,1.79,0.07,6.92
2013-08-12,4.03,3.94,4.03,3.89,19706,27762891.00,3.53,-0.76,-0.03,5.57
2013-08-13,3.94,3.90,3.97,3.82,16799,23448322.00,3.81,-1.02,-0.04,4.75
2013-08-14,3.89,3.93,3.97,3.84,13468,18945210.00,3.33,0.77,0.03,3.80
2013-08-15,3.90,3.83,3.98,3.82,12774,17650612.00,4.07,-2.54,-0.10,3.61
2013-08-16,3.83,3.71,3.89,3.71,13061,17798395.00,4.70,-3.13,-0.12,3.69
2013-08-19,3.62,3.66,3.68,3.53,22349,28903175.00,4.04,-1.35,-0.05,6.31
2013-08-20,3.61,3.68,3.72,3.59,13575,17854495.00,3.55,0.55,0.02,3.83
2013-08-21,3.66,3.70,3.71,3.61,12626,16635228.00,2.72,0.54,0.02,3.57
2013-08-22,3.71,3.66,3.71,3.64,9000,11865965.00,1.89,-1.08,-0.04,2.54
2013-08-23,3.67,3.62,3.72,3.57,11087,14561051.00,4.10,-1.09,-0.04,3.13
2013-08-26,3.69,3.76,3.77,3.63,16499,22080987.00,3.87,3.87,0.14,4.66
2013-08-27,3.77,3.79,3.85,3.74,13828,18782761.00,2.93,0.80,0.03,3.91
2013-08-28,3.78,3.67,3.79,3.67,11871,15823971.00,3.17,-3.17,-0.12,3.35
2013-08-29,3.67,3.69,3.73,3.65,6764,8975568.00,2.18,0.54,0.02,1.91
2013-08-30,3.69,3.58,3.69,3.56,11419,14865856.00,3.52,-2.98,-0.11,3.23
2013-09-02,3.58,3.64,3.64,3.55,4759,6181895.00,2.51,1.68,0.06,1.34
2013-09-03,3.64,3.66,3.66,3.59,6861,8980253.00,1.92,0.55,0.02,1.94
2013-09-04,3.66,3.65,3.66,3.62,6113,7998606.00,1.09,-0.27,-0.01,1.73
2013-09-05,3.66,3.68,3.72,3.63,7755,10204455.00,2.47,0.82,0.03,2.19
2013-09-06,3.67,3.70,3.72,3.66,7560,10044872.00,1.63,0.54,0.02,2.14
2013-09-09,3.70,3.74,3.79,3.70,10506,14113804.00,2.43,1.08,0.04,2.97
2013-09-10,3.74,3.69,3.74,3.68,9551,12671908.00,1.60,-1.34,-0.05,2.70
2013-09-11,3.70,4.00,4.06,3.61,43329,59824608.00,12.20,8.40,0.31,12.24
2013-09-12,3.97,3.88,3.97,3.84,24496,34099773.00,3.25,-3.00,-0.12,6.92
2013-09-13,3.86,3.87,3.92,3.84,12864,17898007.00,2.06,-0.26,-0.01,3.63
2013-09-16,3.88,3.78,3.91,3.78,14055,19241281.00,3.36,-2.33,-0.09,3.97
2013-09-17,3.78,3.67,3.84,3.67,12502,16829000.00,4.50,-2.91,-0.11,3.53
2013-09-18,3.66,3.73,3.74,3.66,6205,8254395.00,2.18,1.63,0.06,1.75
2013-09-23,3.73,3.86,3.87,3.73,13003,17804496.00,3.75,3.49,0.13,3.67
2013-09-24,3.85,3.79,3.86,3.76,9309,12683366.00,2.59,-1.81,-0.07,2.63
2013-09-25,3.79,3.91,3.91,3.77,19521,27037950.00,3.69,3.17,0.12,5.51
2013-09-26,3.93,3.85,3.94,3.83,14496,20102364.00,2.81,-1.53,-0.06,4.09
2013-09-27,3.84,3.80,3.87,3.75,10298,14083090.00,3.12,-1.30,-0.05,2.91
2013-09-30,3.80,3.85,3.85,3.78,8243,11276520.00,1.84,1.32,0.05,2.33
2013-10-08,3.82,3.77,3.82,3.70,12740,17172935.00,3.12,-2.08,-0.08,3.60
2013-10-09,3.78,3.83,3.87,3.77,12358,16875856.00,2.65,1.59,0.06,3.49
2013-10-10,3.83,3.90,3.95,3.81,22912,31986702.00,3.66,1.83,0.07,6.47
2013-10-11,3.92,3.92,4.01,3.88,18682,26280296.00,3.33,0.51,0.02,3.06
2013-10-14,3.82,3.90,3.90,3.76,19088,26266130.00,3.57,-0.51,-0.02,3.13
2013-10-15,3.87,4.11,4.19,3.85,53489,77216154.00,8.72,5.38,0.21,8.77
2013-10-16,4.06,3.89,4.06,3.89,32748,46410031.00,4.14,-5.35,-0.22,5.37
2013-10-17,3.94,3.96,4.01,3.86,25855,36388831.00,3.86,1.80,0.07,4.24
2013-10-18,3.95,4.08,4.11,3.91,29111,42162535.00,5.05,3.03,0.12,4.77
2013-10-21,4.06,4.20,4.29,3.97,111503,164035091.00,7.84,2.94,0.12,18.28
2013-10-22,4.14,4.31,4.31,4.09,91875,137688815.00,5.24,2.62,0.11,15.06
2013-10-23,4.32,4.05,4.33,4.05,92462,138063938.00,6.50,-6.03,-0.26,15.16
2013-10-24,4.00,3.97,4.11,3.97,29496,42590237.00,3.46,-1.98,-0.08,4.84
2013-10-25,3.97,3.69,4.02,3.62,44961,61003193.00,10.08,-7.05,-0.28,7.37
2013-10-28,3.67,3.46,3.72,3.45,29917,37901162.00,7.32,-6.23,-0.23,4.90
2013-10-29,3.46,3.29,3.48,3.18,24406,29398170.00,8.67,-4.91,-0.17,4.00
2013-10-30,3.29,3.33,3.33,3.26,14992,17900202.00,2.13,1.22,0.04,2.46
2013-10-31,3.32,3.26,3.32,3.20,12715,15064753.00,3.60,-2.10,-0.07,2.08
2013-11-01,3.26,3.32,3.34,3.22,10412,12388704.00,3.68,1.84,0.06,1.71
2013-11-04,3.33,3.35,3.36,3.28,14082,16946817.00,2.41,0.90,0.03,2.31
2013-11-05,3.34,3.31,3.34,3.24,13394,15891113.00,2.99,-1.19,-0.04,2.20
2013-11-06,3.31,3.21,3.32,3.19,22466,26384499.00,3.93,-3.02,-0.10,3.68
2013-11-07,3.20,3.08,3.21,3.06,23051,26154492.00,4.67,-4.05,-0.13,3.78
2013-11-08,3.06,2.93,3.06,2.91,23415,25258484.00,4.87,-4.87,-0.15,3.84
2013-11-11,2.94,3.03,3.06,2.92,14705,15937788.00,4.78,3.41,0.10,2.41
2013-11-12,3.06,3.02,3.06,2.97,12972,14166360.00,2.97,-0.33,-0.01,2.13
2013-11-13,3.03,2.97,3.04,2.97,9505,10318600.00,2.32,-1.66,-0.05,1.56
2013-11-14,2.93,3.03,3.04,2.92,16863,18413246.00,4.04,2.02,0.06,2.76
2013-11-15,3.03,3.10,3.15,3.02,29100,32728302.00,4.29,2.31,0.07,4.77
2013-11-18,3.09,3.21,3.23,3.09,28668,33050373.00,4.52,3.55,0.11,4.70
2013-11-19,3.19,3.26,3.30,3.15,32168,37667008.00,4.67,1.56,0.05,5.27
2013-11-20,3.25,3.23,3.26,3.18,20872,24311392.00,2.45,-0.92,-0.03,3.42
2013-11-21,3.23,3.25,3.29,3.18,25976,30400510.00,3.41,0.62,0.02,4.26
2013-11-22,3.24,3.28,3.29,3.23,21606,25523460.00,1.85,0.92,0.03,3.54
2013-11-25,3.28,3.26,3.29,3.23,18702,22081199.00,1.83,-0.61,-0.02,3.07
2013-11-26,3.23,3.29,3.31,3.23,19266,22842262.00,2.45,0.92,0.03,3.16
2013-11-27,3.30,3.41,3.45,3.29,30336,36994375.00,4.86,3.65,0.12,4.97
2013-11-28,3.38,3.41,3.46,3.38,24433,30229775.00,2.35,0.00,0.00,4.01
2013-11-29,3.41,3.44,3.52,3.38,35984,44847841.00,4.11,0.88,0.03,5.90
2013-12-02,3.37,3.11,3.37,3.10,37819,44309037.00,7.85,-9.59,-0.33,6.20
2013-12-03,3.11,3.19,3.22,2.98,21833,24585626.00,7.72,2.57,0.08,3.58
2013-12-04,3.17,3.29,3.30,3.15,18373,21622565.00,4.70,3.13,0.10,3.01
2013-12-05,3.26,3.35,3.39,3.26,21602,26074170.00,3.95,1.82,0.06,3.54
2013-12-06,3.35,3.33,3.36,3.30,11826,14229256.00,1.79,-0.60,-0.02,1.94
2013-12-09,3.33,3.40,3.41,3.33,12068,14738864.00,2.40,2.10,0.07,1.98
2013-12-10,3.40,3.41,3.44,3.37,13365,16362639.00,2.06,0.29,0.01,2.19
2013-12-11,3.40,3.31,3.40,3.28,16071,19330304.00,3.52,-2.93,-0.10,2.63
2013-12-12,3.34,3.40,3.42,3.32,15945,19462548.00,3.02,2.72,0.09,2.61
2013-12-13,3.35,3.67,3.76,3.33,90741,118260842.00,12.65,7.94,0.27,14.88
2013-12-16,3.58,3.73,3.75,3.55,58675,76551429.00,5.45,1.63,0.06,9.62
2013-12-17,3.72,3.68,3.78,3.63,45600,60795647.00,4.02,-1.34,-0.05,7.48
2013-12-18,3.66,3.91,3.94,3.64,76091,104711254.00,8.15,6.25,0.23,12.47
2013-12-19,3.88,3.86,3.93,3.80,40312,55729657.00,3.32,-1.28,-0.05,6.61
2013-12-20,3.85,3.57,3.85,3.51,42898,56753698.00,8.81,-7.51,-0.29,7.03
2013-12-23,3.57,3.65,3.66,3.44,27627,35273114.00,6.16,2.24,0.08,4.53
2013-12-24,3.63,3.65,3.75,3.63,22973,30471018.00,3.29,0.00,0.00,3.77
2013-12-25,3.64,3.68,3.72,3.63,18375,24189542.00,2.47,0.82,0.03,3.01
2013-12-26,3.62,3.54,3.69,3.53,21112,27160781.00,4.35,-3.80,-0.14,3.46
2013-12-27,3.56,3.57,3.61,3.53,16123,20729241.00,2.26,0.85,0.03,2.64
2013-12-30,3.61,3.64,3.67,3.58,19785,25821277.00,2.52,1.96,0.07,3.24
2013-12-31,3.62,3.61,3.65,3.59,14032,18228506.00,1.65,-0.82,-0.03,2.30