2005-01-04,-1.33,-1.34,-1.32,-1.34,339,265391.00,-1.53,-2.29,-0.03,0.08
2005-01-05,-1.34,-1.38,-1.30,-1.38,12435,9547725.00,-5.97,-2.99,-0.04,3.11
2005-01-06,-1.38,-1.43,-1.37,-1.44,6616,4875324.00,-5.07,-3.62,-0.05,1.65
2005-01-07,-1.44,-1.42,-1.41,-1.44,6254,4573191.00,-2.10,0.70,0.01,1.56
2005-01-10,-1.42,-1.42,-1.41,-1.44,2052,1510480.00,-2.11,0.00,0.00,0.51
2005-01-11,-1.41,-1.41,-1.41,-1.42,1818,1343555.00,-0.70,0.70,0.01,0.45
2005-01-12,-1.42,-1.41,-1.41,-1.43,1207,892264.00,-1.42,0.00,0.00,0.30
2005-01-13,-1.46,-1.40,-1.37,-1.46,2356,1768655.00,-6.38,0.71,0.01,0.59
2005-01-14,-1.42,-1.42,-1.40,-1.42,1168,868739.00,-1.43,-1.43,-0.02,0.29
2005-01-17,-1.44,-1.46,-1.42,-1.47,2301,1657148.00,-3.52,-2.82,-0.04,0.58
2005-01-18,-1.45,-1.44,-1.43,-1.46,1240,890595.00,-2.05,1.37,0.02,0.31
2005-01-19,-1.44,-1.46,-1.44,-1.47,1107,792459.00,-2.08,-1.39,-0.02,0.28
2005-01-20,-1.47,-1.48,-1.46,-1.49,1561,1103944.00,-2.05,-1.37,-0.02,0.39
2005-01-21,-1.48,-1.45,-1.44,-1.51,1693,1204853.00,-4.73,2.03,0.03,0.42
2005-01-24,-1.41,-1.41,-1.40,-1.43,2296,1700098.00,-2.07,2.76,0.04,0.57
2005-01-25,-1.42,-1.44,-1.42,-1.44,931,677407.00,-1.42,-2.13,-0.03,0.23
2005-01-26,-1.44,-1.44,-1.43,-1.44,961,698711.00,-0.69,0.00,0.00,0.24
2005-01-27,-1.45,-1.45,-1.43,-1.46,716,517352.00,-2.08,-0.69,-0.01,0.18
2005-01-28,-1.47,-1.48,-1.45,-1.48,1030,733375.00,-2.07,-2.07,-0.03,0.26
2005-01-31,-1.49,-1.52,-1.49,-1.53,1946,1339380.00,-2.70,-2.70,-0.04,0.49
2005-02-01,-1.54,-1.53,-1.50,-1.55,1078,732044.00,-3.29,-0.66,-0.01,0.27
2005-02-02,-1.51,-1.46,-1.46,-1.53,3691,2565456.00,-4.58,4.58,0.07,0.92
2005-02-03,-1.46,-1.43,-1.38,-1.47,8169,6042288.00,-6.16,2.05,0.03,2.04
2005-02-04,-1.44,-1.41,-1.41,-1.44,3626,2673207.00,-2.10,1.40,0.02,0.91
2005-02-16,-1.41,-1.40,-1.38,-1.41,4143,3100253.00,-2.13,0.71,0.01,1.04
2005-02-17,-1.40,-1.40,-1.40,-1.42,1200,890798.00,-1.43,0.00,0.00,0.30
2005-02-18,-1.40,-1.44,-1.40,-1.44,1379,1012218.00,-2.86,-2.86,-0.04,0.34
2005-02-21,-1.44,-1.41,-1.41,-1.45,1740,1281921.00,-2.78,2.08,0.03,0.44
2005-02-22,-1.40,-1.36,-1.34,-1.42,7271,5574912.00,-5.67,3.55,0.05,1.82
2005-02-23,-1.36,-1.35,-1.34,-1.38,4840,3746524.00,-2.94,0.74,0.01,1.21
2005-02-24,-1.35,-1.35,-1.34,-1.37,3005,2317657.00,-2.22,0.00,0.00,0.75
2005-02-25,-1.35,-1.32,-1.31,-1.35,6042,4764939.00,-2.96,2.22,0.03,1.51
2005-02-28,-1.34,-1.31,-1.31,-1.34,3027,2390358.00,-2.27,0.76,0.01,0.76
2005-03-01,-1.31,-1.33,-1.31,-1.34,2905,2282417.00,-2.29,-1.53,-0.02,0.73
2005-03-02,-1.33,-1.32,-1.29,-1.34,4808,3819711.00,-3.76,0.75,0.01,1.20
2005-03-03,-1.34,-1.33,-1.32,-1.35,2460,1924329.00,-2.27,-0.76,-0.01,0.61
2005-03-04,-1.33,-1.35,-1.33,-1.35,2021,1577950.00,-1.50,-1.50,-0.02,0.51
2005-03-07,-1.35,-1.27,-1.26,-1.36,9473,7661172.00,-7.41,5.93,0.08,2.37
2005-03-08,-1.28,-1.23,-1.22,-1.29,8508,7042628.00,-5.51,3.15,0.04,2.13
2005-03-09,-1.23,-1.20,-1.19,-1.24,8266,7001577.00,-4.07,2.44,0.03,2.07
2005-03-10,-1.20,-1.24,-1.18,-1.24,8940,7569554.00,-5.00,-3.33,-0.04,2.24
2005-03-11,-1.25,-1.20,-1.18,-1.25,7237,6129325.00,-5.65,3.23,0.04,1.81
2005-03-14,-1.20,-1.19,-1.16,-1.24,7333,6292490.00,-6.67,0.83,0.01,1.83
2005-03-15,-1.19,-1.23,-1.19,-1.24,4999,4259066.00,-4.20,-3.36,-0.04,1.25
2005-03-16,-1.24,-1.32,-1.23,-1.33,9699,7831090.00,-8.13,-7.32,-0.09,2.42
2005-03-17,-1.32,-1.34,-1.31,-1.35,4607,3614131.00,-3.03,-1.52,-0.02,1.15
2005-03-18,-1.34,-1.36,-1.33,-1.36,2491,1938125.00,-2.24,-1.49,-0.02,0.62
2005-03-21,-1.35,-1.32,-1.31,-1.36,2312,1814325.00,-3.68,2.94,0.04,0.58
2005-03-22,-1.32,-1.29,-1.29,-1.34,4760,3785159.00,-3.79,2.27,0.03,1.19
2005-03-23,-1.30,-1.26,-1.23,-1.31,8335,6872664.00,-6.20,2.33,0.03,2.08
2005-03-24,-1.26,-1.27,-1.25,-1.33,5848,4717672.00,-6.35,-0.79,-0.01,1.46
2005-03-25,-1.28,-1.33,-1.27,-1.33,4553,3634184.00,-4.72,-4.72,-0.06,1.14
2005-03-28,-1.36,-1.42,-1.36,-1.45,7812,5794738.00,-6.77,-6.77,-0.09,1.95
2005-03-29,-1.41,-1.42,-1.41,-1.44,3952,2895847.00,-2.11,0.00,0.00,0.99
2005-03-30,-1.43,-1.47,-1.42,-1.48,2444,1750362.00,-4.23,-3.52,-0.05,0.61
2005-03-31,-1.47,-1.47,-1.47,-1.51,3960,2754182.00,-2.72,0.00,0.00,0.99
2005-04-01,-1.48,-1.42,-1.39,-1.51,5963,4279504.00,-8.16,3.40,0.05,1.49
2005-04-04,-1.45,-1.43,-1.40,-1.48,4716,3463715.00,-5.63,-0.70,-0.01,1.18
2005-04-05,-1.44,-1.41,-1.41,-1.44,4487,3304310.00,-2.10,1.40,0.02,1.12
2005-04-06,-1.39,-1.28,-1.28,-1.39,27224,21520441.00,-7.80,9.22,0.13,6.81
2005-04-07,-1.26,-1.28,-1.22,-1.28,24062,19807616.00,-4.69,0.00,0.00,6.02
2005-04-08,-1.29,-1.26,-1.25,-1.32,12251,9874841.00,-5.47,1.56,0.02,3.06
2005-04-11,-1.26,-1.30,-1.26,-1.30,7761,6274318.00,-3.17,-3.17,-0.04,1.94
2005-04-12,-1.30,-1.34,-1.30,-1.34,5742,4530297.00,-3.08,-3.08,-0.04,1.44
2005-04-13,-1.30,-1.30,-1.28,-1.32,5491,4413839.00,-2.99,2.99,0.04,1.37
2005-04-14,-1.29,-1.33,-1.27,-1.33,3648,2905718.00,-4.62,-2.31,-0.03,0.91
2005-04-15,-1.34,-1.36,-1.34,-1.38,4924,3768809.00,-3.01,-2.26,-0.03,1.23
2005-04-18,-1.38,-1.39,-1.36,-1.40,2925,2210281.00,-2.94,-2.21,-0.03,0.73
2005-04-19,-1.39,-1.33,-1.33,-1.40,3961,3035986.00,-5.04,4.32,0.06,0.99
2005-04-20,-1.34,-1.37,-1.34,-1.37,2757,2119089.00,-2.26,-3.01,-0.04,0.69
2005-04-21,-1.37,-1.36,-1.35,-1.38,3431,2632755.00,-2.19,0.73,0.01,0.86
2005-04-22,-1.39,-1.50,-1.39,-1.50,14328,10078180.00,-8.09,-10.29,-0.14,3.58
2005-04-25,-1.50,-1.52,-1.49,-1.57,5881,3926904.00,-5.33,-1.33,-0.02,1.47
2005-04-26,-1.55,-1.52,-1.50,-1.56,3886,2635658.00,-3.95,0.00,0.00,0.97
2005-04-27,-1.51,-1.56,-1.51,-1.56,3223,2158474.00,-3.29,-2.63,-0.04,0.81
2005-04-28,-1.56,-1.50,-1.49,-1.56,5160,3524458.00,-4.49,3.85,0.06,1.29
2005-05-09,-1.56,-1.54,-1.51,-1.56,2333,1573292.00,-3.33,-2.67,-0.04,0.58
2005-05-10,-1.55,-1.58,-1.55,-1.66,4379,2770538.00,-7.14,-2.60,-0.04,1.09
2005-05-11,-1.58,-1.62,-1.58,-1.63,3677,2303489.00,-3.16,-2.53,-0.04,0.92
2005-05-12,-1.63,-1.62,-1.61,-1.64,2278,1424182.00,-1.85,0.00,0.00,0.57
2005-05-13,-1.62,-1.60,-1.59,-1.63,2068,1310716.00,-2.47,1.23,0.02,0.52
2005-05-16,-1.64,-1.64,-1.62,-1.65,1804,1114175.00,-1.88,-2.50,-0.04,0.45
2005-05-17,-1.64,-1.60,-1.60,-1.64,2327,1469211.00,-2.44,2.44,0.04,0.58
2005-05-18,-1.61,-1.60,-1.60,-1.62,1499,948245.00,-1.25,0.00,0.00,0.37
2005-05-19,-1.60,-1.59,-1.59,-1.62,1781,1133896.00,-1.88,0.63,0.01,0.45
2005-05-20,-1.59,-1.62,-1.59,-1.62,2177,1389380.00,-1.89,-1.89,-0.03,0.54
2005-05-24,-1.67,-1.62,-1.62,-1.67,2225,1365464.00,-3.09,0.00,0.00,0.56
2005-05-25,-1.63,-1.63,-1.61,-1.64,1659,1029983.00,-1.85,-0.62,-0.01,0.41
2005-05-26,-1.64,-1.64,-1.62,-1.64,1325,822284.00,-1.23,-0.61,-0.01,0.33
2005-05-27,-1.64,-1.64,-1.62,-1.65,1583,981185.00,-1.83,0.00,0.00,0.40
2005-05-30,-1.64,-1.62,-1.61,-1.64,996,623440.00,-1.83,1.22,0.02,0.25
2005-05-31,-1.62,-1.60,-1.60,-1.62,2794,1773569.00,-1.23,1.23,0.02,0.70
2005-06-01,-1.60,-1.64,-1.60,-1.64,1857,1154922.00,-2.50,-2.50,-0.04,0.46
2005-06-02,-1.64,-1.65,-1.63,-1.66,2363,1441239.00,-1.83,-0.61,-0.01,0.59
2005-06-03,-1.66,-1.65,-1.64,-1.66,1232,751829.00,-1.21,0.00,0.00,0.31
2005-06-06,-1.65,-1.62,-1.62,-1.66,1992,1225255.00,-2.42,1.82,0.03,0.50
2005-06-07,-1.60,-1.60,-1.57,-1.61,6382,4102550.00,-2.47,1.23,0.02,1.60
2005-06-08,-1.60,-1.51,-1.50,-1.62,9973,6670806.00,-7.50,5.63,0.09,2.49
2005-06-09,-1.45,-1.50,-1.45,-1.51,8874,6225925.00,-3.97,0.66,0.01,2.22
2005-06-10,-1.50,-1.54,-1.50,-1.55,5678,3831083.00,-3.33,-2.67,-0.04,1.42
2005-06-13,-1.54,-1.53,-1.52,-1.56,2905,1953885.00,-2.60,0.65,0.01,0.73
2005-06-14,-1.51,-1.55,-1.51,-1.55,2324,1568632.00,-2.61,-1.31,-0.02,0.58
2005-06-15,-1.55,-1.58,-1.55,-1.58,2252,1471156.00,-1.94,-1.94,-0.03,0.56
2005-06-16,-1.58,-1.56,-1.56,-1.60,1875,1223587.00,-2.53,1.27,0.02,0.47
2005-06-17,-1.55,-1.56,-1.55,-1.57,1672,1100152.00,-1.28,0.00,0.00,0.42
2005-06-20,-1.57,-1.51,-1.51,-1.61,5565,3743842.00,-6.41,3.21,0.05,1.39
2005-06-21,-1.51,-1.51,-1.51,-1.55,3717,2530633.00,-2.65,0.00,0.00,0.93
2005-06-22,-1.52,-1.48,-1.48,-1.53,5403,3736640.00,-3.31,1.99,0.03,1.35
2005-06-23,-1.48,-1.49,-1.48,-1.51,3306,2302083.00,-2.03,-0.68,-0.01,0.83
2005-06-24,-1.49,-1.49,-1.49,-1.52,2738,1890011.00,-2.01,0.00,0.00,0.68
2005-06-27,-1.47,-1.47,-1.45,-1.48,5579,3902097.00,-2.01,1.34,0.02,1.39
2005-06-28,-1.46,-1.48,-1.46,-1.49,3203,2210572.00,-2.04,-0.68,-0.01,0.80
2005-06-29,-1.48,-1.47,-1.45,-1.48,3229,2258200.00,-2.03,0.68,0.01,0.81
2005-06-30,-1.49,-1.50,-1.47,-1.51,2779,1896582.00,-2.72,-2.04,-0.03,0.69
2005-07-01,-1.50,-1.53,-1.47,-1.53,1939,1304733.00,-4.00,-2.00,-0.03,0.48
2005-07-04,-1.55,-1.55,-1.55,-1.58,1346,868079.00,-1.96,-1.31,-0.02,0.34
2005-07-05,-1.56,-1.55,-1.55,-1.57,1049,680003.00,-1.29,0.00,0.00,0.26
2005-07-06,-1.56,-1.56,-1.54,-1.56,679,440165.00,-1.29,-0.65,-0.01,0.17
2005-07-07,-1.57,-1.55,-1.55,-1.57,536,347617.00,-1.28,0.64,0.01,0.13
2005-07-08,-1.55,-1.61,-1.55,-1.61,1814,1138440.00,-3.87,-3.87,-0.06,0.45
2005-07-11,-1.57,-1.63,-1.55,-1.63,942,591622.00,-4.97,-1.24,-0.02,0.24
2005-07-12,-1.64,-1.58,-1.56,-1.64,1191,748415.00,-4.91,3.07,0.05,0.30
2005-07-13,-1.55,-1.53,-1.48,-1.55,8031,5405290.00,-4.43,3.16,0.05,2.01
2005-07-14,-1.54,-1.54,-1.51,-1.55,2801,1851644.00,-2.61,-0.65,-0.01,0.70
2005-07-15,-1.53,-1.59,-1.53,-1.60,2727,1747713.00,-4.55,-3.25,-0.05,0.68
2005-07-18,-1.62,-1.60,-1.59,-1.62,1289,801789.00,-1.89,-0.63,-0.01,0.32
2005-07-19,-1.61,-1.60,-1.59,-1.63,735,458074.00,-2.50,0.00,0.00,0.18
2005-07-20,-1.61,-1.59,-1.59,-1.61,913,574105.00,-1.25,0.63,0.01,0.23
2005-07-21,-1.59,-1.61,-1.59,-1.61,2057,1281275.00,-1.26,-1.26,-0.02,0.51
2005-07-22,-1.51,-1.58,-1.51,-1.61,3225,2084720.00,-6.21,1.86,0.03,0.81
2005-07-25,-1.58,-1.60,-1.58,-1.60,1991,1253078.00,-1.27,-1.27,-0.02,0.50
2005-07-26,-1.60,-1.56,-1.56,-1.60,2880,1848700.00,-2.50,2.50,0.04,0.72
2005-07-27,-1.57,-1.54,-1.54,-1.57,2461,1600407.00,-1.92,1.28,0.02,0.62
2005-07-28,-1.54,-1.55,-1.53,-1.55,3026,1990743.00,-1.30,-0.65,-0.01,0.76
2005-07-29,-1.55,-1.56,-1.55,-1.57,1546,996926.00,-1.29,-0.65,-0.01,0.39
2005-08-02,-1.55,-1.52,-1.51,-1.56,6434,4256974.00,-3.21,2.56,0.04,1.61
2005-08-03,-1.52,-1.51,-1.49,-1.52,12131,8245610.00,-1.97,0.66,0.01,3.03
2005-08-04,-1.53,-1.54,-1.53,-1.55,6956,4580504.00,-1.32,-1.99,-0.03,1.74
2005-08-05,-1.55,-1.51,-1.51,-1.55,10854,7239026.00,-2.60,1.95,0.03,2.71
2005-08-08,-1.51,-1.50,-1.49,-1.51,10763,7315540.00,-1.32,0.66,0.01,2.69
2005-08-09,-1.50,-1.49,-1.49,-1.52,10286,6934907.00,-2.00,0.67,0.01,2.57
2005-08-10,-1.49,-1.48,-1.47,-1.51,8745,5991870.00,-2.68,0.67,0.01,2.19
2005-08-11,-1.49,-1.46,-1.46,-1.49,11592,8024967.00,-2.03,1.35,0.02,2.90
2005-08-12,-1.46,-1.50,-1.46,-1.51,8856,6112389.00,-3.42,-2.74,-0.04,2.21
2005-08-15,-1.50,-1.45,-1.45,-1.51,9435,6573615.00,-4.00,3.33,0.05,2.36
2005-08-16,-1.44,-1.44,-1.41,-1.45,14372,10304429.00,-2.76,0.69,0.01,3.59
2005-08-17,-1.44,-1.40,-1.38,-1.48,15081,10853863.00,-6.94,2.78,0.04,3.77
2005-08-18,-1.40,-1.46,-1.37,-1.46,19557,14366878.00,-6.43,-4.29,-0.06,4.89
2005-08-19,-1.46,-1.50,-1.46,-1.51,11470,7829605.00,-3.42,-2.74,-0.04,2.87
2005-08-22,-1.50,-1.47,-1.46,-1.51,5504,3791015.00,-3.33,2.00,0.03,1.38
2005-08-23,-1.49,-1.46,-1.44,-1.49,8608,6030234.00,-3.40,0.68,0.01,2.15
2005-08-24,-1.45,-1.43,-1.42,-1.46,10754,7668317.00,-2.74,2.05,0.03,2.69
2005-08-25,-1.43,-1.42,-1.40,-1.45,11706,8475831.00,-3.50,0.70,0.01,2.93
2005-08-26,-1.42,-1.43,-1.42,-1.44,5611,4020606.00,-1.41,-0.70,-0.01,1.40
2005-08-29,-1.43,-1.46,-1.43,-1.47,4956,3512108.00,-2.80,-2.10,-0.03,1.24
2005-08-30,-1.47,-1.48,-1.45,-1.48,3149,2202346.00,-2.05,-1.37,-0.02,0.79
2005-08-31,-1.48,-1.46,-1.45,-1.48,3074,2153917.00,-2.03,1.35,0.02,0.77
2005-09-01,-1.46,-1.44,-1.43,-1.47,6172,4394409.00,-2.74,1.37,0.02,1.54
2005-09-02,-1.39,-1.42,-1.39,-1.43,10556,7673497.00,-2.78,1.39,0.02,2.64
2005-09-05,-1.42,-1.41,-1.41,-1.44,6451,4660925.00,-2.11,0.70,0.01,1.61
2005-09-06,-1.41,-1.45,-1.40,-1.46,5771,4153855.00,-4.26,-2.84,-0.04,1.44
2005-09-07,-1.46,-1.40,-1.40,-1.46,7965,5722148.00,-4.14,3.45,0.05,1.99
2005-09-08,-1.40,-1.40,-1.38,-1.42,9942,7306632.00,-2.86,0.00,0.00,2.49
2005-09-09,-1.40,-1.42,-1.39,-1.43,4909,3575195.00,-2.86,-1.43,-0.02,1.23
2005-09-12,-1.41,-1.41,-1.41,-1.42,4014,2917099.00,-0.70,0.70,0.01,1.00
2005-09-13,-1.41,-1.37,-1.36,-1.41,11996,8946850.00,-3.55,2.84,0.04,3.00
2005-09-14,-1.37,-1.36,-1.36,-1.39,10061,7544492.00,-2.19,0.73,0.01,2.52
2005-09-15,-1.36,-1.36,-1.35,-1.38,7534,5685279.00,-2.21,0.00,0.00,1.88
2005-09-16,-1.36,-1.35,-1.33,-1.37,10390,7926786.00,-2.94,0.74,0.01,2.60
2005-09-19,-1.35,-1.34,-1.33,-1.36,6999,5361257.00,-2.22,0.74,0.01,1.75
2005-09-20,-1.34,-1.38,-1.33,-1.38,9849,7394242.00,-3.73,-2.99,-0.04,2.46
2005-09-21,-1.38,-1.39,-1.37,-1.40,6215,4623218.00,-2.17,-0.72,-0.01,1.55
2005-09-22,-1.40,-1.43,-1.40,-1.46,7298,5258601.00,-4.32,-2.88,-0.04,1.82
2005-09-23,-1.43,-1.44,-1.42,-1.45,3420,2440543.00,-2.10,-0.70,-0.01,0.85
2005-09-26,-1.44,-1.42,-1.42,-1.45,3188,2276565.00,-2.08,1.39,0.02,0.80
2005-09-27,-1.41,-1.43,-1.39,-1.44,4156,3010403.00,-3.52,-0.70,-0.01,1.04
2005-09-28,-1.43,-1.44,-1.42,-1.45,2447,1751373.00,-2.10,-0.70,-0.01,0.61
2005-09-29,-1.44,-1.42,-1.41,-1.44,3292,2383690.00,-2.08,1.39,0.02,0.82
2005-09-30,-1.42,-1.42,-1.42,-1.44,2876,2071721.00,-1.41,0.00,0.00,0.72
2005-10-10,-1.43,-1.46,-1.43,-1.46,3092,2189262.00,-2.11,-2.82,-0.04,0.77
2005-10-11,-1.46,-1.43,-1.43,-1.47,3089,2182676.00,-2.74,2.05,0.03,0.77
2005-10-12,-1.44,-1.42,-1.42,-1.44,3017,2165746.00,-1.40,0.70,0.01,0.75
2005-10-13,-1.44,-1.44,-1.42,-1.44,1833,1312155.00,-1.41,-1.41,-0.02,0.46
2005-10-14,-1.44,-1.44,-1.43,-1.45,2001,1423021.00,-1.39,0.00,0.00,0.50
2005-10-17,-1.46,-1.49,-1.46,-1.51,5830,3994398.00,-3.47,-3.47,-0.05,1.46
2005-10-18,-1.49,-1.47,-1.47,-1.49,3477,2415833.00,-1.34,1.34,0.02,0.87
2005-10-19,-1.47,-1.45,-1.44,-1.47,4614,3254741.00,-2.04,1.36,0.02,1.15
2005-10-20,-1.48,-1.46,-1.46,-1.48,1504,1047472.00,-1.38,-0.69,-0.01,0.38
2005-10-21,-1.43,-1.33,-1.33,-1.43,42608,32234516.00,-6.85,8.90,0.13,10.65
2005-10-24,-1.33,-1.32,-1.31,-1.38,31731,24259313.00,-5.26,0.75,0.01,7.93
2005-10-25,-1.33,-1.36,-1.28,-1.37,13618,10438500.00,-6.82,-3.03,-0.04,3.40
2005-10-26,-1.36,-1.36,-1.35,-1.41,16073,12009945.00,-4.41,0.00,0.00,4.02
2005-10-27,-1.35,-1.31,-1.31,-1.38,40742,31492209.00,-5.15,3.68,0.05,10.19
2005-10-28,-1.31,-1.38,-1.30,-1.40,23099,17452380.00,-7.63,-5.34,-0.07,5.77
2005-10-31,-1.37,-1.38,-1.35,-1.42,13276,9872236.00,-5.07,0.00,0.00,3.32
2005-11-01,-1.37,-1.33,-1.32,-1.37,20452,15654968.00,-3.62,3.62,0.05,5.11
2005-11-02,-1.33,-1.35,-1.30,-1.36,31112,24168456.00,-4.51,-1.50,-0.02,7.78
2005-11-03,-1.35,-1.29,-1.24,-1.38,34429,27030265.00,-10.37,4.44,0.06,8.61
2005-11-04,-1.29,-1.29,-1.28,-1.32,17498,13828234.00,-3.10,0.00,0.00,4.37
2005-11-07,-1.30,-1.31,-1.30,-1.34,9821,7640062.00,-3.10,-1.55,-0.02,2.46
2005-11-08,-1.32,-1.29,-1.29,-1.33,9645,7584049.00,-3.05,1.53,0.02,2.41
2005-11-09,-1.29,-1.34,-1.29,-1.35,10371,8051333.00,-4.65,-3.88,-0.05,2.59
2005-11-10,-1.35,-1.42,-1.35,-1.42,13031,9680160.00,-5.22,-5.97,-0.08,3.26
2005-11-11,-1.43,-1.44,-1.41,-1.45,7863,5638137.00,-2.82,-1.41,-0.02,1.97
2005-11-14,-1.44,-1.42,-1.42,-1.46,3903,2806692.00,-2.78,1.39,0.02,0.98
2005-11-15,-1.42,-1.44,-1.40,-1.44,4815,3476314.00,-2.82,-1.41,-0.02,1.20
2005-11-16,-1.45,-1.43,-1.42,-1.46,4637,3291025.00,-2.78,0.69,0.01,1.16
2005-11-17,-1.43,-1.43,-1.42,-1.44,2969,2131165.00,-1.40,0.00,0.00,0.74
2005-11-18,-1.42,-1.40,-1.40,-1.44,7983,5821129.00,-2.80,2.10,0.03,2.00
2005-11-21,-1.41,-1.40,-1.39,-1.41,3712,2728917.00,-1.43,0.00,0.00,0.93
2005-11-22,-1.39,-1.43,-1.39,-1.44,3847,2791094.00,-3.57,-2.14,-0.03,0.96
2005-11-23,-1.44,-1.44,-1.42,-1.44,2957,2122173.00,-1.40,-0.70,-0.01,0.74
2005-11-24,-1.43,-1.42,-1.41,-1.43,2148,1550544.00,-1.39,1.39,0.02,0.54
2005-11-25,-1.43,-1.43,-1.41,-1.44,1497,1076707.00,-2.11,-0.70,-0.01,0.37
2005-11-29,-1.44,-1.46,-1.43,-1.46,4133,2922382.00,-2.10,-2.10,-0.03,1.03
2005-11-30,-1.46,-1.44,-1.44,-1.46,2668,1883830.00,-1.37,1.37,0.02,0.67
2005-12-01,-1.45,-1.45,-1.44,-1.46,1442,1018799.00,-1.39,-0.69,-0.01,0.36
2005-12-02,-1.46,-1.49,-1.44,-1.49,6823,4727715.00,-3.45,-2.76,-0.04,1.71
2005-12-05,-1.48,-1.52,-1.48,-1.52,3572,2409971.00,-2.68,-2.01,-0.03,0.89
2005-12-06,-1.52,-1.52,-1.51,-1.53,3786,2527334.00,-1.32,0.00,0.00,0.95
2005-12-07,-1.52,-1.51,-1.49,-1.53,2367,1599702.00,-2.63,0.66,0.01,0.59
2005-12-08,-1.50,-1.51,-1.50,-1.51,1463,990156.00,-0.66,0.00,0.00,0.37
2005-12-09,-1.51,-1.49,-1.49,-1.51,2486,1691612.00,-1.32,1.32,0.02,0.62
2005-12-12,-1.49,-1.49,-1.48,-1.50,2364,1624163.00,-1.34,0.00,0.00,0.59
2005-12-13,-1.49,-1.49,-1.49,-1.51,2851,1944280.00,-1.34,0.00,0.00,0.71
2005-12-14,-1.49,-1.48,-1.47,-1.49,4191,2902004.00,-1.34,0.67,0.01,1.05
2005-12-15,-1.47,-1.49,-1.47,-1.49,2917,2016227.00,-1.35,-0.68,-0.01,0.73
2005-12-16,-1.50,-1.48,-1.48,-1.50,2189,1498331.00,-1.34,0.67,0.01,0.55
2005-12-19,-1.51,-1.49,-1.48,-1.51,1615,1105685.00,-2.03,-0.68,-0.01,0.40
2005-12-20,-1.49,-1.49,-1.48,-1.50,1713,1171998.00,-1.34,0.00,0.00,0.43
2005-12-21,-1.49,-1.49,-1.48,-1.50,2117,1449471.00,-1.34,0.00,0.00,0.53
2005-12-22,-1.50,-1.50,-1.50,-1.51,2915,1975152.00,-0.67,-0.67,-0.01,0.73
2005-12-23,-1.49,-1.48,-1.48,-1.49,4235,2916673.00,-0.67,1.33,0.02,1.06
2005-12-26,-1.48,-1.47,-1.47,-1.49,5920,4111582.00,-1.35,0.68,0.01,1.48
2005-12-27,-1.47,-1.47,-1.47,-1.49,2819,1952431.00,-1.36,0.00,0.00,0.70
2005-12-28,-1.48,-1.49,-1.47,-1.50,3693,2538853.00,-2.04,-1.36,-0.02,0.92
2005-12-29,-1.49,-1.46,-1.46,-1.49,8357,5813216.00,-2.01,2.01,0.03,2.09
2005-12-30,-1.45,-1.47,-1.45,-1.48,3840,2681892.00,-2.05,-0.68,-0.01,0.96