2004-01-02,3.25,3.25,3.29,3.22,1308,1216581.00,2.15,0.00,0.00,0.99
2004-01-05,3.28,3.25,3.29,3.23,1816,1692118.00,1.85,0.00,0.00,1.38
2004-01-06,3.25,3.29,3.39,3.25,2130,1998727.00,4.31,1.23,0.04,1.61
2004-01-07,3.30,3.29,3.30,3.22,2627,2453805.00,2.43,0.00,0.00,1.99
2004-01-08,3.33,3.46,3.49,3.29,3988,3852597.00,6.08,5.17,0.17,3.02
2004-01-09,3.43,3.50,3.77,3.43,6448,6464926.00,9.83,1.16,0.04,4.88
2004-01-12,3.49,3.48,3.56,3.37,2419,2362297.00,5.43,-0.57,-0.02,1.83
2004-01-13,3.44,3.62,3.69,3.44,2931,2928409.00,7.18,4.02,0.14,2.22
2004-01-14,3.62,3.55,3.68,3.49,1705,1686450.00,5.25,-1.93,-0.07,1.29
2004-01-15,3.55,3.45,3.59,3.43,1615,1579998.00,4.51,-2.82,-0.10,1.22
2004-01-16,3.45,3.47,3.53,3.44,1386,1351518.00,2.61,0.58,0.02,1.05
2004-01-29,3.47,3.62,3.62,3.47,1931,1927675.00,4.32,4.32,0.15,1.46
2004-01-30,3.63,3.64,3.70,3.58,3174,3208774.00,3.31,0.55,0.02,2.40
2004-02-02,3.69,3.76,3.76,3.59,3392,3462408.00,4.67,3.30,0.12,2.57
2004-02-03,3.74,3.85,3.86,3.69,4546,4727476.00,4.52,2.39,0.09,3.44
2004-02-04,3.85,4.08,4.17,3.79,8131,8771968.00,9.87,5.97,0.23,6.16
2004-02-05,4.14,4.15,4.37,4.07,12178,13622254.00,7.35,1.72,0.07,9.23
2004-02-06,4.17,4.13,4.34,4.05,5844,6538244.00,6.99,-0.48,-0.02,4.43
2004-02-09,4.08,4.16,4.22,4.08,3710,4115325.00,3.39,0.73,0.03,2.81
2004-02-10,4.14,4.26,4.33,4.12,8428,9547246.00,5.05,2.40,0.10,6.38
2004-02-11,4.26,4.07,4.29,4.03,4550,5026703.00,6.10,-4.46,-0.19,3.45
2004-02-12,4.08,4.10,4.14,4.02,3017,3306164.00,2.95,0.74,0.03,2.29
2004-02-13,4.14,3.97,4.18,3.89,2970,3229336.00,7.07,-3.17,-0.13,2.25
2004-02-16,3.94,4.11,4.13,3.94,3136,3439657.00,4.79,3.53,0.14,2.38
2004-02-17,4.14,4.17,4.21,4.07,3964,4396895.00,3.41,1.46,0.06,3.00
2004-02-18,4.18,4.46,4.48,4.14,10422,12007824.00,8.15,6.95,0.29,7.90
2004-02-19,4.53,4.37,4.58,4.33,6775,7878292.00,5.61,-2.02,-0.09,5.13
2004-02-20,4.38,4.48,4.52,4.38,5558,6529185.00,3.20,2.52,0.11,4.21
2004-02-23,4.54,4.50,4.77,4.48,8336,10026929.00,6.47,0.45,0.02,6.31
2004-02-24,4.48,4.75,4.76,4.45,10087,12141252.00,6.89,5.56,0.25,7.64
2004-02-25,4.84,4.46,4.94,4.45,10584,13012666.00,10.32,-6.11,-0.29,8.02
2004-02-26,4.43,4.23,4.52,4.10,5813,6619525.00,9.42,-5.16,-0.23,4.40
2004-02-27,4.19,4.36,4.38,4.14,2798,3187862.00,5.67,3.07,0.13,2.12
2004-03-01,4.42,4.67,4.72,4.42,7990,9614037.00,6.88,7.11,0.31,6.05
2004-03-02,4.58,4.56,4.69,4.41,3751,4450789.00,6.00,-2.36,-0.11,2.84
2004-03-03,4.51,4.51,4.59,4.42,2576,3027396.00,3.73,-1.10,-0.05,1.95
2004-03-04,4.49,4.62,4.62,4.35,4364,5184614.00,5.99,2.44,0.11,3.31
2004-03-05,4.63,4.56,4.84,4.54,6409,7861113.00,6.49,-1.30,-0.06,4.86
2004-03-08,4.57,4.68,4.84,4.54,5663,6900062.00,6.58,2.63,0.12,4.29
2004-03-09,4.62,4.62,4.78,4.52,6432,7815842.00,5.56,-1.28,-0.06,4.87
2004-03-10,4.57,4.68,4.77,4.52,3381,4099052.00,5.41,1.30,0.06,2.56
2004-03-11,4.65,4.57,4.72,4.54,3725,4462883.00,3.85,-2.35,-0.11,2.82
2004-03-12,4.57,4.50,4.58,4.44,2365,2792981.00,3.06,-1.53,-0.07,1.79
2004-03-15,4.45,4.51,4.56,4.42,2039,2402607.00,3.11,0.22,0.01,1.54
2004-03-16,4.51,4.50,4.57,4.47,1570,1854866.00,2.22,-0.22,-0.01,1.19
2004-03-17,4.48,4.43,4.50,4.38,2364,2758293.00,2.67,-1.56,-0.07,1.79
2004-03-18,4.40,4.44,4.54,4.40,2502,2935112.00,3.16,0.23,0.01,1.90
2004-03-19,4.44,4.47,4.49,4.39,1773,2067900.00,2.25,0.68,0.03,1.34
2004-03-22,4.47,4.50,4.53,4.44,1827,2156518.00,2.01,0.67,0.03,1.38
2004-03-23,4.53,4.52,4.53,4.47,1282,1514219.00,1.33,0.44,0.02,0.97
2004-03-24,4.51,4.60,4.64,4.51,2451,2939965.00,2.88,1.77,0.08,1.86
2004-03-25,4.59,4.49,4.64,4.44,1249,1481050.00,4.35,-2.39,-0.11,0.95
2004-03-26,4.63,4.47,4.63,4.46,1668,1974938.00,3.79,-0.45,-0.02,1.26
2004-03-29,4.47,4.26,4.47,4.22,3777,4322816.00,5.59,-4.70,-0.21,2.86
2004-03-30,4.22,4.39,4.41,4.22,1846,2118795.00,4.46,3.05,0.13,1.40
2004-03-31,4.39,4.38,4.43,4.29,1800,2075219.00,3.19,-0.23,-0.01,1.36
2004-04-01,4.39,4.35,4.43,4.32,1508,1742761.00,2.51,-0.68,-0.03,1.14
2004-04-02,4.36,4.48,4.64,4.35,3917,4633347.00,6.67,2.99,0.13,2.97
2004-04-05,4.44,4.68,4.69,4.44,6141,7379703.00,5.58,4.46,0.20,4.65
2004-04-06,4.67,4.62,4.68,4.54,2446,2941633.00,2.99,-1.28,-0.06,1.85
2004-04-07,4.62,4.58,4.62,4.54,2689,3213911.00,1.73,-0.87,-0.04,2.04
2004-04-08,4.54,4.55,4.64,4.54,1493,1790253.00,2.18,-0.66,-0.03,1.13
2004-04-09,4.57,4.36,4.58,4.30,2851,3361528.00,6.15,-4.18,-0.19,2.16
2004-04-12,4.32,4.39,4.41,4.27,1432,1642228.00,3.21,0.69,0.03,1.08
2004-04-13,4.35,4.28,4.42,4.28,1324,1518125.00,3.19,-2.51,-0.11,1.00
2004-04-14,4.27,4.06,4.28,3.99,2613,2896375.00,6.78,-5.14,-0.22,1.98
2004-04-15,4.07,3.90,4.08,3.90,1625,1760200.00,4.43,-3.94,-0.16,1.23
2004-04-16,3.90,3.88,3.99,3.72,1653,1730876.00,6.92,-0.51,-0.02,1.25
2004-04-19,3.85,3.75,3.92,3.74,926,967914.00,4.64,-3.35,-0.13,0.70
2004-04-20,3.72,3.83,3.83,3.65,1277,1316094.00,4.80,2.13,0.08,0.97
2004-04-21,3.73,3.78,3.89,3.72,748,781573.00,4.44,-1.31,-0.05,0.57
2004-04-22,3.79,3.86,3.89,3.76,1356,1420027.00,3.44,2.12,0.08,1.03
2004-04-23,3.88,3.86,3.99,3.85,2017,2149261.00,3.63,0.00,0.00,1.53
2004-04-26,3.86,3.75,3.86,3.74,817,846083.00,3.11,-2.85,-0.11,0.62
2004-04-27,3.76,3.80,3.86,3.69,847,872916.00,4.53,1.33,0.05,0.64
2004-04-28,3.74,3.79,3.83,3.74,519,540307.00,2.37,-0.26,-0.01,0.39
2004-04-29,3.62,3.65,3.79,3.62,669,680458.00,4.49,-3.69,-0.14,0.51
2004-04-30,3.65,3.57,3.74,3.46,1041,1043299.00,7.67,-2.19,-0.08,0.79
2004-05-10,3.55,3.42,3.55,3.42,519,505782.00,3.64,-4.20,-0.15,0.39
2004-05-11,3.41,3.48,3.52,3.41,244,236634.00,3.22,1.75,0.06,0.18
2004-05-12,3.33,3.58,3.59,3.32,639,627758.00,7.76,2.87,0.10,0.48
2004-05-13,3.54,3.52,3.59,3.49,473,466973.00,2.79,-1.68,-0.06,0.36
2004-05-14,3.45,3.46,3.50,3.38,401,388912.00,3.41,-1.70,-0.06,0.30
2004-05-17,3.49,3.44,3.49,3.38,404,391759.00,3.18,-0.58,-0.02,0.31
2004-05-18,3.47,3.63,3.79,3.47,3185,3224218.00,9.30,5.52,0.19,2.41
2004-05-19,3.62,3.68,3.71,3.55,2642,2672355.00,4.41,1.38,0.05,2.00
2004-05-20,3.67,3.57,3.68,3.55,489,490375.00,3.53,-2.99,-0.11,0.37
2004-05-21,3.64,3.59,3.64,3.55,295,293525.00,2.52,0.56,0.02,0.22
2004-05-24,3.61,3.59,3.64,3.56,363,363465.00,2.23,0.00,0.00,0.28
2004-05-25,3.55,3.42,3.55,3.41,409,401117.00,3.90,-4.74,-0.17,0.31
2004-05-26,3.41,3.45,3.53,3.38,428,416165.00,4.39,0.88,0.03,0.32
2004-05-27,3.45,3.56,3.58,3.44,488,481307.00,4.06,3.19,0.11,0.37
2004-05-28,3.47,3.53,3.58,3.47,273,268192.00,3.09,-0.84,-0.03,0.21
2004-05-31,3.52,3.52,3.54,3.44,416,407586.00,2.83,-0.28,-0.01,0.32
2004-06-01,3.54,3.65,3.66,3.54,1226,1233135.00,3.41,3.69,0.13,0.93
2004-06-02,3.78,4.00,4.16,3.69,12777,13827182.00,12.88,9.59,0.35,9.68
2004-06-04,3.79,3.74,3.89,3.73,4261,4434974.00,4.00,-6.50,-0.26,3.23
2004-06-07,3.72,3.74,3.79,3.68,1409,1448278.00,2.94,0.00,0.00,1.07
2004-06-08,3.72,3.62,3.76,3.58,1398,1408336.00,4.81,-3.21,-0.12,1.06
2004-06-09,3.62,3.39,3.63,3.37,1673,1634945.00,7.18,-6.35,-0.23,1.27
2004-06-10,3.34,3.29,3.40,3.27,1772,1670844.00,3.83,-2.95,-0.10,1.34
2004-06-11,3.32,3.38,3.66,3.24,1135,1100960.00,12.77,2.74,0.09,0.86
2004-06-14,3.38,3.14,3.38,3.09,1342,1234246.00,8.58,-7.10,-0.24,1.02
2004-06-15,3.14,3.22,3.23,3.14,915,838517.00,2.87,2.55,0.08,0.69
2004-06-16,3.24,3.20,3.27,3.16,563,520012.00,3.42,-0.62,-0.02,0.43
2004-06-17,3.20,3.21,3.33,3.09,951,881787.00,7.50,0.31,0.01,0.72
2004-06-18,3.21,3.18,3.23,3.13,462,424076.00,3.12,-0.93,-0.03,0.35
2004-06-21,3.19,3.31,3.32,3.11,1186,1098398.00,6.60,4.09,0.13,0.90
2004-06-22,3.30,3.42,3.47,3.26,1711,1642623.00,6.34,3.32,0.11,1.30
2004-06-23,3.43,3.38,3.43,3.25,816,770762.00,5.26,-1.17,-0.04,0.62
2004-06-24,3.38,3.49,3.59,3.37,1580,1545144.00,6.51,3.25,0.11,1.20
2004-06-25,3.50,3.21,3.54,3.20,906,856711.00,9.74,-8.02,-0.28,0.69
2004-06-28,3.12,3.10,3.19,3.09,1072,970838.00,3.12,-3.43,-0.11,0.81
2004-06-29,3.12,3.04,3.18,2.86,1082,956154.00,10.32,-1.94,-0.06,0.82
2004-06-30,3.03,2.91,3.04,2.89,763,667430.00,4.93,-4.28,-0.13,0.58
2004-07-01,2.91,3.03,3.15,2.89,2057,1837933.00,8.93,4.12,0.12,1.56
2004-07-02,3.08,3.19,3.28,3.08,4170,3833021.00,6.60,5.28,0.16,3.16
2004-07-05,3.21,3.20,3.29,3.10,2521,2343815.00,5.96,0.31,0.01,1.91
2004-07-06,3.14,3.17,3.24,3.14,709,651582.00,3.13,-0.94,-0.03,0.54
2004-07-07,3.14,3.12,3.21,3.12,310,281349.00,2.84,-1.58,-0.05,0.24
2004-07-08,3.13,3.12,3.23,3.09,346,311143.00,4.49,0.00,0.00,0.26
2004-07-09,3.17,3.10,3.21,3.10,431,386898.00,3.53,-0.64,-0.02,0.33
2004-07-12,3.03,2.77,3.03,2.74,1724,1450744.00,9.35,-10.65,-0.33,1.31
2004-07-13,2.73,2.74,2.83,2.73,634,522175.00,3.61,-1.08,-0.03,0.48
2004-07-14,2.77,2.56,2.77,2.45,1015,793359.00,11.68,-6.57,-0.18,0.77
2004-07-15,2.51,2.49,2.56,2.46,1163,899679.00,3.91,-2.73,-0.07,0.88
2004-07-16,2.55,2.65,2.72,2.52,1597,1277291.00,8.03,6.43,0.16,1.21
2004-07-19,2.66,2.62,2.66,2.57,850,674759.00,3.40,-1.13,-0.03,0.64
2004-07-20,2.65,2.59,2.65,2.56,905,713364.00,3.44,-1.15,-0.03,0.69
2004-07-21,2.54,2.54,2.59,2.49,459,358556.00,3.86,-1.93,-0.05,0.35
2004-07-22,2.62,2.45,2.62,2.43,754,587147.00,7.48,-3.54,-0.09,0.57
2004-07-23,2.43,2.44,2.47,2.38,514,388881.00,3.67,-0.41,-0.01,0.39
2004-07-26,2.43,2.33,2.43,2.32,617,462288.00,4.51,-4.51,-0.11,0.47
2004-07-27,2.31,2.29,2.33,2.22,649,471902.00,4.72,-1.72,-0.04,0.49
2004-07-28,2.28,2.32,2.34,2.25,539,394497.00,3.93,1.31,0.03,0.41
2004-07-29,2.32,2.41,2.41,2.29,602,449794.00,5.17,3.88,0.09,0.46
2004-07-30,2.41,2.30,2.42,2.30,428,318998.00,4.98,-4.56,-0.11,0.32
2004-08-02,2.30,2.26,2.31,2.24,267,195231.00,3.04,-1.74,-0.04,0.20
2004-08-03,2.28,2.34,2.45,2.27,1496,1116106.00,7.96,3.54,0.08,1.13
2004-08-04,2.29,2.71,2.71,2.29,7665,6209807.00,17.95,15.81,0.37,5.81
2004-08-05,2.71,2.72,2.87,2.63,9101,7522469.00,8.86,0.37,0.01,6.89
2004-08-06,2.70,2.70,2.73,2.57,2994,2413964.00,5.88,-0.74,-0.02,2.27
2004-08-09,2.70,2.66,2.70,2.59,889,712566.00,4.07,-1.48,-0.04,0.67
2004-08-10,2.66,2.72,2.77,2.61,1715,1401873.00,6.02,2.26,0.06,1.30
2004-08-11,2.68,2.60,2.73,2.58,842,674739.00,5.51,-4.41,-0.12,0.64
2004-08-12,2.60,2.48,2.60,2.40,1833,1408816.00,7.69,-4.62,-0.12,1.39
2004-08-13,2.48,2.46,2.60,2.43,600,462636.00,6.85,-0.81,-0.02,0.45
2004-08-16,2.44,2.35,2.45,2.30,1017,759201.00,6.10,-4.47,-0.11,0.77
2004-08-17,2.35,2.48,2.48,2.35,768,580806.00,5.53,5.53,0.13,0.58
2004-08-18,2.40,2.41,2.47,2.40,331,252193.00,2.82,-2.82,-0.07,0.25
2004-08-19,2.40,2.27,2.40,2.26,1206,883014.00,5.81,-5.81,-0.14,0.91
2004-08-20,2.27,2.06,2.28,1.94,2451,1694282.00,14.98,-9.25,-0.21,1.86
2004-08-23,2.06,2.06,2.07,2.02,469,319844.00,2.43,0.00,0.00,0.36
2004-08-24,2.15,2.15,2.17,2.04,911,638218.00,6.31,4.37,0.09,0.69
2004-08-25,2.15,2.17,2.26,2.08,1091,774347.00,8.37,0.93,0.02,0.83
2004-08-26,2.20,2.21,2.33,2.20,1175,852704.00,5.99,1.84,0.04,0.89
2004-08-27,2.17,2.13,2.17,1.98,500,347030.00,8.60,-3.62,-0.08,0.38
2004-08-30,2.10,2.20,2.24,2.08,276,195368.00,7.51,3.29,0.07,0.21
2004-08-31,2.28,2.28,2.38,2.24,1251,919588.00,6.36,3.64,0.08,0.95
2004-09-01,2.23,2.22,2.30,2.19,341,245392.00,4.82,-2.63,-0.06,0.26
2004-09-02,2.22,2.26,2.29,2.16,508,365570.00,5.86,1.80,0.04,0.38
2004-09-03,2.26,2.23,2.29,2.21,297,215452.00,3.54,-1.33,-0.03,0.23
2004-09-06,2.20,2.18,2.20,2.07,929,652803.00,5.83,-2.24,-0.05,0.70
2004-09-07,2.18,2.17,2.20,2.13,422,297504.00,3.21,-0.46,-0.01,0.32
2004-09-08,2.17,2.18,2.21,2.11,295,208578.00,4.61,0.46,0.01,0.22
2004-09-09,2.13,2.13,2.18,2.08,469,328252.00,4.59,-2.29,-0.05,0.36
2004-09-10,2.12,2.12,2.15,2.09,210,147000.00,2.82,-0.47,-0.01,0.16
2004-09-13,2.12,2.07,2.15,2.00,583,399601.00,7.08,-2.36,-0.05,0.44
2004-09-14,2.00,2.20,2.24,2.00,1440,1024327.00,11.59,6.28,0.13,1.09
2004-09-15,2.21,2.36,2.42,2.21,3402,2528000.00,9.55,7.27,0.16,2.58
2004-09-16,2.39,2.46,2.51,2.33,3921,2989388.00,7.63,4.24,0.10,2.97
2004-09-17,2.47,2.55,2.57,2.42,3389,2636356.00,6.10,3.66,0.09,2.57
2004-09-20,2.57,2.81,2.91,2.56,4705,3884653.00,13.73,10.20,0.26,3.56
2004-09-21,3.13,2.81,3.13,2.74,4366,3696105.00,13.88,0.00,0.00,3.31
2004-09-22,2.83,2.65,2.85,2.63,4146,3362300.00,7.83,-5.69,-0.16,3.14
2004-09-23,2.65,2.73,2.74,2.53,1863,1492434.00,7.92,3.02,0.08,1.41
2004-09-24,2.74,2.58,2.78,2.58,3601,2920690.00,7.33,-5.49,-0.15,2.73
2004-09-27,2.58,2.53,2.70,2.52,1483,1176552.00,6.98,-1.94,-0.05,1.12
2004-09-28,2.48,2.49,2.55,2.48,734,568838.00,2.77,-1.58,-0.04,0.56
2004-09-29,2.51,2.50,2.54,2.48,561,434917.00,2.41,0.40,0.01,0.42
2004-09-30,2.48,2.38,2.49,2.38,725,553730.00,4.40,-4.80,-0.12,0.55
2004-10-08,2.38,2.52,2.54,2.36,503,384266.00,7.56,5.88,0.14,0.38
2004-10-11,2.54,2.59,2.70,2.48,2167,1707694.00,8.73,2.78,0.07,1.64
2004-10-12,2.48,2.49,2.57,2.44,766,592476.00,5.02,-3.86,-0.10,0.58
2004-10-13,2.57,2.49,2.57,2.43,572,438765.00,5.62,0.00,0.00,0.43
2004-10-14,2.47,2.21,2.48,2.21,1114,821750.00,10.84,-11.24,-0.28,0.84
2004-10-15,2.18,2.18,2.28,2.13,1000,709883.00,6.79,-1.36,-0.03,0.76
2004-10-18,2.26,2.20,2.26,2.18,444,317048.00,3.67,0.92,0.02,0.34
2004-10-19,2.28,2.21,2.28,2.18,345,248974.00,4.55,0.45,0.01,0.26
2004-10-20,2.19,2.16,2.27,2.09,333,234538.00,8.14,-2.26,-0.05,0.25
2004-10-21,2.10,2.06,2.17,2.06,932,651099.00,5.09,-4.63,-0.10,0.71
2004-10-22,2.06,2.08,2.12,1.98,996,679513.00,6.80,0.97,0.02,0.75
2004-10-25,2.14,2.08,2.18,2.08,653,455163.00,4.81,0.00,0.00,0.49
2004-10-26,2.02,2.10,2.14,1.99,821,565571.00,7.21,0.96,0.02,0.62
2004-10-27,2.30,2.24,2.30,2.12,1348,969822.00,8.57,6.67,0.14,1.02
2004-10-28,2.16,2.20,2.35,2.13,1987,1436641.00,9.82,-1.79,-0.04,1.51
2004-10-29,2.12,2.32,2.53,2.03,2739,1966375.00,22.73,5.45,0.12,2.08
2004-11-01,2.23,2.21,2.26,2.20,546,392130.00,2.59,-4.74,-0.11,0.41
2004-11-02,2.14,2.19,2.20,2.14,303,214845.00,2.71,-0.90,-0.02,0.23
2004-11-03,2.14,2.24,2.24,2.14,399,285716.00,4.57,2.28,0.05,0.30
2004-11-04,2.24,2.14,2.29,2.13,801,573281.00,7.14,-4.46,-0.10,0.61
2004-11-05,2.13,2.13,2.18,2.12,537,377156.00,2.80,-0.47,-0.01,0.41
2004-11-08,2.09,2.12,2.14,2.05,717,494881.00,4.23,-0.47,-0.01,0.54
2004-11-09,2.11,2.25,2.40,2.04,2374,1729266.00,16.98,6.13,0.13,1.80
2004-11-10,2.23,2.38,2.38,2.19,2676,1970524.00,8.44,5.78,0.13,2.03
2004-11-11,2.40,2.32,2.42,2.29,1929,1439092.00,5.46,-2.52,-0.06,1.46
2004-11-12,2.32,2.31,2.33,2.24,885,647310.00,3.88,-0.43,-0.01,0.67
2004-11-15,2.29,2.38,2.47,2.29,2536,1914503.00,7.79,3.03,0.07,1.92
2004-11-16,2.38,2.34,2.38,2.28,980,724355.00,4.20,-1.68,-0.04,0.74
2004-11-17,2.33,2.32,2.34,2.25,784,572617.00,3.85,-0.85,-0.02,0.59
2004-11-18,2.35,2.43,2.45,2.31,2177,1637089.00,6.03,4.74,0.11,1.65
2004-11-19,2.53,2.58,2.73,2.49,11389,9110796.00,9.88,6.17,0.15,8.63
2004-11-22,2.58,2.66,2.68,2.48,4200,3316788.00,7.75,3.10,0.08,3.18
2004-11-23,2.65,2.73,2.80,2.51,8686,7088714.00,10.90,2.63,0.07,6.58
2004-11-24,2.74,2.51,2.75,2.45,3396,2695206.00,10.99,-8.06,-0.22,2.57
2004-11-25,2.48,2.42,2.56,2.40,2312,1761351.00,6.37,-3.59,-0.09,1.75
2004-11-26,2.42,2.42,2.48,2.38,1653,1257643.00,4.13,0.00,0.00,1.25
2004-11-29,2.40,2.35,2.52,2.30,1292,966377.00,9.09,-2.89,-0.07,0.98
2004-11-30,2.35,2.37,2.37,2.33,829,616942.00,1.70,0.85,0.02,0.63
2004-12-01,2.35,2.35,2.42,2.33,825,615658.00,3.80,-0.84,-0.02,0.63
2004-12-02,2.32,2.40,2.42,2.32,989,739934.00,4.26,2.13,0.05,0.75
2004-12-03,2.42,2.46,2.47,2.39,1614,1228301.00,3.33,2.50,0.06,1.22
2004-12-06,2.46,2.43,2.50,2.40,788,601486.00,4.07,-1.22,-0.03,0.60
2004-12-07,2.43,2.36,2.52,2.35,1374,1039477.00,7.00,-2.88,-0.07,1.04
2004-12-08,2.37,2.37,2.44,2.33,602,449806.00,4.66,0.42,0.01,0.46
2004-12-09,2.28,2.36,2.48,2.28,1254,940133.00,8.44,-0.42,-0.01,0.95
2004-12-10,2.31,2.21,2.38,2.18,2098,1516102.00,8.47,-6.36,-0.15,1.59
2004-12-13,2.18,2.17,2.19,2.13,1203,846402.00,2.71,-1.81,-0.04,0.91
2004-12-14,2.14,2.15,2.19,2.13,364,256902.00,2.76,-0.92,-0.02,0.28
2004-12-15,2.15,2.13,2.15,2.09,1004,699984.00,2.79,-0.93,-0.02,0.76
2004-12-16,2.09,2.09,2.14,2.09,723,503016.00,2.35,-1.88,-0.04,0.55
2004-12-17,2.07,2.06,2.10,2.04,1018,699671.00,2.87,-1.44,-0.03,0.77
2004-12-20,2.03,2.06,2.08,2.03,582,399803.00,2.43,0.00,0.00,0.44
2004-12-21,2.15,2.07,2.15,2.06,154,106479.00,4.37,0.49,0.01,0.12
2004-12-22,2.08,2.16,2.18,2.06,597,418314.00,5.80,4.35,0.09,0.45
2004-12-23,2.16,1.96,2.19,1.82,838,578170.00,17.13,-9.26,-0.20,0.64
2004-12-24,2.08,2.12,2.27,2.06,2458,1734746.00,10.71,8.16,0.16,1.86
2004-12-27,2.06,2.01,2.07,1.98,1271,861524.00,4.25,-5.19,-0.11,0.96
2004-12-28,2.03,2.03,2.09,1.93,619,418772.00,7.96,1.00,0.02,0.47
2004-12-29,2.05,2.02,2.05,1.98,429,289892.00,3.45,-0.49,-0.01,0.33
2004-12-30,1.95,2.00,2.03,1.94,229,153810.00,4.46,-0.99,-0.02,0.17
2004-12-31,2.01,1.95,2.01,1.93,528,351501.00,4.00,-2.50,-0.05,0.40