2018-01-02,6.40,6.45,6.50,6.30,27048,20012036.00,3.12,0.62,0.04,0.47
2018-01-03,6.41,6.51,6.51,6.41,38097,28350204.00,1.55,0.93,0.06,0.66
2018-01-04,6.51,6.61,6.72,6.48,67889,51543772.00,3.69,1.54,0.10,1.18
2018-01-05,6.60,6.65,6.65,6.48,61012,45996086.00,2.57,0.61,0.04,1.06
2018-01-08,6.61,6.81,6.99,6.55,89438,69417050.00,6.62,2.41,0.16,1.56
2018-01-09,6.79,6.68,6.80,6.66,55979,43000311.00,2.06,-1.91,-0.13,0.98
2018-01-10,6.67,6.65,6.71,6.56,36461,27700327.00,2.25,-0.45,-0.03,0.64
2018-01-11,6.61,6.63,6.68,6.53,29515,22366210.00,2.26,-0.30,-0.02,0.51
2018-01-12,6.65,6.68,6.72,6.57,33424,25527339.00,2.26,0.75,0.05,0.58
2018-01-15,6.67,6.49,6.67,6.44,36311,27310135.00,3.44,-2.84,-0.19,0.63
2018-01-16,6.45,6.50,6.53,6.42,21281,15864475.00,1.69,0.15,0.01,0.37
2018-01-17,6.49,6.50,6.56,6.41,35885,26728906.00,2.31,0.00,0.00,0.63
2018-01-18,6.50,6.55,6.58,6.47,33407,25013249.00,1.69,0.77,0.05,0.58
2018-01-19,6.53,6.45,6.56,6.38,30545,22765063.00,2.75,-1.53,-0.10,0.53
2018-01-22,6.43,6.53,6.55,6.42,37311,27850794.00,2.02,1.24,0.08,0.65
2018-01-23,6.47,6.61,6.68,6.47,61707,46735482.00,3.22,1.23,0.08,1.08
2018-01-24,6.60,6.69,6.71,6.57,63079,48084536.00,2.12,1.21,0.08,1.10
2018-01-25,6.72,6.68,6.73,6.59,45798,35029932.00,2.09,-0.15,-0.01,0.80
2018-01-26,6.68,6.71,6.75,6.64,48328,37071989.00,1.65,0.45,0.03,0.84
2018-01-29,6.73,6.59,6.77,6.54,46514,35528230.00,3.43,-1.79,-0.12,0.81
2018-01-30,6.55,6.60,6.63,6.55,21837,16500073.00,1.21,0.15,0.01,0.38
2018-01-31,6.61,6.77,6.83,6.48,58491,44649029.00,5.30,2.58,0.17,1.02
2018-02-01,7.16,6.49,7.17,6.46,116743,91978552.00,10.49,-4.14,-0.28,2.04
2018-02-02,6.02,6.06,6.15,5.74,98841,68136062.00,6.32,-6.63,-0.43,1.72
2018-02-05,5.90,6.00,6.08,5.83,22626,15761039.00,4.13,-0.99,-0.06,0.39
2018-02-06,5.97,5.51,5.97,5.48,45492,30792693.00,8.17,-8.17,-0.49,0.79
2018-02-07,5.83,5.61,5.83,5.33,36189,23591042.00,9.07,1.81,0.10,0.63
2018-02-08,5.61,5.62,5.73,5.55,25752,17033093.00,3.21,0.18,0.01,0.45
2018-02-09,5.41,5.45,5.53,5.23,33607,21332077.00,5.34,-3.02,-0.17,0.59
2018-02-12,5.45,5.54,5.58,5.45,22743,14802244.00,2.39,1.65,0.09,0.40
2018-02-13,5.61,5.52,5.62,5.49,22521,14672861.00,2.35,-0.36,-0.02,0.39
2018-02-14,5.52,5.52,5.62,5.49,13891,9024896.00,2.36,0.00,0.00,0.24
2018-02-22,5.53,5.58,5.61,5.53,13386,8769246.00,1.45,1.09,0.06,0.23
2018-02-23,5.61,5.68,5.70,5.56,20640,13657865.00,2.51,1.79,0.10,0.36
2018-02-26,5.67,5.79,5.80,5.61,28655,19204088.00,3.35,1.94,0.11,0.50
2018-02-27,5.84,5.86,5.97,5.79,34084,23313170.00,3.11,1.21,0.07,0.59
2018-02-28,5.79,5.87,5.90,5.78,18257,12440916.00,2.05,0.17,0.01,0.32
2018-03-01,5.87,5.89,5.93,5.84,22816,15646550.00,1.53,0.34,0.02,0.40
2018-03-02,5.85,5.78,5.89,5.78,20049,13616373.00,1.87,-1.87,-0.11,0.35
2018-03-05,5.79,5.89,5.89,5.76,27442,18655658.00,2.25,1.90,0.11,0.48
2018-03-06,5.67,6.10,6.21,5.67,62913,44221354.00,9.17,3.57,0.21,1.10
2018-03-07,6.10,6.06,6.21,5.98,28237,20009540.00,3.77,-0.66,-0.04,0.49
2018-03-08,6.06,6.15,6.18,6.03,30775,21865616.00,2.48,1.49,0.09,0.54
2018-03-09,6.16,6.18,6.21,6.05,24146,17161245.00,2.60,0.49,0.03,0.42
2018-03-12,6.21,6.66,6.74,6.13,118190,88566331.00,9.87,7.77,0.48,2.06
2018-03-13,6.57,6.42,6.63,6.35,78410,58337384.00,4.20,-3.60,-0.24,1.37
2018-03-14,6.43,6.44,6.56,6.38,29771,22142575.00,2.80,0.31,0.02,0.52
2018-03-15,6.43,6.42,6.49,6.31,30822,22691804.00,2.80,-0.31,-0.02,0.54
2018-03-16,6.42,6.38,6.47,6.32,18796,13848336.00,2.34,-0.62,-0.04,0.33
2018-03-19,6.33,6.54,6.63,6.33,53502,40237445.00,4.70,2.51,0.16,0.93
2018-03-20,6.53,6.51,6.53,6.45,16976,12670982.00,1.22,-0.46,-0.03,0.30
2018-03-21,6.46,6.44,6.61,6.43,27510,20656110.00,2.76,-1.08,-0.07,0.48
2018-03-22,6.44,6.37,6.56,6.36,29717,22051674.00,3.11,-1.09,-0.07,0.52
2018-03-23,6.21,6.03,6.30,5.83,48955,34520962.00,7.38,-5.34,-0.34,0.85
2018-03-26,6.02,6.18,6.22,5.80,29722,20768627.00,6.97,2.49,0.15,0.52
2018-03-27,6.23,6.22,6.31,6.17,38700,27775840.00,2.27,0.65,0.04,0.67
2018-03-28,6.15,6.16,6.28,6.12,20861,14931546.00,2.57,-0.96,-0.06,0.36
2018-03-29,6.15,6.58,6.59,6.15,80910,59538262.00,7.14,6.82,0.42,1.41
2018-03-30,6.48,6.82,6.94,6.46,146361,113407339.00,7.29,3.65,0.24,2.55
2018-04-02,6.66,6.72,6.96,6.65,91994,71311988.00,4.55,-1.47,-0.10,1.60
2018-04-03,6.63,6.56,6.70,6.53,41267,31119603.00,2.53,-2.38,-0.16,0.72
2018-04-04,6.56,6.68,6.81,6.56,53899,41483519.00,3.81,1.83,0.12,0.94
2018-04-09,6.55,7.04,7.11,6.54,157272,124507127.00,8.53,5.39,0.36,2.74
2018-04-10,7.06,7.72,7.84,7.04,269037,231830437.00,11.36,9.66,0.68,4.69
2018-04-11,7.67,7.83,7.99,7.56,141259,123773083.00,5.57,1.42,0.11,2.46
2018-04-12,7.84,7.86,8.15,7.83,160501,143923007.00,4.09,0.38,0.03,2.80
2018-04-13,7.85,7.97,8.15,7.81,109325,98384999.00,4.33,1.40,0.11,1.91
2018-04-16,8.08,7.90,8.11,7.87,101134,90971249.00,3.01,-0.88,-0.07,1.76
2018-04-17,8.06,8.22,8.38,8.06,170589,157247827.00,4.05,4.05,0.32,2.96
2018-04-18,8.31,7.97,8.31,7.44,165826,146819937.00,10.58,-3.04,-0.25,2.88
2018-04-19,7.92,8.19,8.48,7.91,137445,126930814.00,7.15,2.76,0.22,2.38
2018-04-20,8.13,7.97,8.38,7.94,84249,76944200.00,5.37,-2.69,-0.22,1.41
2018-04-23,7.66,7.89,8.15,7.66,80644,72246038.00,6.15,-1.00,-0.08,1.35
2018-04-24,8.13,8.00,8.16,7.93,54730,49211740.00,2.92,1.39,0.11,0.92
2018-04-25,7.98,8.53,8.60,7.98,129066,120846783.00,7.75,6.63,0.53,2.17
2018-04-26,8.52,8.95,9.11,8.44,163759,159781647.00,7.85,4.92,0.42,2.75
2018-04-27,9.01,9.71,9.93,9.01,256378,271414048.00,10.28,8.49,0.76,4.30
2018-05-02,9.74,9.73,10.18,9.38,214232,230188788.00,8.24,0.21,0.02,3.60
2018-05-03,9.70,9.62,9.77,9.41,101113,106606228.00,3.70,-1.13,-0.11,1.70
2018-05-04,9.63,10.25,10.56,9.63,209328,231707991.00,9.67,6.55,0.63,3.51
2018-05-07,10.24,10.35,10.53,10.18,120798,136734438.00,3.41,0.98,0.10,2.03
2018-05-08,10.38,10.31,10.53,10.14,89735,101781486.00,3.77,-0.39,-0.04,1.51
2018-05-09,10.32,10.18,10.53,9.92,102259,113761830.00,5.92,-1.26,-0.13,1.72
2018-05-10,10.43,9.69,10.49,9.46,192193,208308339.00,10.12,-4.81,-0.49,3.23
2018-05-11,9.73,10.29,10.54,9.63,166874,185538323.00,9.39,6.19,0.60,2.80
2018-05-14,10.44,10.67,11.09,10.44,140983,165923027.00,6.32,3.69,0.38,2.37
2018-05-15,10.92,10.73,10.98,10.33,79772,91871613.00,6.09,0.56,0.06,1.34
2018-05-16,10.93,10.60,10.96,10.55,93615,109337231.00,3.82,-1.21,-0.13,1.57
2018-05-17,10.53,10.61,10.75,10.40,58904,68134326.00,3.30,0.09,0.01,0.99
2018-05-18,10.68,10.20,10.69,10.14,78173,88532394.00,5.18,-3.86,-0.41,1.31
2018-05-21,10.21,10.22,10.40,9.91,113294,126675956.00,4.80,0.20,0.02,1.90
2018-05-22,10.31,10.19,10.51,10.15,61973,69641944.00,3.52,-0.29,-0.03,1.04
2018-05-23,10.32,10.21,10.36,10.05,50607,56364046.00,3.04,0.20,0.02,0.85
2018-05-24,10.14,9.54,10.21,9.53,110140,118448020.00,6.66,-6.56,-0.67,1.85
2018-05-25,9.61,9.55,9.71,9.26,81971,85831458.00,4.72,0.10,0.01,1.38
2018-05-28,9.61,9.23,9.61,9.16,70251,72136218.00,4.71,-3.35,-0.32,1.18
2018-05-29,9.33,9.07,9.39,9.03,38127,38874470.00,3.90,-1.73,-0.16,0.64
2018-05-30,9.08,8.66,9.23,8.15,71916,71058215.00,11.91,-4.52,-0.41,1.21
2018-05-31,8.92,8.89,9.06,8.78,76945,76207736.00,3.23,2.66,0.23,1.29
2018-06-01,8.78,8.93,9.17,8.78,63611,63170677.00,4.39,0.45,0.04,1.07
2018-06-04,9.11,9.36,9.59,9.03,106569,110219172.00,6.27,4.82,0.43,1.79
2018-06-05,9.36,9.59,9.71,9.36,62022,65498236.00,3.74,2.46,0.23,1.04
2018-06-06,9.65,9.41,9.66,9.38,34159,35680281.00,2.92,-1.88,-0.18,0.57
2018-06-07,9.47,9.59,9.79,9.47,49063,52127628.00,3.40,1.91,0.18,0.82
2018-06-08,9.63,9.25,9.70,9.10,39608,40686428.00,6.26,-3.55,-0.34,0.66
2018-06-11,9.35,9.38,9.48,9.29,49396,51193104.00,2.05,1.41,0.13,0.83
2018-06-12,9.43,9.51,9.55,9.30,43562,45536448.00,2.67,1.39,0.13,0.73
2018-06-13,9.50,9.95,10.12,9.43,90947,98463731.00,7.26,4.63,0.44,1.53
2018-06-14,9.97,9.59,10.13,9.49,78762,84980732.00,6.43,-3.62,-0.36,1.32
2018-06-15,9.66,9.07,9.71,8.85,68982,69296661.00,8.97,-5.42,-0.52,1.16
2018-06-19,8.91,8.07,9.04,8.07,83305,78547227.00,10.69,-11.03,-1.00,1.40
2018-06-20,8.17,8.10,8.25,7.87,73578,65936970.00,4.71,0.37,0.03,1.23
2018-06-21,8.19,7.62,8.28,7.34,68927,60649837.00,11.60,-5.93,-0.48,1.16
2018-06-22,7.68,7.93,8.09,7.56,53656,46739034.00,6.96,4.07,0.31,0.90
2018-06-25,8.06,7.39,8.15,7.32,65166,55704404.00,10.47,-6.81,-0.54,1.09
2018-06-26,7.36,7.80,7.93,7.28,68080,58268129.00,8.80,5.55,0.41,1.14
2018-06-27,7.95,7.70,8.08,7.65,46369,40507253.00,5.51,-1.28,-0.10,0.78
2018-06-28,7.90,7.63,7.92,7.63,34105,29386006.00,3.77,-0.91,-0.07,0.57
2018-06-29,7.73,8.05,8.05,7.49,52924,45896895.00,7.34,5.50,0.42,0.89
2018-07-02,8.04,7.82,8.04,7.62,52442,45528533.00,5.22,-2.86,-0.23,0.88
2018-07-03,7.87,7.84,7.96,7.63,38435,33329614.00,4.22,0.26,0.02,0.64
2018-07-04,7.84,7.87,7.90,7.66,24369,21066678.00,3.06,0.38,0.03,0.41
2018-07-05,7.87,7.48,7.88,7.43,36638,31086998.00,5.72,-4.96,-0.39,0.61
2018-07-06,7.43,7.21,7.57,6.86,57534,46435098.00,9.49,-3.61,-0.27,0.96
2018-07-09,7.23,7.43,7.48,7.22,23316,19272134.00,3.61,3.05,0.22,0.39
2018-07-10,7.42,7.48,7.50,7.25,24045,19849983.00,3.36,0.67,0.05,0.40
2018-07-11,7.33,7.19,7.41,7.06,30205,24432255.00,4.68,-3.88,-0.29,0.51
2018-07-12,7.19,7.61,7.69,7.19,36124,30434653.00,6.95,5.84,0.42,0.60
2018-07-13,7.55,7.64,7.73,7.48,18516,15725594.00,3.29,0.39,0.03,0.31
2018-07-16,7.64,7.62,7.85,7.51,27170,23036725.00,4.45,-0.26,-0.02,0.45
2018-07-17,7.53,7.61,7.74,7.47,28823,24417746.00,3.54,-0.13,-0.01,0.48
2018-07-18,7.63,7.34,7.68,7.28,45722,37897891.00,5.26,-3.55,-0.27,0.76
2018-07-19,7.39,7.18,7.45,7.11,40412,32502787.00,4.63,-2.18,-0.16,0.68
2018-07-20,7.09,7.33,7.41,7.09,19985,16316188.00,4.46,2.09,0.15,0.33
2018-07-23,7.31,7.50,7.54,7.31,25135,20977637.00,3.14,2.32,0.17,0.42
2018-07-24,7.50,8.25,8.34,7.50,97981,87587468.00,11.20,10.00,0.75,1.64
2018-07-25,8.11,8.03,8.19,7.91,59609,53231411.00,3.39,-2.67,-0.22,1.00
2018-07-26,8.03,7.89,8.08,7.84,34442,30400138.00,2.99,-1.74,-0.14,0.58
2018-07-27,7.89,8.06,8.18,7.86,31020,27690943.00,4.06,2.15,0.17,0.52
2018-07-30,8.13,7.73,8.14,7.63,38482,33399043.00,6.33,-4.09,-0.33,0.64
2018-07-31,7.74,7.77,7.90,7.73,19230,16678336.00,2.20,0.52,0.04,0.32
2018-08-01,7.77,7.65,7.95,7.62,23648,20508466.00,4.25,-1.54,-0.12,0.40
2018-08-02,7.48,7.29,7.62,7.03,49746,40446015.00,7.71,-4.71,-0.36,0.83
2018-08-03,7.37,7.23,7.45,7.13,32230,26193564.00,4.39,-0.82,-0.06,0.54
2018-08-06,8.04,8.04,8.04,8.04,35444,31580604.00,0.00,11.20,0.81,0.59
2018-08-07,8.30,8.58,8.92,8.20,213685,200833911.00,8.96,6.72,0.54,3.57
2018-08-08,8.33,8.40,8.93,8.17,157941,147643241.00,8.86,-2.10,-0.18,2.64
2018-08-09,8.43,8.52,8.57,8.15,105948,98361347.00,5.00,1.43,0.12,1.77
2018-08-10,8.43,8.51,8.63,8.37,56698,53118163.00,3.05,-0.12,-0.01,0.95
2018-08-13,8.33,8.35,8.39,8.19,44554,40866783.00,2.35,-1.88,-0.16,0.75
2018-08-14,8.33,8.34,8.62,8.29,45253,42076061.00,3.95,-0.12,-0.01,0.76
2018-08-15,8.33,8.10,8.43,8.09,43237,39228504.00,4.08,-2.88,-0.24,0.72
2018-08-16,8.03,8.01,8.11,7.83,28783,25442092.00,3.46,-1.11,-0.09,0.48
2018-08-17,8.18,7.80,8.22,7.80,26759,23639772.00,5.24,-2.62,-0.21,0.45
2018-08-20,7.67,7.83,7.88,7.58,21780,18709560.00,3.85,0.38,0.03,0.36
2018-08-21,7.83,8.27,8.48,7.83,57077,51984164.00,8.30,5.62,0.44,0.95
2018-08-22,8.19,8.26,8.32,8.16,25715,23427513.00,1.93,-0.12,-0.01,0.43
2018-08-23,8.18,8.23,8.38,8.18,32894,30058184.00,2.42,-0.36,-0.03,0.55
2018-08-24,8.24,7.88,8.35,7.85,54192,48277851.00,6.08,-4.25,-0.35,0.91
2018-08-27,7.97,8.28,8.28,7.89,60340,54465722.00,4.95,5.08,0.40,1.01
2018-08-28,8.25,8.06,8.48,7.98,71660,64740800.00,6.04,-2.66,-0.22,1.20
2018-08-29,8.09,8.30,8.41,8.06,73828,67475223.00,4.34,2.98,0.24,1.23
2018-08-30,8.23,8.08,8.33,8.06,51159,46233560.00,3.25,-2.65,-0.22,0.86
2018-08-31,8.20,7.82,8.20,7.66,50884,44341176.00,6.68,-3.22,-0.26,0.85
2018-09-03,7.73,7.75,7.80,7.62,30984,26541990.00,2.30,-0.90,-0.07,0.52
2018-09-04,7.73,7.89,7.99,7.71,33629,29330159.00,3.61,1.81,0.14,0.56
2018-09-05,7.84,7.79,7.96,7.73,26686,23220383.00,2.92,-1.27,-0.10,0.45
2018-09-06,7.83,7.79,7.93,7.68,29413,25589630.00,3.21,0.00,0.00,0.49
2018-09-07,7.83,7.79,7.91,7.69,28928,25107825.00,2.82,0.00,0.00,0.48
2018-09-10,7.79,7.64,7.84,7.64,17843,15302174.00,2.57,-1.93,-0.15,0.30
2018-09-11,7.78,7.72,7.78,7.66,15815,13586515.00,1.57,1.05,0.08,0.26
2018-09-12,7.73,7.75,7.82,7.67,14016,12081729.00,1.94,0.39,0.03,0.23
2018-09-13,7.77,7.86,7.91,7.73,22394,19431213.00,2.32,1.42,0.11,0.37
2018-09-14,7.88,8.10,8.33,7.84,100573,90999638.00,6.23,3.05,0.24,1.68
2018-09-17,7.94,8.18,8.27,7.87,52608,47112805.00,4.94,0.99,0.08,0.88
2018-09-18,8.11,8.33,8.33,8.08,58334,53070833.00,3.06,1.83,0.15,0.98
2018-09-19,8.33,8.28,8.45,8.25,99207,91592001.00,2.40,-0.60,-0.05,1.66
2018-09-20,8.25,8.11,8.29,8.10,49211,44504810.00,2.29,-2.05,-0.17,0.82
2018-09-21,8.19,8.56,8.78,8.15,122335,114998228.00,7.77,5.55,0.45,2.05
2018-09-25,8.56,9.01,9.22,8.47,125844,123099526.00,8.76,5.26,0.45,2.10
2018-09-26,9.05,8.99,9.11,8.86,91782,90270914.00,2.77,-0.22,-0.02,1.54
2018-09-27,9.07,8.82,9.09,8.77,79028,76946956.00,3.56,-1.89,-0.17,1.32
2018-09-28,8.94,9.01,9.28,8.88,87593,86980582.00,4.54,2.15,0.19,1.46
2018-10-08,8.83,8.82,9.11,8.77,56717,55328789.00,3.77,-2.11,-0.19,0.95
2018-10-09,8.78,9.03,9.03,8.77,48117,46990392.00,2.95,2.38,0.21,0.80
2018-10-10,9.05,9.65,9.68,9.04,128619,133140726.00,7.09,6.87,0.62,2.15
2018-10-11,9.48,9.34,9.71,8.82,185093,187758807.00,9.22,-3.21,-0.31,3.10
2018-10-12,9.17,9.47,9.58,8.72,125479,126214969.00,9.21,1.39,0.13,2.10
2018-10-15,9.44,9.46,9.86,9.41,126403,132630848.00,4.75,-0.11,-0.01,2.11
2018-10-16,9.53,8.43,9.68,8.43,171988,169833529.00,13.21,-10.89,-1.03,2.88
2018-10-17,8.27,7.93,8.40,7.63,118294,104861748.00,9.13,-5.93,-0.50,1.98
2018-10-18,8.00,7.67,8.00,7.51,74045,63572352.00,6.18,-3.28,-0.26,1.24
2018-10-19,7.48,7.93,8.00,7.29,55757,48182052.00,9.26,3.39,0.26,0.93
2018-10-22,8.01,8.48,8.60,8.01,82349,76083957.00,7.44,6.94,0.55,1.38
2018-10-23,8.35,8.61,8.61,8.28,58103,54181365.00,3.89,1.53,0.13,0.97
2018-10-24,8.45,8.34,8.59,8.29,49872,46361993.00,3.48,-3.14,-0.27,0.83
2018-10-25,8.01,8.51,8.58,7.85,58604,53468678.00,8.75,2.04,0.17,0.98
2018-10-26,8.51,8.53,8.68,8.46,33163,31230068.00,2.59,0.24,0.02,0.55
2018-10-29,8.53,8.28,8.61,8.22,38946,36054370.00,4.57,-2.93,-0.25,0.65
2018-10-30,8.09,8.37,8.41,8.08,40512,37195120.00,3.99,1.09,0.09,0.68
2018-10-31,8.38,8.39,8.43,8.29,38351,35378081.00,1.67,0.24,0.02,0.64
2018-11-01,8.41,8.51,8.61,8.38,38374,35892363.00,2.74,1.43,0.12,0.64
2018-11-02,8.68,9.05,9.23,8.55,111683,109415988.00,7.99,6.35,0.54,1.87
2018-11-05,9.14,9.05,9.41,8.90,110342,110416339.00,5.64,0.00,0.00,1.85
2018-11-06,9.16,9.17,9.32,8.95,66978,66930101.00,4.09,1.33,0.12,1.12
2018-11-07,9.33,8.96,9.47,8.93,104978,104641201.00,5.89,-2.29,-0.21,1.76
2018-11-08,9.04,8.72,9.06,8.71,59917,57950289.00,3.91,-2.68,-0.24,1.00
2018-11-09,8.66,8.72,8.78,8.59,40184,38417632.00,2.18,0.00,0.00,0.67
2018-11-12,8.78,8.88,8.88,8.68,63451,61340442.00,2.29,1.83,0.16,1.06
2018-11-13,8.79,8.85,8.88,8.69,102451,98992345.00,2.14,-0.34,-0.03,1.71
2018-11-14,8.81,8.81,9.08,8.80,121278,118817763.00,3.16,-0.45,-0.04,2.03
2018-11-15,8.69,8.67,8.78,8.46,105822,100128558.00,3.63,-1.59,-0.14,1.77
2018-11-16,8.67,8.70,8.78,8.59,72278,69212188.00,2.19,0.35,0.03,1.21
2018-11-19,8.77,9.06,9.14,8.73,138564,136646200.00,4.71,4.14,0.36,2.32
2018-11-20,8.93,8.90,9.13,8.80,119793,117903450.00,3.64,-1.77,-0.16,2.00
2018-11-21,8.79,8.72,8.93,8.58,79920,76644316.00,3.93,-2.02,-0.18,1.34
2018-11-22,8.73,8.46,8.75,8.43,72314,68004457.00,3.67,-2.98,-0.26,1.21
2018-11-23,8.38,7.99,8.41,7.97,84816,76446084.00,5.20,-5.56,-0.47,1.42
2018-11-26,8.02,8.00,8.07,7.87,39291,34844551.00,2.50,0.13,0.01,0.66
2018-11-27,7.98,8.01,8.06,7.95,36537,32408885.00,1.38,0.13,0.01,0.61
2018-11-28,7.95,7.99,8.02,7.83,35772,31559002.00,2.37,-0.25,-0.02,0.60
2018-11-29,8.01,7.93,8.19,7.89,39962,35613418.00,3.75,-0.75,-0.06,0.67
2018-11-30,7.89,7.93,7.95,7.78,24933,21797602.00,2.14,0.00,0.00,0.42
2018-12-03,8.12,8.14,8.22,8.03,51626,46411851.00,2.40,2.65,0.21,0.86
2018-12-04,8.16,8.13,8.16,8.03,30651,27463196.00,1.60,-0.12,-0.01,0.51
2018-12-05,7.93,8.18,8.20,7.89,34561,30775242.00,3.81,0.62,0.05,0.58
2018-12-06,8.11,8.09,8.24,8.01,27475,24668280.00,2.81,-1.10,-0.09,0.46
2018-12-07,8.13,8.08,8.14,8.00,21185,18981821.00,1.73,-0.12,-0.01,0.35
2018-12-10,7.96,7.93,8.03,7.83,24097,21166667.00,2.48,-1.86,-0.15,0.40
2018-12-11,7.94,8.01,8.02,7.89,17790,15725909.00,1.64,1.01,0.08,0.30
2018-12-12,8.00,7.99,8.05,7.91,17408,15384719.00,1.75,-0.25,-0.02,0.29
2018-12-13,7.96,8.12,8.23,7.94,51062,45964453.00,3.63,1.63,0.13,0.85
2018-12-14,8.12,8.04,8.21,8.02,29853,26886179.00,2.34,-0.99,-0.08,0.50
2018-12-17,7.95,7.99,8.15,7.94,20629,18341411.00,2.61,-0.62,-0.05,0.35
2018-12-18,7.94,7.83,7.97,7.63,40929,35511461.00,4.26,-2.00,-0.16,0.68
2018-12-19,7.80,7.76,7.87,7.73,13938,12076456.00,1.79,-0.89,-0.07,0.23
2018-12-20,7.73,7.78,7.82,7.71,13483,11639436.00,1.42,0.26,0.02,0.23
2018-12-21,7.81,7.67,7.81,7.61,14248,12167145.00,2.57,-1.41,-0.11,0.24
2018-12-24,7.67,7.69,7.73,7.56,13776,11761251.00,2.22,0.26,0.02,0.23
2018-12-25,7.63,7.39,7.63,7.23,35283,29148004.00,5.20,-3.90,-0.30,0.59
2018-12-26,7.41,7.42,7.51,7.37,22966,19070012.00,1.89,0.41,0.03,0.38
2018-12-27,7.58,7.39,7.59,7.37,18167,15089371.00,2.96,-0.40,-0.03,0.30
2018-12-28,7.33,7.36,7.46,7.32,14556,12003928.00,1.89,-0.41,-0.03,0.24