2023-01-03,7.93,8.06,8.07,7.91,47735,38202619.54,2.02,1.64,0.13,0.81
2023-01-04,8.06,8.06,8.08,8.00,44894,36119963.56,0.99,0.00,0.00,0.77
2023-01-05,8.09,8.12,8.12,8.03,56466,45682238.39,1.12,0.74,0.06,0.96
2023-01-06,8.12,8.24,8.24,8.11,93166,76326558.61,1.60,1.48,0.12,1.59
2023-01-09,8.24,8.23,8.29,8.20,71109,58563211.98,1.09,-0.12,-0.01,1.21
2023-01-10,8.20,8.16,8.23,8.14,54890,44836118.90,1.09,-0.85,-0.07,0.94
2023-01-11,8.18,8.16,8.24,8.14,56665,46332651.68,1.23,0.00,0.00,0.97
2023-01-12,8.16,8.16,8.20,8.14,38651,31531134.05,0.74,0.00,0.00,0.66
2023-01-13,8.15,8.19,8.22,8.15,38180,31222757.13,0.86,0.37,0.03,0.65
2023-01-16,8.20,8.26,8.28,8.18,57377,47313332.83,1.22,0.85,0.07,0.98
2023-01-17,8.28,8.23,8.28,8.21,34793,28649909.67,0.85,-0.36,-0.03,0.59
2023-01-18,8.23,8.32,8.33,8.22,70662,58584722.27,1.34,1.09,0.09,1.21
2023-01-19,8.29,8.39,8.40,8.27,69196,57841216.50,1.56,0.84,0.07,1.18
2023-01-20,8.39,8.49,8.49,8.39,80836,68416546.61,1.19,1.19,0.10,1.38