2023-01-03,8.88,9.47,9.49,8.82,86357,80008160.73,7.54,6.52,0.58,1.96
2023-01-04,9.45,9.45,9.55,9.36,42281,39894499.00,2.01,-0.21,-0.02,0.96
2023-01-05,9.45,9.41,9.48,9.37,22557,21245390.00,1.16,-0.42,-0.04,0.51
2023-01-06,9.37,9.46,9.48,9.37,32126,30304157.00,1.17,0.53,0.05,0.73
2023-01-09,9.50,9.56,9.62,9.44,43900,41880120.82,1.90,1.06,0.10,1.00
2023-01-10,9.55,9.47,9.59,9.45,27921,26531037.00,1.46,-0.94,-0.09,0.63
2023-01-11,9.47,9.35,9.50,9.34,25377,23877743.16,1.69,-1.27,-0.12,0.58
2023-01-12,9.36,9.32,9.45,9.29,22987,21545336.75,1.71,-0.32,-0.03,0.52
2023-01-13,9.36,9.37,9.46,9.30,22853,21415106.48,1.72,0.54,0.05,0.52
2023-01-16,9.38,9.45,9.49,9.36,28512,26923669.50,1.39,0.85,0.08,0.65
2023-01-17,9.45,9.51,9.51,9.40,28227,26712055.04,1.16,0.63,0.06,0.64
2023-01-18,9.56,9.73,9.78,9.47,49706,48130850.00,3.26,2.31,0.22,1.13
2023-01-19,9.68,10.70,10.70,9.68,192067,202363366.74,10.48,9.97,0.97,4.36
2023-01-20,10.41,10.72,10.81,10.35,239894,254748985.92,4.30,0.19,0.02,5.44
2023-01-30,11.05,11.79,11.79,11.05,230408,267149439.84,6.90,9.98,1.07,5.23
2023-01-31,11.88,12.01,12.29,11.61,355814,426409724.51,5.77,1.87,0.22,8.07
2023-02-01,12.12,13.21,13.21,12.10,165786,212653325.04,9.24,9.99,1.20,3.76
2023-02-02,14.00,13.42,14.36,13.22,559695,762225673.07,8.63,1.59,0.21,12.70
2023-02-03,13.40,13.19,13.53,12.95,394821,521417418.23,4.32,-1.71,-0.23,8.96
2023-02-06,13.11,12.69,13.13,12.39,293373,370863453.89,5.61,-3.79,-0.50,6.65
2023-02-07,12.79,12.96,13.19,12.60,288456,372478783.74,4.65,2.13,0.27,6.54
2023-02-08,12.80,12.65,12.89,12.57,141643,180008173.28,2.47,-2.39,-0.31,3.21
2023-02-09,12.69,12.70,12.91,12.63,123970,157960932.00,2.21,0.40,0.05,2.81
2023-02-10,12.64,12.32,12.68,12.19,185318,229178416.56,3.86,-2.99,-0.38,4.20
2023-02-13,12.40,12.52,12.65,12.21,130148,162421100.59,3.57,1.62,0.20,2.95
2023-02-14,12.51,12.68,13.14,12.37,228833,293008299.36,6.15,1.28,0.16,5.19
2023-02-15,12.66,12.76,13.05,12.50,171426,219203483.60,4.34,0.63,0.08,3.89
2023-02-16,12.65,12.18,12.77,12.06,184955,229942082.98,5.56,-4.55,-0.58,4.20
2023-02-17,12.30,12.20,12.38,12.10,90600,111152141.93,2.30,0.16,0.02,2.06
2023-02-20,12.20,12.52,12.67,12.14,116320,144079182.29,4.34,2.62,0.32,2.64
2023-02-21,12.59,12.70,12.85,12.42,116216,147179353.12,3.43,1.44,0.18,2.64
2023-02-22,12.64,12.66,12.69,12.47,83119,104369695.00,1.73,-0.31,-0.04,1.89
2023-02-23,12.66,12.56,12.85,12.52,82146,103981299.20,2.61,-0.79,-0.10,1.86
2023-02-24,12.51,12.66,12.73,12.45,72283,91233778.50,2.23,0.80,0.10,1.64
2023-02-27,12.61,12.53,12.77,12.45,57657,72451744.50,2.53,-1.03,-0.13,1.31
2023-02-28,12.52,12.58,12.65,12.42,59114,74021484.21,1.84,0.40,0.05,1.34
2023-03-01,12.59,12.77,12.79,12.50,96668,122320045.23,2.31,1.51,0.19,2.19
2023-03-02,12.78,12.43,12.85,12.39,87650,109364073.78,3.60,-2.66,-0.34,1.99
2023-03-03,12.43,12.48,12.55,12.37,42232,52619197.94,1.45,0.40,0.05,0.96