2021-01-04,12.04,12.26,12.35,11.80,85517,107752128.00,4.77,6.24,0.72,3.34
2021-01-05,12.12,12.06,12.22,11.95,48923,61612246.00,2.20,-1.63,-0.20,1.91
2021-01-06,12.08,11.95,12.25,11.83,38891,48525867.00,3.48,-0.91,-0.11,1.52
2021-01-07,11.83,11.47,11.93,11.40,43240,52387397.00,4.44,-4.02,-0.48,1.69
2021-01-08,11.46,11.42,11.59,11.13,31810,37911522.00,4.01,-0.44,-0.05,1.24
2021-01-11,11.42,11.22,11.67,11.06,41618,48879758.00,5.34,-1.75,-0.20,1.62
2021-01-12,11.17,11.59,11.82,11.13,43550,52636676.00,6.15,3.30,0.37,1.70
2021-01-13,11.63,11.98,12.07,11.43,57374,70362103.00,5.52,3.36,0.39,2.24
2021-01-14,11.88,11.97,12.16,11.80,44446,55674132.00,3.01,-0.08,-0.01,1.73
2021-01-15,12.03,12.19,12.42,11.97,37876,48324040.00,3.76,1.84,0.22,1.48
2021-01-18,12.23,12.19,12.39,12.08,36600,46710273.00,2.54,0.00,0.00,1.43
2021-01-19,12.21,12.25,12.46,12.07,32198,41183692.00,3.20,0.49,0.06,1.26
2021-01-20,12.30,12.14,12.30,12.00,33285,42130310.00,2.45,-0.90,-0.11,1.30
2021-01-21,12.28,12.54,12.73,12.20,52801,69001481.00,4.37,3.29,0.40,2.06
2021-01-22,12.74,12.58,12.80,12.31,33844,44164735.00,3.91,0.32,0.04,1.32
2021-01-25,12.62,12.11,12.64,12.03,48262,61433914.00,4.85,-3.74,-0.47,1.88
2021-01-26,12.09,12.12,12.44,11.98,32449,41493782.00,3.80,0.08,0.01,1.27
2021-01-27,12.83,13.39,13.39,12.77,88900,122846802.00,5.12,10.48,1.27,3.47
2021-01-28,13.45,14.03,14.33,13.37,200123,286355392.00,7.17,4.78,0.64,7.80
2021-01-29,13.74,13.42,13.87,13.30,93617,131620844.00,4.06,-4.35,-0.61,3.65
2021-02-01,13.27,14.13,14.28,12.97,96228,139122112.00,9.76,5.29,0.71,3.75
2021-02-02,14.11,14.26,14.97,14.05,100768,151967878.00,6.51,0.92,0.13,3.93
2021-02-03,14.26,14.47,14.91,14.25,84683,128033919.00,4.63,1.47,0.21,3.30
2021-02-04,14.30,15.02,15.24,14.20,105476,160532288.00,7.19,3.80,0.55,4.11
2021-02-05,14.87,13.79,14.96,13.79,104203,154502127.00,7.79,-8.19,-1.23,4.06
2021-02-08,13.73,14.08,14.30,13.72,72708,105924931.00,4.21,2.10,0.29,2.84
2021-02-09,13.47,13.72,13.80,12.80,110133,152881915.00,7.10,-2.56,-0.36,4.30
2021-02-10,13.67,13.57,14.06,13.09,99703,140196524.00,7.07,-1.09,-0.15,3.89
2021-02-18,13.75,14.60,14.95,13.57,103400,155635585.00,10.17,7.59,1.03,4.03
2021-02-19,14.60,14.77,14.83,14.38,73681,112110815.00,3.08,1.16,0.17,2.87
2021-02-22,14.72,14.98,15.62,14.55,91654,142975977.00,7.24,1.42,0.21,3.57
2021-02-23,15.01,14.71,15.05,14.58,46043,70479341.00,3.14,-1.80,-0.27,1.80
2021-02-24,14.71,14.61,15.05,14.43,45342,69107201.00,4.21,-0.68,-0.10,1.77
2021-02-25,14.70,14.21,14.74,14.04,45970,68039589.00,4.79,-2.74,-0.40,1.79
2021-02-26,14.02,14.10,14.50,13.97,41007,60565378.00,3.73,-0.77,-0.11,1.60
2021-03-01,14.47,14.68,14.79,14.29,53583,81149503.00,3.55,4.11,0.58,2.09
2021-03-02,14.70,14.90,15.20,14.58,72979,112718585.00,4.22,1.50,0.22,2.85
2021-03-03,14.88,15.01,15.07,14.65,44107,68151017.00,2.82,0.74,0.11,1.72
2021-03-04,14.87,14.98,15.33,14.81,53923,83880042.00,3.46,-0.20,-0.03,2.10
2021-03-05,14.77,14.97,15.14,14.72,40569,62797039.00,2.80,-0.07,-0.01,1.58
2021-03-08,15.00,14.34,15.14,14.28,56707,86497539.00,5.74,-4.21,-0.63,2.21
2021-03-09,14.21,13.62,14.34,13.61,50307,73016564.00,5.09,-5.02,-0.72,1.96
2021-03-10,13.78,13.68,13.92,13.58,26285,37501610.00,2.50,0.44,0.06,1.03
2021-03-11,13.70,13.88,13.95,13.39,27339,39054320.00,4.09,1.46,0.20,1.07
2021-03-12,13.96,13.86,14.06,13.74,20399,29393719.00,2.31,-0.14,-0.02,0.80
2021-03-15,13.88,14.07,14.24,13.81,29988,43785612.00,3.10,1.52,0.21,1.17
2021-03-16,14.02,14.73,14.82,13.98,53722,80941992.00,5.97,4.69,0.66,2.10
2021-03-17,14.49,14.84,14.87,14.48,48445,73591608.00,2.65,0.75,0.11,1.89
2021-03-18,14.77,14.84,14.94,14.64,39859,61273976.00,2.02,0.00,0.00,1.55
2021-03-19,14.72,14.97,15.24,14.63,48573,75539969.00,4.11,0.88,0.13,1.89
2021-03-22,14.95,15.45,15.51,14.80,55782,88088247.00,4.74,3.21,0.48,2.18
2021-03-23,15.55,15.23,15.62,15.09,43218,68197325.00,3.43,-1.42,-0.22,1.69
2021-03-24,15.01,14.73,15.21,14.67,41220,63512199.00,3.55,-3.28,-0.50,1.61
2021-03-25,14.78,14.74,14.94,14.50,28584,43690340.00,2.99,0.07,0.01,1.11
2021-03-26,14.76,14.78,14.91,14.62,30999,47319277.00,1.97,0.27,0.04,1.21
2021-03-29,14.79,14.61,14.82,14.48,29081,43993784.00,2.30,-1.15,-0.17,1.13
2021-03-30,14.50,14.63,14.85,14.18,32006,48369858.00,4.59,0.14,0.02,1.25
2021-03-31,14.58,14.87,14.91,14.33,37671,57347455.00,3.96,1.64,0.24,1.47
2021-04-01,14.86,14.35,14.96,14.34,44426,66811312.00,4.17,-3.50,-0.52,1.73
2021-04-02,14.37,14.42,14.51,14.23,21368,31834933.00,1.95,0.49,0.07,0.83
2021-04-06,14.34,14.59,14.81,14.22,31997,48467555.00,4.09,1.18,0.17,1.25
2021-04-07,14.52,14.72,14.82,14.52,25176,38317165.00,2.06,0.89,0.13,0.98
2021-04-08,14.63,14.35,14.77,14.33,29158,43978905.00,2.99,-2.51,-0.37,1.14
2021-04-09,14.37,14.21,14.42,14.10,32435,47902493.00,2.23,-0.98,-0.14,1.26
2021-04-12,14.20,13.28,14.20,13.21,48463,68439089.00,6.97,-6.54,-0.93,1.89
2021-04-13,13.12,12.95,13.39,12.89,36596,49738395.00,3.77,-2.48,-0.33,1.43
2021-04-14,12.94,13.01,13.16,12.92,22818,31001233.00,1.85,0.46,0.06,0.89
2021-04-15,12.99,12.91,13.06,12.69,25808,34523027.00,2.84,-0.77,-0.10,1.01
2021-04-16,12.92,12.99,13.09,12.83,23223,31356353.00,2.01,0.62,0.08,0.91
2021-04-19,12.99,13.07,13.10,12.80,30891,41770032.00,2.31,0.62,0.08,1.20
2021-04-20,13.07,12.95,13.22,12.94,30038,40877626.00,2.14,-0.92,-0.12,1.17
2021-04-21,12.92,12.75,12.94,12.73,22891,30612767.00,1.62,-1.54,-0.20,0.89
2021-04-22,12.77,13.06,13.13,12.77,35230,47778315.00,2.82,2.43,0.31,1.37
2021-04-23,13.05,12.95,13.05,12.67,28144,37655108.00,2.91,-0.84,-0.11,1.10
2021-04-26,12.89,12.67,12.89,12.62,24117,31886496.00,2.08,-2.16,-0.28,0.94
2021-04-27,12.63,12.91,12.91,12.44,27524,36402664.00,3.71,1.89,0.24,1.07
2021-04-28,12.47,11.59,12.72,11.57,99725,122858407.00,8.91,-10.22,-1.32,3.89
2021-04-29,11.58,11.56,11.95,11.37,54183,65985972.00,5.00,-0.26,-0.03,2.11
2021-04-30,11.48,11.40,11.55,11.25,42614,50561798.00,2.60,-1.38,-0.16,1.66
2021-05-06,11.41,11.40,11.69,11.32,36606,43886206.00,3.25,0.00,0.00,1.43
2021-05-07,11.44,11.46,11.57,11.38,20370,24448001.00,1.67,0.53,0.06,0.79
2021-05-10,11.46,10.98,11.50,10.88,41516,48151210.00,5.41,-4.19,-0.48,1.62
2021-05-11,11.05,11.21,11.26,10.94,23278,27092989.00,2.91,2.09,0.23,0.91
2021-05-12,11.17,11.22,11.26,11.07,16256,18999460.00,1.69,0.09,0.01,0.63
2021-05-13,11.29,11.23,11.37,11.18,19831,23409077.00,1.69,0.09,0.01,0.77
2021-05-14,11.27,11.31,11.42,11.18,27064,31997714.00,2.14,0.71,0.08,1.06
2021-05-17,11.36,11.22,11.40,11.17,24744,29150473.00,2.03,-0.80,-0.09,0.97
2021-05-18,11.20,11.15,11.23,11.09,20029,23393770.00,1.25,-0.62,-0.07,0.78
2021-05-19,11.15,11.39,11.50,10.98,43660,51418499.00,4.66,2.15,0.24,1.70
2021-05-20,11.44,11.05,11.44,11.01,34975,39363233.00,3.78,-2.99,-0.34,1.36
2021-05-21,11.05,11.03,11.13,11.00,15779,17698077.00,1.18,-0.18,-0.02,0.62
2021-05-24,11.05,11.09,11.26,10.85,15605,17545034.00,3.72,0.54,0.06,0.61
2021-05-25,11.13,11.10,11.15,11.03,17190,19302134.00,1.08,0.09,0.01,0.67
2021-05-26,11.11,11.23,11.27,11.07,19957,22589778.00,1.80,1.17,0.13,0.78
2021-05-27,11.22,11.54,11.62,11.19,39272,45604365.00,3.83,2.76,0.31,1.53
2021-05-28,11.54,11.35,11.64,11.32,28473,32886737.00,2.77,-1.65,-0.19,1.11
2021-05-31,11.34,11.44,11.45,11.28,16114,18560664.00,1.50,0.79,0.09,0.63
2021-06-01,11.42,11.53,11.56,11.32,21384,24867006.00,2.10,0.79,0.09,0.83
2021-06-02,11.55,11.48,11.61,11.39,20791,24253836.00,1.91,-0.43,-0.05,0.81
2021-06-03,11.49,11.42,11.54,11.42,18932,22009322.00,1.05,-0.52,-0.06,0.74
2021-06-04,11.41,11.29,11.44,11.25,18271,20967172.00,1.66,-1.14,-0.13,0.71
2021-06-07,11.29,11.36,11.38,11.29,11974,13747424.00,0.80,0.62,0.07,0.47
2021-06-08,11.36,11.29,11.36,11.17,13912,15886948.00,1.67,-0.62,-0.07,0.54
2021-06-09,11.24,11.42,11.46,11.17,18485,21297382.00,2.57,1.15,0.13,0.72
2021-06-10,11.42,11.61,11.63,11.40,30018,35162201.00,2.01,1.66,0.19,1.17
2021-06-11,11.53,11.47,11.66,11.46,19568,22851274.00,1.72,-1.21,-0.14,0.76
2021-06-15,11.55,11.39,11.61,11.33,18125,21088802.00,2.44,-0.70,-0.08,0.71
2021-06-16,11.40,11.30,11.44,11.27,12768,14651367.00,1.49,-0.79,-0.09,0.50
2021-06-17,11.30,11.14,11.40,11.09,17036,19319582.00,2.74,-1.42,-0.16,0.66
2021-06-18,11.12,11.15,11.16,10.96,16009,17916684.00,1.80,0.09,0.01,0.62
2021-06-21,11.13,11.22,11.22,11.00,12926,14615680.00,1.97,0.63,0.07,0.50
2021-06-22,11.21,11.25,11.30,11.21,10169,11593705.00,0.80,0.27,0.03,0.40
2021-06-23,11.23,11.20,11.26,11.19,9632,10951599.00,0.62,-0.44,-0.05,0.38
2021-06-24,11.18,11.11,11.20,11.10,14690,16581260.00,0.89,-0.80,-0.09,0.57
2021-06-25,11.08,11.17,11.20,11.07,10982,12394097.00,1.17,0.54,0.06,0.43
2021-06-28,11.17,11.22,11.27,11.17,11137,12645006.00,0.90,0.45,0.05,0.43
2021-06-29,11.22,11.09,11.25,11.08,12648,14277497.00,1.52,-1.16,-0.13,0.49
2021-06-30,11.10,11.08,11.15,11.04,11073,12421642.00,0.99,-0.09,-0.01,0.43
2021-07-01,11.08,10.93,11.08,10.92,13982,15599255.00,1.44,-1.35,-0.15,0.55
2021-07-02,10.90,10.61,10.93,10.57,24668,26675302.00,3.29,-2.93,-0.32,0.96
2021-07-05,10.58,10.72,10.72,10.58,10393,11235977.00,1.32,1.04,0.11,0.41
2021-07-06,10.69,10.77,10.78,10.67,8885,9649288.00,1.03,0.47,0.05,0.35
2021-07-07,10.79,10.78,10.95,10.76,16374,18008110.00,1.76,0.09,0.01,0.64
2021-07-08,10.77,10.61,10.83,10.61,14909,16117226.00,2.04,-1.58,-0.17,0.58
2021-07-09,10.58,10.70,10.72,10.58,14963,16156194.00,1.32,0.85,0.09,0.58
2021-07-12,10.74,10.87,10.87,10.70,18351,20096951.00,1.59,1.59,0.17,0.72
2021-07-13,10.83,11.06,11.07,10.79,22069,24478691.00,2.58,1.75,0.19,0.86
2021-07-14,11.06,10.91,11.07,10.91,13717,15251648.00,1.45,-1.36,-0.15,0.53
2021-07-15,10.91,10.84,10.91,10.69,12566,13741188.00,2.02,-0.64,-0.07,0.49
2021-07-16,10.80,10.80,10.89,10.75,7918,8665235.00,1.29,-0.37,-0.04,0.31
2021-07-19,11.20,11.90,11.90,11.10,60889,71908347.00,7.41,10.19,1.10,2.37
2021-07-20,12.01,12.26,12.53,11.66,150346,185718350.00,7.31,3.03,0.36,5.86
2021-07-21,12.76,12.34,13.43,12.26,141639,183243566.00,9.54,0.65,0.08,5.52
2021-07-22,12.34,12.05,12.45,11.92,88033,107420323.00,4.29,-2.35,-0.29,3.43
2021-07-23,11.94,11.86,12.11,11.86,58433,70692990.00,2.07,-1.58,-0.19,2.28
2021-07-26,11.87,12.35,12.42,11.69,72521,88195746.00,6.16,4.13,0.49,2.83
2021-07-27,12.25,11.76,12.25,11.76,48511,58831431.00,3.97,-4.78,-0.59,1.89
2021-07-28,11.64,11.45,11.71,11.26,36266,41972621.00,3.83,-2.64,-0.31,1.41
2021-07-29,11.54,11.58,11.66,11.47,26566,31103495.00,1.66,1.14,0.13,1.04
2021-07-30,11.53,11.69,11.70,11.33,29223,34203417.00,3.20,0.95,0.11,1.14
2021-08-02,11.76,11.94,12.00,11.73,30378,36504918.00,2.31,2.14,0.25,1.18
2021-08-03,11.94,11.81,12.00,11.75,24360,29207798.00,2.09,-1.09,-0.13,0.95
2021-08-04,11.80,11.83,11.86,11.70,20348,24310951.00,1.35,0.17,0.02,0.79
2021-08-05,11.90,11.70,11.90,11.64,21305,25319237.00,2.20,-1.10,-0.13,0.83
2021-08-06,11.70,11.61,11.71,11.40,23242,27120479.00,2.65,-0.77,-0.09,0.91
2021-08-09,11.53,11.99,11.99,11.52,35217,42166014.00,4.05,3.27,0.38,1.37
2021-08-10,12.00,12.03,12.09,11.89,30721,37247351.00,1.67,0.33,0.04,1.20
2021-08-11,12.01,11.99,12.08,11.93,27157,32990580.00,1.25,-0.33,-0.04,1.06
2021-08-12,12.00,12.16,12.20,11.91,34931,42735908.00,2.42,1.42,0.17,1.36
2021-08-13,12.13,12.13,12.20,11.99,24112,29499916.00,1.73,-0.25,-0.03,0.94
2021-08-16,12.13,12.16,12.32,11.96,28277,34687735.00,2.97,0.25,0.03,1.10
2021-08-17,11.85,11.28,11.91,11.21,62598,73672230.00,5.76,-7.24,-0.88,2.44
2021-08-18,11.28,11.23,11.42,11.15,33338,37910213.00,2.39,-0.44,-0.05,1.30
2021-08-19,11.21,11.08,11.23,11.05,18532,20833459.00,1.60,-1.34,-0.15,0.72
2021-08-20,10.96,11.08,11.27,10.95,13762,15393853.00,2.89,0.00,0.00,0.54
2021-08-23,11.07,11.23,11.28,11.02,18934,21450214.00,2.35,1.35,0.15,0.74
2021-08-24,11.23,11.33,11.35,11.19,16838,19263403.00,1.42,0.89,0.10,0.66
2021-08-25,11.33,11.25,11.38,11.13,21914,24923328.00,2.21,-0.71,-0.08,0.85
2021-08-26,11.25,11.17,11.28,11.17,14275,16219702.00,0.98,-0.71,-0.08,0.56
2021-08-27,11.16,11.27,11.28,11.02,17609,19818416.00,2.33,0.90,0.10,0.69
2021-08-30,11.23,11.18,11.43,11.12,17955,20449683.00,2.75,-0.80,-0.09,0.70
2021-08-31,11.17,11.20,11.26,11.08,12926,14630088.00,1.61,0.18,0.02,0.50
2021-09-01,11.19,11.30,11.39,11.14,19539,22294221.00,2.23,0.89,0.10,0.76
2021-09-02,11.33,11.45,11.47,11.22,23124,26665468.00,2.21,1.33,0.15,0.90
2021-09-03,11.44,11.47,11.56,11.39,23444,27267325.00,1.48,0.17,0.02,0.91
2021-09-06,11.51,11.53,11.56,11.30,19107,22158530.00,2.27,0.52,0.06,0.75
2021-09-07,11.48,11.68,11.73,11.48,24404,28762982.00,2.17,1.30,0.15,0.95
2021-09-08,11.66,11.63,11.71,11.57,20077,23614964.00,1.20,-0.43,-0.05,0.78
2021-09-09,11.61,11.67,11.72,11.52,20641,24324067.00,1.72,0.34,0.04,0.80
2021-09-10,11.62,11.48,11.71,11.46,22404,26195240.00,2.14,-1.63,-0.19,0.87
2021-09-13,11.48,11.62,11.62,11.43,15932,18608135.00,1.66,1.22,0.14,0.62
2021-09-14,11.65,11.41,11.72,11.38,18614,21774522.00,2.93,-1.81,-0.21,0.73
2021-09-15,11.51,11.43,11.52,11.37,10903,12641616.00,1.31,0.18,0.02,0.43
2021-09-16,11.50,11.61,11.68,11.43,25914,30503928.00,2.19,1.57,0.18,1.01
2021-09-17,11.58,11.54,11.67,11.30,23409,27248941.00,3.19,-0.60,-0.07,0.91
2021-09-22,11.41,11.54,11.58,11.34,13745,15989041.00,2.08,0.00,0.00,0.54
2021-09-23,11.57,11.86,12.10,11.55,51887,62285851.00,4.77,2.77,0.32,2.02
2021-09-24,11.86,11.61,11.88,11.60,20941,24820811.00,2.36,-2.11,-0.25,0.82
2021-09-27,11.61,11.56,11.78,11.37,20078,23481743.00,3.53,-0.43,-0.05,0.78
2021-09-28,11.62,11.66,11.72,11.50,11352,13352214.00,1.90,0.87,0.10,0.44
2021-09-29,11.59,11.23,11.65,11.18,17267,19962102.00,4.03,-3.69,-0.43,0.67
2021-09-30,11.23,11.37,11.43,11.21,10602,12101365.00,1.96,1.25,0.14,0.41
2021-10-08,11.35,11.85,11.93,11.35,33187,39417157.00,5.10,4.22,0.48,1.29
2021-10-11,11.85,11.89,11.94,11.75,16891,20244073.00,1.60,0.34,0.04,0.66
2021-10-12,11.83,11.75,11.87,11.60,16285,19332973.00,2.27,-1.18,-0.14,0.64
2021-10-13,11.67,11.84,11.91,11.66,12810,15316456.00,2.13,0.77,0.09,0.50
2021-10-14,11.90,11.94,11.99,11.77,22658,27339691.00,1.86,0.84,0.10,0.88
2021-10-15,11.93,11.96,12.06,11.77,16869,20316740.00,2.43,0.17,0.02,0.66
2021-10-18,11.96,12.14,12.23,11.89,25786,31593370.00,2.84,1.51,0.18,1.01
2021-10-19,12.14,12.29,12.36,12.01,35093,43573442.00,2.88,1.24,0.15,1.37
2021-10-20,12.22,12.07,12.23,11.99,28577,35056364.00,1.95,-1.79,-0.22,1.11
2021-10-21,12.03,12.26,12.27,12.01,33423,41098771.00,2.15,1.57,0.19,1.30
2021-10-22,12.35,12.37,12.65,12.16,44629,55903166.00,4.00,0.90,0.11,1.74
2021-10-25,12.32,12.25,12.38,12.07,18369,22744843.00,2.51,-0.97,-0.12,0.72
2021-10-26,12.14,12.00,12.23,11.95,18408,22437381.00,2.29,-2.04,-0.25,0.72
2021-10-27,12.00,12.40,12.40,11.91,35199,43535710.00,4.08,3.33,0.40,1.37
2021-10-28,12.43,12.20,12.49,12.18,18571,23087277.00,2.50,-1.61,-0.20,0.72
2021-10-29,12.19,12.25,12.60,11.74,35392,43775633.00,7.05,0.41,0.05,1.38
2021-11-01,11.78,12.35,12.87,11.58,72856,90724062.00,10.53,0.82,0.10,2.84
2021-11-02,12.38,12.08,12.52,12.05,30627,37934701.00,3.81,-2.19,-0.27,1.19
2021-11-03,12.11,12.11,12.42,11.99,16259,19954741.00,3.56,0.25,0.03,0.63
2021-11-04,12.11,12.22,12.35,12.01,21505,26434711.00,2.81,0.91,0.11,0.84
2021-11-05,12.21,12.22,12.31,12.02,20356,25017384.00,2.37,0.00,0.00,0.79
2021-11-08,12.23,12.34,12.38,12.11,26010,32344625.00,2.21,0.98,0.12,1.01
2021-11-09,12.31,12.35,12.74,12.26,64581,81315315.00,3.89,0.08,0.01,2.52
2021-11-10,12.35,12.07,12.35,11.84,46961,57244992.00,4.13,-2.27,-0.28,1.83
2021-11-11,12.14,12.08,12.17,12.00,15423,18830806.00,1.41,0.08,0.01,0.60
2021-11-12,12.06,12.30,12.51,11.94,44778,55732927.00,4.72,1.82,0.22,1.75
2021-11-15,12.23,12.29,12.33,12.16,22231,27572842.00,1.38,-0.08,-0.01,0.87
2021-11-16,12.26,12.38,12.60,12.14,31783,39737569.00,3.74,0.73,0.09,1.24
2021-11-17,12.51,12.50,12.80,12.38,36752,46597775.00,3.39,0.97,0.12,1.43
2021-11-18,12.50,12.65,12.65,12.36,31054,39312383.00,2.32,1.20,0.15,1.21
2021-11-19,12.65,12.78,12.82,12.51,34387,44294150.00,2.45,1.03,0.13,1.34
2021-11-22,12.76,12.89,13.05,12.70,34088,44409876.00,2.74,0.86,0.11,1.33
2021-11-23,13.02,12.71,13.03,12.67,31997,41440875.00,2.79,-1.40,-0.18,1.25
2021-11-24,12.66,12.70,12.82,12.58,18547,23837926.00,1.89,-0.08,-0.01,0.72
2021-11-25,12.71,12.53,12.76,12.45,18933,24056136.00,2.44,-1.34,-0.17,0.74
2021-11-26,12.51,12.63,12.71,12.38,22194,28146475.00,2.63,0.80,0.10,0.87
2021-11-29,12.37,12.47,12.54,12.35,13654,17245296.00,1.50,-1.27,-0.16,0.53
2021-11-30,12.48,12.53,12.75,12.47,18274,23320440.00,2.25,0.48,0.06,0.71
2021-12-01,12.55,12.66,12.68,12.51,13955,17822598.00,1.36,1.04,0.13,0.54
2021-12-02,12.60,12.42,12.70,12.41,18312,23106410.00,2.29,-1.90,-0.24,0.71
2021-12-03,12.43,12.22,12.55,12.18,19079,23741509.00,2.98,-1.61,-0.20,0.74
2021-12-06,12.23,11.90,12.25,11.85,18881,23074813.00,3.27,-2.62,-0.32,0.74
2021-12-07,11.95,12.15,12.15,11.91,14704,17914400.00,2.02,2.10,0.25,0.57
2021-12-08,12.25,12.21,12.40,12.09,20194,25029745.00,2.55,0.49,0.06,0.79
2021-12-09,12.15,12.21,12.29,12.06,11479,14168518.00,1.88,0.00,0.00,0.45
2021-12-10,12.21,12.07,12.21,12.01,13974,17057807.00,1.64,-1.15,-0.14,0.54
2021-12-13,12.13,12.47,13.16,12.13,60948,78118547.00,8.53,3.31,0.40,2.38
2021-12-14,12.40,12.50,12.63,12.23,31969,40353146.00,3.21,0.24,0.03,1.25
2021-12-15,12.40,12.25,12.63,12.24,39432,49399383.00,3.12,-2.00,-0.25,1.54
2021-12-16,12.30,12.30,12.34,12.12,21289,26343292.00,1.80,0.41,0.05,0.83
2021-12-17,12.25,12.37,12.41,12.15,18957,23566157.00,2.11,0.57,0.07,0.74
2021-12-20,12.35,12.43,12.61,12.23,32403,40731868.00,3.07,0.49,0.06,1.26
2021-12-21,12.44,12.60,12.62,12.35,28473,36137897.00,2.17,1.37,0.17,1.11
2021-12-22,12.63,12.66,12.71,12.45,21677,27614652.00,2.06,0.48,0.06,0.85
2021-12-23,12.59,12.51,12.65,12.49,14407,18276022.00,1.26,-1.18,-0.15,0.56
2021-12-24,12.47,12.35,12.53,12.29,12740,15993698.00,1.92,-1.28,-0.16,0.50
2021-12-27,12.44,12.57,12.63,12.27,15320,19383781.00,2.91,1.78,0.22,0.60
2021-12-28,12.64,12.54,12.65,12.41,12906,16333314.00,1.91,-0.24,-0.03,0.50
2021-12-29,12.55,12.56,12.70,12.45,15250,19419877.00,1.99,0.16,0.02,0.59
2021-12-30,12.55,12.62,12.64,12.53,12892,16429157.00,0.88,0.48,0.06,0.50
2021-12-31,12.66,12.55,12.69,12.52,11859,15129098.00,1.35,-0.55,-0.07,0.46