1996-01-02,0.39,0.36,0.39,0.36,2699,1465875.00,7.50,-10.00,-0.04,1.35
1996-01-03,0.36,0.38,0.39,0.35,2232,1205813.00,11.11,5.56,0.02,1.12
1996-01-04,0.38,0.40,0.41,0.37,2802,1540944.00,10.53,5.26,0.02,1.40
1996-01-05,0.41,0.34,0.41,0.34,3483,1877993.00,17.50,-15.00,-0.06,1.74
1996-01-08,0.34,0.34,0.36,0.32,1833,963443.69,11.76,0.00,0.00,0.92
1996-01-09,0.36,0.41,0.41,0.34,6313,3459145.50,20.59,20.59,0.07,3.16
1996-01-10,0.39,0.37,0.40,0.35,3718,2005383.62,12.20,-9.76,-0.04,1.86
1996-01-11,0.36,0.36,0.39,0.35,1789,961597.94,10.81,-2.70,-0.01,0.89
1996-01-12,0.35,0.35,0.37,0.33,2668,1417342.25,11.11,-2.78,-0.01,1.33
1996-01-15,0.35,0.37,0.37,0.35,1521,818061.00,5.71,5.71,0.02,0.76
1996-01-16,0.37,0.37,0.39,0.36,1603,867577.00,8.11,0.00,0.00,0.80
1996-01-17,0.35,0.34,0.37,0.33,2538,1342228.12,10.81,-8.11,-0.03,1.27
1996-01-18,0.31,0.29,0.33,0.29,3737,1891485.50,11.76,-14.71,-0.05,1.87
1996-01-19,0.29,0.29,0.29,0.28,3028,1512857.50,3.45,0.00,0.00,1.51
1996-01-22,0.29,0.27,0.29,0.27,1392,686119.00,6.90,-6.90,-0.02,0.70
1996-01-23,0.26,0.27,0.29,0.26,1603,787826.00,11.11,0.00,0.00,0.80
1996-01-24,0.28,0.27,0.28,0.27,716,354151.00,3.70,0.00,0.00,0.36
1996-01-25,0.28,0.26,0.31,0.26,2196,1094846.00,18.52,-3.70,-0.01,1.10
1996-01-26,0.25,0.27,0.30,0.24,2491,1231882.50,23.08,3.85,0.01,1.25
1996-01-29,0.27,0.28,0.28,0.26,1946,956400.62,7.41,3.70,0.01,0.97
1996-01-30,0.29,0.28,0.29,0.26,1510,743292.00,10.71,0.00,0.00,0.76
1996-01-31,0.29,0.28,0.29,0.27,2211,1102236.00,7.14,0.00,0.00,1.11
1996-02-01,0.29,0.31,0.31,0.28,4849,2458040.75,10.71,10.71,0.03,2.42
1996-02-02,0.30,0.29,0.30,0.27,2503,1249900.00,9.68,-6.45,-0.02,1.25
1996-02-05,0.30,0.27,0.31,0.27,2431,1223772.00,13.79,-6.90,-0.02,1.22
1996-02-06,0.25,0.26,0.27,0.25,1299,631383.00,7.41,-3.70,-0.01,0.65
1996-02-07,0.27,0.26,0.27,0.26,640,312570.00,3.85,0.00,0.00,0.32
1996-02-08,0.25,0.25,0.26,0.25,943,456611.97,3.85,-3.85,-0.01,0.47
1996-02-09,0.25,0.26,0.26,0.25,764,369825.00,4.00,4.00,0.01,0.38
1996-02-12,0.26,0.26,0.26,0.26,411,200119.58,0.00,0.00,0.00,0.21
1996-02-13,0.26,0.27,0.28,0.26,1159,571681.69,7.69,3.85,0.01,0.58
1996-02-14,0.27,0.26,0.29,0.26,877,432486.00,11.11,-3.70,-0.01,0.44
1996-02-15,0.27,0.29,0.29,0.26,1725,856074.06,11.54,11.54,0.03,0.86
1996-02-16,0.30,0.30,0.30,0.28,4040,2036500.12,6.90,3.45,0.01,2.02
1996-03-04,0.36,0.43,0.44,0.32,15731,8620280.00,40.00,43.33,0.13,7.87
1996-03-05,0.43,0.39,0.44,0.38,11055,6222670.00,13.95,-9.30,-0.04,5.53
1996-03-06,0.37,0.36,0.43,0.36,11301,6242521.50,17.95,-7.69,-0.03,5.65
1996-03-07,0.36,0.38,0.39,0.36,4872,2637948.75,8.33,5.56,0.02,2.44
1996-03-08,0.38,0.35,0.38,0.33,3443,1816079.88,13.16,-7.89,-0.03,1.72
1996-03-11,0.34,0.31,0.36,0.30,5585,2880193.00,17.14,-11.43,-0.04,2.79
1996-03-12,0.30,0.29,0.31,0.26,4520,2250703.00,16.13,-6.45,-0.02,2.26
1996-03-13,0.29,0.30,0.30,0.28,2350,1179399.00,6.90,3.45,0.01,1.18
1996-03-14,0.30,0.30,0.32,0.29,2090,1063391.00,10.00,0.00,0.00,1.05
1996-03-15,0.29,0.30,0.31,0.28,2930,1472851.00,10.00,0.00,0.00,1.47
1996-03-18,0.30,0.30,0.30,0.29,1569,792293.00,3.33,0.00,0.00,0.78
1996-03-19,0.30,0.30,0.31,0.29,2062,1039718.00,6.67,0.00,0.00,1.03
1996-03-20,0.31,0.33,0.34,0.30,8860,4619198.00,13.33,10.00,0.03,4.43
1996-03-21,0.33,0.33,0.36,0.33,7051,3739714.75,9.09,0.00,0.00,3.53
1996-03-22,0.33,0.33,0.33,0.31,3843,1994603.00,6.06,0.00,0.00,1.92
1996-03-25,0.34,0.34,0.36,0.33,5039,2671684.50,9.09,3.03,0.01,2.52
1996-03-26,0.35,0.34,0.39,0.33,10224,5500724.00,17.65,0.00,0.00,5.11
1996-03-27,0.33,0.32,0.33,0.31,4473,2308896.00,5.88,-5.88,-0.02,2.24
1996-03-28,0.32,0.30,0.33,0.30,2989,1533203.88,9.38,-6.25,-0.02,1.49
1996-03-29,0.30,0.31,0.31,0.29,2858,1451312.00,6.67,3.33,0.01,1.43
1996-04-01,0.32,0.29,0.32,0.29,7401,3727944.00,9.68,-6.45,-0.02,3.70
1996-04-02,0.28,0.29,0.31,0.27,5398,2720854.00,13.79,0.00,0.00,2.70
1996-04-03,0.29,0.30,0.30,0.29,967,488710.00,3.45,3.45,0.01,0.48
1996-04-04,0.29,0.29,0.30,0.29,1694,850618.06,3.33,-3.33,-0.01,0.85
1996-04-05,0.30,0.32,0.32,0.29,4068,2072786.00,10.34,10.34,0.03,2.03
1996-04-08,0.33,0.42,0.43,0.32,33870,18658852.00,34.38,31.25,0.10,16.94
1996-04-09,0.41,0.38,0.42,0.38,13401,7423458.50,9.52,-9.52,-0.04,6.70
1996-04-10,0.37,0.40,0.42,0.37,8485,4721375.50,13.16,5.26,0.02,4.24
1996-04-11,0.39,0.45,0.46,0.39,17765,10147436.00,17.50,12.50,0.05,8.88
1996-04-12,0.46,0.44,0.47,0.43,21488,12503702.00,8.89,-2.22,-0.01,10.74
1996-04-15,0.43,0.42,0.44,0.41,14283,8114044.50,6.82,-4.55,-0.02,7.14
1996-04-16,0.42,0.43,0.45,0.40,7290,4161730.75,11.90,2.38,0.01,3.65
1996-04-17,0.43,0.42,0.45,0.42,8524,4853368.00,6.98,-2.33,-0.01,4.26
1996-04-18,0.42,0.51,0.53,0.42,22974,13496546.00,26.19,21.43,0.09,11.49
1996-04-19,0.52,0.50,0.55,0.47,23667,14386545.00,15.69,-1.96,-0.01,11.83
1996-04-22,0.51,0.49,0.53,0.48,16055,9773849.00,10.00,-2.00,-0.01,8.03
1996-04-23,0.49,0.54,0.55,0.48,14170,8677369.00,14.29,10.20,0.05,7.09
1996-04-24,0.55,0.63,0.65,0.55,24234,15855223.00,18.52,16.67,0.09,12.12
1996-04-25,0.67,0.53,0.70,0.51,21262,13917832.00,30.16,-15.87,-0.10,10.63
1996-04-26,0.55,0.66,0.71,0.52,25763,17431048.00,35.85,24.53,0.13,12.88
1996-04-29,0.67,0.68,0.68,0.59,19664,13323234.00,13.64,3.03,0.02,9.83
1996-05-02,0.67,0.53,0.70,0.51,14687,9541826.00,27.94,-22.06,-0.15,7.34
1996-05-03,0.54,0.53,0.56,0.49,6703,4144189.50,13.21,0.00,0.00,3.35
1996-05-06,0.53,0.59,0.59,0.52,7750,4906251.00,13.21,11.32,0.06,3.88
1996-05-07,0.63,0.57,0.63,0.55,8097,5213289.50,13.56,-3.39,-0.02,4.05
1996-05-08,0.57,0.60,0.65,0.54,24703,16123142.00,19.30,5.26,0.03,12.35
1996-05-09,0.61,0.57,0.62,0.55,12684,8217042.50,11.67,-5.00,-0.03,6.34
1996-05-10,0.53,0.56,0.56,0.51,4420,2729443.25,8.77,-1.75,-0.01,2.21
1996-05-13,0.57,0.59,0.60,0.55,15525,9976723.00,8.93,5.36,0.03,7.76
1996-05-14,0.59,0.57,0.61,0.57,7208,4684041.50,6.78,-3.39,-0.02,3.60
1996-05-15,0.56,0.60,0.61,0.55,7345,4769769.00,10.53,5.26,0.03,3.67
1996-05-16,0.65,0.61,0.66,0.60,14641,9728971.00,10.00,1.67,0.01,7.32
1996-05-17,0.60,0.66,0.67,0.58,11737,7787714.50,14.75,8.20,0.05,5.87
1996-05-20,0.70,0.69,0.76,0.67,35713,25437264.00,13.64,4.55,0.03,17.86
1996-05-21,0.66,0.56,0.70,0.55,16217,10848414.00,21.74,-18.84,-0.13,8.11
1996-05-22,0.56,0.58,0.60,0.54,9379,6015223.50,10.71,3.57,0.02,4.69
1996-05-23,0.61,0.49,0.61,0.49,8637,5321919.50,20.69,-15.52,-0.09,4.32
1996-05-24,0.49,0.49,0.51,0.47,5681,3424597.75,8.16,0.00,0.00,2.84
1996-05-27,0.49,0.50,0.51,0.48,5339,3224817.25,6.12,2.04,0.01,2.67
1996-05-28,0.41,0.52,0.53,0.41,3764,2264494.00,24.00,4.00,0.02,1.88
1996-05-29,0.52,0.57,0.57,0.51,4557,2840308.00,11.54,9.62,0.05,2.28
1996-05-30,0.56,0.54,0.57,0.50,3952,2458965.00,12.28,-5.26,-0.03,1.98
1996-05-31,0.49,0.55,0.57,0.49,11369,7124980.00,14.81,1.85,0.01,5.68
1996-06-03,0.58,0.54,0.58,0.51,9428,5895548.00,12.73,-1.82,-0.01,4.71
1996-06-04,0.52,0.56,0.59,0.51,8188,5217396.50,14.81,3.70,0.02,4.09
1996-06-05,0.55,0.57,0.59,0.53,10146,6417945.00,10.71,1.79,0.01,5.07
1996-06-06,0.61,0.61,0.64,0.56,18993,12454820.00,14.04,7.02,0.04,9.50
1996-06-07,0.63,0.62,0.64,0.57,14016,9258393.00,11.48,1.64,0.01,7.01
1996-06-10,0.62,0.61,0.63,0.59,13247,8663144.00,6.45,-1.61,-0.01,6.62
1996-06-11,0.66,0.63,0.66,0.61,6448,3806629.00,8.20,3.28,0.02,2.93
1996-06-12,0.63,0.65,0.68,0.60,10268,6134669.50,12.70,3.17,0.02,4.67
1996-06-13,0.65,0.68,0.73,0.62,10275,6208707.50,16.92,4.62,0.03,4.67
1996-06-14,0.72,0.68,0.73,0.65,9559,5827741.50,11.76,0.00,0.00,4.35
1996-06-17,0.67,0.64,0.67,0.62,5143,3074361.00,7.35,-5.88,-0.04,2.34
1996-06-18,0.63,0.68,0.68,0.43,8680,5224746.50,39.06,6.25,0.04,3.95
1996-06-19,0.69,0.65,0.69,0.64,8503,5180268.50,7.35,-4.41,-0.03,3.87
1996-06-20,0.67,0.67,0.71,0.66,16375,10050118.00,7.69,3.08,0.02,7.44
1996-06-21,0.68,0.71,0.72,0.66,20698,12842757.00,8.96,5.97,0.04,9.41
1996-06-24,0.73,0.78,0.79,0.71,18971,12332586.00,11.27,9.86,0.07,8.62
1996-06-25,0.76,0.76,0.81,0.70,16595,10762383.00,14.10,-2.56,-0.02,7.54
1996-06-26,0.75,0.80,0.80,0.73,15069,9927539.00,9.21,5.26,0.04,6.85
1996-06-27,0.81,0.86,0.92,0.81,25352,17727870.00,13.75,7.50,0.06,11.52
1996-06-28,0.87,0.87,0.96,0.83,33535,23967912.00,15.12,1.16,0.01,15.24
1996-07-01,0.87,0.79,0.87,0.78,23915,16029530.00,10.34,-9.20,-0.08,10.87
1996-07-02,0.81,0.79,0.84,0.77,23267,15615616.00,8.86,0.00,0.00,10.58
1996-07-03,0.79,0.85,0.88,0.79,10201,6991772.50,11.39,7.59,0.06,4.64
1996-07-04,0.86,0.95,0.97,0.85,27694,20001208.00,14.12,11.76,0.10,12.59
1996-07-05,0.98,1.01,1.10,0.95,28214,21863690.00,15.79,6.32,0.06,12.82
1996-07-08,1.01,1.20,1.20,1.01,26483,21465164.00,18.81,18.81,0.19,12.04
1996-07-09,1.20,1.25,1.27,1.16,18226,15528089.00,9.17,4.17,0.05,8.28
1996-07-10,1.28,1.37,1.37,1.17,26510,23330700.00,16.00,9.60,0.12,12.05
1996-07-11,1.32,1.22,1.36,1.21,33199,29964436.00,10.95,-10.95,-0.15,15.09
1996-07-12,1.26,1.59,1.66,1.21,38508,36010192.00,36.89,30.33,0.37,17.50
1996-07-15,1.55,1.56,1.64,1.43,24682,25013606.00,13.21,-1.89,-0.03,11.22
1996-07-16,1.71,1.79,1.88,1.59,43603,46151292.00,18.59,14.74,0.23,19.82
1996-07-17,1.75,1.63,1.75,1.61,14745,15635356.00,7.82,-8.94,-0.16,6.70
1996-07-18,1.68,1.68,1.68,1.59,18870,19687864.00,5.52,3.07,0.05,8.58
1996-07-19,1.68,1.84,1.87,1.66,35059,38181204.00,12.50,9.52,0.16,15.94
1996-07-22,1.77,1.77,1.84,1.66,29819,32400204.00,9.78,-3.80,-0.07,13.55
1996-07-23,1.76,2.24,2.25,1.70,87036,104031880.00,31.07,26.55,0.47,39.56
1996-07-24,2.19,2.03,2.37,2.02,79005,100530840.00,15.63,-9.38,-0.21,35.91
1996-07-25,2.07,2.07,2.15,2.07,40209,49968192.00,3.94,1.97,0.04,18.28
1996-07-26,2.08,2.82,2.82,2.08,111908,154205584.00,35.75,36.23,0.75,50.87
1996-07-29,2.82,2.53,3.09,2.52,165807,255664096.00,20.21,-10.28,-0.29,75.37
1996-07-30,2.52,2.22,2.62,2.14,172045,227932656.00,18.97,-12.25,-0.31,78.20
1996-07-31,2.15,2.03,2.24,1.96,105897,128405608.00,12.61,-8.56,-0.19,48.14
1996-08-01,1.85,1.92,1.99,1.85,54436,62662992.00,6.90,-5.42,-0.11,24.74
1996-08-02,1.88,1.80,1.90,1.76,24297,27283976.00,7.29,-6.25,-0.12,11.04
1996-08-05,1.80,1.88,1.89,1.79,12008,13655636.00,5.56,4.44,0.08,5.46
1996-08-06,1.88,1.84,1.88,1.79,12029,13512892.00,4.79,-2.13,-0.04,5.47
1996-08-07,1.84,1.89,1.97,1.84,18735,21794920.00,7.07,2.72,0.05,8.52
1996-08-08,1.90,1.87,1.93,1.83,12740,14495984.00,5.29,-1.06,-0.02,5.79
1996-08-09,1.88,1.85,1.89,1.80,9883,11184251.00,4.81,-1.07,-0.02,4.49
1996-08-12,1.87,1.91,1.97,1.87,12766,14903991.00,5.41,3.24,0.06,5.80
1996-08-13,1.93,1.86,1.93,1.84,4964,5677634.00,4.71,-2.62,-0.05,2.26
1996-08-14,1.87,1.84,1.87,1.83,5932,6727071.00,2.15,-1.08,-0.02,2.70
1996-08-15,1.83,1.79,1.83,1.77,7199,8045516.50,3.26,-2.72,-0.05,3.27
1996-08-16,1.76,1.70,1.77,1.65,8243,8764625.00,6.70,-5.03,-0.09,3.75
1996-08-19,1.66,1.57,1.70,1.56,7128,7378319.50,8.24,-7.65,-0.13,3.24
1996-08-20,1.53,1.41,1.53,1.40,9323,8971421.00,8.28,-10.19,-0.16,4.24
1996-08-21,1.35,1.50,1.50,1.32,9785,9309773.00,12.77,6.38,0.09,4.45
1996-08-22,1.21,1.13,1.23,1.07,31067,25440560.00,10.67,-24.67,-0.37,14.12
1996-08-23,1.10,0.97,1.10,0.93,23132,17301894.00,15.04,-14.16,-0.16,10.51
1996-08-26,0.89,0.89,0.95,0.85,13287,9435583.00,10.31,-8.25,-0.08,6.04
1996-08-27,0.87,0.90,0.95,0.86,15342,11022807.00,10.11,1.12,0.01,6.97
1996-08-28,0.91,0.98,0.98,0.91,15527,11382425.00,7.78,8.89,0.08,7.06
1996-08-29,0.97,1.07,1.12,0.95,25802,20214560.00,17.35,9.18,0.09,11.73
1996-08-30,1.07,1.12,1.16,1.03,25116,20104334.00,12.15,4.67,0.05,11.42
1996-09-02,1.12,1.14,1.15,1.07,21655,17463544.00,7.14,1.79,0.02,9.84
1996-09-03,1.16,1.28,1.43,1.14,41620,37850460.00,25.44,12.28,0.14,18.92
1996-09-04,1.25,1.27,1.30,1.21,18093,15662073.00,7.03,-0.78,-0.01,8.22
1996-09-05,1.30,1.14,1.31,1.12,13119,11320726.00,14.96,-10.24,-0.13,5.96
1996-09-06,1.10,1.10,1.16,1.05,11835,9481556.00,9.65,-3.51,-0.04,5.38
1996-09-09,1.07,1.11,1.14,0.91,7244,5733420.50,20.91,0.91,0.01,3.29
1996-09-10,1.07,0.98,1.12,0.96,6882,5337777.00,14.41,-11.71,-0.13,3.13
1996-09-11,0.96,1.02,1.05,0.94,6078,4603064.50,11.22,4.08,0.04,2.76
1996-09-12,1.02,0.94,1.03,0.92,5443,4051952.25,10.78,-7.84,-0.08,2.47
1996-09-13,0.92,0.96,0.98,0.91,6432,4687524.00,7.45,2.13,0.02,2.92
1996-09-16,0.96,1.04,1.10,0.94,9339,7226097.00,16.67,8.33,0.08,4.25
1996-09-17,1.06,1.06,1.09,1.00,9431,7315713.00,8.65,1.92,0.02,4.29
1996-09-18,1.05,0.94,1.07,0.92,5717,4303967.50,14.15,-11.32,-0.12,2.60
1996-09-19,0.92,1.11,1.14,0.91,28539,22499526.00,24.47,18.09,0.17,12.97
1996-09-20,1.14,1.05,1.14,1.03,11564,9047310.00,9.91,-5.41,-0.06,5.26
1996-09-23,1.05,1.02,1.05,0.99,5505,4210541.00,5.71,-2.86,-0.03,2.50
1996-09-24,0.98,1.03,1.04,0.98,6004,4590925.50,5.88,0.98,0.01,2.73
1996-09-25,1.05,1.01,1.05,0.98,4137,3145160.00,6.80,-1.94,-0.02,1.88
1996-09-26,1.02,1.06,1.14,1.00,11589,9172969.00,13.86,4.95,0.05,5.27
1996-09-27,1.05,1.07,1.11,1.04,8744,6928895.00,6.60,0.94,0.01,3.97
1996-10-03,1.05,1.12,1.20,1.05,15609,12722515.00,14.02,4.67,0.05,7.10
1996-10-04,1.10,1.17,1.18,1.10,14694,12071407.00,7.14,4.46,0.05,6.68
1996-10-07,1.18,1.36,1.43,1.18,52954,48237272.00,21.37,16.24,0.19,24.07
1996-10-08,1.36,1.31,1.36,1.27,26756,23821586.00,6.62,-3.68,-0.05,12.16
1996-10-09,1.30,1.24,1.32,1.21,16275,14261415.00,8.40,-5.34,-0.07,7.40
1996-10-10,1.23,1.25,1.30,1.19,11008,9520510.00,8.87,0.81,0.01,5.00
1996-10-11,1.25,1.38,1.42,1.21,37786,34468156.00,16.80,10.40,0.13,17.18
1996-10-14,1.57,1.79,1.88,1.57,76911,83396456.00,22.46,29.71,0.41,34.96
1996-10-15,1.76,1.98,2.06,1.69,41066,46862608.00,20.67,10.61,0.19,18.67
1996-10-16,1.97,1.85,2.07,1.77,27535,32278154.00,15.15,-6.57,-0.13,12.52
1996-10-17,1.81,1.90,1.94,1.72,26508,30142440.00,11.89,2.70,0.05,12.05
1996-10-18,1.86,1.58,1.90,1.51,25832,27850248.00,20.53,-16.84,-0.32,11.74
1996-10-21,1.50,1.66,1.68,1.47,16198,16526826.00,13.29,5.06,0.08,7.36
1996-10-22,1.53,1.51,1.59,1.50,13279,13280222.00,5.42,-9.04,-0.15,6.04
1996-10-23,1.50,1.63,1.72,1.50,12287,12621995.00,14.57,7.95,0.12,5.59
1996-10-24,1.64,1.62,1.70,1.57,11606,12130255.00,7.98,-0.61,-0.01,5.28
1996-10-25,1.58,1.61,1.66,1.55,8244,8446070.00,6.79,-0.62,-0.01,3.75
1996-10-28,1.55,1.66,1.68,1.53,13858,14290525.00,9.32,3.11,0.05,6.30
1996-10-29,1.66,1.76,1.87,1.65,27718,30279434.00,13.25,6.02,0.10,12.60
1996-10-30,1.76,1.65,1.81,1.63,14236,15187259.00,10.23,-6.25,-0.11,6.47
1996-10-31,1.66,1.72,1.75,1.63,15035,16016423.00,7.27,4.24,0.07,6.83
1996-11-01,1.66,1.79,1.81,1.64,29036,31440172.00,9.88,4.07,0.07,13.20
1996-11-04,1.80,1.97,1.98,1.77,51786,59792928.00,11.73,10.06,0.18,23.54
1996-11-05,2.04,1.83,2.04,1.81,34966,40875372.00,11.68,-7.11,-0.14,15.89
1996-11-06,1.84,1.66,1.84,1.55,15537,16564182.00,15.85,-9.29,-0.17,7.06
1996-11-07,1.66,1.60,1.70,1.58,8857,9144271.00,7.23,-3.61,-0.06,4.03
1996-11-08,1.60,1.66,1.67,1.57,9471,9773417.00,6.25,3.75,0.06,4.31
1996-11-11,1.70,1.73,1.74,1.63,12424,13235473.00,6.63,4.22,0.07,5.65
1996-11-12,1.73,1.72,1.74,1.67,12389,13240088.00,4.05,-0.58,-0.01,5.63
1996-11-13,1.74,1.80,1.83,1.70,19435,21421514.00,7.56,4.65,0.08,8.83
1996-11-14,1.80,1.81,1.83,1.77,21571,23970616.00,3.33,0.56,0.01,9.81
1996-11-15,1.83,1.90,1.94,1.79,34303,39456020.00,8.29,4.97,0.09,15.59
1996-11-18,1.96,1.94,1.97,1.86,30756,35994916.00,5.79,2.11,0.04,13.98
1996-11-19,1.95,2.17,2.21,1.93,52765,65324032.00,14.43,11.86,0.23,23.98
1996-11-20,2.15,2.19,2.30,2.06,36242,46647308.00,11.06,0.92,0.02,16.47
1996-11-21,2.20,1.85,2.23,1.81,38491,48101212.00,19.18,-15.53,-0.34,17.50
1996-11-22,1.86,2.02,2.06,1.72,25334,29522524.00,18.38,9.19,0.17,11.52
1996-11-25,2.06,2.09,2.13,1.95,26949,33019618.00,8.91,3.47,0.07,12.25
1996-11-26,2.11,2.01,2.15,1.93,17926,21933846.00,10.53,-3.83,-0.08,8.15
1996-11-27,1.97,2.01,2.14,1.97,20989,25775404.00,8.46,0.00,0.00,9.54
1996-11-28,1.99,1.96,2.03,1.90,9600,11343801.00,6.47,-2.49,-0.05,4.36
1996-11-29,1.99,1.95,2.02,1.88,10590,12509814.00,7.14,-0.51,-0.01,4.81
1996-12-02,1.99,1.92,1.99,1.88,10078,11701400.00,5.64,-1.54,-0.03,4.58
1996-12-03,1.86,2.01,2.02,1.86,8078,9498113.00,8.33,4.69,0.09,3.67
1996-12-04,2.04,2.03,2.10,1.99,18607,22810948.00,5.47,1.00,0.02,8.46
1996-12-05,2.02,2.09,2.10,2.02,16359,20104970.00,3.94,2.96,0.06,7.44
1996-12-06,2.11,2.18,2.21,2.07,32056,40765720.00,6.70,4.31,0.09,14.57
1996-12-09,2.22,2.25,2.33,2.19,29749,39192040.00,6.42,3.21,0.07,13.52
1996-12-10,2.24,2.16,2.26,2.11,20450,26185210.00,6.67,-4.00,-0.09,9.30
1996-12-11,2.17,2.18,2.24,2.15,21519,27725820.00,4.17,0.93,0.02,9.78
1996-12-12,2.18,2.09,2.22,2.04,15263,19395926.00,8.26,-4.13,-0.09,6.94
1996-12-13,2.05,1.90,2.10,1.90,9866,11930551.00,9.57,-9.09,-0.19,4.48
1996-12-16,1.65,1.65,1.65,1.65,728,762944.00,0.00,-13.16,-0.25,0.33
1996-12-17,1.42,1.42,1.42,1.42,642,605406.00,0.00,-13.94,-0.23,0.29
1996-12-18,1.21,1.44,1.52,1.21,15563,13853794.00,21.83,1.41,0.02,7.07
1996-12-19,1.39,1.23,1.43,1.23,6454,5679434.00,13.89,-14.58,-0.21,2.93
1996-12-20,1.03,1.03,1.10,1.03,4754,3674701.00,5.69,-16.26,-0.20,2.16
1996-12-23,0.90,0.88,1.01,0.88,10350,7473606.00,12.62,-14.56,-0.15,4.70
1996-12-24,0.90,0.78,0.95,0.78,8420,5977416.50,19.32,-11.36,-0.10,3.83
1996-12-25,0.76,0.83,0.84,0.72,9242,6145313.50,15.38,6.41,0.05,4.20
1996-12-26,0.86,0.89,0.92,0.85,4876,3442865.50,8.43,7.23,0.06,2.22
1996-12-27,0.98,1.05,1.05,0.92,18504,13935920.00,14.61,17.98,0.16,8.41
1996-12-30,1.09,1.22,1.22,1.01,21731,17862548.00,20.00,16.19,0.17,9.88
1996-12-31,1.20,1.07,1.20,1.04,11849,9596042.00,13.11,-12.30,-0.15,5.39