2014-01-02,7.29,7.32,7.32,7.25,9692,10938902.00,0.96,0.55,0.04,0.68
2014-01-03,7.29,7.21,7.33,7.19,8968,10053746.00,1.91,-1.50,-0.11,0.63
2014-01-06,7.21,6.81,7.21,6.77,14196,15377766.00,6.10,-5.55,-0.40,1.00
2014-01-07,6.78,6.82,6.95,6.75,11552,12330231.00,2.94,0.15,0.01,0.82
2014-01-08,6.82,6.98,7.02,6.77,11499,12379977.00,3.67,2.35,0.16,0.81
2014-01-09,6.98,6.78,7.02,6.77,11894,12848632.00,3.58,-2.87,-0.20,0.84
2014-01-10,6.70,6.42,6.77,6.42,11022,11307326.00,5.16,-5.31,-0.36,0.78
2014-01-13,6.42,6.24,6.50,6.19,8486,8511095.00,4.83,-2.80,-0.18,0.60
2014-01-14,6.31,6.35,6.46,6.23,8467,8494359.00,3.69,1.76,0.11,0.60
2014-01-15,6.31,6.35,6.38,6.27,9711,9731410.00,1.73,0.00,0.00,0.69
2014-01-16,6.35,6.41,6.58,6.28,10912,11047269.00,4.72,0.94,0.06,0.77
2014-01-17,6.37,6.27,6.37,6.26,7151,7136693.00,1.72,-2.18,-0.14,0.50
2014-01-20,6.34,6.22,6.34,6.14,5361,5305548.00,3.19,-0.80,-0.05,0.38
2014-01-21,6.23,6.28,6.44,6.22,6670,6670278.00,3.54,0.96,0.06,0.47
2014-01-22,6.40,6.52,6.55,6.27,13018,13268583.00,4.46,3.82,0.24,0.92
2014-01-23,6.55,6.46,6.55,6.40,13121,13373756.00,2.30,-0.92,-0.06,0.93
2014-01-24,6.43,6.52,6.56,6.43,10520,10801024.00,2.01,0.93,0.06,0.74
2014-01-27,6.58,6.54,6.61,6.42,9995,10233980.00,2.91,0.31,0.02,0.71
2014-01-28,6.58,6.73,6.77,6.58,15092,15854703.00,2.91,2.91,0.19,1.07
2014-01-29,6.75,6.64,6.75,6.58,9593,9986861.00,2.53,-1.34,-0.09,0.68
2014-01-30,6.66,6.62,6.71,6.51,8522,8837533.00,3.01,-0.30,-0.02,0.60
2014-02-07,6.55,6.63,6.65,6.45,8253,8508543.00,3.02,0.15,0.01,0.58
2014-02-10,6.63,6.82,6.87,6.62,17956,19029449.00,3.77,2.87,0.19,1.27
2014-02-11,6.78,6.78,6.85,6.71,17623,18691230.00,2.05,-0.59,-0.04,1.24
2014-02-12,6.78,6.94,6.94,6.72,21011,22529387.00,3.24,2.36,0.16,1.48
2014-02-13,7.02,6.85,7.04,6.81,19266,20788570.00,3.31,-1.30,-0.09,1.36
2014-02-14,6.95,6.92,6.98,6.84,12462,13419746.00,2.04,1.02,0.07,0.88
2014-02-17,7.00,6.98,7.01,6.92,15093,16356106.00,1.30,0.87,0.06,1.07
2014-02-18,6.97,6.87,6.97,6.78,18088,19366527.00,2.72,-1.58,-0.11,1.28
2014-02-19,6.88,6.82,6.91,6.77,18525,19766888.00,2.04,-0.73,-0.05,1.31
2014-02-20,6.96,6.91,7.02,6.81,26545,28677887.00,3.08,1.32,0.09,1.87
2014-02-21,6.96,6.82,6.96,6.77,12241,13096713.00,2.75,-1.30,-0.09,0.86
2014-02-24,6.82,6.61,6.87,6.58,13835,14466593.00,4.25,-3.08,-0.21,0.98
2014-02-25,6.69,6.62,6.93,6.60,20959,22167895.00,4.99,0.15,0.01,1.48
2014-02-26,6.62,6.41,6.72,6.17,12737,12879678.00,8.31,-3.17,-0.21,0.90
2014-02-27,6.45,6.37,6.50,6.31,11057,11199202.00,2.96,-0.62,-0.04,0.78
2014-02-28,6.31,6.45,6.47,6.20,9310,9318908.00,4.24,1.26,0.08,0.66
2014-03-03,6.45,6.58,6.58,6.32,9913,10126198.00,4.03,2.02,0.13,0.70
2014-03-04,6.52,6.50,6.54,6.41,10591,10819655.00,1.98,-1.22,-0.08,0.75
2014-03-05,6.55,6.44,6.55,6.42,8736,8929816.00,2.00,-0.92,-0.06,0.62
2014-03-06,6.47,6.42,6.53,6.38,8588,8719971.00,2.33,-0.31,-0.02,0.61
2014-03-07,6.38,6.44,6.48,6.38,6121,6218380.00,1.56,0.31,0.02,0.43
2014-03-10,6.46,6.22,6.46,6.20,9175,9173718.00,4.04,-3.42,-0.22,0.65
2014-03-11,6.22,6.16,6.27,6.06,7866,7722768.00,3.38,-0.96,-0.06,0.56
2014-03-12,6.12,6.19,6.24,6.06,6755,6625883.00,2.92,0.49,0.03,0.48
2014-03-13,6.27,6.21,6.31,6.17,5540,5479701.00,2.26,0.32,0.02,0.39
2014-03-14,6.19,6.31,6.41,6.17,10945,10945626.00,3.86,1.61,0.10,0.77
2014-03-17,6.25,6.38,6.41,6.24,8696,8740207.00,2.69,1.11,0.07,0.61
2014-03-18,6.42,6.35,6.46,6.31,8132,8230002.00,2.35,-0.47,-0.03,0.57
2014-03-19,6.33,6.42,6.42,6.29,7117,7163174.00,2.05,1.10,0.07,0.50
2014-03-20,6.42,6.20,6.45,6.18,7927,7977148.00,4.21,-3.43,-0.22,0.56
2014-03-21,6.15,6.29,6.30,6.08,6867,6773629.00,3.55,1.45,0.09,0.48
2014-03-24,6.27,6.42,6.46,6.27,12671,12853264.00,3.02,2.07,0.13,0.89
2014-03-25,6.38,6.48,6.53,6.37,16994,17376824.00,2.49,0.93,0.06,1.20
2014-03-26,6.48,6.45,6.52,6.39,8425,8587318.00,2.01,-0.46,-0.03,0.59
2014-03-27,6.42,6.27,6.44,6.25,10648,10712640.00,2.95,-2.79,-0.18,0.75
2014-03-28,6.35,6.53,6.58,6.22,18597,18923584.00,5.74,4.15,0.26,1.31
2014-03-31,6.50,6.45,6.60,6.38,13226,13535555.00,3.37,-1.23,-0.08,0.93
2014-04-01,6.45,7.23,7.23,6.42,45952,50316231.00,12.56,12.09,0.78,3.24
2014-04-02,7.51,7.32,7.68,7.08,108983,123808885.00,8.30,1.24,0.09,7.69
2014-04-03,7.26,7.14,7.30,7.05,45893,50752375.00,3.42,-2.46,-0.18,3.24
2014-04-04,7.16,7.01,7.16,6.82,38757,42092648.00,4.76,-1.82,-0.13,2.74
2014-04-08,6.98,7.05,7.06,6.86,25496,27716321.00,2.85,0.57,0.04,1.80
2014-04-09,7.04,7.02,7.13,6.93,28208,30801291.00,2.84,-0.43,-0.03,1.99
2014-04-10,7.12,7.16,7.37,7.10,65926,73853668.00,3.85,1.99,0.14,4.65
2014-04-11,7.10,6.89,7.11,6.75,37744,40547244.00,5.03,-3.77,-0.27,2.66
2014-04-14,6.83,6.99,6.99,6.70,23876,25527730.00,4.21,1.45,0.10,1.69
2014-04-15,6.92,7.41,7.66,6.92,89251,101406437.00,10.59,6.01,0.42,6.30
2014-04-16,7.62,7.84,8.28,7.54,123467,149202903.00,9.99,5.80,0.43,8.72
2014-04-17,7.68,7.99,8.14,7.42,100337,119049879.00,9.18,1.91,0.15,7.08
2014-04-18,7.93,8.44,8.75,7.77,147689,188026839.00,12.27,5.63,0.45,10.42
2014-04-21,8.15,8.15,8.27,7.96,92864,114348613.00,3.67,-3.44,-0.29,6.55
2014-04-22,8.06,7.94,8.35,7.72,68783,84038088.00,7.73,-2.58,-0.21,4.86
2014-04-23,7.81,7.62,7.92,7.55,47220,55890108.00,4.66,-4.03,-0.32,3.33
2014-04-24,7.65,7.43,7.66,7.42,37320,43145890.00,3.15,-2.49,-0.19,2.63
2014-04-25,7.44,7.10,7.68,7.04,56126,63730566.00,8.61,-4.44,-0.33,3.96
2014-04-28,7.12,6.80,7.12,6.77,32987,35537466.00,4.93,-4.23,-0.30,2.33
2014-04-29,6.78,6.98,7.00,6.75,27425,29412121.00,3.68,2.65,0.18,1.94
2014-04-30,6.96,7.22,7.37,6.91,46354,51808848.00,6.59,3.44,0.24,3.27
2014-05-05,7.18,7.25,7.45,7.09,41393,46577991.00,4.99,0.42,0.03,2.92
2014-05-06,7.29,7.22,7.33,7.00,33456,37196251.00,4.55,-0.41,-0.03,2.36
2014-05-07,7.15,6.88,7.21,6.87,24897,27186314.00,4.71,-4.71,-0.34,1.76
2014-05-08,6.85,7.54,7.64,6.78,64487,72660091.00,12.50,9.59,0.66,4.55
2014-05-09,7.38,7.31,7.52,7.28,45331,51576754.00,3.18,-3.05,-0.23,3.20
2014-05-12,7.42,7.46,7.52,7.31,38928,44549923.00,2.87,2.05,0.15,2.75
2014-05-13,7.42,7.95,8.14,7.35,80933,96968939.00,10.59,6.57,0.49,5.71
2014-05-14,7.83,8.24,8.27,7.71,89507,109884750.00,7.04,3.65,0.29,6.32
2014-05-15,8.20,7.64,8.20,7.62,66614,79621946.00,7.04,-7.28,-0.60,4.70
2014-05-16,7.85,8.08,8.22,7.49,89711,108419301.00,9.55,5.76,0.44,6.33
2014-05-19,7.92,7.68,7.93,7.66,44370,52902284.00,3.34,-4.95,-0.40,3.13
2014-05-20,7.75,7.35,7.78,7.25,52757,60944931.00,6.90,-4.30,-0.33,3.72
2014-05-21,7.28,7.46,7.46,7.15,27866,31438673.00,4.22,1.50,0.11,1.97
2014-05-22,7.42,7.44,7.58,7.35,32641,37471935.00,3.08,-0.27,-0.02,2.30
2014-05-23,7.34,7.38,7.42,7.18,20026,22650364.00,3.23,-0.81,-0.06,1.41
2014-05-26,7.42,7.55,7.58,7.32,24297,28004505.00,3.52,2.30,0.17,1.72
2014-05-27,7.61,7.81,7.87,7.54,53130,63062419.00,4.37,3.44,0.26,3.75
2014-05-28,7.75,7.78,7.84,7.64,41506,49182869.00,2.56,-0.38,-0.03,2.93
2014-05-29,7.75,7.72,7.98,7.67,48318,57941165.00,3.98,-0.77,-0.06,3.41
2014-05-30,7.81,7.90,7.92,7.68,45311,54270424.00,3.11,2.33,0.18,3.20
2014-06-03,7.79,7.56,7.82,7.48,39135,43783269.00,4.30,-4.30,-0.34,2.76
2014-06-04,7.55,7.35,7.57,7.32,26965,29336854.00,3.31,-2.78,-0.21,1.90
2014-06-05,7.36,7.53,7.54,7.35,19736,21656607.00,2.59,2.45,0.18,1.39
2014-06-06,7.54,7.44,7.58,7.36,18231,20076428.00,2.92,-1.20,-0.09,1.29
2014-06-09,7.44,7.53,7.68,7.40,19244,21430880.00,3.76,1.21,0.09,1.36
2014-06-10,7.49,7.75,7.75,7.47,27039,30255262.00,3.72,2.92,0.22,1.91
2014-06-11,7.68,7.74,7.78,7.61,22211,25047059.00,2.19,-0.13,-0.01,1.57
2014-06-12,7.71,7.67,7.91,7.65,34726,39659666.00,3.36,-0.90,-0.07,2.45
2014-06-13,7.66,7.54,7.66,7.46,29711,32925801.00,2.61,-1.69,-0.13,2.10
2014-06-16,7.56,7.54,7.61,7.46,22240,24600885.00,1.99,0.00,0.00,1.57
2014-06-17,7.54,7.41,7.54,7.41,17875,19580408.00,1.72,-1.72,-0.13,1.26
2014-06-18,7.38,7.18,7.48,7.16,31892,34340767.00,4.32,-3.10,-0.23,2.25
2014-06-19,7.17,6.96,7.22,6.88,23941,24923957.00,4.74,-3.06,-0.22,1.69
2014-06-20,6.94,7.09,7.14,6.92,11602,12085298.00,3.16,1.87,0.13,0.82
2014-06-23,7.13,7.08,7.14,7.04,10185,10705718.00,1.41,-0.14,-0.01,0.72
2014-06-24,7.08,7.18,7.22,7.03,10747,11385727.00,2.68,1.41,0.10,0.76
2014-06-25,7.19,6.99,7.19,6.96,11992,12494672.00,3.20,-2.65,-0.19,0.85
2014-06-26,7.01,7.11,7.12,7.00,13852,14528019.00,1.72,1.72,0.12,0.98
2014-06-27,7.13,7.16,7.21,7.06,15212,16072571.00,2.11,0.70,0.05,1.07
2014-06-30,7.16,7.20,7.21,7.14,16747,17776991.00,0.98,0.56,0.04,1.18
2014-07-01,7.19,7.26,7.29,7.17,18164,19407477.00,1.67,0.83,0.06,1.28
2014-07-02,7.26,7.43,7.46,7.17,32752,35540485.00,3.99,2.34,0.17,2.31
2014-07-03,7.38,7.49,7.57,7.31,34273,37694319.00,3.50,0.81,0.06,2.42
2014-07-04,7.49,7.58,7.77,7.33,45885,51007216.00,5.87,1.20,0.09,3.24
2014-07-07,7.49,7.40,7.50,7.37,20696,22629381.00,1.72,-2.37,-0.18,1.46
2014-07-08,7.41,7.40,7.42,7.31,14733,16004159.00,1.49,0.00,0.00,1.04
2014-07-09,7.39,7.39,7.61,7.34,31014,34256834.00,3.65,-0.14,-0.01,2.19
2014-07-10,7.40,7.24,7.43,7.23,21267,22973987.00,2.71,-2.03,-0.15,1.50
2014-07-11,7.24,7.40,7.55,7.18,18517,20122228.00,5.11,2.21,0.16,1.31
2014-07-14,7.48,7.61,7.66,7.34,40305,44793679.00,4.32,2.84,0.21,2.85
2014-07-15,7.61,7.78,7.78,7.55,47616,53765399.00,3.02,2.23,0.17,3.36
2014-07-16,7.73,8.24,8.39,7.64,130713,153035346.00,9.64,5.91,0.46,9.23
2014-07-17,8.07,7.87,8.07,7.82,68548,79374332.00,3.03,-4.49,-0.37,4.84
2014-07-18,7.87,7.73,7.87,7.68,26734,30424141.00,2.41,-1.78,-0.14,1.89
2014-07-21,7.90,7.71,8.05,7.71,37260,42964895.00,4.40,-0.26,-0.02,2.63
2014-07-22,7.77,8.17,8.17,7.68,73787,85985219.00,6.36,5.97,0.46,5.21
2014-07-23,7.91,7.88,8.13,7.79,45776,52953656.00,4.16,-3.55,-0.29,3.23
2014-07-24,7.81,7.68,7.84,7.59,31083,35124958.00,3.17,-2.54,-0.20,2.19
2014-07-25,7.68,7.75,7.82,7.65,19987,22657510.00,2.21,0.91,0.07,1.41
2014-07-28,7.76,7.94,7.96,7.68,40341,46228947.00,3.61,2.45,0.19,2.85
2014-07-29,7.94,7.91,7.98,7.85,35741,41327193.00,1.64,-0.38,-0.03,2.52
2014-07-30,7.88,7.93,8.05,7.88,31203,36322966.00,2.15,0.25,0.02,2.20
2014-07-31,7.86,8.08,8.19,7.78,54589,63577646.00,5.17,1.89,0.15,3.85
2014-08-01,8.03,7.86,8.15,7.84,46922,54917595.00,3.84,-2.72,-0.22,3.31
2014-08-04,7.86,7.97,7.99,7.81,26518,30687030.00,2.29,1.40,0.11,1.87
2014-08-05,7.94,8.14,8.17,7.90,55755,65604904.00,3.39,2.13,0.17,3.94
2014-08-06,8.09,8.08,8.13,7.98,35068,41239757.00,1.84,-0.74,-0.06,2.48
2014-08-07,8.05,7.89,8.12,7.89,31308,36556959.00,2.85,-2.35,-0.19,2.21
2014-08-08,7.95,7.92,7.96,7.79,19379,22326211.00,2.15,0.38,0.03,1.37
2014-08-11,7.92,8.04,8.04,7.88,26043,30344425.00,2.02,1.52,0.12,1.84
2014-08-12,8.04,8.11,8.13,7.94,29140,34218741.00,2.36,0.87,0.07,2.06
2014-09-24,9.02,9.02,9.02,9.02,3200,4163655.00,0.00,11.22,0.91,0.23
2014-09-25,10.02,10.02,10.02,10.02,27736,39690316.00,0.00,11.09,1.00,1.96
2014-09-26,11.01,10.47,11.01,10.31,238153,358007024.00,6.99,4.49,0.45,16.81
2014-09-29,10.45,10.08,10.55,10.04,114709,166696775.00,4.87,-3.72,-0.39,8.10
2014-09-30,9.94,9.95,10.14,9.88,86894,123918865.00,2.58,-1.29,-0.13,6.13
2014-10-08,9.98,10.16,10.20,9.88,79208,113604000.00,3.22,2.11,0.21,5.59
2014-10-09,10.11,10.05,10.13,9.90,69176,98823960.00,2.26,-1.08,-0.11,4.88
2014-10-10,9.94,9.91,10.02,9.88,47221,67014332.00,1.39,-1.39,-0.14,3.33
2014-10-13,9.94,10.01,10.12,9.93,41780,59699722.00,1.92,1.01,0.10,2.95
2014-10-14,9.98,9.94,10.15,9.92,45612,65326734.00,2.30,-0.70,-0.07,3.22
2014-10-15,9.98,9.59,10.02,9.56,67471,93635958.00,4.63,-3.52,-0.35,4.76
2014-10-16,9.61,9.38,9.67,9.36,41882,57341852.00,3.23,-2.19,-0.21,2.96
2014-10-17,9.38,9.51,9.52,9.18,40150,54042454.00,3.62,1.39,0.13,2.83
2014-10-20,9.48,9.63,9.66,9.40,32064,44089690.00,2.73,1.26,0.12,2.26
2014-10-21,9.62,9.40,9.74,9.40,26369,36159110.00,3.53,-2.39,-0.23,1.86
2014-10-22,9.41,9.19,9.50,9.18,25904,34718224.00,3.40,-2.23,-0.21,1.83
2014-10-23,9.13,9.22,9.33,9.09,27054,35802986.00,2.61,0.33,0.03,1.91
2014-10-24,9.26,9.27,9.36,9.14,16411,21878188.00,2.39,0.54,0.05,1.16
2014-10-27,9.19,9.40,9.41,9.19,22613,30362993.00,2.37,1.40,0.13,1.60
2014-10-28,9.44,9.77,9.85,9.44,56871,79097481.00,4.36,3.94,0.37,4.01
2014-10-29,9.80,10.18,10.37,9.68,112608,162267878.00,7.06,4.20,0.41,7.95
2014-10-30,10.17,11.16,11.29,10.04,199619,304122176.00,12.28,9.63,0.98,14.09
2014-10-31,11.24,11.29,12.01,10.89,173859,279841712.00,10.04,1.16,0.13,12.27
2014-11-03,11.36,12.47,12.47,11.36,171591,292195376.00,9.83,10.45,1.18,12.11
2014-11-04,12.44,12.62,13.63,12.31,173811,313702816.00,10.59,1.20,0.15,12.27
2014-11-05,12.74,12.45,12.93,12.00,128204,223271351.00,7.37,-1.35,-0.17,9.05
2014-11-06,12.36,13.80,13.80,12.09,168922,308046928.00,13.73,10.84,1.35,11.92
2014-11-07,13.94,13.15,14.08,13.09,155937,293881408.00,7.17,-4.71,-0.65,11.01
2014-11-10,13.48,13.64,13.97,13.05,143768,272246512.00,7.00,3.73,0.49,10.15
2014-11-11,13.65,12.57,13.96,12.48,116308,211569125.00,10.85,-7.84,-1.07,8.21
2014-11-12,12.31,12.58,12.86,12.00,125152,217340950.00,6.84,0.08,0.01,8.83
2014-11-13,12.84,12.00,12.84,11.95,102960,178692916.00,7.07,-4.61,-0.58,7.27
2014-11-14,11.97,11.85,11.98,11.48,94010,155260911.00,4.17,-1.25,-0.15,6.64
2014-11-17,11.78,12.04,12.24,11.58,83534,140215954.00,5.57,1.60,0.19,5.90
2014-11-18,11.87,12.22,12.31,11.78,91769,156537108.00,4.40,1.50,0.18,6.48
2014-11-19,12.08,12.00,12.48,11.97,76309,130957065.00,4.17,-1.80,-0.22,5.39
2014-11-20,11.69,11.80,11.95,11.55,60469,100024130.00,3.33,-1.67,-0.20,4.27
2014-11-21,11.84,11.98,12.11,11.76,53518,89921372.00,2.97,1.53,0.18,3.78
2014-11-24,12.08,12.10,12.24,11.80,67487,114275459.00,3.67,1.00,0.12,4.76
2014-11-25,12.09,12.39,12.54,11.84,103564,177077556.00,5.79,2.40,0.29,7.31
2014-11-26,12.34,12.04,12.34,11.90,70050,119228860.00,3.55,-2.82,-0.35,4.94
2014-11-27,12.03,11.80,12.16,11.76,59628,99757746.00,3.32,-1.99,-0.24,4.21
2014-11-28,11.80,11.60,12.05,11.59,66231,109811205.00,3.90,-1.69,-0.20,4.68
2014-12-01,11.60,11.67,11.77,11.51,41787,68541715.00,2.24,0.60,0.07,2.95
2014-12-02,11.69,11.78,11.90,11.69,49823,82742086.00,1.80,0.94,0.11,3.52
2014-12-03,11.78,11.50,11.79,11.34,69908,113296068.00,3.82,-2.38,-0.28,4.93
2014-12-04,11.46,11.84,11.88,11.38,70589,116419988.00,4.35,2.96,0.34,4.98
2014-12-05,11.71,11.39,11.71,10.94,62162,100118816.00,6.50,-3.80,-0.45,4.39
2014-12-08,11.46,12.63,12.63,11.46,170813,295608592.00,10.27,10.89,1.24,12.06
2014-12-09,12.78,12.32,13.91,12.29,240350,446700560.00,12.83,-2.45,-0.31,16.97
2014-12-10,12.31,13.62,13.65,12.31,133959,244232284.00,10.88,10.55,1.30,9.46
2014-12-11,13.78,14.08,14.71,13.24,151545,297401344.00,10.79,3.38,0.46,10.70
2014-12-12,14.11,13.37,14.14,13.13,105928,198165422.00,7.17,-5.04,-0.71,7.48
2014-12-15,13.38,13.12,13.65,12.72,80535,146730940.00,6.96,-1.87,-0.25,5.68
2014-12-16,13.05,13.33,13.54,12.78,86896,159756440.00,5.79,1.60,0.21,6.13
2014-12-17,13.16,13.17,13.61,12.93,73599,136318837.00,5.10,-1.20,-0.16,5.20
2014-12-18,13.03,12.90,13.21,12.83,49720,90261722.00,2.89,-2.05,-0.27,3.51
2014-12-19,13.15,13.41,13.59,12.90,80395,148712898.00,5.35,3.95,0.51,5.67
2014-12-22,13.77,11.97,13.77,11.97,90379,156049516.00,13.42,-10.74,-1.44,6.38
2014-12-23,12.04,11.94,12.44,11.86,43430,74111198.00,4.85,-0.25,-0.03,3.07
2014-12-24,12.02,12.03,12.17,11.82,32441,54594425.00,2.93,0.75,0.09,2.29
2014-12-25,12.08,12.18,12.23,11.98,32194,54870640.00,2.08,1.25,0.15,2.27
2014-12-26,12.24,13.49,13.49,12.18,117493,215991419.00,10.76,10.76,1.31,8.29
2014-12-29,13.78,13.51,14.08,13.37,129537,247121459.00,5.26,0.15,0.02,9.14
2014-12-30,13.40,13.03,13.49,12.86,57328,104667392.00,4.66,-3.55,-0.48,4.05
2014-12-31,13.11,13.41,13.80,13.11,58561,110019696.00,5.30,2.92,0.38,4.13