2023-01-03,13.09,13.40,13.50,12.93,29175,38856633.00,4.37,2.68,0.35,1.71
2023-01-04,13.40,14.10,14.36,13.40,78626,110115576.00,7.16,5.22,0.70,4.60
2023-01-05,14.07,14.44,14.58,13.96,82543,118209004.00,4.40,2.41,0.34,4.83
2023-01-06,14.35,14.12,14.57,14.08,57303,81867573.00,3.39,-2.22,-0.32,3.35
2023-01-09,14.22,13.96,14.27,13.92,42865,60220350.00,2.48,-1.13,-0.16,2.51
2023-01-10,13.96,14.17,14.25,13.86,44509,62831586.00,2.79,1.50,0.21,2.61
2023-01-11,14.23,14.08,14.31,14.03,26812,37992310.00,1.98,-0.64,-0.09,1.57
2023-01-12,14.02,14.01,14.24,13.96,16679,23480218.00,1.99,-0.50,-0.07,0.98
2023-01-13,14.01,13.93,14.09,13.86,19027,26565679.00,1.64,-0.57,-0.08,1.11
2023-01-16,14.14,13.98,14.28,13.97,23630,33293394.00,2.23,0.36,0.05,1.38
2023-01-17,13.98,13.86,14.14,13.79,17906,24910293.00,2.50,-0.86,-0.12,1.05
2023-01-18,13.99,14.83,15.94,13.75,116753,174447538.00,15.80,7.00,0.97,6.84
2023-01-19,14.84,14.63,15.37,14.60,116472,173764799.00,5.19,-1.35,-0.20,6.82
2023-01-20,14.92,14.79,15.20,14.71,57735,85952744.00,3.35,1.09,0.16,3.38
2023-01-30,14.87,14.95,15.18,14.80,53911,80520640.00,2.57,1.08,0.16,3.16
2023-01-31,14.86,14.74,14.93,14.66,33817,49845777.50,1.81,-1.40,-0.21,1.98