2020-01-02,6.27,6.11,6.27,6.03,39560,44407124.00,3.90,-0.65,-0.04,2.31
2020-01-03,6.10,6.10,6.16,6.01,36109,40222956.00,2.45,-0.16,-0.01,2.11
2020-01-06,6.14,6.17,6.21,6.04,39174,44162707.00,2.79,1.15,0.07,2.28
2020-01-07,6.18,6.16,6.21,6.10,35182,39610695.00,1.78,-0.16,-0.01,2.05
2020-01-08,6.17,5.89,6.17,5.82,60737,66485130.00,5.68,-4.38,-0.27,3.54
2020-01-09,5.93,6.07,6.20,5.90,53534,59516280.00,5.09,3.06,0.18,3.12
2020-01-10,6.06,6.10,6.16,5.96,36807,40893165.00,3.29,0.49,0.03,2.15
2020-01-13,6.10,6.19,6.25,6.07,37749,42706295.00,2.95,1.48,0.09,2.20
2020-01-14,6.22,6.09,6.22,6.08,25105,28201188.00,2.26,-1.62,-0.10,1.46
2020-01-15,6.10,6.18,6.21,6.04,23436,26324966.00,2.79,1.48,0.09,1.37
2020-01-16,6.15,6.08,6.21,6.06,24513,27415940.00,2.43,-1.62,-0.10,1.43
2020-01-17,6.10,5.97,6.13,5.97,18848,20885987.00,2.63,-1.81,-0.11,1.10
2020-01-20,6.00,6.05,6.10,5.89,29938,32902670.00,3.52,1.34,0.08,1.75
2020-01-21,6.11,5.97,6.18,5.97,30611,34031976.00,3.47,-1.32,-0.08,1.79
2020-01-22,5.95,5.96,6.03,5.84,21655,23523657.00,3.18,-0.17,-0.01,1.26
2020-01-23,5.85,5.58,5.89,5.47,55937,57945340.00,7.05,-6.38,-0.38,3.26
2020-02-03,5.01,5.01,5.01,5.01,2801,2579721.00,0.00,-10.22,-0.57,0.16
2020-02-04,4.55,4.89,5.01,4.55,70376,62823549.00,9.18,-2.40,-0.12,4.10
2020-02-05,4.89,5.00,5.05,4.85,45533,41741422.00,4.09,2.25,0.11,2.66
2020-02-06,5.04,5.11,5.21,4.83,45981,43025797.00,7.60,2.20,0.11,2.68
2020-02-07,5.23,5.53,5.55,5.15,53781,53534264.00,7.83,8.22,0.42,3.14
2020-02-10,5.51,5.94,5.94,5.51,44628,47568636.00,7.78,7.41,0.41,2.60
2020-02-11,5.77,5.87,5.92,5.77,28953,31124707.00,2.53,-1.18,-0.07,1.69
2020-02-12,5.87,5.94,5.98,5.84,30598,33224864.00,2.39,1.19,0.07,1.78
2020-02-13,5.84,5.89,5.99,5.84,27198,29443449.00,2.53,-0.84,-0.05,1.59
2020-02-14,5.84,6.10,6.16,5.81,47833,53092006.00,5.94,3.57,0.21,2.79
2020-02-17,6.10,6.11,6.17,6.07,38707,43386582.00,1.64,0.16,0.01,2.26
2020-02-18,6.14,6.16,6.26,6.05,43479,48889418.00,3.44,0.82,0.05,2.54
2020-02-19,6.17,6.12,6.26,6.11,33290,37582599.00,2.44,-0.65,-0.04,1.94
2020-02-20,6.12,6.13,6.21,6.05,40341,45403455.00,2.61,0.16,0.01,2.35
2020-02-21,6.13,6.38,6.40,6.05,60190,69011605.00,5.71,4.08,0.25,3.51
2020-02-24,6.38,6.20,6.38,6.10,50833,57715710.00,4.39,-2.82,-0.18,2.96
2020-02-25,6.02,6.06,6.12,5.90,39039,43066888.00,3.55,-2.26,-0.14,2.28
2020-02-26,5.96,6.02,6.13,5.96,33046,36608978.00,2.81,-0.66,-0.04,1.93
2020-02-27,6.04,6.10,6.11,5.97,24997,27756921.00,2.33,1.33,0.08,1.46
2020-02-28,6.09,5.86,6.09,5.62,45783,49501514.00,7.70,-3.93,-0.24,2.67
2020-03-02,5.81,6.09,6.20,5.71,49017,53943082.00,8.36,3.92,0.23,2.86
2020-03-03,6.39,6.00,6.42,5.90,59851,67290144.00,8.54,-1.48,-0.09,3.49
2020-03-04,6.00,6.02,6.10,5.91,23631,25975524.00,3.17,0.33,0.02,1.38
2020-03-05,6.09,6.05,6.16,6.02,28164,31329356.00,2.33,0.50,0.03,1.64
2020-03-06,6.05,6.11,6.17,5.94,33707,37482795.00,3.80,0.99,0.06,1.97
2020-03-09,6.00,5.76,6.05,5.76,37623,40588863.00,4.75,-5.73,-0.35,2.19
2020-03-10,5.54,6.20,6.20,5.54,73094,79970736.00,11.46,7.64,0.44,4.26
2020-03-11,6.22,6.55,6.65,6.15,84322,98664385.00,8.06,5.65,0.35,4.92
2020-03-12,6.55,6.39,6.72,6.32,94905,113226263.00,6.11,-2.44,-0.16,5.53
2020-03-13,6.15,6.55,6.61,6.06,82632,97024864.00,8.61,2.50,0.16,4.82
2020-03-16,6.61,6.39,6.98,6.27,82651,101375123.00,10.84,-2.44,-0.16,4.82
2020-03-17,6.28,6.50,6.54,6.17,47594,55397593.00,5.79,1.72,0.11,2.78
2020-03-18,6.61,6.20,6.66,6.20,54237,63834608.00,7.08,-4.62,-0.30,3.16
2020-03-19,6.13,6.30,6.33,6.01,36959,41873175.00,5.16,1.61,0.10,2.16
2020-03-20,6.50,6.93,6.93,6.50,76805,96736327.00,6.83,10.00,0.63,4.48
2020-03-23,6.74,7.12,7.19,6.58,178200,228804363.00,8.80,2.74,0.19,10.39
2020-03-24,7.84,7.84,7.84,7.35,251590,352555040.00,6.88,10.11,0.72,14.67
2020-03-25,7.75,7.50,7.82,7.27,250904,343165088.00,7.02,-4.34,-0.34,14.63
2020-03-26,7.27,7.39,7.65,7.22,156111,214285721.00,5.73,-1.47,-0.11,9.10
2020-03-27,7.43,7.57,8.07,7.22,250693,349674160.00,11.50,2.44,0.18,14.62
2020-03-30,7.38,8.15,8.24,7.29,229199,326320624.00,12.55,7.66,0.58,13.37
2020-03-31,7.99,7.77,8.24,7.75,186236,271028848.00,6.01,-4.66,-0.38,10.86
2020-04-01,7.71,7.51,7.98,7.47,123933,174043383.00,6.56,-3.35,-0.26,7.23
2020-04-02,7.53,8.10,8.18,7.53,194117,281416240.00,8.66,7.86,0.59,11.32
2020-04-03,7.99,7.49,8.08,7.39,194488,275338624.00,8.52,-7.53,-0.61,11.34
2020-04-07,7.57,7.83,7.91,7.52,151772,214274919.00,5.21,4.54,0.34,8.85
2020-04-08,7.84,7.53,7.92,7.40,137602,192252680.00,6.64,-3.83,-0.30,8.02
2020-04-09,7.59,7.63,7.67,7.48,92659,128672182.00,2.52,1.33,0.10,5.40
2020-04-10,7.59,7.45,7.74,7.30,99535,137305586.00,5.77,-2.36,-0.18,5.80
2020-04-13,7.34,7.48,7.52,7.34,57902,78878333.00,2.42,0.40,0.03,3.38
2020-04-14,7.48,7.68,7.70,7.48,79543,110758683.00,2.94,2.67,0.20,4.37
2020-04-15,7.82,7.38,7.97,7.34,134401,188418833.00,8.20,-3.91,-0.30,7.39
2020-04-16,7.20,6.90,7.23,6.66,158121,200770881.00,7.72,-6.50,-0.48,8.69
2020-04-17,7.06,7.60,7.60,7.00,262297,357964448.00,8.70,10.14,0.70,14.42
2020-04-20,7.66,7.38,7.71,7.20,226004,305904832.00,6.71,-2.89,-0.22,12.42
2020-04-21,7.42,7.09,7.52,6.92,289031,206895200.00,8.13,-3.93,-0.29,9.13
2020-04-22,7.16,6.90,7.21,6.75,332408,231069858.00,6.49,-2.68,-0.19,10.51
2020-04-23,6.95,6.45,6.95,6.37,326484,215700912.00,8.41,-6.52,-0.45,10.32
2020-04-24,6.43,6.09,6.43,6.03,241079,150540930.00,6.20,-5.58,-0.36,7.62
2020-04-27,6.06,5.98,6.14,5.93,138203,83802990.00,3.45,-1.81,-0.11,4.37
2020-04-28,6.00,5.76,6.04,5.49,202446,116098520.00,9.20,-3.68,-0.22,6.40
2020-04-29,5.78,6.11,6.34,5.72,332744,206267561.00,10.76,6.08,0.35,10.52
2020-04-30,5.94,6.72,6.72,5.92,428849,273670320.00,13.09,9.98,0.61,13.55
2020-05-06,6.55,6.57,6.60,6.40,236212,154431434.00,2.98,-2.23,-0.15,7.47
2020-05-07,6.67,6.26,6.91,6.20,425696,277051904.00,10.81,-4.72,-0.31,13.45
2020-05-08,6.22,6.21,6.33,6.07,185085,115470190.00,4.15,-0.80,-0.05,5.85
2020-05-11,6.22,6.16,6.30,6.08,135653,84251439.00,3.54,-0.81,-0.05,4.29
2020-05-12,6.14,6.11,6.16,6.00,106569,65040608.00,2.60,-0.81,-0.05,3.37
2020-05-13,6.06,6.22,6.22,6.04,113022,69887838.00,2.95,1.80,0.11,3.57
2020-05-14,6.18,6.05,6.20,6.03,102034,62618137.00,2.73,-2.73,-0.17,3.22
2020-05-15,6.05,5.97,6.10,5.96,86787,52374591.00,2.31,-1.32,-0.08,2.74
2020-05-18,5.93,5.94,6.02,5.86,70605,42087715.00,2.68,-0.50,-0.03,2.23
2020-05-19,5.97,5.97,6.00,5.90,50468,30165104.00,1.68,0.51,0.03,1.59
2020-05-20,5.97,5.81,5.97,5.79,77021,45392267.00,3.02,-2.68,-0.16,2.43
2020-05-21,5.82,5.78,5.92,5.75,58470,34271480.00,2.93,-0.52,-0.03,1.85
2020-05-22,5.78,5.64,5.78,5.58,85902,48862891.00,3.46,-2.42,-0.14,2.71
2020-05-25,5.67,5.56,5.72,5.55,44168,24934019.00,3.01,-1.42,-0.08,1.40
2020-05-26,5.61,5.60,5.66,5.55,92839,52231260.00,1.98,0.72,0.04,2.93
2020-05-27,5.63,5.51,5.64,5.45,116308,64984958.00,3.39,-1.61,-0.09,3.68
2020-05-28,5.48,5.38,5.50,5.30,102141,55394567.00,3.63,-2.36,-0.13,3.23
2020-05-29,5.37,5.39,5.48,5.34,66141,35977230.00,2.60,0.19,0.01,2.09
2020-06-01,5.44,5.58,5.60,5.38,105597,58645544.00,4.08,3.53,0.19,3.34
2020-06-02,5.59,5.58,5.61,5.53,69807,39054729.00,1.43,0.00,0.00,2.21
2020-06-03,5.61,5.63,5.76,5.57,104813,59730669.00,3.41,0.90,0.05,3.31
2020-06-04,5.64,5.68,5.74,5.64,73412,41964901.00,1.78,0.89,0.05,2.32
2020-06-05,5.70,5.58,5.70,5.53,59758,33600233.00,2.99,-1.76,-0.10,1.89
2020-06-08,5.58,5.47,5.62,5.45,65816,36533714.00,3.05,-1.97,-0.11,2.08
2020-06-09,5.52,5.90,6.01,5.50,228931,133526118.00,9.32,7.86,0.43,7.24
2020-06-10,5.95,5.97,6.04,5.73,194968,115184654.00,5.25,1.19,0.07,6.16
2020-06-11,5.91,5.86,5.97,5.75,133962,79096487.00,3.69,-1.84,-0.11,4.23
2020-06-12,5.71,5.75,5.82,5.68,76156,44096208.00,2.39,-1.88,-0.11,2.41
2020-06-15,5.73,5.70,5.84,5.68,72060,41643289.00,2.78,-0.87,-0.05,2.28
2020-06-16,5.74,5.73,5.78,5.66,63887,36677804.00,2.11,0.53,0.03,2.02
2020-06-17,5.75,5.70,5.75,5.65,56983,32592250.00,1.75,-0.52,-0.03,1.80
2020-06-18,5.70,5.73,5.77,5.66,63105,36302286.00,1.93,0.53,0.03,1.99
2020-06-19,5.74,5.78,5.79,5.68,72196,41644499.00,1.92,0.87,0.05,2.28
2020-06-22,5.82,6.12,6.24,5.82,264474,161835349.00,7.27,5.88,0.34,8.36
2020-06-23,6.07,5.98,6.10,5.98,136403,82527376.00,1.96,-2.29,-0.14,4.31
2020-06-24,6.01,5.89,6.03,5.84,133077,78914388.00,3.18,-1.51,-0.09,4.21
2020-06-29,5.83,5.92,6.02,5.81,76621,45545144.00,3.57,0.51,0.03,2.42
2020-06-30,5.78,5.74,5.80,5.69,160678,92760756.00,1.86,-3.04,-0.18,5.08
2020-07-01,5.72,5.73,5.75,5.65,95966,54995633.00,1.74,-0.17,-0.01,3.03
2020-07-02,5.72,5.77,5.78,5.69,91860,53028176.00,1.57,0.70,0.04,2.90
2020-07-03,5.78,6.00,6.05,5.74,166457,99174252.00,5.37,3.99,0.23,5.26
2020-07-06,6.05,6.60,6.60,6.05,396000,255656713.00,9.17,10.00,0.60,12.52
2020-07-07,6.78,6.71,6.94,6.48,354896,238180292.00,6.97,1.67,0.11,11.22
2020-07-08,6.70,6.68,6.70,6.49,281629,186819159.00,3.13,-0.45,-0.03,8.90
2020-07-09,6.75,6.86,6.93,6.60,315363,213956783.00,4.94,2.69,0.18,9.97
2020-07-10,6.79,6.60,6.82,6.60,243183,163492390.00,3.21,-3.79,-0.26,7.69
2020-07-13,6.72,7.07,7.14,6.69,295631,206916362.00,6.82,7.12,0.47,9.34
2020-07-14,7.03,6.98,7.11,6.84,227058,158852045.00,3.82,-1.27,-0.09,7.18
2020-07-15,6.92,6.67,6.98,6.62,195485,132253259.00,5.16,-4.44,-0.31,6.18
2020-07-16,6.67,6.26,6.74,6.26,158409,103616836.00,7.20,-6.15,-0.41,5.01
2020-07-17,6.36,6.52,6.62,6.30,159906,104032387.00,5.11,4.15,0.26,5.05
2020-07-20,6.57,6.84,6.85,6.55,169116,114668087.00,4.60,4.91,0.32,5.34
2020-07-21,6.85,6.88,6.91,6.68,140821,95719931.00,3.36,0.58,0.04,4.45
2020-07-22,6.85,6.78,6.91,6.75,126474,86428822.00,2.33,-1.45,-0.10,4.00
2020-07-23,6.69,6.85,6.86,6.50,145149,97466743.00,5.31,1.03,0.07,4.59
2020-07-24,6.73,7.05,7.32,6.72,426090,301050912.00,8.76,2.92,0.20,13.47
2020-07-27,7.27,7.22,7.27,6.87,354476,253519380.00,5.67,2.41,0.17,11.20
2020-07-28,7.22,7.04,7.32,7.03,203288,145656639.00,4.02,-2.49,-0.18,6.42
2020-07-29,7.03,7.19,7.22,6.72,214768,150065886.00,7.10,2.13,0.15,6.79
2020-07-30,7.07,7.28,7.30,7.04,203205,146719413.00,3.62,1.25,0.09,6.42
2020-07-31,7.27,7.76,8.01,7.17,427703,322924224.00,11.54,6.59,0.48,13.52
2020-08-03,7.65,7.72,7.96,7.58,313806,245243080.00,4.90,-0.52,-0.04,9.92
2020-08-04,7.75,7.44,7.84,7.39,253305,192366894.00,5.83,-3.63,-0.28,8.01
2020-08-05,7.41,7.43,7.46,7.22,146441,108006370.00,3.23,-0.13,-0.01,4.63
2020-08-06,7.45,7.51,7.51,7.18,177516,130817478.00,4.44,1.08,0.08,5.61
2020-08-07,7.48,7.50,7.71,7.37,164443,124512931.00,4.53,-0.13,-0.01,5.20
2020-08-10,7.34,7.27,7.44,7.23,120736,88863767.00,2.80,-3.07,-0.23,3.82
2020-08-11,7.27,7.18,7.37,7.14,117443,85522499.00,3.16,-1.24,-0.09,3.71
2020-08-12,7.16,7.00,7.23,6.74,146358,102453810.00,6.82,-2.51,-0.18,4.63
2020-08-13,7.02,7.04,7.12,6.99,65169,46024014.00,1.86,0.57,0.04,2.06
2020-08-14,7.05,7.12,7.12,6.94,64158,45262506.00,2.56,1.14,0.08,2.03
2020-08-17,7.13,7.34,7.34,7.11,96095,69800212.00,3.23,3.09,0.22,3.04
2020-08-18,7.34,7.42,7.52,7.27,100840,74933585.00,3.41,1.09,0.08,3.19
2020-08-19,7.42,7.15,7.44,7.15,99953,73192559.00,3.91,-3.64,-0.27,3.16
2020-08-20,7.16,7.02,7.16,7.00,65967,46712986.00,2.24,-1.82,-0.13,2.08
2020-08-21,7.05,6.93,7.10,6.88,74598,52367138.00,3.13,-1.28,-0.09,2.36
2020-08-24,6.88,7.22,7.33,6.78,101575,72599384.00,7.94,4.18,0.29,3.21
2020-08-25,7.11,7.47,7.57,7.08,173472,128772594.00,6.79,3.46,0.25,5.48
2020-08-26,7.47,7.54,7.75,7.39,169057,127836889.00,4.82,0.94,0.07,5.34
2020-08-27,7.58,7.51,7.58,7.00,193182,142960482.00,7.69,-0.40,-0.03,6.11
2020-08-28,7.66,7.75,7.84,7.47,273495,211718586.00,4.93,3.20,0.24,8.64
2020-08-31,7.85,7.50,8.16,7.47,278239,217304491.00,8.90,-3.23,-0.25,8.79
2020-09-01,7.47,7.68,7.69,7.32,149120,112648236.00,4.93,2.40,0.18,4.71
2020-09-02,7.67,7.96,8.14,7.58,329182,261239923.00,7.29,3.65,0.28,10.40
2020-09-03,8.05,8.60,9.16,7.88,476445,407016776.00,16.08,8.04,0.64,15.06
2020-09-04,8.11,8.77,8.85,8.11,347917,299551168.00,8.60,1.98,0.17,11.00
2020-09-07,8.77,8.76,9.17,8.53,359682,318600172.00,7.30,-0.11,-0.01,11.37
2020-09-08,8.65,9.08,9.08,8.48,308449,273486544.00,6.85,3.65,0.32,9.75
2020-09-09,9.14,8.74,10.30,8.74,543782,520019589.00,17.18,-3.74,-0.34,17.19
2020-09-10,8.54,7.58,8.67,7.33,445938,356377942.00,15.33,-13.27,-1.16,14.09
2020-09-11,7.38,7.75,7.90,7.26,209856,161008753.00,8.44,2.24,0.17,6.63
2020-09-14,7.81,8.45,8.51,7.72,250486,206605431.00,10.19,9.03,0.70,7.92
2020-09-15,8.43,8.46,8.65,8.24,202354,171291730.00,4.85,0.12,0.01,6.40
2020-09-16,8.40,8.09,8.42,7.98,161760,132115133.00,5.20,-4.37,-0.37,5.11
2020-09-17,8.07,8.03,8.20,7.95,134555,108931057.00,3.09,-0.74,-0.06,4.25
2020-09-18,8.13,8.25,8.57,8.13,172595,143620642.00,5.48,2.74,0.22,5.45
2020-09-21,8.25,8.05,8.43,8.00,141975,116347040.00,5.21,-2.42,-0.20,4.49
2020-09-22,7.95,7.65,8.05,7.60,148558,116445428.00,5.59,-4.97,-0.40,4.70
2020-09-23,7.72,7.81,7.81,7.62,91691,71169898.00,2.48,2.09,0.16,2.90
2020-09-24,7.68,7.28,7.68,7.21,146327,108659177.00,6.02,-6.79,-0.53,4.62
2020-09-25,7.35,7.03,7.38,7.01,107254,76730968.00,5.08,-3.43,-0.25,3.39
2020-09-28,7.02,7.03,7.20,6.98,67792,48040965.00,3.13,0.00,0.00,2.14
2020-09-29,7.11,7.21,7.22,7.03,68520,49112165.00,2.70,2.56,0.18,2.17
2020-09-30,7.22,7.06,7.23,7.02,52897,37697963.00,2.91,-2.08,-0.15,1.67
2020-10-09,7.16,7.45,7.48,7.16,89980,66641142.00,4.53,5.52,0.39,2.84
2020-10-12,7.48,7.70,7.72,7.48,91739,70472896.00,3.22,3.36,0.25,2.90
2020-10-13,7.67,7.79,7.88,7.54,109964,85289677.00,4.42,1.17,0.09,3.48
2020-10-14,7.79,8.06,8.25,7.75,173452,139821174.00,6.42,3.47,0.27,5.48
2020-10-15,7.94,7.87,8.06,7.82,104916,83436131.00,2.98,-2.36,-0.19,3.32
2020-10-16,7.90,7.95,8.03,7.83,72754,57928545.00,2.54,1.02,0.08,2.30
2020-10-19,7.96,7.80,8.03,7.77,87412,69137656.00,3.27,-1.89,-0.15,2.76
2020-10-20,7.81,7.96,7.99,7.68,82507,65133592.00,3.97,2.05,0.16,2.61
2020-10-21,8.00,7.76,8.02,7.71,79770,62614937.00,3.89,-2.51,-0.20,2.52
2020-10-22,7.76,7.73,7.86,7.50,70417,54336146.00,4.64,-0.39,-0.03,2.23
2020-10-23,7.74,7.43,7.81,7.40,89730,68224451.00,5.30,-3.88,-0.30,2.84
2020-10-26,7.37,7.31,7.49,7.24,98982,73009252.00,3.36,-1.62,-0.12,3.13
2020-10-27,7.39,7.30,7.45,7.29,68672,50665924.00,2.19,-0.14,-0.01,2.17
2020-10-28,7.30,7.43,7.47,7.13,88566,64988274.00,4.66,1.78,0.13,2.80
2020-10-29,7.20,7.34,7.48,7.16,86597,64060121.00,4.31,-1.21,-0.09,2.74
2020-10-30,7.40,7.07,7.40,7.05,92365,66736924.00,4.77,-3.68,-0.27,2.92
2020-11-02,7.07,7.08,7.18,6.98,68284,48420187.00,2.83,0.14,0.01,2.16
2020-11-03,7.15,7.27,7.31,7.05,75108,54435269.00,3.67,2.68,0.19,2.37
2020-11-04,7.31,7.17,7.31,7.08,55183,39768627.00,3.16,-1.38,-0.10,1.74
2020-11-05,7.22,7.41,7.46,7.11,109730,80430705.00,4.88,3.35,0.24,3.47
2020-11-06,7.66,7.87,8.47,7.56,290599,231012523.00,12.28,6.21,0.46,9.18
2020-11-09,7.77,8.06,8.18,7.77,263783,211025352.00,5.21,2.41,0.19,8.34
2020-11-10,7.97,8.07,8.26,7.90,224839,181855876.00,4.47,0.12,0.01,7.11
2020-11-11,7.92,7.73,7.97,7.57,167692,130948127.00,4.96,-4.21,-0.34,5.30
2020-11-12,7.77,7.63,7.85,7.48,111712,85593598.00,4.79,-1.29,-0.10,3.53
2020-11-13,7.63,7.44,7.70,7.39,93568,70362746.00,4.06,-2.49,-0.19,2.96
2020-11-16,7.44,7.32,7.50,7.27,74690,55000190.00,3.09,-1.61,-0.12,2.36
2020-11-17,7.36,7.40,7.40,7.21,74001,54141014.00,2.60,1.09,0.08,2.34
2020-11-18,7.35,7.31,7.48,7.27,81645,60249431.00,2.84,-1.22,-0.09,2.58
2020-11-19,7.31,7.31,7.34,7.18,54570,39863473.00,2.19,0.00,0.00,1.72
2020-11-20,7.31,7.38,7.40,7.27,62840,46391675.00,1.78,0.96,0.07,1.99
2020-11-23,7.37,7.20,7.37,7.09,88307,63900818.00,3.79,-2.44,-0.18,2.79
2020-11-24,7.20,7.38,7.44,7.14,76864,56605953.00,4.17,2.50,0.18,2.43
2020-11-25,7.45,7.45,7.66,7.34,116806,88236287.00,4.34,0.95,0.07,3.69
2020-11-26,7.24,7.85,7.93,7.24,215771,167632048.00,9.26,5.37,0.40,6.82
2020-11-27,7.77,7.76,7.87,7.57,147554,114117237.00,3.82,-1.15,-0.09,4.66
2020-11-30,7.67,7.71,7.85,7.51,109037,84142391.00,4.38,-0.64,-0.05,3.45
2020-12-01,7.67,7.61,7.71,7.52,100859,77160664.00,2.46,-1.30,-0.10,3.19
2020-12-02,7.55,7.25,7.61,7.20,162903,119988630.00,5.39,-4.73,-0.36,5.15
2020-12-03,7.25,7.29,7.34,7.22,66922,48888875.00,1.66,0.55,0.04,2.12
2020-12-04,7.29,7.20,7.30,7.17,62000,44930099.00,1.78,-1.23,-0.09,1.96
2020-12-07,7.19,7.05,7.21,7.04,71926,51397297.00,2.36,-2.08,-0.15,2.27
2020-12-08,7.05,7.07,7.18,7.05,60325,43032220.00,1.84,0.28,0.02,1.91
2020-12-09,7.07,7.15,7.17,7.06,52180,37349437.00,1.56,1.13,0.08,1.65
2020-12-10,7.15,7.14,7.22,7.08,45185,32392026.00,1.96,-0.14,-0.01,1.43
2020-12-11,7.09,6.82,7.14,6.77,95647,66343446.00,5.18,-4.48,-0.32,3.02
2020-12-14,6.82,6.98,7.03,6.66,52103,36041492.00,5.43,2.35,0.16,1.65
2020-12-15,6.95,6.90,7.01,6.89,37495,26156749.00,1.72,-1.15,-0.08,1.19
2020-12-16,6.97,6.72,6.97,6.67,49572,33788229.00,4.35,-2.61,-0.18,1.57
2020-12-17,6.64,6.59,6.70,6.28,90722,58852076.00,6.25,-1.93,-0.13,2.87
2020-12-18,6.62,6.40,6.64,6.38,47875,31291458.00,3.95,-2.88,-0.19,1.51
2020-12-21,6.42,6.79,6.92,6.41,83107,56126298.00,7.97,6.09,0.39,2.63
2020-12-22,6.71,6.63,6.86,6.58,65528,44316928.00,4.12,-2.36,-0.16,2.07
2020-12-23,6.63,7.03,7.03,6.57,102988,70967298.00,6.94,6.03,0.40,3.25
2020-12-24,6.95,6.97,7.05,6.73,110060,75908433.00,4.55,-0.85,-0.06,3.48
2020-12-25,6.97,7.03,7.20,6.80,109874,77885338.00,5.74,0.86,0.06,3.47
2020-12-28,6.87,6.64,7.00,6.58,93620,62984697.00,5.97,-5.55,-0.39,2.96
2020-12-29,6.53,6.45,6.74,6.32,71032,46491060.00,6.33,-2.86,-0.19,2.24
2020-12-30,6.40,6.22,6.48,6.21,80757,51464253.00,4.19,-3.57,-0.23,2.55
2020-12-31,6.22,6.23,6.37,6.17,60171,37991371.00,3.22,0.16,0.01,1.90