1999-01-04,2.49,2.44,2.49,2.43,913,1134721.00,2.41,-2.01,-0.05,0.20
1999-01-05,2.44,2.40,2.44,2.37,861,1047329.00,2.87,-1.64,-0.04,0.19
1999-01-06,2.44,2.45,2.48,2.43,4236,5275607.00,2.08,2.08,0.05,0.94
1999-01-07,2.46,2.57,2.58,2.46,5540,7051351.50,4.90,4.90,0.12,1.23
1999-01-08,2.57,2.64,2.65,2.56,5605,7416597.00,3.50,2.72,0.07,1.25
1999-01-11,2.66,2.68,2.69,2.61,4307,5786292.50,3.03,1.52,0.04,0.96
1999-01-12,2.66,2.62,2.68,2.61,2623,3527712.25,2.61,-2.24,-0.06,0.58
1999-01-13,2.56,2.59,2.63,2.56,1817,2404704.00,2.67,-1.15,-0.03,0.40
1999-01-14,2.59,2.60,2.61,2.58,1499,1979669.75,1.16,0.39,0.01,0.33
1999-01-15,2.62,2.57,2.63,2.57,1707,2249906.25,2.31,-1.15,-0.03,0.38
1999-01-18,2.57,2.68,2.68,2.57,3945,5286149.00,4.28,4.28,0.11,0.88
1999-01-19,2.70,2.68,2.70,2.65,2821,3828494.50,1.87,0.00,0.00,0.63
1999-01-20,2.68,2.64,2.69,2.63,2330,3151394.50,2.24,-1.49,-0.04,0.52
1999-01-21,2.64,2.66,2.66,2.62,1193,1601111.25,1.52,0.76,0.02,0.27
1999-01-22,2.67,2.69,2.69,2.64,2346,3181013.50,1.88,1.13,0.03,0.52
1999-01-25,2.70,2.61,2.70,2.61,1658,2231869.00,3.35,-2.97,-0.08,0.37
1999-01-26,2.58,2.56,2.60,2.55,1488,1944606.38,1.92,-1.92,-0.05,0.33
1999-01-27,2.56,2.56,2.59,2.54,1421,1848576.50,1.95,0.00,0.00,0.32
1999-01-28,2.58,2.51,2.58,2.50,1450,1871298.00,3.13,-1.95,-0.05,0.32
1999-01-29,2.52,2.53,2.54,2.48,1064,1360564.62,2.39,0.80,0.02,0.24
1999-02-01,2.50,2.49,2.51,2.48,843,1068147.00,1.19,-1.58,-0.04,0.19
1999-02-02,2.48,2.51,2.51,2.48,655,829979.50,1.20,0.80,0.02,0.15
1999-02-03,2.52,2.49,2.52,2.48,938,1191607.50,1.59,-0.80,-0.02,0.21
1999-02-04,2.47,2.44,2.49,2.42,989,1229008.00,2.81,-2.01,-0.05,0.22
1999-02-05,2.42,2.36,2.44,2.35,2293,2772121.75,3.69,-3.28,-0.08,0.51
1999-02-08,2.36,2.30,2.39,2.29,1917,2277178.50,4.24,-2.54,-0.06,0.43
1999-02-09,2.33,2.41,2.42,2.33,1777,2144337.50,3.91,4.78,0.11,0.40
1999-03-01,2.46,2.44,2.52,2.43,3168,3968499.50,3.73,1.24,0.03,0.70
1999-03-02,2.46,2.41,2.46,2.38,1504,1843226.25,3.28,-1.23,-0.03,0.33
1999-03-03,2.39,2.46,2.46,2.39,2023,2500339.75,2.90,2.07,0.05,0.45
1999-03-04,2.46,2.46,2.47,2.44,1682,2097201.00,1.22,0.00,0.00,0.37
1999-03-05,2.46,2.46,2.49,2.44,1633,2048037.50,2.03,0.00,0.00,0.36
1999-03-08,2.48,2.50,2.50,2.45,2095,2626607.50,2.03,1.63,0.04,0.47
1999-03-09,2.50,2.50,2.52,2.48,2266,2875346.00,1.60,0.00,0.00,0.50
1999-03-10,2.50,2.45,2.50,2.44,2005,2510505.25,2.40,-2.00,-0.05,0.45
1999-03-11,2.46,2.51,2.52,2.46,2819,3565051.75,2.45,2.45,0.06,0.63
1999-03-12,2.51,2.51,2.52,2.48,1848,2352159.25,1.59,0.00,0.00,0.41
1999-03-15,2.52,2.55,2.60,2.49,4506,5816500.50,4.38,1.59,0.04,1.00
1999-03-17,2.56,2.51,2.57,2.50,1891,2433827.00,2.75,-1.57,-0.04,0.42
1999-03-18,2.50,2.46,2.51,2.45,2736,3446904.00,2.39,-1.99,-0.05,0.61
1999-03-19,2.46,2.53,2.54,2.46,2663,3371618.50,3.25,2.85,0.07,0.59
1999-03-22,2.56,2.59,2.63,2.55,5523,7263651.00,3.16,2.37,0.06,1.23
1999-03-23,2.58,2.58,2.59,2.56,1595,2083768.75,1.16,-0.39,-0.01,0.35
1999-03-24,2.60,2.56,2.62,2.54,2691,3500263.00,3.10,-0.78,-0.02,0.60
1999-03-25,2.55,2.52,2.56,2.50,1620,2077454.75,2.34,-1.56,-0.04,0.36
1999-03-26,2.50,2.53,2.54,2.49,1677,2135539.25,1.98,0.40,0.01,0.37
1999-03-29,2.50,2.53,2.53,2.49,1289,1643177.50,1.58,0.00,0.00,0.29
1999-03-30,2.53,2.50,2.57,2.50,2133,2747364.00,2.77,-1.19,-0.03,0.47
1999-03-31,2.52,2.48,2.52,2.44,4357,5464664.50,3.20,-0.80,-0.02,0.97
1999-04-01,2.48,2.48,2.49,2.46,3262,4086032.75,1.21,0.00,0.00,0.73
1999-04-02,2.48,2.52,2.52,2.47,2773,3519403.75,2.02,1.61,0.04,0.62
1999-04-05,2.52,2.51,2.54,2.49,3265,4151023.75,1.98,-0.40,-0.01,0.73
1999-04-06,2.51,2.56,2.59,2.51,4971,6469811.50,3.19,1.99,0.05,1.11
1999-04-07,2.56,2.59,2.60,2.55,3957,5169193.50,1.95,1.17,0.03,0.88
1999-04-08,2.59,2.60,2.62,2.57,4939,6521781.50,1.93,0.39,0.01,1.10
1999-04-09,2.61,2.60,2.61,2.54,4015,5248324.50,2.69,0.00,0.00,0.89
1999-04-12,2.60,2.56,2.60,2.53,3159,4097263.75,2.69,-1.54,-0.04,0.70
1999-04-13,2.55,2.62,2.63,2.55,5961,7834678.50,3.13,2.34,0.06,1.33
1999-04-14,2.61,2.68,2.70,2.60,8863,11955739.00,3.82,2.29,0.06,1.97
1999-04-15,2.64,2.63,2.67,2.61,2798,3739248.00,2.24,-1.87,-0.05,0.62
1999-04-16,2.61,2.63,2.65,2.60,2779,3708303.75,1.90,0.00,0.00,0.62
1999-04-19,2.63,2.56,2.63,2.56,1742,2282543.50,2.66,-2.66,-0.07,0.39
1999-04-20,2.56,2.56,2.59,2.54,2655,3448414.00,1.95,0.00,0.00,0.59
1999-04-21,2.61,2.59,2.61,2.56,3964,5182291.00,1.95,1.17,0.03,0.88
1999-04-22,2.58,2.59,2.59,2.49,3091,3976592.00,3.86,0.00,0.00,0.69
1999-04-23,2.58,2.60,2.65,2.56,2558,3397144.25,3.47,0.39,0.01,0.57
1999-04-26,2.57,2.52,2.60,2.50,1396,1801215.00,3.85,-3.08,-0.08,0.31
1999-04-27,2.47,2.46,2.50,2.40,3168,3925283.00,3.97,-2.38,-0.06,0.70
1999-04-28,2.47,2.46,2.52,2.44,1040,1308164.00,3.25,0.00,0.00,0.23
1999-04-29,2.50,2.58,2.66,2.44,1195,1516513.00,8.94,4.88,0.12,0.27
1999-04-30,2.56,2.54,2.58,2.52,929,1204124.38,2.33,-1.55,-0.04,0.21
1999-05-04,2.52,2.56,2.56,2.49,975,1253133.12,2.76,0.79,0.02,0.22
1999-05-05,2.54,2.53,2.56,2.50,378,485231.16,2.34,-1.17,-0.03,0.08
1999-05-06,2.56,2.59,2.60,2.54,1692,2209417.50,2.37,2.37,0.06,0.38
1999-05-07,2.59,2.56,2.60,2.55,1093,1427666.00,1.93,-1.16,-0.03,0.24
1999-05-10,2.52,2.46,2.52,2.44,2080,2610451.25,3.13,-3.91,-0.10,0.46
1999-05-11,2.46,2.55,2.56,2.46,1922,2455745.50,4.07,3.66,0.09,0.43
1999-05-12,2.56,2.50,2.56,2.49,1057,1297922.88,2.75,-1.96,-0.05,0.24
1999-05-13,2.49,2.43,2.52,2.43,967,1167895.00,3.60,-2.80,-0.07,0.22
1999-05-14,2.40,2.36,2.46,2.34,2084,2420665.00,4.94,-2.88,-0.07,0.46
1999-05-17,2.35,2.32,2.39,2.30,1365,1547479.50,3.81,-1.69,-0.04,0.30
1999-05-18,2.29,2.31,2.34,2.29,612,690463.62,2.16,-0.43,-0.01,0.14
1999-05-19,2.31,2.43,2.53,2.30,1817,2130877.25,9.96,5.19,0.12,0.40
1999-05-20,2.43,2.48,2.48,2.40,3403,4063991.00,3.29,2.06,0.05,0.76
1999-05-21,2.48,2.48,2.53,2.45,3331,4035968.75,3.23,0.00,0.00,0.74
1999-05-24,2.48,2.55,2.57,2.44,7678,9459189.00,5.24,2.82,0.07,1.71
1999-05-25,2.57,2.50,2.69,2.50,8511,10863352.00,7.45,-1.96,-0.05,1.89
1999-05-26,2.55,2.71,2.71,2.52,19949,26131366.00,7.60,8.40,0.21,4.44
1999-05-27,2.76,2.77,2.89,2.76,23310,32367422.00,4.80,2.21,0.06,5.18
1999-05-28,2.81,2.71,2.82,2.69,7612,10224183.00,4.69,-2.17,-0.06,1.69
1999-05-31,2.72,2.69,2.78,2.66,7476,9861539.00,4.43,-0.74,-0.02,1.66
1999-06-01,2.69,2.71,2.72,2.67,3732,4914957.50,1.86,0.74,0.02,0.83
1999-06-02,2.71,2.63,2.79,2.63,13107,17511752.00,5.90,-2.95,-0.08,2.91
1999-06-03,2.62,2.64,2.65,2.60,5576,7142304.00,1.90,0.38,0.01,1.24
1999-06-04,2.64,2.67,2.70,2.64,3862,5031205.00,2.27,1.14,0.03,0.86
1999-06-07,2.66,2.70,2.72,2.61,4206,5468654.00,4.12,1.12,0.03,0.94
1999-06-08,2.76,2.74,2.76,2.66,7317,9774285.00,3.70,1.48,0.04,1.63
1999-06-09,2.70,2.76,2.79,2.70,4812,6491682.00,3.28,0.73,0.02,1.07
1999-06-10,2.80,2.81,2.85,2.77,9285,12815734.00,2.90,1.81,0.05,2.06
1999-06-11,2.83,2.80,2.85,2.78,5693,7835181.50,2.49,-0.36,-0.01,1.27
1999-06-14,2.82,2.89,2.93,2.81,15904,22525866.00,4.29,3.21,0.09,3.54
1999-06-15,2.95,2.77,2.96,2.76,16128,22975152.00,6.92,-4.15,-0.12,3.59
1999-06-16,2.78,2.87,2.89,2.78,7569,10551840.00,3.97,3.61,0.10,1.68
1999-06-17,2.89,3.02,3.11,2.89,19795,29366424.00,7.67,5.23,0.15,4.40
1999-06-18,3.03,3.00,3.05,2.95,9937,14674225.00,3.31,-0.66,-0.02,2.21
1999-06-21,3.01,3.11,3.13,2.99,12081,18276322.00,4.67,3.67,0.11,2.69
1999-06-22,3.10,3.03,3.10,3.01,8380,12514853.00,2.89,-2.57,-0.08,1.86
1999-06-23,3.04,3.32,3.32,3.04,42506,67366632.00,9.24,9.57,0.29,9.45
1999-06-24,3.40,3.37,3.44,3.28,26532,44095660.00,4.82,1.51,0.05,5.90
1999-06-25,3.36,3.14,3.44,3.10,38549,63875436.00,10.09,-6.82,-0.23,8.57
1999-06-28,3.15,3.32,3.32,3.15,35183,55841032.00,5.41,5.73,0.18,7.82
1999-06-29,3.34,3.24,3.34,3.21,20684,33295310.00,3.92,-2.41,-0.08,4.60
1999-06-30,3.26,3.16,3.32,3.15,16762,26669102.00,5.25,-2.47,-0.08,3.73
1999-07-01,3.16,2.86,3.16,2.85,14535,21075968.00,9.81,-9.49,-0.30,3.23
1999-07-02,2.88,3.12,3.13,2.88,11968,17613688.00,8.74,9.09,0.26,2.66
1999-07-05,3.12,3.05,3.20,3.04,9854,15106531.00,5.13,-2.24,-0.07,2.19
1999-07-06,3.03,2.98,3.07,2.93,6148,9069824.00,4.59,-2.30,-0.07,1.37
1999-07-07,2.98,3.05,3.05,2.95,7481,11050957.00,3.36,2.35,0.07,1.66
1999-07-08,3.09,3.15,3.22,3.05,14829,23127176.00,5.57,3.28,0.10,3.30
1999-07-09,3.16,3.29,3.34,3.10,21358,34330896.00,7.62,4.44,0.14,4.75
1999-07-12,3.29,3.22,3.34,3.18,12187,19618788.00,4.86,-2.13,-0.07,2.71
1999-07-13,3.21,3.10,3.21,3.04,6973,10657944.00,5.28,-3.73,-0.12,1.55
1999-07-14,3.09,3.15,3.18,3.05,5053,7753291.00,4.19,1.61,0.05,1.12
1999-07-15,3.17,3.06,3.17,3.05,4423,6708463.50,3.81,-2.86,-0.09,0.98
1999-07-16,3.04,2.91,3.04,2.85,7250,10604158.00,6.21,-4.90,-0.15,1.61
1999-07-19,2.87,2.88,3.00,2.84,7960,11385483.00,5.50,-1.03,-0.03,1.77
1999-07-20,2.89,3.08,3.09,2.89,8437,12456774.00,6.94,6.94,0.20,1.88
1999-07-21,3.07,3.05,3.11,3.01,9135,13683852.00,3.25,-0.97,-0.03,2.03
1999-07-22,3.06,2.94,3.06,2.92,5018,7324172.00,4.59,-3.61,-0.11,1.12
1999-07-23,2.93,2.86,2.94,2.79,14556,20360864.00,5.10,-2.72,-0.08,3.24
1999-07-26,2.86,2.86,2.89,2.83,7818,10990179.00,2.10,0.00,0.00,1.74
1999-07-27,2.89,2.92,2.93,2.86,5211,7426355.50,2.45,2.10,0.06,1.16
1999-07-28,2.92,2.93,2.99,2.89,7010,10207519.00,3.42,0.34,0.01,1.56
1999-07-29,2.93,3.00,3.03,2.93,8249,12178239.00,3.41,2.39,0.07,1.83
1999-07-30,3.00,2.99,3.05,2.99,5045,7527478.00,2.00,-0.33,-0.01,1.12
1999-08-02,2.99,2.94,3.00,2.85,5590,8081066.50,5.02,-1.67,-0.05,1.24
1999-08-03,2.94,2.94,2.95,2.89,3032,4343125.50,2.04,0.00,0.00,0.67
1999-08-04,2.95,2.98,2.99,2.91,4487,6496243.00,2.72,1.36,0.04,1.00
1999-08-05,2.98,2.96,2.99,2.94,3710,5403790.50,1.68,-0.67,-0.02,0.82
1999-08-06,2.93,2.93,2.96,2.87,5060,7242759.00,3.04,-1.01,-0.03,1.13
1999-08-09,2.95,2.87,2.95,2.86,3411,4822040.50,3.07,-2.05,-0.06,0.76
1999-08-10,2.86,2.85,2.87,2.84,2470,3458560.00,1.05,-0.70,-0.02,0.55
1999-08-11,2.84,2.83,2.88,2.81,3402,4729015.00,2.46,-0.70,-0.02,0.76
1999-08-12,2.81,2.83,2.87,2.81,1522,2119793.50,2.12,0.00,0.00,0.34
1999-08-13,2.81,2.84,2.87,2.81,945,1315108.25,2.12,0.35,0.01,0.21
1999-08-16,2.84,2.82,2.85,2.80,4218,5815427.00,1.76,-0.70,-0.02,0.94
1999-08-17,2.83,2.85,2.87,2.81,2148,2998897.00,2.13,1.06,0.03,0.48
1999-08-18,2.85,2.83,2.85,2.80,2528,3493296.25,1.75,-0.70,-0.02,0.56
1999-08-19,2.83,2.91,2.93,2.82,3952,5580511.00,3.89,2.83,0.08,0.88
1999-08-20,2.89,2.88,2.92,2.88,2693,3827129.50,1.37,-1.03,-0.03,0.60
1999-08-23,2.87,2.86,2.88,2.85,3105,4354473.00,1.04,-0.69,-0.02,0.69
1999-08-24,2.86,2.94,2.95,2.84,6136,8639965.00,3.85,2.80,0.08,1.36
1999-08-25,2.93,2.89,2.93,2.87,2610,3721169.50,2.04,-1.70,-0.05,0.58
1999-08-26,2.89,2.90,2.93,2.87,1532,2180127.25,2.08,0.35,0.01,0.34
1999-08-27,2.90,2.85,2.92,2.84,5398,7597775.00,2.76,-1.72,-0.05,1.20
1999-08-30,2.85,2.85,2.87,2.84,5579,7807664.00,1.05,0.00,0.00,1.24
1999-08-31,2.85,2.86,2.86,2.84,6953,9738063.00,0.70,0.35,0.01,1.55
1999-09-01,2.86,2.85,2.91,2.84,10693,15075361.00,2.45,-0.35,-0.01,2.38
1999-09-02,2.80,2.92,2.94,2.80,6002,7894385.00,4.91,2.46,0.07,1.03
1999-09-03,2.94,2.91,2.94,2.85,2409,3176188.75,3.08,-0.34,-0.01,0.41
1999-09-06,2.88,2.89,2.92,2.82,1643,2136185.25,3.44,-0.69,-0.02,0.28
1999-09-07,2.90,2.89,2.94,2.89,2171,2862201.50,1.73,0.00,0.00,0.37
1999-09-08,2.89,2.89,2.94,2.84,2532,3326954.50,3.46,0.00,0.00,0.43
1999-09-09,2.94,3.05,3.06,2.94,5896,7981678.00,4.15,5.54,0.16,1.01
1999-09-10,3.08,3.00,3.10,3.00,6104,8315384.00,3.28,-1.64,-0.05,1.04
1999-09-13,2.98,3.01,3.07,2.98,4662,6341624.50,3.00,0.33,0.01,0.80
1999-09-14,2.99,3.00,3.07,2.99,6028,8200252.00,2.66,-0.33,-0.01,1.03
1999-09-15,3.01,2.98,3.04,2.98,3621,4913165.00,2.00,-0.67,-0.02,0.62
1999-09-16,2.98,2.99,3.08,2.98,8671,11802026.00,3.36,0.34,0.01,1.48
1999-09-17,2.99,3.03,3.08,2.95,7756,10511239.00,4.35,1.34,0.04,1.33
1999-09-20,3.04,3.05,3.16,3.00,7124,9878807.00,5.28,0.66,0.02,1.22
1999-09-21,3.03,3.12,3.14,3.03,4580,6368583.00,3.61,2.30,0.07,0.78
1999-09-22,3.14,3.08,3.14,3.08,1955,2716671.75,1.92,-1.28,-0.04,0.33
1999-09-23,2.75,3.08,3.12,2.75,3175,4284159.00,12.01,0.00,0.00,0.54
1999-09-24,3.08,3.12,3.18,3.08,4096,5742576.50,3.25,1.30,0.04,0.70
1999-09-27,3.13,3.19,3.25,3.12,11463,16407573.00,4.17,2.24,0.07,1.96
1999-09-28,3.18,3.21,3.23,3.16,8344,11885956.00,2.19,0.63,0.02,1.43
1999-09-29,3.20,3.25,3.26,3.20,6239,8990664.00,1.87,1.25,0.04,1.07
1999-09-30,3.26,3.23,3.38,3.21,12550,18272238.00,5.23,-0.62,-0.02,2.15
1999-10-08,3.23,3.13,3.23,3.13,4651,6620860.50,3.10,-3.10,-0.10,0.80
1999-10-11,3.12,3.13,3.18,3.09,2175,3057307.25,2.88,0.00,0.00,0.37
1999-10-12,3.16,3.21,3.21,3.14,2791,3943811.00,2.24,2.56,0.08,0.48
1999-10-13,3.21,3.14,3.21,3.13,2567,3624886.25,2.49,-2.18,-0.07,0.44
1999-10-14,3.14,3.13,3.18,3.11,1660,2330186.25,2.23,-0.32,-0.01,0.28
1999-10-15,3.13,3.20,3.23,3.13,3646,5173968.00,3.19,2.24,0.07,0.62
1999-10-18,3.21,3.13,3.22,3.12,4928,6973264.00,3.13,-2.19,-0.07,0.84
1999-10-19,3.08,3.00,3.12,2.93,7741,10609571.00,6.07,-4.15,-0.13,1.32
1999-10-20,3.03,3.05,3.08,3.00,3569,4863297.50,2.67,1.67,0.05,0.61
1999-10-21,3.03,2.99,3.05,2.98,2914,3955597.50,2.30,-1.97,-0.06,0.50
1999-10-22,2.96,3.09,3.12,2.96,4838,6663226.00,5.35,3.34,0.10,0.83
1999-10-25,3.09,3.08,3.10,3.04,2764,3805014.00,1.94,-0.32,-0.01,0.47
1999-10-26,3.10,3.11,3.17,3.08,6914,9673133.00,2.92,0.97,0.03,1.18
1999-10-27,3.21,3.22,3.26,3.13,10630,15158444.00,4.18,3.54,0.11,1.82
1999-10-28,3.22,3.25,3.26,3.17,13912,20045248.00,2.80,0.93,0.03,2.38
1999-10-29,3.26,3.23,3.27,3.18,4138,5949139.50,2.77,-0.62,-0.02,0.71
1999-11-01,3.23,3.22,3.25,3.15,2896,4134884.75,3.10,-0.31,-0.01,0.50
1999-11-02,3.20,3.20,3.23,3.17,1500,2136024.75,1.86,-0.62,-0.02,0.26
1999-11-03,3.26,3.33,3.37,3.18,27002,39360744.00,5.94,4.06,0.13,4.62
1999-11-04,3.26,3.27,3.32,3.23,7908,11519911.00,2.70,-1.80,-0.06,1.35
1999-11-05,3.26,3.27,3.30,3.23,7711,11231478.00,2.14,0.00,0.00,1.32
1999-11-08,3.28,3.34,3.34,3.24,7187,10566440.00,3.06,2.14,0.07,1.23
1999-11-09,3.33,3.37,3.38,3.31,10784,16017668.00,2.10,0.90,0.03,1.84
1999-11-10,3.35,3.33,3.36,3.28,7661,11290410.00,2.37,-1.19,-0.04,1.31
1999-11-11,3.33,3.31,3.33,3.28,8886,13054190.00,1.50,-0.60,-0.02,1.52
1999-11-12,3.31,3.32,3.34,3.26,7075,10424824.00,2.42,0.30,0.01,1.21
1999-11-15,3.33,3.36,3.37,3.31,4879,7213580.50,1.81,1.20,0.04,0.83
1999-11-16,3.34,3.21,3.38,3.21,9524,13941070.00,5.06,-4.46,-0.15,1.63
1999-11-17,3.21,3.20,3.25,3.13,4178,5928164.50,3.74,-0.31,-0.01,0.71
1999-11-18,3.22,3.25,3.28,3.22,4428,6416970.50,1.88,1.56,0.05,0.76
1999-11-19,3.24,3.20,3.28,3.20,3622,5211976.00,2.46,-1.54,-0.05,0.62
1999-11-22,3.18,3.18,3.21,3.13,3489,4954451.00,2.50,-0.63,-0.02,0.60
1999-11-23,3.17,3.22,3.23,3.17,2485,3543676.00,1.89,1.26,0.04,0.43
1999-11-24,3.22,3.28,3.29,3.19,8154,11815835.00,3.11,1.86,0.06,1.39
1999-11-25,3.26,3.28,3.29,3.23,2105,3057277.75,1.83,0.00,0.00,0.36
1999-11-26,3.35,3.29,3.35,3.27,2569,3760387.25,2.44,0.30,0.01,0.44
1999-11-29,3.29,3.29,3.35,3.23,12776,18686184.00,3.65,0.00,0.00,2.19
1999-11-30,3.26,3.29,3.33,3.26,5709,8388839.00,2.13,0.00,0.00,0.98
1999-12-01,3.33,3.35,3.40,3.26,15014,22361834.00,4.26,1.82,0.06,2.57
1999-12-02,3.35,3.35,3.41,3.33,6080,9077061.00,2.39,0.00,0.00,1.04
1999-12-03,3.35,3.28,3.38,3.28,7812,11601809.00,2.99,-2.09,-0.07,1.34
1999-12-06,3.29,3.21,3.35,3.20,6096,8795755.00,4.57,-2.13,-0.07,1.04
1999-12-07,3.18,3.22,3.24,3.18,2862,4105920.50,1.87,0.31,0.01,0.49
1999-12-08,3.21,3.23,3.27,3.20,3795,5472826.50,2.17,0.31,0.01,0.65
1999-12-09,3.28,3.22,3.29,3.21,1808,2604333.00,2.48,-0.31,-0.01,0.31
1999-12-10,3.21,3.21,3.23,3.15,3609,5129573.00,2.48,-0.31,-0.01,0.62
1999-12-13,3.18,3.15,3.19,3.13,3116,4398526.50,1.87,-1.87,-0.06,0.53
1999-12-14,3.14,3.17,3.18,3.13,3913,5530246.00,1.59,0.63,0.02,0.67
1999-12-15,3.16,3.20,3.24,3.13,5721,8171739.00,3.47,0.95,0.03,0.98
1999-12-16,3.26,3.16,3.27,3.15,4014,5744088.00,3.75,-1.25,-0.04,0.69
1999-12-17,3.52,3.12,3.52,3.08,9878,14145781.00,13.92,-1.27,-0.04,1.69
1999-12-21,3.10,3.05,3.21,3.04,5595,7788637.00,5.45,-2.24,-0.07,0.96
1999-12-22,3.04,3.02,3.05,3.02,3452,4698703.50,0.98,-0.98,-0.03,0.59
1999-12-23,3.02,2.96,3.02,2.95,2202,2964386.50,2.32,-1.99,-0.06,0.38
1999-12-24,2.96,2.94,2.98,2.92,1709,2266816.25,2.03,-0.68,-0.02,0.29
1999-12-27,2.93,2.88,2.95,2.88,1421,1868127.75,2.38,-2.04,-0.06,0.24
1999-12-28,2.89,2.92,2.97,2.89,3231,4273616.00,2.78,1.39,0.04,0.55
1999-12-29,2.92,2.95,3.00,2.89,2682,3566657.75,3.77,1.03,0.03,0.46
1999-12-30,2.95,2.92,3.04,2.90,2196,2961336.00,4.75,-1.02,-0.03,0.38