2008-01-02,9.44,9.22,9.80,9.16,49647,76287704.00,7.21,3.83,0.34,4.85
2008-01-03,9.22,9.50,9.78,9.19,51443,80295617.00,6.40,3.04,0.28,5.03
2008-01-04,9.58,9.30,9.71,9.21,33666,51726579.00,5.26,-2.11,-0.20,3.29
2008-01-07,9.21,9.46,9.58,9.21,37222,57387615.00,3.98,1.72,0.16,3.64
2008-01-08,9.80,9.63,10.37,9.44,77574,125991818.00,9.83,1.80,0.17,7.58
2008-01-09,9.66,10.01,10.11,9.57,44459,71902156.00,5.61,3.95,0.38,4.35
2008-01-10,10.16,10.18,10.31,9.92,56588,93101604.00,3.90,1.70,0.17,5.53
2008-01-11,10.06,10.01,10.33,9.80,29816,48702562.00,5.21,-1.67,-0.17,2.92
2008-01-14,10.01,9.78,10.01,9.63,29279,46701684.00,3.80,-2.30,-0.23,2.86
2008-01-15,9.73,9.70,9.91,9.57,26648,42290925.00,3.48,-0.82,-0.08,2.61
2008-01-16,9.65,9.43,9.66,9.28,32294,50102887.00,3.92,-2.78,-0.27,3.16
2008-01-17,9.30,8.85,9.56,8.43,33589,50720722.00,11.98,-6.15,-0.58,3.28
2008-01-18,8.91,9.16,9.21,8.60,25370,37537463.00,6.89,3.50,0.31,2.48
2008-01-21,9.38,8.73,9.44,8.58,25816,39088935.00,9.39,-4.69,-0.43,2.52
2008-01-22,8.53,7.69,8.53,7.69,27234,36766241.00,9.62,-11.91,-1.04,2.66
2008-01-23,7.71,8.08,8.15,7.51,22840,30442787.00,8.32,5.07,0.39,2.23
2008-01-24,8.23,8.88,9.01,8.16,32174,46003626.00,10.52,9.90,0.80,3.15
2008-01-25,8.73,9.59,9.80,8.73,92194,143651134.00,12.05,8.00,0.71,9.01
2008-01-29,8.92,9.83,9.98,8.92,84447,133208162.00,11.05,2.50,0.24,8.26
2008-01-30,10.01,9.55,10.13,9.16,46116,72443931.00,9.87,-2.85,-0.28,4.51
2008-01-31,9.51,9.35,9.72,9.23,51240,79866780.00,5.13,-2.09,-0.20,5.01
2008-02-01,9.38,9.99,10.22,8.73,112214,178402010.00,15.94,6.84,0.64,10.97
2008-02-04,10.03,10.78,11.00,9.76,150225,255374226.00,12.41,7.91,0.79,14.69
2008-02-05,10.52,10.23,10.79,10.16,84796,143636239.00,5.84,-5.10,-0.55,8.29
2008-02-13,10.02,9.93,10.66,9.87,36967,61501882.00,7.72,-2.93,-0.30,3.61
2008-02-14,10.08,10.21,10.33,9.88,30277,49657536.00,4.53,2.82,0.28,2.96
2008-02-15,10.05,9.46,10.08,9.14,57649,90028534.00,9.21,-7.35,-0.75,5.64
2008-02-18,9.66,10.57,10.57,9.58,76577,125921545.00,10.47,11.73,1.11,7.49
2008-02-19,10.58,10.66,11.16,10.30,88057,153449775.00,8.14,0.85,0.09,8.61
2008-02-20,10.78,10.99,11.08,10.41,60783,105286226.00,6.29,3.10,0.33,5.94
2008-02-21,10.87,11.63,11.94,10.80,118208,218336297.00,10.37,5.82,0.64,11.56
2008-02-22,11.40,11.28,11.58,10.59,83770,150312066.00,8.51,-3.01,-0.35,8.19
2008-02-25,11.46,11.02,11.68,10.87,57587,103891775.00,7.18,-2.30,-0.26,5.63
2008-02-26,11.41,10.68,11.51,10.31,55758,97007930.00,10.89,-3.09,-0.34,5.45
2008-02-27,10.80,11.91,11.91,10.59,56842,103439400.00,12.36,11.52,1.23,5.56
2008-02-28,11.91,11.71,12.14,11.59,73341,138836444.00,4.62,-1.68,-0.20,7.17
2008-02-29,11.76,12.11,12.42,11.59,57972,112221038.00,7.09,3.42,0.40,5.67
2008-03-03,11.93,12.76,12.83,11.73,77963,152922760.00,9.08,5.37,0.65,7.62
2008-03-04,12.73,12.36,13.08,12.17,63453,126215432.00,7.13,-3.13,-0.40,6.20
2008-03-05,12.20,12.56,12.62,11.66,54256,104278151.00,7.77,1.62,0.20,5.30
2008-03-06,12.57,12.93,13.14,11.94,50593,99654047.00,9.55,2.95,0.37,4.95
2008-03-07,12.66,11.98,12.83,11.94,36135,70651296.00,6.88,-7.35,-0.95,3.53
2008-03-10,11.71,10.84,11.86,10.76,39251,71091938.00,9.18,-9.52,-1.14,3.84
2008-03-11,10.51,11.22,11.30,10.43,34325,61038569.00,8.03,3.51,0.38,3.36
2008-03-12,11.43,10.46,11.61,10.44,33222,58444570.00,10.43,-6.77,-0.76,3.25
2008-03-14,9.82,9.90,10.27,9.58,27984,45322492.00,6.60,-5.35,-0.56,2.71
2008-03-17,10.01,8.94,10.16,8.82,30652,47655728.00,13.54,-9.70,-0.96,2.97
2008-03-18,9.01,8.80,9.36,8.38,34621,50905089.00,10.96,-1.57,-0.14,3.35
2008-03-19,9.21,9.84,9.84,8.94,51524,81086959.00,10.23,11.82,1.04,4.99
2008-03-20,9.53,10.63,10.96,9.44,47702,78923412.00,15.45,8.03,0.79,4.62
2008-03-21,10.61,10.59,11.00,10.36,32638,56174499.00,6.02,-0.38,-0.04,3.16
2008-03-24,10.74,10.37,10.90,10.34,24440,41805472.00,5.29,-2.08,-0.22,2.37
2008-03-25,10.08,10.51,10.58,9.80,25891,43121719.00,7.52,1.35,0.14,2.51
2008-03-26,10.63,10.24,10.80,10.19,17949,30476184.00,5.80,-2.57,-0.27,1.74
2008-03-27,9.83,9.08,9.98,9.06,30045,46626021.00,8.98,-11.33,-1.16,2.91
2008-03-28,8.88,9.30,9.50,8.46,35466,52807127.00,11.45,2.42,0.22,3.43
2008-03-31,8.87,8.21,9.06,8.21,40428,56931356.00,9.14,-11.72,-1.09,3.91
2008-04-01,8.01,7.30,8.21,7.22,36801,47390729.00,12.06,-11.08,-0.91,3.56
2008-04-02,7.51,7.07,7.69,6.62,30856,38197633.00,14.66,-3.15,-0.23,2.99
2008-04-03,6.95,7.48,7.66,6.94,17404,21833365.00,10.18,5.80,0.41,1.69
2008-04-07,7.36,8.05,8.14,7.30,20033,26641438.00,11.23,7.62,0.57,1.94
2008-04-08,8.09,8.06,8.24,7.77,26644,36046912.00,5.84,0.12,0.01,2.58
2008-04-09,7.82,7.10,8.21,7.08,21608,28188999.00,14.02,-11.91,-0.96,2.09
2008-04-10,6.94,7.13,7.25,6.57,22300,26674128.00,9.58,0.42,0.03,2.16
2008-04-11,7.16,7.45,7.71,7.16,20729,26501283.00,7.71,4.49,0.32,2.01
2008-04-14,7.18,6.55,7.28,6.54,24484,28798791.00,9.93,-12.08,-0.90,2.37
2008-04-15,6.55,6.88,6.95,6.24,18893,21875438.00,10.84,5.04,0.33,1.83
2008-04-16,6.88,6.75,7.00,6.66,15765,18704677.00,4.94,-1.89,-0.13,1.53
2008-04-17,6.68,6.50,6.94,6.37,15925,18370439.00,8.44,-3.70,-0.25,1.54
2008-04-18,6.34,6.66,7.07,6.33,24992,29586882.00,11.38,2.46,0.16,2.42
2008-04-21,7.48,6.86,7.48,6.66,23997,29274373.00,12.31,3.00,0.20,2.32
2008-04-22,6.58,6.78,6.80,6.05,17990,20184289.00,10.93,-1.17,-0.08,1.74
2008-04-23,6.71,7.02,7.14,6.45,18566,22157577.00,10.18,3.54,0.24,1.80
2008-04-24,7.66,7.88,7.88,7.41,46631,61240817.00,6.70,12.25,0.86,4.52
2008-04-25,7.66,7.80,8.28,7.51,37866,50834060.00,9.77,-1.02,-0.08,3.67
2008-04-28,7.51,7.63,7.79,7.40,20539,26552358.00,5.00,-2.18,-0.17,1.99
2008-04-29,7.63,7.69,7.80,7.52,14733,19253971.00,3.67,0.79,0.06,1.43
2008-04-30,7.72,8.19,8.27,7.37,28032,37829234.00,11.70,6.50,0.50,2.71
2008-05-05,8.25,8.73,9.02,8.02,41509,59444975.00,12.21,6.59,0.54,4.02
2008-05-06,8.58,8.25,8.64,8.18,36649,51367771.00,5.27,-5.50,-0.48,3.55
2008-05-07,8.22,8.09,8.76,8.07,37501,53197234.00,8.36,-1.94,-0.16,3.63
2008-05-08,7.95,8.43,8.58,7.84,35811,49399508.00,9.15,4.20,0.34,3.47
2008-05-09,8.51,8.19,8.58,7.93,35522,49282368.00,7.71,-2.85,-0.24,3.44
2008-05-12,8.49,8.58,9.08,8.37,66386,96481119.00,8.67,4.76,0.39,6.43
2008-05-13,8.03,7.93,8.36,7.73,54426,73737023.00,7.34,-7.58,-0.65,5.27
2008-05-14,7.80,8.18,8.34,7.75,37289,50450942.00,7.44,3.15,0.25,3.61
2008-05-15,8.29,8.09,8.35,8.06,24338,33473183.00,3.55,-1.10,-0.09,2.36
2008-05-16,8.06,8.06,8.28,7.93,21647,29557232.00,4.33,-0.37,-0.03,2.10
2008-05-19,7.98,7.78,8.07,7.68,18168,24126316.00,4.84,-3.47,-0.28,1.76
2008-05-20,7.86,7.34,8.08,7.23,25877,34108129.00,10.93,-5.66,-0.44,2.51
2008-05-22,7.52,7.30,7.68,7.23,27153,34725634.00,6.13,-0.54,-0.04,2.63
2008-05-23,7.30,7.19,7.41,6.94,18977,23458723.00,6.44,-1.51,-0.11,1.84
2008-05-26,7.00,7.70,7.89,6.80,52093,67017913.00,15.16,7.09,0.51,5.04
2008-05-27,7.58,8.28,8.36,7.37,82293,110320669.00,12.86,7.53,0.58,7.97
2008-05-28,8.08,8.24,8.27,7.95,46620,63719626.00,3.86,-0.48,-0.04,4.51
2008-05-29,8.21,7.80,8.42,7.78,34137,46708588.00,7.77,-5.34,-0.44,3.31
2008-05-30,7.73,7.88,8.04,7.48,31405,41489019.00,7.18,1.03,0.08,3.04
2008-06-02,7.89,7.91,8.12,7.78,20520,27523724.00,4.31,0.38,0.03,1.99
2008-06-03,7.96,8.29,8.44,7.91,58500,80867407.00,6.70,4.80,0.38,5.67
2008-06-04,8.03,8.35,8.62,8.03,54610,76341766.00,7.12,0.72,0.06,5.29
2008-06-05,8.30,8.77,8.91,8.16,81907,117748162.00,8.98,5.03,0.42,7.93
2008-06-06,8.77,8.35,8.84,8.28,39653,56320750.00,6.39,-4.79,-0.42,3.84
2008-06-10,7.73,7.53,7.96,7.35,47861,62150899.00,7.31,-9.82,-0.82,4.63
2008-06-11,7.28,7.61,7.93,7.28,28234,36967924.00,8.63,1.06,0.08,2.73
2008-06-12,7.66,7.70,7.97,7.54,31002,40707316.00,5.65,1.18,0.09,3.00
2008-06-13,7.78,6.78,8.02,6.76,40197,50591536.00,16.36,-11.95,-0.92,3.89
2008-06-16,6.55,6.39,6.80,6.05,26292,29303854.00,11.06,-5.75,-0.39,2.55
2008-06-17,6.48,6.41,6.98,6.29,35165,40889584.00,10.80,0.31,0.02,3.41
2008-06-18,6.11,6.70,6.94,5.61,38538,42911831.00,20.75,4.52,0.29,3.73
2008-06-19,6.54,5.86,6.63,5.86,28424,31121669.00,11.49,-12.54,-0.84,2.75
2008-06-20,5.64,5.48,6.23,5.18,30285,31147874.00,17.92,-6.48,-0.38,2.93
2008-06-23,5.24,5.45,5.58,5.16,12834,12640822.00,7.66,-0.55,-0.03,1.24
2008-06-24,5.45,5.56,5.63,5.37,10949,10976620.00,4.77,2.02,0.11,1.06
2008-06-25,5.70,5.96,6.00,5.58,17072,17890252.00,7.55,7.19,0.40,1.65
2008-06-26,6.01,6.13,6.21,5.81,22930,24600094.00,6.71,2.85,0.17,2.22
2008-06-27,5.81,6.03,6.12,5.78,29584,31356983.00,5.55,-1.63,-0.10,2.86
2008-06-30,6.08,5.98,6.33,5.73,15605,16714459.00,9.95,-0.83,-0.05,1.51
2008-07-01,6.08,5.52,6.08,5.50,11498,11765759.00,9.70,-7.69,-0.46,1.11
2008-07-02,5.52,5.62,5.78,5.48,10228,10400784.00,5.43,1.81,0.10,0.99
2008-07-03,5.51,6.01,6.05,5.30,21772,22712983.00,13.35,6.94,0.39,2.11
2008-07-04,6.41,6.06,6.43,6.02,26058,28606626.00,6.82,0.83,0.05,2.52
2008-07-07,5.83,6.34,6.41,5.83,28415,31261888.00,9.57,4.62,0.28,2.75
2008-07-08,6.30,6.64,6.73,6.14,48287,54427549.00,9.31,4.73,0.30,4.68
2008-07-09,6.81,6.81,7.08,6.66,65078,77373820.00,6.33,2.56,0.17,6.30
2008-07-10,6.62,6.85,7.20,6.52,45484,54699481.00,9.99,0.59,0.04,4.40
2008-07-11,6.73,6.76,6.94,6.39,26456,30612955.00,8.03,-1.31,-0.09,2.56
2008-07-14,6.71,6.96,7.01,6.59,21691,25723789.00,6.21,2.96,0.20,2.10
2008-07-15,7.07,6.58,7.08,6.48,16899,19800394.00,8.62,-5.46,-0.38,1.64
2008-07-16,6.43,6.01,6.61,5.76,19746,21452794.00,12.92,-8.66,-0.57,1.91
2008-07-17,6.17,5.98,6.37,5.88,17441,19014657.00,8.15,-0.50,-0.03,1.69
2008-07-18,6.08,6.19,6.26,5.76,16159,17351122.00,8.36,3.51,0.21,1.56
2008-07-21,6.10,6.43,6.50,6.10,20439,22867938.00,6.46,3.88,0.24,1.98
2008-07-22,6.41,6.38,6.56,6.36,15952,18026763.00,3.11,-0.78,-0.05,1.54
2008-07-23,6.41,6.38,6.58,6.30,16082,18241056.00,4.39,0.00,0.00,1.56
2008-07-24,6.41,6.63,6.63,6.33,19587,22263760.00,4.70,3.92,0.25,1.90
2008-07-25,6.50,6.52,6.72,6.45,15344,17647516.00,4.07,-1.66,-0.11,1.49
2008-07-28,6.55,6.56,6.68,6.50,11901,13690862.00,2.76,0.61,0.04,1.15
2008-07-29,6.55,6.24,6.55,6.23,12519,13928845.00,4.88,-4.88,-0.32,1.21
2008-07-30,6.43,6.38,6.44,6.26,10170,11387253.00,2.88,2.24,0.14,0.98
2008-07-31,6.36,5.93,6.41,5.91,8738,9531019.00,7.84,-7.05,-0.45,0.85
2008-08-01,5.94,6.23,6.23,5.81,7992,8584879.00,7.08,5.06,0.30,0.77
2008-08-04,6.44,6.26,6.63,6.23,22120,25094569.00,6.42,0.48,0.03,2.14
2008-08-05,6.08,6.55,6.76,6.08,31833,36135077.00,10.86,4.63,0.29,3.08
2008-08-06,6.66,6.44,6.71,6.20,29826,33954743.00,7.79,-1.68,-0.11,2.89
2008-08-07,6.43,6.13,6.43,5.95,17177,18794247.00,7.45,-4.81,-0.31,1.66
2008-08-08,6.11,5.35,6.16,5.35,20499,20998537.00,13.21,-12.72,-0.78,1.99
2008-08-11,5.28,4.65,5.35,4.65,15093,13599490.00,13.08,-13.08,-0.70,1.46
2008-08-12,4.63,4.46,4.73,4.37,9464,8175693.00,7.74,-4.09,-0.19,0.92
2008-08-13,4.41,4.43,4.57,4.10,11130,9211898.00,10.54,-0.67,-0.03,1.08
2008-08-14,4.30,4.39,4.51,4.28,8474,7163114.00,5.19,-0.90,-0.04,0.82
2008-08-15,4.38,4.28,4.44,4.23,7699,6429456.00,4.78,-2.51,-0.11,0.75
2008-08-18,4.41,4.73,4.88,4.33,57848,51320390.00,12.85,10.51,0.45,5.60
2008-08-19,4.53,4.83,4.92,4.48,35471,31583755.00,9.30,2.11,0.10,3.43
2008-08-20,4.66,5.31,5.47,4.59,40214,37912747.00,18.22,9.94,0.48,3.89
2008-08-21,5.08,4.91,5.20,4.75,27879,25843978.00,8.47,-7.53,-0.40,2.70
2008-08-22,4.90,4.58,4.91,4.48,11780,10377535.00,8.76,-6.72,-0.33,1.14
2008-08-25,4.81,4.89,5.12,4.73,18249,16702884.00,8.52,6.77,0.31,1.77
2008-08-26,4.75,4.36,4.75,4.24,16295,13867810.00,10.43,-10.84,-0.53,1.58
2008-08-27,4.35,4.43,4.50,4.16,9308,7760584.00,7.80,1.61,0.07,0.90
2008-08-28,4.45,4.39,4.47,4.23,7428,6212979.00,5.42,-0.90,-0.04,0.72
2008-08-29,4.35,4.58,4.65,4.28,25269,21487405.00,8.43,4.33,0.19,2.45
2008-09-01,4.48,4.17,4.48,4.16,11791,9740921.00,6.99,-8.95,-0.41,1.14
2008-09-02,4.11,4.18,4.28,4.08,8013,6505170.00,4.80,0.24,0.01,0.78
2008-09-03,4.33,4.26,4.53,4.22,17924,15031842.00,7.42,1.91,0.08,1.74
2008-09-04,4.23,4.24,4.29,4.10,8228,6690742.00,4.46,-0.47,-0.02,0.80
2008-09-05,4.08,4.02,4.13,3.88,13591,10702373.00,5.90,-5.19,-0.22,1.32
2008-09-08,4.03,3.84,4.21,3.73,12675,9908853.00,11.94,-4.48,-0.18,1.23
2008-09-09,3.94,3.73,3.94,3.58,8847,6618933.00,9.38,-2.86,-0.11,0.86
2008-09-10,3.66,3.81,3.90,3.63,7346,5582168.00,7.24,2.14,0.08,0.71
2008-09-11,3.66,3.26,3.78,3.26,23607,16580402.00,13.65,-14.44,-0.55,2.29
2008-09-12,3.14,3.21,3.26,3.07,13452,9039699.00,5.83,-1.53,-0.05,1.30
2008-09-16,3.23,3.23,3.30,3.13,11976,8132545.00,5.30,0.62,0.02,1.08
2008-09-17,3.28,3.21,3.29,3.01,9586,6434047.00,8.67,-0.62,-0.02,0.87
2008-09-18,3.05,2.98,3.13,2.73,22622,14317529.00,12.46,-7.17,-0.23,2.05
2008-09-19,3.38,3.45,3.45,3.38,17023,12043883.00,2.35,15.77,0.47,1.54
2008-09-22,3.72,3.96,3.96,3.55,51370,39270589.00,11.88,14.78,0.51,4.65
2008-09-23,3.73,3.61,4.03,3.59,34520,26250210.00,11.11,-8.84,-0.35,3.12
2008-09-24,3.38,3.55,3.58,3.30,19174,13474721.00,7.76,-1.66,-0.06,1.73
2008-09-25,3.53,3.60,3.74,3.43,30867,22640344.00,8.73,1.41,0.05,2.79
2008-09-26,3.62,3.40,3.63,3.32,23417,16525431.00,8.61,-5.56,-0.20,2.12
2008-10-06,3.23,3.43,3.62,3.16,14605,9996704.00,13.53,0.88,0.03,1.32
2008-10-07,3.26,3.38,3.42,3.23,7726,5334078.00,5.54,-1.46,-0.05,0.70
2008-10-08,3.30,3.33,3.37,3.23,6711,4621298.00,4.14,-1.48,-0.05,0.61
2008-10-09,3.44,3.37,3.46,3.28,11103,7773643.00,5.41,1.20,0.04,1.00
2008-10-10,3.30,3.26,3.30,3.06,16146,10832240.00,7.12,-3.26,-0.11,1.46
2008-10-13,3.16,3.28,3.28,2.81,10477,6892804.00,14.42,0.61,0.02,0.95
2008-10-14,3.36,3.51,3.73,3.25,43809,31771502.00,14.63,7.01,0.23,3.96
2008-10-15,3.51,3.23,3.51,3.18,15925,11006902.00,9.40,-7.98,-0.28,1.44
2008-10-16,3.01,2.75,3.05,2.75,18837,11871206.00,9.29,-14.86,-0.48,1.70
2008-10-17,2.89,2.76,2.89,2.66,6235,3831786.00,8.36,0.36,0.01,0.56
2008-10-20,2.77,2.86,2.87,2.66,9611,5970890.00,7.61,3.62,0.10,0.87
2008-10-21,2.98,2.93,3.29,2.85,15659,10123465.00,15.38,2.45,0.07,1.42
2008-10-22,2.87,2.89,3.26,2.80,26383,17280052.00,15.70,-1.37,-0.04,2.39
2008-10-23,2.69,2.80,2.85,2.66,13599,8360347.00,6.57,-3.11,-0.09,1.23
2008-10-24,2.85,2.77,2.85,2.67,8974,5501849.00,6.43,-1.07,-0.03,0.81
2008-10-27,2.58,2.33,2.72,2.33,10384,6037937.00,14.08,-15.88,-0.44,0.94
2008-10-28,2.35,2.48,2.51,2.29,9893,5573401.00,9.44,6.44,0.15,0.90
2008-10-29,2.49,2.08,2.55,2.07,10967,6085556.00,19.35,-16.13,-0.40,0.99
2008-10-30,2.08,2.10,2.23,2.01,9869,5146647.00,10.58,0.96,0.02,0.89
2008-10-31,2.14,1.92,2.14,1.87,10405,5251141.00,12.86,-8.57,-0.18,0.94
2008-11-03,1.93,1.93,2.03,1.81,7945,3974519.00,11.46,0.52,0.01,0.72
2008-11-04,1.98,1.89,1.98,1.84,5396,2662098.00,7.25,-2.07,-0.04,0.49
2008-11-05,1.98,2.02,2.03,1.94,11989,6087799.00,4.76,6.88,0.13,1.08
2008-11-06,1.95,2.07,2.18,1.83,30183,15739254.00,17.33,2.48,0.05,2.73
2008-11-07,1.94,2.00,2.10,1.80,16391,8200641.00,14.49,-3.38,-0.07,1.48
2008-11-10,2.06,2.31,2.33,2.03,26620,14276580.00,15.00,15.50,0.31,2.41
2008-11-11,2.23,2.23,2.40,2.20,24346,13371107.00,8.66,-3.46,-0.08,2.20
2008-11-12,2.19,2.36,2.38,2.13,15910,8716249.00,11.21,5.83,0.13,1.44
2008-11-13,2.30,2.64,2.66,2.26,33353,19258574.00,16.95,11.86,0.28,3.02
2008-11-14,2.69,2.81,2.81,2.61,49329,30095268.00,7.58,6.44,0.17,4.46
2008-11-17,2.76,2.93,2.98,2.73,31965,20009963.00,8.90,4.27,0.12,2.89
2008-11-18,2.86,2.47,3.01,2.47,33549,20300188.00,18.43,-15.70,-0.46,3.04
2008-11-19,2.42,2.78,2.78,2.37,22687,13435535.00,16.60,12.55,0.31,2.05
2008-11-20,2.69,2.83,3.05,2.63,43923,27698395.00,15.11,1.80,0.05,3.97
2008-11-21,2.73,3.16,3.21,2.53,63242,40846145.00,24.03,11.66,0.33,5.72
2008-11-24,3.14,2.78,3.19,2.71,36592,23531572.00,15.19,-12.03,-0.38,3.31
2008-11-25,2.79,2.56,2.88,2.46,25324,15178427.00,15.11,-7.91,-0.22,2.29
2008-11-26,2.58,2.54,2.61,2.45,10192,5938500.00,6.25,-0.78,-0.02,0.92
2008-11-27,2.83,2.53,2.86,2.51,24257,14790294.00,13.78,-0.39,-0.01,2.19
2008-11-28,2.47,2.49,2.54,2.38,12886,7367950.00,6.32,-1.58,-0.04,1.17
2008-12-01,2.46,2.65,2.66,2.44,16603,9735235.00,8.84,6.43,0.16,1.50
2008-12-02,2.55,2.81,2.81,2.53,25783,15650020.00,10.57,6.04,0.16,2.33
2008-12-03,2.83,3.10,3.20,2.76,67153,43803185.00,15.66,10.32,0.29,6.08
2008-12-04,3.08,3.28,3.54,3.00,109769,74769896.00,17.42,5.81,0.18,9.93
2008-12-05,3.13,3.66,3.73,3.13,94783,67504953.00,18.29,11.59,0.38,8.58
2008-12-08,3.66,3.86,4.03,3.56,84793,63929505.00,12.84,5.46,0.20,7.67
2008-12-09,3.77,3.67,3.91,3.56,55435,41393542.00,9.07,-4.92,-0.19,5.02
2008-12-10,3.69,4.06,4.10,3.63,71614,55723221.00,12.81,10.63,0.39,6.48
2008-12-11,4.02,3.93,4.43,3.91,65541,53385318.00,12.81,-3.20,-0.13,5.93
2008-12-12,3.97,3.93,4.08,3.71,41945,32218918.00,9.41,0.00,0.00,3.80
2008-12-15,4.16,4.19,4.33,3.96,47338,38371307.00,9.41,6.62,0.26,4.28
2008-12-16,4.11,4.31,4.36,3.91,34994,28306951.00,10.74,2.86,0.12,3.17
2008-12-17,4.28,4.63,4.66,4.16,64785,54777636.00,11.60,7.42,0.32,5.86
2008-12-18,4.51,4.82,4.87,4.44,48751,43153684.00,9.29,4.10,0.19,4.41
2008-12-19,4.78,4.67,4.86,4.65,41286,36805482.00,4.36,-3.11,-0.15,3.74
2008-12-22,4.62,4.31,4.65,4.27,47351,40199178.00,8.14,-7.71,-0.36,4.28
2008-12-23,4.32,4.13,4.55,4.10,35634,29760928.00,10.44,-4.18,-0.18,3.22
2008-12-24,4.03,4.37,4.38,3.94,42578,34772997.00,10.65,5.81,0.24,3.85
2008-12-25,4.34,4.28,4.64,4.16,26930,22722816.00,10.98,-2.06,-0.09,2.44
2008-12-26,4.23,4.31,4.37,4.12,21913,18160206.00,5.84,0.70,0.03,1.98
2008-12-29,4.26,4.75,4.82,4.16,38681,33492928.00,15.31,10.21,0.44,3.50
2008-12-30,4.67,5.08,5.22,4.63,71369,66103956.00,12.42,6.95,0.33,6.46
2008-12-31,5.08,4.87,5.15,4.71,36793,33900634.00,8.66,-4.13,-0.21,3.33