2023-01-03,12.17,12.39,12.40,12.17,20103,24777641.00,1.87,0.90,0.11,0.57
2023-01-04,12.42,12.58,12.67,12.36,45413,56847244.00,2.50,1.53,0.19,1.29
2023-01-05,12.54,12.51,12.65,12.46,24231,30326690.00,1.51,-0.56,-0.07,0.69
2023-01-06,12.53,12.50,12.57,12.46,15962,19974945.00,0.88,-0.08,-0.01,0.45
2023-01-09,12.50,12.44,12.56,12.40,22093,27527483.00,1.28,-0.48,-0.06,0.63
2023-01-10,12.46,12.37,12.46,12.29,15798,19514107.00,1.37,-0.56,-0.07,0.45
2023-01-11,12.31,12.23,12.38,12.22,13842,17028575.00,1.29,-1.13,-0.14,0.39
2023-01-12,12.26,12.25,12.30,12.18,10875,13304449.00,0.98,0.16,0.02,0.31
2023-01-13,12.25,12.38,12.38,12.23,15861,19529914.00,1.22,1.06,0.13,0.45
2023-01-16,12.35,12.44,12.49,12.32,19764,24530914.00,1.37,0.48,0.06,0.56
2023-01-17,12.44,12.39,12.48,12.33,13037,16136202.00,1.21,-0.40,-0.05,0.37
2023-01-18,12.43,12.51,12.56,12.38,16427,20485997.00,1.45,0.97,0.12,0.47
2023-01-19,12.50,12.58,12.60,12.43,18668,23413389.00,1.36,0.56,0.07,0.53
2023-01-20,12.58,12.66,12.69,12.52,20898,26394726.00,1.35,0.64,0.08,0.59
2023-01-30,12.73,12.80,12.86,12.63,40522,51558136.00,1.82,1.11,0.14,1.15
2023-01-31,12.78,13.09,13.20,12.73,64448,83586213.00,3.67,2.27,0.29,1.83
2023-02-01,13.00,13.27,13.33,12.96,71961,95001689.00,2.83,1.38,0.18,2.04
2023-02-02,13.38,13.18,13.45,13.08,69648,91898720.00,2.79,-0.68,-0.09,1.97
2023-02-03,13.19,13.22,13.27,13.06,43021,56552103.00,1.59,0.30,0.04,1.22