2022-01-04,21.00,21.78,21.98,20.41,160393,344059392.00,7.41,2.78,0.59,15.50
2022-01-05,21.41,20.88,21.81,20.19,144520,302240848.00,7.44,-4.13,-0.90,13.96
2022-01-06,20.45,20.70,21.00,20.09,84794,173892544.00,4.36,-0.86,-0.18,8.19
2022-01-07,20.58,19.66,20.78,19.64,91022,182745629.00,5.51,-5.02,-1.04,8.79
2022-01-10,19.64,20.93,21.50,19.28,134373,278844896.00,11.29,6.46,1.27,12.98
2022-01-11,20.68,20.41,21.19,20.34,65243,134742930.00,4.06,-2.48,-0.52,6.30
2022-01-12,20.69,21.10,21.40,20.51,65457,137157092.00,4.36,3.38,0.69,6.32
2022-01-13,21.08,20.18,21.09,20.10,66603,136073640.00,4.69,-4.36,-0.92,6.43
2022-01-14,20.00,20.69,21.33,19.95,93588,195059415.00,6.84,2.53,0.51,9.04
2022-01-17,20.72,21.23,21.56,20.72,89137,188660012.00,4.06,2.61,0.54,8.61
2022-01-18,21.33,20.50,21.33,20.29,73318,150865058.00,4.90,-3.44,-0.73,7.08
2022-01-19,20.47,20.55,20.60,20.01,53644,109195565.00,2.88,0.24,0.05,5.18
2022-01-20,20.50,18.82,20.50,18.66,84332,162360159.00,8.95,-8.42,-1.73,8.15
2022-01-21,18.75,18.68,19.13,18.38,39800,74483444.00,3.99,-0.74,-0.14,3.84
2022-01-24,18.70,18.70,19.08,18.21,30532,57459567.00,4.66,0.11,0.02,2.95
2022-01-25,18.70,17.63,18.90,17.57,49905,89770267.00,7.11,-5.72,-1.07,4.82
2022-01-26,17.64,17.63,18.00,17.14,46515,81897206.00,4.88,0.00,0.00,4.49
2022-01-27,17.64,16.90,17.72,16.90,41176,70563825.00,4.65,-4.14,-0.73,3.98
2022-01-28,17.00,17.11,17.57,17.00,30231,52396648.00,3.37,1.24,0.21,2.92
2022-02-07,17.31,17.27,17.68,17.13,30851,53759064.00,3.21,0.94,0.16,2.98
2022-02-08,17.22,17.39,17.40,16.94,27484,47261636.00,2.66,0.69,0.12,2.66
2022-02-09,17.39,17.72,17.81,17.24,36579,64303610.00,3.28,1.90,0.33,3.53
2022-02-10,17.84,17.55,17.84,17.48,27125,47783100.00,2.03,-0.96,-0.17,2.62
2022-02-11,17.52,16.65,17.52,16.65,42778,72241277.00,4.96,-5.13,-0.90,4.13
2022-02-14,17.00,17.07,17.41,16.49,33854,58022644.00,5.53,2.52,0.42,3.27
2022-02-15,17.12,17.14,17.34,16.80,21369,36318369.00,3.16,0.41,0.07,2.06
2022-02-16,17.21,17.48,17.60,17.11,25306,44094518.00,2.86,1.98,0.34,2.44
2022-02-17,17.40,17.33,17.53,17.23,21366,37109784.00,1.72,-0.86,-0.15,2.06
2022-02-18,17.39,17.18,17.39,16.92,17567,30027684.00,2.71,-0.87,-0.15,1.70
2022-02-21,17.25,17.26,17.39,17.12,18144,31304040.00,1.57,0.47,0.08,1.75
2022-02-22,17.13,16.78,17.13,16.68,26943,45350224.00,2.61,-2.78,-0.48,2.60
2022-02-23,16.75,17.22,17.28,16.75,23859,40884212.00,3.16,2.62,0.44,2.30
2022-02-24,17.20,16.52,17.38,16.25,43697,73421661.00,6.56,-4.07,-0.70,4.22
2022-02-25,16.73,16.58,16.90,16.53,22255,37215564.00,2.24,0.36,0.06,2.15
2022-02-28,16.63,16.39,16.73,15.90,24523,39731143.00,5.01,-1.15,-0.19,2.37
2022-03-01,16.44,16.16,16.45,16.10,20046,32465099.00,2.14,-1.40,-0.23,1.94
2022-03-02,16.08,16.10,16.15,15.92,19152,30725428.00,1.42,-0.37,-0.06,1.85
2022-03-03,16.21,15.66,16.40,15.66,28731,45664498.00,4.60,-2.73,-0.44,2.78
2022-03-04,15.53,15.67,15.91,15.46,21313,33590871.00,2.87,0.06,0.01,2.06
2022-03-07,15.60,15.36,15.78,15.21,16652,25607543.00,3.64,-1.98,-0.31,1.61
2022-03-08,15.21,14.76,15.44,14.68,22397,33679357.00,4.95,-3.91,-0.60,2.16
2022-03-09,14.87,14.62,15.02,13.91,24283,35187035.00,7.52,-0.95,-0.14,2.35
2022-03-10,14.96,14.77,15.18,14.75,18366,27497661.00,2.94,1.03,0.15,1.77
2022-03-11,14.60,14.98,14.99,14.35,20547,30148823.00,4.33,1.42,0.21,1.99
2022-03-14,14.83,14.61,14.98,14.61,16647,24633696.00,2.47,-2.47,-0.37,1.61
2022-03-15,14.61,13.78,14.62,13.71,24323,34417856.00,6.23,-5.68,-0.83,2.35
2022-03-16,14.15,14.46,14.52,13.57,27550,38733209.00,6.89,4.93,0.68,2.66
2022-03-17,14.53,14.58,14.96,14.53,21636,31872345.00,2.97,0.83,0.12,2.09
2022-03-18,14.58,14.88,15.35,14.58,28338,42470102.00,5.28,2.06,0.30,2.74
2022-03-21,14.92,14.82,15.04,14.68,17603,26149055.00,2.42,-0.40,-0.06,1.70
2022-03-22,14.88,14.87,15.03,14.62,17006,25213572.00,2.77,0.34,0.05,1.64
2022-03-23,14.87,14.92,15.08,14.84,16550,24753913.00,1.61,0.34,0.05,1.60
2022-03-24,14.92,14.73,14.99,14.63,14775,21764747.00,2.41,-1.27,-0.19,1.43
2022-03-25,14.73,14.56,14.92,14.55,15387,22654983.00,2.51,-1.15,-0.17,1.49
2022-03-28,15.50,17.47,17.47,15.25,117690,199276777.00,15.25,19.99,2.91,11.37
2022-03-29,17.00,16.65,17.80,16.64,188346,324678848.00,6.64,-4.69,-0.82,18.20
2022-03-30,16.68,17.40,18.15,16.68,161065,281433280.00,8.83,4.50,0.75,15.56
2022-03-31,17.14,18.18,19.20,16.80,173510,309636496.00,13.79,4.48,0.78,16.76
2022-04-01,17.54,17.86,18.18,17.21,125748,223255790.00,5.34,-1.76,-0.32,12.15
2022-04-06,17.34,17.42,17.86,17.08,93572,162996466.00,4.37,-2.46,-0.44,9.04
2022-04-07,17.33,17.71,17.97,16.97,108184,189976336.00,5.74,1.66,0.29,10.45
2022-04-08,17.37,17.22,17.64,16.89,79803,137142524.00,4.23,-2.77,-0.49,7.71
2022-04-11,16.74,16.41,16.81,15.91,80600,131889961.00,5.23,-4.70,-0.81,7.79
2022-04-12,16.60,16.95,17.29,16.50,56784,96122098.00,4.81,3.29,0.54,5.49
2022-04-13,16.97,16.10,17.06,16.08,51834,84694241.00,5.78,-5.01,-0.85,5.01
2022-04-14,16.25,16.55,17.00,16.19,40131,66506473.00,5.03,2.80,0.45,3.88
2022-04-15,16.50,15.55,16.73,15.50,52114,82928627.00,7.43,-6.04,-1.00,5.03
2022-04-18,15.50,15.95,16.27,15.11,39042,61722305.00,7.46,2.57,0.40,3.77
2022-04-19,16.00,16.28,16.60,15.93,38431,62640379.00,4.20,2.07,0.33,3.71
2022-04-20,16.23,15.96,16.43,15.79,30619,49383110.00,3.93,-1.97,-0.32,2.96
2022-04-21,15.96,16.77,16.95,15.90,108985,181125205.00,6.58,5.08,0.81,10.53
2022-04-22,16.54,14.72,16.59,14.63,104877,160885245.00,11.69,-12.22,-2.05,10.13
2022-04-25,14.00,13.91,14.54,13.68,55194,77724386.00,5.84,-5.50,-0.81,5.33
2022-04-26,13.92,13.20,14.39,13.14,50033,68469650.00,8.99,-5.10,-0.71,4.83
2022-04-27,13.00,13.44,13.47,12.50,52595,68267440.00,7.35,1.82,0.24,5.08
2022-04-28,13.25,12.40,13.32,12.22,47878,60426282.00,8.18,-7.74,-1.04,4.63
2022-04-29,12.82,14.01,14.60,12.71,76605,107053814.00,15.24,12.98,1.61,7.40
2022-05-05,13.72,14.25,14.29,13.43,50602,70287213.00,6.14,1.71,0.24,4.89
2022-05-06,13.94,14.01,14.29,13.70,34485,48158421.00,4.14,-1.68,-0.24,3.33
2022-05-09,14.00,14.08,14.39,13.81,26288,37128857.00,4.14,0.50,0.07,2.54
2022-05-10,13.91,14.48,14.65,13.77,44767,64326517.00,6.25,2.84,0.40,4.32
2022-05-11,14.47,14.47,14.97,14.30,42791,62983561.00,4.63,-0.07,-0.01,4.13
2022-05-12,14.46,14.55,14.66,14.30,24652,35711166.00,2.49,0.55,0.08,2.38
2022-05-13,14.56,14.58,14.88,14.36,22116,32189886.00,3.57,0.21,0.03,2.14
2022-05-16,14.61,14.67,14.98,14.46,26759,39243422.00,3.57,0.62,0.09,2.59
2022-05-17,14.83,14.63,14.83,14.08,26232,37817571.00,5.11,-0.27,-0.04,2.53
2022-05-18,14.56,14.61,14.91,14.50,21486,31568118.00,2.80,-0.14,-0.02,2.08
2022-05-19,14.49,14.65,14.68,14.41,20255,29514860.00,1.85,0.27,0.04,1.96
2022-05-20,14.80,14.65,14.95,14.55,21979,32258949.00,2.73,0.00,0.00,2.12
2022-05-23,14.89,14.75,15.15,14.62,23181,34263399.00,3.62,0.68,0.10,2.24
2022-05-24,14.69,14.03,14.76,14.02,27818,39999328.00,5.02,-4.88,-0.72,2.69
2022-05-25,14.03,14.05,14.18,13.79,19417,27093021.00,2.78,0.14,0.02,1.88
2022-05-26,14.20,14.40,14.44,13.60,28842,40581530.00,5.98,2.49,0.35,2.79
2022-05-27,14.56,15.35,15.62,14.41,82220,124581819.00,8.40,6.60,0.95,7.94
2022-05-30,15.20,14.93,15.23,14.76,38836,58230671.00,3.06,-2.74,-0.42,3.75
2022-05-31,14.80,15.57,15.80,14.63,73477,113269845.00,7.84,4.29,0.64,7.10
2022-06-01,15.41,15.42,15.70,15.25,40816,62992678.00,2.89,-0.96,-0.15,3.94
2022-06-02,15.38,15.72,16.12,15.15,55224,86624707.00,6.29,1.95,0.30,5.34
2022-06-06,15.98,16.31,16.49,15.72,61076,98855851.00,4.90,3.75,0.59,5.90
2022-06-07,16.31,16.04,16.87,15.92,69888,114224114.00,5.82,-1.66,-0.27,6.75
2022-06-08,16.15,15.50,16.16,15.33,39500,61837909.00,5.17,-3.37,-0.54,3.82
2022-06-09,15.40,14.92,15.49,14.88,27233,41078465.00,3.94,-3.74,-0.58,2.63
2022-06-10,14.51,14.10,14.79,13.43,187648,260684603.00,9.12,-5.50,-0.82,10.82
2022-06-13,13.80,13.88,14.03,13.64,102072,141202477.00,2.77,-1.56,-0.22,5.88
2022-06-14,13.71,13.65,13.90,13.19,102798,138239403.00,5.12,-1.66,-0.23,5.93
2022-06-15,13.60,13.57,13.85,13.54,75266,103097704.00,2.27,-0.59,-0.08,4.34
2022-06-16,15.00,14.45,15.37,14.30,257031,376458592.00,7.89,6.48,0.88,14.82
2022-06-17,14.45,14.59,15.17,14.37,224125,328774416.00,5.54,0.97,0.14,12.92
2022-06-20,14.60,14.55,14.79,14.41,142938,207750882.00,2.60,-0.27,-0.04,8.24
2022-06-21,14.66,15.56,15.68,14.59,334013,508451152.00,7.49,6.94,1.01,19.26
2022-06-22,15.34,15.78,16.19,15.11,261865,407379632.00,6.94,1.41,0.22,15.10
2022-06-23,15.58,15.66,15.88,15.28,142029,221807097.00,3.80,-0.76,-0.12,8.19
2022-06-24,15.61,15.75,15.80,15.32,147388,229205829.00,3.07,0.57,0.09,8.50
2022-06-27,15.78,15.80,16.10,15.64,146231,231917691.00,2.92,0.32,0.05,8.43
2022-06-28,15.83,15.77,15.89,15.40,135870,213088447.00,3.10,-0.19,-0.03,7.83
2022-06-29,15.68,15.55,16.29,15.46,125225,198092649.00,5.26,-1.40,-0.22,7.22
2022-06-30,15.62,16.01,16.25,15.48,143206,228170826.00,4.95,2.96,0.46,8.26
2022-07-01,15.58,15.54,15.70,15.13,120081,184896979.00,3.56,-2.94,-0.47,6.92
2022-07-04,15.71,15.80,16.10,15.53,105597,167116448.00,3.67,1.67,0.26,6.09
2022-07-05,15.86,15.48,15.87,15.25,85745,132814193.00,3.92,-2.03,-0.32,4.94
2022-07-06,15.58,15.29,15.75,15.11,99829,153761865.00,4.13,-1.23,-0.19,5.75
2022-07-07,15.20,15.15,15.35,14.80,83784,126467283.00,3.60,-0.92,-0.14,4.83
2022-07-08,15.35,15.58,15.87,15.13,142451,222882195.00,4.88,2.84,0.43,8.21
2022-07-11,15.43,15.81,15.88,15.22,127339,199495601.00,4.24,1.48,0.23,7.34
2022-07-12,15.81,14.89,15.81,14.87,122464,187156070.00,5.95,-5.82,-0.92,7.06
2022-07-13,14.63,14.83,15.00,14.63,62759,93242130.00,2.48,-0.40,-0.06,3.62
2022-07-14,14.79,15.04,15.37,14.70,83885,126573884.00,4.52,1.42,0.21,4.84
2022-07-15,14.88,14.45,15.04,14.43,71259,104953995.00,4.06,-3.92,-0.59,4.11
2022-07-18,14.70,15.13,15.14,14.51,66361,99227796.00,4.36,4.71,0.68,3.83
2022-07-19,15.21,15.70,15.85,15.00,146995,227281459.00,5.62,3.77,0.57,8.47
2022-07-20,15.78,15.59,15.96,15.37,100974,157126941.00,3.76,-0.70,-0.11,5.82
2022-07-21,15.52,15.38,15.85,15.38,72556,112879467.00,3.01,-1.35,-0.21,4.18
2022-07-22,15.32,15.10,15.49,14.96,61548,93491807.00,3.45,-1.82,-0.28,3.55
2022-07-25,15.19,15.80,16.28,15.03,194252,307287980.00,8.28,4.64,0.70,11.20
2022-07-26,16.02,16.15,16.65,15.71,227176,366551458.00,5.95,2.22,0.35,13.10
2022-07-27,16.10,16.59,16.74,15.73,217686,355173885.00,6.25,2.72,0.44,12.55
2022-07-28,16.65,17.11,17.20,16.38,245290,414242009.00,4.94,3.13,0.52,14.14
2022-07-29,17.45,16.67,17.59,16.18,267110,444015759.00,8.24,-2.57,-0.44,15.40
2022-08-01,16.47,16.36,16.47,16.01,116370,189486432.00,2.76,-1.86,-0.31,6.71
2022-08-02,16.11,15.27,16.11,15.26,143151,222441591.00,5.20,-6.66,-1.09,8.25
2022-08-03,15.39,15.40,15.95,15.30,119412,187391772.00,4.26,0.85,0.13,6.88
2022-08-04,15.62,15.75,16.02,15.53,93163,146846224.00,3.18,2.27,0.35,5.37
2022-08-05,15.77,15.86,16.07,15.70,98662,156628182.00,2.35,0.70,0.11,5.69
2022-08-08,15.92,16.24,16.36,15.73,100135,161723110.00,3.97,2.40,0.38,5.77
2022-08-09,16.12,16.04,16.33,15.86,80384,128656220.00,2.89,-1.23,-0.20,4.63
2022-08-10,15.99,15.85,16.11,15.75,87178,138568906.00,2.24,-1.18,-0.19,5.03
2022-08-11,15.99,16.99,17.13,15.94,252689,422182238.00,7.51,7.19,1.14,14.57
2022-08-12,17.18,16.70,17.49,16.69,252031,431567499.00,4.71,-1.71,-0.29,14.53
2022-08-15,16.73,16.80,16.89,16.37,162097,269906310.00,3.11,0.60,0.10,9.34
2022-08-16,16.72,16.98,17.27,16.53,132626,224254763.00,4.40,1.07,0.18,7.65
2022-08-17,16.96,17.39,17.85,16.73,254095,441249074.00,6.60,2.41,0.41,14.65
2022-08-18,17.12,17.89,17.89,17.06,203865,357196763.00,4.77,2.88,0.50,11.75
2022-08-19,18.22,17.16,18.90,17.16,278397,500552990.00,9.73,-4.08,-0.73,16.05
2022-08-22,17.28,17.83,17.95,16.72,217617,382194163.00,7.17,3.90,0.67,12.55
2022-08-23,17.83,17.65,18.34,17.42,213416,379114185.00,5.16,-1.01,-0.18,12.30
2022-08-24,17.55,16.67,17.57,16.64,175206,297213639.00,5.27,-5.55,-0.98,10.10
2022-08-25,16.90,16.20,16.93,15.93,126058,204536462.00,6.00,-2.82,-0.47,7.27
2022-08-26,16.30,16.01,16.78,15.93,125616,205605453.00,5.25,-1.17,-0.19,7.24
2022-08-29,15.66,15.98,16.11,15.66,71078,113048565.00,2.81,-0.19,-0.03,4.10
2022-08-30,15.90,16.06,16.35,15.88,80695,130053033.00,2.94,0.50,0.08,4.65
2022-08-31,16.09,15.69,16.18,15.50,82763,130433673.00,4.23,-2.30,-0.37,4.77
2022-09-01,15.59,14.94,15.76,14.87,97762,149155276.00,5.67,-4.78,-0.75,5.64
2022-09-02,15.00,15.40,15.50,15.00,65990,101246579.00,3.35,3.08,0.46,3.80
2022-09-05,15.40,15.15,15.49,15.01,47932,72750690.00,3.12,-1.62,-0.25,2.76
2022-09-06,15.16,16.06,16.36,14.94,143804,227710354.00,9.37,6.01,0.91,8.29
2022-09-07,16.22,16.06,16.31,15.90,70514,113439306.00,2.55,0.00,0.00,4.07
2022-09-08,16.15,15.82,16.58,15.79,81378,131709313.00,4.92,-1.49,-0.24,4.69
2022-09-09,15.95,15.78,15.97,15.52,61712,96891729.00,2.84,-0.25,-0.04,3.56
2022-09-13,15.81,15.65,16.02,15.53,43751,68680942.00,3.11,-0.82,-0.13,2.52
2022-09-14,15.34,15.36,15.49,15.25,33404,51347845.00,1.53,-1.85,-0.29,1.93
2022-09-15,15.50,14.66,15.50,14.38,71436,106080967.00,7.29,-4.56,-0.70,4.12
2022-09-16,14.68,14.29,14.68,14.29,43340,62685615.00,2.66,-2.52,-0.37,2.50
2022-09-19,14.30,14.42,14.59,14.09,50967,73127075.00,3.50,0.91,0.13,2.94
2022-09-20,14.40,14.43,14.65,14.21,47514,68533341.00,3.05,0.07,0.01,2.74
2022-09-21,14.40,14.79,15.28,14.12,105225,155707906.00,8.04,2.49,0.36,6.07
2022-09-22,14.57,14.54,15.05,14.42,60198,88737159.00,4.26,-1.69,-0.25,3.47
2022-09-23,14.82,14.00,14.82,13.82,64164,90873554.00,6.88,-3.71,-0.54,3.70
2022-09-26,13.98,13.59,14.07,13.51,47651,65375251.00,4.00,-2.93,-0.41,2.75
2022-09-27,13.51,13.92,14.00,13.50,42299,58295712.00,3.68,2.43,0.33,2.44
2022-09-28,13.81,13.35,14.00,13.35,51346,69666103.00,4.67,-4.09,-0.57,2.96
2022-09-29,13.59,13.30,13.59,13.13,37291,49691698.00,3.45,-0.37,-0.05,2.15
2022-09-30,13.35,13.00,13.35,13.00,27385,36028832.00,2.63,-2.26,-0.30,1.58
2022-10-10,13.02,13.14,13.14,12.60,40391,52139761.00,4.15,1.08,0.14,2.33
2022-10-11,13.39,13.42,13.60,12.95,50896,67525992.00,4.95,2.13,0.28,2.93
2022-10-12,13.30,13.83,13.87,13.14,59813,81263848.00,5.44,3.06,0.41,3.45
2022-10-13,13.78,13.76,13.98,13.66,52420,72400135.00,2.31,-0.51,-0.07,3.02
2022-10-14,13.85,13.98,14.08,13.73,53880,75088720.00,2.54,1.60,0.22,3.11
2022-10-17,13.98,14.20,14.25,13.88,53838,76039915.00,2.65,1.57,0.22,3.10
2022-10-18,14.28,14.29,14.57,14.07,48550,69438545.00,3.52,0.63,0.09,1.47
2022-10-19,14.31,14.13,14.38,14.11,32382,46021496.00,1.89,-1.12,-0.16,0.98
2022-10-20,14.13,14.20,14.37,13.81,40658,57406793.00,3.96,0.50,0.07,1.23
2022-10-21,14.30,14.02,14.32,14.01,26927,38083900.00,2.18,-1.27,-0.18,0.82
2022-10-24,14.18,13.80,14.36,13.70,37912,53375076.00,4.71,-1.57,-0.22,1.15
2022-10-25,13.96,13.87,14.03,13.61,36533,50460162.00,3.04,0.51,0.07,1.11
2022-10-26,14.00,14.30,14.37,13.82,44235,62800653.00,3.97,3.10,0.43,1.34
2022-10-27,14.35,14.45,14.58,14.23,48415,69827310.00,2.45,1.05,0.15,1.47
2022-10-28,14.45,14.02,14.79,13.98,69855,100470201.00,5.61,-2.98,-0.43,2.12
2022-10-31,14.17,14.50,14.50,13.99,64655,92480957.00,3.64,3.42,0.48,1.96
2022-11-01,14.47,14.66,14.67,14.28,57787,83790884.00,2.69,1.10,0.16,1.75
2022-11-02,15.21,15.12,15.52,14.97,129271,197104366.00,3.75,3.14,0.46,3.92
2022-11-03,14.84,14.96,15.05,14.70,61467,91512701.00,2.31,-1.06,-0.16,1.86
2022-11-04,15.00,15.15,15.27,14.77,61362,92247807.00,3.34,1.27,0.19,1.86
2022-11-07,15.14,15.62,15.75,15.04,85812,132277364.00,4.69,3.10,0.47,2.60
2022-11-08,15.62,15.47,15.62,15.23,46620,71614373.00,2.50,-0.96,-0.15,1.41
2022-11-09,15.50,15.29,15.58,15.20,40713,62644356.00,2.46,-1.16,-0.18,1.23
2022-11-10,15.29,15.31,15.54,15.20,52155,80293470.00,2.22,0.13,0.02,1.58
2022-11-11,15.86,14.99,15.86,14.98,57365,87980351.00,5.75,-2.09,-0.32,1.74
2022-11-14,15.13,15.83,15.90,15.05,132948,207760315.00,5.67,5.60,0.84,4.03
2022-11-15,15.75,16.09,16.21,15.53,113684,181121890.00,4.30,1.64,0.26,3.45
2022-11-16,16.15,16.10,16.25,15.87,100088,160988624.00,2.36,0.06,0.01,3.03
2022-11-17,16.11,16.57,16.69,15.96,106201,173689327.00,4.53,2.92,0.47,3.22
2022-11-18,16.68,16.83,17.04,16.53,102565,173028485.00,3.08,1.57,0.26,3.11
2022-11-21,16.98,16.89,17.05,16.63,64671,108865792.00,2.50,0.36,0.06,1.96
2022-11-22,16.85,16.89,17.24,16.71,82830,140634215.00,3.14,0.00,0.00,2.51
2022-11-23,16.80,16.70,16.90,16.40,70297,116855420.00,2.96,-1.12,-0.19,2.13
2022-11-24,16.86,16.41,16.95,16.36,59218,97884199.00,3.53,-1.74,-0.29,1.80
2022-11-25,16.50,16.94,17.02,16.43,104684,175472447.00,3.60,3.23,0.53,3.17
2022-11-28,16.96,17.03,17.11,16.65,141166,238433514.00,2.72,0.53,0.09,4.28
2022-11-29,16.97,17.43,17.52,16.90,142614,246128765.00,3.64,2.35,0.40,4.32
2022-11-30,17.60,17.45,17.60,17.23,81864,142247401.00,2.12,0.11,0.02,2.48
2022-12-01,17.45,18.04,18.09,17.38,129606,230563003.00,4.07,3.38,0.59,3.93
2022-12-02,17.81,18.50,18.60,17.80,124770,228967684.00,4.43,2.55,0.46,3.78
2022-12-05,18.50,18.45,19.05,18.08,189999,352021420.00,5.24,-0.27,-0.05,5.76
2022-12-06,18.20,17.70,18.47,17.40,158372,283512276.00,5.80,-4.07,-0.75,4.80
2022-12-07,17.53,16.20,17.56,15.78,210523,342682507.00,10.06,-8.47,-1.50,6.38
2022-12-08,16.06,16.40,16.50,15.29,170919,271044996.00,7.47,1.23,0.20,5.18
2022-12-09,16.06,16.32,16.42,15.99,83156,134897428.00,2.62,-0.49,-0.08,2.52
2022-12-12,16.20,16.34,16.50,16.13,74856,122323073.00,2.27,0.12,0.02,2.27
2022-12-13,16.60,16.28,16.74,16.13,45605,74384620.00,3.73,-0.37,-0.06,1.38
2022-12-14,16.29,17.02,17.40,16.24,125329,211705099.00,7.13,4.55,0.74,3.80
2022-12-15,16.97,17.34,17.48,16.95,70612,121525146.00,3.11,1.88,0.32,2.14
2022-12-16,17.18,17.48,17.55,17.17,65549,113961740.00,2.19,0.81,0.14,1.99
2022-12-19,17.50,16.56,17.68,16.42,69293,116658831.00,7.21,-5.26,-0.92,2.10
2022-12-20,16.73,16.63,17.10,16.46,56817,95089397.00,3.86,0.42,0.07,1.72
2022-12-21,16.60,16.35,16.60,15.70,67817,108865426.00,5.41,-1.68,-0.28,2.06
2022-12-22,16.34,16.70,16.91,16.28,75986,126945673.00,3.85,2.14,0.35,2.30
2022-12-23,16.69,16.65,16.84,16.08,62782,104057106.00,4.55,-0.30,-0.05,1.90
2022-12-26,16.56,17.01,17.57,16.45,76871,131958457.00,6.73,2.16,0.36,2.33
2022-12-27,16.64,16.82,16.95,16.52,44280,73863243.00,2.53,-1.12,-0.19,1.34
2022-12-28,16.80,16.65,17.09,16.55,56449,94674117.00,3.21,-1.01,-0.17,1.71
2022-12-29,16.70,17.10,17.19,16.42,96494,162868672.00,4.62,2.70,0.45,2.93
2022-12-30,17.05,17.06,17.20,16.80,71640,121911479.00,2.34,-0.23,-0.04,2.17