2021-01-06,3.88,3.88,3.88,3.88,676,262256.00,0.00,2.11,0.08,0.13
2021-01-13,3.90,3.90,3.90,3.90,6,2340.00,0.00,0.52,0.02,0.00
2021-01-15,3.90,3.90,3.90,3.90,100,39000.00,0.00,0.00,0.00,0.02
2021-01-18,3.90,4.00,4.00,3.90,201,78500.00,2.56,2.56,0.10,0.04
2021-01-20,4.00,4.00,4.00,4.00,1,400.00,0.00,0.00,0.00,0.00
2021-01-21,4.00,4.00,4.00,4.00,100,40000.00,0.00,0.00,0.00,0.02
2021-01-27,3.90,3.90,3.90,3.90,30,11700.00,0.00,-2.50,-0.10,0.01
2021-02-01,2.22,2.22,2.22,2.22,1,222.00,0.00,-43.08,-1.68,0.00
2021-02-02,3.00,4.26,4.26,3.00,1004,157526.00,56.76,91.89,2.04,0.20
2021-02-05,5.00,5.00,5.00,5.00,1,500.00,0.00,17.37,0.74,0.00
2021-02-10,3.81,3.81,3.81,3.81,1,381.00,0.00,-23.80,-1.19,0.00
2021-02-18,4.00,4.00,4.00,4.00,100,40000.00,0.00,4.99,0.19,0.02
2021-02-22,4.00,4.00,4.00,4.00,200,80000.00,0.00,0.00,0.00,0.04
2021-02-25,3.80,4.00,4.00,3.80,201,76400.00,5.00,0.00,0.00,0.04
2021-03-01,3.80,3.80,3.80,3.80,117,44349.00,0.00,-5.00,-0.20,0.02
2021-03-02,3.80,3.80,3.80,3.80,200,76000.00,0.00,0.00,0.00,0.04
2021-03-03,3.80,3.80,3.80,3.80,200,76000.00,0.00,0.00,0.00,0.04
2021-03-04,3.60,3.80,3.80,3.60,106,40166.00,5.26,0.00,0.00,0.02
2021-03-05,3.60,3.60,3.60,3.60,1,360.00,0.00,-5.26,-0.20,0.00
2021-03-12,3.79,3.80,3.80,3.79,396,150280.00,0.28,5.56,0.20,0.08
2021-03-16,3.80,3.80,3.80,3.80,20,7600.00,0.00,0.00,0.00,0.00
2021-03-22,3.80,3.80,3.80,3.80,238,90440.00,0.00,0.00,0.00,0.05
2021-03-23,3.80,3.79,3.80,3.79,229,86685.00,0.26,-0.26,-0.01,0.05
2021-03-24,3.80,3.80,3.80,3.80,1,380.00,0.00,0.26,0.01,0.00
2021-03-25,3.51,3.52,3.52,3.50,891,312228.00,0.53,-7.37,-0.28,0.18
2021-03-26,3.70,3.75,3.75,3.70,182,67590.00,1.42,6.53,0.23,0.04
2021-03-29,3.76,3.79,3.79,3.76,100,37750.00,0.80,1.07,0.04,0.02
2021-03-30,3.78,3.78,3.80,3.78,200,75750.00,0.53,-0.26,-0.01,0.04
2021-03-31,3.75,3.75,3.75,3.70,461,171470.00,1.32,-0.79,-0.03,0.09
2021-04-01,3.79,3.75,3.79,3.75,30,11330.00,1.07,0.00,0.00,0.01
2021-04-02,3.69,3.69,3.70,3.69,50,18466.00,0.27,-1.60,-0.06,0.01
2021-04-06,3.69,3.69,3.69,3.69,35,12915.00,0.00,0.00,0.00,0.01
2021-04-07,3.69,3.70,3.70,3.69,70,25840.00,0.27,0.27,0.01,0.01
2021-04-08,3.70,3.70,3.70,3.70,10,3700.00,0.00,0.00,0.00,0.00
2021-04-09,3.70,3.70,3.70,3.70,363,134310.00,0.00,0.00,0.00,0.07
2021-04-12,3.65,3.70,3.70,3.65,34,12483.00,1.35,0.00,0.00,0.01
2021-04-13,3.70,3.70,3.70,3.70,32,11840.00,0.00,0.00,0.00,0.01
2021-04-14,3.70,3.70,3.70,3.70,111,41188.00,0.00,0.00,0.00,0.02
2021-04-27,3.73,3.73,3.73,3.73,3,1119.00,0.00,0.81,0.03,0.00
2021-05-06,3.73,3.73,3.73,3.73,60,22380.00,0.00,0.00,0.00,0.01
2021-05-07,3.73,3.75,3.75,3.73,350,130650.00,0.54,0.54,0.02,0.07
2021-05-10,3.79,3.80,3.80,3.79,50,18964.00,0.27,1.33,0.05,0.01
2021-05-11,3.80,3.70,3.80,3.70,163,61310.00,2.63,-2.63,-0.10,0.03
2021-05-13,7.00,7.00,7.00,7.00,54,38108.00,0.00,89.19,3.30,0.01
2021-05-18,10.00,3.89,10.00,3.68,6,2924.00,90.29,-44.43,-3.11,0.00
2021-05-21,6.89,6.89,6.89,6.89,1,689.00,0.00,77.12,3.00,0.00
2021-06-01,3.99,3.99,3.99,3.99,60,23940.00,0.00,-42.09,-2.90,0.01
2021-06-07,3.70,3.70,3.70,3.70,4,1480.00,0.00,-7.27,-0.29,0.00
2021-06-08,3.80,3.81,3.81,3.80,10,3806.00,0.27,2.97,0.11,0.00
2021-06-09,4.01,4.10,4.10,4.01,14,5427.00,2.36,7.61,0.29,0.00
2021-06-10,4.10,4.10,4.10,4.10,14,5740.00,0.00,0.00,0.00,0.00
2021-06-25,4.20,4.06,4.20,4.06,3,1232.00,3.41,-0.98,-0.04,0.00
2021-06-30,4.05,4.50,4.50,4.05,54,23114.00,11.08,10.84,0.44,0.01
2021-07-01,4.53,4.80,4.80,4.53,51,24453.00,6.00,6.67,0.30,0.01
2021-07-07,4.50,4.50,4.50,4.50,1,450.00,0.00,-6.25,-0.30,0.00
2021-07-08,4.10,4.10,4.10,4.10,989,405326.00,0.00,-8.89,-0.40,0.20
2021-07-09,4.00,4.00,4.00,4.00,20,8000.00,0.00,-2.44,-0.10,0.00
2021-07-12,4.05,4.50,4.50,4.05,46,20655.00,11.25,12.50,0.50,0.01
2021-07-13,4.50,4.50,4.50,4.50,1,450.00,0.00,0.00,0.00,0.00
2021-07-14,5.00,5.65,5.65,5.00,206,104414.00,14.44,25.56,1.15,0.04
2021-07-15,5.79,6.50,6.50,5.75,1024,653737.00,13.27,15.04,0.85,0.20
2021-07-16,6.55,6.57,6.58,6.52,171,111906.00,0.92,1.08,0.07,0.03
2021-07-19,6.57,6.65,6.66,6.57,138,92008.00,1.37,1.22,0.08,0.03
2021-07-20,6.85,6.90,6.90,6.83,115,79125.00,1.05,3.76,0.25,0.02
2021-07-22,6.90,6.90,6.95,6.90,136,94220.00,0.72,0.00,0.00,0.03
2021-07-23,6.90,6.91,6.91,6.90,135,93250.00,0.14,0.14,0.01,0.03
2021-07-26,6.91,6.93,6.93,6.91,85,58795.00,0.29,0.29,0.02,0.02
2021-08-04,6.03,6.09,6.09,6.03,1629,982629.00,0.87,-12.12,-0.84,0.32
2021-08-06,6.08,6.06,6.08,6.06,14,8504.00,0.33,-0.49,-0.03,0.00
2021-08-09,6.06,6.05,6.06,6.05,96,58085.00,0.17,-0.17,-0.01,0.02
2021-08-11,6.23,6.23,6.23,6.23,1,623.00,0.00,2.98,0.18,0.00
2021-08-12,6.14,6.11,6.14,6.11,119,72920.00,0.48,-1.93,-0.12,0.02
2021-08-13,6.10,6.46,6.46,6.09,355,218873.00,6.06,5.73,0.35,0.07
2021-08-16,6.77,6.80,6.86,6.65,1208,821874.00,3.25,5.26,0.34,0.24
2021-08-18,6.79,6.78,6.79,6.35,167,111066.00,6.47,-0.29,-0.02,0.03
2021-08-19,6.51,6.25,6.51,6.21,77,48811.00,4.42,-7.82,-0.53,0.02
2021-08-20,6.40,6.39,6.40,6.39,34,21802.00,0.16,2.24,0.14,0.01
2021-08-23,6.40,6.65,6.65,6.40,200,130421.00,3.91,4.07,0.26,0.04
2021-08-25,13.29,9.50,13.29,9.50,34,43277.00,56.99,42.86,2.85,0.01
2021-08-26,6.88,6.89,6.89,6.88,7,4633.00,0.11,-27.47,-2.61,0.00
2021-08-30,7.00,7.00,7.00,7.00,25,17500.00,0.00,1.60,0.11,0.00
2021-09-01,7.00,7.00,7.00,7.00,38,26600.00,0.00,0.00,0.00,0.01
2021-09-02,7.40,7.47,7.50,7.40,30,22355.00,1.43,6.71,0.47,0.01
2021-09-03,8.00,7.99,8.00,7.45,142,108947.00,7.36,6.96,0.52,0.03
2021-09-06,8.19,8.50,8.50,8.19,122,100600.00,3.88,6.38,0.51,0.02
2021-09-07,7.50,8.15,8.18,7.50,254,198360.00,8.00,-4.12,-0.35,0.05
2021-09-08,8.15,7.85,8.15,7.85,128,100820.00,3.68,-3.68,-0.30,0.03
2021-09-09,7.52,7.81,7.81,7.52,54,42116.00,3.69,-0.51,-0.04,0.01
2021-09-10,7.83,7.86,7.86,7.83,39,30655.00,0.38,0.64,0.05,0.01
2021-09-13,8.86,8.86,8.86,8.85,255,225910.00,0.13,12.72,1.00,0.05
2021-09-14,8.03,8.41,9.05,8.03,389,335980.00,11.51,-5.08,-0.45,0.08
2021-09-15,9.40,9.40,9.40,9.40,1,940.00,0.00,11.77,0.99,0.00
2021-09-16,8.78,8.88,8.88,8.48,92,78458.00,4.26,-5.53,-0.52,0.02
2021-09-17,8.06,9.05,9.05,8.06,1,937.00,11.15,1.91,0.17,0.00
2021-09-22,9.11,9.20,9.20,9.11,148,135178.00,0.99,1.66,0.15,0.03
2021-09-23,9.27,9.65,9.65,9.20,215,202154.00,4.89,4.89,0.45,0.04
2021-09-24,9.65,9.69,9.75,9.65,426,412217.00,1.04,0.41,0.04,0.08
2021-09-27,9.75,10.75,10.75,9.75,463,455434.00,10.32,10.94,1.06,0.09
2021-09-29,10.80,10.80,10.80,10.80,180,194400.00,0.00,0.47,0.05,0.04
2021-10-08,8.41,9.06,9.50,8.41,101,90677.00,10.09,-16.11,-1.74,0.02
2021-10-11,9.55,9.79,9.79,9.55,27,26004.00,2.65,8.06,0.73,0.01
2021-10-12,7.89,9.59,9.59,7.89,30,27248.00,17.36,-2.04,-0.20,0.01
2021-10-13,9.00,9.84,9.84,9.00,4,3234.00,8.76,2.61,0.25,0.00
2021-10-14,9.47,9.90,9.90,9.45,14,13287.00,4.57,0.61,0.06,0.00
2021-10-15,9.00,9.02,9.02,8.53,35,30410.00,4.95,-8.89,-0.88,0.01
2021-10-18,9.00,9.79,9.79,9.00,18,16279.00,8.76,8.54,0.77,0.00
2021-10-22,8.91,9.55,9.55,8.91,87,81165.00,6.54,-2.45,-0.24,0.02
2021-10-25,9.19,9.06,9.19,9.00,21,19089.00,1.99,-5.13,-0.49,0.00
2021-10-26,9.00,9.00,9.00,9.00,30,26838.00,0.00,-0.66,-0.06,0.01
2021-10-27,9.00,9.00,9.00,9.00,19,17154.00,0.00,0.00,0.00,0.00
2021-10-28,9.00,9.00,9.00,9.00,100,90000.00,0.00,0.00,0.00,0.02
2021-10-29,9.00,9.48,9.48,9.00,7,6348.00,5.33,5.33,0.48,0.00
2021-11-01,8.82,9.00,9.47,8.82,101,89102.00,6.86,-5.06,-0.48,0.02
2021-11-02,8.89,8.89,8.89,8.89,145,128905.00,0.00,-1.22,-0.11,0.03
2021-11-04,8.97,8.97,8.97,8.97,17,15249.00,0.00,0.90,0.08,0.00
2021-11-05,8.31,8.80,8.80,8.31,5,4310.00,5.46,-1.90,-0.17,0.00
2021-11-08,8.90,9.87,9.87,8.90,17,15485.00,11.02,12.16,1.07,0.00
2021-11-10,8.60,9.25,9.25,8.60,74,65673.00,6.59,-6.28,-0.62,0.01
2021-11-11,9.30,9.30,9.30,9.30,5,4650.00,0.00,0.54,0.05,0.00
2021-11-12,9.27,9.21,9.76,8.88,1071,982746.00,9.46,-0.97,-0.09,0.21
2021-11-15,9.10,9.13,9.13,9.10,201,182918.00,0.33,-0.87,-0.08,0.04
2021-11-16,9.65,9.28,9.65,9.19,75,71242.00,5.04,1.64,0.15,0.01
2021-11-17,9.30,9.50,9.50,9.30,315,296840.00,2.16,2.37,0.22,0.06
2021-11-18,9.99,9.47,9.99,9.47,111,110317.00,5.47,-0.32,-0.03,0.02
2021-11-19,10.90,11.63,11.87,10.90,688,780248.00,10.24,22.81,2.16,0.14
2021-11-22,11.67,12.10,12.40,11.67,613,741400.00,6.28,4.04,0.47,0.12
2021-11-23,12.40,11.93,12.40,11.86,87,105396.00,4.46,-1.40,-0.17,0.02
2021-11-24,12.09,11.82,12.26,11.55,316,384186.00,5.95,-0.92,-0.11,0.06
2021-11-25,11.99,12.13,12.64,11.99,305,374728.00,5.50,2.62,0.31,0.06
2021-11-26,12.60,12.30,12.60,11.90,166,203640.00,5.77,1.40,0.17,0.03
2021-11-29,12.39,12.38,12.39,12.20,107,131450.00,1.54,0.65,0.08,0.02
2021-11-30,12.58,12.22,12.58,12.22,98,121052.00,2.91,-1.29,-0.16,0.02
2021-12-01,12.50,12.33,12.50,12.00,132,161190.00,4.09,0.90,0.11,0.03
2021-12-02,12.30,12.05,12.30,12.05,68,82540.00,2.03,-2.27,-0.28,0.01
2021-12-03,11.88,12.00,12.00,11.88,41,49068.00,1.00,-0.41,-0.05,0.01
2021-12-06,12.26,12.26,12.26,12.26,1,1226.00,0.00,2.17,0.26,0.00
2021-12-07,12.00,12.00,12.00,12.00,3,3600.00,0.00,-2.12,-0.26,0.00
2021-12-08,10.95,12.00,12.00,10.95,78,93273.00,8.75,0.00,0.00,0.02
2021-12-09,11.99,12.00,12.00,11.95,34,40782.00,0.42,0.00,0.00,0.01
2021-12-13,10.05,10.05,10.05,9.90,477,478686.00,1.25,-16.25,-1.95,0.10
2021-12-14,10.00,10.00,10.00,9.99,20,19997.00,0.10,-0.50,-0.05,0.00
2021-12-15,10.03,10.02,10.03,9.80,209,204964.00,2.30,0.20,0.02,0.04
2021-12-17,10.00,9.80,10.00,9.80,103,101220.00,2.00,-2.20,-0.22,0.02
2021-12-20,9.92,9.88,9.92,9.88,24,23748.00,0.41,0.82,0.08,0.00
2021-12-21,9.80,9.80,9.80,9.80,10,9800.00,0.00,-0.81,-0.08,0.00
2021-12-22,9.60,9.50,9.60,9.50,46,43800.00,1.02,-3.06,-0.30,0.01
2021-12-23,9.70,9.70,9.70,9.70,22,21340.00,0.00,2.11,0.20,0.00
2021-12-24,9.30,9.30,9.30,9.30,39,36288.00,0.00,-4.12,-0.40,0.01
2021-12-27,9.88,9.41,9.88,9.39,222,209400.00,5.27,1.18,0.11,0.04
2021-12-28,9.70,9.80,9.88,9.70,50,48480.00,1.91,4.14,0.39,0.01
2021-12-29,9.95,10.01,10.01,9.87,200,199285.00,1.43,2.14,0.21,0.04
2021-12-30,10.66,10.11,10.66,10.03,79,80740.00,6.29,1.00,0.10,0.02
2021-12-31,10.40,10.38,10.40,10.13,57,58290.00,2.67,2.67,0.27,0.01