2012-01-04,25.69,24.34,25.83,24.27,4845,12437440.00,6.12,-4.44,-1.13,1.51
2012-01-05,24.07,22.53,24.30,22.37,9673,22994194.00,7.93,-7.44,-1.81,3.02
2012-01-06,22.56,23.32,23.32,22.39,6168,14409594.00,4.13,3.51,0.79,1.93
2012-01-09,23.17,24.51,24.55,22.87,7106,17432074.00,7.20,5.10,1.19,2.22
2012-01-10,24.64,25.23,25.42,24.28,14017,35642945.00,4.65,2.94,0.72,4.38
2012-01-11,25.16,25.16,25.35,24.85,11444,29283738.00,1.98,-0.28,-0.07,3.58
2012-01-12,25.06,25.12,25.89,24.93,12271,31917682.00,3.82,-0.16,-0.04,3.83
2012-01-13,25.47,22.62,25.47,22.56,45266,106552928.00,11.58,-9.95,-2.50,11.32
2012-01-16,22.15,21.67,22.40,21.56,13012,29312867.00,3.71,-4.20,-0.95,3.25
2012-01-17,21.72,23.01,23.11,21.68,12977,29889510.00,6.60,6.18,1.34,3.24
2012-01-18,23.26,22.17,23.26,22.01,12714,29508258.00,5.43,-3.65,-0.84,3.18
2012-01-19,22.02,22.73,22.96,21.97,7732,17888281.00,4.47,2.53,0.56,1.93
2012-01-20,22.86,23.09,23.18,22.72,11020,25985340.00,2.02,1.58,0.36,2.76
2012-01-30,23.49,24.16,24.77,23.49,30632,75779489.00,5.54,4.63,1.07,7.66
2012-01-31,23.84,23.97,24.35,23.70,12576,30724058.00,2.69,-0.79,-0.19,3.14
2012-02-01,23.95,23.95,24.54,23.79,11336,28025660.00,3.13,-0.08,-0.02,2.83
2012-02-02,24.03,24.43,24.45,23.97,11327,28068460.00,2.00,2.00,0.48,2.83
2012-02-03,24.43,24.75,24.85,24.29,14298,35839419.00,2.29,1.31,0.32,3.57
2012-02-06,24.69,24.75,24.95,24.17,15710,39436759.00,3.15,0.00,0.00,3.93
2012-02-07,24.53,24.07,24.53,23.89,10522,25934731.00,2.59,-2.75,-0.68,2.63
2012-02-08,24.07,24.70,24.70,23.96,12344,30832117.00,3.07,2.62,0.63,3.09
2012-02-09,24.75,24.91,25.34,24.58,18559,47527017.00,3.08,0.85,0.21,4.64
2012-02-10,25.07,25.42,25.46,24.87,18117,46728524.00,2.37,2.05,0.51,4.53
2012-02-13,25.26,26.01,26.22,25.07,20466,53891130.00,4.52,2.32,0.59,5.12
2012-02-14,26.06,25.71,26.11,25.35,15739,41192720.00,2.92,-1.15,-0.30,3.93
2012-02-15,25.71,25.91,25.91,25.37,14183,37200598.00,2.10,0.78,0.20,3.55
2012-02-16,25.95,25.97,26.64,25.65,19406,51890718.00,3.82,0.23,0.06,4.85
2012-02-17,25.97,25.76,26.22,25.47,9452,24827615.00,2.89,-0.81,-0.21,2.36
2012-02-20,26.07,25.57,26.15,25.55,14380,37894119.00,2.33,-0.74,-0.19,3.59
2012-02-21,25.54,26.07,26.08,25.27,12961,34001760.00,3.17,1.96,0.50,3.24
2012-02-22,26.11,27.15,27.35,26.09,28568,78295009.00,4.83,4.14,1.08,7.14
2012-02-23,27.16,27.87,28.35,26.97,31763,89453422.00,5.08,2.65,0.72,7.94
2012-02-24,27.69,27.76,28.26,27.43,18665,52632882.00,2.98,-0.39,-0.11,4.67
2012-02-27,27.67,27.48,27.92,27.26,35360,99460877.00,2.38,-1.01,-0.28,8.84
2012-02-28,27.27,27.21,27.36,26.65,21810,60006927.00,2.58,-0.98,-0.27,5.45
2012-02-29,27.07,26.93,27.38,26.83,10855,30018863.00,2.02,-1.03,-0.28,2.71
2012-03-01,26.68,26.94,27.24,26.67,8929,24580666.00,2.12,0.04,0.01,2.23
2012-03-02,26.92,27.66,27.73,26.77,18759,52650601.00,3.56,2.67,0.72,4.69
2012-03-05,27.67,28.11,28.20,27.53,26003,73846048.00,2.42,1.63,0.45,6.50
2012-03-06,28.02,27.68,28.02,27.28,16286,45899271.00,2.63,-1.53,-0.43,4.07
2012-03-07,27.22,27.82,27.97,26.97,15751,44151385.00,3.61,0.51,0.14,3.94
2012-03-08,27.86,27.68,28.34,27.57,13096,37256538.00,2.77,-0.50,-0.14,3.27
2012-03-09,27.73,28.50,28.51,27.73,19159,54990769.00,2.82,2.96,0.82,4.79
2012-03-12,28.58,28.40,28.91,28.13,15139,43717235.00,2.74,-0.35,-0.10,3.78
2012-03-13,28.29,29.27,29.39,28.29,23879,70424369.00,3.87,3.06,0.87,5.97
2012-03-14,29.40,27.36,29.53,27.05,31901,92969350.00,8.47,-6.53,-1.91,7.98
2012-03-15,27.36,27.25,27.77,26.17,17156,47329685.00,5.85,-0.40,-0.11,4.29
2012-03-16,27.19,27.65,27.74,26.87,9297,25987796.00,3.19,1.47,0.40,2.32
2012-03-19,27.77,28.25,28.26,27.49,12981,36778532.00,2.78,2.17,0.60,3.25
2012-03-20,28.17,27.35,28.17,27.33,10587,29789575.00,2.97,-3.19,-0.90,2.65
2012-03-21,27.49,27.03,27.75,26.57,8659,23998885.00,4.31,-1.17,-0.32,2.16
2012-03-22,26.92,26.67,26.92,26.57,9838,26819279.00,1.29,-1.33,-0.36,2.46
2012-03-23,26.53,25.93,26.57,25.77,12149,32439617.00,3.00,-2.77,-0.74,3.04
2012-03-26,25.79,25.70,26.14,25.62,4814,12711651.00,2.01,-0.89,-0.23,1.20
2012-03-27,25.95,25.87,26.12,25.75,4036,10686351.00,1.44,0.66,0.17,1.01
2012-03-28,25.92,24.33,25.92,24.28,9334,23704040.00,6.34,-5.95,-1.54,2.33
2012-03-29,24.27,23.81,24.45,23.77,6227,15295178.00,2.79,-2.14,-0.52,1.56
2012-03-30,23.72,23.36,24.05,23.29,5881,14201881.00,3.19,-1.89,-0.45,1.47
2012-04-05,23.48,24.27,24.30,23.37,5455,13395487.00,3.98,3.90,0.91,1.36
2012-04-06,24.11,24.29,24.56,24.09,5089,12644325.00,1.94,0.08,0.02,1.27
2012-04-09,24.42,24.02,24.46,23.98,3200,7892249.00,1.98,-1.11,-0.27,0.80
2012-04-10,23.78,23.90,24.02,23.12,6472,15517922.00,3.75,-0.50,-0.12,1.62
2012-04-11,23.57,23.91,24.05,23.37,5072,12327537.00,2.85,0.04,0.01,1.27
2012-04-12,23.93,24.58,24.63,23.92,7335,18208141.00,2.97,2.80,0.67,1.83
2012-04-13,24.79,24.80,24.93,24.52,6398,16183962.00,1.67,0.90,0.22,1.60
2012-04-16,24.67,24.66,24.77,24.29,4573,11463115.00,1.94,-0.56,-0.14,1.14
2012-04-17,24.66,24.55,24.75,24.29,4500,11290593.00,1.87,-0.45,-0.11,1.13
2012-04-18,24.50,25.17,25.20,24.50,7728,19717158.00,2.85,2.53,0.62,1.93
2012-04-19,25.08,24.98,25.15,24.74,6816,17341443.00,1.63,-0.75,-0.19,1.70
2012-04-20,24.72,25.01,25.01,24.67,7615,19341272.00,1.36,0.12,0.03,1.90
2012-04-23,25.06,24.09,25.19,23.81,8540,21436080.00,5.52,-3.68,-0.92,2.13
2012-04-24,23.96,23.47,24.71,23.40,11477,27946823.00,5.44,-2.57,-0.62,2.87
2012-04-25,21.72,21.38,22.27,21.08,29582,64896063.00,5.07,-8.90,-2.09,7.40
2012-04-26,21.53,21.36,21.65,21.29,12128,26604411.00,1.68,-0.09,-0.02,3.03
2012-04-27,21.36,21.44,21.50,21.29,6242,13685688.00,0.98,0.37,0.08,1.56
2012-05-02,21.62,21.50,21.76,21.38,11457,25265127.00,1.77,0.28,0.06,2.86
2012-05-03,21.47,21.84,21.97,21.29,12928,28619157.00,3.16,1.58,0.34,3.23
2012-05-04,21.73,21.87,21.90,21.64,8124,18134373.00,1.19,0.14,0.03,2.03
2012-05-07,21.73,22.07,22.12,21.50,11238,25055698.00,2.83,0.91,0.20,2.81
2012-05-08,22.07,22.42,22.64,21.88,14648,33395339.00,3.44,1.59,0.35,3.66
2012-05-09,22.37,21.81,22.37,21.75,11152,25092956.00,2.77,-2.72,-0.61,2.79
2012-05-10,21.77,21.79,22.02,21.69,4796,10724273.00,1.51,-0.09,-0.02,1.20
2012-05-11,21.95,21.77,21.96,21.67,4971,11110514.00,1.33,-0.09,-0.02,1.24
2012-05-14,21.83,21.67,21.95,21.55,7319,16307931.00,1.84,-0.46,-0.10,1.83
2012-05-15,21.49,21.35,21.51,21.17,7307,15944297.00,1.57,-1.48,-0.32,1.83
2012-05-16,21.34,21.17,21.41,21.16,4082,8887971.00,1.17,-0.84,-0.18,1.02
2012-05-17,20.98,21.37,21.46,20.98,5259,11499140.00,2.27,0.94,0.20,1.31
2012-05-21,21.17,20.33,21.17,20.09,11163,23310317.00,5.05,-4.87,-1.04,2.79
2012-05-22,20.42,20.55,20.63,20.36,7355,15422135.00,1.33,1.08,0.22,1.84
2012-05-23,20.56,20.17,20.68,20.07,7181,14932420.00,2.97,-1.85,-0.38,1.80
2012-05-24,19.98,21.42,21.92,19.98,24973,54693494.00,9.62,6.20,1.25,6.24
2012-05-25,21.18,20.63,21.30,20.61,10616,22806201.00,3.22,-3.69,-0.79,2.65
2012-05-28,20.47,20.90,20.91,20.47,7211,15321923.00,2.13,1.31,0.27,1.80
2012-05-29,20.82,21.91,22.25,20.82,23715,53232469.00,6.84,4.83,1.01,5.93
2012-05-30,21.96,21.83,22.05,21.65,9826,21959823.00,1.83,-0.37,-0.08,2.46
2012-05-31,21.82,21.83,21.95,21.51,8503,18924916.00,2.02,0.00,0.00,2.13
2012-06-01,21.83,21.64,21.98,21.47,6265,13921860.00,2.34,-0.87,-0.19,1.57
2012-06-04,21.26,20.48,21.26,20.47,10126,21595029.00,3.65,-5.36,-1.16,2.53
2012-06-05,20.51,20.49,20.78,20.28,4776,10021464.00,2.44,0.05,0.01,1.19
2012-06-06,20.61,20.42,20.61,20.32,3670,7691114.00,1.42,-0.34,-0.07,0.92
2012-06-07,20.72,20.20,20.72,20.18,4712,9866501.00,2.64,-1.08,-0.22,1.18
2012-06-08,20.37,20.02,20.46,20.00,3914,8128792.00,2.28,-0.89,-0.18,0.98
2012-06-11,19.97,20.48,20.54,19.97,5354,11183808.00,2.85,2.30,0.46,1.34
2012-06-12,20.47,20.96,21.01,20.42,10662,22807501.00,2.88,2.34,0.48,2.67
2012-06-13,20.92,21.20,21.25,20.77,8569,18504554.00,2.29,1.15,0.24,2.14
2012-06-14,21.25,20.97,21.25,20.94,5454,11791395.00,1.46,-1.08,-0.23,1.36
2012-06-15,21.09,20.83,21.09,20.57,5601,11965707.00,2.48,-0.67,-0.14,1.40
2012-06-18,20.83,21.22,21.44,20.83,6252,13605681.00,2.93,1.87,0.39,1.56
2012-06-19,21.09,21.23,21.45,21.09,5515,12027292.00,1.70,0.05,0.01,1.38
2012-06-20,21.27,21.23,21.41,21.14,4575,9978851.00,1.27,0.00,0.00,1.14
2012-06-21,21.17,20.66,21.35,20.61,4897,10419941.00,3.49,-2.68,-0.57,1.22
2012-06-25,20.64,20.17,20.89,20.17,3699,7824648.00,3.48,-2.37,-0.49,0.92
2012-06-26,20.27,20.39,20.47,20.05,3742,7774258.00,2.08,1.09,0.22,0.94
2012-06-27,20.31,20.41,20.61,20.31,3016,6337053.00,1.47,0.10,0.02,0.75
2012-06-28,20.49,21.17,21.82,20.49,16425,35892956.00,6.52,3.72,0.76,4.11
2012-06-29,21.04,21.87,21.93,20.89,17550,38977946.00,4.91,3.31,0.70,4.39
2012-07-02,21.87,21.85,22.03,21.56,12774,28494853.00,2.15,-0.09,-0.02,3.19
2012-07-03,21.96,22.18,22.57,21.59,17428,39528788.00,4.49,1.51,0.33,4.36
2012-07-04,22.13,21.91,22.46,21.87,10082,22817853.00,2.66,-1.22,-0.27,2.52
2012-07-05,21.91,21.31,21.95,21.16,9545,20879978.00,3.61,-2.74,-0.60,2.39
2012-07-06,21.58,22.04,22.05,21.22,8183,17864757.00,3.89,3.43,0.73,2.05
2012-07-09,21.77,20.98,21.95,20.77,8554,18670632.00,5.35,-4.81,-1.06,2.14
2012-07-10,20.87,20.87,21.14,20.45,5981,12568776.00,3.29,-0.52,-0.11,1.50
2012-07-11,20.95,20.68,20.98,20.62,3480,7302776.00,1.72,-0.91,-0.19,0.87
2012-07-12,20.87,21.05,21.19,20.47,4895,10304699.00,3.48,1.79,0.37,1.22
2012-07-13,20.98,20.69,21.29,20.68,6725,14252393.00,2.90,-1.71,-0.36,1.68
2012-07-16,20.62,18.60,20.63,18.60,13624,26019560.00,9.81,-10.10,-2.09,3.41
2012-07-17,17.87,18.05,18.23,17.82,8132,14829352.00,2.20,-2.96,-0.55,2.03
2012-07-18,17.90,18.13,18.13,17.81,4760,8674171.00,1.77,0.44,0.08,1.19
2012-07-19,18.04,18.26,18.56,17.97,6203,11488998.00,3.25,0.72,0.13,1.55
2012-07-20,18.27,18.87,19.72,18.19,8722,16714001.00,8.38,3.34,0.61,2.18
2012-07-23,18.48,18.19,18.51,18.05,5069,9365636.00,2.44,-3.60,-0.68,1.27
2012-07-24,18.05,18.32,18.73,18.01,5036,9364270.00,3.96,0.71,0.13,1.26
2012-07-25,18.27,18.17,18.46,18.07,3696,6820582.00,2.13,-0.82,-0.15,0.92
2012-07-26,18.17,17.91,18.22,17.89,4501,8228100.00,1.82,-1.43,-0.26,1.13
2012-07-27,17.93,17.57,18.02,17.37,6564,11771441.00,3.63,-1.90,-0.34,1.64
2012-07-30,17.70,17.43,17.77,17.42,3033,5398597.00,1.99,-0.80,-0.14,0.76
2012-07-31,17.41,17.11,17.53,17.02,3844,6703472.00,2.93,-1.84,-0.32,0.96
2012-08-01,17.29,17.32,17.50,17.14,3904,6847996.00,2.10,1.23,0.21,0.98
2012-08-02,17.29,17.19,17.42,17.14,2704,4725117.00,1.62,-0.75,-0.13,0.68
2012-08-03,17.27,17.64,17.64,17.22,3902,6900845.00,2.44,2.62,0.45,0.98
2012-08-06,17.65,18.01,18.03,17.44,5760,10387571.00,3.34,2.10,0.37,1.44
2012-08-07,18.05,18.02,18.25,17.84,5698,10413621.00,2.28,0.06,0.01,1.42
2012-08-08,18.05,17.95,18.10,17.79,4761,8652676.00,1.72,-0.39,-0.07,1.19
2012-08-09,17.95,18.19,18.19,17.88,5589,10214017.00,1.73,1.34,0.24,1.40
2012-08-10,18.19,18.07,18.21,17.96,4660,8509357.00,1.37,-0.66,-0.12,1.16
2012-08-13,17.90,17.47,18.00,17.43,5487,9859784.00,3.15,-3.32,-0.60,1.37
2012-08-14,17.47,17.61,17.65,17.09,3859,6802509.00,3.21,0.80,0.14,0.96
2012-08-15,17.44,17.34,17.56,17.30,2999,5299363.00,1.48,-1.53,-0.27,0.75
2012-08-16,17.35,17.22,17.46,17.17,2686,4723074.00,1.67,-0.69,-0.12,0.67
2012-08-17,17.23,17.44,17.56,17.22,3741,6606633.00,1.97,1.28,0.22,0.94
2012-08-20,17.34,17.50,17.55,17.12,3586,6267172.00,2.47,0.34,0.06,0.90
2012-08-21,17.30,17.81,17.94,17.30,4881,8757914.00,3.66,1.77,0.31,1.22
2012-08-22,17.81,17.93,18.12,17.71,6007,10897874.00,2.30,0.67,0.12,1.50
2012-08-23,17.87,18.11,18.12,17.72,5616,10223363.00,2.23,1.00,0.18,1.40
2012-08-24,18.02,17.77,18.07,17.69,6520,11804412.00,2.10,-1.88,-0.34,1.63
2012-08-27,17.69,17.66,17.86,17.45,4201,7514359.00,2.31,-0.62,-0.11,1.05
2012-08-28,17.39,18.10,18.22,17.35,7302,13241941.00,4.93,2.49,0.44,1.83
2012-08-29,18.06,18.35,18.65,17.79,13211,24666935.00,4.75,1.38,0.25,3.30
2012-08-30,18.34,18.34,18.53,17.97,8397,15503997.00,3.05,-0.05,-0.01,2.10
2012-08-31,18.37,18.44,18.88,18.37,8619,16273045.00,2.78,0.55,0.10,2.15
2012-09-03,18.34,18.53,18.55,18.08,7009,13038474.00,2.55,0.49,0.09,1.75
2012-09-04,18.40,18.27,18.52,18.02,6732,12424162.00,2.70,-1.40,-0.26,1.68
2012-09-05,17.89,18.27,18.35,17.89,6720,12396291.00,2.52,0.00,0.00,1.68
2012-09-06,18.27,18.38,18.39,18.13,5093,9419172.00,1.42,0.60,0.11,1.27
2012-09-07,18.37,18.92,19.14,18.19,19499,36985900.00,5.17,2.94,0.54,4.87
2012-09-10,18.80,19.22,19.22,18.69,12529,24045224.00,2.80,1.59,0.30,3.13
2012-09-11,19.07,19.37,19.43,18.87,11968,23141117.00,2.91,0.78,0.15,2.99
2012-09-12,19.37,19.27,19.51,19.05,7055,13715490.00,2.37,-0.52,-0.10,1.76
2012-09-13,19.44,18.79,19.44,18.79,6650,12874255.00,3.37,-2.49,-0.48,1.66
2012-09-14,18.97,18.71,19.12,18.52,7009,13305004.00,3.19,-0.43,-0.08,1.75
2012-09-17,18.58,17.66,18.59,17.61,9356,17027402.00,5.24,-5.61,-1.05,2.34
2012-09-18,17.54,17.71,18.17,17.39,6510,11803515.00,4.42,0.28,0.05,1.63
2012-09-19,17.97,17.55,17.97,17.25,6745,11971863.00,4.07,-0.90,-0.16,1.69
2012-09-20,17.43,16.81,17.50,16.77,6639,11509548.00,4.16,-4.22,-0.74,1.66
2012-09-21,16.78,16.77,16.97,16.70,3912,6674930.00,1.61,-0.24,-0.04,0.98
2012-09-24,16.78,17.42,17.42,16.55,6492,11238188.00,5.19,3.88,0.65,1.62
2012-09-25,17.41,17.47,17.47,17.17,4614,8092917.00,1.72,0.29,0.05,1.15
2012-09-26,17.41,17.19,17.55,16.57,5301,9090998.00,5.61,-1.60,-0.28,1.33
2012-09-27,16.94,17.53,18.07,16.94,8725,15563938.00,6.57,1.98,0.34,2.18
2012-09-28,17.53,18.02,18.12,17.36,7686,13904201.00,4.34,2.80,0.49,1.92
2012-10-08,17.83,18.07,18.13,17.69,3311,6007784.00,2.44,0.28,0.05,0.83
2012-10-09,17.94,18.57,18.62,17.94,5397,10074487.00,3.76,2.77,0.50,1.35
2012-10-10,18.57,19.41,19.75,18.33,18857,36645089.00,7.65,4.52,0.84,4.71
2012-10-11,19.07,19.06,19.20,18.74,7319,14029591.00,2.37,-1.80,-0.35,1.83
2012-10-12,19.02,18.49,19.03,18.26,4939,9275623.00,4.04,-2.99,-0.57,1.23
2012-10-15,18.37,18.17,18.47,17.99,2535,4665585.00,2.60,-1.73,-0.32,0.33
2012-10-16,18.25,18.09,18.34,18.04,2525,4659554.00,1.65,-0.44,-0.08,0.33
2012-10-17,18.22,17.92,18.22,17.90,3658,6663281.00,1.77,-0.94,-0.17,0.48
2012-10-18,17.97,18.06,18.08,17.89,8856,16138016.00,1.06,0.78,0.14,1.17
2012-10-19,18.07,17.75,18.23,17.71,5782,10444748.00,2.88,-1.72,-0.31,0.76
2012-10-22,17.66,18.22,18.32,17.40,7118,12980966.00,5.18,2.65,0.47,0.94
2012-10-23,18.22,17.98,18.25,17.91,5042,9203799.00,1.87,-1.32,-0.24,0.66
2012-10-24,17.78,17.87,18.04,17.78,2012,3656565.00,1.45,-0.61,-0.11,0.26
2012-10-25,17.83,17.66,18.10,17.66,3180,5762370.00,2.46,-1.18,-0.21,0.42
2012-10-26,17.55,17.07,17.86,16.98,3799,6633924.00,4.98,-3.34,-0.59,0.50
2012-10-29,17.07,17.00,17.24,16.98,1391,2407668.00,1.52,-0.41,-0.07,0.18
2012-10-30,17.17,17.02,17.23,17.00,1463,2536102.00,1.35,0.12,0.02,0.19
2012-10-31,17.00,17.28,17.28,16.96,1807,3133892.00,1.88,1.53,0.26,0.24
2012-11-01,17.28,18.16,18.27,17.25,5519,9947204.00,5.90,5.09,0.88,0.73
2012-11-02,18.07,18.33,18.34,17.73,7258,13318160.00,3.36,0.94,0.17,0.96
2012-11-05,18.35,17.92,18.37,17.87,2973,5426137.00,2.73,-2.24,-0.41,0.39
2012-11-06,17.88,18.23,18.27,17.43,3553,6405012.00,4.69,1.73,0.31,0.47
2012-11-07,18.17,18.02,18.31,17.90,2064,3781655.00,2.25,-1.15,-0.21,0.27
2012-11-08,17.89,17.51,18.04,17.51,2614,4681434.00,2.94,-2.83,-0.51,0.34
2012-11-09,17.51,17.57,17.57,17.35,1395,2472052.00,1.26,0.34,0.06,0.18
2012-11-12,17.47,17.57,17.65,17.43,942,1671482.00,1.25,0.00,0.00,0.12
2012-11-13,17.45,17.51,17.57,17.18,1336,2349563.00,2.22,-0.34,-0.06,0.18
2012-11-14,17.33,17.37,17.48,17.28,985,1733132.00,1.14,-0.80,-0.14,0.13
2012-11-15,17.28,17.78,18.63,17.15,6417,11729651.00,8.52,2.36,0.41,0.84
2012-11-16,17.59,17.12,17.59,17.07,3453,6019756.00,2.92,-3.71,-0.66,0.45
2012-11-19,17.13,17.18,17.35,16.98,1538,2668007.00,2.16,0.35,0.06,0.20
2012-11-20,17.18,17.08,17.29,17.06,1445,2511381.00,1.34,-0.58,-0.10,0.19
2012-11-21,17.20,17.67,17.70,17.02,3524,6215249.00,3.98,3.45,0.59,0.46
2012-11-22,17.42,17.67,17.74,17.30,3067,5438591.00,2.49,0.00,0.00,0.40
2012-11-23,17.38,17.79,17.85,17.38,3621,6502773.00,2.66,0.68,0.12,0.48
2012-11-26,17.71,17.40,17.87,17.37,1916,3416935.00,2.81,-2.19,-0.39,0.25
2012-11-27,17.28,17.03,17.28,16.77,2785,4802502.00,2.93,-2.13,-0.37,0.37
2012-11-28,16.58,16.50,17.02,16.07,3336,5531682.00,5.58,-3.11,-0.53,0.44
2012-11-29,16.42,16.52,16.58,16.31,1275,2124529.00,1.64,0.12,0.02,0.17
2012-11-30,16.24,16.87,17.07,16.24,1646,2801360.00,5.02,2.12,0.35,0.22
2012-12-03,16.75,16.72,16.81,16.42,1572,2646421.00,2.31,-0.89,-0.15,0.21
2012-12-04,16.66,16.92,16.99,16.37,2969,5018571.00,3.71,1.20,0.20,0.39
2012-12-05,16.80,17.77,17.97,16.80,8811,15838630.00,6.91,5.02,0.85,1.16
2012-12-06,18.00,17.60,18.02,17.57,1725,3095683.00,2.53,-0.96,-0.17,0.23
2012-12-07,17.38,17.96,18.07,17.38,3986,7183669.00,3.92,2.05,0.36,0.52
2012-12-10,17.78,18.02,18.07,17.64,4384,7957710.00,2.39,0.33,0.06,0.58
2012-12-11,17.85,17.56,17.97,17.42,3642,6518391.00,3.05,-2.55,-0.46,0.48
2012-12-12,17.56,17.67,17.75,17.50,1882,3357581.00,1.42,0.63,0.11,0.25
2012-12-13,17.76,17.56,17.93,17.54,3576,6441855.00,2.21,-0.62,-0.11,0.47
2012-12-14,17.54,18.23,18.57,17.54,10428,19236180.00,5.87,3.82,0.67,1.37
2012-12-17,18.45,18.09,18.68,17.97,4618,8493386.00,3.89,-0.77,-0.14,0.61
2012-12-18,18.07,18.30,18.33,18.07,5201,9583046.00,1.44,1.16,0.21,0.68
2012-12-19,18.32,18.28,18.46,18.13,2803,5189809.00,1.80,-0.11,-0.02,0.37
2012-12-20,18.46,18.34,18.63,18.23,5345,9976237.00,2.19,0.33,0.06,0.70
2012-12-21,18.26,18.71,18.95,18.19,11486,21635685.00,4.14,2.02,0.37,1.51
2012-12-24,18.75,19.10,19.73,18.61,11052,21483027.00,5.99,2.08,0.39,1.45
2012-12-25,18.98,19.45,19.73,18.98,12968,25499439.00,3.93,1.83,0.35,1.71
2012-12-26,19.52,19.77,19.77,19.41,14495,28764820.00,1.85,1.65,0.32,1.91
2012-12-27,19.78,20.77,21.16,19.78,29212,60922505.00,6.98,5.06,1.00,3.84
2012-12-28,20.41,20.25,20.58,19.79,29386,59626520.00,3.80,-2.50,-0.52,3.87
2012-12-31,20.13,19.67,20.13,19.52,27688,55249136.00,3.01,-2.86,-0.58,3.64