2023-01-03,64.79,66.41,66.88,64.22,5589,36801718.00,4.11,2.61,1.69,2.22
2023-01-04,66.99,66.90,67.82,66.10,5350,35812428.00,2.59,0.74,0.49,2.12
2023-01-05,66.90,68.15,68.47,66.50,7122,48350202.00,2.94,1.87,1.25,2.83
2023-01-06,68.45,68.95,69.88,67.36,7193,49712063.00,3.70,1.17,0.80,2.86
2023-01-09,70.28,69.30,70.30,68.81,8071,56184754.00,2.16,0.51,0.35,3.20
2023-01-10,69.43,68.70,69.60,68.23,5819,39993874.00,1.98,-0.87,-0.60,2.31
2023-01-11,68.62,67.50,68.77,67.50,4399,29933486.00,1.85,-1.75,-1.20,1.75
2023-01-12,67.95,67.47,69.25,67.41,4416,30102969.00,2.73,-0.04,-0.03,1.75
2023-01-13,68.00,67.22,69.25,66.66,9845,66361407.00,3.84,-0.37,-0.25,3.72
2023-01-16,67.20,68.72,69.37,66.66,9241,63184602.00,4.03,2.23,1.50,3.49
2023-01-17,69.06,68.82,69.66,68.27,4783,32982705.00,2.02,0.15,0.10,1.81
2023-01-18,69.13,69.11,69.78,69.03,4130,28624290.00,1.09,0.42,0.29,1.56
2023-01-19,69.11,69.42,69.50,68.40,4928,34034452.00,1.59,0.45,0.31,1.86
2023-01-20,69.42,70.25,70.36,69.26,5926,41476781.00,1.58,1.20,0.83,2.24