2016-01-04,8.84,8.44,8.97,8.39,14070,13930830.00,6.60,-3.98,-0.35,2.58
2016-01-05,8.45,8.60,8.79,8.42,4990,4829990.00,4.38,1.90,0.16,0.92
2016-01-06,8.61,8.55,8.61,8.46,2340,2240980.00,1.74,-0.58,-0.05,0.43
2016-01-07,8.53,8.01,8.53,7.80,7210,6538010.00,8.54,-6.32,-0.54,1.32
2016-01-08,8.00,8.17,8.18,7.94,1730,1582420.00,3.00,2.00,0.16,0.32
2016-01-11,8.16,8.11,8.29,8.08,1810,1672850.00,2.57,-0.73,-0.06,0.33
2016-01-12,8.10,7.96,8.10,7.90,1930,1743080.00,2.47,-1.85,-0.15,0.35
2016-01-13,8.00,7.89,8.27,7.76,2150,1915990.00,6.41,-0.88,-0.07,0.39
2016-01-14,7.81,7.99,7.99,7.51,5890,5143030.00,6.08,1.27,0.10,1.08
2016-01-15,7.94,7.95,7.99,7.86,6900,6206890.00,1.63,-0.50,-0.04,1.27
2016-01-18,7.86,8.04,8.09,7.76,3014,2720068.00,4.15,1.13,0.09,0.55
2016-01-19,7.99,7.95,8.04,7.94,1360,1228340.00,1.24,-1.12,-0.09,0.25
2016-01-20,7.94,7.94,7.94,7.88,8670,7800760.00,0.75,-0.13,-0.01,1.59
2016-01-21,7.92,7.88,7.95,7.84,870,778050.00,1.39,-0.76,-0.06,0.16
2016-01-22,7.88,7.79,7.89,7.75,870,770350.00,1.78,-1.14,-0.09,0.16
2016-01-25,7.76,7.69,7.76,7.66,1220,1068150.00,1.28,-1.28,-0.10,0.22
2016-01-26,7.66,7.40,7.66,7.36,1860,1593720.00,3.90,-3.77,-0.29,0.34
2016-01-27,7.38,6.85,7.38,6.84,4170,3383860.00,7.30,-7.43,-0.55,0.77
2016-01-28,6.83,6.85,6.85,6.48,1926,1482859.00,5.40,0.00,0.00,0.35
2016-01-29,6.46,6.54,6.55,6.39,910,686200.00,2.34,-4.53,-0.31,0.17
2016-02-01,6.48,6.49,6.58,6.44,300,225700.00,2.14,-0.76,-0.05,0.06
2016-02-02,6.56,6.50,6.60,6.50,670,508010.00,1.54,0.15,0.01,0.12
2016-02-03,6.60,6.59,6.72,6.58,690,530200.00,2.15,1.38,0.09,0.13
2016-02-04,6.57,6.62,6.69,6.47,1260,955210.00,3.34,0.46,0.03,0.23
2016-02-05,6.62,6.70,6.70,6.62,240,185160.00,1.21,1.21,0.08,0.04
2016-02-15,6.72,6.72,6.72,6.72,100,77800.00,0.00,0.30,0.02,0.02
2016-02-16,6.73,6.74,6.74,6.55,900,688160.00,2.83,0.30,0.02,0.17
2016-02-17,6.74,6.56,6.74,6.54,280,214040.00,2.97,-2.67,-0.18,0.05
2016-02-18,6.63,6.94,6.94,6.63,940,733720.00,4.73,5.79,0.38,0.17
2016-02-19,6.74,6.94,6.94,6.74,70,55000.00,2.88,0.00,0.00,0.01
2016-02-22,6.79,6.79,6.92,6.69,1020,796680.00,3.31,-2.16,-0.15,0.19
2016-02-23,6.84,6.62,6.85,6.54,510,392600.00,4.57,-2.50,-0.17,0.09
2016-02-24,6.64,6.61,6.68,6.48,150,114360.00,3.02,-0.15,-0.01,0.03
2016-02-25,6.63,6.63,6.71,6.62,3080,2377320.00,1.36,0.30,0.02,0.57
2016-02-26,6.65,6.57,6.66,6.55,400,306060.00,1.66,-0.90,-0.06,0.07
2016-02-29,6.55,6.38,6.55,6.24,690,513120.00,4.72,-2.89,-0.19,0.13
2016-03-01,6.29,6.29,6.29,6.24,390,285780.00,0.78,-1.41,-0.09,0.07
2016-03-02,6.32,6.29,6.37,6.29,380,280750.00,1.27,0.00,0.00,0.07
2016-03-03,6.27,6.29,6.29,6.27,180,132240.00,0.32,0.00,0.00,0.03
2016-03-04,6.34,6.33,6.41,6.28,370,273720.00,2.07,0.64,0.04,0.07
2016-03-07,6.26,6.38,6.38,6.17,240,176910.00,3.32,0.79,0.05,0.04
2016-03-08,6.23,6.34,6.39,6.23,190,140420.00,2.51,-0.63,-0.04,0.03
2016-03-09,6.39,6.40,6.40,6.34,150,111750.00,0.95,0.95,0.06,0.03
2016-03-10,6.24,6.24,6.28,6.24,310,226800.00,0.63,-2.50,-0.16,0.06
2016-03-11,6.23,6.09,6.23,6.06,220,157650.00,2.72,-2.40,-0.15,0.04
2016-03-14,6.08,6.03,6.13,6.02,460,327290.00,1.81,-0.99,-0.06,0.08
2016-03-15,5.95,5.96,5.98,5.94,630,441620.00,0.66,-1.16,-0.07,0.12
2016-03-16,5.96,6.01,6.26,5.96,1300,930750.00,5.03,0.84,0.05,0.24
2016-03-17,6.01,6.10,6.19,5.96,940,675060.00,3.83,1.50,0.09,0.17
2016-03-18,6.06,5.99,6.06,5.97,2680,1894510.00,1.48,-1.80,-0.11,0.49
2016-03-21,5.99,6.29,6.29,5.96,2200,1562750.00,5.51,5.01,0.30,0.40
2016-03-22,6.29,6.19,6.30,6.12,300,217370.00,2.86,-1.59,-0.10,0.06
2016-03-23,6.19,6.27,6.29,6.19,390,284610.00,1.62,1.29,0.08,0.07
2016-03-24,6.20,6.19,6.20,6.19,160,116050.00,0.16,-1.28,-0.08,0.03
2016-03-25,6.18,6.10,6.18,6.06,320,229230.00,1.94,-1.45,-0.09,0.06
2016-03-28,6.09,6.19,6.20,6.06,1380,986660.00,2.30,1.48,0.09,0.25
2016-03-29,6.11,6.22,6.22,6.08,470,336720.00,2.26,0.48,0.03,0.09
2016-03-30,6.19,6.10,6.22,6.09,590,426540.00,2.09,-1.93,-0.12,0.11
2016-03-31,6.09,6.04,6.10,6.03,290,206210.00,1.15,-0.98,-0.06,0.05
2016-04-01,6.04,6.05,6.07,5.96,1570,1109890.00,1.82,0.17,0.01,0.29
2016-04-05,6.05,6.10,6.11,6.02,2130,1515580.00,1.49,0.83,0.05,0.39
2016-04-06,6.10,6.19,6.24,6.10,1220,881740.00,2.30,1.48,0.09,0.22
2016-04-07,6.22,6.59,6.64,6.19,2390,1802750.00,7.27,6.46,0.40,0.44
2016-04-08,6.52,6.31,6.52,6.30,4980,3683410.00,3.34,-4.25,-0.28,0.91
2016-04-11,6.30,6.44,6.44,6.17,1550,1133830.00,4.28,2.06,0.13,0.28
2016-04-12,6.44,6.66,6.67,6.44,1850,1415960.00,3.57,3.42,0.22,0.34
2016-04-13,6.66,6.82,6.90,6.66,1750,1369870.00,3.60,2.40,0.16,0.32
2016-04-14,6.73,6.56,6.73,6.43,930,713740.00,4.40,-3.81,-0.26,0.17
2016-04-15,6.55,6.45,6.55,6.44,870,656050.00,1.68,-1.68,-0.11,0.16
2016-04-18,6.44,6.46,6.51,6.44,3290,2473560.00,1.09,0.16,0.01,0.60
2016-04-19,6.49,6.54,6.69,6.44,1690,1275170.00,3.87,1.24,0.08,0.31
2016-04-20,6.72,6.66,6.83,6.66,1340,1032430.00,2.60,1.83,0.12,0.25
2016-04-21,6.76,6.66,6.76,6.62,1410,1074240.00,2.10,0.00,0.00,0.26
2016-04-22,6.69,6.66,6.69,6.62,590,446960.00,1.05,0.00,0.00,0.11
2016-04-25,6.62,6.56,6.64,6.52,440,331470.00,1.80,-1.50,-0.10,0.08
2016-04-26,6.63,6.51,6.64,6.50,810,605120.00,2.13,-0.76,-0.05,0.15
2016-04-27,6.52,6.47,6.52,6.47,110,81840.00,0.77,-0.61,-0.04,0.02
2016-04-28,6.51,6.46,6.51,6.46,540,399740.00,0.77,-0.15,-0.01,0.10
2016-04-29,6.42,6.42,6.42,6.42,20,14720.00,0.00,-0.62,-0.04,0.00
2016-05-03,6.41,6.44,6.44,6.40,30,22070.00,0.62,0.31,0.02,0.01
2016-05-04,6.40,6.40,6.40,6.40,110,80740.00,0.00,-0.62,-0.04,0.02
2016-05-05,6.38,6.40,6.40,6.33,540,395050.00,1.09,0.00,0.00,0.10
2016-05-06,6.38,6.30,6.38,6.28,580,422060.00,1.56,-1.56,-0.10,0.11
2016-05-09,6.24,6.12,6.35,6.08,250,177650.00,4.29,-2.86,-0.18,0.05
2016-05-10,6.13,6.18,6.20,6.04,520,365620.00,2.61,0.98,0.06,0.10
2016-05-11,6.06,5.94,6.11,5.75,1410,973070.00,5.83,-3.88,-0.24,0.26
2016-05-12,5.84,6.07,6.07,5.84,510,350100.00,3.87,2.19,0.13,0.09
2016-05-13,6.02,6.04,6.04,6.02,340,237040.00,0.33,-0.49,-0.03,0.06
2016-05-16,6.01,5.94,6.01,5.94,830,575190.00,1.16,-1.66,-0.10,0.15
2016-05-17,5.96,5.96,5.96,5.92,810,556680.00,0.67,0.34,0.02,0.15
2016-05-18,5.95,5.91,5.95,5.86,360,245980.00,1.51,-0.84,-0.05,0.07
2016-05-19,5.91,5.86,5.93,5.83,340,231660.00,1.69,-0.85,-0.05,0.06
2016-05-20,5.84,5.82,5.84,5.68,730,491510.00,2.73,-0.68,-0.04,0.13
2016-05-23,5.74,5.76,5.76,5.71,440,293480.00,0.86,-1.03,-0.06,0.08
2016-05-24,5.71,5.86,5.86,5.69,710,475560.00,2.95,1.74,0.10,0.13
2016-05-25,5.82,5.82,5.86,5.81,610,412700.00,0.85,-0.68,-0.04,0.11
2016-05-26,5.82,5.82,5.82,5.82,120,81120.00,0.00,0.00,0.00,0.02
2016-05-27,5.77,5.72,5.79,5.72,490,327990.00,1.20,-1.72,-0.10,0.09
2016-05-30,5.79,5.83,5.92,5.77,1320,894660.00,2.62,1.92,0.11,0.24
2016-05-31,5.76,5.87,5.87,5.70,12790,8508990.00,2.92,0.69,0.04,2.35
2016-06-01,5.78,5.83,5.83,5.78,250,168870.00,0.85,-0.68,-0.04,0.05
2016-06-02,5.78,5.79,5.81,5.76,260,175100.00,0.86,-0.69,-0.04,0.05
2016-06-03,5.79,5.85,5.85,5.79,100,67530.00,1.04,1.04,0.06,0.02
2016-06-06,5.79,5.79,5.79,5.79,20,13460.00,0.00,-1.03,-0.06,0.00
2016-06-07,5.79,5.86,5.88,5.79,480,325250.00,1.55,1.21,0.07,0.09
2016-06-08,5.86,5.86,5.86,5.79,180,121910.00,1.19,0.00,0.00,0.03
2016-06-13,5.83,5.83,5.86,5.80,940,636040.00,1.02,-0.51,-0.03,0.17
2016-06-14,5.81,5.84,5.84,5.81,690,466530.00,0.51,0.17,0.01,0.13
2016-06-15,5.82,5.91,5.93,5.81,150,101940.00,2.05,1.20,0.07,0.03
2016-06-16,5.82,5.92,5.92,5.81,750,513650.00,1.86,0.17,0.01,0.14
2016-06-17,5.87,5.89,5.89,5.87,150,102250.00,0.34,-0.51,-0.03,0.03
2016-06-20,5.93,5.96,5.96,5.93,190,130760.00,0.51,1.19,0.07,0.03
2016-06-21,5.88,5.89,5.89,5.88,200,136430.00,0.17,-1.17,-0.07,0.04
2016-06-22,5.91,5.89,5.91,5.89,160,109450.00,0.34,0.00,0.00,0.03
2016-06-23,5.96,5.86,5.96,5.84,650,445500.00,2.04,-0.51,-0.03,0.12
2016-06-24,5.86,5.89,5.94,5.86,1130,775080.00,1.37,0.51,0.03,0.21
2016-06-27,5.88,5.86,5.89,5.86,400,272470.00,0.51,-0.51,-0.03,0.07
2016-06-28,5.83,5.81,5.87,5.79,420,284540.00,1.37,-0.85,-0.05,0.08
2016-06-29,5.83,5.81,5.86,5.80,860,582730.00,1.03,0.00,0.00,0.16
2016-06-30,5.80,5.80,5.81,5.79,450,303270.00,0.34,-0.17,-0.01,0.08
2016-07-01,5.80,5.80,5.84,5.77,560,378350.00,1.21,0.00,0.00,0.10
2016-07-04,5.79,5.77,5.79,5.75,1840,1234240.00,0.69,-0.52,-0.03,0.34
2016-07-05,5.78,5.78,5.82,5.77,950,639590.00,0.87,0.17,0.01,0.17
2016-07-06,5.76,5.76,5.78,5.71,1340,897690.00,1.21,-0.35,-0.02,0.25
2016-07-07,5.72,5.72,5.76,5.68,1520,1013060.00,1.39,-0.69,-0.04,0.28
2016-07-08,5.71,5.79,5.79,5.71,470,313290.00,1.40,1.22,0.07,0.09
2016-07-11,5.74,5.74,5.80,5.66,1980,1318130.00,2.42,-0.86,-0.05,0.36
2016-07-12,5.74,5.83,5.83,5.74,230,154570.00,1.57,1.57,0.09,0.04
2016-07-13,5.83,5.70,5.84,5.58,370,245290.00,4.46,-2.23,-0.13,0.07
2016-07-14,5.69,5.59,5.69,5.59,130,84990.00,1.75,-1.93,-0.11,0.02
2016-07-15,5.59,5.59,5.69,5.54,820,534740.00,2.68,0.00,0.00,0.15
2016-07-18,5.55,5.64,5.66,5.54,380,249800.00,2.15,0.89,0.05,0.07
2016-07-19,5.54,5.56,5.67,5.49,540,350630.00,3.19,-1.42,-0.08,0.10
2016-07-20,5.45,5.55,5.55,5.44,390,249130.00,1.98,-0.18,-0.01,0.07
2016-07-21,5.53,5.49,5.53,5.44,340,218220.00,1.62,-1.08,-0.06,0.06
2016-07-22,5.48,5.44,5.48,5.44,80,51120.00,0.73,-0.91,-0.05,0.01
2016-07-25,5.48,5.36,5.52,5.36,710,454150.00,2.94,-1.47,-0.08,0.13
2016-07-26,5.42,5.36,5.42,5.36,130,82080.00,1.12,0.00,0.00,0.02
2016-07-27,5.35,5.18,5.35,5.14,810,497270.00,3.92,-3.36,-0.18,0.15
2016-07-28,5.20,5.13,5.20,5.13,180,109810.00,1.35,-0.97,-0.05,0.03
2016-07-29,5.18,5.26,5.26,5.18,90,55330.00,1.56,2.53,0.13,0.02
2016-08-01,5.15,5.31,5.31,5.15,360,220790.00,3.04,0.95,0.05,0.07
2016-08-02,5.20,5.26,5.26,5.20,640,394280.00,1.13,-0.94,-0.05,0.12
2016-08-03,5.22,5.11,5.26,5.07,1650,1016890.00,3.61,-2.85,-0.15,0.30
2016-08-04,5.09,5.11,5.12,4.90,1140,680910.00,4.31,0.00,0.00,0.21
2016-08-05,4.96,5.27,5.27,4.95,3938,2396842.00,6.26,3.13,0.16,0.72
2016-08-08,5.16,5.09,5.16,4.85,1390,821420.00,5.88,-3.42,-0.18,0.26
2016-08-09,5.09,5.16,5.16,5.06,740,448080.00,1.96,1.38,0.07,0.14
2016-08-10,5.16,5.16,5.16,5.16,240,146400.00,0.00,0.00,0.00,0.04
2016-08-11,5.19,5.17,5.19,5.15,320,195380.00,0.78,0.19,0.01,0.06
2016-08-12,5.19,5.18,5.20,5.17,540,330510.00,0.58,0.19,0.01,0.10
2016-08-15,5.18,5.21,5.23,5.18,680,418300.00,0.97,0.58,0.03,0.12
2016-08-16,5.21,5.03,5.21,5.03,930,559080.00,3.45,-3.45,-0.18,0.17
2016-08-17,4.99,5.04,5.08,4.94,580,344870.00,2.78,0.20,0.01,0.11
2016-08-18,4.94,4.91,4.94,4.86,2630,1541760.00,1.59,-2.58,-0.13,0.48
2016-08-19,4.88,4.67,4.88,4.66,1090,616460.00,4.48,-4.89,-0.24,0.20
2016-08-22,4.65,4.35,4.66,4.25,12550,6799550.00,8.78,-6.85,-0.32,2.30
2016-08-23,4.36,4.51,4.51,4.36,1040,555120.00,3.45,3.68,0.16,0.19
2016-08-24,4.51,4.68,4.68,4.48,1170,645200.00,4.43,3.77,0.17,0.21
2016-08-25,4.71,4.70,4.72,4.66,50,28210.00,1.28,0.43,0.02,0.01
2016-08-26,4.72,4.86,5.20,4.53,5720,3340980.00,14.26,3.40,0.16,1.05
2016-08-29,4.80,4.78,4.86,4.74,740,424900.00,2.47,-1.65,-0.08,0.14
2016-08-30,4.82,4.63,4.83,4.63,360,205130.00,4.18,-3.14,-0.15,0.07
2016-08-31,4.62,4.44,4.62,4.34,3400,1821290.00,6.05,-4.10,-0.19,0.62
2016-09-01,4.39,4.39,4.59,4.32,1220,655090.00,6.08,-1.13,-0.05,0.22
2016-09-02,4.39,4.41,4.43,4.30,450,238890.00,2.96,0.46,0.02,0.08
2016-09-05,4.43,4.46,4.68,4.42,1160,631440.00,5.90,1.13,0.05,0.21
2016-09-06,4.50,4.37,4.55,4.35,5620,3033230.00,4.48,-2.02,-0.09,1.03
2016-09-07,4.35,4.28,4.54,4.21,6930,3695950.00,7.55,-2.06,-0.09,1.27
2016-09-08,4.25,4.09,4.25,4.01,3510,1758130.00,5.61,-4.44,-0.19,0.64
2016-09-09,4.05,4.02,4.07,3.91,4500,2213690.00,3.91,-1.71,-0.07,0.83
2016-09-12,4.04,4.06,4.18,4.02,3220,1613040.00,3.98,1.00,0.04,0.59
2016-09-13,4.01,4.10,4.16,3.96,6600,3329230.00,4.93,0.99,0.04,1.21
2016-09-14,4.15,4.11,4.24,4.07,3610,1823670.00,4.15,0.24,0.01,0.66
2016-09-19,4.09,4.10,4.20,4.08,7040,3555800.00,2.92,-0.24,-0.01,1.29
2016-09-20,4.11,4.19,4.24,4.11,2220,1133840.00,3.17,2.20,0.09,0.41
2016-09-21,4.19,4.58,4.78,4.19,7770,4283050.00,14.08,9.31,0.39,1.43
2016-09-22,4.53,4.57,4.61,4.45,3130,1719740.00,3.49,-0.22,-0.01,0.57
2016-09-23,4.55,4.57,4.57,4.47,1800,979930.00,2.19,0.00,0.00,0.33
2016-09-26,4.51,4.26,4.51,4.23,2620,1382710.00,6.13,-6.78,-0.31,0.48
2016-09-27,4.26,4.32,4.36,4.19,1210,631810.00,3.99,1.41,0.06,0.22
2016-09-28,4.32,4.34,4.34,4.20,1570,822220.00,3.24,0.46,0.02,0.29
2016-09-29,4.28,4.36,4.40,4.26,1360,719030.00,3.23,0.46,0.02,0.25
2016-09-30,4.37,4.46,4.49,4.37,260,139230.00,2.75,2.29,0.10,0.05
2016-10-10,4.36,4.35,4.40,4.25,580,304090.00,3.36,-2.47,-0.11,0.11
2016-10-11,4.32,4.29,4.40,4.27,2420,1274420.00,2.99,-1.38,-0.06,0.44
2016-10-12,4.29,4.39,4.39,4.27,2910,1522450.00,2.80,2.33,0.10,0.53
2016-10-13,4.40,4.11,4.40,4.11,2000,1034130.00,6.61,-6.38,-0.28,0.37
2016-10-14,4.10,4.15,4.18,4.06,1640,829610.00,2.92,0.97,0.04,0.30
2016-10-17,4.16,4.24,4.24,4.15,1350,692700.00,2.17,2.17,0.09,0.25
2016-10-18,4.21,4.22,4.22,4.06,1990,1006700.00,3.77,-0.47,-0.02,0.37
2016-10-19,4.20,4.24,4.24,4.20,400,206270.00,0.95,0.47,0.02,0.07
2016-10-20,4.18,4.25,4.25,4.18,830,427840.00,1.65,0.24,0.01,0.15
2016-10-21,4.18,4.24,4.26,4.18,390,201290.00,1.88,-0.24,-0.01,0.07
2016-10-24,4.24,4.21,4.25,4.21,320,165720.00,0.94,-0.71,-0.03,0.06
2016-10-25,4.26,4.24,4.26,4.24,510,264700.00,0.48,0.71,0.03,0.09
2016-10-26,4.20,4.26,4.28,4.20,430,222530.00,1.89,0.47,0.02,0.08
2016-10-27,4.20,4.26,4.26,4.20,710,366600.00,1.41,0.00,0.00,0.13
2016-10-28,4.21,4.25,4.26,4.19,450,231550.00,1.64,-0.23,-0.01,0.08
2016-10-31,4.18,4.22,4.22,4.18,100,51280.00,0.94,-0.71,-0.03,0.02
2016-11-01,4.17,4.15,4.20,4.15,360,183440.00,1.18,-1.66,-0.07,0.07
2016-11-02,4.12,4.10,4.13,4.06,960,483950.00,1.69,-1.20,-0.05,0.18
2016-11-03,4.07,4.12,4.12,4.06,1310,657390.00,1.46,0.49,0.02,0.24
2016-11-04,4.12,4.10,4.12,4.09,520,262050.00,0.73,-0.49,-0.02,0.10
2016-11-07,4.07,4.20,4.23,4.06,2420,1231220.00,4.15,2.44,0.10,0.44
2016-11-08,4.16,4.26,4.26,4.15,2780,1420000.00,2.62,1.43,0.06,0.51
2016-11-09,4.16,4.21,4.21,4.16,110,56150.00,1.17,-1.17,-0.05,0.02
2016-11-10,4.16,4.16,4.21,4.16,120,61700.00,1.19,-1.19,-0.05,0.02
2016-11-11,4.16,4.26,4.26,4.16,340,174630.00,2.40,2.40,0.10,0.06
2016-11-14,4.16,4.31,4.31,4.16,130,67980.00,3.52,1.17,0.05,0.02
2016-11-15,4.20,4.22,4.30,4.20,160,83000.00,2.32,-2.09,-0.09,0.03
2016-11-16,4.28,4.26,4.28,4.21,940,485000.00,1.66,0.95,0.04,0.17
2016-11-17,4.24,4.29,4.29,4.24,360,187150.00,1.17,0.70,0.03,0.07
2016-11-18,4.25,4.30,4.30,4.15,1470,760660.00,3.50,0.23,0.01,0.27
2016-11-21,4.29,4.30,4.31,4.26,940,490670.00,1.16,0.00,0.00,0.17
2016-11-22,4.22,4.29,4.31,4.18,3610,1860150.00,3.02,-0.23,-0.01,0.66
2016-11-23,4.31,4.20,4.31,4.20,760,392190.00,2.56,-2.10,-0.09,0.14
2016-11-24,4.17,4.17,4.20,4.12,2310,1174100.00,1.90,-0.71,-0.03,0.42
2016-11-25,4.11,4.15,4.16,4.06,1690,851460.00,2.40,-0.48,-0.02,0.31
2016-11-28,4.15,4.21,4.21,4.06,1800,911410.00,3.61,1.45,0.06,0.33
2016-11-29,4.21,4.24,4.24,4.11,710,362370.00,3.09,0.71,0.03,0.13
2016-11-30,4.12,4.16,4.16,4.08,780,394460.00,1.89,-1.89,-0.08,0.14
2016-12-01,4.06,4.16,4.16,4.04,800,402580.00,2.88,0.00,0.00,0.15
2016-12-02,4.08,4.19,4.19,4.07,810,406470.00,2.88,0.72,0.03,0.15
2016-12-05,4.16,4.21,4.21,4.08,810,412240.00,3.10,0.48,0.02,0.15
2016-12-06,4.21,4.28,4.28,4.16,1480,760160.00,2.85,1.66,0.07,0.27
2016-12-07,4.18,4.36,4.36,4.18,1480,767320.00,4.21,1.87,0.08,0.27
2016-12-08,4.23,4.36,4.36,4.18,2780,1441350.00,4.13,0.00,0.00,0.51
2016-12-09,4.34,4.40,4.40,4.26,170,89580.00,3.21,0.92,0.04,0.03
2016-12-12,4.39,4.32,4.39,4.26,1130,594130.00,2.95,-1.82,-0.08,0.21
2016-12-13,4.29,4.18,4.29,4.06,1860,945130.00,5.32,-3.24,-0.14,0.34
2016-12-14,4.18,4.06,4.18,4.03,370,185470.00,3.59,-2.87,-0.12,0.07
2016-12-15,4.06,4.07,4.10,4.05,720,360200.00,1.23,0.25,0.01,0.13
2016-12-16,4.07,4.16,4.16,4.07,220,110510.00,2.21,2.21,0.09,0.04
2016-12-19,4.16,4.11,4.22,4.11,1310,665460.00,2.64,-1.20,-0.05,0.24
2016-12-20,4.06,4.14,4.15,4.06,100,50420.00,2.19,0.73,0.03,0.02
2016-12-21,4.06,4.12,4.12,4.06,370,185410.00,1.45,-0.48,-0.02,0.07
2016-12-22,4.11,4.14,4.14,4.11,140,71050.00,0.73,0.49,0.02,0.03
2016-12-23,4.14,4.14,4.14,4.08,610,308150.00,1.45,0.00,0.00,0.11
2016-12-26,4.14,4.16,4.26,4.12,1090,553570.00,3.38,0.48,0.02,0.20
2016-12-27,4.11,4.21,4.21,4.11,830,422210.00,2.40,1.20,0.05,0.15
2016-12-28,4.21,4.20,4.21,4.06,1140,576320.00,3.56,-0.24,-0.01,0.21
2016-12-29,4.20,4.20,4.21,4.08,1330,673550.00,3.10,0.00,0.00,0.24
2016-12-30,4.20,4.38,4.38,4.15,1160,600370.00,5.48,4.29,0.18,0.21