2021-01-05,2.99,2.90,3.00,2.90,869,279175.00,3.70,7.41,0.20,0.16
2021-01-06,2.90,3.00,3.00,2.90,2709,874374.00,3.45,3.45,0.10,0.50
2021-01-07,2.90,2.91,3.00,2.90,779,255653.00,3.33,-3.00,-0.09,0.14
2021-01-08,3.00,3.00,3.10,3.00,1131,383456.00,3.44,3.09,0.09,0.21
2021-01-11,3.09,3.10,3.10,3.09,2032,690773.00,0.33,3.33,0.10,0.37
2021-01-12,2.91,2.91,2.91,2.91,40,12840.00,0.00,-6.13,-0.19,0.01
2021-01-13,3.10,3.10,3.10,3.10,142,48239.00,0.00,6.53,0.19,0.03
2021-01-14,3.20,3.20,3.20,3.20,500,175000.00,0.00,3.23,0.10,0.09
2021-01-15,3.11,3.11,3.11,3.11,211,71951.00,0.00,-2.81,-0.09,0.04
2021-01-18,3.10,3.39,3.39,3.10,11,3805.00,9.32,9.00,0.28,0.00
2021-01-19,3.10,3.11,3.11,3.10,110,37450.00,0.29,-8.26,-0.28,0.02
2021-01-20,3.11,3.11,3.11,3.11,181,61721.00,0.00,0.00,0.00,0.03
2021-01-21,3.20,3.20,3.20,3.20,900,315000.00,0.00,2.89,0.09,0.17
2021-01-22,3.10,3.10,3.10,3.10,150,51000.00,0.00,-3.13,-0.10,0.03
2021-01-25,3.20,3.49,3.49,3.19,270,97370.00,9.68,12.58,0.39,0.05
2021-01-26,3.20,3.20,3.20,3.20,20,7000.00,0.00,-8.31,-0.29,0.00
2021-01-27,3.20,3.10,3.20,3.10,270,94000.00,3.13,-3.13,-0.10,0.05
2021-01-28,3.10,3.10,3.10,3.10,200,68000.00,0.00,0.00,0.00,0.04
2021-01-29,2.72,3.11,3.11,2.72,30,9790.00,12.58,0.32,0.01,0.01
2021-02-01,3.13,3.13,3.13,3.13,50,17150.00,0.00,0.64,0.02,0.01
2021-02-02,3.20,3.20,3.20,3.20,200,70000.00,0.00,2.24,0.07,0.04
2021-02-03,3.10,3.10,3.10,3.10,149,50748.00,0.00,-3.13,-0.10,0.03
2021-02-05,3.10,3.10,3.10,3.10,10,3400.00,0.00,0.00,0.00,0.00
2021-02-08,3.20,3.20,3.20,3.20,198,69471.00,0.00,3.23,0.10,0.04
2021-02-09,3.10,3.10,3.10,3.10,119,40460.00,0.00,-3.13,-0.10,0.02
2021-02-10,3.10,3.10,3.10,3.10,2000,680000.00,0.00,0.00,0.00,0.37
2021-02-18,3.20,3.20,3.20,3.20,500,175000.00,0.00,3.23,0.10,0.09
2021-02-23,3.10,3.10,3.10,3.10,1140,387600.00,0.00,-3.13,-0.10,0.21
2021-03-01,3.10,3.10,3.10,3.10,330,112200.00,0.00,0.00,0.00,0.06
2021-03-02,3.18,3.20,3.20,3.18,592,206972.00,0.65,3.23,0.10,0.11
2021-03-04,3.21,3.21,3.21,3.21,5,1755.00,0.00,0.31,0.01,0.00
2021-03-05,3.18,3.18,3.18,3.18,620,215760.00,0.00,-0.93,-0.03,0.11
2021-03-08,3.13,3.13,3.13,3.13,70,24010.00,0.00,-1.57,-0.05,0.01
2021-03-09,3.13,3.13,3.13,3.13,9,3087.00,0.00,0.00,0.00,0.00
2021-03-11,3.13,3.13,3.13,3.13,20,6860.00,0.00,0.00,0.00,0.00
2021-03-12,3.13,3.13,3.13,3.13,10,3430.00,0.00,0.00,0.00,0.00
2021-03-15,3.13,3.18,3.18,3.13,59,20382.00,1.60,1.60,0.05,0.01
2021-03-16,3.18,3.20,3.20,3.18,22,7660.00,0.63,0.63,0.02,0.00
2021-03-18,3.20,3.20,3.20,3.20,293,102550.00,0.00,0.00,0.00,0.05
2021-03-23,3.18,3.20,3.20,3.18,90,31440.00,0.63,0.00,0.00,0.02
2021-03-24,3.21,3.21,3.21,3.21,10,3510.00,0.00,0.31,0.01,0.00
2021-04-01,3.10,3.10,3.10,3.10,587,199580.00,0.00,-3.43,-0.11,0.11
2021-04-08,3.10,3.21,3.21,3.10,258,88731.00,3.55,3.55,0.11,0.05
2021-04-09,3.10,3.22,3.22,3.10,29,10108.00,3.74,0.31,0.01,0.01
2021-04-12,3.22,3.22,3.22,3.22,1,352.00,0.00,0.00,0.00,0.00
2021-04-15,3.22,3.22,3.22,3.22,441,155232.00,0.00,0.00,0.00,0.08
2021-04-22,3.68,3.67,3.68,3.67,93,36949.00,0.31,13.98,0.45,0.02
2021-04-23,3.69,3.69,3.69,3.53,781,310683.00,4.36,0.54,0.02,0.14
2021-04-26,3.69,3.72,3.72,3.69,23,9180.00,0.81,0.81,0.03,0.00
2021-04-27,3.79,3.99,3.99,3.79,74,31221.00,5.38,7.26,0.27,0.01
2021-04-28,4.09,4.29,4.50,4.09,333,151807.00,10.28,7.52,0.30,0.06
2021-04-29,4.38,4.21,4.38,4.21,13427,4390275.00,3.96,-1.86,-0.08,2.46
2021-04-30,4.22,4.27,4.48,4.22,1524,552039.00,6.18,1.43,0.06,0.28
2021-05-06,4.30,4.29,4.30,4.29,200,91900.00,0.23,0.47,0.02,0.04
2021-05-07,4.00,4.00,4.00,4.00,2,860.00,0.00,-6.76,-0.29,0.00
2021-05-10,4.65,3.96,4.65,3.96,312,137070.00,17.25,-1.00,-0.04,0.06
2021-05-11,3.96,3.96,3.97,3.96,210,89510.00,0.25,0.00,0.00,0.04
2021-05-12,4.11,4.23,4.23,4.11,462,208537.00,3.03,6.82,0.27,0.08
2021-05-14,3.28,3.97,4.20,3.28,153,64087.00,21.75,-6.15,-0.26,0.03
2021-05-17,3.98,3.98,3.98,3.98,130,55640.00,0.00,0.25,0.01,0.02
2021-05-18,3.95,3.85,3.95,3.46,480,191450.00,12.31,-3.27,-0.13,0.09
2021-05-20,3.85,3.86,3.86,3.85,1248,518113.00,0.26,0.26,0.01,0.23
2021-05-21,3.86,3.86,3.86,3.86,50,20800.00,0.00,0.00,0.00,0.01
2021-05-28,3.70,3.70,3.70,3.70,2204,744859.00,0.00,-4.15,-0.16,0.40
2021-05-31,3.70,3.70,3.70,3.70,1544,617572.00,0.00,0.00,0.00,0.28
2021-06-01,3.22,3.70,3.70,3.22,31,10960.00,12.97,0.00,0.00,0.01
2021-06-02,3.70,3.70,3.70,3.70,240,96000.00,0.00,0.00,0.00,0.04
2021-06-04,3.70,3.70,3.70,3.70,200,80000.00,0.00,0.00,0.00,0.04
2021-06-08,3.70,3.70,3.70,3.70,2754,801467.00,0.00,0.00,0.00,0.51
2021-06-11,4.35,3.55,4.35,3.55,31,12015.00,21.62,-4.05,-0.15,0.01
2021-06-16,3.68,3.67,3.68,3.67,539,214011.00,0.28,3.38,0.12,0.10
2021-06-18,4.14,4.14,4.14,4.14,20,8880.00,0.00,12.81,0.47,0.00
2021-06-23,4.20,4.01,4.70,3.76,491,214786.00,22.71,-3.14,-0.13,0.09
2021-06-24,4.15,3.91,4.19,3.75,803,341806.00,10.97,-2.49,-0.10,0.15
2021-06-25,3.89,3.81,3.89,3.80,1076,431370.00,2.30,-2.56,-0.10,0.20
2021-06-28,3.82,3.98,4.00,3.82,128,54107.00,4.72,4.46,0.17,0.02
2021-06-30,3.90,4.00,4.45,3.90,27,11600.00,13.82,0.50,0.02,0.00
2021-07-01,4.20,4.20,4.20,4.20,12,5400.00,0.00,5.00,0.20,0.00
2021-07-02,4.15,4.28,4.30,4.15,867,371494.00,3.57,1.90,0.08,0.16
2021-07-05,4.38,4.30,4.38,4.20,2876,1082636.00,4.21,0.47,0.02,0.53
2021-07-07,4.25,4.25,4.25,4.25,79,33575.00,0.00,-1.16,-0.05,0.01
2021-07-08,4.21,4.31,4.31,4.20,740,317120.00,2.59,1.41,0.06,0.14
2021-07-09,4.31,4.31,4.31,4.31,160,68964.00,0.00,0.00,0.00,0.03
2021-07-12,4.36,4.57,4.83,4.36,554,256373.00,10.90,6.03,0.26,0.10
2021-07-13,4.60,4.60,4.60,4.60,1101,486358.00,0.00,0.66,0.03,0.20
2021-07-14,4.62,4.92,4.92,4.62,230,110425.00,6.52,6.96,0.32,0.04
2021-07-15,4.96,4.88,4.96,4.88,100,49200.00,1.63,-0.81,-0.04,0.02
2021-07-16,4.88,4.95,4.95,4.88,373,184105.00,1.43,1.43,0.07,0.07
2021-07-19,4.90,4.90,4.97,4.90,10533,4263530.00,1.41,-1.01,-0.05,1.93
2021-07-20,4.68,4.50,4.68,4.50,18,8280.00,3.67,-8.16,-0.40,0.00
2021-07-21,4.52,4.50,4.55,4.50,24,10841.00,1.11,0.00,0.00,0.00
2021-07-26,4.88,4.51,4.88,4.30,1454,600256.00,12.89,0.22,0.01,0.27
2021-07-27,4.45,4.30,4.45,4.30,234,101072.00,3.33,-4.66,-0.21,0.04
2021-07-28,4.50,4.30,4.50,4.30,640,285920.00,4.65,0.00,0.00,0.12
2021-07-29,3.80,4.26,4.26,3.80,127,54111.00,10.70,-0.93,-0.04,0.02
2021-07-30,4.10,4.10,4.10,4.10,250,102500.00,0.00,-3.76,-0.16,0.05
2021-08-02,4.11,4.60,4.60,4.11,502,208407.00,11.95,12.20,0.50,0.09
2021-08-03,4.20,4.20,4.20,4.11,830,346770.00,1.96,-8.70,-0.40,0.15
2021-08-04,4.16,4.28,4.70,4.16,215,90658.00,12.86,1.90,0.08,0.04
2021-08-05,4.30,4.30,4.30,4.30,10,4300.00,0.00,0.47,0.02,0.00
2021-08-06,4.25,4.25,4.25,4.25,100,42500.00,0.00,-1.16,-0.05,0.02
2021-08-10,4.20,4.20,4.20,4.20,1,420.00,0.00,-1.18,-0.05,0.00
2021-08-11,4.48,4.27,4.48,4.27,50,22190.00,5.00,1.67,0.07,0.01
2021-08-12,4.20,4.25,4.25,4.20,140,59004.00,1.17,-0.47,-0.02,0.03
2021-08-13,4.25,4.25,4.25,4.25,59,25075.00,0.00,0.00,0.00,0.01
2021-08-16,4.25,4.30,4.45,4.25,357,156631.00,4.71,1.18,0.05,0.07
2021-08-19,4.30,4.38,4.38,4.30,67,28963.00,1.86,1.86,0.08,0.01
2021-08-20,4.38,4.38,4.38,4.38,5,2019.00,0.00,0.00,0.00,0.00
2021-08-24,4.26,4.60,4.60,4.26,57,24649.00,7.76,5.02,0.22,0.01
2021-08-25,4.30,4.30,4.30,4.30,100,43000.00,0.00,-6.52,-0.30,0.02
2021-08-26,4.25,4.18,4.50,4.18,501,212430.00,7.44,-2.79,-0.12,0.09
2021-08-27,4.18,4.48,4.48,4.18,3,1284.00,7.18,7.18,0.30,0.00
2021-08-30,4.50,4.50,4.50,4.50,1001,430486.00,0.00,0.45,0.02,0.18
2021-08-31,4.18,4.18,4.18,4.18,7,2926.00,0.00,-7.11,-0.32,0.00
2021-09-01,4.25,4.49,4.49,4.25,4,1764.00,5.74,7.42,0.31,0.00
2021-09-02,4.41,4.25,4.41,4.25,53,22684.00,3.56,-5.35,-0.24,0.01
2021-09-03,4.40,4.80,4.80,4.40,402,184024.00,9.41,12.94,0.55,0.07
2021-09-06,5.00,5.85,6.00,5.00,2766,1568735.00,20.83,21.88,1.05,0.51
2021-09-07,7.80,5.95,7.80,5.85,1072,638117.00,33.33,1.71,0.10,0.20
2021-09-08,5.95,6.49,6.50,5.95,1916,1149223.00,9.24,9.08,0.54,0.35
2021-09-09,6.48,6.18,6.48,6.00,663,407763.00,7.40,-4.78,-0.31,0.12
2021-09-10,6.10,6.86,6.86,6.10,394,244689.00,12.30,11.00,0.68,0.07
2021-09-13,6.91,6.97,7.03,6.91,1396,970439.00,1.75,1.60,0.11,0.26
2021-09-14,7.30,6.86,7.30,6.86,393,274070.00,6.31,-1.58,-0.11,0.07
2021-09-15,7.00,6.73,7.00,6.73,136,92703.00,3.94,-1.90,-0.13,0.02
2021-09-16,6.60,6.50,6.79,6.20,223,148449.00,8.77,-3.42,-0.23,0.04
2021-09-17,6.55,6.64,6.64,6.50,221,144682.00,2.15,2.15,0.14,0.04
2021-09-22,7.09,7.28,7.28,6.96,1198,847440.00,4.82,9.64,0.64,0.22
2021-09-23,7.25,7.13,7.25,7.09,205,146199.00,2.20,-2.06,-0.15,0.04
2021-09-24,7.47,7.40,7.47,7.16,1232,906418.00,4.35,3.79,0.27,0.23
2021-09-27,7.46,7.40,7.88,7.27,887,669019.00,8.24,0.00,0.00,0.16
2021-09-28,7.12,7.35,7.37,7.12,629,461286.00,3.38,-0.68,-0.05,0.12
2021-09-29,7.49,7.39,7.49,7.27,730,543837.00,2.99,0.54,0.04,0.13
2021-09-30,7.40,7.40,7.41,7.40,789,584234.00,0.14,0.14,0.01,0.14
2021-10-08,7.43,7.12,7.43,7.12,1204,865100.00,4.19,-3.78,-0.28,0.22
2021-10-11,7.10,7.20,7.31,7.04,1976,1432563.00,3.79,1.12,0.08,0.36
2021-10-12,7.04,7.20,7.20,7.04,711,507987.00,2.22,0.00,0.00,0.13
2021-10-13,7.14,7.25,7.25,7.14,312,224000.00,1.53,0.69,0.05,0.06
2021-10-14,6.85,7.01,7.25,6.85,1558,1112181.00,5.52,-3.31,-0.24,0.29
2021-10-15,6.92,7.10,7.15,6.92,477,339120.00,3.28,1.28,0.09,0.09
2021-10-18,7.30,7.25,7.30,7.11,193,138674.00,2.68,2.11,0.15,0.04
2021-10-19,7.32,7.87,8.00,7.32,1200,926839.00,9.38,8.55,0.62,0.22
2021-10-20,7.92,7.89,7.92,7.81,329,259746.00,1.40,0.25,0.02,0.06
2021-10-21,7.87,7.75,7.88,7.69,797,620264.00,2.41,-1.77,-0.14,0.15
2021-10-22,7.40,7.70,7.70,7.31,1974,1316969.00,5.03,-0.65,-0.05,0.36
2021-10-25,7.51,7.70,7.89,7.51,1954,1219506.00,4.94,0.00,0.00,0.36
2021-10-26,7.61,7.60,7.74,7.60,539,412873.00,1.82,-1.30,-0.10,0.10
2021-10-27,7.68,7.29,7.68,7.29,234,172761.00,5.13,-4.08,-0.31,0.04
2021-10-28,7.20,7.08,7.20,7.01,1166,835056.00,2.61,-2.88,-0.21,0.21
2021-10-29,7.00,7.30,7.30,6.99,1000,713766.00,4.38,3.11,0.22,0.18
2021-11-01,7.45,7.38,7.45,7.38,506,376704.00,0.96,1.10,0.08,0.09
2021-11-02,7.28,7.27,7.28,7.27,272,198192.00,0.14,-1.49,-0.11,0.05
2021-11-03,7.25,7.20,7.25,7.16,279,200447.00,1.24,-0.96,-0.07,0.05
2021-11-04,7.20,7.12,7.20,7.00,1555,1097340.00,2.78,-1.11,-0.08,0.29
2021-11-05,7.00,7.07,7.10,7.00,796,558726.00,1.40,-0.70,-0.05,0.15
2021-11-08,7.20,7.29,7.30,7.20,820,593795.00,1.41,3.11,0.22,0.15
2021-11-09,7.40,8.49,8.50,7.40,3244,2626843.00,15.09,16.46,1.20,0.60
2021-11-10,8.58,8.79,8.95,8.58,1298,1122340.00,4.36,3.53,0.30,0.24
2021-11-11,9.08,8.76,9.08,8.56,1075,939492.00,5.92,-0.34,-0.03,0.20
2021-11-12,8.86,8.45,8.86,8.31,500,420031.00,6.28,-3.54,-0.31,0.09
2021-11-15,8.74,8.78,8.81,8.70,2604,2284591.00,1.30,3.91,0.33,0.48
2021-11-16,9.40,9.18,9.40,9.00,617,562256.00,4.56,4.56,0.40,0.11
2021-11-17,9.43,9.23,9.43,9.00,802,730960.00,4.68,0.54,0.05,0.15
2021-11-18,9.33,9.67,9.67,9.28,1686,1585945.00,4.23,4.77,0.44,0.31
2021-11-19,9.93,9.88,10.00,9.47,746,726199.00,5.48,2.17,0.21,0.14
2021-11-22,10.11,9.88,10.11,9.83,2500,2031625.00,2.83,0.00,0.00,0.46
2021-11-23,10.26,10.05,10.26,10.00,1072,1086171.00,2.63,1.72,0.17,0.20
2021-11-24,10.60,10.49,10.60,10.15,991,1029594.00,4.48,4.38,0.44,0.18
2021-11-25,10.50,10.55,10.55,10.41,1418,1488267.00,1.33,0.57,0.06,0.26
2021-11-26,10.69,10.68,11.48,10.68,1782,1940446.00,7.58,1.23,0.13,0.33
2021-11-29,10.69,10.50,10.98,10.48,1303,1391715.00,4.68,-1.69,-0.18,0.24
2021-11-30,10.50,9.90,10.50,9.70,1074,1072654.00,7.62,-5.71,-0.60,0.20
2021-12-01,9.95,9.90,9.95,9.82,667,658304.00,1.31,0.00,0.00,0.12
2021-12-02,9.65,9.70,9.99,9.65,1146,1116143.00,3.43,-2.02,-0.20,0.21
2021-12-03,9.69,9.12,9.69,9.08,1113,1016033.00,6.29,-5.98,-0.58,0.20
2021-12-06,9.12,8.91,9.12,8.83,858,770279.00,3.18,-2.30,-0.21,0.16
2021-12-07,8.92,9.01,9.19,8.91,800,715476.00,3.14,1.12,0.10,0.15
2021-12-08,10.66,9.99,10.66,9.99,8685,8871379.00,7.44,10.88,0.98,1.59
2021-12-09,9.95,9.80,9.95,9.57,4369,4272692.00,3.80,-1.90,-0.19,0.80
2021-12-10,9.68,9.50,9.70,9.45,3740,3600614.00,2.55,-3.06,-0.30,0.69