2023-01-03,5.62,5.65,5.65,5.53,8199,4574213.37,2.14,0.71,0.04,1.15
2023-01-04,5.60,5.60,5.64,5.56,8474,4744104.45,1.42,-0.88,-0.05,1.19
2023-01-05,5.60,5.59,5.60,5.55,6086,3389819.70,0.89,-0.18,-0.01,0.86
2023-01-06,5.57,5.57,5.59,5.55,3658,2036896.16,0.72,-0.36,-0.02,0.51
2023-01-09,5.59,5.55,5.60,5.55,5696,3172991.79,0.90,-0.36,-0.02,0.80
2023-01-10,5.56,5.56,5.57,5.53,2159,1197529.65,0.72,0.18,0.01,0.30
2023-01-11,5.55,5.54,5.57,5.54,2688,1491968.29,0.54,-0.36,-0.02,0.38
2023-01-12,5.55,5.54,5.56,5.52,2777,1538316.65,0.72,0.00,0.00,0.39
2023-01-13,5.57,5.56,5.58,5.53,3334,1849708.03,0.90,0.36,0.02,0.47
2023-01-16,5.56,5.58,5.59,5.55,3279,1826550.28,0.72,0.36,0.02,0.46
2023-01-17,5.56,5.56,5.58,5.55,2489,1385116.66,0.54,-0.36,-0.02,0.35
2023-01-18,5.56,5.54,5.57,5.54,3228,1793716.61,0.54,-0.36,-0.02,0.45
2023-01-19,5.54,5.55,5.57,5.54,3580,1989328.02,0.54,0.18,0.01,0.50
2023-01-20,5.55,5.59,5.59,5.54,4409,2455687.09,0.90,0.72,0.04,0.62
2023-01-30,5.64,5.70,5.72,5.61,9837,5567220.46,1.97,1.97,0.11,1.38
2023-01-31,5.68,6.05,6.10,5.67,50467,30039698.28,7.54,6.14,0.35,7.09
2023-02-01,6.05,6.33,6.49,6.03,60319,37684462.51,7.60,4.63,0.28,8.48
2023-02-02,6.65,7.02,7.29,6.51,86901,59194376.56,12.32,10.90,0.69,12.21