2017-01-03,12.88,12.80,12.88,12.72,37381,48641026.00,1.26,0.87,0.11,1.20
2017-01-04,12.86,12.85,12.88,12.69,38104,49420268.00,1.48,0.39,0.05,1.22
2017-01-05,12.86,13.12,13.18,12.81,81493,107810557.00,2.88,2.10,0.27,2.61
2017-01-06,13.10,12.94,13.12,12.89,47307,62299942.00,1.75,-1.37,-0.18,1.52
2017-01-09,12.82,13.01,13.03,12.71,37176,48590952.00,2.47,0.54,0.07,1.19
2017-01-10,13.01,12.85,13.07,12.78,33705,44224820.00,2.23,-1.23,-0.16,1.08
2017-01-11,12.87,12.60,12.92,12.60,37236,48146978.00,2.49,-1.95,-0.25,1.19
2017-01-12,12.78,12.45,12.78,12.40,37760,48147191.00,3.02,-1.19,-0.15,1.21
2017-01-13,12.45,12.32,12.60,12.31,29875,37784547.00,2.33,-1.04,-0.13,0.96
2017-07-12,11.07,11.07,11.07,11.07,9552,10765104.00,0.00,-10.15,-1.25,0.31
2017-07-13,9.95,10.01,10.33,9.94,253415,259002104.00,3.52,-9.58,-1.06,8.12
2017-07-14,9.70,9.83,10.08,9.70,96921,97773365.00,3.80,-1.80,-0.18,3.11
2017-07-17,9.92,9.70,10.09,9.52,89413,89884653.00,5.80,-1.32,-0.13,2.87
2017-07-18,9.54,9.42,9.70,9.10,86541,82512264.00,6.19,-2.89,-0.28,2.77
2017-07-19,9.27,9.45,9.49,9.27,55452,53237564.00,2.34,0.32,0.03,1.78
2017-07-20,9.40,9.45,9.55,9.35,50380,48614342.00,2.12,0.00,0.00,1.61
2017-07-21,9.46,9.43,9.57,9.38,44357,42860785.00,2.01,-0.21,-0.02,1.42
2017-07-24,9.41,9.36,9.43,9.24,43354,41248337.00,2.01,-0.74,-0.07,1.39
2017-07-25,9.36,9.29,9.40,9.25,31041,29537056.00,1.60,-0.75,-0.07,0.99
2017-07-26,9.37,9.55,9.75,9.33,71385,69915259.00,4.52,2.80,0.26,2.29
2017-07-27,9.43,9.63,9.65,9.42,46581,45468616.00,2.41,0.84,0.08,1.49
2017-07-28,9.63,9.55,9.65,9.52,30080,29389370.00,1.35,-0.83,-0.08,0.96
2017-07-31,9.58,9.57,9.60,9.47,32694,31794995.00,1.36,0.21,0.02,1.05
2017-08-01,9.57,9.52,9.57,9.47,30553,29696078.00,1.04,-0.52,-0.05,0.98
2017-08-02,9.49,9.32,9.51,9.30,41034,39385639.00,2.21,-2.10,-0.20,1.32
2017-08-03,9.33,9.35,9.44,9.30,23990,22954313.00,1.50,0.32,0.03,0.77
2017-08-04,9.34,9.43,9.49,9.32,36042,34697543.00,1.82,0.86,0.08,1.16
2017-08-07,9.43,9.72,9.72,9.40,57659,56744306.00,3.39,3.08,0.29,1.85
2017-08-08,9.67,9.66,9.69,9.58,35598,34973009.00,1.13,-0.62,-0.06,1.14
2017-08-09,9.68,9.64,9.71,9.62,27221,26812124.00,0.93,-0.21,-0.02,0.87
2017-08-10,9.64,9.70,9.73,9.56,46032,45411765.00,1.76,0.62,0.06,1.48
2017-08-11,9.65,9.52,9.69,9.51,30781,30183350.00,1.86,-1.86,-0.18,0.99
2017-08-14,9.53,9.65,9.66,9.53,23382,22959876.00,1.37,1.37,0.13,0.75
2017-08-15,9.68,9.68,9.76,9.64,26599,26304118.00,1.24,0.31,0.03,0.85
2017-08-16,9.70,9.74,9.75,9.63,28045,27771782.00,1.24,0.62,0.06,0.90
2017-08-17,9.72,9.81,9.83,9.71,39876,39706464.00,1.23,0.72,0.07,1.28
2017-08-18,9.76,9.77,9.82,9.71,23044,22937156.00,1.12,-0.41,-0.04,0.74
2017-08-21,9.77,9.82,9.84,9.75,22675,22651172.00,0.92,0.51,0.05,0.73
2017-08-22,9.82,9.72,9.82,9.70,24605,24466953.00,1.22,-1.02,-0.10,0.79
2017-08-23,9.72,9.61,9.76,9.55,29322,28857815.00,2.16,-1.13,-0.11,0.94
2017-08-24,9.62,9.65,9.66,9.56,18178,17849099.00,1.04,0.42,0.04,0.58
2017-08-25,9.58,9.72,9.73,9.58,32430,32064326.00,1.55,0.73,0.07,1.04
2017-08-28,9.73,9.90,9.94,9.71,53686,53972573.00,2.37,1.85,0.18,1.72
2017-08-29,9.90,9.80,9.93,9.77,36467,36615572.00,1.62,-1.01,-0.10,1.17
2017-08-30,9.80,9.84,9.89,9.79,29545,29612894.00,1.02,0.41,0.04,0.95
2017-08-31,9.84,10.03,10.04,9.84,46765,47623243.00,2.03,1.93,0.19,1.50
2017-09-01,10.00,9.98,10.03,9.92,35910,36493410.00,1.10,-0.50,-0.05,1.15
2017-09-04,9.99,9.92,9.99,9.78,33580,33889503.00,2.10,-0.60,-0.06,1.08
2017-09-05,9.92,9.92,9.96,9.87,32116,32504938.00,0.91,0.00,0.00,1.03
2017-09-06,9.93,9.87,9.95,9.79,33098,33261032.00,1.61,-0.50,-0.05,1.06
2017-09-07,9.87,9.84,9.92,9.81,40422,40668809.00,1.11,-0.30,-0.03,1.30
2017-09-08,9.83,10.13,10.15,9.80,90366,92236081.00,3.56,2.95,0.29,2.90
2017-09-11,10.05,10.35,10.49,9.99,102322,106445907.00,4.94,2.17,0.22,3.28
2017-09-12,10.20,10.16,10.30,10.12,72932,75783671.00,1.74,-1.84,-0.19,2.34
2017-09-13,10.13,10.23,10.28,10.12,36994,38510141.00,1.57,0.69,0.07,1.19
2017-09-14,10.24,10.15,10.28,10.10,36190,37617458.00,1.76,-0.78,-0.08,1.16
2017-09-15,10.19,10.15,10.21,10.10,30265,31315159.00,1.08,0.00,0.00,0.97
2017-09-18,10.11,10.10,10.13,10.01,29539,30310447.00,1.18,-0.49,-0.05,0.95
2017-09-19,10.08,10.08,10.17,10.03,27224,28017595.00,1.39,-0.20,-0.02,0.87
2017-09-20,10.08,10.19,10.19,10.04,27712,28572368.00,1.49,1.09,0.11,0.89
2017-09-21,10.19,10.11,10.32,10.11,38880,40575303.00,2.06,-0.79,-0.08,1.25
2017-09-22,10.08,9.93,10.10,9.87,34436,34943512.00,2.27,-1.78,-0.18,1.10
2017-09-25,9.91,10.18,10.27,9.88,61078,63022809.00,3.93,2.52,0.25,1.96
2017-09-26,10.16,9.94,10.17,9.90,31211,31809679.00,2.65,-2.36,-0.24,1.00
2017-09-27,9.91,9.96,10.03,9.91,28109,28534461.00,1.21,0.20,0.02,0.90
2017-09-28,9.93,9.79,10.01,9.79,36842,37166741.00,2.21,-1.71,-0.17,1.18
2017-09-29,9.78,9.84,9.87,9.78,24904,24952483.00,0.92,0.51,0.05,0.80
2017-10-09,9.89,9.94,9.98,9.87,25881,26214212.00,1.12,1.02,0.10,0.83
2017-10-10,9.95,10.16,10.21,9.94,53668,55212240.00,2.72,2.21,0.22,1.72
2017-10-11,10.26,10.19,10.65,10.17,99707,105637014.00,4.72,0.30,0.03,3.20
2017-10-12,10.19,10.17,10.20,10.05,40189,41462313.00,1.47,-0.20,-0.02,1.29
2017-10-13,10.17,10.20,10.31,10.12,40348,42033834.00,1.87,0.29,0.03,1.29
2017-10-16,10.22,9.93,10.23,9.91,34995,35810331.00,3.14,-2.65,-0.27,1.12
2017-10-17,9.92,9.97,10.00,9.90,17215,17460690.00,1.01,0.40,0.04,0.55
2017-10-18,9.96,9.86,10.01,9.84,23395,23716037.00,1.71,-1.10,-0.11,0.75
2017-10-19,9.84,9.70,9.89,9.69,29288,29234330.00,2.03,-1.62,-0.16,0.94
2017-10-20,9.69,9.88,9.88,9.68,15818,15825233.00,2.06,1.86,0.18,0.51
2017-10-23,9.92,9.96,10.00,9.89,17663,17936192.00,1.11,0.81,0.08,0.57
2017-10-24,9.98,9.94,10.01,9.86,19040,19273281.00,1.51,-0.20,-0.02,0.61
2017-10-25,9.91,9.95,9.96,9.76,22463,22645418.00,2.01,0.10,0.01,0.72
2017-10-26,9.92,9.93,9.98,9.83,26459,26755225.00,1.51,-0.20,-0.02,0.85
2017-10-27,9.92,9.83,9.93,9.83,20432,20593531.00,1.01,-1.01,-0.10,0.65
2017-10-30,9.77,9.45,9.84,9.35,40742,39601625.00,4.98,-3.87,-0.38,1.31
2017-10-31,9.48,9.54,9.56,9.46,26012,25252477.00,1.06,0.95,0.09,0.83
2017-11-01,9.58,9.46,9.58,9.42,26080,25197276.00,1.68,-0.84,-0.08,0.84
2017-11-02,9.44,9.26,9.44,9.24,30171,28667335.00,2.11,-2.11,-0.20,0.97
2017-11-03,9.26,9.22,9.34,9.15,16596,15654060.00,2.05,-0.43,-0.04,0.53
2017-11-06,9.06,8.90,9.06,8.71,65785,59628695.00,3.80,-3.47,-0.32,2.11
2017-11-07,8.91,8.89,8.94,8.77,32223,29104012.00,1.91,-0.11,-0.01,1.03
2017-11-08,8.83,8.92,8.96,8.81,31258,28510247.00,1.69,0.34,0.03,1.00
2017-11-09,8.96,8.94,8.99,8.88,23691,21635695.00,1.23,0.22,0.02,0.76
2017-11-10,8.93,8.94,8.98,8.90,25722,23483609.00,0.89,0.00,0.00,0.82
2017-11-13,8.94,8.83,8.94,8.80,27951,25285312.00,1.57,-1.23,-0.11,0.90
2017-11-14,8.82,8.57,8.82,8.50,51712,45788078.00,3.62,-2.94,-0.26,1.66
2017-11-15,8.52,8.57,8.61,8.48,23940,20906470.00,1.52,0.00,0.00,0.77
2017-11-16,8.52,8.60,8.66,8.49,20717,18189983.00,1.98,0.35,0.03,0.66
2017-11-17,8.58,8.10,8.58,8.02,46206,39121797.00,6.51,-5.81,-0.50,1.48
2017-11-20,8.09,7.95,8.09,7.71,31829,25597274.00,4.69,-1.85,-0.15,1.02
2017-11-21,7.99,7.89,8.00,7.84,21879,17730752.00,2.01,-0.75,-0.06,0.70
2017-11-22,7.89,7.83,7.94,7.79,27748,22370635.00,1.90,-0.76,-0.06,0.89
2017-11-23,7.84,7.65,7.86,7.65,25729,20504830.00,2.68,-2.30,-0.18,0.82
2017-11-24,7.58,7.66,7.67,7.55,22401,17494371.00,1.57,0.13,0.01,0.72
2017-11-27,7.65,7.63,7.75,7.59,17639,13869059.00,2.09,-0.39,-0.03,0.57
2017-11-28,7.63,7.71,7.71,7.61,16164,12743650.00,1.31,1.05,0.08,0.52
2017-11-29,7.72,7.86,7.90,7.66,34473,27547781.00,3.11,1.95,0.15,1.10
2017-11-30,7.81,7.84,7.95,7.80,17283,13936540.00,1.91,-0.25,-0.02,0.55
2017-12-01,7.84,7.92,7.93,7.80,14879,12012952.00,1.66,1.02,0.08,0.48
2017-12-04,7.89,7.76,7.91,7.73,16350,13146553.00,2.27,-2.02,-0.16,0.52
2017-12-05,7.73,7.44,7.78,7.41,25888,20143219.00,4.77,-4.12,-0.32,0.83
2017-12-06,7.45,7.62,7.65,7.42,21828,16896635.00,3.09,2.42,0.18,0.70
2017-12-07,7.63,7.65,7.72,7.55,14245,11161824.00,2.23,0.39,0.03,0.46
2017-12-08,7.67,7.74,7.78,7.61,15458,12272223.00,2.22,1.18,0.09,0.50
2017-12-11,7.70,7.87,7.88,7.70,15542,12458961.00,2.33,1.68,0.13,0.50
2017-12-12,7.83,7.75,7.88,7.72,14931,11946376.00,2.03,-1.52,-0.12,0.48
2017-12-13,7.65,7.88,7.88,7.65,13792,11039373.00,2.97,1.68,0.13,0.44
2017-12-14,7.85,7.85,7.88,7.78,12012,9640409.00,1.27,-0.38,-0.03,0.39
2017-12-15,7.82,7.89,7.89,7.80,13956,11255300.00,1.15,0.51,0.04,0.45
2017-12-18,7.90,7.76,7.90,7.72,15484,12378373.00,2.28,-1.65,-0.13,0.50
2017-12-19,7.77,8.10,8.10,7.75,37475,30480269.00,4.51,4.38,0.34,1.20
2017-12-20,8.36,7.97,8.36,7.93,54580,45596668.00,5.31,-1.60,-0.13,1.75
2017-12-21,7.86,7.78,7.93,7.60,38170,30354203.00,4.14,-2.38,-0.19,1.22
2017-12-22,7.77,7.62,7.77,7.62,23030,18194263.00,1.93,-2.06,-0.16,0.74
2017-12-25,7.61,7.56,7.65,7.47,29604,22900504.00,2.36,-0.79,-0.06,0.95
2017-12-26,7.53,7.65,7.68,7.53,18382,14362183.00,1.98,1.19,0.09,0.59
2017-12-27,7.65,7.59,7.65,7.58,13944,10890568.00,0.92,-0.78,-0.06,0.45
2017-12-28,7.56,7.59,7.65,7.54,11788,9198709.00,1.45,0.00,0.00,0.38
2017-12-29,7.60,7.71,7.72,7.60,15999,12588834.00,1.58,1.58,0.12,0.51