2017-01-03,11.46,11.46,11.57,11.35,31853,38163471.00,1.92,0.00,0.00,0.54
2017-01-04,11.46,11.45,11.54,11.35,34930,41872804.00,1.66,-0.09,-0.01,0.59
2017-01-05,11.51,11.30,11.53,11.30,37300,44605570.00,2.01,-1.31,-0.15,0.63
2017-01-06,11.30,11.16,11.39,11.15,35887,42526897.00,2.12,-1.24,-0.14,0.61
2017-01-09,11.14,11.48,11.89,10.54,126018,148806937.00,12.10,2.87,0.32,2.13
2017-01-10,11.47,11.37,11.49,11.26,78028,93114694.00,2.00,-0.96,-0.11,1.32
2017-01-11,11.28,11.31,11.44,11.19,43564,51594492.00,2.20,-0.53,-0.06,0.74
2017-01-12,11.21,11.16,11.38,11.16,33014,39050655.00,1.95,-1.33,-0.15,0.56
2017-01-13,11.12,10.76,11.24,10.74,53404,61369677.00,4.48,-3.58,-0.40,0.90
2017-01-16,10.94,10.43,10.94,9.63,56302,62405196.00,12.17,-3.07,-0.33,0.95
2017-01-17,10.29,10.55,10.65,10.14,33451,36754128.00,4.89,1.15,0.12,0.56
2017-01-18,10.45,10.11,10.54,10.08,42632,46145764.00,4.36,-4.17,-0.44,0.72
2017-01-19,10.04,9.84,10.12,9.74,41086,42861393.00,3.76,-2.67,-0.27,0.69
2017-01-20,9.84,9.95,10.13,9.78,31960,33712488.00,3.56,1.12,0.11,0.54
2017-01-23,9.99,11.00,11.00,9.99,101057,116248823.00,10.15,10.55,1.05,1.71
2017-01-24,11.10,11.23,11.78,11.08,336242,401209680.00,6.36,2.09,0.23,5.68
2017-01-25,11.12,10.81,11.19,10.72,135479,154884835.00,4.19,-3.74,-0.42,2.29
2017-01-26,10.82,10.80,10.89,10.70,65155,74055428.00,1.76,-0.09,-0.01,1.10
2017-02-03,10.79,11.28,11.51,10.74,154634,182621020.00,7.13,4.44,0.48,2.61
2017-02-06,11.27,11.29,11.34,11.05,73306,86216198.00,2.57,0.09,0.01,1.24
2017-02-07,11.09,11.70,11.72,11.09,249667,302383456.00,5.58,3.63,0.41,4.21
2017-02-08,11.61,11.76,11.91,11.45,147041,180257002.00,3.93,0.51,0.06,2.48
2017-02-09,11.68,11.54,11.81,11.44,152291,184593659.00,3.15,-1.87,-0.22,2.57
2017-02-10,11.57,11.56,11.70,11.35,107576,130470504.00,3.03,0.17,0.02,1.82
2017-02-13,11.56,11.65,11.73,11.48,77689,94324535.00,2.16,0.78,0.09,1.31
2017-02-14,11.65,12.34,12.35,11.54,232828,291786224.00,6.95,5.92,0.69,3.93
2017-02-15,12.22,12.54,12.64,12.15,234362,303671072.00,3.97,1.62,0.20,3.96
2017-02-16,12.43,12.70,13.52,12.36,237818,318708048.00,9.25,1.28,0.16,4.01
2017-02-17,12.64,12.33,12.86,12.27,118246,154995491.00,4.65,-2.91,-0.37,2.00
2017-02-20,12.39,12.49,12.66,12.20,127966,166697506.00,3.73,1.30,0.16,2.16
2017-02-21,12.43,12.40,12.82,12.33,179567,235161963.00,3.92,-0.72,-0.09,3.03
2017-02-22,12.28,12.38,12.55,12.24,105338,136588155.00,2.50,-0.16,-0.02,1.78
2017-02-23,12.36,12.30,12.49,11.99,113376,146007383.00,4.04,-0.65,-0.08,1.91
2017-02-24,12.28,12.16,12.40,12.05,126621,161431034.00,2.85,-1.14,-0.14,2.14
2017-02-27,12.16,12.39,12.44,11.99,258798,331339808.00,3.70,1.89,0.23,4.37
2017-02-28,12.40,12.44,12.83,12.28,189288,247856680.00,4.44,0.40,0.05,3.20
2017-03-01,12.44,12.53,12.65,12.31,111524,145585299.00,2.73,0.72,0.09,1.88
2017-03-02,12.53,12.36,12.59,12.32,104763,135994905.00,2.15,-1.36,-0.17,1.77
2017-03-03,12.38,12.56,12.78,12.27,81392,106878232.00,4.13,1.62,0.20,1.37
2017-03-06,12.54,12.98,13.34,12.47,348301,471094400.00,6.93,3.34,0.42,5.88
2017-03-07,13.01,12.96,13.19,12.78,270726,366730448.00,3.16,-0.15,-0.02,4.57
2017-03-08,12.99,12.92,13.04,12.81,103872,140277998.00,1.77,-0.31,-0.04,1.75
2017-03-09,12.93,12.89,13.11,12.67,345250,467111328.00,3.41,-0.23,-0.03,5.83
2017-03-10,12.82,12.76,13.01,12.71,185932,249425714.00,2.33,-1.01,-0.13,3.14
2017-03-13,12.74,12.09,12.74,11.45,247313,312290960.00,10.11,-5.25,-0.67,4.17
2017-03-14,11.97,11.84,12.16,11.64,172034,213992458.00,4.30,-2.07,-0.25,2.90
2017-03-15,11.87,11.90,12.13,11.74,105959,131957349.00,3.29,0.51,0.06,1.79
2017-03-16,11.90,11.98,12.03,11.79,72839,90805776.00,2.02,0.67,0.08,1.23
2017-03-17,12.04,11.98,12.24,11.95,148114,188709032.00,2.42,0.00,0.00,2.50
2017-03-20,11.98,12.37,12.58,11.84,388939,497298576.00,6.18,3.26,0.39,6.57
2017-03-21,12.16,12.02,12.47,11.86,277871,353348080.00,4.93,-2.83,-0.35,4.69
2017-03-22,11.84,12.06,12.26,11.76,181858,231345252.00,4.16,0.33,0.04,3.07
2017-03-23,12.00,12.24,12.29,11.97,245685,313527648.00,2.65,1.49,0.18,4.15
2017-03-24,12.23,12.26,12.46,12.06,107544,137674889.00,3.27,0.16,0.02,1.82
2017-03-27,12.26,12.09,12.32,12.06,70569,89662854.00,2.12,-1.39,-0.17,1.19
2017-03-28,11.92,12.16,12.24,11.92,84523,107352022.00,2.65,0.58,0.07,1.43
2017-03-29,12.06,12.11,12.31,12.06,109381,139411273.00,2.06,-0.41,-0.05,1.85
2017-03-30,12.34,11.67,12.34,11.49,90896,113554533.00,7.02,-3.63,-0.44,1.53
2017-03-31,11.84,11.48,11.84,11.14,115107,138807385.00,6.00,-1.63,-0.19,1.94
2017-04-05,11.44,11.72,11.82,11.44,49323,60367533.00,3.31,2.09,0.24,0.83
2017-04-06,11.73,11.67,11.83,11.66,48925,60126130.00,1.45,-0.43,-0.05,0.83
2017-04-07,11.69,11.58,11.72,11.56,56057,68384050.00,1.37,-0.77,-0.09,0.95
2017-04-10,11.44,11.24,11.60,11.19,98414,116314533.00,3.54,-2.94,-0.34,1.66
2017-04-11,11.23,10.06,11.34,10.06,139479,153286695.00,11.39,-10.50,-1.18,2.35
2017-04-12,9.00,9.33,9.71,9.00,492893,483802800.00,7.06,-7.26,-0.73,8.32
2017-04-13,9.01,9.08,9.33,8.95,242454,235618471.00,4.07,-2.68,-0.25,4.09
2017-04-14,9.11,9.11,9.19,8.94,131331,126352346.00,2.75,0.33,0.03,2.22
2017-04-17,8.94,8.14,9.10,8.14,436941,390488320.00,10.54,-10.65,-0.97,7.38
2017-04-18,8.19,8.19,8.31,7.99,138368,121369249.00,3.93,0.61,0.05,2.34
2017-04-19,8.23,8.03,8.23,7.72,174242,148149133.00,6.23,-1.95,-0.16,2.94
2017-04-20,8.07,7.94,8.17,7.78,121196,103748618.00,4.86,-1.12,-0.09,2.05
2017-04-21,7.99,8.05,8.13,7.93,97248,83348647.00,2.52,1.39,0.11,1.64
2017-04-24,8.05,7.70,8.09,7.63,90425,75592468.00,5.71,-4.35,-0.35,1.53
2017-04-25,7.82,8.21,8.29,7.79,163007,140865745.00,6.49,6.62,0.51,2.75
2017-04-26,8.22,8.21,8.28,8.14,103599,90908418.00,1.71,0.00,0.00,1.75
2017-04-27,8.24,8.63,8.78,8.15,168031,152420420.00,7.67,5.12,0.42,2.84
2017-04-28,8.65,8.89,9.09,8.57,179125,169338201.00,6.03,3.01,0.26,3.02
2017-05-02,9.03,8.81,9.03,8.66,102890,96000845.00,4.16,-0.90,-0.08,1.74
2017-05-03,8.82,8.64,8.82,8.57,86380,79733916.00,2.84,-1.93,-0.17,1.46
2017-05-04,8.60,8.54,8.71,8.46,128074,116567966.00,2.89,-1.16,-0.10,2.16
2017-05-05,8.54,8.56,8.69,8.48,93228,85430982.00,2.46,0.23,0.02,1.57
2017-05-08,8.52,8.17,8.61,8.17,85666,76504794.00,5.14,-4.56,-0.39,1.45
2017-05-09,8.16,8.36,8.39,8.07,70005,61623315.00,3.92,2.33,0.19,1.18
2017-05-10,8.36,8.08,8.51,8.08,86841,76776687.00,5.14,-3.35,-0.28,1.47
2017-05-11,8.04,8.30,8.31,7.96,89868,78041699.00,4.33,2.72,0.22,1.52
2017-05-12,8.30,8.31,8.37,8.14,59659,52611979.00,2.77,0.12,0.01,1.01
2017-05-15,8.34,8.33,8.48,8.30,72568,64959138.00,2.17,0.24,0.02,1.23
2017-05-16,8.42,8.79,8.81,8.38,130217,119008095.00,5.16,5.52,0.46,2.20
2017-05-17,8.79,8.72,8.92,8.62,109309,101644355.00,3.41,-0.80,-0.07,1.85
2017-05-18,8.62,8.59,8.72,8.55,55210,50687375.00,1.95,-1.49,-0.13,0.93
2017-05-19,8.60,8.59,8.69,8.56,37684,34607292.00,1.51,0.00,0.00,0.64
2017-05-22,8.69,8.64,8.92,8.55,117149,109254239.00,4.31,0.58,0.05,1.98
2017-05-23,8.65,8.29,8.69,8.20,82177,73576585.00,5.67,-4.05,-0.35,1.39
2017-05-24,8.19,8.34,8.39,7.95,63682,55664798.00,5.31,0.60,0.05,1.08
2017-05-25,8.34,8.41,8.55,8.10,77357,68747151.00,5.40,0.84,0.07,1.31
2017-05-26,8.44,8.53,8.57,8.38,53293,48146433.00,2.26,1.43,0.12,0.90
2017-05-31,8.75,8.34,8.80,8.30,70278,63820094.00,5.86,-2.23,-0.19,1.19
2017-06-01,8.32,8.02,8.32,7.98,91487,79339257.00,4.08,-3.84,-0.32,1.54
2017-06-02,7.98,8.19,8.29,7.92,63440,54893470.00,4.61,2.12,0.17,1.07
2017-06-05,8.23,8.21,8.36,8.20,49461,43733375.00,1.95,0.24,0.02,0.83
2017-06-06,8.19,8.25,8.30,8.16,46632,41024344.00,1.71,0.49,0.04,0.79
2017-06-07,8.29,8.58,8.68,8.24,137319,124428278.00,5.33,4.00,0.33,2.32
2017-06-08,8.60,8.51,8.64,8.50,68247,62198290.00,1.63,-0.82,-0.07,1.15
2017-06-09,8.51,8.53,8.58,8.31,70313,63070504.00,3.17,0.24,0.02,1.19
2017-06-12,8.49,8.16,8.50,8.14,102039,90058564.00,4.22,-4.34,-0.37,1.72
2017-06-13,8.16,8.31,8.35,8.15,54639,48101513.00,2.45,1.84,0.15,0.92
2017-06-14,8.37,8.34,8.40,8.28,51231,45381551.00,1.44,0.36,0.03,0.87
2017-06-15,8.34,8.68,8.73,8.29,137648,125533605.00,5.28,4.08,0.34,2.35
2017-06-16,8.70,8.57,8.77,8.53,79129,72188709.00,2.76,-1.27,-0.11,1.35
2017-06-19,8.56,8.75,8.78,8.53,90839,83617276.00,2.92,2.10,0.18,1.55
2017-06-20,8.75,8.75,8.84,8.67,92256,85585358.00,1.94,0.00,0.00,1.57
2017-06-21,8.76,8.71,8.78,8.57,82890,76140931.00,2.40,-0.46,-0.04,1.41
2017-06-22,8.70,8.38,8.71,8.36,94929,85968525.00,4.02,-3.79,-0.33,1.62
2017-06-23,8.38,8.43,8.47,8.23,73356,65056577.00,2.86,0.60,0.05,1.25
2017-06-26,8.40,8.51,8.55,8.36,77437,69496252.00,2.25,0.95,0.08,1.32
2017-06-27,8.55,8.50,8.56,8.40,67902,61203297.00,1.88,-0.12,-0.01,1.16
2017-06-28,8.45,8.38,8.48,8.35,53762,47938868.00,1.53,-1.41,-0.12,0.92
2017-06-29,8.40,8.46,8.53,8.40,48858,43964314.00,1.55,0.95,0.08,0.83
2017-06-30,8.44,8.45,8.52,8.39,39830,35718825.00,1.54,-0.12,-0.01,0.68
2017-07-03,8.45,8.61,8.65,8.42,75420,68617103.00,2.72,1.89,0.16,1.28
2017-07-04,8.82,8.66,8.94,8.58,152905,141628151.00,4.18,0.58,0.05,2.61
2017-07-05,8.62,8.70,8.73,8.55,92729,84960525.00,2.08,0.46,0.04,1.58
2017-07-06,8.71,8.72,8.81,8.66,102305,94553393.00,1.72,0.23,0.02,1.74
2017-07-07,8.68,9.33,9.47,8.64,294707,282587648.00,9.52,7.00,0.61,5.02
2017-07-10,9.23,9.10,9.39,9.07,212252,206104636.00,3.43,-2.47,-0.23,3.62
2017-07-11,9.00,8.74,9.09,8.65,248202,232638522.00,4.84,-3.96,-0.36,4.23
2017-07-12,8.72,8.82,8.82,8.43,204799,187190629.00,4.46,0.92,0.08,3.49
2017-07-13,8.76,8.86,8.93,8.70,121378,113227347.00,2.61,0.45,0.04,2.07
2017-07-14,8.81,8.76,8.95,8.71,128887,120443480.00,2.71,-1.13,-0.10,2.20
2017-07-17,8.68,8.16,8.71,8.09,171042,151281194.00,7.08,-6.85,-0.60,2.91
2017-07-18,8.09,8.22,8.27,8.02,86759,75189862.00,3.06,0.74,0.06,1.48
2017-07-19,8.23,8.31,8.34,8.13,75811,66407979.00,2.55,1.09,0.09,1.29
2017-07-20,8.34,8.18,8.45,8.18,93622,82908853.00,3.25,-1.56,-0.13,1.60
2017-07-21,8.15,8.19,8.26,8.10,78225,68019069.00,1.96,0.12,0.01,1.33
2017-07-24,8.15,8.21,8.24,8.08,60625,52667757.00,1.95,0.24,0.02,1.03
2017-07-25,8.24,8.36,8.41,8.20,87842,77680538.00,2.56,1.83,0.15,1.50
2017-08-01,8.61,8.50,9.11,8.46,243240,223334091.00,7.78,1.67,0.14,4.14
2017-08-02,8.40,8.37,8.56,8.35,117829,105419740.00,2.47,-1.53,-0.13,2.01
2017-08-03,8.37,8.43,8.63,8.32,108661,97836922.00,3.70,0.72,0.06,1.85
2017-08-04,8.39,8.28,8.44,8.28,93970,83226099.00,1.90,-1.78,-0.15,1.60
2017-08-07,8.28,8.32,8.42,8.27,61727,54625316.00,1.81,0.48,0.04,1.05
2017-08-08,8.31,8.40,8.41,8.16,96022,84866176.00,3.00,0.96,0.08,1.64
2017-08-09,8.38,8.50,8.68,8.34,139226,126195594.00,4.05,1.19,0.10,2.37
2017-08-10,8.52,8.38,8.60,8.29,95817,85729717.00,3.65,-1.41,-0.12,1.63
2017-08-11,8.28,8.23,8.40,8.21,101553,89534075.00,2.27,-1.79,-0.15,1.73
2017-08-14,8.26,8.38,8.39,8.20,101486,89683743.00,2.31,1.82,0.15,1.73
2017-08-15,8.42,8.38,8.51,8.34,111760,99912432.00,2.03,0.00,0.00,1.90
2017-08-16,8.38,8.63,8.73,8.34,240834,219569054.00,4.65,2.98,0.25,4.10
2017-08-17,8.65,8.68,8.77,8.56,155927,143277059.00,2.43,0.58,0.05,2.66
2017-08-18,8.61,8.58,8.65,8.53,110411,100382700.00,1.38,-1.15,-0.10,1.88
2017-08-21,8.57,8.62,8.64,8.55,76142,69400593.00,1.05,0.47,0.04,1.30
2017-08-22,8.60,8.43,8.61,8.43,114591,103248114.00,2.09,-2.20,-0.19,1.95
2017-08-23,8.45,8.36,8.48,8.34,82408,73448633.00,1.66,-0.83,-0.07,1.40
2017-08-24,8.31,8.35,8.40,8.31,52282,46387038.00,1.08,-0.12,-0.01,0.89
2017-08-25,8.37,8.40,8.44,8.31,84697,75447266.00,1.56,0.60,0.05,1.44
2017-08-28,8.41,8.49,8.54,8.40,87670,78947300.00,1.67,1.07,0.09,1.49
2017-08-29,8.48,8.39,8.52,8.37,80171,71858732.00,1.77,-1.18,-0.10,1.37
2017-08-30,8.39,8.36,8.43,8.34,74647,66396865.00,1.07,-0.36,-0.03,1.27
2017-08-31,8.35,8.38,8.39,8.34,64765,57556387.00,0.60,0.24,0.02,1.10
2017-09-01,8.40,8.40,8.42,8.32,84491,75067686.00,1.19,0.24,0.02,1.44
2017-09-04,8.38,8.43,8.44,8.33,90600,80868509.00,1.31,0.36,0.03,1.54
2017-09-05,8.41,8.49,8.57,8.41,136179,122790533.00,1.90,0.71,0.06,2.32
2017-09-06,8.47,8.48,8.50,8.35,95656,85443093.00,1.77,-0.12,-0.01,1.63
2017-09-07,8.50,8.52,8.60,8.46,159579,144504212.00,1.65,0.47,0.04,2.72
2017-09-08,8.54,8.50,8.58,8.43,102868,92881406.00,1.76,-0.23,-0.02,1.75
2017-09-11,8.49,8.49,8.49,8.40,95497,85590491.00,1.06,-0.12,-0.01,1.63
2017-09-12,8.49,8.38,8.51,8.37,106054,94814453.00,1.65,-1.30,-0.11,1.81
2017-09-13,8.34,8.38,8.41,8.33,63225,56169550.00,0.95,0.00,0.00,1.08
2017-09-14,8.38,8.38,8.41,8.31,77419,68754409.00,1.19,0.00,0.00,1.32
2017-09-15,8.37,8.31,8.38,8.30,59637,52797091.00,0.95,-0.84,-0.07,1.02
2017-09-18,8.29,8.33,8.34,8.28,48570,42893472.00,0.72,0.24,0.02,0.83
2017-09-19,8.33,8.27,8.34,8.26,57371,50566488.00,0.96,-0.72,-0.06,0.98
2017-09-20,8.25,8.24,8.30,8.17,66110,57865746.00,1.57,-0.36,-0.03,1.13
2017-09-21,8.24,8.27,8.36,8.23,71873,63345185.00,1.58,0.36,0.03,1.22
2017-09-22,8.26,8.15,8.26,8.05,87510,75592321.00,2.54,-1.45,-0.12,1.49
2017-09-25,8.15,8.00,8.18,7.99,52459,45090514.00,2.33,-1.84,-0.15,0.89
2017-09-26,8.00,7.93,8.03,7.88,55349,46900440.00,1.88,-0.88,-0.07,0.94
2017-09-27,7.95,7.99,7.99,7.92,33777,28636042.00,0.88,0.76,0.06,0.58
2017-09-28,8.00,8.05,8.27,7.93,86914,74990551.00,4.26,0.75,0.06,1.48
2017-09-29,8.02,8.16,8.20,7.98,61460,53074330.00,2.73,1.37,0.11,1.05
2017-10-09,8.24,8.21,8.25,8.13,68173,59322330.00,1.47,0.61,0.05,1.16
2017-10-10,8.16,8.35,8.45,8.15,128294,113325968.00,3.65,1.71,0.14,2.19
2017-10-11,8.33,8.31,8.36,8.27,67662,59705806.00,1.08,-0.48,-0.04,1.15
2017-10-12,8.27,8.15,8.31,8.12,73772,64375179.00,2.29,-1.93,-0.16,1.26
2017-10-13,8.16,8.19,8.22,8.15,39250,34185973.00,0.86,0.49,0.04,0.67
2017-10-16,8.16,8.01,8.21,7.99,59262,50926398.00,2.69,-2.20,-0.18,1.01
2017-10-17,8.01,8.03,8.07,7.97,30432,25974324.00,1.25,0.25,0.02,0.52
2017-10-18,8.04,7.97,8.10,7.94,41036,35091976.00,1.99,-0.75,-0.06,0.70
2017-10-19,7.97,7.93,8.01,7.89,39604,33529000.00,1.51,-0.50,-0.04,0.67
2017-10-20,7.95,8.02,8.05,7.95,29301,24994881.00,1.26,1.13,0.09,0.50
2017-10-23,8.02,8.05,8.07,8.00,30009,25687873.00,0.87,0.37,0.03,0.51
2017-10-24,8.02,8.08,8.10,7.99,38162,32610686.00,1.37,0.37,0.03,0.65
2017-10-25,8.08,8.10,8.11,8.03,37938,32577907.00,0.99,0.25,0.02,0.65
2017-10-26,8.36,8.23,8.47,8.22,143055,126364341.00,3.09,1.60,0.13,2.44
2017-10-27,8.18,8.17,8.28,8.14,83655,72927351.00,1.70,-0.73,-0.06,1.43
2017-10-30,8.15,7.99,8.22,7.91,79178,67607960.00,3.79,-2.20,-0.18,1.35
2017-10-31,7.99,8.03,8.05,7.97,30149,25722498.00,1.00,0.50,0.04,0.51
2017-11-01,8.03,8.01,8.08,8.01,35817,30646051.00,0.87,-0.25,-0.02,0.61
2017-11-02,8.04,7.90,8.04,7.89,40082,33917841.00,1.87,-1.37,-0.11,0.68
2017-11-03,7.93,7.82,7.94,7.77,43631,36471701.00,2.15,-1.01,-0.08,0.74
2017-11-06,7.80,7.86,7.92,7.66,44991,37294963.00,3.32,0.51,0.04,0.77
2017-11-07,7.83,7.81,7.86,7.76,33956,28212446.00,1.27,-0.64,-0.05,0.58
2017-11-08,7.82,7.91,7.98,7.78,61743,51780790.00,2.56,1.28,0.10,1.05
2017-11-09,7.88,8.05,8.16,7.84,84732,72337450.00,4.05,1.77,0.14,1.44
2017-11-10,7.99,7.94,8.04,7.94,51436,43682749.00,1.24,-1.37,-0.11,0.88
2017-11-13,7.98,7.83,7.98,7.81,42565,35711427.00,2.14,-1.39,-0.11,0.73
2017-11-14,7.83,7.77,7.88,7.74,37708,31389437.00,1.79,-0.77,-0.06,0.64
2017-11-15,7.77,7.77,7.82,7.70,35914,29708311.00,1.54,0.00,0.00,0.61
2017-11-16,7.76,7.71,7.80,7.68,33695,27849277.00,1.54,-0.77,-0.06,0.57
2017-11-17,7.73,7.28,7.74,7.28,92551,73970343.00,5.97,-5.58,-0.43,1.58
2017-11-20,7.22,7.24,7.31,7.01,43206,33313281.00,4.12,-0.55,-0.04,0.74
2017-11-21,7.24,7.13,7.34,7.06,54574,41891617.00,3.87,-1.52,-0.11,0.93
2017-11-22,7.11,7.12,7.21,7.07,36738,28159782.00,1.96,-0.14,-0.01,0.63
2017-11-23,7.07,6.96,7.16,6.92,42308,31986910.00,3.37,-2.25,-0.16,0.72
2017-11-24,6.96,6.93,7.01,6.90,26654,19884897.00,1.58,-0.43,-0.03,0.45
2017-11-27,6.93,6.82,6.94,6.81,32038,23668424.00,1.88,-1.59,-0.11,0.55
2017-11-28,6.82,6.93,6.93,6.82,33241,24569139.00,1.61,1.61,0.11,0.57
2017-11-29,6.93,6.91,6.94,6.84,27717,20516731.00,1.44,-0.29,-0.02,0.47
2017-11-30,6.91,6.91,6.96,6.84,30124,22384947.00,1.74,0.00,0.00,0.51
2017-12-01,6.90,7.01,7.01,6.88,44799,33543908.00,1.88,1.45,0.10,0.76
2017-12-04,6.98,7.11,7.25,6.98,70786,54067757.00,3.85,1.43,0.10,1.21
2017-12-05,7.09,7.00,7.12,6.98,41059,30969529.00,1.97,-1.55,-0.11,0.70
2017-12-06,7.02,7.27,7.33,6.98,89401,68946749.00,5.00,3.86,0.27,1.52
2017-12-07,7.26,7.33,7.45,7.24,73727,57912112.00,2.89,0.83,0.06,1.26
2017-12-08,7.36,7.39,7.41,7.28,52530,41383555.00,1.77,0.82,0.06,0.89
2017-12-11,7.41,7.39,7.46,7.36,37874,30026217.00,1.35,0.00,0.00,0.65
2017-12-12,7.32,7.38,7.41,7.30,34362,27074341.00,1.49,-0.14,-0.01,0.59
2017-12-13,7.38,7.47,7.53,7.31,49168,39129151.00,2.98,1.22,0.09,0.84
2017-12-14,7.49,7.54,7.55,7.43,38213,30650672.00,1.61,0.94,0.07,0.65
2017-12-15,7.56,7.45,7.56,7.36,27371,21829158.00,2.65,-1.19,-0.09,0.47
2017-12-18,7.47,7.33,7.47,7.29,28736,22637538.00,2.42,-1.61,-0.12,0.49
2017-12-19,7.39,7.33,7.47,7.30,23134,18290595.00,2.32,0.00,0.00,0.39
2017-12-20,7.30,7.28,7.36,7.22,21144,16460933.00,1.91,-0.68,-0.05,0.36
2017-12-21,7.21,7.25,7.30,7.19,26743,20791659.00,1.51,-0.41,-0.03,0.46
2017-12-22,7.25,7.11,7.28,7.08,31974,24532387.00,2.76,-1.93,-0.14,0.54
2017-12-25,7.12,7.04,7.14,7.00,21183,16039819.00,1.97,-0.98,-0.07,0.36
2017-12-26,7.04,7.06,7.07,6.87,21290,16023730.00,2.84,0.28,0.02,0.36
2017-12-27,7.08,7.02,7.08,7.00,17413,13164527.00,1.13,-0.57,-0.04,0.30
2017-12-28,7.02,7.21,7.40,6.95,82770,63957216.00,6.41,2.71,0.19,1.41
2017-12-29,7.48,7.33,7.48,7.21,73895,58071156.00,3.74,1.66,0.12,1.26