2005-01-04,-0.98,-1.00,-0.98,-1.00,3942,2129439.00,-2.08,-4.17,-0.04,0.46
2005-01-05,-1.00,-0.98,-0.98,-1.02,4509,2441425.00,-4.00,2.00,0.02,0.53
2005-01-06,-0.99,-1.01,-0.98,-1.02,4101,2188010.00,-4.08,-3.06,-0.03,0.48
2005-01-07,-1.01,-1.00,-0.98,-1.01,2716,1456865.00,-2.97,0.99,0.01,0.32
2005-01-10,-0.95,-0.99,-0.95,-1.01,4909,2661062.00,-6.00,1.00,0.01,0.58
2005-01-11,-1.00,-0.99,-0.98,-1.00,1894,1026110.00,-2.02,0.00,0.00,0.22
2005-01-12,-0.99,-0.99,-0.99,-1.01,2318,1245908.00,-2.02,0.00,0.00,0.27
2005-01-13,-1.01,-1.00,-0.99,-1.01,2711,1454620.00,-2.02,-1.01,-0.01,0.32
2005-01-14,-1.01,-1.01,-0.98,-1.02,4427,2386021.00,-4.00,-1.00,-0.01,0.52
2005-01-17,-1.02,-1.09,-1.02,-1.09,9497,4812453.00,-6.93,-7.92,-0.08,1.12
2005-01-18,-1.09,-1.08,-1.03,-1.10,8865,4461543.00,-6.42,0.92,0.01,1.04
2005-01-19,-1.09,-1.10,-1.08,-1.10,3403,1699690.00,-1.85,-1.85,-0.02,0.40
2005-01-20,-1.10,-1.14,-1.10,-1.14,8607,4155824.00,-3.64,-3.64,-0.04,1.01
2005-01-21,-1.14,-1.10,-1.10,-1.15,10093,4926996.00,-4.39,3.51,0.04,1.19
2005-01-24,-1.09,-1.08,-1.06,-1.09,10894,5474445.00,-2.73,1.82,0.02,1.28
2005-01-25,-1.09,-1.10,-1.09,-1.12,5416,2671978.00,-2.78,-1.85,-0.02,0.64
2005-01-26,-1.10,-1.09,-1.08,-1.11,12234,6111584.00,-2.73,0.91,0.01,1.44
2005-01-27,-1.09,-1.11,-1.08,-1.11,5602,2797324.00,-2.75,-1.83,-0.02,0.66
2005-01-28,-1.11,-1.14,-1.10,-1.14,5920,2859078.00,-3.60,-2.70,-0.03,0.70
2005-01-31,-1.13,-1.18,-1.13,-1.19,6409,3006113.00,-5.26,-3.51,-0.04,0.75
2005-02-01,-1.19,-1.17,-1.14,-1.19,5771,2712669.00,-4.24,0.85,0.01,0.68
2005-02-02,-1.16,-1.10,-1.10,-1.18,12759,6191262.00,-6.84,5.98,0.07,1.50
2005-02-03,-1.10,-1.11,-1.08,-1.14,14214,7038721.00,-5.45,-0.91,-0.01,1.67
2005-02-04,-1.13,-1.09,-1.09,-1.13,7706,3819465.00,-3.60,1.80,0.02,0.91
2005-02-16,-1.09,-1.10,-1.08,-1.10,4492,2243258.00,-1.83,-0.92,-0.01,0.53
2005-02-17,-1.10,-1.10,-1.10,-1.11,4019,1980410.00,-0.91,0.00,0.00,0.47
2005-02-18,-1.10,-1.11,-1.10,-1.11,3821,1884833.00,-0.91,-0.91,-0.01,0.45
2005-02-21,-1.11,-1.09,-1.09,-1.11,5943,2958653.00,-1.80,1.80,0.02,0.70
2005-02-22,-1.09,-1.06,-1.05,-1.09,18307,9269603.00,-3.67,2.75,0.03,2.15
2005-02-23,-1.07,-1.06,-1.05,-1.07,12924,6637521.00,-1.89,0.00,0.00,1.52
2005-02-24,-1.06,-1.04,-1.02,-1.07,14393,7495644.00,-4.72,1.89,0.02,1.69
2005-02-25,-1.04,-1.05,-1.04,-1.05,13106,6805842.00,-0.96,-0.96,-0.01,1.54
2005-02-28,-1.06,-1.07,-1.05,-1.08,9031,4608397.00,-2.86,-1.90,-0.02,1.06
2005-03-01,-1.07,-1.07,-1.06,-1.08,5057,2563597.00,-1.87,0.00,0.00,0.59
2005-03-02,-1.07,-1.09,-1.06,-1.09,7113,3608236.00,-2.80,-1.87,-0.02,0.84
2005-03-03,-1.09,-1.08,-1.08,-1.10,5110,2551226.00,-1.83,0.92,0.01,0.60
2005-03-04,-1.08,-1.09,-1.08,-1.10,3552,1777528.00,-1.85,-0.93,-0.01,0.42
2005-03-07,-1.09,-1.07,-1.07,-1.09,5217,2632654.00,-1.83,1.83,0.02,0.61
2005-03-08,-1.07,-1.05,-1.05,-1.08,9329,4793161.00,-2.80,1.87,0.02,1.10
2005-03-09,-1.04,-1.06,-1.04,-1.06,7437,3828686.00,-1.90,-0.95,-0.01,0.87
2005-03-10,-1.05,-1.09,-1.05,-1.10,8623,4354237.00,-4.72,-2.83,-0.03,1.01
2005-03-11,-1.09,-1.09,-1.08,-1.09,5722,2875030.00,-0.92,0.00,0.00,0.67
2005-03-14,-1.09,-1.11,-1.08,-1.14,12123,5919413.00,-5.50,-1.83,-0.02,1.43
2005-03-15,-1.12,-1.14,-1.11,-1.15,5450,2627883.00,-3.60,-2.70,-0.03,0.64
2005-03-16,-1.14,-1.13,-1.12,-1.15,8344,4030328.00,-2.63,0.88,0.01,0.98
2005-03-17,-1.13,-1.15,-1.13,-1.15,3202,1533003.00,-1.77,-1.77,-0.02,0.38
2005-03-18,-1.15,-1.17,-1.13,-1.17,5412,2538100.00,-3.48,-1.74,-0.02,0.64
2005-03-21,-1.16,-1.17,-1.15,-1.19,3860,1790346.00,-3.42,0.00,0.00,0.45
2005-03-22,-1.17,-1.22,-1.17,-1.23,7200,3237296.00,-5.13,-4.27,-0.05,0.85
2005-03-23,-1.21,-1.23,-1.21,-1.25,4982,2202520.00,-3.28,-0.82,-0.01,0.59
2005-03-24,-1.23,-1.22,-1.22,-1.24,3785,1670446.00,-1.63,0.81,0.01,0.45
2005-03-25,-1.22,-1.23,-1.21,-1.23,2589,1151762.00,-1.64,-0.82,-0.01,0.30
2005-03-28,-1.22,-1.24,-1.22,-1.27,4338,1872754.00,-4.07,-0.81,-0.01,0.51
2005-03-29,-1.26,-1.25,-1.23,-1.26,2620,1143028.00,-2.42,-0.81,-0.01,0.31
2005-03-30,-1.26,-1.29,-1.25,-1.29,5063,2136682.00,-3.20,-3.20,-0.04,0.60
2005-03-31,-1.30,-1.29,-1.28,-1.32,4165,1720247.00,-3.10,0.00,0.00,0.49
2005-04-01,-1.29,-1.26,-1.25,-1.31,5884,2486158.00,-4.65,2.33,0.03,0.69
2005-04-04,-1.26,-1.28,-1.26,-1.29,3528,1490973.00,-2.38,-1.59,-0.02,0.42
2005-04-05,-1.28,-1.28,-1.27,-1.29,3428,1445629.00,-1.56,0.00,0.00,0.40
2005-04-06,-1.28,-1.28,-1.27,-1.31,4671,1949166.00,-3.13,0.00,0.00,0.55
2005-04-07,-1.28,-1.26,-1.23,-1.29,12911,5559759.00,-4.69,1.56,0.02,1.52
2005-04-08,-1.26,-1.23,-1.22,-1.27,11842,5147747.00,-3.97,2.38,0.03,1.39
2005-04-11,-1.23,-1.24,-1.23,-1.25,5835,2557319.00,-1.63,-0.81,-0.01,0.69
2005-04-12,-1.24,-1.26,-1.24,-1.27,4685,2017490.00,-2.42,-1.61,-0.02,0.55
2005-04-13,-1.25,-1.22,-1.21,-1.26,13080,5787209.00,-3.97,3.17,0.04,1.54
2005-04-14,-1.22,-1.22,-1.21,-1.25,8084,3557916.00,-3.28,0.00,0.00,0.95
2005-04-15,-1.32,-1.30,-1.26,-1.32,16343,6767816.00,-4.92,-6.56,-0.08,1.92
2005-04-18,-1.31,-1.31,-1.30,-1.32,6124,2502656.00,-1.54,-0.77,-0.01,0.72
2005-04-19,-1.31,-1.34,-1.31,-1.36,11768,4638104.00,-3.82,-2.29,-0.03,1.38
2005-04-20,-1.34,-1.38,-1.34,-1.38,6871,2637717.00,-2.99,-2.99,-0.04,0.81
2005-04-21,-1.38,-1.37,-1.36,-1.39,5743,2185035.00,-2.17,0.72,0.01,0.68
2005-04-22,-1.38,-1.43,-1.37,-1.47,12665,4539275.00,-7.30,-4.38,-0.06,1.49
2005-04-25,-1.44,-1.42,-1.40,-1.47,5356,1884380.00,-4.90,0.70,0.01,0.63
2005-04-26,-1.41,-1.41,-1.40,-1.44,7983,2899346.00,-2.82,0.70,0.01,0.94
2005-04-27,-1.41,-1.44,-1.41,-1.44,3705,1325327.00,-2.13,-2.13,-0.03,0.44
2005-04-28,-1.44,-1.41,-1.40,-1.47,5515,1980702.00,-4.86,2.08,0.03,0.65
2005-04-29,-1.40,-1.42,-1.40,-1.44,4547,1637238.00,-2.84,-0.71,-0.01,0.53
2005-05-09,-1.43,-1.46,-1.42,-1.47,2867,1006297.00,-3.52,-2.82,-0.04,0.34
2005-05-10,-1.46,-1.47,-1.46,-1.49,3602,1219959.00,-2.05,-0.68,-0.01,0.42
2005-05-11,-1.48,-1.47,-1.46,-1.48,3110,1058461.00,-1.36,0.00,0.00,0.37
2005-05-12,-1.47,-1.47,-1.46,-1.49,2627,887381.00,-2.04,0.00,0.00,0.31
2005-05-13,-1.47,-1.46,-1.45,-1.47,5891,2039774.00,-1.36,0.68,0.01,0.69
2005-05-17,-1.47,-1.44,-1.44,-1.47,8502,2973397.00,-2.05,1.37,0.02,1.00
2005-05-18,-1.45,-1.44,-1.44,-1.46,4785,1676073.00,-1.39,0.00,0.00,0.56
2005-05-19,-1.45,-1.44,-1.44,-1.46,5601,1960169.00,-1.39,0.00,0.00,0.66
2005-05-20,-1.45,-1.45,-1.43,-1.46,3830,1343184.00,-2.08,-0.69,-0.01,0.45
2005-05-23,-1.45,-1.53,-1.45,-1.53,14207,4571753.00,-5.52,-5.52,-0.08,1.67
2005-05-24,-1.54,-1.52,-1.51,-1.54,8659,2752936.00,-1.96,0.65,0.01,1.02
2005-05-25,-1.52,-1.51,-1.51,-1.53,7875,2535292.00,-1.32,0.66,0.01,0.93
2005-05-26,-1.51,-1.51,-1.50,-1.52,4465,1441241.00,-1.32,0.00,0.00,0.53
2005-05-27,-1.52,-1.51,-1.50,-1.52,4775,1548193.00,-1.32,0.00,0.00,0.56
2005-05-30,-1.52,-1.50,-1.50,-1.53,8049,2624699.00,-1.99,0.66,0.01,0.95
2005-05-31,-1.50,-1.49,-1.48,-1.50,11185,3720650.00,-1.33,0.67,0.01,1.32
2005-06-01,-1.49,-1.50,-1.48,-1.50,4087,1305663.00,-1.34,-0.67,-0.01,0.48
2005-06-02,-1.50,-1.49,-1.49,-1.51,5629,1793722.00,-1.33,0.67,0.01,0.66
2005-06-03,-1.49,-1.49,-1.48,-1.50,6460,2095015.00,-1.34,0.00,0.00,0.76
2005-06-06,-1.49,-1.48,-1.48,-1.52,5560,1775117.00,-2.68,0.67,0.01,0.65
2005-06-07,-1.48,-1.48,-1.47,-1.50,13433,4413804.00,-2.03,0.00,0.00,1.58
2005-06-08,-1.48,-1.43,-1.42,-1.48,27985,9623360.00,-4.05,3.38,0.05,3.29
2005-06-09,-1.43,-1.40,-1.37,-1.44,43004,15483930.00,-4.90,2.10,0.03,5.06
2005-06-10,-1.40,-1.43,-1.40,-1.44,14540,5108481.00,-2.86,-2.14,-0.03,1.71
2005-06-13,-1.42,-1.41,-1.39,-1.43,22261,7967120.00,-2.80,1.40,0.02,2.62
2005-06-14,-1.41,-1.44,-1.40,-1.44,9713,3415637.00,-2.84,-2.13,-0.03,1.14
2005-06-15,-1.44,-1.46,-1.44,-1.47,8216,2759546.00,-2.08,-1.39,-0.02,0.97
2005-06-16,-1.45,-1.45,-1.44,-1.47,9537,3225642.00,-2.05,0.68,0.01,1.12
2005-06-17,-1.44,-1.44,-1.43,-1.46,7397,2532020.00,-2.07,0.69,0.01,0.87
2005-06-20,-1.45,-1.41,-1.41,-1.45,13999,4913569.00,-2.78,2.08,0.03,1.65
2005-06-21,-1.41,-1.41,-1.40,-1.42,15745,5630600.00,-1.42,0.00,0.00,1.85
2005-06-22,-1.41,-1.39,-1.38,-1.41,19002,6856257.00,-2.13,1.42,0.02,2.24
2005-06-23,-1.39,-1.40,-1.38,-1.40,20627,7503330.00,-1.44,-0.72,-0.01,2.43
2005-06-24,-1.41,-1.40,-1.40,-1.42,13760,4927818.00,-1.43,0.00,0.00,1.62
2005-06-27,-1.37,-1.34,-1.32,-1.37,87868,33378169.00,-3.57,4.29,0.06,10.34
2005-06-28,-1.36,-1.35,-1.33,-1.37,59924,22950915.00,-2.99,-0.75,-0.01,7.05
2005-06-29,-1.34,-1.37,-1.34,-1.38,33612,12625554.00,-2.96,-1.48,-0.02,3.95
2005-06-30,-1.38,-1.40,-1.37,-1.40,17147,6326059.00,-2.19,-2.19,-0.03,2.02
2005-07-01,-1.40,-1.46,-1.40,-1.47,19615,6773435.00,-5.00,-4.29,-0.06,2.31
2005-07-04,-1.47,-1.43,-1.43,-1.49,37266,12725506.00,-4.11,2.05,0.03,4.38
2005-07-05,-1.45,-1.46,-1.43,-1.46,19099,6595106.00,-2.10,-2.10,-0.03,2.25
2005-07-06,-1.47,-1.45,-1.44,-1.47,10097,3419267.00,-2.05,0.68,0.01,1.19
2005-07-07,-1.46,-1.44,-1.43,-1.46,15281,5231376.00,-2.07,0.69,0.01,1.80
2005-07-08,-1.44,-1.43,-1.42,-1.46,30953,10742643.00,-2.78,0.69,0.01,3.64
2005-07-11,-1.42,-1.44,-1.40,-1.45,28837,10046998.00,-3.50,-0.70,-0.01,3.39
2005-07-12,-1.45,-1.41,-1.41,-1.46,33313,11567237.00,-3.47,2.08,0.03,3.92
2005-07-13,-1.42,-1.43,-1.40,-1.43,24005,8485149.00,-2.13,-1.42,-0.02,2.82
2005-07-14,-1.43,-1.42,-1.41,-1.44,20878,7337582.00,-2.10,0.70,0.01,2.46
2005-07-15,-1.42,-1.50,-1.42,-1.50,37905,12310357.00,-5.63,-5.63,-0.08,4.46
2005-07-18,-1.52,-1.55,-1.52,-1.58,17617,5241885.00,-4.00,-3.33,-0.05,2.07
2005-07-19,-1.56,-1.55,-1.54,-1.58,13991,4083614.00,-2.58,0.00,0.00,1.65
2005-07-20,-1.57,-1.56,-1.54,-1.57,5963,1765454.00,-1.94,-0.65,-0.01,0.70
2005-07-21,-1.56,-1.57,-1.55,-1.58,7832,2273264.00,-1.92,-0.64,-0.01,0.92
2005-07-22,-1.57,-1.55,-1.54,-1.58,18363,5447496.00,-2.55,1.27,0.02,2.16
2005-07-25,-1.55,-1.56,-1.55,-1.57,10132,2955338.00,-1.29,-0.65,-0.01,1.19
2005-07-26,-1.55,-1.54,-1.54,-1.55,17380,5229133.00,-0.64,1.28,0.02,2.04
2005-07-27,-1.54,-1.51,-1.50,-1.55,23752,7340446.00,-3.25,1.95,0.03,2.79
2005-07-28,-1.50,-1.51,-1.49,-1.51,28495,9074276.00,-1.32,0.00,0.00,3.35
2005-07-29,-1.51,-1.51,-1.51,-1.53,12629,3944275.00,-1.32,0.00,0.00,1.49
2005-08-01,-1.52,-1.51,-1.50,-1.52,7335,2301832.00,-1.32,0.00,0.00,0.86
2005-08-02,-1.51,-1.50,-1.49,-1.52,14471,4576998.00,-1.99,0.66,0.01,1.70
2005-08-03,-1.50,-1.49,-1.48,-1.50,29212,9441911.00,-1.33,0.67,0.01,3.44
2005-08-04,-1.50,-1.51,-1.48,-1.51,11077,3531093.00,-2.01,-1.34,-0.02,1.30
2005-08-05,-1.51,-1.48,-1.48,-1.51,22988,7432079.00,-1.99,1.99,0.03,2.70
2005-08-08,-1.46,-1.44,-1.41,-1.48,68395,23481568.00,-4.73,2.70,0.04,8.05
2005-08-09,-1.45,-1.43,-1.43,-1.46,26989,9212159.00,-2.08,0.69,0.01,3.18
2005-08-10,-1.43,-1.43,-1.43,-1.46,28054,9618636.00,-2.10,0.00,0.00,3.30
2005-08-11,-1.43,-1.43,-1.42,-1.44,37103,12963192.00,-1.40,0.00,0.00,4.37
2005-08-12,-1.43,-1.45,-1.41,-1.45,28083,9751689.00,-2.80,-1.40,-0.02,3.30
2005-08-15,-1.46,-1.42,-1.42,-1.46,17545,6065329.00,-2.76,2.07,0.03,2.06
2005-08-16,-1.42,-1.42,-1.40,-1.43,26327,9316166.00,-2.11,0.00,0.00,3.10
2005-08-17,-1.41,-1.40,-1.39,-1.44,35602,12656553.00,-3.52,1.41,0.02,4.19
2005-08-18,-1.42,-1.45,-1.40,-1.45,34022,11999901.00,-3.57,-3.57,-0.05,4.00
2005-08-19,-1.45,-1.44,-1.43,-1.46,20487,6983154.00,-2.07,0.69,0.01,2.41
2005-08-22,-1.44,-1.40,-1.39,-1.44,50881,18231680.00,-3.47,2.78,0.04,5.99
2005-08-23,-1.39,-1.43,-1.39,-1.43,39380,13888400.00,-2.86,-2.14,-0.03,4.63
2005-08-24,-1.43,-1.43,-1.41,-1.44,17796,6213773.00,-2.10,0.00,0.00,2.09
2005-08-25,-1.42,-1.43,-1.42,-1.43,11030,3862486.00,-0.70,0.00,0.00,1.30
2005-08-26,-1.43,-1.42,-1.42,-1.43,14598,5117937.00,-0.70,0.70,0.01,1.72
2005-08-29,-1.42,-1.40,-1.39,-1.42,40618,14534245.00,-2.11,1.41,0.02,4.78
2005-08-30,-1.40,-1.43,-1.40,-1.43,17822,6279365.00,-2.14,-2.14,-0.03,2.10
2005-08-31,-1.43,-1.41,-1.40,-1.43,15777,5586057.00,-2.10,1.40,0.02,1.86
2005-09-01,-1.41,-1.38,-1.37,-1.41,40706,14893654.00,-2.84,2.13,0.03,4.79
2005-09-02,-1.38,-1.37,-1.36,-1.39,31613,11738973.00,-2.17,0.72,0.01,3.72
2005-09-05,-1.37,-1.37,-1.37,-1.39,23875,8797413.00,-1.46,0.00,0.00,2.81
2005-09-06,-1.37,-1.41,-1.36,-1.41,28618,10568444.00,-3.65,-2.92,-0.04,3.37
2005-09-07,-1.41,-1.38,-1.37,-1.41,17674,6392016.00,-2.84,2.13,0.03,2.08
2005-09-08,-1.38,-1.38,-1.37,-1.40,22998,8488184.00,-2.17,0.00,0.00,2.71
2005-09-09,-1.38,-1.39,-1.37,-1.40,10683,3914429.00,-2.17,-0.72,-0.01,1.26
2005-09-12,-1.39,-1.35,-1.34,-1.39,82481,31365486.00,-3.60,2.88,0.04,9.70
2005-09-13,-1.37,-1.32,-1.31,-1.37,63984,24983490.00,-4.44,2.22,0.03,7.53
2005-09-14,-1.32,-1.30,-1.28,-1.33,79987,31837993.00,-3.79,1.52,0.02,9.41
2005-09-15,-1.30,-1.32,-1.30,-1.33,46504,18382072.00,-2.31,-1.54,-0.02,5.47
2005-09-16,-1.32,-1.29,-1.29,-1.32,44117,17716450.00,-2.27,2.27,0.03,5.19
2005-09-19,-1.27,-1.29,-1.27,-1.31,26755,10794058.00,-3.10,0.00,0.00,3.15
2005-09-20,-1.30,-1.30,-1.29,-1.32,33239,13191726.00,-2.33,-0.78,-0.01,3.91
2005-09-21,-1.31,-1.33,-1.30,-1.33,26704,10512590.00,-2.31,-2.31,-0.03,3.14
2005-09-22,-1.33,-1.33,-1.32,-1.37,24142,9226996.00,-3.76,0.00,0.00,2.84
2005-09-23,-1.32,-1.36,-1.31,-1.36,57115,22278913.00,-3.76,-2.26,-0.03,6.72
2005-09-26,-1.37,-1.39,-1.36,-1.40,22549,8230173.00,-2.94,-2.21,-0.03,2.65
2005-09-27,-1.39,-1.41,-1.37,-1.41,12560,4547438.00,-2.88,-1.44,-0.02,1.48
2005-09-28,-1.41,-1.40,-1.40,-1.42,8542,3054172.00,-1.42,0.71,0.01,1.00
2005-09-29,-1.40,-1.39,-1.38,-1.40,9829,3567742.00,-1.43,0.71,0.01,1.16
2005-09-30,-1.39,-1.41,-1.39,-1.41,8889,3200367.00,-1.44,-1.44,-0.02,1.05
2005-10-10,-1.40,-1.42,-1.40,-1.43,6845,2431040.00,-2.13,-0.71,-0.01,0.81
2005-10-11,-1.42,-1.40,-1.39,-1.43,10255,3651525.00,-2.82,1.41,0.02,1.21
2005-10-12,-1.41,-1.38,-1.38,-1.41,8200,2990973.00,-2.14,1.43,0.02,0.96
2005-10-13,-1.39,-1.40,-1.39,-1.40,8660,3132578.00,-0.72,-1.45,-0.02,1.02
2005-10-14,-1.40,-1.42,-1.40,-1.42,13652,4826979.00,-1.43,-1.43,-0.02,1.61
2005-10-17,-1.42,-1.44,-1.42,-1.46,11828,4039276.00,-2.82,-1.41,-0.02,1.39
2005-10-18,-1.45,-1.43,-1.43,-1.45,7797,2692856.00,-1.39,0.69,0.01,0.92
2005-10-19,-1.43,-1.43,-1.41,-1.44,8940,3129890.00,-2.10,0.00,0.00,1.05
2005-10-20,-1.43,-1.44,-1.43,-1.46,6648,2268106.00,-2.10,-0.70,-0.01,0.78
2005-10-21,-1.44,-1.44,-1.42,-1.45,8578,2959637.00,-2.08,0.00,0.00,1.01
2005-10-24,-1.44,-1.43,-1.42,-1.44,6010,2098589.00,-1.39,0.69,0.01,0.71
2005-10-25,-1.43,-1.47,-1.43,-1.47,20494,6903743.00,-2.80,-2.80,-0.04,2.41
2005-10-26,-1.48,-1.49,-1.46,-1.49,9506,3121112.00,-2.04,-1.36,-0.02,1.12
2005-10-27,-1.50,-1.49,-1.48,-1.50,4983,1611909.00,-1.34,0.00,0.00,0.59
2005-10-28,-1.48,-1.51,-1.48,-1.53,10644,3365647.00,-3.36,-1.34,-0.02,1.25
2005-10-31,-1.51,-1.51,-1.51,-1.53,5333,1669162.00,-1.32,0.00,0.00,0.63
2005-11-01,-1.51,-1.51,-1.50,-1.52,4053,1266282.00,-1.32,0.00,0.00,0.48
2005-11-02,-1.51,-1.49,-1.48,-1.51,8384,2693770.00,-1.99,1.32,0.02,0.99
2005-11-03,-1.48,-1.50,-1.48,-1.51,5260,1673674.00,-2.01,-0.67,-0.01,0.62
2005-11-04,-1.50,-1.49,-1.49,-1.51,3859,1226841.00,-1.33,0.67,0.01,0.45
2005-11-07,-1.49,-1.48,-1.47,-1.50,10025,3268293.00,-2.01,0.67,0.01,1.18
2005-11-08,-1.47,-1.47,-1.47,-1.49,8205,2690687.00,-1.35,0.68,0.01,0.97
2005-11-09,-1.47,-1.48,-1.46,-1.49,9953,3277290.00,-2.04,-0.68,-0.01,1.17
2005-11-10,-1.48,-1.51,-1.48,-1.51,9010,2872716.00,-2.03,-2.03,-0.03,1.06
2005-11-11,-1.51,-1.51,-1.50,-1.52,5804,1829389.00,-1.32,0.00,0.00,0.68
2005-11-14,-1.51,-1.50,-1.49,-1.51,3494,1111701.00,-1.32,0.66,0.01,0.41
2005-11-15,-1.50,-1.50,-1.48,-1.51,6698,2129354.00,-2.00,0.00,0.00,0.79
2005-11-16,-1.51,-1.49,-1.49,-1.51,3622,1149270.00,-1.33,0.67,0.01,0.43
2005-11-17,-1.49,-1.49,-1.49,-1.50,4438,1425728.00,-0.67,0.00,0.00,0.52
2005-11-18,-1.49,-1.48,-1.48,-1.49,10740,3507693.00,-0.67,0.67,0.01,1.26
2005-11-21,-1.48,-1.40,-1.40,-1.48,81065,28479680.00,-5.41,5.41,0.08,9.54
2005-11-22,-1.40,-1.42,-1.39,-1.43,67103,23836096.00,-2.86,-1.43,-0.02,7.89
2005-11-23,-1.43,-1.42,-1.41,-1.44,23153,8112440.00,-2.11,0.00,0.00,2.72
2005-11-24,-1.43,-1.43,-1.41,-1.43,15024,5253977.00,-1.41,-0.70,-0.01,1.77
2005-11-25,-1.42,-1.41,-1.40,-1.43,32048,11464511.00,-2.10,1.40,0.02,3.77
2005-11-29,-1.43,-1.45,-1.41,-1.45,16351,5591766.00,-2.84,-2.84,-0.04,1.92
2005-11-30,-1.45,-1.45,-1.44,-1.47,9975,3356079.00,-2.07,0.00,0.00,1.17
2005-12-01,-1.45,-1.42,-1.41,-1.46,27432,9611397.00,-3.45,2.07,0.03,3.23
2005-12-02,-1.42,-1.43,-1.41,-1.44,17082,5988979.00,-2.11,-0.70,-0.01,2.01
2005-12-05,-1.43,-1.44,-1.43,-1.45,7966,2725853.00,-1.40,-0.70,-0.01,0.94
2005-12-06,-1.45,-1.43,-1.43,-1.46,7550,2602695.00,-2.08,0.69,0.01,0.89
2005-12-07,-1.44,-1.41,-1.40,-1.44,24616,8728515.00,-2.80,1.40,0.02,2.90
2005-12-08,-1.41,-1.41,-1.40,-1.43,12183,4312581.00,-2.13,0.00,0.00,1.43
2005-12-09,-1.42,-1.41,-1.39,-1.42,18794,6768848.00,-2.13,0.00,0.00,2.21
2005-12-12,-1.40,-1.41,-1.39,-1.42,10291,3692702.00,-2.13,0.00,0.00,1.21
2005-12-13,-1.40,-1.39,-1.38,-1.42,16215,5853520.00,-2.84,1.42,0.02,1.91
2005-12-14,-1.38,-1.38,-1.37,-1.39,21326,7842911.00,-1.44,0.72,0.01,2.51
2005-12-15,-1.38,-1.41,-1.38,-1.41,17034,6167960.00,-2.17,-2.17,-0.03,2.00
2005-12-16,-1.41,-1.40,-1.40,-1.42,8426,3013113.00,-1.42,0.71,0.01,0.99
2005-12-19,-1.40,-1.40,-1.40,-1.41,8518,3052367.00,-0.71,0.00,0.00,1.00
2005-12-20,-1.41,-1.42,-1.40,-1.42,7943,2817400.00,-1.43,-1.43,-0.02,0.93
2005-12-21,-1.42,-1.43,-1.41,-1.43,10083,3529093.00,-1.41,-0.70,-0.01,1.19
2005-12-22,-1.43,-1.42,-1.42,-1.44,7448,2604235.00,-1.40,0.70,0.01,0.88
2005-12-23,-1.42,-1.40,-1.40,-1.43,14889,5296431.00,-2.11,1.41,0.02,1.75
2005-12-26,-1.40,-1.40,-1.40,-1.41,9316,3349851.00,-0.71,0.00,0.00,1.10
2005-12-27,-1.40,-1.41,-1.40,-1.41,6715,2404458.00,-0.71,-0.71,-0.01,0.79
2005-12-28,-1.41,-1.41,-1.40,-1.42,4659,1660073.00,-1.42,0.00,0.00,0.55
2005-12-29,-1.41,-1.41,-1.40,-1.41,12720,4546488.00,-0.71,0.00,0.00,1.50