2023-01-03,11.14,11.60,11.65,11.14,104830,120205418.96,4.55,3.57,0.40,3.85
2023-01-04,11.60,11.59,11.74,11.41,88180,101984624.12,2.84,-0.09,-0.01,3.24
2023-01-05,11.59,11.82,11.96,11.47,130401,153349707.68,4.23,1.98,0.23,4.79
2023-01-06,11.71,11.99,12.09,11.70,160005,191476509.28,3.30,1.44,0.17,5.88
2023-01-09,12.04,11.85,12.10,11.79,126922,151197516.76,2.59,-1.17,-0.14,4.66
2023-01-10,11.86,11.90,12.00,11.79,92896,110657523.20,1.77,0.42,0.05,3.41
2023-01-11,11.82,11.73,11.98,11.72,91437,108071839.15,2.18,-1.43,-0.17,3.36
2023-01-12,11.79,11.81,11.99,11.77,90127,107055528.68,1.88,0.68,0.08,3.31
2023-01-13,11.80,11.89,11.97,11.77,104396,124104847.26,1.69,0.68,0.08,3.84
2023-01-16,11.80,11.76,11.86,11.63,85657,100670716.53,1.93,-1.09,-0.13,3.15
2023-01-17,11.80,11.73,11.91,11.67,64569,75955405.96,2.04,-0.26,-0.03,2.37
2023-01-18,11.75,11.75,11.82,11.69,63315,74486283.22,1.11,0.17,0.02,2.33
2023-01-19,11.71,11.71,11.79,11.70,54195,63524498.62,0.77,-0.34,-0.04,1.99
2023-01-20,11.76,11.93,11.96,11.75,95914,114050839.22,1.79,1.88,0.22,3.52
2023-01-30,12.01,12.18,12.33,12.01,141535,172641987.14,2.68,2.10,0.25,5.20
2023-01-31,12.17,12.32,12.38,12.02,112608,137876063.36,2.96,1.15,0.14,4.14
2023-02-01,12.28,12.76,12.76,12.23,201009,253352802.91,4.30,3.57,0.44,7.38
2023-02-02,12.66,12.72,12.98,12.51,194559,246782831.65,3.68,-0.31,-0.04,7.15
2023-02-03,12.67,12.50,12.67,12.28,144583,179854244.66,3.07,-1.73,-0.22,5.31
2023-02-06,12.40,12.41,12.54,12.31,72402,89902618.72,1.84,-0.72,-0.09,2.66
2023-02-07,12.39,12.87,12.88,12.39,215351,273823130.61,3.95,3.71,0.46,7.91
2023-02-08,12.93,14.16,14.16,12.81,382452,528018403.68,10.49,10.02,1.29,14.05
2023-02-09,14.20,14.02,15.18,13.98,829616,1194880843.32,8.47,-0.99,-0.14,30.48
2023-02-10,13.61,14.70,15.40,13.61,666324,950895833.41,12.77,4.85,0.68,24.48
2023-02-13,14.00,14.28,14.46,13.90,432614,616167861.92,3.81,-2.86,-0.42,15.89
2023-02-14,14.16,14.73,15.00,13.80,518591,750366988.03,8.40,3.15,0.45,19.05
2023-02-15,14.40,14.55,14.75,14.35,358447,520699422.61,2.72,-1.22,-0.18,13.17
2023-02-16,14.45,13.95,14.62,13.57,327827,464591329.28,7.22,-4.12,-0.60,12.04
2023-02-17,13.84,13.40,13.95,13.39,252530,342583694.04,4.01,-3.94,-0.55,9.28
2023-02-20,13.42,13.60,13.67,13.38,145382,196834043.56,2.16,1.49,0.20,5.34
2023-02-21,13.57,13.78,13.88,13.43,181980,248851084.50,3.31,1.32,0.18,6.69
2023-02-22,13.55,13.88,13.96,13.50,180526,249696236.94,3.34,0.73,0.10,6.63
2023-02-23,13.73,13.78,13.90,13.61,122835,168698024.82,2.09,-0.72,-0.10,4.51
2023-02-24,13.79,13.52,13.87,13.43,114436,155288583.42,3.19,-1.89,-0.26,4.20
2023-02-27,13.40,13.33,13.67,13.25,106077,142171131.66,3.11,-1.41,-0.19,3.90
2023-02-28,13.30,13.39,13.44,13.17,89452,118795109.42,2.03,0.45,0.06,3.29
2023-03-01,13.33,13.46,13.48,13.22,95242,127487811.56,1.94,0.52,0.07,3.50
2023-03-02,13.40,13.21,13.56,13.14,117803,157055717.75,3.12,-1.86,-0.25,4.33
2023-03-03,13.30,13.30,13.50,13.23,110140,147071670.51,2.04,0.68,0.09,4.05
2023-03-06,13.32,13.16,13.36,12.97,102398,134330614.93,2.93,-1.05,-0.14,3.76
2023-03-07,13.12,12.90,13.21,12.85,100568,130965255.79,2.74,-1.98,-0.26,3.69
2023-03-08,12.78,12.92,12.99,12.74,60860,78328170.27,1.94,0.16,0.02,2.24
2023-03-09,12.98,12.78,13.02,12.74,54606,69940419.61,2.17,-1.08,-0.14,2.01
2023-03-10,12.70,12.39,12.71,12.37,87668,109459399.30,2.66,-3.05,-0.39,3.22
2023-03-13,12.49,12.36,12.51,12.18,60694,74715668.99,2.66,-0.24,-0.03,2.23
2023-03-14,12.40,11.98,12.40,11.83,86048,103472077.13,4.61,-3.07,-0.38,3.16