2005-01-04,5.14,5.14,5.15,5.11,26,39526.00,0.78,-0.39,-0.02,0.01
2005-01-05,5.12,5.01,5.14,4.96,28,41762.00,3.50,-2.53,-0.13,0.01
2005-01-06,4.99,4.75,5.06,4.75,66,95163.00,6.19,-5.19,-0.26,0.03
2005-01-07,4.71,4.56,4.81,4.56,34,47457.00,5.26,-4.00,-0.19,0.02
2005-01-10,4.60,4.52,4.60,4.33,39,51994.00,5.92,-0.88,-0.04,0.02
2005-01-11,4.46,4.56,4.59,4.46,20,27022.00,2.88,0.88,0.04,0.01
2005-01-12,4.49,4.32,4.49,4.32,15,19604.00,3.73,-5.26,-0.24,0.01
2005-01-13,4.35,4.32,4.41,4.10,103,128841.30,7.18,0.00,0.00,0.05
2005-01-14,4.17,4.42,4.54,4.17,89,116676.13,8.56,2.31,0.10,0.04
2005-01-17,4.35,4.26,4.35,4.19,52,66372.00,3.62,-3.62,-0.16,0.02
2005-01-18,4.21,4.17,4.21,4.14,15,18745.00,1.64,-2.11,-0.09,0.01
2005-01-19,4.17,4.30,4.31,4.17,27,34485.00,3.36,3.12,0.13,0.01
2005-01-20,4.21,4.24,4.28,4.11,18,22744.00,3.95,-1.40,-0.06,0.01
2005-01-21,4.07,4.07,4.28,4.06,47,58531.00,5.19,-4.01,-0.17,0.02
2005-01-24,4.10,4.12,4.16,3.89,143,171656.48,6.63,1.23,0.05,0.06
2005-01-25,4.06,3.95,4.07,3.90,46,54171.34,4.13,-4.13,-0.17,0.02
2005-01-26,3.89,3.96,3.98,3.85,102,120167.25,3.29,0.25,0.01,0.05
2005-01-27,3.96,3.92,3.96,3.85,41,48276.00,2.78,-1.01,-0.04,0.02
2005-01-28,3.92,3.91,3.92,3.88,31,36091.75,1.02,-0.26,-0.01,0.01
2005-01-31,3.92,3.95,3.99,3.85,41,48107.00,3.58,1.02,0.04,0.02
2005-02-01,3.92,3.91,3.92,3.91,24,28283.00,0.25,-1.01,-0.04,0.01
2005-02-02,3.91,3.91,3.92,3.74,45,52661.00,4.60,0.00,0.00,0.02
2005-02-03,3.89,3.87,3.91,3.85,30,35094.00,1.53,-1.02,-0.04,0.01
2005-02-04,3.85,3.80,3.88,3.75,25,28845.00,3.36,-1.81,-0.07,0.01
2005-02-16,3.78,3.74,3.78,3.60,68,75903.00,4.74,-1.58,-0.06,0.03
2005-02-17,3.69,3.59,3.69,3.56,36,39338.00,3.48,-4.01,-0.15,0.02
2005-02-18,3.64,3.66,3.71,3.64,40,44375.00,1.95,1.95,0.07,0.02
2005-02-21,3.64,3.61,3.64,3.61,22,24108.00,0.82,-1.37,-0.05,0.01
2005-02-22,3.59,3.63,3.64,3.53,96,103356.80,3.05,0.55,0.02,0.04
2005-02-23,3.64,3.64,3.70,3.49,184,200231.81,5.79,0.28,0.01,0.08
2005-02-24,3.64,3.56,3.64,3.52,163,175779.00,3.30,-2.20,-0.08,0.07
2005-02-25,3.55,3.63,3.64,3.53,208,226125.80,3.09,1.97,0.07,0.09
2005-02-28,3.64,3.70,3.71,3.56,567,627113.31,4.13,1.93,0.07,0.26
2005-03-01,3.71,3.55,3.71,3.53,311,339575.00,4.86,-4.05,-0.15,0.14
2005-03-02,3.53,3.54,3.56,3.49,163,174179.59,1.97,-0.28,-0.01,0.07
2005-03-03,3.53,3.35,3.53,3.34,283,290415.00,5.37,-5.37,-0.19,0.13
2005-03-04,3.28,3.17,3.35,3.17,138,134279.00,5.37,-5.37,-0.18,0.06
2005-03-07,3.00,3.14,3.21,3.00,622,579078.69,6.62,-0.95,-0.03,0.28
2005-03-08,3.06,3.15,3.17,3.02,634,598595.12,4.78,0.32,0.01,0.29
2005-03-09,3.10,3.09,3.14,3.03,403,378640.41,3.49,-1.90,-0.06,0.18
2005-03-10,3.08,3.03,3.10,3.03,222,207961.20,2.27,-1.94,-0.06,0.10
2005-03-11,3.03,2.99,3.03,2.99,94,86712.00,1.32,-1.32,-0.04,0.04
2005-03-14,2.99,3.01,3.06,2.99,60,55612.00,2.34,0.67,0.02,0.03
2005-03-15,2.92,2.97,3.06,2.92,173,157926.00,4.65,-1.33,-0.04,0.08
2005-03-16,2.97,2.99,3.03,2.96,104,95377.30,2.36,0.67,0.02,0.05
2005-03-17,2.99,2.96,3.02,2.93,133,119909.31,3.01,-1.00,-0.03,0.06
2005-03-18,2.98,2.93,2.98,2.92,122,110005.00,2.03,-1.01,-0.03,0.06
2005-03-21,2.96,2.96,2.96,2.93,63,57112.00,1.02,1.02,0.03,0.03
2005-03-22,2.96,2.89,2.96,2.89,44,39538.00,2.36,-2.36,-0.07,0.02
2005-03-23,2.92,2.81,2.98,2.78,75,65789.00,6.92,-2.77,-0.08,0.03
2005-03-24,2.81,2.67,2.81,2.67,96,80010.00,4.98,-4.98,-0.14,0.04
2005-03-25,2.64,2.55,2.64,2.53,69,54287.50,4.12,-4.49,-0.12,0.03
2005-03-28,2.41,2.41,2.46,2.41,163,124101.80,1.96,-5.49,-0.14,0.07
2005-03-29,2.38,2.27,2.38,2.27,76,55067.00,4.56,-5.81,-0.14,0.03
2005-03-30,2.14,2.14,2.38,2.14,376,258498.00,10.57,-5.73,-0.13,0.17
2005-03-31,2.03,2.02,2.03,2.02,180,116652.00,0.47,-5.61,-0.12,0.08
2005-04-04,2.00,2.05,2.12,1.92,506,325429.50,9.90,1.49,0.03,0.23
2005-04-05,2.03,1.93,2.03,1.93,500,312677.00,4.88,-5.85,-0.12,0.23
2005-04-06,1.82,1.82,1.83,1.82,164,97000.00,0.52,-5.70,-0.11,0.07
2005-04-07,1.71,1.84,1.90,1.71,2908,1644845.62,10.44,1.10,0.02,1.32
2005-04-08,1.74,1.74,1.74,1.74,1939,1101665.88,0.00,-5.43,-0.10,0.88
2005-04-11,1.64,1.69,1.70,1.64,9157,4949146.50,3.45,-2.87,-0.05,4.16
2005-04-12,1.59,1.59,1.64,1.59,6679,3532084.25,2.96,-5.92,-0.10,3.04
2005-04-13,1.56,1.61,1.62,1.54,4042,2135311.50,5.03,1.26,0.02,1.84
2005-04-14,1.60,1.54,1.60,1.54,3749,1958846.00,3.73,-4.35,-0.07,1.70
2005-04-15,1.49,1.45,1.49,1.45,2084,1015843.00,2.60,-5.84,-0.09,0.95
2005-04-18,1.36,1.36,1.36,1.36,85,39355.00,0.00,-6.21,-0.09,0.04
2005-04-19,1.28,1.28,1.28,1.28,533,234520.00,0.00,-5.88,-0.08,0.24
2005-04-20,1.20,1.20,1.20,1.20,360,150480.00,0.00,-6.25,-0.08,0.16
2005-04-21,1.13,1.13,1.13,1.13,104,41288.00,0.00,-5.83,-0.07,0.05
2005-04-22,1.05,1.05,1.05,1.05,855,322335.00,0.00,-7.08,-0.08,0.39
2005-04-25,0.99,0.99,0.99,0.99,347,124226.00,0.00,-5.71,-0.06,0.16
2005-04-26,0.92,0.92,0.92,0.92,385,130900.00,0.00,-7.07,-0.07,0.18
2005-04-27,0.98,0.98,0.98,0.96,7740,2760702.50,2.17,6.52,0.06,3.52
2005-04-28,1.04,1.00,1.05,0.96,11949,4383300.00,9.18,2.04,0.02,5.43
2005-04-29,0.98,0.94,0.98,0.94,647,223808.00,4.00,-6.00,-0.06,0.29
2005-05-09,0.88,0.88,0.88,0.88,22,7216.00,0.00,-6.38,-0.06,0.01
2005-05-10,0.82,0.82,0.82,0.82,6,1872.00,0.00,-6.82,-0.06,0.00
2005-05-11,0.76,0.76,0.76,0.76,33,9768.00,0.00,-7.32,-0.06,0.02
2005-05-12,0.71,0.71,0.71,0.71,10,2810.00,0.00,-6.58,-0.05,0.00
2005-05-13,0.66,0.71,0.74,0.66,7996,2155022.50,11.27,0.00,0.00,3.63
2005-05-16,0.66,0.66,0.70,0.66,3511,946682.75,5.63,-7.04,-0.05,1.60
2005-05-17,0.64,0.70,0.70,0.62,3329,893926.50,12.12,6.06,0.04,1.51
2005-05-18,0.69,0.75,0.75,0.69,4921,1429426.62,8.57,7.14,0.05,2.24
2005-05-19,0.79,0.80,0.80,0.76,15224,4646340.50,5.33,6.67,0.05,6.92
2005-05-20,0.80,0.77,0.80,0.75,7835,2329299.50,6.25,-3.75,-0.03,3.56
2005-05-23,0.75,0.72,0.76,0.72,2866,821821.50,5.19,-6.49,-0.05,1.30
2005-05-24,0.67,0.74,0.75,0.67,3284,929407.25,11.11,2.78,0.02,1.49
2005-05-25,0.74,0.79,0.79,0.73,4735,1414302.12,8.11,6.76,0.05,2.15
2005-05-26,0.79,0.80,0.84,0.79,11682,3687203.25,6.33,1.27,0.01,5.31
2005-05-30,0.78,0.75,0.79,0.75,1612,469932.00,5.00,-6.25,-0.05,0.73
2005-05-31,0.71,0.80,0.80,0.69,6677,1971492.00,14.67,6.67,0.05,3.04
2005-06-01,0.78,0.80,0.85,0.76,7563,2326667.25,11.25,0.00,0.00,3.44
2005-06-02,0.81,0.75,0.81,0.75,3838,1137016.00,7.50,-6.25,-0.05,1.74
2005-06-03,0.71,0.73,0.77,0.71,3634,1054629.75,8.00,-2.67,-0.02,1.65
2005-06-06,0.73,0.76,0.76,0.69,7664,2211060.25,9.59,4.11,0.03,3.48
2005-06-08,0.81,0.81,0.81,0.76,24141,7411706.00,6.58,6.58,0.05,10.97
2005-06-09,0.81,0.86,0.86,0.78,18732,5935997.00,9.88,6.17,0.05,8.51
2005-06-10,0.89,0.92,0.92,0.86,16707,5636736.50,6.98,6.98,0.06,7.59
2005-06-13,0.93,0.89,0.98,0.88,18328,6365744.50,10.87,-3.26,-0.03,8.33
2005-06-14,0.89,0.95,0.95,0.89,17341,5987165.50,6.74,6.74,0.06,7.88
2005-06-15,0.99,1.01,1.01,0.96,19857,7170455.00,5.26,6.32,0.06,9.03
2005-06-16,1.01,1.07,1.07,1.01,18391,7004342.50,5.94,5.94,0.06,8.36
2005-06-17,1.14,1.08,1.14,1.00,27306,10447742.00,13.08,0.93,0.01,12.41
2005-06-20,1.01,1.01,1.06,1.01,3749,1375293.00,4.63,-6.48,-0.07,1.70
2005-06-21,0.94,1.07,1.07,0.94,18183,6557299.00,12.87,5.94,0.06,8.27
2005-06-22,1.06,1.03,1.13,1.02,13878,5337404.00,10.28,-3.74,-0.04,6.31
2005-06-23,1.03,0.96,1.05,0.96,10114,3634730.25,8.74,-6.80,-0.07,4.60
2005-06-24,0.93,0.94,0.98,0.91,5109,1757068.62,7.29,-2.08,-0.02,2.32
2005-06-27,0.95,0.96,0.99,0.93,6429,2260657.75,6.38,2.13,0.02,2.92
2005-06-28,0.96,0.90,0.96,0.90,11426,3849980.25,6.25,-6.25,-0.06,5.19
2005-06-29,0.89,0.90,0.92,0.85,4717,1561832.00,7.78,0.00,0.00,2.14
2005-06-30,0.89,0.84,0.91,0.84,4730,1524285.50,7.78,-6.67,-0.06,2.15
2005-07-01,0.85,0.78,0.85,0.78,6102,1857095.88,8.33,-7.14,-0.06,2.77
2005-07-04,0.75,0.73,0.75,0.73,2880,825845.06,2.56,-6.41,-0.05,1.31
2005-07-05,0.71,0.78,0.78,0.71,8698,2591452.50,9.59,6.85,0.05,3.95
2005-07-06,0.78,0.75,0.82,0.73,6294,1879624.38,11.54,-3.85,-0.03,2.86
2005-07-07,0.73,0.71,0.74,0.70,5962,1664479.25,5.33,-5.33,-0.04,2.71
2005-07-08,0.71,0.66,0.71,0.66,5386,1444842.00,7.04,-7.04,-0.05,2.45
2005-07-11,0.66,0.62,0.69,0.62,2445,640894.00,10.61,-6.06,-0.04,1.11
2005-07-12,0.60,0.60,0.62,0.57,7869,1930554.38,8.06,-3.23,-0.02,3.58
2005-07-13,0.58,0.59,0.61,0.56,5993,1464666.00,8.33,-1.67,-0.01,2.72
2005-07-14,0.58,0.63,0.63,0.58,10971,2814982.25,8.47,6.78,0.04,4.99
2005-07-15,0.63,0.58,0.66,0.58,8390,2109617.00,12.70,-7.94,-0.05,3.81
2005-07-18,0.58,0.54,0.58,0.54,3333,780560.88,6.90,-6.90,-0.04,1.52
2005-07-19,0.50,0.50,0.51,0.50,1744,387393.00,1.85,-7.41,-0.04,0.79
2005-07-20,0.46,0.46,0.51,0.46,7537,1614820.62,10.00,-8.00,-0.04,3.43
2005-07-21,0.45,0.48,0.50,0.44,5911,1275042.25,13.04,4.35,0.02,2.69
2005-07-22,0.48,0.49,0.50,0.47,5103,1115675.88,6.25,2.08,0.01,2.32
2005-07-25,0.49,0.50,0.51,0.48,3781,831140.38,6.12,2.04,0.01,1.72
2005-07-26,0.50,0.51,0.52,0.49,5370,1200728.00,6.00,2.00,0.01,2.44
2005-07-27,0.51,0.53,0.53,0.49,5598,1268179.75,7.84,3.92,0.02,2.54
2005-07-28,0.53,0.56,0.56,0.52,10351,2470250.00,7.55,5.66,0.03,4.71
2005-07-29,0.56,0.55,0.59,0.53,9823,2356832.50,10.71,-1.79,-0.01,4.47
2005-08-01,0.56,0.53,0.56,0.51,4499,1035524.06,9.09,-3.64,-0.02,2.04
2005-08-02,0.53,0.57,0.57,0.53,4160,1002099.81,7.55,7.55,0.04,1.89
2005-08-03,0.61,0.60,0.61,0.58,11523,2877787.00,5.26,5.26,0.03,5.24
2005-08-04,0.57,0.58,0.60,0.56,6312,1528461.25,6.67,-3.33,-0.02,2.87
2005-08-05,0.58,0.59,0.59,0.57,7220,1762837.25,3.45,1.72,0.01,3.28
2005-08-08,0.60,0.59,0.61,0.58,7484,1853763.75,5.08,0.00,0.00,3.40
2005-08-09,0.60,0.63,0.64,0.56,19099,4810820.50,13.56,6.78,0.04,8.68
2005-08-10,0.61,0.68,0.68,0.61,23950,6451513.50,11.11,7.94,0.05,10.89
2005-08-11,0.69,0.71,0.73,0.66,23821,6568551.00,10.29,4.41,0.03,10.83
2005-08-12,0.71,0.66,0.72,0.66,19061,5216229.00,8.45,-7.04,-0.05,8.66
2005-08-15,0.63,0.69,0.71,0.61,15716,4121606.50,15.15,4.55,0.03,7.14
2005-08-16,0.69,0.69,0.70,0.65,14059,3837198.75,7.25,0.00,0.00,6.39
2005-08-17,0.69,0.68,0.70,0.64,17350,4672639.00,8.70,-1.45,-0.01,7.89
2005-08-18,0.68,0.73,0.73,0.65,42037,11829572.00,11.76,7.35,0.05,19.11
2005-08-19,0.70,0.78,0.78,0.69,35461,10215050.00,12.33,6.85,0.05,16.12
2005-08-22,0.80,0.78,0.83,0.77,34203,10509303.00,7.69,0.00,0.00,15.55
2005-08-23,0.78,0.76,0.80,0.73,18196,5366976.50,8.97,-2.56,-0.02,8.27
2005-08-24,0.74,0.81,0.81,0.74,14787,4421818.00,9.21,6.58,0.05,6.72
2005-08-25,0.84,0.86,0.86,0.82,23414,7517103.50,4.94,6.17,0.05,10.64
2005-08-26,0.87,0.92,0.92,0.87,23829,8081699.00,5.81,6.98,0.06,10.83
2005-08-29,0.98,0.86,0.98,0.86,40986,14034810.00,13.04,-6.52,-0.06,18.63
2005-08-30,0.83,0.81,0.85,0.81,15740,4857644.50,4.65,-5.81,-0.05,7.15
2005-08-31,0.75,0.75,0.76,0.75,7824,2292965.00,1.23,-7.41,-0.06,3.56
2005-09-01,0.73,0.78,0.80,0.73,19037,5703004.50,9.33,4.00,0.03,8.65
2005-09-02,0.78,0.79,0.81,0.78,13812,4188153.25,3.85,1.28,0.01,6.28
2005-09-05,0.80,0.84,0.84,0.80,16654,5255761.00,5.06,6.33,0.05,7.57
2005-09-06,0.89,0.88,0.90,0.87,38586,12800609.00,3.57,4.76,0.04,17.54
2005-09-07,0.85,0.91,0.94,0.85,26622,8962393.00,10.23,3.41,0.03,12.10
2005-09-08,0.91,0.89,0.93,0.87,12982,4319235.00,6.59,-2.20,-0.02,5.90
2005-09-09,0.90,0.91,0.92,0.88,17605,5902404.50,4.49,2.25,0.02,8.00
2005-09-12,0.91,0.97,0.98,0.90,24342,8517760.00,8.79,6.59,0.06,11.06
2005-09-13,0.97,1.04,1.04,0.94,33275,12129644.00,10.31,7.22,0.07,15.13
2005-09-14,1.04,1.06,1.10,0.97,51531,19515740.00,12.50,1.92,0.02,23.42
2005-09-15,1.06,1.11,1.12,1.06,23044,8972444.00,5.66,4.72,0.05,10.47
2005-09-16,1.13,1.19,1.19,1.13,31121,12734365.00,5.41,7.21,0.08,14.15
2005-09-19,1.26,1.26,1.26,1.19,25189,10906980.00,5.88,5.88,0.07,11.45
2005-09-20,1.34,1.34,1.34,1.30,3495,1595347.00,3.17,6.35,0.08,1.59
2005-09-21,1.42,1.33,1.42,1.28,58386,27436818.00,10.45,-0.75,-0.01,26.54
2005-09-22,1.30,1.24,1.30,1.24,18431,7945181.50,4.51,-6.77,-0.09,8.38
2005-09-23,1.17,1.17,1.17,1.17,2661,1088349.00,0.00,-5.65,-0.07,1.21
2005-09-26,1.10,1.10,1.10,1.10,3544,1378616.00,0.00,-5.98,-0.07,1.61
2005-09-27,1.03,1.03,1.14,1.03,33793,12708191.00,10.00,-6.36,-0.07,15.36
2005-09-28,0.99,0.96,1.02,0.96,7273,2572519.00,5.83,-6.80,-0.07,3.31
2005-09-29,0.90,0.99,1.02,0.90,29286,10131262.00,12.50,3.13,0.03,13.31
2005-09-30,0.98,0.92,0.98,0.92,17060,5860731.50,6.06,-7.07,-0.07,7.75
2005-10-10,0.86,0.86,0.91,0.86,15666,5121529.50,5.43,-6.52,-0.06,7.12
2005-10-11,0.85,0.92,0.92,0.85,12888,4325736.00,8.14,6.98,0.06,5.86
2005-10-12,0.97,0.93,0.97,0.92,14822,5142874.00,5.43,1.09,0.01,6.74
2005-10-13,0.93,0.89,0.96,0.87,12088,4031439.50,9.68,-4.30,-0.04,5.49
2005-10-14,0.88,0.84,0.90,0.83,11999,3877378.00,7.87,-5.62,-0.05,5.45
2005-10-17,0.84,0.89,0.89,0.83,11104,3621506.50,7.14,5.95,0.05,5.05
2005-10-18,0.89,0.93,0.94,0.88,9996,3346232.25,6.74,4.49,0.04,4.54
2005-10-19,0.91,0.90,0.95,0.89,11796,4023252.00,6.45,-3.23,-0.03,5.36
2005-10-20,0.89,0.86,0.90,0.84,9490,3064573.50,6.67,-4.44,-0.04,4.31
2005-10-21,0.86,0.88,0.89,0.85,5729,1870036.12,4.65,2.33,0.02,2.60
2005-10-24,0.85,0.83,0.87,0.83,9489,3031754.75,4.55,-5.68,-0.05,4.31
2005-10-25,0.82,0.78,0.83,0.78,16613,5065828.00,6.02,-6.02,-0.05,7.55
2005-10-26,0.75,0.72,0.78,0.72,20361,5839984.00,7.69,-7.69,-0.06,9.26
2005-10-27,0.70,0.67,0.71,0.67,12492,3417301.50,5.56,-6.94,-0.05,5.68
2005-10-28,0.65,0.67,0.69,0.63,13189,3500877.00,8.96,0.00,0.00,5.99
2005-10-31,0.67,0.71,0.71,0.66,17088,4772556.00,7.46,5.97,0.04,7.77
2005-11-01,0.73,0.69,0.73,0.66,13773,3765805.25,9.86,-2.82,-0.02,6.26
2005-11-02,0.69,0.72,0.73,0.68,11329,3181095.75,7.25,4.35,0.03,5.15
2005-11-03,0.72,0.70,0.72,0.70,6974,1956130.12,2.78,-2.78,-0.02,3.17
2005-11-04,0.71,0.74,0.75,0.67,11077,3137149.25,11.43,5.71,0.04,5.04
2005-11-07,0.74,0.78,0.78,0.71,14194,4165835.00,9.46,5.41,0.04,6.45
2005-11-08,0.78,0.80,0.80,0.76,16226,4893126.50,5.13,2.56,0.02,7.38
2005-11-09,0.85,0.81,0.85,0.80,28001,8828117.00,6.25,1.25,0.01,12.73
2005-11-10,0.78,0.76,0.79,0.76,8250,2441405.00,3.70,-6.17,-0.05,3.75
2005-11-11,0.71,0.73,0.75,0.71,12729,3612019.50,5.26,-3.95,-0.03,5.79
2005-11-14,0.73,0.74,0.76,0.71,6843,1963823.12,6.85,1.37,0.01,3.11
2005-11-15,0.76,0.75,0.77,0.71,8235,2388339.00,8.11,1.35,0.01,3.74
2005-11-16,0.76,0.74,0.76,0.70,11458,3295250.00,8.00,-1.33,-0.01,5.21
2005-11-17,0.73,0.74,0.76,0.73,7131,2072691.62,4.05,0.00,0.00,3.24
2005-11-18,0.74,0.76,0.77,0.74,10337,3042494.75,4.05,2.70,0.02,4.70
2005-11-21,0.78,0.80,0.82,0.75,16749,5082118.50,9.21,5.26,0.04,7.61
2005-11-22,0.79,0.75,0.80,0.75,9616,2848872.75,6.25,-6.25,-0.05,4.37
2005-11-23,0.72,0.74,0.76,0.72,6246,1818926.88,5.33,-1.33,-0.01,2.84
2005-11-24,0.75,0.77,0.77,0.74,5697,1676788.88,4.05,4.05,0.03,2.59
2005-11-25,0.76,0.79,0.80,0.76,10724,3224919.50,5.19,2.60,0.02,4.87
2005-11-28,0.79,0.84,0.84,0.77,16665,5199589.00,8.86,6.33,0.05,7.57
2005-11-29,0.82,0.78,0.84,0.78,13250,4049785.50,7.14,-7.14,-0.06,6.02
2005-11-30,0.76,0.75,0.77,0.73,11268,3265652.00,5.13,-3.85,-0.03,5.12
2005-12-01,0.75,0.75,0.76,0.74,4575,1339784.88,2.67,0.00,0.00,2.08
2005-12-02,0.75,0.70,0.75,0.69,10946,3068221.50,8.00,-6.67,-0.05,4.98
2005-12-05,0.67,0.65,0.69,0.65,7386,1963044.50,5.71,-7.14,-0.05,3.36
2005-12-06,0.63,0.64,0.67,0.61,4334,1135451.00,9.23,-1.54,-0.01,1.97
2005-12-07,0.64,0.67,0.68,0.63,4563,1222012.38,7.81,4.69,0.03,2.07
2005-12-08,0.68,0.66,0.69,0.64,3760,1003191.00,7.46,-1.49,-0.01,1.71
2005-12-09,0.64,0.67,0.67,0.61,4353,1144271.25,9.09,1.52,0.01,1.98
2005-12-12,0.67,0.68,0.69,0.66,3176,860500.38,4.48,1.49,0.01,1.44
2005-12-13,0.68,0.70,0.70,0.66,4406,1204095.25,5.88,2.94,0.02,2.00
2005-12-14,0.69,0.70,0.70,0.68,3416,941429.00,2.86,0.00,0.00,1.55
2005-12-15,0.69,0.67,0.71,0.67,4128,1130491.50,5.71,-4.29,-0.03,1.88
2005-12-16,0.67,0.68,0.70,0.66,2865,774711.06,5.97,1.49,0.01,1.30
2005-12-19,0.67,0.69,0.70,0.67,3442,942020.81,4.41,1.47,0.01,1.56
2005-12-20,0.69,0.69,0.69,0.67,4619,1255943.38,2.90,0.00,0.00,2.10
2005-12-21,0.69,0.67,0.69,0.65,6406,1727254.25,5.80,-2.90,-0.02,2.91
2005-12-22,0.65,0.66,0.67,0.65,3425,916265.75,2.99,-1.49,-0.01,1.56
2005-12-23,0.65,0.68,0.69,0.65,4177,1134565.00,6.06,3.03,0.02,1.90
2005-12-26,0.68,0.69,0.70,0.67,6682,1826348.50,4.41,1.47,0.01,3.04
2005-12-27,0.70,0.73,0.74,0.68,20375,5805291.00,8.70,5.80,0.04,9.26
2005-12-28,0.71,0.71,0.74,0.70,5964,1681529.00,5.48,-2.74,-0.02,2.71
2005-12-29,0.71,0.72,0.73,0.70,4954,1393584.25,4.23,1.41,0.01,2.25
2005-12-30,0.71,0.73,0.77,0.70,15484,4511346.00,9.72,1.39,0.01,7.04