2013-01-04,3.06,3.21,3.21,3.06,25040,17392556.00,4.92,5.25,0.16,2.76
2013-01-07,3.17,3.18,3.20,3.13,11812,8123793.00,2.18,-0.93,-0.03,1.30
2013-01-08,3.18,3.16,3.18,3.13,8204,5650933.00,1.57,-0.63,-0.02,0.91
2013-01-09,3.16,3.16,3.23,3.13,6401,4430459.00,3.16,0.00,0.00,0.71
2013-01-10,3.20,3.16,3.20,3.13,4596,3169553.00,2.22,0.00,0.00,0.51
2013-01-11,3.14,3.09,3.17,3.08,8296,5667487.00,2.85,-2.22,-0.07,0.92
2013-01-14,3.12,3.18,3.20,3.05,8992,6183507.00,4.85,2.91,0.09,0.99
2013-01-15,3.15,3.23,3.23,3.12,9548,6644382.00,3.46,1.57,0.05,1.05
2013-01-16,3.20,3.31,3.36,3.20,14117,10116102.00,4.95,2.48,0.08,1.56
2013-01-17,3.30,3.33,3.42,3.26,11607,8455638.00,4.83,0.60,0.02,1.28
2013-01-18,3.32,3.33,3.40,3.30,8975,6526287.00,3.00,0.00,0.00,0.99
2013-01-21,3.35,3.41,3.41,3.30,10524,7650558.00,3.30,2.40,0.08,1.16
2013-01-22,3.41,3.35,3.44,3.34,10394,7663279.00,2.93,-1.76,-0.06,1.15
2013-01-23,3.32,3.32,3.40,3.21,9712,6986360.00,5.67,-0.90,-0.03,1.07
2013-01-24,3.31,3.49,3.50,3.27,38519,28979586.00,6.93,5.12,0.17,4.25
2013-01-25,3.47,3.47,3.54,3.41,10355,7812726.00,3.72,-0.57,-0.02,1.14
2013-01-28,3.47,3.55,3.57,3.44,9388,7085481.00,3.75,2.31,0.08,1.04
2013-01-29,3.54,3.54,3.60,3.51,8132,6242704.00,2.54,-0.28,-0.01,0.90
2013-01-30,3.55,3.52,3.57,3.44,11967,9070635.00,3.67,-0.56,-0.02,1.32
2013-01-31,3.52,3.43,3.52,3.37,12314,9154022.00,4.26,-2.56,-0.09,1.36
2013-02-01,3.39,3.41,3.49,3.37,7807,5810116.00,3.50,-0.58,-0.02,0.86
2013-02-04,3.44,3.40,3.44,3.34,6221,4568215.00,2.93,-0.29,-0.01,0.69
2013-02-05,3.38,3.47,3.47,3.36,4763,3545025.00,3.24,2.06,0.07,0.53
2013-02-06,3.44,3.49,3.54,3.44,5598,4256094.00,2.88,0.58,0.02,0.62
2013-02-07,3.51,3.63,3.63,3.49,7528,5813419.00,4.01,4.01,0.14,0.83
2013-02-08,3.66,3.65,3.69,3.53,8054,6296120.00,4.41,0.55,0.02,0.89
2013-02-18,3.61,3.83,3.84,3.54,13594,10875240.00,8.22,4.93,0.18,1.50
2013-02-19,3.80,3.80,3.90,3.74,13540,11208660.00,4.18,-0.78,-0.03,1.49
2013-02-20,3.76,3.83,3.87,3.71,9901,8117569.00,4.21,0.79,0.03,1.09
2013-02-21,3.79,3.74,3.83,3.67,11384,9197234.00,4.18,-2.35,-0.09,1.26
2013-02-22,3.71,3.78,3.80,3.71,9135,7394014.00,2.41,1.07,0.04,1.01
2013-02-25,3.76,3.96,3.97,3.75,12927,10873559.00,5.82,4.76,0.18,1.43
2013-02-26,3.91,4.17,4.17,3.91,26508,23495922.00,6.57,5.30,0.21,2.92
2013-02-27,4.17,4.15,4.25,4.06,14679,13066015.00,4.56,-0.48,-0.02,1.62
2013-02-28,4.11,4.21,4.30,4.11,9203,8329278.00,4.58,1.45,0.06,1.02
2013-03-01,4.18,4.24,4.28,4.17,7440,6707773.00,2.61,0.71,0.03,0.82
2013-03-04,4.19,4.02,4.20,4.02,19390,16754971.00,4.25,-5.19,-0.22,2.14
2013-03-05,3.89,4.01,4.04,3.87,18309,15509061.00,4.23,-0.25,-0.01,2.02
2013-03-06,3.96,4.03,4.08,3.96,9916,8540979.00,2.99,0.50,0.02,1.09
2013-03-07,4.03,3.96,4.03,3.93,8326,7111816.00,2.48,-1.74,-0.07,0.92
2013-03-08,3.96,3.94,4.03,3.91,7683,6560343.00,3.03,-0.51,-0.02,0.85
2013-03-11,3.94,4.15,4.15,3.91,11364,9930791.00,6.09,5.33,0.21,1.25
2013-03-12,4.16,4.22,4.37,4.06,23417,21315032.00,7.47,1.69,0.07,2.58
2013-03-13,4.22,4.29,4.34,4.16,15147,13794840.00,4.27,1.66,0.07,1.67
2013-03-14,4.26,4.24,4.36,4.21,9408,8613453.00,3.50,-1.17,-0.05,1.04
2013-03-15,4.21,4.19,4.32,4.19,7583,6885042.00,3.07,-1.18,-0.05,0.84
2013-03-18,4.21,4.22,4.26,4.13,6722,6048050.00,3.10,0.72,0.03,0.74
2013-03-19,4.21,4.18,4.23,4.11,5950,5302786.00,2.84,-0.95,-0.04,0.66
2013-03-20,4.13,4.26,4.26,4.12,6416,5782955.00,3.35,1.91,0.08,0.71
2013-03-21,4.28,4.26,4.30,4.23,5175,4709889.00,1.64,0.00,0.00,0.57
2013-03-22,4.30,4.17,4.31,4.16,9473,8534095.00,3.52,-2.11,-0.09,1.05
2013-03-25,4.16,4.11,4.19,4.05,10773,9466219.00,3.36,-1.44,-0.06,1.19
2013-03-26,4.11,4.09,4.12,4.03,7806,6793480.00,2.19,-0.49,-0.02,0.86
2013-03-27,4.06,4.10,4.18,4.04,9182,8047129.00,3.42,0.24,0.01,1.01
2013-03-28,4.06,4.09,4.14,3.96,9076,7903260.00,4.39,-0.24,-0.01,1.00
2013-03-29,4.10,4.29,4.30,4.07,13274,12049711.00,5.62,4.89,0.20,1.46
2013-04-01,4.28,4.24,4.28,4.21,6368,5777052.00,1.63,-1.17,-0.05,0.70
2013-04-02,4.24,4.28,4.44,4.22,10709,9897748.00,5.19,0.94,0.04,1.18
2013-04-03,4.28,4.27,4.36,4.21,10787,9829648.00,3.50,-0.23,-0.01,1.19
2013-04-08,4.21,4.15,4.25,4.04,7931,6957749.00,4.92,-2.81,-0.12,0.88
2013-04-09,4.10,4.10,4.17,4.07,4667,4119762.00,2.41,-1.20,-0.05,0.51
2013-04-10,4.11,4.10,4.17,4.05,5420,4744567.00,2.93,0.00,0.00,0.60
2013-04-11,4.06,4.11,4.11,4.06,2986,2614203.00,1.22,0.24,0.01,0.33
2013-04-12,4.14,4.23,4.24,4.07,6210,5546240.00,4.14,2.92,0.12,0.69
2013-04-15,4.21,4.21,4.23,4.16,4049,3643303.00,1.65,-0.47,-0.02,0.45
2013-04-16,4.18,4.15,4.18,4.08,3558,3135232.00,2.38,-1.43,-0.06,0.39
2013-04-17,4.12,4.15,4.18,4.06,2094,1851413.00,2.89,0.00,0.00,0.23
2013-04-18,4.11,4.19,4.21,4.08,6386,5652648.00,3.13,0.96,0.04,0.70
2013-04-19,4.18,4.27,4.30,4.18,7776,7089490.00,2.86,1.91,0.08,0.86
2013-04-22,4.22,4.50,4.50,4.21,22078,21002338.00,6.79,5.39,0.23,2.44
2013-04-23,4.54,4.57,4.74,4.50,26674,26271186.00,5.33,1.56,0.07,2.94
2013-04-24,4.57,4.65,4.73,4.52,13390,13192102.00,4.60,1.75,0.08,1.48
2013-04-25,4.65,4.55,4.65,4.51,10852,10541488.00,3.01,-2.15,-0.10,1.20
2013-05-02,4.35,4.56,4.57,4.35,16428,15643431.00,4.84,0.22,0.01,1.81
2013-05-03,4.57,4.81,4.81,4.49,28291,28498121.00,7.02,5.48,0.25,3.12
2013-08-02,5.06,5.06,5.06,5.06,159,170299.00,0.00,5.20,0.25,0.02
2013-08-05,5.33,5.33,5.33,5.33,290,326205.00,0.00,5.34,0.27,0.03
2013-08-06,5.61,5.61,5.61,5.61,199,235243.00,0.00,5.25,0.28,0.02
2013-08-07,5.91,5.91,5.91,5.91,167,207080.00,0.00,5.35,0.30,0.02
2013-08-08,6.22,6.22,6.22,6.22,118,153649.00,0.00,5.25,0.31,0.01
2013-08-09,6.54,6.54,6.54,6.54,1038,1419615.00,0.00,5.14,0.32,0.11
2013-08-12,6.88,6.88,6.88,6.88,363,520948.00,0.00,5.20,0.34,0.04
2013-08-13,7.24,7.24,7.24,7.24,730,1099507.00,0.00,5.23,0.36,0.08
2013-08-14,7.62,7.62,7.62,7.62,1856,2935416.00,0.00,5.25,0.38,0.20
2013-08-15,8.01,8.01,8.01,8.01,1959,3253433.00,0.00,5.12,0.39,0.22
2013-08-16,8.43,8.43,8.43,8.43,4950,8632956.00,0.00,5.24,0.42,0.55
2013-08-19,8.86,8.86,8.86,8.86,24733,45285518.00,0.00,5.10,0.43,2.73
2013-08-20,9.32,9.32,9.32,9.21,118785,228334226.00,1.24,5.19,0.46,13.11
2013-08-21,9.80,9.80,9.80,9.80,30596,61773364.00,0.00,5.15,0.48,3.38
2013-08-22,10.31,10.31,10.31,10.31,2550,5406636.00,0.00,5.20,0.51,0.28
2013-08-23,10.45,9.78,10.45,9.78,133251,272111488.00,6.50,-5.14,-0.53,14.70
2013-08-26,9.81,10.28,10.28,9.81,79648,167194844.00,4.81,5.11,0.50,8.79
2013-08-27,10.32,10.81,10.81,10.22,93097,200916703.00,5.74,5.16,0.53,10.27
2013-08-28,10.93,11.37,11.37,10.86,20483,46861364.00,4.72,5.18,0.56,2.26
2013-08-29,11.95,11.37,11.95,11.21,92972,222896409.00,6.51,0.00,0.00,10.26
2013-08-30,11.51,10.79,11.90,10.79,73654,166984501.00,9.76,-5.10,-0.58,8.13
2013-09-02,10.48,10.23,10.60,10.23,19728,41816134.00,3.43,-5.19,-0.56,2.18
2013-09-03,10.07,10.45,10.71,10.07,53405,113940495.00,6.26,2.15,0.22,5.89
2013-09-04,10.28,10.45,10.79,10.16,39340,84845546.00,6.03,0.00,0.00,4.34
2013-09-05,10.28,10.66,10.98,9.91,53540,114570097.00,10.24,2.01,0.21,5.91
2013-09-06,10.58,10.73,11.16,10.50,36335,80752141.00,6.19,0.66,0.07,4.01
2013-09-09,10.74,10.65,11.18,10.56,38524,85501416.00,5.78,-0.75,-0.08,4.25
2013-09-10,10.56,10.78,10.79,10.37,30477,66259848.00,3.94,1.22,0.13,3.36
2013-09-11,10.78,10.51,10.81,10.23,32946,70876000.00,5.38,-2.50,-0.27,3.64
2013-09-12,10.62,10.72,10.80,10.51,22689,49790373.00,2.76,2.00,0.21,2.50
2013-09-13,10.72,10.68,10.78,10.42,15086,32866971.00,3.36,-0.37,-0.04,1.66
2013-09-16,10.78,11.23,11.23,10.77,7787,17688102.00,4.31,5.15,0.55,0.86
2013-09-17,11.80,11.80,11.80,11.80,2019,4884638.00,0.00,5.08,0.57,0.22
2013-09-18,12.41,12.41,12.41,12.41,1292,3280968.00,0.00,5.17,0.61,0.14
2013-09-23,13.04,13.04,13.04,13.04,1924,5130427.00,0.00,5.08,0.63,0.21
2013-09-24,13.46,13.05,13.60,12.53,63702,170968567.00,8.21,0.08,0.01,7.03
2013-09-25,13.40,13.72,13.72,13.15,19374,53831389.00,4.37,5.13,0.67,2.14
2013-09-26,13.93,13.45,14.30,13.38,34732,97385892.00,6.71,-1.97,-0.27,3.83
2013-09-27,13.56,13.46,13.58,12.76,39230,104065939.00,6.10,0.07,0.01,4.33
2013-09-30,13.71,14.06,14.15,13.25,31678,89461933.00,6.69,4.46,0.60,3.50
2013-10-08,13.49,14.41,14.51,13.41,24348,69514110.00,7.82,2.49,0.35,2.69
2013-10-09,14.22,14.11,14.70,13.95,22814,66547895.00,5.20,-2.08,-0.30,2.52
2013-10-10,13.93,13.55,14.36,13.44,19867,56149325.00,6.52,-3.97,-0.56,2.19
2013-10-11,13.56,13.62,14.01,13.48,13266,37156725.00,3.91,0.52,0.07,1.46
2013-10-14,13.75,14.31,14.32,13.52,19739,56940222.00,5.87,5.07,0.69,2.18
2013-10-15,14.33,14.13,14.86,13.86,19265,56154497.00,6.99,-1.26,-0.18,2.13
2013-10-16,13.85,13.45,13.90,13.41,20437,56587406.00,3.47,-4.81,-0.68,2.26
2013-10-17,13.45,13.39,13.74,13.31,8329,23010658.00,3.20,-0.45,-0.06,0.92
2013-10-18,13.31,13.76,13.81,13.21,13160,36463071.00,4.48,2.76,0.37,1.45
2013-10-21,13.70,14.00,14.16,13.56,11145,31732080.00,4.36,1.74,0.24,1.23
2013-10-22,13.92,13.86,14.60,13.73,15129,43578874.00,6.21,-1.00,-0.14,1.67
2013-10-23,13.68,13.15,13.78,13.15,20871,56713110.00,4.55,-5.12,-0.71,2.30
2013-10-24,12.57,12.53,13.08,12.48,16484,42929552.00,4.56,-4.71,-0.62,1.82
2013-10-25,12.61,11.90,12.90,11.89,20015,50063119.00,8.06,-5.03,-0.63,2.21
2013-10-28,12.11,12.04,12.28,11.72,9712,23925186.00,4.71,1.18,0.14,1.07
2013-10-29,11.98,11.44,12.17,11.43,14173,33828676.00,6.15,-4.98,-0.60,1.56
2013-10-30,11.41,11.63,11.70,11.05,11909,27794175.00,5.68,1.66,0.19,1.31
2013-10-31,11.51,11.72,11.89,11.47,10718,25689423.00,3.61,0.77,0.09,1.18
2013-11-01,11.78,12.09,12.18,11.46,8933,21650991.00,6.14,3.16,0.37,0.99
2013-11-04,11.96,12.71,12.71,11.96,18693,48189333.00,6.20,5.13,0.62,2.06
2013-11-05,12.72,12.59,12.84,12.36,9748,25194701.00,3.78,-0.94,-0.12,1.08
2013-11-06,12.59,12.58,12.74,12.46,7696,19846976.00,2.22,-0.08,-0.01,0.85
2013-11-07,13.21,12.94,13.22,12.83,15177,40539660.00,3.10,2.86,0.36,1.67
2013-11-08,12.96,12.96,13.33,12.78,9682,25853828.00,4.25,0.15,0.02,1.07
2013-11-11,12.96,12.86,13.12,12.74,6809,17984196.00,2.93,-0.77,-0.10,0.75
2013-11-12,12.89,12.86,12.95,12.72,4102,10743438.00,1.79,0.00,0.00,0.45
2013-11-13,12.87,12.85,13.07,12.76,4686,12372001.00,2.41,-0.08,-0.01,0.52
2013-11-25,13.51,13.51,13.51,13.51,666,1838629.00,0.00,5.14,0.66,0.07
2013-11-26,14.09,12.82,14.09,12.82,27437,75871277.00,9.40,-5.11,-0.69,3.03
2013-11-27,12.48,12.60,12.84,12.19,16756,42988265.00,5.07,-1.72,-0.22,1.85
2013-11-28,12.55,12.66,12.88,12.31,9768,25304510.00,4.52,0.48,0.06,1.08
2013-11-29,12.80,12.93,13.01,12.52,10243,26810057.00,3.87,2.13,0.27,1.13
2013-12-02,12.56,12.27,12.65,12.27,9379,23907271.00,2.94,-5.10,-0.66,1.03
2013-12-03,12.03,12.37,12.43,12.00,11689,29389642.00,3.50,0.81,0.10,1.29
2013-12-04,12.31,12.21,12.40,12.11,8954,22454091.00,2.34,-1.29,-0.16,0.99
2013-12-05,12.21,11.76,12.26,11.58,10855,26157171.00,5.57,-3.69,-0.45,1.20
2013-12-06,11.56,11.67,11.94,11.51,6206,14892875.00,3.66,-0.77,-0.09,0.68
2013-12-09,11.54,12.01,12.06,11.31,6943,16870740.00,6.43,2.91,0.34,0.77
2013-12-10,11.95,12.09,12.18,11.92,4346,10724180.00,2.16,0.67,0.08,0.48
2013-12-11,12.20,11.93,12.20,11.88,5404,13300175.00,2.65,-1.32,-0.16,0.60
2013-12-12,11.93,12.54,12.54,11.93,8017,20292272.00,5.11,5.11,0.61,0.88
2013-12-13,12.54,12.58,12.95,12.53,7849,20342807.00,3.35,0.32,0.04,0.87
2013-12-16,12.71,13.23,13.23,12.61,15578,41709143.00,4.93,5.17,0.65,1.72
2013-12-17,13.01,12.55,13.13,12.55,17728,45998555.00,4.38,-5.14,-0.68,1.96
2013-12-18,12.55,12.56,12.95,12.38,8108,21022955.00,4.54,0.08,0.01,0.89
2013-12-19,12.66,12.33,12.86,12.33,6316,16247189.00,4.22,-1.83,-0.23,0.70
2013-12-20,12.21,11.70,12.33,11.70,9820,23867638.00,5.11,-5.11,-0.63,1.08
2013-12-23,11.72,11.74,12.05,11.66,5987,14499876.00,3.33,0.34,0.04,0.66
2013-12-24,11.86,11.92,12.31,11.74,11789,28940615.00,4.86,1.53,0.18,1.30
2013-12-25,11.96,12.12,12.27,11.96,7324,18143772.00,2.60,1.68,0.20,0.81
2013-12-26,12.03,12.36,12.56,11.94,7947,20064999.00,5.12,1.98,0.24,0.88
2013-12-27,12.55,12.81,12.84,12.31,8879,22803137.00,4.29,3.64,0.45,0.98
2013-12-30,13.06,12.65,13.06,12.52,7722,20058550.00,4.22,-1.25,-0.16,0.85
2013-12-31,12.55,12.43,12.65,12.21,5415,13745328.00,3.48,-1.74,-0.22,0.60