2018-01-02,11.61,11.74,11.79,11.61,55238,65767884.00,1.56,1.65,0.19,0.62
2018-01-03,11.78,11.83,11.86,11.67,68416,81812243.00,1.62,0.77,0.09,0.77
2018-01-04,11.86,11.92,11.93,11.73,69000,82936567.00,1.69,0.76,0.09,0.78
2018-01-05,11.89,12.18,12.68,11.87,110364,137962278.00,6.80,2.18,0.26,1.24
2018-01-08,12.08,11.95,12.10,11.89,59105,71820554.00,1.72,-1.89,-0.23,0.66
2018-01-09,12.00,11.87,12.00,11.82,41947,50756334.00,1.51,-0.67,-0.08,0.47
2018-01-10,11.86,11.82,11.86,11.61,48779,58270221.00,2.11,-0.42,-0.05,0.55
2018-01-11,11.82,12.24,12.45,11.65,104890,129154980.00,6.77,3.55,0.42,1.18
2018-01-12,12.15,12.10,12.45,12.10,68920,85741143.00,2.86,-1.14,-0.14,0.77
2018-01-15,12.08,11.60,12.08,11.49,61284,73165172.00,4.88,-4.13,-0.50,0.69
2018-01-16,11.65,11.70,11.70,11.55,33436,39520360.00,1.29,0.86,0.10,0.38
2018-01-17,11.67,11.50,11.67,11.22,54268,63087337.00,3.85,-1.71,-0.20,0.61
2018-01-18,11.55,11.52,11.62,11.45,30675,35990182.00,1.48,0.17,0.02,0.34
2018-01-19,11.48,11.51,11.54,11.30,40665,47376861.00,2.08,-0.09,-0.01,0.44
2018-01-22,11.39,11.81,12.04,11.17,82965,97976693.00,7.56,2.61,0.30,0.91
2018-01-23,11.77,11.66,11.81,11.60,46772,55474132.00,1.78,-1.27,-0.15,0.51
2018-01-24,11.69,11.84,11.90,11.55,59156,70748710.00,3.00,1.54,0.18,0.65
2018-01-25,11.88,11.72,12.03,11.70,56906,68654570.00,2.79,-1.01,-0.12,0.62
2018-01-26,11.65,11.69,11.78,11.52,37106,44038928.00,2.22,-0.26,-0.03,0.41
2018-01-29,11.69,11.63,11.83,11.53,42543,50532778.00,2.57,-0.51,-0.06,0.46
2018-01-30,11.58,11.45,11.69,11.42,41075,48070566.00,2.32,-1.55,-0.18,0.45
2018-01-31,11.44,10.50,11.44,10.47,82713,91606531.00,8.47,-8.30,-0.95,0.90
2018-02-01,10.50,9.70,10.58,9.70,85956,87664765.00,8.38,-7.62,-0.80,0.94
2018-02-02,9.55,9.67,9.87,9.34,44824,44208951.00,5.46,-0.31,-0.03,0.49
2018-02-05,9.43,9.69,9.87,9.33,38818,38259980.00,5.58,0.21,0.02,0.42
2018-02-06,9.46,8.80,9.62,8.80,49062,46444238.00,8.46,-9.18,-0.89,0.54
2018-02-07,9.11,8.92,9.20,8.61,40365,36725752.00,6.70,1.36,0.12,0.44
2018-02-08,8.91,9.14,9.22,8.86,45127,41991743.00,4.04,2.47,0.22,0.49
2018-02-09,8.90,8.73,8.97,8.64,53100,47815020.00,3.61,-4.49,-0.41,0.58
2018-02-12,8.78,9.10,9.16,8.78,39531,36467471.00,4.35,4.24,0.37,0.43
2018-02-13,9.10,9.09,9.38,9.08,38716,36503358.00,3.30,-0.11,-0.01,0.42
2018-02-14,9.00,9.29,9.33,8.99,31308,29411232.00,3.74,2.20,0.20,0.34
2018-02-22,9.48,9.41,9.55,9.31,34995,33735940.00,2.58,1.29,0.12,0.38
2018-02-23,9.44,9.66,9.78,9.34,48530,47333695.00,4.68,2.66,0.25,0.53
2018-02-26,9.68,9.87,9.90,9.50,68830,68146142.00,4.14,2.17,0.21,0.75
2018-02-27,9.94,9.88,10.05,9.81,68035,68985293.00,2.43,0.10,0.01,0.74
2018-02-28,9.73,9.94,10.20,9.66,68402,69310860.00,5.47,0.61,0.06,0.75
2018-03-01,9.80,10.60,10.75,9.75,137390,144017474.00,10.06,6.64,0.66,1.50
2018-03-02,10.49,10.32,10.69,10.30,98516,104918458.00,3.68,-2.64,-0.28,1.08
2018-03-05,10.32,10.85,10.91,10.32,119326,129675056.00,5.72,5.14,0.53,1.30
2018-03-06,10.87,11.23,11.29,10.76,147611,166704386.00,4.88,3.50,0.38,1.61
2018-03-07,11.09,11.08,11.16,10.92,93006,104279602.00,2.14,-1.34,-0.15,1.02
2018-03-15,10.60,10.19,10.65,9.97,135062,141640535.00,6.14,-8.03,-0.89,1.48
2018-03-16,10.17,11.23,11.23,10.15,137978,154682841.00,10.60,10.21,1.04,1.51
2018-03-19,11.52,12.37,12.37,11.45,386373,476095504.00,8.19,10.15,1.14,4.22
2018-03-20,12.37,13.63,13.63,12.00,358351,465836656.00,13.18,10.19,1.26,3.91
2018-03-21,14.60,15.01,15.01,14.25,439977,661661776.00,5.58,10.12,1.38,4.81
2018-03-22,15.30,16.53,16.53,15.02,589864,947743488.00,10.06,10.13,1.52,6.44
2018-03-23,16.20,16.59,17.97,15.30,774084,1304466944.00,16.15,0.36,0.06,8.46
2018-03-26,15.86,16.39,16.58,14.91,512903,820236832.00,10.07,-1.21,-0.20,5.60
2018-03-27,16.78,17.17,17.77,16.32,680042,1170655808.00,8.85,4.76,0.78,7.43
2018-03-28,16.49,15.43,16.90,15.43,533168,871527024.00,8.56,-10.13,-1.74,5.82
2018-03-29,15.27,15.62,16.25,15.05,392684,621049248.00,7.78,1.23,0.19,4.29
2018-03-30,15.99,16.35,16.76,15.71,531977,872428944.00,6.72,4.67,0.73,5.81
2018-04-02,16.12,16.99,17.77,15.90,592163,1016355168.00,11.44,3.91,0.64,6.47
2018-04-03,16.20,16.27,16.38,15.44,403221,649066320.00,5.53,-4.24,-0.72,4.40
2018-04-04,16.29,15.86,16.75,15.53,273896,443101888.00,7.50,-2.52,-0.41,2.99
2018-04-09,15.48,14.99,15.80,14.63,279556,426778464.00,7.38,-5.49,-0.87,3.05
2018-04-10,15.10,15.45,15.45,14.66,290237,444491360.00,5.27,3.07,0.46,3.17
2018-04-11,15.34,16.20,16.35,15.08,416740,665606336.00,8.22,4.85,0.75,4.55
2018-04-12,15.80,15.90,16.07,15.45,302106,482092912.00,3.83,-1.85,-0.30,3.30
2018-04-13,16.03,16.14,16.48,15.82,398377,653609424.00,4.15,1.51,0.24,4.35
2018-04-16,15.60,16.64,16.79,15.40,407882,668409088.00,8.61,3.10,0.50,4.46
2018-04-17,16.66,15.55,16.78,15.54,323928,530868928.00,7.45,-6.55,-1.09,3.54
2018-04-18,15.40,15.08,15.62,14.01,315775,476151792.00,10.35,-3.02,-0.47,3.45
2018-04-19,14.85,15.18,15.73,14.85,234355,363500096.00,5.84,0.66,0.10,2.56
2018-04-20,14.94,14.19,15.41,14.07,206769,309591376.00,8.83,-6.52,-0.99,2.26
2018-04-23,13.81,13.46,14.43,13.22,219957,307853760.00,8.53,-5.14,-0.73,2.40
2018-04-24,13.71,14.20,14.27,13.57,203293,288671952.00,5.20,5.50,0.74,2.22
2018-04-25,14.31,15.64,15.64,14.31,414304,645798256.00,9.37,10.14,1.44,4.40
2018-04-26,16.08,15.32,16.65,15.20,505717,815929472.00,9.27,-2.05,-0.32,5.37
2018-04-27,16.19,15.74,16.73,15.43,304576,489976400.00,8.49,2.74,0.42,3.24
2018-05-02,15.60,15.46,16.17,15.16,254915,405339360.00,6.42,-1.78,-0.28,2.71
2018-05-03,15.43,15.27,15.49,14.31,264391,398231728.00,7.63,-1.23,-0.19,2.81
2018-05-04,15.01,14.87,15.52,14.86,180471,277401744.00,4.32,-2.62,-0.40,1.92
2018-05-07,14.87,15.20,15.36,14.70,185566,284480736.00,4.44,2.22,0.33,1.97
2018-05-08,15.05,15.34,15.45,14.73,219114,335576176.00,4.74,0.92,0.14,2.33
2018-05-09,15.05,14.88,15.20,14.73,164226,248455334.00,3.06,-3.00,-0.46,1.75
2018-05-10,14.91,14.50,15.00,14.38,152291,226133517.00,4.17,-2.55,-0.38,1.62
2018-05-11,14.61,14.56,14.84,14.46,106111,157307918.00,2.62,0.41,0.06,1.13
2018-05-14,14.62,13.89,14.70,13.76,162108,232211583.00,6.46,-4.60,-0.67,1.72
2018-05-15,13.94,14.24,14.27,13.88,115418,164837706.00,2.81,2.52,0.35,1.23
2018-05-16,14.28,14.01,14.31,13.80,96184,136992932.00,3.58,-1.62,-0.23,1.02
2018-05-17,14.03,13.81,14.12,13.80,98132,138811467.00,2.28,-1.43,-0.20,1.04
2018-05-18,13.79,13.92,14.00,13.55,111668,156293045.00,3.26,0.80,0.11,1.19
2018-05-21,14.14,14.24,14.27,13.98,120944,173627932.00,2.08,2.30,0.32,1.29
2018-05-22,14.26,14.10,14.31,13.90,99665,142107699.00,2.88,-0.98,-0.14,1.06
2018-05-23,13.32,13.21,13.50,12.70,228104,304418144.00,5.67,-6.31,-0.89,2.42
2018-05-24,13.20,12.83,13.30,12.81,124299,163779327.00,3.71,-2.88,-0.38,1.32
2018-05-25,12.83,12.33,12.98,12.30,142088,180996974.00,5.30,-3.90,-0.50,1.51
2018-05-28,12.51,12.37,12.64,12.28,83191,105190290.00,2.92,0.32,0.04,0.88
2018-05-29,12.34,12.42,12.89,12.18,115543,147299052.00,5.74,0.40,0.05,1.23
2018-05-30,12.12,11.62,12.17,11.51,116711,140267262.00,5.31,-6.44,-0.80,1.24
2018-05-31,11.88,12.07,12.18,11.76,106888,129810071.00,3.61,3.87,0.45,1.14
2018-06-01,12.01,11.97,12.37,11.89,90961,111621713.00,3.98,-0.83,-0.10,0.97
2018-06-04,12.07,11.89,12.14,11.78,61042,73967591.00,3.01,-0.67,-0.08,0.65
2018-06-05,12.05,12.24,12.24,11.92,101719,125118923.00,2.69,2.94,0.35,1.08
2018-06-06,12.04,12.12,12.16,11.85,100264,122041901.00,2.53,-0.98,-0.12,1.07
2018-06-07,12.17,12.11,12.40,11.96,115866,143514984.00,3.63,-0.08,-0.01,1.23
2018-06-08,12.17,11.80,12.17,11.54,96564,115300438.00,5.20,-2.56,-0.31,1.03
2018-06-11,11.75,11.70,11.91,11.59,48586,57811597.00,2.71,-0.85,-0.10,0.52
2018-06-12,11.69,12.03,12.04,11.35,105724,125627409.00,5.90,2.82,0.33,1.12
2018-06-13,12.03,11.42,12.04,11.42,92842,109950269.00,5.15,-5.07,-0.61,0.99
2018-06-14,11.37,11.28,11.63,11.20,74519,86161075.00,3.77,-1.23,-0.14,0.79
2018-06-15,11.32,10.74,11.41,10.66,87056,96442864.00,6.65,-4.79,-0.54,0.93
2018-06-19,10.68,9.65,10.68,9.65,116591,118939506.00,9.59,-10.15,-1.09,1.24
2018-06-20,9.51,9.84,9.96,9.51,94470,93981906.00,4.66,1.97,0.19,1.00
2018-06-21,9.83,9.49,9.92,9.39,78548,77027467.00,5.39,-3.56,-0.35,0.83
2018-06-22,9.50,9.95,9.99,9.29,104019,103412372.00,7.38,4.85,0.46,1.11
2018-06-25,10.04,9.64,10.06,9.60,99143,99108984.00,4.62,-3.12,-0.31,1.05
2018-06-26,9.63,10.62,10.62,9.52,98882,103741432.00,11.41,10.17,0.98,1.05
2018-06-27,11.49,11.70,11.70,11.34,109257,128431111.00,3.39,10.17,1.08,1.16
2018-06-28,12.24,11.91,12.82,11.77,443888,547672352.00,8.97,1.79,0.21,4.72
2018-06-29,11.79,13.12,13.12,11.56,431331,538241552.00,13.10,10.16,1.21,4.58
2018-07-02,12.84,12.56,13.23,12.25,379228,489812640.00,7.47,-4.27,-0.56,4.06
2018-07-03,12.44,12.96,13.45,11.82,387272,496181104.00,12.98,3.18,0.40,4.14
2018-07-04,12.44,11.93,12.56,11.84,249950,308880000.00,5.56,-7.95,-1.03,2.67
2018-07-05,12.05,12.18,12.80,11.75,307563,387432464.00,8.80,2.10,0.25,3.29
2018-07-06,12.00,12.81,13.41,12.00,450936,588028896.00,11.58,5.17,0.63,4.82
2018-07-09,12.64,13.50,13.80,12.54,422552,556140128.00,9.84,5.39,0.69,4.52
2018-07-10,13.23,13.30,13.49,13.12,249717,335399600.00,2.74,-1.48,-0.20,2.67
2018-07-11,12.94,13.35,13.59,12.75,322725,432541776.00,6.32,0.38,0.05,3.45
2018-07-12,13.14,13.49,13.83,13.14,326956,448088864.00,5.17,1.05,0.14,3.50
2018-07-13,13.45,13.05,13.52,12.96,227413,303596752.00,4.15,-3.26,-0.44,2.43
2018-07-16,13.25,13.42,13.62,13.00,243189,328630176.00,4.75,2.84,0.37,2.60
2018-07-17,13.35,13.04,13.35,12.80,198775,262188573.00,4.10,-2.83,-0.38,2.13
2018-07-18,12.98,12.44,13.09,12.44,217820,280190544.00,4.98,-4.60,-0.60,2.33
2018-07-19,12.47,12.52,12.70,12.44,144976,184170284.00,2.09,0.64,0.08,1.55
2018-07-20,12.60,12.74,12.93,12.09,249190,318310128.00,6.71,1.76,0.22,2.67
2018-07-23,12.63,13.05,13.12,12.53,233953,306834320.00,4.63,2.43,0.31,2.50
2018-07-24,13.05,12.95,13.09,12.76,181076,236674952.00,2.53,-0.77,-0.10,1.94
2018-07-25,12.92,13.22,13.52,12.86,299363,402267360.00,5.10,2.08,0.27,3.20
2018-07-26,13.17,12.54,13.17,12.49,230295,296644320.00,5.14,-5.14,-0.68,2.46
2018-07-27,12.52,12.17,12.52,12.16,121284,150832069.00,2.87,-2.95,-0.37,1.30
2018-07-30,12.15,12.23,12.34,11.95,84086,103559431.00,3.20,0.49,0.06,0.90
2018-07-31,12.14,11.67,12.28,11.37,135049,162054286.00,7.44,-4.58,-0.56,1.44
2018-08-01,11.67,11.54,11.99,11.51,90884,108384138.00,4.11,-1.11,-0.13,0.97
2018-08-02,11.39,11.05,11.44,10.71,123274,137941523.00,6.33,-4.25,-0.49,1.32
2018-08-03,11.07,10.98,11.26,10.95,71900,80956735.00,2.81,-0.63,-0.07,0.77
2018-08-06,10.86,11.00,11.19,10.82,70328,78388427.00,3.37,0.18,0.02,0.75
2018-08-07,11.09,11.53,11.58,11.00,136210,156567649.00,5.27,4.82,0.53,1.46
2018-08-08,11.44,11.16,11.57,11.10,99180,113644620.00,4.08,-3.21,-0.37,1.06
2018-08-09,11.16,11.70,11.93,11.06,173831,205992516.00,7.80,4.84,0.54,1.86
2018-08-10,11.59,11.86,11.92,11.53,143136,170248432.00,3.33,1.37,0.16,1.53
2018-08-13,11.64,12.47,12.61,11.54,220311,269726784.00,9.02,5.14,0.61,2.36
2018-08-14,12.32,12.15,12.40,12.00,155008,191172365.00,3.21,-2.57,-0.32,1.66
2018-08-15,12.05,11.91,12.29,11.79,109374,133628112.00,4.12,-1.98,-0.24,1.17
2018-08-16,11.82,11.80,12.17,11.57,112682,136410777.00,5.04,-0.92,-0.11,1.21
2018-08-17,11.96,11.45,12.11,11.37,114527,136686283.00,6.27,-2.97,-0.35,1.23
2018-08-20,11.11,11.75,11.80,11.11,103659,121392417.00,6.03,2.62,0.30,1.11
2018-08-21,11.71,11.74,11.93,11.59,90994,108580813.00,2.89,-0.09,-0.01,0.97
2018-08-22,11.72,11.64,12.06,11.64,96383,115502193.00,3.58,-0.85,-0.10,1.03
2018-08-23,11.65,11.79,11.99,11.39,115576,138434782.00,5.15,1.29,0.15,1.24
2018-08-24,11.77,11.61,11.88,11.57,84597,100086939.00,2.63,-1.53,-0.18,0.90
2018-08-27,11.66,12.20,12.31,11.66,168315,204710428.00,5.60,5.08,0.59,1.80
2018-08-28,12.15,12.25,12.58,12.08,158693,197867337.00,4.10,0.41,0.05,1.70
2018-08-29,12.34,12.14,12.35,11.94,118571,145400964.00,3.35,-0.90,-0.11,1.27
2018-08-30,11.98,11.66,12.11,11.60,126699,151574254.00,4.20,-3.95,-0.48,1.36
2018-08-31,11.59,11.61,11.82,11.54,74603,88402523.00,2.40,-0.43,-0.05,0.80
2018-09-03,11.62,11.45,11.69,11.05,113528,129774054.00,5.51,-1.38,-0.16,1.21
2018-09-04,11.39,11.92,12.07,11.36,134772,159879294.00,6.20,4.10,0.47,1.44
2018-09-05,11.86,11.58,11.94,11.58,97347,116144924.00,3.02,-2.85,-0.34,1.04
2018-09-06,11.44,11.74,11.99,11.40,107671,128657526.00,5.09,1.38,0.16,1.15
2018-09-07,11.76,11.87,12.20,11.54,167202,202010870.00,5.62,1.11,0.13,1.79
2018-09-10,11.79,11.43,11.82,11.40,107515,125714162.00,3.54,-3.71,-0.44,1.15
2018-09-11,11.49,11.48,11.66,11.32,62796,73225904.00,2.97,0.44,0.05,0.67
2018-09-12,11.52,11.37,11.58,11.33,63561,73813823.00,2.18,-0.96,-0.11,0.68
2018-09-13,11.52,11.58,11.62,11.41,70534,82408664.00,1.85,1.85,0.21,0.75
2018-09-14,11.58,11.10,11.62,11.04,98017,112015608.00,5.01,-4.15,-0.48,1.05
2018-09-17,10.98,11.05,11.18,10.94,43890,49317298.00,2.16,-0.45,-0.05,0.47
2018-09-18,10.97,11.26,11.26,10.92,60353,68137865.00,3.08,1.90,0.21,0.65
2018-09-19,11.28,11.31,11.41,11.15,68254,78210700.00,2.31,0.44,0.05,0.73
2018-09-20,11.28,11.18,11.38,11.15,49073,55870817.00,2.03,-1.15,-0.13,0.52
2018-09-21,11.30,11.30,11.33,11.12,48335,55159291.00,1.88,1.07,0.12,0.52
2018-09-25,11.26,11.38,11.57,11.20,61342,70975498.00,3.27,0.71,0.08,0.66
2018-09-26,11.34,11.38,11.45,11.27,52545,60547085.00,1.58,0.00,0.00,0.56
2018-09-27,11.31,10.97,11.33,10.94,74764,84367528.00,3.43,-3.60,-0.41,0.80
2018-09-28,10.99,11.04,11.11,10.94,32357,36214175.00,1.55,0.64,0.07,0.35
2018-10-08,10.83,10.64,10.83,10.62,51151,55653363.00,1.90,-3.62,-0.40,0.55
2018-10-09,10.65,10.73,10.84,10.56,34150,37093858.00,2.63,0.85,0.09,0.37
2018-10-10,10.64,10.88,11.03,10.64,50011,54980328.00,3.63,1.40,0.15,0.53
2018-10-11,10.34,9.78,10.47,9.78,88281,90600885.00,6.34,-10.11,-1.10,0.94
2018-10-12,9.77,9.84,9.93,9.04,92116,89351380.00,9.10,0.61,0.06,0.99
2018-10-15,9.81,9.70,10.01,9.69,44937,44940198.00,3.25,-1.42,-0.14,0.48
2018-10-16,9.75,9.54,9.87,9.44,39405,38740953.00,4.43,-1.65,-0.16,0.42
2018-10-17,9.60,9.86,9.88,9.56,61097,60670464.00,3.35,3.35,0.32,0.65
2018-10-18,9.74,9.63,9.84,9.57,50182,49333507.00,2.74,-2.33,-0.23,0.54
2018-10-19,9.44,9.89,9.99,9.26,72399,71810452.00,7.58,2.70,0.26,0.77
2018-10-22,10.01,10.34,10.53,10.01,96818,100981127.00,5.26,4.55,0.45,1.04
2018-10-23,10.32,10.08,10.34,9.99,66601,68640407.00,3.38,-2.51,-0.26,0.71
2018-10-24,10.12,9.93,10.22,9.89,61740,63016991.00,3.27,-1.49,-0.15,0.66
2018-10-25,9.54,9.66,9.77,9.26,78176,75294743.00,5.14,-2.72,-0.27,0.84
2018-10-26,9.76,9.65,9.87,9.59,52775,52204747.00,2.90,-0.10,-0.01,0.56
2018-10-29,9.63,9.64,9.78,9.54,46300,45455923.00,2.49,-0.10,-0.01,0.50
2018-10-30,9.71,9.70,9.73,9.36,58193,56717393.00,3.84,0.62,0.06,0.62
2018-10-31,9.71,9.77,9.87,9.68,66064,65590795.00,1.96,0.72,0.07,0.71
2018-11-01,9.90,9.95,10.26,9.90,113183,115529371.00,3.68,1.84,0.18,1.21
2018-11-02,10.19,10.19,10.24,10.01,110628,113702135.00,2.31,2.41,0.24,1.18
2018-11-05,10.18,10.48,10.79,10.02,155406,164842350.00,7.56,2.85,0.29,1.66
2018-11-06,10.42,10.79,10.79,10.19,159365,170599107.00,5.73,2.96,0.31,1.70
2018-11-07,10.78,10.49,10.80,10.48,137066,148013547.00,2.97,-2.78,-0.30,1.47
2018-11-08,10.50,10.37,10.68,10.32,92844,98841241.00,3.43,-1.14,-0.12,0.99
2018-11-09,10.34,10.55,10.57,10.19,91666,97395688.00,3.66,1.74,0.18,0.98
2018-11-12,10.48,10.74,10.78,10.42,116161,125554130.00,3.41,1.80,0.19,1.24
2018-11-13,10.54,10.71,10.87,10.51,144349,156388573.00,3.35,-0.28,-0.03,1.54
2018-11-14,10.66,10.64,10.80,10.60,117521,127522643.00,1.87,-0.65,-0.07,1.26
2018-11-15,10.84,11.11,11.20,10.75,230124,257072428.00,4.23,4.42,0.47,2.46
2018-11-16,11.39,11.29,11.59,11.00,244494,279406320.00,5.31,1.62,0.18,2.62
2018-11-19,11.25,11.15,11.33,10.97,130122,146426555.00,3.19,-1.24,-0.14,1.39
2018-11-20,10.98,11.18,11.54,10.97,175666,200007821.00,5.11,0.27,0.03,1.88
2018-11-21,10.95,11.15,11.34,10.84,153167,171642231.00,4.47,-0.27,-0.03,1.64
2018-11-22,11.11,11.03,11.32,10.97,113972,128582768.00,3.14,-1.08,-0.12,1.22
2018-11-23,10.97,10.14,10.97,10.08,156862,166759701.00,8.07,-8.07,-0.89,1.68
2018-11-26,10.14,10.16,10.28,10.04,65081,67194308.00,2.37,0.20,0.02,0.70
2018-11-27,10.32,10.56,10.60,10.32,124067,132007352.00,2.76,3.94,0.40,1.33
2018-11-28,10.50,10.64,10.74,10.33,125466,134357606.00,3.88,0.76,0.08,1.34
2018-11-29,10.62,10.13,10.67,10.09,106566,112641017.00,5.45,-4.79,-0.51,1.14
2018-11-30,10.13,10.14,10.26,9.91,82691,84695595.00,3.46,0.10,0.01,0.88
2018-12-03,10.49,10.45,10.58,10.38,109790,116869421.00,1.97,3.06,0.31,1.17
2018-12-04,10.39,10.53,10.57,10.38,80676,85774105.00,1.82,0.77,0.08,0.86
2018-12-05,10.33,10.34,10.47,10.20,67181,70366804.00,2.56,-1.80,-0.19,0.72
2018-12-06,10.24,10.04,10.29,10.00,79698,81980282.00,2.80,-2.90,-0.30,0.85
2018-12-07,10.19,10.05,10.25,10.04,51882,53373964.00,2.09,0.10,0.01,0.55
2018-12-10,9.95,9.96,10.02,9.85,54427,54881199.00,1.69,-0.90,-0.09,0.58
2018-12-11,9.98,10.02,10.06,9.90,46814,47478980.00,1.61,0.60,0.06,0.50
2018-12-12,10.09,9.99,10.12,9.94,38851,39472773.00,1.80,-0.30,-0.03,0.42
2018-12-13,9.84,9.70,9.84,9.54,154717,152199405.00,3.00,-2.90,-0.29,1.65
2018-12-14,9.65,9.35,9.68,9.31,92798,89516244.00,3.81,-3.61,-0.35,0.99
2018-12-17,9.34,9.33,9.37,9.16,58756,55292856.00,2.25,-0.21,-0.02,0.63
2018-12-18,9.19,9.42,9.42,9.18,55504,52572779.00,2.57,0.96,0.09,0.59
2018-12-19,9.42,9.25,9.44,9.25,40285,38312795.00,2.02,-1.80,-0.17,0.43
2018-12-20,9.22,9.37,9.42,9.21,60965,57909730.00,2.27,1.30,0.12,0.65
2018-12-21,9.28,9.37,9.47,9.27,48472,46213697.00,2.13,0.00,0.00,0.52
2018-12-24,9.37,9.47,9.49,9.34,51919,49783873.00,1.60,1.07,0.10,0.56
2018-12-25,9.36,9.34,9.39,9.07,76007,71261254.00,3.38,-1.37,-0.13,0.81
2018-12-26,9.31,9.40,9.46,9.26,52142,49710767.00,2.14,0.64,0.06,0.56
2018-12-27,9.53,9.21,9.62,9.18,62708,59891900.00,4.68,-2.02,-0.19,0.67
2018-12-28,9.29,9.18,9.31,9.14,42742,40096272.00,1.85,-0.33,-0.03,0.46