2009-01-05,-0.08,0.16,0.17,-0.09,30974,19285115.83,-162.50,200.00,0.32,2.22
2009-01-06,0.15,0.31,0.35,0.10,37480,24326154.95,156.25,93.75,0.15,2.68
2009-01-07,0.27,0.25,0.45,0.25,33288,21995820.36,64.52,-19.35,-0.06,2.38
2009-01-08,0.22,0.08,0.22,0.05,23078,14567843.72,68.00,-68.00,-0.17,1.65
2009-01-09,0.03,0.29,0.31,0.02,27143,17437324.38,362.50,262.50,0.21,1.94
2009-01-12,0.29,0.51,0.57,0.25,55715,38105693.32,110.34,75.86,0.22,3.99
2009-01-13,0.45,0.51,0.71,0.35,63017,44086411.48,70.59,0.00,0.00,4.51
2009-01-14,0.47,0.65,0.66,0.47,54701,38418822.20,37.25,27.45,0.14,3.92
2009-01-15,0.63,0.58,0.67,0.52,52649,37072703.50,23.08,-10.77,-0.07,3.77
2009-01-16,0.60,0.56,0.68,0.55,56238,39784449.83,22.41,-3.45,-0.02,4.03
2009-01-19,0.58,0.61,0.64,0.52,37416,26201592.10,21.43,8.93,0.05,2.68
2009-01-20,0.61,0.67,0.68,0.58,40018,28459487.46,16.39,9.84,0.06,2.86
2009-01-21,0.58,0.50,0.58,0.45,63565,43712957.24,19.40,-25.37,-0.17,4.55
2009-01-22,0.50,0.48,0.50,0.37,45447,30773058.35,26.00,-4.00,-0.02,3.25
2009-01-23,0.44,0.57,0.61,0.40,49168,34204376.73,43.75,18.75,0.09,3.52
2009-02-02,0.57,0.67,0.69,0.51,40519,28581180.46,31.58,17.54,0.10,2.90
2009-02-03,0.65,0.76,0.79,0.62,56405,40707717.35,25.37,13.43,0.09,4.04
2009-02-04,0.79,0.91,1.02,0.77,69661,52194384.29,32.89,19.74,0.15,4.99
2009-02-05,0.91,0.92,1.13,0.85,88604,67838693.71,30.77,1.10,0.01,6.34
2009-02-06,0.93,1.10,1.15,0.93,80756,62337616.26,23.91,19.57,0.18,5.78
2009-02-09,1.19,1.37,1.50,1.19,100194,81480603.79,28.18,24.55,0.27,7.17
2009-02-10,1.38,1.41,1.41,1.21,69418,56235367.55,14.60,2.92,0.04,4.97
2009-02-11,1.34,1.52,1.74,1.25,96733,82119214.03,34.75,7.80,0.11,6.92
2009-02-12,1.47,1.55,1.65,1.25,58150,48328962.58,26.32,1.97,0.03,4.16
2009-02-13,1.55,1.71,1.72,1.43,77657,66029188.17,18.71,10.32,0.16,5.56
2009-02-16,1.75,2.29,2.29,1.75,160132,149588009.12,31.58,33.92,0.58,11.46
2009-02-17,2.35,1.96,2.36,1.96,109361,101812040.27,17.47,-14.41,-0.33,7.83
2009-02-18,1.81,1.45,1.90,1.41,79512,68930758.27,25.00,-26.02,-0.51,5.69
2009-02-19,1.55,1.69,1.80,1.50,80618,69044591.36,20.69,16.55,0.24,5.77
2009-02-20,1.71,2.10,2.13,1.70,74028,66442292.81,25.44,24.26,0.41,5.30
2009-02-23,1.90,2.21,2.23,1.76,126567,115929487.21,22.38,5.24,0.11,9.06
2009-02-24,2.13,1.73,2.13,1.65,107535,96068781.44,21.72,-21.72,-0.48,7.70
2009-02-25,1.73,1.88,1.97,1.72,124576,111068339.76,14.45,8.67,0.15,8.92
2009-02-26,1.88,1.43,2.02,1.31,50914,44616579.91,37.77,-23.94,-0.45,3.64
2009-02-27,1.36,1.04,1.36,0.91,49549,38274820.09,31.47,-27.27,-0.39,3.55
2009-03-02,0.90,1.15,1.25,0.83,29483,23072850.62,40.38,10.58,0.11,2.11
2009-03-03,0.97,1.25,1.34,0.88,35460,27804575.75,40.00,8.70,0.10,2.54
2009-03-04,1.25,1.53,1.55,1.21,50354,41770137.45,27.20,22.40,0.28,3.60
2009-03-05,1.60,1.48,1.66,1.32,50673,42257974.90,22.22,-3.27,-0.05,3.63
2009-03-06,1.37,1.31,1.41,1.22,38500,31201037.60,12.84,-11.49,-0.17,2.76
2009-03-09,1.31,1.03,1.47,1.02,37498,30055026.52,34.35,-21.37,-0.28,2.68
2009-03-10,0.97,1.23,1.26,0.94,24323,19069045.28,31.07,19.42,0.20,1.74
2009-03-11,1.33,1.33,1.55,1.27,39059,32238396.29,22.76,8.13,0.10,2.80
2009-03-12,1.30,1.40,1.45,1.07,32390,26325379.33,28.57,5.26,0.07,2.32
2009-03-13,1.51,1.51,1.65,1.45,63307,53710857.01,14.29,7.86,0.11,4.53
2009-03-16,1.43,1.45,1.51,1.28,26852,22122936.71,15.23,-3.97,-0.06,1.92
2009-03-17,1.55,1.85,1.85,1.53,102560,88515152.12,22.07,27.59,0.40,7.34
2009-03-18,1.82,2.05,2.13,1.73,128052,116939794.49,21.62,10.81,0.20,9.17
2009-03-19,1.95,2.03,2.05,1.78,93060,83996725.40,13.17,-0.98,-0.02,6.66
2009-03-20,1.97,2.07,2.19,1.85,100735,93312876.29,16.75,1.97,0.04,7.21
2009-03-23,2.15,2.20,2.45,2.14,99478,95221205.41,14.98,6.28,0.13,7.12
2009-03-24,2.31,2.15,2.38,2.07,56774,53247193.53,14.09,-2.27,-0.05,4.06
2009-03-25,2.11,1.92,2.14,1.89,59936,54608134.27,11.63,-10.70,-0.23,4.29
2009-03-26,1.91,2.04,2.05,1.71,57896,51955710.53,17.71,6.25,0.12,4.14
2009-03-27,2.11,2.04,2.33,1.98,108096,101369279.00,17.16,0.00,0.00,7.74
2009-03-30,2.06,1.84,2.06,1.82,65588,58608099.32,11.76,-9.80,-0.20,4.69
2009-03-31,1.73,1.87,1.87,1.69,36172,31821782.32,9.78,1.63,0.03,2.59
2009-04-01,1.92,2.22,2.31,1.85,106966,97816754.01,24.60,18.72,0.35,7.66
2009-04-02,2.21,2.16,2.31,2.05,78875,74045309.84,11.71,-2.70,-0.06,5.65
2009-04-03,2.19,1.99,2.23,1.95,54029,49584489.66,12.96,-7.87,-0.17,3.87
2009-04-07,1.99,1.97,2.02,1.87,39372,35579072.26,7.54,-1.01,-0.02,2.82
2009-04-08,1.97,1.68,1.97,1.68,44598,39413055.83,14.72,-14.72,-0.29,3.19
2009-04-09,1.62,1.77,1.79,1.62,34850,30262456.42,10.12,5.36,0.09,2.49
2009-04-10,1.77,2.02,2.03,1.70,92415,82492547.67,18.64,14.12,0.25,6.62
2009-04-13,2.05,2.37,2.45,1.91,162585,153445282.40,26.73,17.33,0.35,11.64
2009-04-14,2.31,2.45,2.47,2.18,143436,138563819.83,12.24,3.38,0.08,10.27
2009-04-15,2.40,2.55,2.64,2.29,98377,96788199.11,14.29,4.08,0.10,7.04
2009-04-16,2.45,2.63,2.77,2.27,138928,138371337.05,19.61,3.14,0.08,9.94
2009-04-17,2.51,2.25,2.51,2.25,74686,71907183.42,9.89,-14.45,-0.38,5.35
2009-04-20,2.19,2.33,2.37,2.18,50868,48643417.48,8.44,3.56,0.08,3.64
2009-04-21,2.25,2.17,2.37,2.10,47983,45372451.24,11.59,-6.87,-0.16,3.43
2009-04-22,2.19,1.91,2.30,1.89,64975,60202869.11,18.89,-11.98,-0.26,4.65
2009-04-23,1.88,1.78,1.89,1.70,48844,42994409.04,9.95,-6.81,-0.13,3.50
2009-04-24,1.85,1.68,1.85,1.68,56299,49278573.56,9.55,-5.62,-0.10,4.03
2009-04-27,1.61,1.30,1.71,1.24,49108,40437782.32,27.98,-22.62,-0.38,3.52
2009-04-28,1.25,1.31,1.37,1.17,41614,33440814.24,15.38,0.77,0.01,2.98
2009-04-29,1.32,1.41,1.43,1.26,33569,27497568.77,12.98,7.63,0.10,2.40
2009-04-30,1.41,1.75,1.90,1.41,91501,79549911.62,34.75,24.11,0.34,6.55
2009-05-04,1.81,2.30,2.33,1.81,101669,95286786.30,29.71,31.43,0.55,7.28
2009-05-05,2.65,2.57,2.94,2.52,220089,224643774.50,18.26,11.74,0.27,15.75
2009-05-06,2.57,2.57,2.57,2.30,129164,126258009.84,10.51,0.00,0.00,9.25
2009-05-07,2.65,3.19,3.23,2.64,250257,264891484.91,22.96,24.12,0.62,17.91
2009-05-08,2.99,3.19,3.49,2.87,163122,179285167.60,19.44,0.00,0.00,11.68
2009-05-11,3.21,3.48,3.89,3.21,175909,203810683.37,21.32,9.09,0.29,12.59
2009-05-12,3.43,3.60,3.68,3.25,76928,87513216.44,12.36,3.45,0.12,5.51
2009-05-13,3.60,3.50,3.96,3.46,71846,83834859.43,13.89,-2.78,-0.10,5.14
2009-05-14,3.31,3.41,3.44,3.12,55146,60759778.54,9.14,-2.57,-0.09,3.95
2009-05-15,3.38,3.17,3.39,3.11,49088,53705246.69,8.21,-7.04,-0.24,3.51
2009-05-18,3.17,3.29,3.31,2.98,53650,58274983.78,10.41,3.79,0.12,3.84
2009-05-19,3.28,3.61,3.87,3.18,88288,100990332.17,20.97,9.73,0.32,6.32
2009-05-20,3.63,3.48,3.73,3.45,38363,44189844.34,7.76,-3.60,-0.13,2.75
2009-05-21,3.34,3.18,3.58,3.11,47106,51912969.05,13.51,-8.62,-0.30,3.37
2009-05-25,2.87,3.01,3.03,2.77,34364,36091677.30,8.18,-5.35,-0.17,2.46
2009-05-26,3.01,2.99,3.20,2.95,27762,29689217.94,8.31,-0.66,-0.02,1.99
2009-05-27,2.99,3.18,3.29,2.89,35359,38015326.44,13.38,6.35,0.19,2.53
2009-06-01,3.18,3.33,3.39,3.09,31961,35157911.94,9.43,4.72,0.15,2.29
2009-06-02,3.31,3.23,3.41,3.15,32008,35524736.71,7.81,-3.00,-0.10,2.29
2009-06-03,3.22,3.21,3.37,3.15,32095,35226508.10,6.81,-0.62,-0.02,2.30
2009-06-04,3.21,3.58,3.79,3.19,87769,101086242.83,18.69,11.53,0.37,6.28
2009-06-05,3.63,3.98,4.21,3.39,108292,130914101.07,22.91,11.17,0.40,7.75
2009-06-08,4.01,4.24,4.34,3.72,74546,91286436.01,15.58,6.53,0.26,5.34
2009-06-09,4.12,4.27,4.38,3.85,59346,73218818.56,12.50,0.71,0.03,4.25
2009-06-10,4.27,4.55,4.70,4.18,66000,84820797.47,12.18,6.56,0.28,4.72
2009-06-11,4.61,4.65,4.69,4.30,34269,44162155.08,8.57,2.20,0.10,2.45
2009-06-12,4.55,4.31,4.88,4.07,76189,96851536.85,17.42,-7.31,-0.34,5.45
2009-06-15,4.21,4.15,4.21,4.03,17501,21475261.13,4.18,-3.71,-0.16,1.25
2009-06-16,4.11,4.35,4.56,4.09,34261,43615499.40,11.33,4.82,0.20,2.45
2009-06-17,4.25,4.75,4.90,4.22,66555,87285269.13,15.63,9.20,0.40,4.76
2009-06-18,4.76,4.63,4.87,4.61,24403,32216671.07,5.47,-2.53,-0.12,1.75
2009-06-19,4.63,4.58,4.89,4.45,22343,29158637.21,9.50,-1.08,-0.05,1.60
2009-06-22,4.58,5.08,5.16,4.58,49234,66977971.53,12.66,10.92,0.50,3.52
2009-06-23,4.97,6.00,6.00,4.79,74290,108198750.33,23.82,18.11,0.92,5.32
2009-06-24,6.23,5.84,6.23,5.75,53419,80691412.42,8.00,-2.67,-0.16,3.82
2009-06-25,5.81,6.58,6.79,5.49,62153,96678410.31,22.26,12.67,0.74,4.45
2009-06-26,6.43,6.65,6.85,6.30,46530,74371694.54,8.36,1.06,0.07,3.33
2009-06-29,6.58,6.55,7.15,6.38,33518,54322546.24,11.58,-1.50,-0.10,2.40
2009-06-30,6.43,6.67,6.77,6.28,26267,41954562.69,7.48,1.83,0.12,1.88
2009-07-01,6.63,7.18,7.31,6.46,38674,64076166.04,12.74,7.65,0.51,2.77
2009-07-02,7.25,7.18,7.41,6.89,30560,51164637.72,7.24,0.00,0.00,2.19
2009-07-03,7.03,6.95,7.29,6.89,25531,42389346.83,5.57,-3.20,-0.23,1.83
2009-07-06,6.95,7.65,7.78,6.91,53879,92760237.01,12.52,10.07,0.70,3.86
2009-07-07,7.67,7.54,8.07,7.31,38293,67061860.12,9.93,-1.44,-0.11,2.74
2009-07-08,7.31,7.36,7.53,7.01,26289,44771327.85,6.90,-2.39,-0.18,1.88
2009-07-09,7.35,7.39,7.92,7.25,17817,31112833.07,9.10,0.41,0.03,1.28
2009-07-10,7.40,7.09,7.48,7.06,26416,44448252.22,5.68,-4.06,-0.30,1.89
2009-07-13,7.03,6.82,7.03,6.76,28642,46927293.77,3.81,-3.81,-0.27,2.05
2009-07-14,6.81,7.01,7.03,6.81,34941,57707050.53,3.23,2.79,0.19,2.50
2009-07-15,7.02,7.31,7.56,6.99,49981,85776419.09,8.13,4.28,0.30,3.58
2009-07-16,7.32,7.20,7.51,7.00,33227,56365829.59,6.98,-1.50,-0.11,2.38
2009-07-17,7.13,7.27,7.53,7.07,30731,52508779.81,6.39,0.97,0.07,2.20
2009-07-20,7.29,7.67,7.81,7.24,45636,80130035.30,7.84,5.50,0.40,3.27
2009-07-21,7.62,7.21,7.95,7.14,34332,60088337.11,10.56,-6.00,-0.46,2.46
2009-07-22,7.20,7.32,7.53,7.17,18900,32370724.79,4.99,1.53,0.11,1.35
2009-07-23,7.33,7.27,7.33,7.11,16984,28637493.81,3.01,-0.68,-0.05,1.22
2009-07-24,7.27,7.09,7.33,6.27,59918,96782982.60,14.58,-2.48,-0.18,4.29
2009-07-27,6.73,7.27,7.42,6.60,45132,76304532.85,11.57,2.54,0.18,3.23
2009-07-28,7.28,7.92,8.07,7.15,74948,132487296.69,12.65,8.94,0.65,5.36
2009-07-29,8.07,7.93,9.12,6.72,77788,145160393.51,30.30,0.13,0.01,5.57
2009-07-30,8.07,8.80,8.92,8.07,62342,118560065.45,10.72,10.97,0.87,4.46
2009-07-31,9.16,8.80,9.18,8.40,44944,86352203.67,8.86,0.00,0.00,3.22
2009-08-03,8.80,9.21,9.23,8.65,62256,122080788.73,6.59,4.66,0.41,4.46
2009-08-04,9.03,8.79,9.17,8.47,55318,105944254.04,7.60,-4.56,-0.42,3.96
2009-08-05,8.73,8.00,8.73,7.81,62554,113755002.29,10.47,-8.99,-0.79,4.48
2009-08-06,7.87,7.61,8.20,7.04,44513,76414977.07,14.50,-4.88,-0.39,3.19
2009-08-07,7.43,6.93,7.55,6.87,38863,66259783.61,8.94,-8.94,-0.68,2.78
2009-08-10,7.01,6.77,7.32,6.34,51587,82804662.81,14.14,-2.31,-0.16,3.69
2009-08-11,6.77,6.78,6.87,6.53,35758,57773668.68,5.02,0.15,0.01,2.56
2009-08-12,6.75,6.31,6.76,6.11,45963,71583151.17,9.59,-6.93,-0.47,3.29
2009-08-13,6.33,6.53,6.60,5.94,33958,53204054.02,10.46,3.49,0.22,2.43
2009-08-14,6.52,6.03,6.52,6.00,25368,39162503.72,7.96,-7.66,-0.50,1.82
2009-08-17,5.87,5.02,5.89,5.02,32089,45804634.80,14.43,-16.75,-1.01,2.30
2009-08-18,5.00,5.43,5.59,4.87,67703,95656021.08,14.34,8.17,0.41,4.85
2009-08-19,5.26,4.71,5.32,4.49,30424,40857644.77,15.29,-13.26,-0.72,2.18
2009-08-20,4.61,5.09,5.25,4.57,42605,57525153.09,14.44,8.07,0.38,3.05
2009-08-21,5.40,5.60,6.01,5.13,84779,123423190.98,17.29,10.02,0.51,6.07
2009-08-24,5.56,5.59,5.62,5.27,38468,54868988.31,6.25,-0.18,-0.01,2.75
2009-08-25,5.40,4.73,5.40,4.67,48511,65163856.65,13.06,-15.38,-0.86,3.47
2009-08-26,4.65,5.01,5.21,4.53,55849,75237838.30,14.38,5.92,0.28,4.00
2009-08-27,4.82,5.03,5.23,4.62,49854,67242883.28,12.18,0.40,0.02,3.57
2009-08-28,4.96,4.61,5.00,4.48,32945,43144605.12,10.34,-8.35,-0.42,2.36
2009-08-31,4.60,3.75,4.60,3.75,37352,44551410.61,18.44,-18.66,-0.86,2.67
2009-09-01,3.53,3.63,3.85,3.41,22936,26459043.69,11.73,-3.20,-0.12,1.64
2009-09-02,3.59,3.51,3.72,3.31,36826,41715524.80,11.29,-3.31,-0.12,2.64
2009-09-03,3.51,4.27,4.27,3.45,68613,82099554.76,23.36,21.65,0.76,4.91
2009-09-04,4.27,4.31,4.55,4.13,54637,69149460.67,9.84,0.94,0.04,3.91
2009-09-07,4.27,4.29,4.53,4.13,35776,45276099.92,9.28,-0.46,-0.02,2.56
2009-09-08,4.07,4.55,4.57,3.87,62922,78467582.82,16.32,6.06,0.26,4.50
2009-09-09,4.50,5.25,5.35,4.47,105217,140959179.39,19.34,15.38,0.70,7.53
2009-09-10,5.13,5.37,5.67,5.00,107057,152381465.80,12.76,2.29,0.12,7.66
2009-09-11,5.20,5.37,5.57,5.08,52676,74349482.16,9.12,0.00,0.00,3.77
2009-09-14,5.47,5.41,5.53,5.27,42994,60898058.01,4.84,0.74,0.04,3.08
2009-09-15,5.40,5.71,5.99,5.33,59278,86656816.83,12.20,5.55,0.30,4.24
2009-09-16,5.64,5.67,5.82,5.47,61665,90037222.05,6.13,-0.70,-0.04,4.41
2009-09-17,5.65,5.76,5.92,5.63,31627,46663509.14,5.11,1.59,0.09,2.26
2009-09-18,5.61,5.27,5.79,5.11,40710,59002010.11,11.81,-8.51,-0.49,2.91
2009-09-21,5.23,5.07,5.23,4.45,58605,76669224.95,14.80,-3.80,-0.20,4.20
2009-09-22,4.85,4.45,5.01,4.43,56230,73751287.56,11.44,-12.23,-0.62,4.03
2009-09-23,4.47,4.03,4.59,3.86,49172,60682368.45,16.40,-9.44,-0.42,3.52
2009-09-24,3.93,4.07,4.23,3.65,38645,46126226.85,14.39,0.99,0.04,2.77
2009-09-25,3.93,3.86,4.07,3.81,30272,36294039.86,6.39,-5.16,-0.21,2.17
2009-09-28,3.86,3.70,4.06,3.61,26721,31553049.14,11.66,-4.15,-0.16,1.91
2009-09-29,3.69,3.51,3.73,3.32,20874,23671782.78,11.08,-5.14,-0.19,1.49
2009-09-30,3.53,3.59,3.75,3.53,22291,25839576.24,6.27,2.28,0.08,1.60
2009-10-09,3.80,4.03,4.07,3.73,47562,56985977.83,9.47,12.26,0.44,3.40
2009-10-12,4.03,4.13,4.19,3.83,37008,44782909.81,8.93,2.48,0.10,2.65
2009-10-13,4.07,4.37,4.47,3.99,34614,43302983.09,11.62,5.81,0.24,2.48
2009-10-14,4.40,4.81,4.83,4.40,69585,90844123.01,9.84,10.07,0.44,4.98
2009-10-15,4.80,5.01,5.27,4.73,61444,84252873.78,11.23,4.16,0.20,4.40
2009-10-16,5.11,5.10,5.20,4.70,43026,57973825.95,9.98,1.80,0.09,3.08
2009-10-19,5.01,5.45,5.47,4.96,56464,79794942.83,10.00,6.86,0.35,4.04
2009-10-20,5.45,5.31,5.45,5.19,53804,75461371.89,4.77,-2.57,-0.14,3.85
2009-10-21,5.31,5.27,5.45,5.01,44385,62026719.15,8.29,-0.75,-0.04,3.18
2009-10-22,5.22,5.03,5.35,4.99,27912,38430956.05,6.83,-4.55,-0.24,2.00
2009-10-23,5.00,5.01,5.17,4.97,43080,59040640.05,3.98,-0.40,-0.02,3.08
2009-10-26,5.08,5.26,5.31,5.03,37278,51884458.47,5.59,4.99,0.25,2.67
2009-10-27,5.17,4.81,5.17,4.74,43116,58134786.13,8.17,-8.56,-0.45,3.09
2009-10-28,4.63,4.55,4.74,4.32,40496,52076073.41,8.73,-5.41,-0.26,2.90
2009-10-29,4.43,4.45,4.65,4.23,40383,51451094.60,9.23,-2.20,-0.10,2.89
2009-10-30,4.55,4.33,4.67,4.33,22177,28537384.16,7.64,-2.70,-0.12,1.59
2009-11-02,4.28,4.59,4.60,3.97,23846,30214291.48,14.55,6.00,0.26,1.71
2009-11-03,4.63,4.81,4.91,4.55,44836,59325400.11,7.84,4.79,0.22,3.21
2009-11-04,4.81,5.00,5.03,4.67,49669,66796880.17,7.48,3.95,0.19,3.56
2009-11-05,4.93,5.07,5.08,4.81,31941,43251981.42,5.40,1.40,0.07,2.29
2009-11-06,5.18,5.19,5.39,5.10,55087,77094157.60,5.72,2.37,0.12,3.94
2009-11-09,5.33,5.59,5.72,5.21,81258,117091458.90,9.83,7.71,0.40,5.82
2009-11-10,5.79,6.01,6.37,5.79,96469,146638383.10,10.38,7.51,0.42,6.91
2009-11-11,5.99,5.67,6.06,5.63,82025,122326587.95,7.15,-5.66,-0.34,5.87
2009-11-12,5.67,5.64,5.92,5.52,54328,79747033.59,7.05,-0.53,-0.03,3.89
2009-11-13,5.63,5.56,5.72,5.37,58032,83517521.46,6.21,-1.42,-0.08,4.15
2009-11-16,5.73,6.17,6.17,5.61,68702,103461382.33,10.07,10.97,0.61,4.92
2009-11-17,6.25,6.45,6.67,6.21,88674,140463853.27,7.46,4.54,0.28,6.35
2009-11-18,6.41,6.40,6.80,6.30,49595,78848522.89,7.75,-0.78,-0.05,3.55
2009-11-19,6.39,6.58,6.72,6.39,36386,57989091.28,5.16,2.81,0.18,2.60
2009-11-20,6.58,6.57,6.93,6.45,41314,66866546.80,7.29,-0.15,-0.01,2.96
2009-11-23,6.66,6.47,6.77,6.26,60110,94561674.71,7.76,-1.52,-0.10,4.30
2009-11-24,6.79,6.53,7.20,6.47,156274,256160706.98,11.28,0.93,0.06,11.19
2009-11-25,6.40,6.95,7.00,6.13,79973,127553318.13,13.32,6.43,0.42,5.72
2009-11-26,6.87,6.34,7.00,6.33,53667,86252541.63,9.64,-8.78,-0.61,3.84
2009-11-27,6.13,5.89,6.22,5.81,37120,55952889.44,6.47,-7.10,-0.45,2.66
2009-11-30,5.87,6.19,6.20,5.81,20262,30854809.38,6.62,5.09,0.30,1.45
2009-12-01,6.17,6.37,6.40,6.05,51571,80059005.73,5.65,2.91,0.18,3.69
2009-12-02,6.56,6.40,6.66,6.35,41231,65226203.85,4.87,0.47,0.03,2.95
2009-12-03,6.39,6.37,6.65,6.33,34951,55125925.41,5.00,-0.47,-0.03,2.50
2009-12-04,6.40,6.83,7.15,6.40,130906,214421215.97,11.77,7.22,0.46,9.37
2009-12-07,6.92,7.33,7.60,6.74,112625,190985189.25,12.59,7.32,0.50,8.06
2009-12-08,7.33,7.25,7.43,6.99,53647,90964243.94,6.00,-1.09,-0.08,3.84
2009-12-09,6.95,7.26,7.47,6.93,41450,70288407.12,7.45,0.14,0.01,2.97
2009-12-10,7.57,7.23,7.57,7.13,29095,49532610.86,6.06,-0.41,-0.03,2.08
2009-12-11,7.33,7.19,7.46,7.14,26285,44743116.60,4.43,-0.55,-0.04,1.88
2009-12-14,7.07,6.90,7.19,6.77,35536,58707540.32,5.84,-4.03,-0.29,2.54
2009-12-15,6.90,6.92,7.09,6.81,15193,25111268.93,4.06,0.29,0.02,1.09
2009-12-16,6.89,7.00,7.13,6.80,19716,32756815.32,4.77,1.16,0.08,1.41
2009-12-17,7.05,6.90,7.07,6.78,22634,37423623.89,4.14,-1.43,-0.10,1.62
2009-12-18,6.73,6.47,6.79,6.24,16123,25670532.52,7.97,-6.23,-0.43,1.15
2009-12-21,6.43,6.40,6.56,6.31,10328,16282115.46,3.86,-1.08,-0.07,0.74
2009-12-22,6.37,6.01,6.55,5.98,22480,35042082.25,8.91,-6.09,-0.39,1.61
2009-12-23,6.05,6.20,6.36,6.05,22184,34300732.58,5.16,3.16,0.19,1.59
2009-12-24,6.19,6.70,6.77,6.12,31236,49811263.65,10.48,8.06,0.50,2.24
2009-12-25,6.87,7.27,7.30,6.66,54001,90666174.31,9.55,8.51,0.57,3.87
2009-12-28,7.38,7.24,7.50,7.13,50180,86216023.58,5.09,-0.41,-0.03,3.59
2009-12-29,7.24,7.81,7.93,7.13,54645,95173487.85,11.05,7.87,0.57,3.91
2009-12-31,7.81,7.97,8.16,7.33,33799,60053893.77,10.63,2.05,0.16,2.42