2018-01-02,11.96,11.98,12.06,11.83,5975,14592057.00,1.93,0.34,0.04,2.84
2018-01-03,11.98,11.95,12.00,11.85,5635,13748006.00,1.25,-0.25,-0.03,2.68
2018-01-04,11.95,11.82,12.00,11.78,6277,15261442.00,1.84,-1.09,-0.13,2.98
2018-01-05,11.78,11.85,11.89,11.78,5591,13538346.00,0.93,0.25,0.03,2.66
2018-01-08,11.84,11.83,11.85,11.68,5560,13389672.00,1.43,-0.17,-0.02,2.64
2018-01-09,11.83,11.93,11.93,11.77,6538,15885640.00,1.35,0.85,0.10,3.11
2018-01-10,11.93,11.65,11.93,11.56,7683,18400251.00,3.10,-2.35,-0.28,3.65
2018-01-11,11.60,11.87,11.88,11.53,6435,15491788.00,3.00,1.89,0.22,3.06
2018-01-12,11.86,11.78,11.98,11.74,6010,14529951.00,2.02,-0.76,-0.09,2.86
2018-01-15,11.73,11.37,11.78,11.35,8939,21153298.00,3.65,-3.48,-0.41,4.25
2018-01-16,11.36,11.65,11.71,11.36,4909,11648983.00,3.08,2.46,0.28,2.33
2018-01-17,11.65,12.02,12.04,11.59,10629,25783613.00,3.86,3.18,0.37,5.05
2018-01-18,12.11,12.11,12.90,12.02,15719,39333748.00,7.32,0.75,0.09,7.47
2018-01-19,11.98,11.99,12.50,11.92,12530,31186288.00,4.79,-0.99,-0.12,5.95
2018-01-22,11.83,11.87,11.96,11.57,10033,24124854.00,3.25,-1.00,-0.12,4.77
2018-01-23,11.83,11.97,12.15,11.83,7704,18805652.00,2.70,0.84,0.10,3.66
2018-01-24,11.91,12.08,12.12,11.78,9364,22979552.00,2.84,0.92,0.11,4.45
2018-01-25,12.10,11.92,12.17,11.92,7446,18346341.00,2.07,-1.32,-0.16,3.54
2018-01-26,11.92,11.72,11.96,11.66,5800,14014306.00,2.52,-1.68,-0.20,2.76
2018-01-29,11.63,11.58,11.76,11.48,4324,10287457.00,2.39,-1.19,-0.14,2.05
2018-01-30,11.57,11.54,11.59,11.46,4858,11474176.00,1.12,-0.35,-0.04,2.31
2018-01-31,11.32,11.06,11.52,11.00,7718,17803090.00,4.51,-4.16,-0.48,3.67
2018-02-01,11.06,10.49,11.15,10.49,7844,17366841.00,5.97,-5.15,-0.57,3.73
2018-02-02,10.18,10.36,10.65,10.06,6230,13321761.00,5.62,-1.24,-0.13,2.96
2018-02-05,10.14,10.25,10.43,10.11,3428,7269649.00,3.09,-1.06,-0.11,1.63
2018-02-06,10.07,9.21,10.10,9.20,8634,17293529.00,8.78,-10.15,-1.04,4.10
2018-02-07,9.52,9.43,9.57,9.10,6432,12496638.00,5.10,2.39,0.22,3.06
2018-02-08,9.26,9.53,9.66,9.26,5007,9891077.00,4.24,1.06,0.10,2.38
2018-02-09,9.27,9.11,9.46,8.96,6593,12588945.00,5.25,-4.41,-0.42,3.13
2018-02-12,9.17,9.44,9.51,9.11,4353,8452018.00,4.39,3.62,0.33,2.07
2018-02-13,9.56,9.31,9.56,9.28,4243,8270340.00,2.97,-1.38,-0.13,2.02
2018-02-14,9.32,9.28,9.37,9.18,2623,5039750.00,2.04,-0.32,-0.03,1.25
2018-02-22,9.36,9.40,9.46,9.30,2771,5400372.00,1.72,1.29,0.12,1.32
2018-02-23,9.40,9.45,9.51,9.37,3780,7391148.00,1.49,0.53,0.05,1.80
2018-02-26,9.57,9.93,9.93,9.55,8987,18160403.00,4.02,5.08,0.48,4.27
2018-02-27,9.90,9.94,10.03,9.84,4933,10126152.00,1.91,0.10,0.01,2.34
2018-02-28,9.83,9.77,9.87,9.70,4652,9404219.00,1.71,-1.71,-0.17,2.21
2018-03-01,9.72,9.98,9.99,9.72,4444,9106771.00,2.76,2.15,0.21,2.11
2018-03-02,9.88,9.86,10.01,9.83,4002,8197930.00,1.80,-1.20,-0.12,1.90
2018-03-05,9.92,10.17,10.18,9.87,11473,23879423.00,3.14,3.14,0.31,5.45
2018-03-06,10.18,10.27,10.47,10.07,10342,22011682.00,3.93,0.98,0.10,4.91
2018-03-07,10.27,10.33,10.42,10.19,7146,15175122.00,2.24,0.58,0.06,3.39
2018-03-08,10.30,10.55,10.62,10.29,8884,19169660.00,3.19,2.13,0.22,4.22
2018-03-09,10.54,10.90,10.93,10.48,9701,21495995.00,4.27,3.32,0.35,4.61
2018-03-12,10.93,10.93,11.18,10.86,7095,15994205.00,2.94,0.28,0.03,3.37
2018-03-13,10.97,10.76,10.97,10.72,6366,14191650.00,2.29,-1.56,-0.17,3.02
2018-03-14,10.78,10.69,10.90,10.64,8735,19331939.00,2.42,-0.65,-0.07,4.15
2018-03-15,10.71,10.43,10.74,10.07,13498,28752411.00,6.27,-2.43,-0.26,6.41
2018-03-16,10.42,10.59,10.64,10.34,7047,15268102.00,2.88,1.53,0.16,3.35
2018-03-19,10.69,10.88,10.95,10.49,7696,17107687.00,4.34,2.74,0.29,3.66
2018-03-20,10.85,11.11,11.11,10.73,8380,18844522.00,3.49,2.11,0.23,3.98
2018-03-21,11.07,11.30,11.44,11.04,14449,33321609.00,3.60,1.71,0.19,6.86
2018-03-22,11.66,11.42,11.66,11.15,11288,26255666.00,4.51,1.06,0.12,5.36
2018-03-23,11.06,10.63,11.98,10.53,14891,33834867.00,12.70,-6.92,-0.79,7.07
2018-03-26,10.67,10.95,11.11,10.20,10691,23566586.00,8.56,3.01,0.32,5.08
2018-03-27,11.49,11.25,11.62,10.95,13468,31260971.00,6.12,2.74,0.30,6.40
2018-03-28,11.26,12.03,12.44,11.11,33804,83153734.00,11.82,6.93,0.78,16.06
2018-03-29,11.82,11.89,12.38,11.52,19329,46646149.00,7.15,-1.16,-0.14,9.18
2018-03-30,12.22,11.93,12.22,11.75,15192,36985300.00,3.95,0.34,0.04,7.22
2018-04-02,11.98,11.85,12.23,11.66,14649,35843443.00,4.78,-0.67,-0.08,6.96
2018-04-03,11.83,11.70,11.85,11.56,11622,27759728.00,2.45,-1.27,-0.15,5.52
2018-04-04,11.87,11.87,12.06,11.72,12628,30697996.00,2.91,1.45,0.17,6.00
2018-04-09,11.87,12.16,12.16,11.63,12714,31102846.00,4.47,2.44,0.29,6.04
2018-04-10,12.00,12.00,12.22,11.62,12129,29552053.00,4.93,-1.32,-0.16,5.76
2018-04-11,12.16,12.64,12.67,12.04,22034,56031435.00,5.25,5.33,0.64,10.47
2018-04-12,12.65,12.93,13.00,12.59,24165,63215941.00,3.24,2.29,0.29,11.48
2018-04-13,11.88,12.09,12.32,11.80,32775,81119230.00,4.02,-6.50,-0.84,15.57
2018-04-16,11.99,11.98,12.16,11.85,12753,31278090.00,2.56,-0.91,-0.11,6.06
2018-04-17,12.00,11.23,12.12,11.04,10374,24502619.00,9.02,-6.26,-0.75,4.93
2018-04-18,11.26,11.48,11.60,10.90,8348,19261071.00,6.23,2.23,0.25,3.97
2018-04-19,11.42,11.17,11.50,10.95,6762,15757095.00,4.79,-2.70,-0.31,3.21
2018-04-20,11.15,10.80,11.16,10.70,6123,13704741.00,4.12,-3.31,-0.37,2.91
2018-04-23,10.81,10.74,10.89,10.60,4330,9571140.00,2.69,-0.56,-0.06,2.06
2018-04-24,10.85,11.41,11.46,10.75,8122,18692448.00,6.61,6.24,0.67,3.86
2018-04-25,11.21,11.53,11.56,11.21,7069,16559888.00,3.07,1.05,0.12,3.36
2018-04-26,11.43,11.36,11.47,11.32,4639,10825253.00,1.30,-1.47,-0.17,2.20
2018-04-27,11.37,11.46,11.66,11.37,5079,11989267.00,2.55,0.88,0.10,2.41
2018-05-02,11.69,11.32,11.72,11.32,4630,10883675.00,3.49,-1.22,-0.14,2.20
2018-05-03,11.19,11.44,11.51,10.98,4342,10047178.00,4.68,1.06,0.12,2.06
2018-05-04,11.46,11.32,11.56,11.21,3878,9060521.00,3.06,-1.05,-0.12,1.84
2018-05-07,11.26,11.72,11.74,11.26,8415,20001084.00,4.24,3.53,0.40,4.00
2018-05-08,11.71,11.90,11.95,11.63,6661,16097512.00,2.73,1.54,0.18,3.16
2018-05-09,11.96,11.79,11.96,11.72,4768,11565098.00,2.02,-0.92,-0.11,2.27
2018-05-10,11.77,11.94,12.07,11.75,7632,18593331.00,2.71,1.27,0.15,3.63
2018-05-11,11.97,11.68,11.98,11.68,6656,16111079.00,2.51,-2.18,-0.26,3.16
2018-05-14,11.65,11.79,11.93,11.63,3732,8988620.00,2.57,0.94,0.11,1.77
2018-05-15,11.80,12.14,12.15,11.72,8417,20617078.00,3.65,2.97,0.35,4.00
2018-05-16,12.04,11.91,12.14,11.89,5792,14259053.00,2.06,-1.89,-0.23,2.75
2018-05-17,11.91,12.02,12.03,11.89,3722,9104067.00,1.18,0.92,0.11,1.77
2018-05-18,12.02,12.10,12.12,11.83,5021,12318079.00,2.41,0.67,0.08,2.39
2018-05-21,12.10,12.34,12.37,12.08,6959,17444349.00,2.40,1.98,0.24,3.31
2018-05-22,12.43,12.44,12.48,12.26,5148,12903996.00,1.78,0.81,0.10,2.45
2018-05-23,12.45,12.27,12.58,12.27,6224,15683072.00,2.49,-1.37,-0.17,2.96
2018-05-24,12.26,12.38,12.47,12.26,5883,14756221.00,1.71,0.90,0.11,2.79
2018-05-25,12.24,12.52,12.69,12.24,9882,25119022.00,3.63,1.13,0.14,4.69
2018-05-28,12.48,12.43,12.61,12.23,6219,15659762.00,3.04,-0.72,-0.09,2.95
2018-05-29,12.35,12.09,12.56,12.04,7645,19227628.00,4.18,-2.74,-0.34,3.63
2018-05-30,11.70,11.29,11.70,11.17,8928,20809590.00,4.38,-6.62,-0.80,4.24
2018-05-31,11.37,11.55,11.58,11.30,3948,9229972.00,2.48,2.30,0.26,1.88
2018-06-01,11.45,11.58,12.09,11.45,6990,16621196.00,5.54,0.26,0.03,3.32
2018-06-04,11.62,11.96,12.07,11.56,6023,14530075.00,4.40,3.28,0.38,2.86
2018-06-05,11.96,12.25,12.27,11.92,6430,15807280.00,2.93,2.42,0.29,3.05
2018-06-06,12.16,12.29,12.32,12.12,5679,14073317.00,1.63,0.33,0.04,2.70
2018-06-07,12.32,11.92,12.32,11.84,4663,11403003.00,3.91,-3.01,-0.37,2.22
2018-06-08,11.91,11.83,12.02,11.81,4862,11737769.00,1.76,-0.76,-0.09,2.31
2018-06-11,11.65,11.68,12.01,11.65,4345,10396218.00,3.04,-1.27,-0.15,2.06
2018-06-12,11.69,11.64,11.77,11.11,5308,12387584.00,5.65,-0.34,-0.04,2.52
2018-06-13,11.64,11.27,11.65,11.18,4550,10511198.00,4.04,-3.18,-0.37,2.16
2018-06-14,11.13,11.35,11.56,11.13,3618,8368817.00,3.82,0.71,0.08,1.72
2018-06-15,11.27,10.79,11.40,10.79,4559,10231898.00,5.37,-4.93,-0.56,2.17
2018-06-19,10.28,9.66,10.56,9.66,6775,13863472.00,8.34,-10.47,-1.13,3.22
2018-06-20,9.67,10.11,10.63,9.63,5283,10774373.00,10.35,4.66,0.45,2.51
2018-06-21,10.04,9.45,10.20,9.37,6811,13496599.00,8.21,-6.53,-0.66,3.24
2018-06-22,9.41,10.38,10.45,9.33,11717,24289783.00,11.85,9.84,0.93,5.57
2018-06-25,10.79,10.74,11.05,10.28,13145,28470530.00,7.42,3.47,0.36,6.24
2018-06-26,11.03,10.69,11.03,10.22,11236,24397503.00,7.54,-0.47,-0.05,5.34
2018-06-27,11.10,10.64,11.10,10.56,8327,18199018.00,5.05,-0.47,-0.05,3.96
2018-06-28,10.43,10.08,10.50,9.94,7473,15658730.00,5.26,-5.26,-0.56,3.55
2018-06-29,9.87,10.37,10.52,9.87,5984,12555963.00,6.45,2.88,0.29,2.32
2018-07-02,10.30,10.12,10.39,9.89,5413,11261305.00,4.82,-2.41,-0.25,2.09
2018-07-03,10.11,10.36,10.40,10.06,5012,10511056.00,3.36,2.37,0.24,1.94
2018-07-04,10.28,10.05,10.30,9.86,5268,10860939.00,4.25,-2.99,-0.31,2.04
2018-07-05,10.05,9.72,10.12,9.72,3996,8117166.00,3.98,-3.28,-0.33,1.55
2018-07-06,9.77,9.84,9.96,9.56,3966,7982379.00,4.12,1.23,0.12,1.53
2018-07-09,9.76,10.07,10.08,9.66,3133,6380929.00,4.27,2.34,0.23,1.21
2018-07-10,9.92,10.28,10.49,9.87,6197,12972733.00,6.16,2.09,0.21,2.40
2018-07-11,10.21,10.05,10.21,9.83,4175,8562402.00,3.70,-2.24,-0.23,1.62
2018-07-12,10.06,10.30,10.38,10.05,6773,14271262.00,3.28,2.49,0.25,2.62
2018-07-13,10.32,10.31,10.42,10.13,4553,9527581.00,2.82,0.10,0.01,1.76
2018-07-16,10.22,10.29,10.37,10.18,3255,6812925.00,1.84,-0.19,-0.02,1.26
2018-07-17,10.29,10.30,10.30,10.03,4315,8970547.00,2.62,0.10,0.01,1.67
2018-07-18,10.30,10.35,10.69,10.19,9860,20960015.00,4.85,0.49,0.05,3.81
2018-07-19,10.35,10.12,10.37,10.09,3268,6828601.00,2.71,-2.22,-0.23,1.26
2018-07-20,10.13,10.28,10.35,10.03,3399,7094348.00,3.16,1.58,0.16,1.32
2018-07-23,10.28,10.30,10.35,10.17,2167,4531930.00,1.75,0.19,0.02,0.84
2018-07-24,10.30,10.42,10.46,10.27,4687,9935761.00,1.84,1.17,0.12,1.81
2018-07-25,10.38,10.37,10.53,10.23,4356,9222464.00,2.88,-0.48,-0.05,1.69
2018-07-26,10.36,10.28,10.40,10.16,3352,7045735.00,2.31,-0.87,-0.09,1.30
2018-07-27,10.28,10.18,10.29,10.18,1853,3875935.00,1.07,-0.97,-0.10,0.72
2018-07-30,10.13,9.94,10.16,9.83,2414,4945517.00,3.24,-2.36,-0.24,0.93
2018-07-31,9.94,10.08,10.13,9.94,3266,6718315.00,1.91,1.41,0.14,1.26
2018-08-01,10.02,9.98,10.39,9.98,5502,11489577.00,4.07,-0.99,-0.10,2.13
2018-08-02,10.18,10.08,10.38,9.67,7763,15916929.00,7.11,1.00,0.10,3.00
2018-08-03,10.26,10.08,10.27,10.02,2612,5401155.00,2.48,0.00,0.00,1.01
2018-08-06,9.97,9.97,10.17,9.85,2002,4113154.00,3.17,-1.09,-0.11,0.77
2018-08-07,10.06,10.14,10.16,9.97,2299,4735566.00,1.91,1.71,0.17,0.89
2018-08-08,10.15,9.97,10.15,9.96,1979,4057930.00,1.87,-1.68,-0.17,0.77
2018-08-09,9.97,10.16,10.40,9.82,3584,7464800.00,5.82,1.91,0.19,1.39
2018-08-10,10.27,10.21,10.29,10.07,1608,3355557.00,2.17,0.49,0.05,0.62
2018-08-13,10.05,10.28,10.32,9.98,2343,4874710.00,3.33,0.69,0.07,0.91
2018-08-14,10.30,10.45,10.63,10.24,5583,11909706.00,3.79,1.65,0.17,2.16
2018-08-15,10.50,10.28,10.50,10.25,2665,5633191.00,2.39,-1.63,-0.17,1.03
2018-08-16,10.28,10.18,10.28,10.03,2129,4413088.00,2.43,-0.97,-0.10,0.82
2018-08-17,10.23,9.92,10.31,9.86,2074,4257845.00,4.42,-2.55,-0.26,0.80
2018-08-20,9.92,10.17,10.28,9.79,4402,9094674.00,4.94,2.52,0.25,1.70
2018-08-21,10.20,10.12,10.26,10.00,2340,4847790.00,2.56,-0.49,-0.05,0.91
2018-08-22,10.17,10.04,10.17,9.98,1614,3319257.00,1.88,-0.79,-0.08,0.62
2018-08-23,9.93,10.02,10.14,9.93,2039,4196873.00,2.09,-0.20,-0.02,0.79
2018-08-24,10.02,10.11,10.27,9.93,3265,6764731.00,3.39,0.90,0.09,1.26
2018-08-27,10.08,10.18,10.19,10.08,2851,5917531.00,1.09,0.69,0.07,1.10
2018-08-28,10.17,10.12,10.22,10.09,1468,3045523.00,1.28,-0.59,-0.06,0.57
2018-08-29,10.12,10.07,10.13,10.03,887,1829388.00,0.99,-0.49,-0.05,0.34
2018-08-30,10.09,10.02,10.12,9.99,881,1809514.00,1.29,-0.50,-0.05,0.34
2018-08-31,10.02,9.90,10.10,9.88,1900,3873636.00,2.20,-1.20,-0.12,0.74
2018-09-03,9.90,9.95,10.17,9.70,2643,5356490.00,4.75,0.51,0.05,1.02
2018-09-04,9.87,9.96,10.02,9.79,1255,2552730.00,2.31,0.10,0.01,0.49
2018-09-05,9.87,9.78,9.96,9.77,1223,2471102.00,1.91,-1.81,-0.18,0.47
2018-09-06,9.77,9.64,9.83,9.59,1764,3518832.00,2.45,-1.43,-0.14,0.68
2018-09-07,9.64,9.64,9.76,9.56,1744,3461726.00,2.07,0.00,0.00,0.67
2018-09-10,9.65,9.39,9.67,9.25,971,1901633.00,4.36,-2.59,-0.25,0.38
2018-09-11,9.48,9.57,9.69,9.30,1795,3487892.00,4.15,1.92,0.18,0.69
2018-09-12,9.44,9.50,9.58,9.42,837,1632488.00,1.67,-0.73,-0.07,0.32
2018-09-13,9.55,9.50,9.61,9.37,2001,3886469.00,2.53,0.00,0.00,0.77
2018-09-14,9.49,9.35,9.50,9.35,1148,2211178.00,1.58,-1.58,-0.15,0.44
2018-09-17,9.30,9.15,9.38,9.10,759,1439170.00,2.99,-2.14,-0.20,0.29
2018-09-18,9.06,9.27,9.31,9.05,1790,3381556.00,2.84,1.31,0.12,0.69
2018-09-19,9.27,9.36,9.43,9.10,1749,3337126.00,3.56,0.97,0.09,0.68
2018-09-20,9.33,9.29,9.39,9.28,845,1619060.00,1.18,-0.75,-0.07,0.33
2018-09-21,9.30,9.40,9.40,9.26,1341,2573247.00,1.51,1.18,0.11,0.52
2018-09-25,9.41,9.43,9.49,9.33,1313,2535753.00,1.70,0.32,0.03,0.51
2018-09-26,9.52,9.43,9.52,9.38,1864,3614757.00,1.48,0.00,0.00,0.72
2018-09-27,9.29,9.31,9.46,9.29,1599,3070518.00,1.80,-1.27,-0.12,0.62
2018-09-28,9.25,9.33,9.37,9.15,2138,4089714.00,2.36,0.21,0.02,0.83
2018-10-08,9.20,9.11,9.25,9.05,1964,3693941.00,2.14,-2.36,-0.22,0.76
2018-10-09,9.24,9.07,9.24,9.07,1162,2175346.00,1.87,-0.44,-0.04,0.45
2018-10-10,9.12,9.12,9.18,8.86,1770,3288267.00,3.53,0.55,0.05,0.68
2018-10-11,8.90,8.39,9.00,8.24,3698,6554834.00,8.33,-8.00,-0.73,1.43
2018-10-12,8.37,8.73,8.84,7.81,4655,8021986.00,12.28,4.05,0.34,1.80
2018-10-15,8.94,8.45,8.94,8.30,2955,5255762.00,7.33,-3.21,-0.28,1.14
2018-10-16,8.58,8.13,8.58,8.12,2353,4031422.00,5.44,-3.79,-0.32,0.91
2018-10-17,8.23,8.13,8.36,8.05,3508,5922769.00,3.81,0.00,0.00,1.36
2018-10-18,8.08,8.19,8.58,7.94,4673,7963892.00,7.87,0.74,0.06,1.81
2018-10-19,8.09,8.34,8.38,8.05,4278,7308468.00,4.03,1.83,0.15,1.65
2018-10-22,8.35,8.64,8.84,8.30,6185,10966798.00,6.47,3.60,0.30,2.39
2018-10-23,8.58,8.64,8.78,8.41,3193,5666132.00,4.28,0.00,0.00,1.24
2018-10-24,8.54,8.48,8.64,8.45,2403,4237801.00,2.20,-1.85,-0.16,0.93
2018-10-25,8.16,8.31,8.37,8.16,3641,6206708.00,2.48,-2.00,-0.17,1.41
2018-10-26,8.35,8.28,8.46,8.14,2909,4989471.00,3.85,-0.36,-0.03,1.13
2018-10-29,8.25,8.28,8.32,8.18,1823,3110399.00,1.69,0.00,0.00,0.71
2018-10-30,8.10,8.33,8.39,8.09,1899,3252812.00,3.62,0.60,0.05,0.73
2018-10-31,8.31,8.48,8.57,8.31,4579,8018829.00,3.12,1.80,0.15,1.77
2018-11-01,8.49,8.48,8.68,8.46,4835,8540909.00,2.59,0.00,0.00,1.87
2018-11-02,8.58,8.67,8.73,8.53,3642,6472352.00,2.36,2.24,0.19,1.41
2018-11-05,8.71,8.73,8.94,8.54,4844,8713185.00,4.61,0.69,0.06,1.87
2018-11-06,8.73,8.59,8.73,8.44,3354,5914221.00,3.32,-1.60,-0.14,1.30
2018-11-07,8.56,8.63,8.69,8.56,2485,4419128.00,1.51,0.47,0.04,0.96
2018-11-08,8.68,8.63,8.73,8.46,3408,6085295.00,3.13,0.00,0.00,1.32
2018-11-09,8.67,8.74,8.74,8.47,2709,4826349.00,3.13,1.27,0.11,1.05
2018-11-12,8.70,9.03,9.18,8.57,4979,9143392.00,6.98,3.32,0.29,1.93
2018-11-13,8.94,9.08,9.15,8.85,5315,9879928.00,3.32,0.55,0.05,2.06
2018-11-14,9.05,9.07,9.16,9.00,4474,8361470.00,1.76,-0.11,-0.01,1.73
2018-11-15,9.26,9.54,9.61,9.26,12745,24669619.00,3.86,5.18,0.47,4.93
2018-11-16,9.51,9.53,9.66,9.40,8494,16636398.00,2.73,-0.10,-0.01,3.29
2018-11-19,9.43,9.46,9.56,9.34,5023,9724975.00,2.31,-0.73,-0.07,1.94
2018-11-20,9.38,9.17,9.51,9.14,4600,8829927.00,3.91,-3.07,-0.29,1.78
2018-11-21,8.87,9.39,9.45,8.87,7200,13783509.00,6.32,2.40,0.22,2.79
2018-11-22,9.44,9.42,9.64,9.38,4395,8534690.00,2.77,0.32,0.03,1.70
2018-11-23,9.49,9.10,9.60,8.96,6411,12221694.00,6.79,-3.40,-0.32,2.48
2018-11-26,8.95,8.88,9.24,8.85,4431,8204310.00,4.29,-2.42,-0.22,1.71
2018-11-27,9.03,8.99,9.06,8.91,3435,6345157.00,1.69,1.24,0.11,1.33
2018-11-28,8.86,9.08,9.14,8.77,2768,5107528.00,4.12,1.00,0.09,1.07
2018-11-29,8.97,8.87,9.13,8.80,3827,7072810.00,3.63,-2.31,-0.21,1.48
2018-11-30,8.77,8.95,9.05,8.66,3482,6341100.00,4.40,0.90,0.08,1.35
2018-12-03,9.09,9.19,9.24,9.05,3869,7279091.00,2.12,2.68,0.24,1.50
2018-12-04,9.19,9.28,9.33,9.06,4498,8512886.00,2.94,0.98,0.09,1.74
2018-12-05,9.00,9.14,9.20,9.00,2922,5471967.00,2.16,-1.51,-0.14,1.13
2018-12-06,9.32,8.87,9.32,8.85,3292,6111185.00,5.14,-2.95,-0.27,1.27
2018-12-07,8.89,9.04,9.05,8.79,2965,5461783.00,2.93,1.92,0.17,1.15
2018-12-10,8.95,8.99,8.99,8.78,2055,3758714.00,2.32,-0.55,-0.05,0.79
2018-12-11,8.98,9.04,9.04,8.93,2672,4941894.00,1.22,0.56,0.05,1.03
2018-12-12,9.08,9.02,9.08,8.96,1892,3506959.00,1.33,-0.22,-0.02,0.73
2018-12-13,9.08,9.16,9.16,8.94,2892,5397762.00,2.44,1.55,0.14,1.12
2018-12-14,9.01,9.00,9.18,8.87,3801,7051542.00,3.38,-1.75,-0.16,1.47
2018-12-17,8.92,8.90,8.96,8.79,2138,3910795.00,1.89,-1.11,-0.10,0.83
2018-12-18,8.84,8.93,8.99,8.75,1529,2793107.00,2.70,0.34,0.03,0.59
2018-12-19,8.95,8.81,8.95,8.80,1438,2618282.00,1.68,-1.34,-0.12,0.56
2018-12-20,8.75,8.87,8.88,8.75,2624,4766823.00,1.48,0.68,0.06,1.02
2018-12-21,8.90,8.82,8.92,8.76,1629,2962764.00,1.80,-0.56,-0.05,0.63
2018-12-24,8.79,8.96,9.00,8.75,2342,4297970.00,2.83,1.59,0.14,0.91
2018-12-25,8.87,8.99,8.99,8.66,3749,6822353.00,3.68,0.33,0.03,1.45
2018-12-26,8.98,8.90,9.00,8.89,2462,4530446.00,1.22,-1.00,-0.09,0.95
2018-12-27,8.97,8.85,9.15,8.77,3874,7129182.00,4.27,-0.56,-0.05,1.50
2018-12-28,8.79,8.86,8.88,8.78,1752,3185504.00,1.13,0.11,0.01,0.68