2014-01-02,6.91,6.97,7.00,6.74,18225,27101870.00,3.69,-0.99,-0.07,3.08
2014-01-03,6.92,6.98,7.18,6.90,19591,29484002.00,4.02,0.14,0.01,3.31
2014-01-06,6.98,6.52,6.98,6.46,16705,24143186.00,7.45,-6.59,-0.46,2.82
2014-01-07,6.47,6.50,6.62,6.34,11029,15633883.00,4.29,-0.31,-0.02,1.86
2014-01-08,6.49,6.54,6.61,6.46,7790,11096755.00,2.31,0.62,0.04,1.32
2014-01-09,6.56,6.21,6.61,6.19,13789,19277898.00,6.42,-5.05,-0.33,2.33
2014-01-10,6.18,5.92,6.21,5.91,8897,11960763.00,4.83,-4.67,-0.29,1.50
2014-01-13,5.95,6.00,6.00,5.83,7303,9666060.00,2.87,1.35,0.08,1.23
2014-01-14,6.00,6.21,6.21,5.91,8937,12093311.00,5.00,3.50,0.21,1.51
2014-01-15,6.20,6.31,6.44,6.16,9585,13354677.00,4.51,1.61,0.10,1.62
2014-01-16,6.31,6.24,6.38,6.21,5400,7473393.00,2.69,-1.11,-0.07,0.91
2014-01-17,6.22,6.38,6.39,6.19,7001,9719186.00,3.21,2.24,0.14,1.18
2014-01-20,6.38,6.44,6.61,6.34,10907,15484947.00,4.23,0.94,0.06,1.84
2014-01-21,6.38,6.42,6.55,6.33,8950,12645845.00,3.42,-0.31,-0.02,1.51
2014-01-22,6.45,6.55,6.57,6.39,14560,20718450.00,2.80,2.02,0.13,2.46
2014-01-23,6.55,6.58,6.61,6.48,12986,18540949.00,1.98,0.46,0.03,2.19
2014-01-24,6.56,6.66,6.71,6.50,19858,28532686.00,3.19,1.22,0.08,3.35
2014-01-27,6.59,6.42,6.66,6.41,23395,33171240.00,3.75,-3.60,-0.24,3.95
2014-01-28,6.38,6.15,6.46,6.09,17998,24709527.00,5.76,-4.21,-0.27,3.04
2014-01-29,6.15,6.32,6.32,6.15,10863,14915626.00,2.76,2.76,0.17,1.84
2014-01-30,6.32,6.21,6.32,6.18,6856,9416806.00,2.22,-1.74,-0.11,1.16
2014-02-07,6.23,6.39,6.39,6.15,9490,13160529.00,3.86,2.90,0.18,1.60
2014-02-10,6.47,6.76,6.85,6.42,29539,42595101.00,6.73,5.79,0.37,4.99
2014-02-11,6.77,6.79,6.87,6.51,26333,38503698.00,5.33,0.44,0.03,4.45
2014-02-12,6.79,6.90,6.96,6.68,21596,31963745.00,4.12,1.62,0.11,3.65
2014-02-13,6.90,6.66,6.96,6.63,21065,31001526.00,4.78,-3.48,-0.24,3.56
2014-02-14,6.64,6.96,6.97,6.61,28561,42000154.00,5.41,4.50,0.30,4.83
2014-02-17,7.02,7.08,7.14,6.91,35349,53506705.00,3.30,1.72,0.12,5.97
2014-02-18,7.12,6.99,7.12,6.86,27048,40473920.00,3.67,-1.27,-0.09,4.57
2014-02-19,6.99,6.89,7.06,6.84,19064,28387352.00,3.15,-1.43,-0.10,3.22
2014-02-20,6.92,7.08,7.08,6.65,27844,41452332.00,6.24,2.76,0.19,4.70
2014-02-21,7.05,6.88,7.26,6.81,28984,43830371.00,6.36,-2.82,-0.20,4.90
2014-02-24,6.88,6.65,6.88,6.54,25905,37491543.00,4.94,-3.34,-0.23,4.38
2014-02-25,6.70,6.34,6.85,6.24,26763,38376914.00,9.17,-4.66,-0.31,4.52
2014-02-26,6.32,6.49,6.49,6.21,14371,20070509.00,4.42,2.37,0.15,2.43
2014-02-27,6.52,6.38,6.60,6.33,15111,21367773.00,4.16,-1.69,-0.11,2.55
2014-02-28,6.39,6.37,6.44,6.18,14082,19493879.00,4.08,-0.16,-0.01,2.38
2014-03-03,6.44,6.52,6.61,6.34,14370,20377302.00,4.24,2.35,0.15,2.43
2014-03-04,6.49,6.56,6.60,6.44,11330,16105768.00,2.45,0.61,0.04,1.91
2014-03-05,6.57,6.52,6.59,6.49,11907,16984664.00,1.52,-0.61,-0.04,2.01
2014-03-06,6.48,6.42,6.54,6.32,14520,20364046.00,3.37,-1.53,-0.10,2.45
2014-03-07,6.36,6.36,6.47,6.31,12201,17076470.00,2.49,-0.93,-0.06,2.06
2014-03-10,6.36,5.86,6.36,5.86,16814,22686554.00,7.86,-7.86,-0.50,2.84
2014-03-11,5.85,5.95,5.99,5.84,11296,14900229.00,2.56,1.54,0.09,1.91
2014-03-12,5.92,5.87,6.00,5.68,9069,11852776.00,5.38,-1.34,-0.08,1.53
2014-03-13,5.88,6.01,6.02,5.85,8372,11083710.00,2.90,2.39,0.14,1.41
2014-03-14,6.02,6.02,6.08,5.91,8144,10881421.00,2.83,0.17,0.01,1.38
2014-03-17,5.72,5.91,5.91,5.65,17836,23224868.00,4.32,-1.83,-0.11,3.01
2014-03-18,5.90,5.86,5.94,5.85,12756,16780021.00,1.52,-0.85,-0.05,2.16
2014-03-19,5.88,5.90,5.92,5.81,10897,14302731.00,1.88,0.68,0.04,1.84
2014-03-20,5.91,5.66,5.94,5.66,11057,14441012.00,4.75,-4.07,-0.24,1.87
2014-03-21,5.61,5.82,5.82,5.60,9116,11728298.00,3.89,2.83,0.16,1.54
2014-03-24,5.81,5.82,5.88,5.75,8260,10783792.00,2.23,0.00,0.00,1.40
2014-03-25,5.82,5.91,5.96,5.82,9196,12153128.00,2.41,1.55,0.09,1.55
2014-03-26,5.88,5.92,5.96,5.88,7208,9528616.00,1.35,0.17,0.01,1.22
2014-03-27,5.91,5.74,5.94,5.74,11389,14839259.00,3.38,-3.04,-0.18,1.92
2014-03-28,5.74,5.74,5.83,5.62,8538,10993500.00,3.66,0.00,0.00,1.44
2014-03-31,5.72,5.78,5.79,5.65,6553,8449070.00,2.44,0.70,0.04,1.11
2014-04-01,5.78,6.12,6.14,5.74,16356,21764052.00,6.92,5.88,0.34,2.76
2014-04-02,6.05,6.18,6.22,6.00,18278,24598905.00,3.59,0.98,0.06,3.09
2014-04-03,6.15,5.99,6.16,5.91,18253,24546329.00,4.05,-3.07,-0.19,3.08
2014-04-04,6.00,6.04,6.08,5.93,7129,9533783.00,2.50,0.83,0.05,1.20
2014-04-08,6.03,6.01,6.06,5.94,9053,12114728.00,1.99,-0.50,-0.03,1.53
2014-04-09,6.02,6.18,6.21,5.99,12421,16842265.00,3.66,2.83,0.17,2.10
2014-04-10,6.19,6.11,6.19,6.09,8365,11349093.00,1.62,-1.13,-0.07,1.41
2014-04-11,6.10,6.13,6.16,6.01,6227,8410010.00,2.45,0.33,0.02,1.05
2014-04-14,6.13,6.24,6.29,6.11,11186,15336795.00,2.94,1.79,0.11,1.89
2014-04-15,6.20,6.08,6.29,6.08,7630,10372004.00,3.37,-2.56,-0.16,1.29
2014-04-16,6.08,6.16,6.18,6.05,8905,12071792.00,2.14,1.32,0.08,1.50
2014-04-17,6.16,6.19,6.23,6.15,6270,8578616.00,1.30,0.49,0.03,1.06
2014-04-18,6.16,6.16,6.28,6.09,7225,9897885.00,3.07,-0.48,-0.03,1.22
2014-04-21,6.10,6.01,6.13,6.00,8560,11533945.00,2.11,-2.44,-0.15,1.45
2014-04-22,6.01,5.84,6.08,5.79,8931,11759770.00,4.83,-2.83,-0.17,1.51
2014-04-23,5.84,5.84,5.89,5.84,3695,4843003.00,0.86,0.00,0.00,0.62
2014-04-24,5.84,5.76,5.88,5.72,6596,8550557.00,2.74,-1.37,-0.08,1.11
2014-04-25,5.78,5.70,5.81,5.68,6615,8579912.00,2.26,-1.04,-0.06,1.12
2014-04-28,5.69,5.43,5.69,5.42,6518,8141580.00,4.74,-4.74,-0.27,1.10
2014-04-29,5.44,5.59,5.61,5.44,3847,4819507.00,3.13,2.95,0.16,0.65
2014-04-30,5.61,5.75,5.78,5.57,3846,4936989.00,3.76,2.86,0.16,0.65
2014-05-05,5.69,5.86,5.86,5.69,3429,4448582.00,2.96,1.91,0.11,0.58
2014-05-06,5.86,5.85,5.95,5.80,3286,4327640.00,2.56,-0.17,-0.01,0.56
2014-05-07,5.88,5.88,5.92,5.79,4323,5672311.00,2.22,0.51,0.03,0.73
2014-05-08,5.81,5.80,5.93,5.79,3070,4026034.00,2.38,-1.36,-0.08,0.52
2014-05-09,5.64,5.79,5.82,5.63,2407,3108929.00,3.28,-0.17,-0.01,0.41
2014-05-12,5.79,5.93,5.94,5.79,3861,5082645.00,2.59,2.42,0.14,0.65
2014-05-13,5.95,5.98,6.03,5.90,5803,7727828.00,2.19,0.84,0.05,0.98
2014-05-14,5.98,5.99,5.99,5.93,2697,3582917.00,1.00,0.17,0.01,0.46
2014-05-15,5.95,5.83,5.98,5.79,3207,4225145.00,3.17,-2.67,-0.16,0.54
2014-05-16,5.77,5.81,5.90,5.76,2153,2802080.00,2.40,-0.34,-0.02,0.36
2014-05-19,5.75,5.83,5.85,5.65,3351,4335438.00,3.44,0.34,0.02,0.57
2014-05-20,5.85,5.89,5.94,5.82,2742,3602907.00,2.06,1.03,0.06,0.46
2014-05-21,5.82,5.94,5.96,5.82,2365,3124178.00,2.38,0.85,0.05,0.40
2014-05-22,5.93,5.95,6.05,5.92,4407,5881883.00,2.19,0.17,0.01,0.74
2014-05-23,5.92,6.08,6.09,5.92,6529,8764476.00,2.86,2.18,0.13,1.10
2014-05-26,6.07,6.12,6.12,6.04,5467,7374299.00,1.32,0.66,0.04,0.92
2014-05-27,6.12,6.07,6.12,6.04,3049,4106183.00,1.31,-0.82,-0.05,0.52
2014-05-28,6.12,6.12,6.13,6.01,4018,5424672.00,1.98,0.82,0.05,0.68
2014-05-29,6.12,6.08,6.19,5.98,3863,5221817.00,3.43,-0.65,-0.04,0.65
2014-05-30,6.03,6.11,6.14,6.03,3878,5237806.00,1.81,0.49,0.03,0.66
2014-06-03,6.11,6.14,6.18,6.05,4155,5635960.00,2.13,0.49,0.03,0.70
2014-06-04,6.14,5.96,6.14,5.94,5560,7424046.00,3.26,-2.93,-0.18,0.94
2014-06-05,5.96,6.14,6.15,5.96,6712,9071959.00,3.19,3.02,0.18,1.13
2014-06-06,6.15,6.17,6.18,6.06,4477,6070144.00,1.95,0.49,0.03,0.76
2014-06-09,6.18,6.31,6.46,6.12,20925,29149438.00,5.51,2.27,0.14,3.54
2014-06-10,6.27,6.35,6.39,6.27,8015,11170996.00,1.90,0.63,0.04,1.35
2014-06-11,6.36,6.48,6.65,6.36,12957,18439375.00,4.57,2.05,0.13,2.19
2014-06-12,6.39,6.38,6.46,6.33,8882,12403973.00,2.01,-1.54,-0.10,1.50
2014-06-13,6.39,6.46,6.48,6.35,5210,7337885.00,2.04,1.25,0.08,0.88
2014-06-16,6.46,6.48,6.55,6.40,7803,11041508.00,2.32,0.31,0.02,1.32
2014-06-17,6.59,6.48,6.59,6.44,5775,8012594.00,2.31,0.00,0.00,0.98
2014-06-18,6.47,6.33,6.51,6.32,4669,6423080.00,2.93,-2.31,-0.15,0.79
2014-06-19,6.33,6.25,6.44,6.10,6178,8349649.00,5.37,-1.26,-0.08,1.04
2014-06-20,6.21,6.30,6.33,6.19,4718,6379206.00,2.24,0.80,0.05,0.78
2014-06-23,6.30,6.46,6.47,6.27,7140,9803683.00,3.17,2.54,0.16,1.17
2014-06-24,6.46,6.41,6.49,6.35,7965,10940629.00,2.17,-0.77,-0.05,1.31
2014-06-25,6.41,6.43,6.46,6.38,5836,8040448.00,1.25,0.31,0.02,0.96
2014-06-26,6.43,6.58,6.65,6.43,12097,16961593.00,3.42,2.33,0.15,1.99
2014-06-27,6.54,6.80,6.94,6.50,25265,36291914.00,6.69,3.34,0.22,4.16
2014-06-30,6.80,6.79,6.91,6.72,10090,14606714.00,2.79,-0.15,-0.01,1.67
2014-07-01,6.79,6.91,6.95,6.74,11279,16387536.00,3.09,1.77,0.12,1.87
2014-07-02,6.84,7.05,7.06,6.80,10620,15561491.00,3.76,2.03,0.14,1.76
2014-07-03,7.06,7.00,7.06,6.87,11623,17038773.00,2.70,-0.71,-0.05,1.93
2014-07-04,6.95,6.98,7.08,6.92,7354,10825344.00,2.29,-0.29,-0.02,1.22
2014-07-07,6.94,6.99,7.05,6.89,7305,10751973.00,2.29,0.14,0.01,1.21
2014-07-08,6.91,7.15,7.34,6.89,19477,29299582.00,6.44,2.29,0.16,3.23
2014-07-09,7.14,6.91,7.21,6.90,9293,13770886.00,4.34,-3.36,-0.24,1.54
2014-07-10,6.91,6.98,7.10,6.90,7918,11695671.00,2.89,1.01,0.07,1.31
2014-07-11,6.95,7.00,7.13,6.91,5869,8689978.00,3.15,0.29,0.02,0.97
2014-07-14,7.07,7.31,7.34,7.00,20033,30283818.00,4.86,4.43,0.31,3.32
2014-07-15,7.35,7.24,7.38,7.11,9070,13770623.00,3.69,-0.96,-0.07,1.51
2014-07-16,7.25,6.98,7.25,6.97,7545,11189924.00,3.87,-3.59,-0.26,1.25
2014-07-17,7.02,7.04,7.04,6.94,5448,8027384.00,1.43,0.86,0.06,0.90
2014-07-18,7.05,7.02,7.15,7.01,4728,7038449.00,1.99,-0.28,-0.02,0.78
2014-07-21,7.02,7.05,7.09,6.97,3173,4696703.00,1.71,0.43,0.03,0.53
2014-07-22,7.08,7.29,7.38,7.07,17086,26043684.00,4.40,3.40,0.24,2.84
2014-07-23,7.34,7.21,7.34,7.16,7162,10841057.00,2.47,-1.10,-0.08,1.19
2014-07-24,7.19,7.06,7.24,7.02,6036,8992710.00,3.05,-2.08,-0.15,1.00
2014-07-25,7.06,7.24,7.24,7.05,4497,6739088.00,2.69,2.55,0.18,0.75
2014-07-28,7.22,7.26,7.26,7.15,6674,10092726.00,1.52,0.28,0.02,1.11
2014-07-29,7.27,7.26,7.29,7.16,6624,10032326.00,1.79,0.00,0.00,1.10
2014-07-30,7.21,7.21,7.28,7.09,12600,18964839.00,2.62,-0.69,-0.05,2.09
2014-07-31,7.18,7.29,7.36,7.18,10171,15474509.00,2.50,1.11,0.08,1.69
2014-08-01,7.30,7.32,7.48,7.24,9532,14648402.00,3.29,0.41,0.03,1.58
2014-08-04,7.32,7.33,7.41,7.24,8740,13375061.00,2.32,0.14,0.01,1.45
2014-08-05,7.33,7.34,7.42,7.28,9569,14687010.00,1.91,0.14,0.01,1.59
2014-08-06,7.34,7.68,7.79,7.32,22813,36032298.00,6.40,4.63,0.34,3.79
2014-08-07,7.68,7.71,7.76,7.56,15289,24251458.00,2.60,0.39,0.03,2.54
2014-08-08,7.75,7.84,7.91,7.64,11926,19163851.00,3.50,1.69,0.13,1.98
2014-08-11,7.76,7.78,7.87,7.70,9104,14617355.00,2.17,-0.77,-0.06,1.51
2014-08-12,7.79,7.85,7.94,7.71,8276,13383038.00,2.96,0.90,0.07,1.37
2014-08-13,7.77,7.78,7.84,7.59,10210,16313214.00,3.18,-0.89,-0.07,1.69
2014-08-14,7.76,7.86,7.88,7.71,13805,22255701.00,2.19,1.03,0.08,2.29
2014-08-15,7.85,8.07,8.13,7.83,16421,27108435.00,3.82,2.67,0.21,2.73
2014-08-18,8.11,8.13,8.18,7.96,11605,19217728.00,2.73,0.74,0.06,1.93
2014-08-19,8.09,8.21,8.49,8.09,16518,27964963.00,4.92,0.98,0.08,2.74
2014-08-20,8.21,8.21,8.26,7.97,16612,27632597.00,3.53,0.00,0.00,2.76
2014-08-21,8.13,8.97,9.07,8.13,41069,72809129.00,11.45,9.26,0.76,6.82
2014-08-22,8.97,9.20,9.35,8.78,31541,57814107.00,6.35,2.56,0.23,5.23
2014-08-25,9.07,8.92,9.25,8.92,16008,29270877.00,3.59,-3.04,-0.28,2.66
2014-08-26,8.86,8.65,8.86,8.44,21983,38613296.00,4.71,-3.03,-0.27,3.65
2014-08-27,8.61,8.89,8.89,8.56,14118,25097942.00,3.82,2.77,0.24,2.34
2014-08-28,8.89,8.72,8.91,8.49,16621,29259829.00,4.72,-1.91,-0.17,2.76
2014-08-29,8.72,8.82,9.05,8.68,15299,27338504.00,4.24,1.15,0.10,2.54
2014-09-01,8.74,8.94,9.02,8.74,20197,36276909.00,3.17,1.36,0.12,3.35
2014-09-02,9.02,9.12,9.16,8.94,21680,39585570.00,2.46,2.01,0.18,3.60
2014-09-03,9.14,9.22,9.36,9.03,15900,29425150.00,3.62,1.10,0.10,2.64
2014-09-04,9.21,9.55,9.59,9.09,18425,34527870.00,5.42,3.58,0.33,3.06
2014-09-05,9.58,9.74,9.91,9.44,20230,39023607.00,4.92,1.99,0.19,3.36
2014-09-09,9.74,9.48,9.76,9.37,15065,28700930.00,4.00,-2.67,-0.26,2.50
2014-09-10,9.47,10.02,10.05,9.30,14614,27987272.00,7.91,5.70,0.54,2.43
2014-09-11,9.97,10.47,10.93,9.85,60492,124660052.00,10.78,4.49,0.45,10.04
2014-09-12,10.31,10.81,10.91,10.21,29643,61151312.00,6.69,3.25,0.34,4.92
2014-09-15,10.81,10.89,11.11,10.44,23481,49092806.00,6.20,0.74,0.08,3.90
2014-09-16,10.79,10.54,11.03,10.18,27343,55813508.00,7.81,-3.21,-0.35,4.54
2014-09-17,10.52,10.03,10.62,9.87,33664,66101795.00,7.12,-4.84,-0.51,5.59
2014-09-18,10.03,10.26,10.32,9.92,23556,46325300.00,3.99,2.29,0.23,3.91
2014-09-19,10.31,10.45,10.68,10.26,22448,45165994.00,4.09,1.85,0.19,3.73
2014-09-22,10.04,10.38,10.44,9.96,27980,55439123.00,4.59,-0.67,-0.07,4.64
2014-09-23,10.27,10.26,10.34,10.16,10807,21504853.00,1.73,-1.16,-0.12,1.79
2014-09-24,10.26,10.21,10.44,10.14,18463,36759707.00,2.92,-0.49,-0.05,3.06
2014-09-25,10.22,9.81,10.32,9.74,44280,85867990.00,5.68,-3.92,-0.40,7.35
2014-09-26,9.75,9.96,9.99,9.75,19522,37624062.00,2.45,1.53,0.15,3.24
2014-09-29,10.02,10.20,10.24,9.98,22060,43371287.00,2.61,2.41,0.24,3.66
2014-09-30,10.25,10.34,10.42,10.12,16600,33005281.00,2.94,1.37,0.14,2.76
2014-10-08,10.35,10.80,10.86,10.22,26519,54124032.00,6.19,4.45,0.46,4.40
2014-10-09,10.79,10.71,10.94,10.32,20215,41433101.00,5.74,-0.83,-0.09,3.36
2014-10-10,10.58,10.38,10.62,10.34,22539,45631581.00,2.61,-3.08,-0.33,3.74
2014-10-13,10.33,10.88,10.88,9.97,25606,51694935.00,8.77,4.82,0.50,4.25
2014-10-14,10.75,11.21,11.42,10.68,39733,85029573.00,6.80,3.03,0.33,6.59
2014-10-15,11.21,11.29,11.61,10.94,25538,55205266.00,5.98,0.71,0.08,4.24
2014-10-16,11.03,10.86,11.29,10.86,17590,37445585.00,3.81,-3.81,-0.43,2.92
2014-10-17,10.75,10.21,10.96,9.97,19723,39641503.00,9.12,-5.99,-0.65,3.27
2014-10-20,10.15,10.52,10.54,10.15,10604,21280964.00,3.82,3.04,0.31,1.76
2014-10-21,10.52,10.35,10.55,10.19,12190,24545372.00,3.42,-1.62,-0.17,2.02
2014-10-22,10.22,9.99,10.31,9.86,12980,25462307.00,4.35,-3.48,-0.36,2.15
2014-10-23,9.99,9.51,9.99,9.15,15560,29438026.00,8.41,-4.80,-0.48,2.58
2014-10-24,9.62,9.72,9.89,9.56,8776,16638568.00,3.47,2.21,0.21,1.46
2014-10-27,9.66,10.09,10.19,9.54,7197,13909878.00,6.69,3.81,0.37,1.19
2014-10-28,10.09,10.33,10.43,10.00,12621,25140787.00,4.26,2.38,0.24,2.09
2014-10-29,10.41,10.76,10.86,10.33,37290,76087036.00,5.13,4.16,0.43,6.19
2014-10-30,10.62,10.53,10.79,10.50,16662,34199367.00,2.70,-2.14,-0.23,2.77
2014-10-31,10.62,10.61,10.71,10.29,11730,23855191.00,3.99,0.76,0.08,1.95
2014-11-03,10.49,10.43,10.65,10.38,9617,19495319.00,2.54,-1.70,-0.18,1.60
2014-11-04,10.29,10.24,10.52,10.21,9260,18527011.00,2.97,-1.82,-0.19,1.54
2014-11-05,10.29,10.29,10.42,10.18,9040,18070691.00,2.34,0.49,0.05,1.50
2014-11-06,10.24,10.35,10.40,10.20,8826,17620656.00,1.94,0.58,0.06,1.46
2014-11-07,10.35,10.87,11.06,10.35,35589,74280673.00,6.86,5.02,0.52,5.91
2014-11-10,10.88,10.69,10.97,10.53,10497,21612780.00,4.05,-1.66,-0.18,1.74
2014-11-11,10.67,9.97,10.70,9.83,17472,34472298.00,8.14,-6.74,-0.72,2.90
2014-11-12,9.97,10.18,10.20,9.85,16452,32060140.00,3.51,2.11,0.21,2.73
2014-11-13,10.14,9.75,10.32,9.66,14675,28379704.00,6.48,-4.22,-0.43,2.44
2014-11-14,9.74,9.84,9.96,9.64,8685,16625409.00,3.28,0.92,0.09,1.44
2014-11-17,9.84,10.09,10.25,9.78,11254,21984310.00,4.78,2.54,0.25,1.87
2014-11-18,10.10,10.17,10.21,10.08,5630,11090893.00,1.29,0.79,0.08,0.93
2014-11-19,10.17,10.52,10.61,10.17,11998,24282183.00,4.33,3.44,0.35,1.99
2014-11-20,10.49,10.49,10.49,10.14,12027,24058637.00,3.33,-0.29,-0.03,2.00
2014-11-21,10.38,10.56,10.97,10.29,16436,33691456.00,6.48,0.67,0.07,2.73
2014-11-24,10.62,10.52,10.72,10.34,12007,24335018.00,3.60,-0.38,-0.04,1.99
2014-11-25,10.47,10.58,10.73,10.35,17590,35735698.00,3.61,0.57,0.06,2.92
2014-11-26,10.59,10.48,10.64,10.42,12822,26006958.00,2.08,-0.95,-0.10,2.13
2014-11-27,10.47,10.54,10.59,10.40,9560,19436920.00,1.81,0.57,0.06,1.59
2014-11-28,10.38,11.25,11.25,10.38,38759,81251568.00,8.25,6.74,0.71,6.43
2014-12-01,11.25,11.16,11.33,10.76,21837,46309397.00,5.07,-0.80,-0.09,3.62
2014-12-02,11.10,11.15,11.28,10.81,17034,36284565.00,4.21,-0.09,-0.01,2.83
2014-12-03,10.91,10.95,11.12,10.79,13224,27750426.00,2.96,-1.79,-0.20,2.19
2014-12-04,10.51,10.87,10.96,10.50,19326,39902311.00,4.20,-0.73,-0.08,3.21
2014-12-05,10.68,10.22,10.79,10.15,14992,30183604.00,5.89,-5.98,-0.65,2.49
2014-12-08,10.15,9.85,10.15,9.74,17040,32842043.00,4.01,-3.62,-0.37,2.83
2014-12-09,9.84,9.84,9.97,9.01,33835,62179581.00,9.75,-0.10,-0.01,5.62
2014-12-10,9.74,10.13,10.24,9.45,19024,37006858.00,8.03,2.95,0.29,3.16
2014-12-11,10.14,10.12,10.25,9.91,10909,21353652.00,3.36,-0.10,-0.01,1.81
2014-12-12,10.10,10.75,10.79,10.03,22573,45241970.00,7.51,6.23,0.63,3.75
2014-12-15,10.79,10.81,11.06,10.56,42060,87966185.00,4.65,0.56,0.06,6.98
2014-12-16,10.69,10.28,10.71,10.21,23715,47557958.00,4.63,-4.90,-0.53,3.94
2014-12-17,10.20,9.95,10.27,9.82,13737,26542001.00,4.38,-3.21,-0.33,2.28
2014-12-18,9.83,9.74,9.97,9.65,7821,14962161.00,3.22,-2.11,-0.21,1.30
2014-12-19,9.79,9.74,9.79,9.46,10139,19035314.00,3.39,0.00,0.00,1.68
2014-12-22,9.72,9.01,9.72,9.01,12551,22601230.00,7.29,-7.49,-0.73,2.08
2014-12-23,9.01,9.48,10.02,8.71,11612,21532986.00,14.54,5.22,0.47,1.93
2014-12-24,9.48,9.57,9.67,9.27,5888,10927165.00,4.22,0.95,0.09,0.98
2014-12-25,9.58,9.74,9.83,9.48,9180,17260043.00,3.66,1.78,0.17,1.52
2014-12-26,9.79,9.51,10.03,9.38,8647,16356648.00,6.67,-2.36,-0.23,1.44
2014-12-29,9.51,8.98,9.51,8.95,10153,18125475.00,5.89,-5.57,-0.53,1.69
2014-12-30,8.91,9.03,9.08,8.32,24833,42500813.00,8.46,0.56,0.05,4.12
2014-12-31,8.94,9.41,9.41,8.93,18607,33828283.00,5.32,4.21,0.38,3.09