2013-01-04,5.78,5.59,5.79,5.50,18026,24475473.00,5.08,-2.10,-0.12,1.56
2013-01-07,5.54,5.64,5.64,5.50,14112,19010726.00,2.50,0.89,0.05,1.22
2013-01-08,5.63,5.88,5.94,5.58,35426,49438641.00,6.38,4.26,0.24,3.06
2013-01-09,5.87,5.85,6.03,5.78,23951,33692742.00,4.25,-0.51,-0.03,2.07
2013-01-10,5.83,5.94,6.06,5.83,30110,42867534.00,3.93,1.54,0.09,2.60
2013-01-11,5.93,5.70,5.96,5.67,21116,29411492.00,4.88,-4.04,-0.24,1.82
2013-01-14,5.70,6.00,6.06,5.70,23952,33729384.00,6.32,5.26,0.30,2.07
2013-01-15,6.06,6.37,6.66,6.01,47150,70097355.00,10.83,6.17,0.37,4.07
2013-01-16,6.33,6.15,6.39,6.09,36402,53122732.00,4.71,-3.45,-0.22,3.14
2013-01-17,6.19,6.16,6.33,6.13,19108,27974021.00,3.25,0.16,0.01,1.65
2013-01-18,6.19,6.56,6.75,6.19,61016,92957417.00,9.09,6.49,0.40,5.27
2013-01-21,6.56,6.57,6.58,6.38,51040,77052357.00,3.05,0.15,0.01,4.41
2013-01-22,6.51,6.32,6.54,6.28,32623,48928963.00,3.96,-3.81,-0.25,2.82
2013-01-23,6.32,6.26,6.36,6.14,23841,34953646.00,3.48,-0.95,-0.06,2.06
2013-01-24,6.26,6.04,6.38,5.98,28475,41489990.00,6.39,-3.51,-0.22,2.46
2013-01-25,5.99,5.98,6.15,5.95,15950,22841716.00,3.31,-0.99,-0.06,1.38
2013-01-28,6.03,6.24,6.24,5.96,25143,36409330.00,4.68,4.35,0.26,2.17
2013-01-29,6.24,6.29,6.37,6.19,23720,35011088.00,2.88,0.80,0.05,2.05
2013-01-30,6.30,6.20,6.34,6.12,20462,29855705.00,3.50,-1.43,-0.09,1.77
2013-01-31,6.24,6.51,6.53,6.20,44094,65990621.00,5.32,5.00,0.31,3.81
2013-02-01,6.43,6.55,6.56,6.34,31191,46967498.00,3.38,0.61,0.04,2.69
2013-02-04,6.60,6.31,6.60,6.30,24750,37117778.00,4.58,-3.66,-0.24,2.14
2013-02-05,6.23,6.36,6.40,6.21,16469,24334762.00,3.01,0.79,0.05,1.42
2013-02-06,6.35,6.46,6.53,6.34,17019,25624694.00,2.99,1.57,0.10,1.47
2013-02-07,6.47,6.51,6.52,6.38,16853,25415661.00,2.17,0.77,0.05,1.46
2013-02-08,6.51,6.67,6.75,6.45,31022,47689416.00,4.61,2.46,0.16,2.68
2013-02-18,6.73,6.79,6.93,6.65,24058,37711277.00,4.20,1.80,0.12,2.08
2013-02-19,6.78,6.53,6.81,6.48,19211,29351098.00,4.86,-3.83,-0.26,1.66
2013-02-20,6.52,6.78,6.80,6.51,23720,36803729.00,4.44,3.83,0.25,2.05
2013-02-21,6.76,6.51,6.78,6.45,25296,38875110.00,4.87,-3.98,-0.27,2.19
2013-02-22,6.50,6.52,6.69,6.42,19857,30255678.00,4.15,0.15,0.01,1.72
2013-02-25,6.52,6.75,6.84,6.52,25905,40222283.00,4.91,3.53,0.23,2.24
2013-02-26,6.75,6.47,6.75,6.46,28873,44352867.00,4.30,-4.15,-0.28,2.49
2013-02-27,6.48,6.58,6.60,6.44,19625,29810397.00,2.47,1.70,0.11,1.70
2013-02-28,6.60,6.64,6.64,6.39,31180,47235544.00,3.80,0.91,0.06,2.69
2013-03-01,6.65,7.35,7.35,6.61,88471,142468316.00,11.14,10.69,0.71,7.64
2013-03-04,7.24,7.25,7.57,7.10,77112,128064154.00,6.39,-1.36,-0.10,6.66
2013-03-05,7.35,7.46,7.63,7.20,64243,107916767.00,5.93,2.90,0.21,5.55
2013-03-06,7.45,7.45,7.78,7.33,43945,74586607.00,6.03,-0.13,-0.01,3.80
2013-03-07,7.44,7.20,7.56,7.14,35812,59685964.00,5.64,-3.36,-0.25,3.09
2013-03-08,7.24,7.24,7.45,7.13,22807,37915580.00,4.44,0.56,0.04,1.97
2013-03-11,7.24,7.31,7.40,7.19,18079,29985372.00,2.90,0.97,0.07,1.56
2013-03-12,7.31,6.83,7.44,6.66,32454,51795753.00,10.67,-6.57,-0.48,2.80
2013-03-13,6.80,6.60,6.82,6.42,16827,25760283.00,5.86,-3.37,-0.23,1.45
2013-03-14,6.78,6.65,6.84,6.64,13539,21105733.00,3.03,0.76,0.05,1.17
2013-03-15,6.59,6.70,6.92,6.49,19707,30774142.00,6.47,0.75,0.05,1.70
2013-03-18,6.71,6.43,6.84,6.36,26537,40606623.00,7.16,-4.03,-0.27,2.29
2013-03-19,6.31,6.14,6.38,6.02,32059,46619519.00,5.60,-4.51,-0.29,2.77
2013-03-20,6.20,6.37,6.38,6.10,21684,31979578.00,4.56,3.75,0.23,1.87
2013-03-21,6.37,6.43,6.58,6.31,26817,40378939.00,4.24,0.94,0.06,2.32
2013-03-22,6.41,6.45,6.46,6.30,18783,28006666.00,2.49,0.31,0.02,1.62
2013-03-25,6.45,6.32,6.47,6.31,18579,27703223.00,2.48,-2.02,-0.13,1.60
2013-03-26,6.31,6.09,6.31,5.96,24229,34885099.00,5.54,-3.64,-0.23,2.09
2013-03-27,6.09,6.06,6.17,5.98,12198,17515117.00,3.12,-0.49,-0.03,1.05
2013-03-28,5.96,5.89,6.00,5.75,20808,29162622.00,4.13,-2.81,-0.17,1.80
2013-03-29,5.82,5.84,5.97,5.82,7354,10336700.00,2.55,-0.85,-0.05,0.64
2013-04-01,5.88,5.97,5.99,5.79,10785,15169083.00,3.42,2.23,0.13,0.93
2013-04-02,5.96,5.78,6.03,5.78,11020,15502967.00,4.19,-3.18,-0.19,0.95
2013-04-03,5.79,5.59,5.84,5.53,10418,14253300.00,5.36,-3.29,-0.19,0.90
2013-04-08,5.36,5.56,5.58,5.36,6152,8200321.00,3.94,-0.54,-0.03,0.53
2013-04-09,5.56,5.65,5.74,5.56,7669,10453124.00,3.24,1.62,0.09,0.66
2013-04-10,5.65,5.56,5.68,5.52,6579,8887846.00,2.83,-1.59,-0.09,0.57
2013-04-11,5.56,5.54,5.64,5.53,5055,6822154.00,1.98,-0.36,-0.02,0.44
2013-04-12,5.55,5.47,5.63,5.44,5853,7852743.00,3.43,-1.26,-0.07,0.51
2013-04-15,5.43,5.36,5.45,5.24,7439,9708186.00,3.84,-2.01,-0.11,0.64
2013-04-16,5.33,5.46,5.46,5.20,3929,5148628.00,4.85,1.87,0.10,0.34
2013-04-17,5.42,5.50,5.52,5.40,7322,9710277.00,2.20,0.73,0.04,0.63
2013-04-18,5.47,5.71,5.75,5.40,15868,21562249.00,6.36,3.82,0.21,1.37
2013-04-19,5.70,5.76,5.79,5.67,14605,20164541.00,2.10,0.88,0.05,1.26
2013-04-22,5.70,5.71,5.73,5.63,8793,12002426.00,1.74,-0.87,-0.05,0.76
2013-04-23,5.71,5.35,5.71,5.33,10892,14482316.00,6.65,-6.30,-0.36,0.94
2013-04-24,5.39,5.59,5.60,5.34,9740,12943974.00,4.86,4.49,0.24,0.84
2013-04-25,5.56,5.46,5.57,5.40,9220,12009973.00,3.04,-2.33,-0.13,0.80
2013-04-26,5.37,5.03,5.39,4.99,18219,22591917.00,7.33,-7.88,-0.43,1.57
2013-05-02,5.04,5.06,5.06,4.90,5842,7081909.00,3.18,0.60,0.03,0.50
2013-05-03,5.06,5.16,5.21,5.06,6167,7680268.00,2.96,1.98,0.10,0.53
2013-05-06,5.20,5.30,5.31,5.20,8056,10145663.00,2.13,2.71,0.14,0.70
2013-05-07,5.31,5.31,5.35,5.26,7792,9901723.00,1.70,0.19,0.01,0.67
2013-05-08,5.31,5.34,5.36,5.28,7004,8901526.00,1.51,0.56,0.03,0.61
2013-05-09,5.34,5.48,5.50,5.31,18154,23432114.00,3.56,2.62,0.14,1.57
2013-05-10,5.48,6.00,6.19,5.36,45638,63269603.00,15.15,9.49,0.52,3.94
2013-05-13,5.99,6.04,6.16,5.94,25261,35519028.00,3.67,0.67,0.04,2.18
2013-05-14,6.03,6.00,6.06,5.86,16543,22931979.00,3.31,-0.66,-0.04,1.43
2013-05-15,6.09,5.99,6.15,5.85,17454,24288696.00,5.00,-0.17,-0.01,1.51
2013-05-16,5.92,5.96,6.11,5.76,22312,30760802.00,5.84,-0.50,-0.03,1.93
2013-05-17,6.42,6.73,6.73,6.17,98715,148846101.00,9.40,12.92,0.77,8.53
2013-05-20,6.59,6.84,6.98,6.58,91998,141628756.00,5.94,1.63,0.11,7.95
2013-05-21,6.86,6.88,6.90,6.68,44954,69032374.00,3.22,0.58,0.04,3.88
2013-05-22,6.86,6.73,6.86,6.69,21990,33651880.00,2.47,-2.18,-0.15,1.90
2013-05-23,6.69,6.97,7.28,6.67,51513,81319637.00,9.06,3.57,0.24,4.45
2013-05-24,6.93,7.10,7.18,6.89,29514,46734284.00,4.16,1.87,0.13,2.55
2013-05-27,7.15,7.17,7.18,6.95,22331,35478921.00,3.24,0.99,0.07,1.93
2013-05-28,7.20,6.75,7.20,6.68,33464,51579442.00,7.25,-5.86,-0.42,2.89
2013-05-29,6.89,6.90,7.13,6.81,24244,37950674.00,4.74,2.22,0.15,2.09
2013-05-30,6.90,7.13,7.28,6.76,34358,54361534.00,7.54,3.33,0.23,2.97
2013-05-31,7.11,7.74,7.99,6.99,77146,129312685.00,14.03,8.56,0.61,6.66
2013-06-03,7.65,7.61,7.96,7.49,41631,71009104.00,6.07,-1.68,-0.13,3.60
2013-06-04,7.64,7.70,8.26,7.51,69600,120390304.00,9.86,1.18,0.09,6.01
2013-06-05,7.73,7.98,8.16,7.58,63477,110084984.00,7.53,3.64,0.28,5.48
2013-06-06,7.86,7.59,7.95,7.57,36803,62799769.00,4.76,-4.89,-0.39,3.18
2013-06-07,7.56,6.90,7.61,6.79,56129,89513841.00,10.80,-9.09,-0.69,4.85
2013-06-13,6.69,6.81,6.91,6.35,36989,55374331.00,8.12,-1.30,-0.09,3.20
2013-06-14,6.69,7.00,7.06,6.54,29739,45982852.00,7.64,2.79,0.19,2.57
2013-06-17,7.20,6.88,7.24,6.65,38145,59168505.00,8.43,-1.71,-0.12,3.30
2013-06-18,6.81,6.74,6.85,6.53,28077,42701644.00,4.65,-2.03,-0.14,2.43
2013-06-19,6.61,6.66,6.66,6.36,24162,35953721.00,4.45,-1.19,-0.08,2.09
2013-06-20,6.59,6.34,6.59,6.31,17620,26006156.00,4.20,-4.80,-0.32,1.52
2013-06-21,6.10,6.14,6.23,5.95,17989,25427706.00,4.42,-3.15,-0.20,1.55
2013-06-24,6.14,5.53,6.14,5.35,24316,32663907.00,12.87,-9.93,-0.61,2.10
2013-06-25,5.41,5.54,5.64,4.95,21581,27516915.00,12.48,0.18,0.01,1.86
2013-06-26,5.53,5.73,5.76,5.42,20293,26861617.00,6.14,3.43,0.19,1.75
2013-06-27,5.79,5.49,5.95,5.48,21099,28425801.00,8.20,-4.19,-0.24,1.82
2013-06-28,5.53,5.24,5.64,5.16,34343,43900448.00,8.74,-4.55,-0.25,2.97
2013-07-01,5.29,5.57,5.57,5.22,20644,26555570.00,6.68,6.30,0.33,1.76
2013-07-02,5.59,5.77,5.80,5.57,27764,37257872.00,4.13,3.59,0.20,2.37
2013-07-03,5.66,5.68,5.76,5.43,23665,31312920.00,5.72,-1.56,-0.09,2.02
2013-07-04,5.62,5.72,5.86,5.53,22036,29672823.00,5.81,0.70,0.04,1.88
2013-07-05,5.75,5.62,5.94,5.59,22728,30887672.00,6.12,-1.75,-0.10,1.94
2013-07-08,5.43,5.17,5.43,4.92,18070,22650548.00,9.07,-8.01,-0.45,1.54
2013-07-09,5.28,5.41,5.52,5.18,19654,25241568.00,6.58,4.64,0.24,1.68
2013-07-10,5.47,5.66,5.66,5.33,20612,26848670.00,6.10,4.62,0.25,1.76
2013-07-11,5.73,5.91,5.94,5.73,29433,40270515.00,3.71,4.42,0.25,2.51
2013-07-12,5.91,5.73,5.94,5.73,23737,32342715.00,3.55,-3.05,-0.18,2.03
2013-07-15,5.94,5.96,6.06,5.78,23945,33109800.00,4.89,4.01,0.23,2.04
2013-07-16,6.04,6.01,6.04,5.86,19500,26981623.00,3.02,0.84,0.05,1.67
2013-07-17,6.04,5.81,6.09,5.76,20712,28560705.00,5.49,-3.33,-0.20,1.77
2013-07-18,5.75,5.76,5.85,5.66,14254,19269027.00,3.27,-0.86,-0.05,1.22
2013-07-19,5.76,5.64,5.88,5.64,18192,24527794.00,4.17,-2.08,-0.12,1.55
2013-07-22,5.53,5.82,5.83,5.38,13614,18053120.00,7.98,3.19,0.18,1.16
2013-07-23,5.80,5.92,6.00,5.73,24203,33244748.00,4.64,1.72,0.10,2.07
2013-07-24,5.92,6.03,6.11,5.75,28192,39013855.00,6.08,1.86,0.11,2.41
2013-07-25,6.02,5.76,6.06,5.75,17416,23894959.00,5.14,-4.48,-0.27,1.49
2013-07-26,5.71,5.69,5.83,5.48,15230,20364248.00,6.08,-1.22,-0.07,1.30
2013-07-29,5.66,5.51,5.71,5.45,12079,15924599.00,4.57,-3.16,-0.18,1.03
2013-07-30,5.49,5.41,5.60,5.21,16128,20780526.00,7.08,-1.81,-0.10,1.38
2013-07-31,5.41,5.43,5.53,5.37,10505,13626916.00,2.96,0.37,0.02,0.90
2013-08-01,5.47,5.72,5.75,5.47,16686,22115871.00,5.16,5.34,0.29,1.42
2013-08-02,5.81,5.71,5.89,5.70,17310,23446760.00,3.32,-0.17,-0.01,1.48
2013-08-05,5.77,6.17,6.41,5.65,39175,55186522.00,13.31,8.06,0.46,3.35
2013-08-06,6.04,6.21,6.30,6.03,29730,42395562.00,4.38,0.65,0.04,2.54
2013-08-07,6.20,6.06,6.20,5.98,22363,31494689.00,3.54,-2.42,-0.15,1.91
2013-08-08,6.08,6.15,6.22,6.00,19167,27207942.00,3.63,1.49,0.09,1.64
2013-08-09,6.18,6.26,6.34,6.05,23920,34234326.00,4.72,1.79,0.11,2.04
2013-08-12,6.75,6.59,6.89,6.52,78634,118951990.00,5.91,5.27,0.33,6.71
2013-08-13,6.52,6.52,6.61,6.43,43993,65405840.00,2.73,-1.06,-0.07,3.76
2013-08-14,6.47,6.50,6.59,6.44,25447,37838854.00,2.30,-0.31,-0.02,2.17
2013-08-15,6.50,6.25,6.52,6.21,26556,38686798.00,4.77,-3.85,-0.25,2.27
2013-08-16,6.20,5.95,6.31,5.94,24021,33996100.00,5.92,-4.80,-0.30,2.05
2013-08-19,5.86,6.09,6.13,5.76,12560,17481093.00,6.22,2.35,0.14,1.07
2013-08-20,6.08,5.98,6.21,5.93,14595,20560870.00,4.60,-1.81,-0.11,1.25
2013-08-21,5.97,6.06,6.13,5.96,10881,15282009.00,2.84,1.34,0.08,0.93
2013-08-22,6.06,6.01,6.08,5.96,9383,13124071.00,1.98,-0.83,-0.05,0.80
2013-08-23,6.00,5.94,6.12,5.79,13790,19173635.00,5.49,-1.16,-0.07,1.18
2013-08-26,5.94,6.08,6.09,5.84,12764,17827582.00,4.21,2.36,0.14,1.09
2013-08-27,6.08,6.27,6.35,6.08,20633,29596965.00,4.44,3.13,0.19,1.76
2013-08-28,6.20,6.14,6.23,6.09,15492,22061775.00,2.23,-2.07,-0.13,1.32
2013-08-29,6.20,6.03,6.21,6.01,10753,15187679.00,3.26,-1.79,-0.11,0.92
2013-08-30,6.00,5.78,6.08,5.75,18646,25658973.00,5.47,-4.15,-0.25,1.59
2013-09-02,5.75,5.85,5.88,5.72,9517,12908620.00,2.77,1.21,0.07,0.81
2013-09-03,5.84,5.92,5.94,5.78,8451,11600470.00,2.74,1.20,0.07,0.72
2013-09-04,5.86,5.90,5.94,5.84,7243,9961597.00,1.69,-0.34,-0.02,0.62
2013-09-05,5.91,6.03,6.05,5.80,11046,15366992.00,4.24,2.20,0.13,0.94
2013-09-06,6.01,6.03,6.05,5.95,8184,11402462.00,1.66,0.00,0.00,0.70
2013-09-09,6.02,6.18,6.20,5.98,18626,26346418.00,3.65,2.49,0.15,1.59
2013-09-10,6.19,6.20,6.21,6.09,17265,24593667.00,1.94,0.32,0.02,1.47
2013-09-11,6.23,6.13,6.24,5.98,18054,25494797.00,4.19,-1.13,-0.07,1.54
2013-09-12,6.13,6.19,6.23,6.06,15920,22627075.00,2.77,0.98,0.06,1.36
2013-09-13,6.20,6.33,6.50,6.20,31298,45811066.00,4.85,2.26,0.14,2.67
2013-09-16,6.32,6.20,6.35,6.11,16731,23914776.00,3.79,-2.05,-0.13,1.43
2013-09-17,6.20,5.98,6.20,5.92,15290,21356515.00,4.52,-3.55,-0.22,1.31
2013-09-18,5.95,5.96,6.00,5.81,9499,13077166.00,3.18,-0.33,-0.02,0.81
2013-09-23,6.00,6.09,6.09,5.96,9268,12988171.00,2.18,2.18,0.13,0.79
2013-09-24,6.09,6.06,6.09,5.91,12509,17445404.00,2.96,-0.49,-0.03,1.07
2013-09-25,6.10,5.99,6.19,5.98,11641,16329068.00,3.47,-1.16,-0.07,0.99
2013-09-26,6.00,5.84,6.02,5.84,9414,13015152.00,3.01,-2.50,-0.15,0.80
2013-09-27,5.84,5.85,5.90,5.79,6551,8957963.00,1.88,0.17,0.01,0.56
2013-09-30,5.85,5.88,5.95,5.82,7973,10923733.00,2.22,0.51,0.03,0.68
2013-11-12,5.49,5.35,5.70,5.20,37059,47791122.00,8.50,-9.01,-0.53,3.16
2013-11-13,5.33,5.21,5.41,5.21,13572,17289859.00,3.74,-2.62,-0.14,1.16
2013-11-14,5.20,5.28,5.30,5.13,10927,13706638.00,3.26,1.34,0.07,0.93
2013-11-15,5.35,5.41,5.51,5.24,14420,18577620.00,5.11,2.46,0.13,1.23
2013-11-18,5.44,5.53,5.55,5.37,16053,20864870.00,3.33,2.22,0.12,1.37
2013-11-19,5.53,5.55,5.61,5.44,16203,21195040.00,3.07,0.36,0.02,1.38
2013-11-20,5.56,5.67,5.75,5.53,14495,19165090.00,3.96,2.16,0.12,1.24
2013-11-21,5.63,5.63,5.73,5.55,12323,16337387.00,3.17,-0.71,-0.04,1.05
2013-11-22,5.63,5.61,5.68,5.55,8594,11365173.00,2.31,-0.36,-0.02,0.73
2013-11-25,5.42,5.48,5.67,5.20,25727,33336572.00,8.38,-2.32,-0.13,2.20
2013-11-26,5.41,5.41,5.47,5.31,15303,19625644.00,2.92,-1.28,-0.07,1.31
2013-11-27,5.41,5.45,5.60,5.35,21261,27632861.00,4.62,0.74,0.04,1.82
2013-11-28,5.45,5.53,5.56,5.41,23993,31267929.00,2.75,1.47,0.08,2.05
2013-11-29,5.53,5.55,5.59,5.45,18603,24290569.00,2.53,0.36,0.02,1.59
2013-12-02,5.40,5.03,5.40,5.00,26303,32806817.00,7.21,-9.37,-0.52,2.25
2013-12-03,5.01,5.17,5.19,4.93,11979,14785691.00,5.17,2.78,0.14,1.02
2013-12-04,5.17,5.29,5.30,5.12,14437,18165765.00,3.48,2.32,0.12,1.23
2013-12-05,5.29,5.24,5.33,5.23,8889,11224184.00,1.89,-0.95,-0.05,0.76
2013-12-06,5.26,5.29,5.35,5.23,11543,14633496.00,2.29,0.95,0.05,0.99
2013-12-09,5.29,5.53,5.58,5.26,25621,33152353.00,6.05,4.54,0.24,2.19
2013-12-10,5.49,5.41,5.50,5.39,14852,19191234.00,1.99,-2.17,-0.12,1.27
2013-12-11,5.39,5.35,5.45,5.28,10753,13776848.00,3.14,-1.11,-0.06,0.92
2013-12-12,5.16,5.19,5.24,5.05,23365,28883228.00,3.55,-2.99,-0.16,2.00
2013-12-13,5.15,5.16,5.19,5.11,11515,14287826.00,1.54,-0.58,-0.03,0.98
2013-12-16,5.12,5.14,5.21,5.11,11871,14735294.00,1.94,-0.39,-0.02,1.01
2013-12-17,5.09,5.15,5.15,5.09,6383,7902778.00,1.17,0.19,0.01,0.55
2013-12-18,5.15,5.08,5.17,5.05,7530,9285390.00,2.33,-1.36,-0.07,0.64
2013-12-19,5.11,5.11,5.15,5.08,6941,8572802.00,1.38,0.59,0.03,0.59
2013-12-20,5.11,4.95,5.14,4.95,9739,11880668.00,3.72,-3.13,-0.16,0.83
2013-12-23,4.98,4.71,5.01,4.64,11872,13866406.00,7.47,-4.85,-0.24,1.01
2013-12-24,4.74,4.79,4.86,4.70,8134,9557479.00,3.40,1.70,0.08,0.69
2013-12-25,4.76,4.83,4.85,4.71,6174,7247078.00,2.92,0.84,0.04,0.53
2013-12-26,4.78,4.62,4.81,4.61,7325,8519192.00,4.14,-4.35,-0.21,0.63
2013-12-27,4.64,4.73,4.74,4.61,7952,9221296.00,2.81,2.38,0.11,0.68
2013-12-30,4.76,4.80,4.80,4.73,6998,8216575.00,1.48,1.48,0.07,0.60
2013-12-31,4.79,4.79,4.84,4.76,6528,7694668.00,1.67,-0.21,-0.01,0.54