2015-01-16,4.82,4.82,4.82,4.82,27839,47326300.00,0.00,-11.56,-0.63,2.24
2015-01-19,4.65,4.61,4.91,4.46,62574,103827101.00,9.34,-4.36,-0.21,5.03
2015-01-20,4.66,4.76,4.80,4.55,43740,72457924.00,5.42,3.25,0.15,3.52
2015-01-21,4.75,4.81,4.85,4.67,40342,68019783.00,3.78,1.05,0.05,3.24
2015-01-22,4.80,5.38,5.38,4.75,83871,150128485.00,13.10,11.85,0.57,6.74
2015-01-23,5.37,5.12,5.37,5.11,51110,92735008.00,4.83,-4.83,-0.26,4.11
2015-01-26,5.04,5.17,5.23,5.04,32414,58276286.00,3.71,0.98,0.05,2.61
2015-01-27,5.17,5.10,5.17,4.96,25886,45980936.00,4.06,-1.35,-0.07,2.08
2015-01-28,5.10,5.11,5.23,5.06,19569,35211966.00,3.33,0.20,0.01,1.57
2015-01-29,5.11,4.96,5.11,4.82,24341,42303693.00,5.68,-2.94,-0.15,1.96
2015-01-30,4.94,4.74,4.99,4.71,25875,43975162.00,5.65,-4.44,-0.22,2.08
2015-02-02,4.72,4.60,4.72,4.46,18001,29346636.00,5.49,-2.95,-0.14,1.45
2015-02-03,4.69,4.75,4.79,4.64,22111,36917291.00,3.26,3.26,0.15,1.78
2015-02-04,4.77,4.93,4.96,4.74,32419,55423581.00,4.63,3.79,0.18,2.61
2015-02-05,4.92,5.35,5.51,4.84,106642,197611693.00,13.59,8.52,0.42,8.05
2015-02-06,5.31,5.08,5.61,5.01,50473,93381605.00,11.21,-5.05,-0.27,3.81
2015-02-09,5.09,5.67,5.67,5.09,92715,175548191.00,11.42,11.61,0.59,7.00
2015-02-10,5.67,5.61,5.88,5.42,79701,155747144.00,8.11,-1.06,-0.06,6.02
2015-02-11,5.65,5.59,5.82,5.48,55555,107081514.00,6.06,-0.36,-0.02,4.20
2015-02-12,5.55,5.45,5.55,5.28,70358,131558886.00,4.83,-2.50,-0.14,5.31
2015-02-13,5.41,5.45,5.54,5.38,68399,129490425.00,2.94,0.00,0.00,5.17
2015-02-16,5.49,5.58,5.65,5.44,64256,123265964.00,3.85,2.39,0.13,4.85
2015-02-17,5.56,5.55,5.58,5.45,35096,66913379.00,2.33,-0.54,-0.03,2.65
2015-02-25,5.54,5.49,5.54,5.35,24950,47042950.00,3.42,-1.08,-0.06,1.88
2015-02-26,5.48,5.81,5.88,5.42,63187,124026405.00,8.38,5.83,0.32,4.77
2015-02-27,5.74,5.86,5.89,5.67,37233,74179502.00,3.79,0.86,0.05,2.81
2015-03-02,5.89,6.02,6.09,5.82,53162,108622399.00,4.61,2.73,0.16,4.02
2015-03-03,6.03,5.89,6.03,5.69,39030,78151575.00,5.65,-2.16,-0.13,2.95
2015-03-04,5.83,5.81,5.85,5.69,36640,72569737.00,2.72,-1.36,-0.08,2.77
2015-03-05,5.88,5.82,5.88,5.72,34461,68656553.00,2.75,0.17,0.01,2.60
2015-03-06,5.89,5.80,5.98,5.65,35934,71530816.00,5.67,-0.34,-0.02,2.71
2015-03-09,5.81,5.75,5.82,5.59,26162,51494350.00,3.97,-0.86,-0.05,1.98
2015-03-10,5.72,5.75,5.85,5.66,28055,55633152.00,3.30,0.00,0.00,2.12
2015-03-11,5.80,5.74,5.81,5.69,20239,39939426.00,2.09,-0.17,-0.01,1.53
2015-03-12,5.74,5.73,5.76,5.48,32884,63895575.00,4.88,-0.17,-0.01,2.48
2015-03-13,5.76,5.72,5.77,5.62,28721,56402545.00,2.62,-0.17,-0.01,2.17
2015-03-16,5.74,5.98,6.12,5.69,81756,166251966.00,7.52,4.55,0.26,6.17
2015-03-17,5.98,5.93,6.06,5.87,61796,125646663.00,3.18,-0.84,-0.05,4.67
2015-03-18,5.92,5.96,5.99,5.86,44070,89519135.00,2.19,0.51,0.03,3.33
2015-03-19,5.98,6.60,6.64,5.87,89581,190816714.00,12.92,10.74,0.64,6.77
2015-03-20,6.49,7.09,7.24,6.45,118272,273504544.00,11.97,7.42,0.49,8.93
2015-03-23,6.91,7.10,7.28,6.90,76854,182746313.00,5.36,0.14,0.01,5.80
2015-03-24,7.07,6.95,7.13,6.68,50610,117976440.00,6.34,-2.11,-0.15,3.82
2015-03-25,6.91,6.97,7.16,6.67,61986,144924369.00,7.05,0.29,0.02,4.68
2015-03-26,6.88,6.77,6.92,6.65,36356,83066996.00,3.87,-2.87,-0.20,2.75
2015-03-27,6.60,6.81,6.92,6.60,29301,67345965.00,4.73,0.59,0.04,2.21
2015-03-30,6.87,6.78,6.88,6.65,35908,81642564.00,3.38,-0.44,-0.03,2.71
2015-03-31,6.79,6.78,7.09,6.71,37555,86436008.00,5.60,0.00,0.00,2.84
2015-04-01,6.77,6.91,7.00,6.74,33336,77492636.00,3.83,1.92,0.13,2.52
2015-04-02,6.88,6.91,7.00,6.81,32172,74556862.00,2.75,0.00,0.00,2.43
2015-04-03,6.88,7.69,7.69,6.86,70201,169033055.00,12.01,11.29,0.78,5.30
2015-04-07,7.65,7.56,7.66,7.38,90924,227798913.00,3.64,-1.69,-0.13,6.87
2015-04-08,7.49,7.29,7.60,7.24,51008,126043441.00,4.76,-3.57,-0.27,3.85
2015-04-09,7.29,7.01,7.39,6.67,54535,127733926.00,9.88,-3.84,-0.28,4.12
2015-04-10,6.94,7.15,7.22,6.85,30969,73673351.00,5.28,2.00,0.14,2.34
2015-04-13,7.14,7.14,7.35,6.95,56244,134427581.00,5.59,-0.14,-0.01,4.25
2015-04-14,7.15,7.49,7.68,7.14,69556,173572877.00,7.56,4.90,0.35,5.25
2015-04-15,7.44,6.96,7.61,6.92,37499,90735618.00,9.21,-7.08,-0.53,2.83
2015-04-16,6.82,7.26,7.26,6.63,66029,155364141.00,9.05,4.31,0.30,4.99
2015-04-17,7.41,7.58,8.07,7.40,166685,429037600.00,9.23,4.41,0.32,12.59
2015-04-20,7.19,7.87,8.09,7.19,152737,393274544.00,11.87,3.83,0.29,11.54
2015-04-21,7.82,8.48,8.69,7.58,97008,266194708.00,14.10,7.75,0.61,7.33
2015-04-22,8.25,8.39,8.90,8.21,104154,294059536.00,8.14,-1.06,-0.09,7.87
2015-04-23,8.38,8.09,8.44,7.95,82563,222428117.00,5.84,-3.58,-0.30,6.24
2015-04-24,7.97,8.78,8.85,7.79,88198,243247777.00,13.10,8.53,0.69,6.66
2015-04-27,8.67,8.92,9.22,8.66,85240,250904849.00,6.38,1.59,0.14,6.44
2015-04-28,8.92,8.22,8.99,7.94,69272,191699607.00,11.77,-7.85,-0.70,5.23
2015-04-29,8.22,8.28,8.39,7.99,43783,118648735.00,4.87,0.73,0.06,3.31
2015-04-30,8.30,8.03,8.34,7.95,54930,147558526.00,4.71,-3.02,-0.25,4.15
2015-05-04,7.98,8.15,8.26,7.78,65448,172708530.00,5.98,1.49,0.12,4.94
2015-05-05,8.09,7.92,8.14,7.77,32741,86556729.00,4.54,-2.82,-0.23,2.47
2015-05-06,7.83,7.86,8.19,7.79,39665,105300124.00,5.05,-0.76,-0.06,3.00
2015-05-07,7.86,7.22,7.89,7.15,37200,92695890.00,9.41,-8.14,-0.64,2.81
2015-05-08,7.25,7.55,7.59,7.22,34056,84105604.00,5.12,4.57,0.33,2.57
2015-05-11,7.59,8.15,8.24,7.51,56527,149116435.00,9.67,7.95,0.60,4.27
2015-05-12,8.37,8.35,8.79,8.15,63028,175443833.00,7.85,2.45,0.20,4.76
2015-05-13,8.36,9.27,9.27,8.30,137254,404090416.00,11.62,11.02,0.92,10.37
2015-05-14,9.99,9.79,9.99,9.31,103222,324797744.00,7.34,5.61,0.52,7.80
2015-05-15,9.65,9.18,9.68,9.00,67960,204936602.00,6.95,-6.23,-0.61,5.13
2015-05-18,9.23,10.18,10.18,9.23,97287,313429984.00,10.35,10.89,1.00,7.35
2015-05-19,10.43,11.29,11.29,9.82,114463,401420304.00,14.44,10.90,1.11,8.65
2015-05-20,11.15,11.57,12.32,11.15,101609,380835664.00,10.36,2.48,0.28,7.67
2015-05-21,11.43,12.81,12.81,11.39,104046,413989376.00,12.27,10.72,1.24,7.86
2015-05-22,13.00,12.42,13.36,11.89,136510,543883712.00,11.48,-3.04,-0.39,10.31
2015-05-25,11.91,12.13,12.48,11.62,79063,305600320.00,6.92,-2.33,-0.29,5.97
2015-05-26,12.13,13.43,13.43,12.13,59720,248434645.00,10.72,10.72,1.30,4.51
2015-05-27,13.62,13.31,13.99,13.09,61955,266100282.00,6.70,-0.89,-0.12,4.68
2015-05-28,13.31,11.92,13.89,11.92,68403,283331824.00,14.80,-10.44,-1.39,5.17
2015-05-29,11.56,12.81,13.20,11.41,80668,324291040.00,15.02,7.47,0.89,6.09
2015-06-01,12.82,13.57,13.89,12.76,52199,220723766.00,8.82,5.93,0.76,3.94
2015-06-02,13.57,15.01,15.01,13.32,55788,254821236.00,12.45,10.61,1.44,4.21
2015-06-03,15.24,15.71,16.59,14.91,72731,363681280.00,11.19,4.66,0.70,5.49
2015-06-04,15.99,16.72,16.92,14.55,105823,540208192.00,15.09,6.43,1.01,7.99
2015-06-05,17.06,16.34,17.15,15.75,68365,350893904.00,8.37,-2.27,-0.38,5.16
2015-06-08,16.15,15.05,16.15,14.72,48942,235333739.00,8.75,-7.89,-1.29,3.70
2015-06-09,14.55,14.72,15.55,13.56,71333,326520336.00,13.22,-2.19,-0.33,5.39
2015-06-10,14.65,15.72,15.78,14.12,66540,316949760.00,11.28,6.79,1.00,5.03
2015-06-11,16.03,16.89,17.37,15.39,126120,658443056.00,12.60,7.44,1.17,9.53
2015-06-12,17.37,16.77,17.89,16.42,102578,549013552.00,8.70,-0.71,-0.12,7.75
2015-06-15,16.76,15.89,16.95,15.55,57303,292260080.00,8.35,-5.25,-0.88,4.33
2015-06-16,15.55,14.22,15.92,14.22,60394,285809424.00,10.70,-10.51,-1.67,4.56
2015-06-17,13.55,14.55,14.76,13.05,60838,270354400.00,12.03,2.32,0.33,4.59
2015-06-18,14.60,14.55,15.65,13.26,115456,544939632.00,16.43,0.00,0.00,8.72
2015-06-19,13.59,13.65,14.22,13.02,51711,223615409.00,8.25,-6.19,-0.90,3.91
2015-06-23,13.62,13.75,13.93,12.21,64875,269227584.00,12.60,0.73,0.10,4.90
2015-06-24,13.92,13.89,14.33,13.07,63978,281879440.00,9.16,1.02,0.14,4.78
2015-06-25,13.89,12.99,14.18,12.55,50627,215357137.00,11.74,-6.48,-0.90,3.78
2015-06-26,12.49,11.61,12.49,11.61,42445,159640479.00,6.77,-10.62,-1.38,3.17
2015-06-29,11.61,10.37,11.96,10.37,62396,211548866.00,13.70,-10.68,-1.24,4.66
2015-06-30,10.37,11.11,11.22,9.26,109085,353842064.00,18.90,7.14,0.74,8.15
2015-07-01,10.55,9.92,11.05,9.92,67535,228940425.00,10.17,-10.71,-1.19,5.04
2015-07-02,9.91,8.85,9.91,8.85,121924,363211744.00,10.69,-10.79,-1.07,9.11
2015-07-03,7.89,7.89,8.36,7.89,68993,180364613.00,5.31,-10.85,-0.96,5.15
2015-07-06,8.55,7.02,8.56,7.02,89316,220125644.00,19.52,-11.03,-0.87,6.67
2015-07-07,6.24,6.24,6.24,6.24,8156,17184692.00,0.00,-11.11,-0.78,0.61
2015-07-08,5.54,5.54,5.81,5.54,177210,336117984.00,4.33,-11.22,-0.70,13.24
2015-07-09,4.97,6.17,6.17,4.97,107149,214808330.00,21.66,11.37,0.63,8.00
2015-07-10,6.47,6.87,6.87,6.19,53969,121778781.00,11.02,11.35,0.70,4.03
2015-07-13,7.38,7.64,7.64,6.92,100543,248198768.00,10.48,11.21,0.77,7.51
2015-07-14,7.65,7.85,8.48,7.49,185960,491097920.00,12.96,2.75,0.21,13.89
2015-07-15,7.41,6.99,7.73,6.99,57749,138148640.00,9.43,-10.96,-0.86,4.31
2015-07-16,6.21,6.72,7.32,6.21,92376,207042732.00,15.88,-3.86,-0.27,6.90
2015-07-17,6.79,7.25,7.39,6.56,72709,171525553.00,12.35,7.89,0.53,5.43
2015-07-20,7.42,7.61,7.78,7.05,90764,225306033.00,10.07,4.97,0.36,6.78
2015-07-21,7.59,7.94,8.05,7.29,107767,277700192.00,9.99,4.34,0.33,8.05
2015-07-22,7.89,7.94,8.24,7.49,114856,300618240.00,9.45,0.00,0.00,8.58
2015-07-23,7.94,8.82,8.82,7.84,126999,345573936.00,12.34,11.08,0.88,9.49
2015-07-24,8.90,8.51,9.22,8.25,168405,487612640.00,11.00,-3.51,-0.31,12.58
2015-07-27,7.90,7.58,8.55,7.58,95835,254508197.00,11.40,-10.93,-0.93,7.16
2015-07-28,6.75,6.75,7.49,6.75,114830,264711410.00,9.76,-10.95,-0.83,8.58
2015-07-29,6.90,7.19,7.24,6.32,89854,202186051.00,13.63,6.52,0.44,6.71
2015-07-30,7.08,6.62,7.24,6.42,83258,194620446.00,11.40,-7.93,-0.57,6.22
2015-07-31,6.37,6.41,6.72,6.16,60768,131970496.00,8.46,-3.17,-0.21,4.54
2015-08-03,6.31,5.72,6.34,5.69,54276,109615651.00,10.14,-10.76,-0.69,4.05
2015-08-04,5.82,6.37,6.37,5.56,93877,190815337.00,14.16,11.36,0.65,7.01
2015-08-05,6.47,6.49,6.82,6.34,101509,223951728.00,7.54,1.88,0.12,7.58
2015-08-06,6.34,7.01,7.22,6.16,117453,266938396.00,16.33,8.01,0.52,8.77
2015-08-07,7.02,7.26,7.33,6.79,99453,235752879.00,7.70,3.57,0.25,7.43
2015-08-10,7.39,7.65,7.83,7.27,86420,216626270.00,7.71,5.37,0.39,6.46
2015-08-11,7.67,7.57,7.84,7.34,106835,269761376.00,6.54,-1.05,-0.08,7.98
2015-08-12,7.41,7.23,7.64,7.23,75886,187071706.00,5.42,-4.49,-0.34,5.67
2015-08-13,7.18,7.61,7.61,7.13,68884,168550859.00,6.64,5.26,0.38,5.15
2015-08-14,7.72,7.89,8.02,7.67,90438,234233755.00,4.60,3.68,0.28,6.76
2015-08-17,7.89,8.60,8.75,7.82,111767,306997552.00,11.79,9.00,0.71,8.35
2015-08-18,8.68,7.66,8.72,7.66,110802,296157936.00,12.33,-10.93,-0.94,8.28
2015-08-19,7.39,7.94,8.05,6.82,74164,181876613.00,16.06,3.66,0.28,5.54
2015-08-20,8.15,8.25,8.59,8.09,117306,320202960.00,6.30,3.90,0.31,8.76
2015-08-21,7.86,7.34,8.20,7.34,80869,205265020.00,10.42,-11.03,-0.91,6.04
2015-08-24,6.69,6.53,7.01,6.53,35547,78452637.00,6.54,-11.04,-0.81,2.66
2015-08-25,5.80,5.80,5.89,5.80,33477,66186392.00,1.38,-11.18,-0.73,2.50
2015-08-26,5.15,5.14,6.15,5.14,87225,162905471.00,17.41,-11.38,-0.66,6.52
2015-08-27,5.23,5.15,5.41,4.55,80053,139822514.00,16.73,0.19,0.01,5.98
2015-08-28,5.32,5.64,5.71,5.16,65196,120391723.00,10.68,9.51,0.49,4.87
2015-08-31,5.54,5.59,5.97,5.24,101162,192361131.00,12.94,-0.89,-0.05,7.56
2015-09-01,5.38,4.95,5.43,4.95,54119,95263785.00,8.59,-11.45,-0.64,4.04
2015-09-02,4.55,4.49,5.16,4.45,54954,90498664.00,14.34,-9.29,-0.46,4.11
2015-09-07,4.68,4.79,4.87,4.61,46256,76809756.00,5.79,6.68,0.30,3.46
2015-09-08,4.71,5.35,5.35,4.62,74387,131418267.00,15.24,11.69,0.56,5.56
2015-09-09,5.68,5.75,5.80,5.54,95789,184692127.00,4.86,7.48,0.40,7.16
2015-09-10,5.61,6.04,6.41,5.47,94278,187664842.00,16.35,5.04,0.29,7.04
2015-09-11,5.89,6.02,6.15,5.89,60452,122979581.00,4.30,-0.33,-0.02,4.52
2015-09-14,5.92,5.34,6.08,5.34,43116,83229627.00,12.29,-11.30,-0.68,3.22
2015-09-15,4.85,4.73,5.04,4.73,47755,80498289.00,5.81,-11.42,-0.61,3.57
2015-09-16,4.70,5.28,5.28,4.66,55916,96554620.00,13.11,11.63,0.55,4.18
2015-09-17,5.39,4.99,5.63,4.92,61566,113726231.00,13.45,-5.49,-0.29,4.60
2015-09-18,5.02,5.14,5.27,4.85,44309,77293143.00,8.42,3.01,0.15,3.31
2015-09-21,4.95,5.48,5.48,4.89,49132,89131988.00,11.48,6.61,0.34,3.67
2015-09-22,5.57,5.55,5.72,5.30,64530,122380761.00,7.66,1.28,0.07,4.82
2015-09-23,5.39,5.59,5.67,5.31,53561,100789102.00,6.49,0.72,0.04,4.00
2015-09-24,5.58,5.77,5.84,5.57,53821,105005174.00,4.83,3.22,0.18,4.02
2015-09-25,5.67,5.24,5.75,5.19,50066,93200758.00,9.71,-9.19,-0.53,3.74
2015-09-28,5.25,5.54,5.63,5.15,32106,59562522.00,9.16,5.73,0.30,2.40
2015-09-29,5.37,5.33,5.52,5.29,25870,47800208.00,4.15,-3.79,-0.21,1.93
2015-09-30,5.38,5.34,5.51,5.22,17518,32283449.00,5.44,0.19,0.01,1.31
2015-10-08,5.56,5.70,5.74,5.46,37732,72748535.00,5.24,6.74,0.36,2.82
2015-10-09,5.72,5.87,5.96,5.70,49178,97251337.00,4.56,2.98,0.17,3.67
2015-10-12,5.95,6.27,6.53,5.89,67889,142673387.00,10.90,6.81,0.40,5.07
2015-10-13,6.23,6.28,6.35,6.09,57902,122086818.00,4.15,0.16,0.01,4.33
2015-10-14,6.25,6.08,6.35,6.04,63892,132836960.00,4.94,-3.18,-0.20,4.77
2015-10-15,6.04,6.47,6.49,5.95,68323,144777684.00,8.88,6.41,0.39,5.10
2015-10-16,6.49,6.59,6.68,6.26,78570,171173057.00,6.49,1.85,0.12,5.87
2015-10-19,6.59,6.39,6.66,6.26,60695,131804881.00,6.07,-3.03,-0.20,4.53
2015-10-20,6.38,6.82,6.84,6.32,71407,157239253.00,8.14,6.73,0.43,5.33
2015-10-21,6.72,6.06,6.78,6.06,82333,177748404.00,10.56,-11.14,-0.76,6.15
2015-10-22,5.99,6.39,6.43,5.96,62149,130269085.00,7.76,5.45,0.33,4.64
2015-10-23,6.46,6.60,6.71,6.35,87226,191906465.00,5.63,3.29,0.21,6.52
2015-10-26,6.72,6.85,6.95,6.66,91225,207853529.00,4.39,3.79,0.25,6.81
2015-10-27,6.84,6.85,6.88,6.22,74752,165674369.00,9.64,0.00,0.00,5.58
2015-10-28,6.88,6.54,7.01,6.49,74004,168700204.00,7.59,-4.53,-0.31,5.53
2015-10-29,6.69,6.70,6.85,6.52,53259,119331277.00,5.05,2.45,0.16,3.98
2015-10-30,6.65,6.70,6.83,6.45,52214,116582787.00,5.67,0.00,0.00,3.90
2015-11-02,6.36,6.29,6.69,6.29,60244,130730163.00,5.97,-6.12,-0.41,4.50
2015-11-03,6.30,6.26,6.45,6.20,45878,97376112.00,3.97,-0.48,-0.03,3.43
2015-11-04,6.38,6.74,6.75,6.29,62319,136979661.00,7.35,7.67,0.48,4.66
2015-11-05,6.75,7.09,7.39,6.63,127487,296105360.00,11.28,5.19,0.35,9.52
2015-11-06,7.11,7.32,7.44,6.89,109627,264765885.00,7.76,3.24,0.23,8.19
2015-11-09,7.33,7.64,7.95,7.15,102694,256651229.00,10.93,4.37,0.32,7.67
2015-11-10,7.69,7.67,7.92,7.39,111422,283512672.00,6.94,0.39,0.03,8.32
2015-11-11,7.56,8.06,8.22,7.50,83761,215954944.00,9.39,5.08,0.39,6.26
2015-11-12,8.06,7.91,8.25,7.77,82830,216461180.00,5.96,-1.86,-0.15,6.19
2015-11-13,7.72,7.47,7.91,7.39,62544,157490133.00,6.57,-5.56,-0.44,4.67
2015-11-16,7.22,7.73,7.73,7.15,49838,123688768.00,7.76,3.48,0.26,3.72
2015-11-17,7.82,7.60,8.15,7.52,98086,253036145.00,8.15,-1.68,-0.13,7.33
2015-11-18,7.55,8.02,8.39,7.54,140316,368976560.00,11.18,5.53,0.42,10.48
2015-11-19,7.96,8.86,8.89,7.94,159841,445915376.00,11.85,10.47,0.84,11.94
2015-11-20,8.72,9.05,9.11,8.49,160458,459809568.00,7.00,2.14,0.19,11.99
2015-11-23,9.09,8.63,9.22,8.57,124968,361939328.00,7.18,-4.64,-0.42,9.34
2015-11-24,8.55,8.57,8.62,8.27,65577,182061249.00,4.06,-0.70,-0.06,4.90
2015-11-25,8.67,8.81,8.81,8.50,65347,185806607.00,3.62,2.80,0.24,4.88
2015-11-26,8.76,8.43,8.88,8.42,80499,226552584.00,5.22,-4.31,-0.38,6.01
2015-11-27,8.47,7.77,8.52,7.61,74175,198192753.00,10.79,-7.83,-0.66,5.54
2015-11-30,7.69,7.73,7.85,7.01,83411,206914141.00,10.81,-0.51,-0.04,6.23
2015-12-01,7.67,7.60,7.83,7.44,61590,155113105.00,5.05,-1.68,-0.13,4.60
2015-12-02,7.52,7.52,7.72,6.99,47174,116180315.00,9.61,-1.05,-0.08,3.52
2015-12-03,7.73,8.35,8.35,7.73,68554,182496542.00,8.24,11.04,0.83,5.12
2015-12-04,8.72,8.50,9.15,8.43,185259,528426448.00,8.62,1.80,0.15,13.84
2015-12-07,8.59,9.11,9.31,8.59,167714,493607680.00,8.47,7.18,0.61,12.53
2015-12-08,8.87,8.48,8.87,8.41,123230,347945392.00,5.05,-6.92,-0.63,9.21
2015-12-09,8.32,8.01,8.37,7.90,87479,232777810.00,5.54,-5.54,-0.47,6.53
2015-12-10,7.98,7.98,8.22,7.80,72932,192368381.00,5.24,-0.37,-0.03,5.45
2015-12-11,7.99,8.02,8.20,7.86,53628,141665738.00,4.26,0.50,0.04,4.01
2015-12-14,7.85,8.15,8.15,7.67,54126,142194991.00,5.99,1.62,0.13,4.04
2015-12-15,8.15,8.25,8.49,8.14,65279,178666945.00,4.29,1.23,0.10,4.88
2015-12-16,8.38,8.34,8.38,8.02,69658,187629804.00,4.36,1.09,0.09,5.20
2015-12-17,8.39,8.65,8.76,8.37,88664,249266803.00,4.68,3.72,0.31,6.62
2015-12-18,8.65,8.48,8.72,8.39,59821,166794326.00,3.82,-1.97,-0.17,4.47
2015-12-21,8.48,8.48,8.60,8.31,63040,174743222.00,3.42,0.00,0.00,4.71
2015-12-22,8.48,8.48,8.52,8.30,60223,165945777.00,2.59,0.00,0.00,4.50
2015-12-23,8.43,8.64,8.82,8.42,93488,263173470.00,4.72,1.89,0.16,6.98
2015-12-24,8.61,8.34,8.64,8.15,63525,173390857.00,5.67,-3.47,-0.30,4.75
2015-12-25,8.31,8.47,8.54,8.21,47137,129543565.00,3.96,1.56,0.13,3.52
2015-12-28,8.47,7.90,8.58,7.90,67994,185517809.00,8.03,-6.73,-0.57,5.08
2015-12-29,7.87,7.87,8.00,7.64,64901,166416840.00,4.56,-0.38,-0.03,4.85
2015-12-30,7.87,8.10,8.11,7.87,48284,126904017.00,3.05,2.92,0.23,3.61
2015-12-31,8.07,7.78,8.22,7.74,40485,106015033.00,5.93,-3.95,-0.32,3.09