2015-01-05,6.37,6.48,6.51,6.32,67477,44045237.00,2.98,1.73,0.11,1.44
2015-01-06,6.47,6.67,6.70,6.40,88789,59083493.00,4.63,2.93,0.19,1.90
2015-01-07,6.65,6.62,6.71,6.56,63254,42516951.00,2.25,-0.75,-0.05,1.35
2015-01-08,6.61,6.47,6.62,6.32,116435,76259216.00,4.53,-2.27,-0.15,2.49
2015-01-09,6.45,6.47,6.62,6.42,101190,66886295.00,3.09,0.00,0.00,2.16
2015-01-12,6.43,6.22,6.55,6.17,95812,61284493.00,5.87,-3.86,-0.25,2.05
2015-01-13,6.22,6.22,6.30,6.14,70248,44194862.00,2.57,0.00,0.00,1.50
2015-01-14,6.20,6.21,6.25,6.16,34045,21404354.00,1.45,-0.16,-0.01,0.73
2015-01-15,6.15,6.29,6.29,6.14,39972,25308823.00,2.42,1.29,0.08,0.85
2015-01-16,6.28,6.29,6.34,6.24,57042,36291358.00,1.59,0.00,0.00,1.22
2015-01-19,6.31,6.22,6.33,6.07,91535,57500092.00,4.13,-1.11,-0.07,1.96
2015-01-20,6.21,6.38,6.44,6.21,79939,51140457.00,3.70,2.57,0.16,1.71
2015-01-21,6.37,6.62,6.65,6.37,129901,86229682.00,4.39,3.76,0.24,2.78
2015-01-22,6.59,6.81,6.88,6.58,149463,102550070.00,4.53,2.87,0.19,3.20
2015-01-23,6.81,6.71,6.86,6.62,100120,67990435.00,3.52,-1.47,-0.10,2.14
2015-01-26,6.74,6.97,7.01,6.69,132821,93006502.00,4.77,3.87,0.26,2.84
2015-01-27,6.94,7.00,7.07,6.89,115013,81382159.00,2.58,0.43,0.03,2.46
2015-01-28,7.00,6.86,7.04,6.84,74606,52172703.00,2.86,-2.00,-0.14,1.60
2015-01-29,6.85,6.80,6.88,6.78,48659,33587883.00,1.46,-0.87,-0.06,1.04
2015-01-30,6.83,6.85,7.02,6.83,75781,53027110.00,2.79,0.74,0.05,1.62
2015-02-02,6.82,7.21,7.22,6.72,192157,137175884.00,7.30,5.26,0.36,4.11
2015-02-03,7.17,7.26,7.36,7.09,154766,113037852.00,3.74,0.69,0.05,3.31
2015-02-04,7.29,7.40,7.48,7.21,214985,159887905.00,3.72,1.93,0.14,4.60
2015-02-05,7.40,7.20,7.43,7.19,132192,97738628.00,3.24,-2.70,-0.20,2.83
2015-02-06,7.23,7.25,7.38,7.12,106646,77878284.00,3.61,0.69,0.05,2.28
2015-02-09,7.25,7.01,7.35,6.95,89118,64675947.00,5.52,-3.31,-0.24,1.91
2015-02-10,7.01,7.04,7.07,6.89,56327,39865415.00,2.57,0.43,0.03,1.20
2015-02-11,7.07,7.33,7.34,7.00,98801,72270858.00,4.83,4.12,0.29,2.11
2015-02-12,7.32,7.33,7.38,7.22,63030,46585741.00,2.18,0.00,0.00,1.35
2015-02-13,7.33,7.31,7.39,7.27,85165,63099950.00,1.64,-0.27,-0.02,1.82
2015-02-16,7.28,7.50,7.51,7.27,113229,84761182.00,3.28,2.60,0.19,2.42
2015-02-17,7.48,7.52,7.59,7.42,89429,67778951.00,2.27,0.27,0.02,1.91
2015-02-25,7.52,7.62,7.67,7.42,98931,75835184.00,3.32,1.33,0.10,2.12
2015-02-26,7.62,7.67,7.81,7.60,123636,96147572.00,2.76,0.66,0.05,2.64
2015-02-27,7.70,7.70,7.85,7.70,108651,85318872.00,1.96,0.39,0.03,2.32
2015-03-02,7.72,7.63,7.75,7.46,153289,117351353.00,3.77,-0.91,-0.07,3.28
2015-03-03,7.59,7.87,8.15,7.52,170709,135751800.00,8.26,3.15,0.24,3.65
2015-03-04,7.81,7.85,8.02,7.71,134118,106203799.00,3.94,-0.25,-0.02,2.87
2015-03-05,7.82,7.81,7.85,7.66,90290,70795469.00,2.42,-0.51,-0.04,1.93
2015-03-06,7.81,7.87,8.00,7.69,109173,86629272.00,3.97,0.77,0.06,2.33
2015-03-09,7.87,8.02,8.08,7.74,110853,89029427.00,4.32,1.91,0.15,2.37
2015-03-10,8.03,7.98,8.23,7.90,154436,125793043.00,4.11,-0.50,-0.04,3.30
2015-03-11,7.98,7.89,8.00,7.83,86214,68891350.00,2.13,-1.13,-0.09,1.84
2015-03-12,7.90,7.82,8.03,7.77,99780,79232775.00,3.30,-0.89,-0.07,2.13
2015-03-13,7.82,7.86,7.92,7.75,79351,62746149.00,2.17,0.51,0.04,1.70
2015-03-16,7.88,8.01,8.04,7.88,124776,100522224.00,2.04,1.91,0.15,2.67
2015-03-17,8.01,8.07,8.16,7.96,150962,122666190.00,2.50,0.75,0.06,3.23
2015-03-18,8.07,8.18,8.20,8.01,178358,146006125.00,2.35,1.36,0.11,3.81
2015-03-19,8.17,8.14,8.22,8.07,139761,114750251.00,1.83,-0.49,-0.04,2.99
2015-03-20,8.15,8.07,8.17,7.99,139265,113686468.00,2.21,-0.86,-0.07,2.98
2015-03-23,8.07,8.26,8.31,8.02,207210,171188598.00,3.59,2.35,0.19,4.43
2015-03-24,8.27,8.12,8.28,7.62,249815,202753358.00,7.99,-1.69,-0.14,5.34
2015-03-25,8.10,8.24,8.30,7.93,228342,186824131.00,4.56,1.48,0.12,4.88
2015-03-26,8.38,9.07,9.07,8.29,377459,339884016.00,9.47,10.07,0.83,8.07
2015-03-27,9.01,9.16,9.53,8.92,472954,441757632.00,6.73,0.99,0.09,10.11
2015-03-30,9.34,9.15,9.40,9.00,241218,223137701.00,4.37,-0.11,-0.01,5.16
2015-03-31,9.17,9.05,9.21,8.93,178369,163032687.00,3.06,-1.09,-0.10,3.81
2015-04-01,9.03,9.13,9.27,8.98,220317,203567538.00,3.20,0.88,0.08,4.71
2015-04-02,9.20,9.74,9.87,9.17,322535,312151408.00,7.67,6.68,0.61,6.90
2015-04-03,9.72,10.24,10.45,9.52,246867,251932253.00,9.55,5.13,0.50,5.28
2015-04-07,10.61,10.12,10.61,9.92,256352,263895862.00,6.74,-1.17,-0.12,5.48
2015-04-08,10.17,9.96,10.40,9.82,236938,239509126.00,5.73,-1.58,-0.16,5.07
2015-04-09,9.97,10.02,10.11,9.10,239308,233552866.00,10.14,0.60,0.06,5.12
2015-04-10,9.92,10.17,10.22,9.76,205146,208561233.00,4.59,1.50,0.15,4.39
2015-04-13,10.17,10.21,10.47,10.11,181290,187538218.00,3.54,0.39,0.04,3.88
2015-04-14,10.21,10.03,10.27,9.92,184490,187270350.00,3.43,-1.76,-0.18,3.95
2015-04-15,10.00,9.72,10.00,9.36,174568,171466857.00,6.38,-3.09,-0.31,3.73
2015-04-16,9.62,9.68,9.88,9.44,132406,129891697.00,4.53,-0.41,-0.04,2.83
2015-04-17,9.72,9.91,9.97,9.66,179876,177151759.00,3.20,2.38,0.23,3.85
2015-04-20,9.89,9.54,10.02,9.52,217882,213638318.00,5.05,-3.73,-0.37,4.66
2015-04-21,9.55,9.86,9.90,9.49,191360,187438291.00,4.30,3.35,0.32,4.09
2015-04-22,10.01,10.35,10.58,9.85,283816,290751776.00,7.40,4.97,0.49,6.07
2015-04-23,10.32,10.33,10.60,10.14,281999,294542096.00,4.44,-0.19,-0.02,6.03
2015-04-24,10.19,10.17,10.30,9.97,189465,194150428.00,3.19,-1.55,-0.16,4.05
2015-04-27,10.20,10.18,10.62,10.07,251913,259588776.00,5.41,0.10,0.01,5.39
2015-04-28,10.12,9.77,10.17,9.67,180652,180958567.00,4.91,-4.03,-0.41,3.86
2015-04-29,9.65,9.92,10.08,9.57,152205,152605794.00,5.22,1.54,0.15,3.25
2015-04-30,10.02,10.24,10.45,9.94,215361,220851936.00,5.14,3.23,0.32,4.61
2015-05-04,10.24,10.51,10.57,10.10,216837,226774929.00,4.59,2.64,0.27,4.64
2015-05-05,10.51,10.34,10.74,10.20,227119,239668794.00,5.14,-1.62,-0.17,4.86
2015-05-06,10.38,10.31,10.71,10.21,188751,199033727.00,4.84,-0.29,-0.03,4.04
2015-05-07,10.02,9.66,10.16,9.43,131022,130819094.00,7.08,-6.30,-0.65,2.80
2015-05-08,9.81,9.80,9.91,9.47,153940,150807101.00,4.55,1.45,0.14,3.29
2015-05-11,9.80,10.21,10.24,9.80,186582,188844227.00,4.49,4.18,0.41,3.99
2015-05-12,10.21,10.90,10.90,10.17,344718,367789760.00,7.15,6.76,0.69,7.37
2015-05-13,10.72,11.27,11.45,10.64,365183,410412272.00,7.43,3.39,0.37,7.81
2015-05-14,11.25,11.06,11.31,10.92,170500,189991007.00,3.46,-1.86,-0.21,3.65
2015-05-15,11.13,10.77,11.13,10.57,170874,185495674.00,5.06,-2.62,-0.29,3.65
2015-05-18,10.62,10.85,11.02,10.52,174513,190589066.00,4.64,0.74,0.08,3.73
2015-05-19,10.89,11.10,11.22,10.72,169251,186545752.00,4.61,2.30,0.25,3.62
2015-05-20,11.12,11.32,11.69,11.11,255799,294785696.00,5.23,1.98,0.22,5.47
2015-05-21,11.22,11.75,11.90,11.21,236258,274647920.00,6.10,3.80,0.43,5.05
2015-05-22,11.78,11.91,12.07,11.48,242070,287816432.00,5.02,1.36,0.16,5.18
2015-05-25,11.82,12.51,12.76,11.59,308732,382035056.00,9.82,5.04,0.60,6.60
2015-05-26,12.57,12.72,12.98,12.24,299145,379107344.00,5.92,1.68,0.21,6.40
2015-05-27,12.70,13.92,13.92,12.12,406886,519520928.00,14.15,9.43,1.20,8.70
2015-07-01,12.52,12.52,12.52,12.52,20023,25228980.00,0.00,-10.06,-1.40,0.43
2015-07-02,11.26,11.26,11.26,11.26,4933,5594022.00,0.00,-10.06,-1.26,0.11
2015-07-03,10.13,10.13,10.13,10.13,4728,4827288.00,0.00,-10.04,-1.13,0.10
2015-07-06,9.11,9.11,10.57,9.11,648912,606401760.00,14.41,-10.07,-1.02,13.88
2015-07-07,8.19,8.19,8.19,8.19,4323,3575121.00,0.00,-10.10,-0.92,0.09
2015-07-08,7.36,7.36,7.47,7.36,873104,649652768.00,1.34,-10.13,-0.83,18.67
2015-07-09,6.62,8.10,8.10,6.62,699166,524680384.00,20.11,10.05,0.74,14.95
2015-07-10,7.92,8.92,8.92,7.70,798634,702382320.00,15.06,10.12,0.82,17.08
2015-07-13,8.52,9.66,9.81,8.52,949252,888612288.00,14.46,8.30,0.74,20.30
2015-07-14,9.34,8.69,9.65,8.69,715613,657685328.00,9.94,-10.04,-0.97,15.30
2015-07-15,8.18,7.81,8.39,7.81,291898,235433297.00,6.67,-10.13,-0.88,6.24
2015-07-16,7.05,7.51,8.10,7.02,406802,306391296.00,13.83,-3.84,-0.30,8.70
2015-07-17,7.52,7.92,8.12,7.45,316673,251628738.00,8.92,5.46,0.41,6.77
2015-07-20,7.94,7.95,8.21,7.73,327586,263576950.00,6.06,0.38,0.03,7.01
2015-07-21,7.89,8.14,8.22,7.69,313661,253413397.00,6.67,2.39,0.19,6.71
2015-07-22,8.11,8.51,8.67,8.03,409211,345593968.00,7.86,4.55,0.37,8.75
2015-07-23,8.50,8.69,8.79,8.31,362435,313915072.00,5.64,2.12,0.18,7.75
2015-07-24,8.73,8.51,9.05,8.40,399239,354530192.00,7.48,-2.07,-0.18,8.54
2015-07-27,8.19,7.65,8.60,7.65,337762,276364944.00,11.16,-10.11,-0.86,7.22
2015-07-28,7.03,7.18,7.64,6.88,269095,194569943.00,9.93,-6.14,-0.47,5.75
2015-07-29,7.36,7.68,7.72,6.87,208604,153116035.00,11.84,6.96,0.50,4.46
2015-07-30,7.52,7.31,7.87,7.30,228059,176519828.00,7.42,-4.82,-0.37,4.88
2015-07-31,7.07,7.12,7.40,7.04,149996,108792978.00,4.92,-2.60,-0.19,3.21
2015-08-03,7.02,6.65,7.17,6.40,213964,145774164.00,10.81,-6.60,-0.47,4.58
2015-08-04,6.70,7.19,7.22,6.60,190279,133553844.00,9.32,8.12,0.54,4.07
2015-08-05,7.18,7.17,7.34,7.02,192971,140689354.00,4.45,-0.28,-0.02,4.13
2015-08-06,7.03,7.90,7.90,6.93,197862,154299128.00,13.53,10.18,0.73,4.23
2015-08-07,8.68,8.46,8.70,8.19,737610,636679920.00,6.46,7.09,0.56,15.77
2015-08-10,8.26,8.78,8.93,8.24,607752,527458896.00,8.16,3.78,0.32,13.00
2015-08-11,8.57,8.63,8.86,8.52,417816,365765296.00,3.87,-1.71,-0.15,8.93
2015-08-12,8.47,8.24,8.67,8.22,293871,250092280.00,5.21,-4.52,-0.39,6.28
2015-08-13,8.13,9.07,9.07,8.08,410117,360229792.00,12.01,10.07,0.83,8.77
2015-08-14,9.28,9.99,9.99,8.93,499068,474699408.00,11.69,10.14,0.92,10.67
2015-08-17,10.30,10.52,11.00,9.98,933722,995328016.00,10.21,5.31,0.53,19.97
2015-08-18,10.12,9.46,10.37,9.46,530825,524355824.00,8.65,-10.08,-1.06,11.35
2015-08-19,8.66,9.44,9.82,8.51,520896,467728736.00,13.85,-0.21,-0.02,11.14
2015-08-20,9.17,9.42,9.77,8.83,482970,453853792.00,9.96,-0.21,-0.02,10.33
2015-08-21,9.04,8.48,9.42,8.47,313253,280370032.00,10.08,-9.98,-0.94,6.70
2015-08-24,7.66,7.62,7.90,7.62,179279,138663479.00,3.30,-10.14,-0.86,3.83
2015-08-25,6.85,6.85,7.03,6.85,180175,125192826.00,2.36,-10.10,-0.77,3.85
2015-08-26,6.85,6.24,7.32,6.16,383017,253639553.00,16.93,-8.91,-0.61,8.19
2015-08-27,6.42,6.59,6.72,5.91,272317,175943035.00,12.98,5.61,0.35,5.82
2015-08-28,6.72,7.19,7.19,6.55,282161,194793775.00,9.71,9.10,0.60,6.03
2015-08-31,7.00,6.71,7.12,6.69,200338,139146050.00,5.98,-6.68,-0.48,4.28
2015-09-01,6.67,6.03,6.67,6.03,190164,118854023.00,9.54,-10.13,-0.68,4.07
2015-09-02,5.58,5.54,6.29,5.44,178570,104557575.00,14.10,-8.13,-0.49,3.82
2015-09-07,5.71,5.67,5.95,5.54,152198,88951656.00,7.40,2.35,0.13,3.25
2015-09-08,5.72,6.08,6.12,5.58,143069,84937773.00,9.52,7.23,0.41,3.06
2015-09-09,6.14,6.70,6.70,6.13,284163,184774972.00,9.38,10.20,0.62,6.08
2015-09-10,6.62,6.61,6.97,6.47,281010,191575830.00,7.46,-1.34,-0.09,6.01
2015-09-11,6.63,6.65,6.75,6.42,155064,103514420.00,4.99,0.61,0.04,3.32
2015-09-14,6.67,5.98,6.74,5.98,181498,114858793.00,11.43,-10.08,-0.67,3.88
2015-09-15,5.68,5.44,5.85,5.37,196795,111385950.00,8.03,-9.03,-0.54,4.21
2015-09-16,5.50,5.99,5.99,5.47,175876,102182692.00,9.56,10.11,0.55,3.76
2015-09-17,6.05,5.85,6.35,5.84,218984,136640745.00,8.51,-2.34,-0.14,4.68
2015-09-18,5.87,5.97,6.06,5.75,138659,83210405.00,5.30,2.05,0.12,2.97
2015-09-21,5.82,6.20,6.24,5.78,135819,83352403.00,7.71,3.85,0.23,2.90
2015-09-22,6.21,6.23,6.33,6.11,153302,96764755.00,3.55,0.48,0.03,3.28
2015-09-23,6.21,6.31,6.52,6.07,240665,154066341.00,7.22,1.28,0.08,5.15
2015-09-24,6.30,6.38,6.41,6.19,180115,115160220.00,3.49,1.11,0.07,3.85
2015-09-25,6.32,6.02,6.40,5.87,157962,98515259.00,8.31,-5.64,-0.36,3.38
2015-09-28,6.00,6.22,6.27,5.92,97910,61012967.00,5.81,3.32,0.20,2.09
2015-09-29,6.04,6.06,6.23,5.82,116927,72216284.00,6.59,-2.57,-0.16,2.50
2015-09-30,6.09,6.26,6.39,6.05,126090,79276701.00,5.61,3.30,0.20,2.70
2015-10-08,6.50,6.47,6.60,6.32,174862,115055906.00,4.47,3.35,0.21,3.74
2015-10-09,6.42,6.59,6.67,6.41,141452,93685702.00,4.02,1.85,0.12,3.02
2015-10-12,6.62,6.91,7.12,6.60,213958,148639528.00,7.89,4.86,0.32,4.58
2015-10-13,6.84,7.07,7.29,6.82,209749,150195236.00,6.80,2.32,0.16,4.49
2015-10-14,7.17,7.13,7.33,6.93,251617,180595410.00,5.66,0.85,0.06,5.38
2015-10-15,7.09,7.47,7.60,7.04,255762,189291095.00,7.85,4.77,0.34,5.47
2015-10-16,7.50,7.72,8.04,7.43,324712,252206948.00,8.17,3.35,0.25,6.94
2015-10-19,7.74,7.65,7.82,7.48,253907,194643345.00,4.40,-0.91,-0.07,5.43
2015-10-20,7.59,7.73,7.75,7.48,192623,148348647.00,3.53,1.05,0.08,4.12
2015-10-21,7.76,7.30,7.97,7.05,332608,251383650.00,11.90,-5.56,-0.43,7.11
2015-10-22,7.24,7.67,7.72,7.23,270354,202644452.00,6.71,5.07,0.37,5.78
2015-10-23,7.69,8.23,8.32,7.69,403328,329358784.00,8.21,7.30,0.56,8.63
2015-10-26,8.17,8.43,8.47,8.00,358982,295648208.00,5.71,2.43,0.20,7.68
2015-10-27,8.22,7.97,8.22,7.62,410310,327780032.00,7.12,-5.46,-0.46,8.77
2015-10-28,7.90,7.52,7.95,7.44,274531,213456519.00,6.40,-5.65,-0.45,5.87
2015-10-29,7.56,7.59,7.70,7.47,155123,118907168.00,3.06,0.93,0.07,3.32
2015-10-30,7.62,7.53,7.69,7.39,157883,120585388.00,3.95,-0.79,-0.06,3.38
2015-11-02,7.36,7.29,7.55,7.26,129950,96945604.00,3.85,-3.19,-0.24,2.78
2015-11-03,7.31,7.44,7.52,7.23,143463,107060746.00,3.98,2.06,0.15,3.07
2015-11-04,7.52,8.05,8.19,7.49,322006,256751522.00,9.41,8.20,0.61,6.89
2015-11-05,8.07,7.90,8.13,7.82,263801,211924586.00,3.85,-1.86,-0.15,5.64
2015-11-06,7.93,8.15,8.22,7.88,228756,185749961.00,4.30,3.16,0.25,4.89
2015-11-09,8.03,8.17,8.26,7.83,246269,200654592.00,5.28,0.25,0.02,5.27
2015-11-10,8.08,8.43,8.60,8.00,298388,250781228.00,7.34,3.18,0.26,6.38
2015-11-11,8.35,8.50,8.68,8.25,232635,198509715.00,5.10,0.83,0.07,4.97
2015-11-12,8.58,8.80,9.10,8.45,376096,330124448.00,7.65,3.53,0.30,8.04
2015-11-13,8.61,8.52,8.85,8.20,259067,223439469.00,7.39,-3.18,-0.28,5.54
2015-11-16,8.30,8.63,8.64,8.23,187906,160959814.00,4.81,1.29,0.11,4.02
2015-11-17,8.74,8.60,8.99,8.48,323062,284939968.00,5.91,-0.35,-0.03,6.91
2015-11-18,8.58,8.30,8.67,8.27,165108,140686875.00,4.65,-3.49,-0.30,3.53
2015-11-19,8.32,8.49,8.53,8.25,144634,122488591.00,3.37,2.29,0.19,3.09
2015-11-20,8.52,9.06,9.10,8.41,460623,406831952.00,8.13,6.71,0.57,9.85
2015-11-23,8.97,9.01,9.10,8.77,389868,349799136.00,3.64,-0.55,-0.05,8.34
2015-11-24,8.98,8.83,9.09,8.53,247737,220630513.00,6.22,-2.00,-0.18,5.30
2015-11-25,8.84,8.94,9.02,8.77,266580,239654597.00,2.83,1.25,0.11,5.70
2015-11-26,9.02,9.04,9.39,8.86,341074,314200880.00,5.93,1.12,0.10,7.29
2015-11-27,8.92,8.14,9.02,8.13,272809,236878612.00,9.85,-9.96,-0.90,5.83
2015-11-30,8.14,8.20,8.25,7.66,201211,163443723.00,7.25,0.74,0.06,4.30
2015-12-01,8.18,8.39,8.52,8.03,146136,122488917.00,5.98,2.32,0.19,3.13
2015-12-02,8.34,8.23,8.80,7.97,134206,111774717.00,9.89,-1.91,-0.16,2.87
2015-12-03,8.15,8.50,8.52,8.14,129022,109300060.00,4.62,3.28,0.27,2.76
2015-12-04,8.43,8.94,9.02,8.42,307882,272034208.00,7.06,5.18,0.44,6.58
2015-12-07,8.89,9.30,9.44,8.82,336573,312506112.00,6.94,4.03,0.36,7.20
2015-12-08,9.25,9.60,10.03,9.02,516174,498030848.00,10.86,3.23,0.30,11.04
2015-12-09,9.32,9.27,9.47,9.07,312283,292099536.00,4.17,-3.44,-0.33,6.68
2015-12-10,9.23,9.01,9.42,8.93,227148,209641994.00,5.29,-2.80,-0.26,4.86
2015-12-11,9.09,9.06,9.23,8.95,162970,149427516.00,3.11,0.55,0.05,3.49
2015-12-14,8.92,9.36,9.40,8.83,155140,143034627.00,6.29,3.31,0.30,3.32
2015-12-15,9.36,9.44,9.49,9.25,184586,174606337.00,2.56,0.85,0.08,3.95
2015-12-16,9.42,9.33,9.52,9.27,184820,174541589.00,2.65,-1.17,-0.11,3.95
2015-12-17,9.35,9.78,9.85,9.35,309498,301098784.00,5.36,4.82,0.45,6.62
2015-12-18,9.72,9.74,9.85,9.21,205187,199169333.00,6.54,-0.41,-0.04,4.39
2015-12-21,9.75,9.62,10.06,9.61,285069,281408096.00,4.62,-1.23,-0.12,6.10
2015-12-22,9.69,10.03,10.11,9.64,326164,324655984.00,4.89,4.26,0.41,6.97
2015-12-23,10.14,10.25,10.60,10.07,486512,507341168.00,5.28,2.19,0.22,10.40
2015-12-24,10.09,10.47,10.47,9.92,259062,266050120.00,5.37,2.15,0.22,5.54
2015-12-25,10.42,10.39,10.88,10.34,272943,290962800.00,5.16,-0.76,-0.08,5.84
2015-12-28,10.41,10.08,10.65,10.05,256727,266866718.00,5.77,-2.98,-0.31,5.49
2015-12-29,9.94,10.37,10.41,9.94,187352,192619143.00,4.66,2.88,0.29,4.01
2015-12-30,10.47,10.26,10.51,10.05,206017,211845580.00,4.44,-1.06,-0.11,4.41
2015-12-31,10.23,9.76,10.33,9.62,304337,303972720.00,6.92,-4.87,-0.50,6.51