2016-01-04,48.30,43.36,48.32,43.36,27972,320575952.00,10.34,-9.65,-4.63,2.13
2016-01-05,42.05,43.39,44.55,42.04,30416,329435776.00,5.79,0.07,0.03,2.32
2016-01-06,43.62,44.24,44.71,41.28,25821,283275808.00,7.91,1.96,0.85,1.97
2016-01-07,43.20,40.51,43.20,40.32,8187,84920660.00,6.51,-8.43,-3.73,0.62
2016-01-08,41.41,41.47,42.35,39.34,31614,327688208.00,7.43,2.37,0.96,2.41
2016-01-11,40.70,39.66,42.16,39.48,24292,248629981.00,6.46,-4.36,-1.81,1.85
2016-01-12,39.51,40.36,40.95,39.28,20660,206151692.00,4.21,1.77,0.70,1.57
2016-01-13,40.58,39.36,41.16,39.36,19063,192065397.00,4.46,-2.48,-1.00,1.45
2016-01-14,38.03,40.43,40.89,37.62,24659,241341380.00,8.31,2.72,1.07,1.88
2016-01-15,40.50,41.49,43.89,40.14,38832,405724704.00,9.28,2.62,1.06,2.96
2016-01-18,40.51,43.12,43.12,40.35,33242,350722576.00,6.68,3.93,1.63,2.53
2016-01-19,43.20,44.00,44.53,42.82,29791,326390432.00,3.97,2.04,0.88,2.27
2016-01-20,43.82,42.94,44.26,42.51,22834,248110902.00,3.98,-2.41,-1.06,1.74
2016-01-21,42.53,41.87,43.93,41.84,24231,258229519.00,4.87,-2.49,-1.07,1.85
2016-01-22,42.13,42.84,43.20,41.28,16926,179025748.00,4.59,2.32,0.97,1.29
2016-01-25,43.03,41.46,43.39,41.05,22581,238121539.00,5.46,-3.22,-1.38,1.72
2016-01-26,41.28,39.59,41.28,39.37,25120,251148260.00,4.61,-4.51,-1.87,1.91
2016-01-27,39.55,38.81,39.93,36.66,22944,218641190.00,8.26,-1.97,-0.78,1.75
2016-01-28,38.20,37.36,39.27,37.05,16284,155228346.00,5.72,-3.74,-1.45,1.24
2016-01-29,37.44,38.60,38.97,37.27,19054,181207528.00,4.55,3.32,1.24,1.45
2016-02-01,38.45,37.08,38.65,36.62,15439,144781455.00,5.26,-3.94,-1.52,1.18
2016-02-02,37.13,38.52,38.85,37.13,16866,160086805.00,4.64,3.88,1.44,1.28
2016-02-03,37.86,38.13,38.39,37.29,14486,135814011.00,2.86,-1.01,-0.39,1.10
2016-02-04,38.49,39.32,39.74,38.27,19093,186660656.00,3.86,3.12,1.19,1.45
2016-02-05,39.34,39.01,39.74,38.82,9647,94074284.00,2.34,-0.79,-0.31,0.73
2016-02-15,38.19,39.33,39.65,37.89,9952,96332815.00,4.51,0.82,0.32,0.76
2016-02-16,39.70,41.09,41.22,39.69,16096,163337791.00,3.89,4.47,1.76,1.23
2016-02-17,40.85,40.90,41.06,40.26,15025,152174505.00,1.95,-0.46,-0.19,1.14
2016-02-18,41.50,41.62,42.36,41.11,19015,198472301.00,3.06,1.76,0.72,1.45
2016-02-19,41.55,41.16,41.64,40.89,14301,147422396.00,1.80,-1.11,-0.46,1.09
2016-02-22,41.66,41.85,41.97,41.31,13948,144768093.00,1.60,1.68,0.69,1.06
2016-02-23,41.85,41.65,41.96,41.09,14022,145371277.00,2.08,-0.48,-0.20,1.07
2016-02-24,41.66,41.23,41.77,40.43,17289,177218917.00,3.22,-1.01,-0.42,1.32
2016-02-25,41.09,38.27,41.12,38.05,21440,210411302.00,7.45,-7.18,-2.96,1.63
2016-02-26,38.97,38.73,39.08,38.08,12061,115811995.00,2.61,1.20,0.46,0.92
2016-02-29,38.66,36.66,38.94,36.20,20083,184912162.00,7.07,-5.34,-2.07,1.53
2016-03-01,36.66,37.12,37.50,35.71,12771,116235245.00,4.88,1.25,0.46,0.97
2016-03-02,37.40,38.61,38.62,37.05,16350,154419655.00,4.23,4.01,1.49,1.25
2016-03-03,38.51,38.51,38.99,38.20,12926,124009909.00,2.05,-0.26,-0.10,0.98
2016-03-04,38.29,37.36,38.69,36.66,14179,132511872.00,5.27,-2.99,-1.15,1.08
2016-03-07,37.74,38.18,38.51,37.47,9577,90562764.00,2.78,2.19,0.82,0.73
2016-03-08,38.16,38.18,38.20,36.67,10780,100463860.00,4.01,0.00,0.00,0.82
2016-03-09,37.76,37.93,38.15,37.37,13229,124004156.00,2.04,-0.65,-0.25,1.01
2016-03-10,37.89,37.53,38.01,37.27,7925,73976407.00,1.95,-1.05,-0.40,0.60
2016-03-11,36.45,36.32,36.74,35.89,19477,175341853.00,2.26,-3.22,-1.21,1.48
2016-03-14,36.85,37.59,37.90,36.74,19291,180103891.00,3.19,3.50,1.27,1.47
2016-03-15,37.66,38.01,38.78,37.43,18452,174859651.00,3.59,1.12,0.42,1.41
2016-03-16,38.16,37.45,38.36,37.28,10968,102586029.00,2.84,-1.47,-0.56,0.84
2016-03-17,37.73,38.80,38.89,37.42,20734,197445318.00,3.93,3.60,1.35,1.58
2016-03-18,38.79,40.05,40.51,38.79,22948,227197042.00,4.43,3.22,1.25,1.75
2016-03-21,40.12,41.92,42.66,40.12,30122,315079888.00,6.34,4.67,1.87,2.29
2016-03-22,41.78,41.48,41.78,41.11,15075,155642780.00,1.60,-1.05,-0.44,1.15
2016-03-23,41.46,41.54,41.86,40.82,15177,156320239.00,2.51,0.14,0.06,1.16
2016-03-24,41.27,40.88,41.28,40.70,12771,130398014.00,1.40,-1.59,-0.66,0.97
2016-03-25,40.87,40.43,41.20,40.05,14061,142318035.00,2.81,-1.10,-0.45,1.07
2016-03-28,40.51,40.31,41.47,40.12,14643,149192661.00,3.34,-0.30,-0.12,1.12
2016-03-29,40.24,39.24,40.33,39.08,15330,150749398.00,3.10,-2.65,-1.07,1.17
2016-03-30,39.44,40.54,40.58,39.44,14076,140461835.00,2.91,3.31,1.30,1.07
2016-03-31,40.73,40.86,41.40,40.53,16867,172139379.00,2.15,0.79,0.32,1.28
2016-04-01,40.59,41.09,42.43,40.33,13206,135083517.00,5.14,0.56,0.23,1.01
2016-04-05,40.89,41.48,41.89,38.29,21078,217204578.00,8.76,0.95,0.39,1.61
2016-04-06,41.39,41.72,41.77,41.18,13877,143855405.00,1.42,0.58,0.24,1.06
2016-04-07,42.43,42.82,43.97,42.43,36747,397390320.00,3.69,2.64,1.10,2.80
2016-04-08,42.78,42.24,42.82,41.66,19867,208652850.00,2.71,-1.35,-0.58,1.51
2016-04-11,42.32,42.60,43.25,40.24,20938,222268317.00,7.13,0.85,0.36,1.59
2016-04-12,42.55,42.43,43.36,41.78,15321,160288249.00,3.71,-0.40,-0.17,1.17
2016-04-13,42.47,43.50,43.50,42.29,23055,246235776.00,2.85,2.52,1.07,1.76
2016-04-14,44.08,43.50,45.79,42.74,37109,408516192.00,7.01,0.00,0.00,2.83
2016-04-15,43.58,42.23,43.87,41.96,50399,533368240.00,4.39,-2.92,-1.27,3.84
2016-04-18,42.20,41.66,42.42,41.06,37942,389783568.00,3.22,-1.35,-0.57,2.89
2016-04-27,42.30,42.10,43.15,41.71,33954,311399488.00,3.46,1.06,0.44,2.00
2016-04-28,42.15,42.14,42.59,41.25,13696,123675352.00,3.18,0.10,0.04,0.81
2016-04-29,41.98,42.29,42.60,41.87,12878,117411243.00,1.73,0.36,0.15,0.76
2016-05-03,42.20,43.94,44.20,42.18,28079,263786451.00,4.78,3.90,1.65,1.65
2016-05-04,43.93,44.21,44.38,43.68,22013,208918944.00,1.59,0.61,0.27,1.29
2016-05-05,44.30,44.26,44.40,43.66,11315,106956091.00,1.67,0.11,0.05,0.67
2016-05-06,44.45,42.84,44.90,42.60,24755,231925381.00,5.20,-3.21,-1.42,1.46
2016-05-09,42.48,41.49,42.48,40.78,27721,248830716.00,3.97,-3.15,-1.35,1.63
2016-05-10,41.58,41.55,41.85,41.30,15765,141503699.00,1.33,0.14,0.06,0.93
2016-05-11,41.79,42.34,43.00,41.40,28546,261083156.00,3.85,1.90,0.79,1.68
2016-05-12,41.95,42.87,43.89,41.71,23389,215116661.00,5.15,1.25,0.53,1.38
2016-05-13,43.00,43.09,44.03,42.84,28381,265503211.00,2.78,0.51,0.22,1.67
2016-05-16,43.09,43.43,43.45,42.53,20796,192187167.00,2.14,0.79,0.34,1.22
2016-05-17,43.54,42.95,43.54,42.81,14928,138474384.00,1.68,-1.11,-0.48,0.88
2016-05-18,42.74,41.70,42.77,41.34,20994,189698745.00,3.33,-2.91,-1.25,1.23
2016-05-19,41.70,41.94,42.50,41.45,15241,138323740.00,2.52,0.58,0.24,0.90
2016-05-20,41.58,42.39,42.46,41.14,15876,143821196.00,3.15,1.07,0.45,0.93
2016-05-23,42.19,42.70,42.96,42.19,16314,149834866.00,1.82,0.73,0.31,0.96
2016-05-24,42.75,42.12,42.75,41.79,10494,95324098.00,2.25,-1.36,-0.58,0.62
2016-05-25,42.43,42.13,42.59,42.01,12363,112785712.00,1.38,0.02,0.01,0.73
2016-05-26,42.10,41.81,42.20,40.91,17063,152544178.00,3.06,-0.76,-0.32,1.00
2016-05-27,41.60,41.51,41.94,41.20,12890,115691740.00,1.77,-0.72,-0.30,0.76
2016-05-30,41.50,40.91,41.50,40.65,9925,87998882.00,2.05,-1.45,-0.60,0.58
2016-05-31,41.06,42.50,42.64,41.01,27563,249839590.00,3.98,3.89,1.59,1.62
2016-06-01,42.50,42.27,42.95,42.15,20912,191401791.00,1.88,-0.54,-0.23,1.23
2016-06-02,42.23,42.41,42.50,41.91,12654,115144250.00,1.40,0.33,0.14,0.74
2016-06-03,42.50,44.75,45.17,42.50,61776,585978240.00,6.30,5.52,2.34,3.63
2016-06-06,44.70,45.64,46.85,44.50,52509,516417152.00,5.25,1.99,0.89,3.09
2016-06-07,45.80,45.86,46.42,45.29,27852,273496048.00,2.48,0.48,0.22,1.64
2016-06-08,45.90,45.70,45.90,45.21,16604,162196212.00,1.50,-0.35,-0.16,0.98
2016-06-13,45.20,43.85,46.45,43.80,27862,271654688.00,5.80,-4.05,-1.85,1.64
2016-06-14,43.71,44.95,45.15,43.45,25575,243725456.00,3.88,2.51,1.10,1.50
2016-06-15,44.45,46.28,46.75,44.45,33570,331376912.00,5.12,2.96,1.33,1.97
2016-06-16,46.20,45.87,46.43,45.46,21718,213621585.00,2.10,-0.89,-0.41,1.28
2016-06-17,45.95,46.70,47.28,45.85,25701,256386503.00,3.12,1.81,0.83,1.51
2016-06-20,46.80,48.60,49.14,46.71,45787,471180272.00,5.20,4.07,1.90,2.69
2016-06-21,48.60,48.20,49.83,47.30,35273,367306672.00,5.21,-0.82,-0.40,2.07
2016-06-22,48.19,50.85,50.92,47.81,38572,408563760.00,6.45,5.50,2.65,2.27
2016-06-23,50.65,50.70,51.18,49.95,21056,226351406.00,2.42,-0.29,-0.15,1.24
2016-06-24,50.70,49.75,52.19,48.95,43025,460063088.00,6.39,-1.87,-0.95,2.53
2016-06-27,49.45,49.88,50.55,48.80,34741,368239200.00,3.52,0.26,0.13,2.04
2016-06-28,49.80,49.70,51.68,49.60,42128,454650864.00,4.17,-0.36,-0.18,2.48
2016-06-29,49.72,49.89,50.19,49.45,18545,196802795.00,1.49,0.38,0.19,1.09
2016-06-30,49.91,50.04,50.48,49.21,21981,233735064.00,2.55,0.30,0.15,1.29
2016-07-01,50.05,48.84,50.80,48.55,25794,272163920.00,4.50,-2.40,-1.20,1.52
2016-07-04,48.70,49.64,50.04,48.50,19706,207488758.00,3.15,1.64,0.80,1.16
2016-07-05,49.60,49.26,49.94,48.70,20409,214719076.00,2.50,-0.77,-0.38,1.20
2016-07-06,49.85,50.57,50.94,49.10,31848,340040176.00,3.74,2.66,1.31,1.87
2016-07-07,50.65,51.19,52.82,50.65,49090,541148400.00,4.29,1.23,0.62,2.89
2016-07-08,51.42,49.95,51.42,49.89,28674,308849504.00,2.99,-2.42,-1.24,1.69
2016-07-11,49.83,49.89,50.90,49.32,41933,446452224.00,3.16,-0.12,-0.06,2.47
2016-07-12,49.78,51.72,52.15,49.70,60185,656781840.00,4.91,3.67,1.83,3.54
2016-07-13,51.70,51.18,52.35,50.79,32510,355372176.00,3.02,-1.04,-0.54,1.91
2016-07-14,51.20,50.18,51.64,49.90,30317,326323424.00,3.40,-1.95,-1.00,1.78
2016-07-15,50.41,51.14,51.63,50.20,30328,329277472.00,2.85,1.91,0.96,1.78
2016-07-18,51.13,51.39,52.47,50.62,47435,522403328.00,3.62,0.49,0.25,2.79
2016-07-19,51.48,49.61,51.48,49.14,46121,491125792.00,4.55,-3.46,-1.78,2.71
2016-07-20,49.62,49.31,49.79,49.14,19632,207220530.00,1.31,-0.60,-0.30,1.15
2016-07-21,49.18,49.42,49.74,48.71,21001,220952628.00,2.09,0.22,0.11,1.24
2016-07-22,49.59,49.45,50.36,49.00,19619,208040244.00,2.75,0.06,0.03,1.15
2016-07-25,49.30,49.81,50.30,49.05,14445,153558258.00,2.53,0.73,0.36,0.85
2016-07-26,49.80,50.34,50.41,49.70,12423,132788995.00,1.43,1.06,0.53,0.73
2016-07-27,50.44,48.65,50.89,48.46,42124,444351552.00,4.83,-3.36,-1.69,2.48
2016-07-28,48.70,48.83,49.64,48.53,33093,345384496.00,2.28,0.37,0.18,1.95
2016-07-29,48.95,49.65,49.95,48.60,21504,227031814.00,2.76,1.68,0.82,1.26
2016-08-01,49.60,47.81,49.60,47.56,31745,328741760.00,4.11,-3.71,-1.84,1.87
2016-08-02,47.99,47.94,48.20,47.71,13151,134808224.00,1.02,0.27,0.13,0.77
2016-08-03,47.83,48.35,48.64,47.58,13202,135893281.00,2.21,0.86,0.41,0.78
2016-08-04,48.50,48.37,48.62,47.95,12778,131915723.00,1.39,0.04,0.02,0.75
2016-08-05,48.55,47.80,48.55,47.71,12066,124158739.00,1.74,-1.18,-0.57,0.71
2016-08-08,47.98,49.18,49.34,47.72,17775,185056507.00,3.39,2.89,1.38,1.05
2016-08-09,49.18,49.45,49.48,48.87,12892,135526762.00,1.24,0.55,0.27,0.76
2016-08-10,49.40,49.44,50.13,49.13,24317,257629739.00,2.02,-0.02,-0.01,1.43
2016-08-11,48.95,48.28,49.12,47.98,34352,356192560.00,2.31,-2.35,-1.16,2.02
2016-08-12,48.55,48.45,48.82,48.05,16153,166769667.00,1.59,0.35,0.17,0.95
2016-08-15,48.46,49.33,49.40,48.15,27841,290561216.00,2.58,1.82,0.88,1.64
2016-08-16,49.35,49.33,49.65,48.85,19456,204410315.00,1.62,0.00,0.00,1.14
2016-08-17,49.29,48.94,49.29,48.78,16544,172994440.00,1.03,-0.79,-0.39,0.97
2016-08-18,48.94,48.54,49.08,48.31,13887,144329437.00,1.57,-0.82,-0.40,0.82
2016-08-19,48.63,48.39,48.63,48.21,9304,96165504.00,0.87,-0.31,-0.15,0.55
2016-08-22,48.60,48.38,48.89,48.31,13560,140800466.00,1.20,-0.02,-0.01,0.80
2016-08-23,48.38,48.43,48.79,48.33,9944,103061865.00,0.95,0.10,0.05,0.58
2016-08-24,48.56,49.06,49.44,48.56,19852,208213484.00,1.82,1.30,0.63,1.17
2016-08-25,49.10,47.75,49.10,47.20,24514,250903227.00,3.87,-2.67,-1.31,1.44
2016-08-26,47.95,47.44,48.30,47.40,18792,192274103.00,1.88,-0.65,-0.31,1.11
2016-08-29,47.20,46.82,47.60,46.70,22047,222105787.00,1.90,-1.31,-0.62,1.30
2016-08-30,46.77,47.23,47.44,46.75,15473,156243661.00,1.47,0.88,0.41,0.91
2016-08-31,47.39,47.50,47.55,47.00,19267,194771516.00,1.16,0.57,0.27,1.13
2016-09-01,47.70,46.90,47.74,46.90,12714,128569989.00,1.77,-1.26,-0.60,0.75
2016-09-02,46.88,46.90,47.14,46.65,10592,106323699.00,1.04,0.00,0.00,0.62
2016-09-05,46.95,47.04,47.51,46.95,7383,74575540.00,1.19,0.30,0.14,0.43
2016-09-06,46.85,47.47,47.58,46.60,13113,132241376.00,2.08,0.91,0.43,0.77
2016-09-07,47.66,47.95,48.33,47.62,18834,193328910.00,1.50,1.01,0.48,1.11
2016-09-08,48.04,48.11,48.67,47.80,15120,156172881.00,1.81,0.33,0.16,0.89
2016-09-09,48.16,47.87,48.45,47.85,8314,85583089.00,1.25,-0.50,-0.24,0.49
2016-09-12,47.25,46.64,47.32,46.64,15795,158832164.00,1.42,-2.57,-1.23,0.93
2016-09-13,46.89,47.10,47.29,46.68,11187,112602098.00,1.31,0.99,0.46,0.66
2016-09-14,47.00,46.75,47.15,46.71,5174,51919551.00,0.93,-0.74,-0.35,0.30
2016-09-19,46.81,48.10,48.26,46.81,14260,145875970.00,3.10,2.89,1.35,0.84
2016-09-20,48.14,48.65,49.08,47.92,15690,163012714.00,2.41,1.14,0.55,0.92
2016-09-21,48.60,48.72,49.29,48.45,11176,116798380.00,1.73,0.14,0.07,0.66
2016-09-22,48.78,48.65,49.31,48.54,11562,120904164.00,1.58,-0.14,-0.07,0.68
2016-09-23,48.65,49.75,49.75,48.65,21438,225638511.00,2.26,2.26,1.10,1.26
2016-09-26,49.84,48.68,50.08,48.60,19937,210637225.00,2.97,-2.15,-1.07,1.17
2016-09-27,48.54,49.05,49.13,48.49,12898,134109465.00,1.31,0.76,0.37,0.76
2016-09-28,49.20,48.33,49.20,48.20,14719,152692765.00,2.04,-1.47,-0.72,0.87
2016-09-29,48.54,48.58,49.08,48.38,7385,76898507.00,1.45,0.52,0.25,0.43
2016-09-30,48.46,48.64,49.17,48.46,7336,76458654.00,1.46,0.12,0.06,0.43
2016-10-10,49.14,52.20,52.53,49.04,45527,496033168.00,7.18,7.32,3.56,2.68
2016-10-11,52.19,52.45,53.00,51.75,23561,262205804.00,2.39,0.48,0.25,1.39
2016-10-12,52.20,53.04,53.63,52.01,27944,314823152.00,3.09,1.12,0.59,1.64
2016-10-13,53.14,52.78,53.38,52.51,15987,179966793.00,1.64,-0.49,-0.26,0.94
2016-10-14,52.67,52.80,52.98,51.71,16253,180976396.00,2.41,0.04,0.02,0.96
2016-10-17,52.80,52.32,53.48,52.20,15972,179348148.00,2.42,-0.91,-0.48,0.94
2016-10-18,52.23,52.43,52.60,51.98,19060,212112913.00,1.19,0.21,0.11,1.12
2016-10-19,52.55,51.55,52.93,51.50,22268,246784208.00,2.73,-1.68,-0.88,1.31
2016-10-20,51.71,51.95,52.26,51.45,15467,170843592.00,1.57,0.78,0.40,0.91
2016-10-21,52.65,52.76,53.90,52.53,39036,441790192.00,2.64,1.56,0.81,2.30
2016-10-24,52.93,54.04,54.30,52.79,33011,376872032.00,2.86,2.43,1.28,1.94
2016-10-25,53.95,53.91,54.93,53.58,32224,370484048.00,2.50,-0.24,-0.13,1.90
2016-10-26,53.80,53.94,54.20,53.55,17072,195198555.00,1.21,0.06,0.03,1.00
2016-10-27,53.95,53.57,53.98,53.28,11613,131943661.00,1.30,-0.69,-0.37,0.68
2016-10-28,53.70,53.55,53.80,53.16,10496,119191859.00,1.19,-0.04,-0.02,0.62
2016-10-31,53.63,55.53,56.30,53.50,39426,461419680.00,5.23,3.70,1.98,2.32
2016-11-01,55.59,56.08,56.60,55.30,32124,381153904.00,2.34,0.99,0.55,1.89
2016-11-02,55.72,58.04,58.45,55.72,42968,524910944.00,4.87,3.50,1.96,2.53
2016-11-03,57.75,58.13,58.23,57.36,23620,288632240.00,1.50,0.16,0.09,1.39
2016-11-04,58.00,57.20,58.42,57.01,23722,288708176.00,2.43,-1.60,-0.93,1.40
2016-11-07,57.00,56.57,57.10,55.95,22072,263828063.00,2.01,-1.10,-0.63,1.30
2016-11-08,56.58,56.60,56.99,56.00,23336,279076304.00,1.75,0.05,0.03,1.37
2016-11-09,56.65,57.90,58.18,56.30,33804,409477776.00,3.32,2.30,1.30,1.99
2016-11-10,57.80,58.14,58.34,57.61,20034,245228430.00,1.26,0.41,0.24,1.18
2016-11-11,57.95,55.85,58.19,55.26,39813,475105296.00,5.04,-3.94,-2.29,2.34
2016-11-14,55.53,53.70,56.29,52.79,70672,810975712.00,6.27,-3.85,-2.15,4.16
2016-11-15,53.85,55.44,55.70,53.78,32794,381833312.00,3.58,3.24,1.74,1.93
2016-11-16,55.20,54.80,56.25,54.71,21385,251319118.00,2.78,-1.15,-0.64,1.26
2016-11-17,55.08,55.70,55.89,54.30,19088,224231527.00,2.90,1.64,0.90,1.12
2016-11-18,55.74,56.43,57.48,55.59,25751,308818496.00,3.39,1.31,0.73,1.51
2016-11-21,56.85,55.64,57.85,53.85,65612,771855504.00,7.09,-1.40,-0.79,3.86
2016-11-22,55.54,55.64,56.54,55.14,32184,379496544.00,2.52,0.00,0.00,1.89
2016-11-23,55.64,54.60,55.65,54.14,34121,396021632.00,2.71,-1.87,-1.04,2.01
2016-11-24,54.46,55.07,55.58,54.46,18706,218365616.00,2.05,0.86,0.47,1.10
2016-11-25,55.15,55.36,55.45,54.45,13950,162186750.00,1.82,0.53,0.29,0.82
2016-11-28,55.20,53.44,55.43,52.95,67822,777129024.00,4.48,-3.47,-1.92,3.99
2016-11-29,53.60,53.70,55.04,53.48,56488,647786080.00,2.92,0.49,0.26,3.32
2016-11-30,53.79,54.65,55.00,53.50,28158,325321120.00,2.79,1.77,0.95,1.66
2016-12-01,54.65,54.10,54.81,53.45,27107,311829024.00,2.49,-1.01,-0.55,1.59
2016-12-02,53.85,53.94,54.25,53.55,17744,203190084.00,1.29,-0.30,-0.16,1.04
2016-12-05,53.65,55.44,55.70,53.61,31310,365955472.00,3.87,2.78,1.50,1.84
2016-12-06,55.10,56.78,57.40,54.95,41926,502586656.00,4.42,2.42,1.34,2.47
2016-12-07,56.50,56.94,56.95,55.85,16848,201488224.00,1.94,0.28,0.16,0.99
2016-12-08,56.70,56.01,56.93,55.80,15189,180586552.00,1.98,-1.63,-0.93,0.89
2016-12-09,55.89,54.85,56.13,54.31,23427,273232240.00,3.25,-2.07,-1.16,1.38
2016-12-12,54.70,53.76,54.70,53.45,25996,297787856.00,2.28,-1.99,-1.09,1.53
2016-12-13,53.70,54.12,54.60,53.55,17002,195218580.00,1.95,0.67,0.36,1.00
2016-12-14,53.95,53.25,54.34,53.23,14265,163000258.00,2.05,-1.61,-0.87,0.84
2016-12-15,53.12,53.20,53.84,52.81,13700,155103703.00,1.93,-0.09,-0.05,0.81
2016-12-16,53.90,54.33,54.70,53.30,13433,154589818.00,2.63,2.12,1.13,0.79
2016-12-19,54.33,54.45,54.65,53.86,12394,142923352.00,1.45,0.22,0.12,0.73
2016-12-20,54.55,53.78,54.55,53.59,10210,116892951.00,1.76,-1.23,-0.67,0.60
2016-12-21,53.78,54.20,54.25,53.59,9469,108468059.00,1.23,0.78,0.42,0.56
2016-12-22,54.21,53.97,54.49,53.64,10094,115528613.00,1.57,-0.42,-0.23,0.59
2016-12-23,53.78,53.61,54.19,53.60,8259,94205932.00,1.09,-0.67,-0.36,0.49
2016-12-26,53.61,53.35,53.61,52.64,16339,184019096.00,1.81,-0.48,-0.26,0.96
2016-12-27,53.29,53.37,53.58,52.90,7326,82874353.00,1.27,0.04,0.02,0.43
2016-12-28,53.50,53.30,53.61,52.97,9181,103962691.00,1.20,-0.13,-0.07,0.54
2016-12-29,53.31,52.29,53.48,52.20,13796,154812819.00,2.40,-1.89,-1.01,0.81
2016-12-30,52.34,52.63,53.03,52.23,15793,176600186.00,1.53,0.65,0.34,0.93