2023-01-03,24.65,24.97,25.04,23.93,15680,38556803.00,4.56,2.67,0.65,1.38
2023-01-04,24.90,25.20,25.43,24.66,11560,29067489.00,3.08,0.92,0.23,1.02
2023-01-05,25.50,26.45,27.46,25.45,55925,148071381.00,7.98,4.96,1.25,4.94
2023-01-06,26.43,26.37,27.19,25.88,37510,99663760.00,4.95,-0.30,-0.08,3.31
2023-01-09,26.61,26.90,26.96,26.05,38483,102197327.00,3.45,2.01,0.53,3.40
2023-01-10,26.55,26.37,26.99,26.26,21735,57433610.00,2.71,-1.97,-0.53,1.92
2023-01-11,26.58,26.21,26.59,26.10,15160,39821312.00,1.86,-0.61,-0.16,1.34
2023-01-12,26.21,25.97,26.41,25.80,13357,34782187.00,2.33,-0.92,-0.24,1.18
2023-01-13,25.97,26.09,26.50,25.96,10985,28806308.00,2.08,0.46,0.12,0.97
2023-01-16,26.24,26.35,26.48,25.97,10969,28836241.00,1.95,1.00,0.26,0.97
2023-01-17,26.50,26.19,26.50,26.06,8997,23573676.00,1.67,-0.61,-0.16,0.79
2023-01-18,26.25,26.26,26.68,26.12,11133,29407782.00,2.14,0.27,0.07,0.98
2023-01-19,26.02,26.10,26.38,26.02,7321,19174399.00,1.37,-0.61,-0.16,0.65
2023-01-20,26.20,26.36,26.48,26.16,8893,23382988.00,1.23,1.00,0.26,0.79
2023-01-30,26.63,26.80,27.03,26.63,18284,49103181.00,1.52,1.67,0.44,1.61
2023-01-31,26.73,27.25,27.39,26.56,23294,63208619.00,3.10,1.68,0.45,2.06
2023-02-01,27.31,27.50,27.56,27.02,21593,58928563.00,1.98,0.92,0.25,1.91
2023-02-02,27.72,27.25,27.72,27.13,15897,43353131.40,2.15,-0.91,-0.25,1.40