2022-01-04,25.03,25.35,25.41,24.83,12353,31174701.00,2.35,2.71,0.67,5.44
2022-01-05,25.43,24.92,25.43,24.64,8420,21059020.00,3.12,-1.70,-0.43,3.71
2022-01-06,24.82,25.28,25.51,24.82,9919,25143467.00,2.77,1.44,0.36,4.37
2022-01-07,25.33,24.88,25.91,24.83,15942,40735063.00,4.27,-1.58,-0.40,7.02
2022-01-10,24.67,25.57,25.74,24.16,14399,36271573.00,6.35,2.77,0.69,6.34
2022-01-11,26.34,26.42,27.43,25.86,49891,133555828.00,6.14,3.32,0.85,21.98
2022-01-12,25.82,26.13,26.29,25.44,27211,70868358.00,3.22,-1.10,-0.29,11.99
2022-01-13,25.93,26.26,26.68,25.82,19093,50216793.00,3.29,0.50,0.13,8.41
2022-01-14,26.30,25.17,26.30,25.13,22989,58880788.00,4.46,-4.15,-1.09,10.13
2022-01-17,25.27,25.92,26.34,24.94,18758,48516862.00,5.56,2.98,0.75,8.26
2022-01-18,26.11,25.06,26.13,24.95,16811,42655688.00,4.55,-3.32,-0.86,7.41
2022-01-19,24.93,25.78,26.11,24.53,19309,49745696.00,6.30,2.87,0.72,8.51
2022-01-20,25.74,24.52,25.91,24.35,16884,42178235.00,6.05,-4.89,-1.26,7.44
2022-01-21,24.51,23.91,24.78,23.84,8202,19859075.00,3.83,-2.49,-0.61,3.61
2022-01-24,23.93,23.63,24.06,23.46,6463,15391017.00,2.51,-1.17,-0.28,2.85
2022-01-25,23.53,22.23,23.62,22.13,12060,27433137.00,6.31,-5.92,-1.40,5.31
2022-01-26,22.43,22.36,22.59,21.98,5719,12802682.00,2.74,0.58,0.13,2.52
2022-01-27,22.55,21.38,22.68,21.17,7263,15849892.00,6.75,-4.38,-0.98,3.20
2022-01-28,21.39,22.00,22.24,21.39,6596,14529350.00,3.98,2.90,0.62,2.91
2022-02-07,22.14,22.93,23.08,22.14,10096,23083755.00,4.27,4.23,0.93,4.45
2022-02-08,22.92,23.20,23.52,22.58,8314,19373188.00,4.10,1.18,0.27,3.66
2022-02-09,23.09,23.21,23.37,23.03,6165,14332878.00,1.47,0.04,0.01,2.72
2022-02-10,23.69,23.35,24.13,22.93,10866,25426884.00,5.17,0.60,0.14,4.79
2022-02-11,23.09,22.70,23.52,22.62,8114,18632334.00,3.85,-2.78,-0.65,3.57
2022-02-14,22.39,22.81,23.06,22.38,4614,10538523.00,3.00,0.48,0.11,2.03
2022-02-15,22.80,24.72,26.02,22.45,49063,122135105.00,15.65,8.37,1.91,21.61
2022-02-16,24.93,25.13,25.71,24.02,45086,111911129.00,6.84,1.66,0.41,19.86
2022-02-17,25.10,24.92,26.42,24.69,51520,132232090.00,6.88,-0.84,-0.21,22.70
2022-02-18,24.10,25.58,25.79,23.89,33996,85460067.00,7.62,2.65,0.66,14.98
2022-02-21,25.58,25.58,25.71,24.97,24368,62062892.00,2.89,0.00,0.00,10.73
2022-02-22,25.19,25.87,26.34,25.19,33805,87592445.00,4.50,1.13,0.29,14.89
2022-02-23,26.59,26.11,26.86,25.32,34383,89649364.00,5.95,0.93,0.24,15.15
2022-02-24,25.93,25.05,26.47,24.71,26187,66955208.00,6.74,-4.06,-1.06,11.54
2022-02-25,25.44,25.31,25.99,25.08,14165,36171571.00,3.63,1.04,0.26,6.24
2022-02-28,25.27,25.17,25.32,24.49,10876,27305387.00,3.28,-0.55,-0.14,4.79
2022-03-01,25.10,25.23,25.43,24.94,6716,16942610.00,1.95,0.24,0.06,2.96
2022-03-02,24.85,25.03,25.23,24.79,7556,18924917.00,1.74,-0.79,-0.20,3.33
2022-03-03,25.00,25.93,26.78,24.63,34795,89920299.00,8.59,3.60,0.90,15.33
2022-03-04,25.63,26.43,26.83,25.24,41614,109072551.00,6.13,1.93,0.50,18.33
2022-03-07,26.58,27.63,27.89,25.64,74987,204084275.00,8.51,4.54,1.20,33.03
2022-03-08,27.33,24.78,27.33,24.63,46806,121352436.00,9.77,-10.31,-2.85,20.62
2022-03-09,24.43,26.30,28.43,24.38,52590,139120927.00,16.34,6.13,1.52,23.17
2022-03-10,26.40,29.53,30.88,26.40,110814,314996224.00,17.03,12.28,3.23,48.82
2022-03-11,28.93,28.50,28.95,27.46,67546,190505894.00,5.05,-3.49,-1.03,29.76
2022-03-14,27.80,25.73,27.80,25.73,53406,141584324.00,7.26,-9.72,-2.77,23.53
2022-03-15,25.29,24.26,26.92,23.93,47690,122658468.00,11.62,-5.71,-1.47,21.01
2022-03-16,24.32,23.81,24.78,22.43,48512,114472013.00,9.69,-1.85,-0.45,21.37
2022-03-17,24.04,24.51,24.84,23.54,36317,88106003.00,5.46,2.94,0.70,16.00
2022-03-18,24.58,27.00,27.43,23.88,65361,171225813.00,14.48,10.16,2.49,28.79
2022-03-21,26.64,27.09,27.31,26.20,49867,133666039.00,4.11,0.33,0.09,21.97
2022-03-22,26.43,26.44,26.93,26.13,31771,84255852.00,2.95,-2.40,-0.65,14.00
2022-03-23,26.51,27.23,27.37,26.35,44507,119860150.00,3.86,2.99,0.79,19.61
2022-03-24,27.53,29.15,29.91,26.55,91339,260855275.00,12.34,7.05,1.92,40.24
2022-03-25,28.91,27.94,30.78,27.64,95408,277274560.00,10.77,-4.15,-1.21,42.03
2022-03-28,26.24,24.83,26.83,24.81,66072,169265387.00,7.23,-11.13,-3.11,29.11
2022-03-29,24.82,24.62,25.21,24.19,36031,89374704.00,4.11,-0.85,-0.21,15.87
2022-03-30,24.78,25.68,25.78,24.14,40381,101712055.00,6.66,4.31,1.06,17.79
2022-03-31,26.10,26.75,27.98,26.10,60940,164172179.00,7.32,4.17,1.07,26.85
2022-04-01,26.17,24.88,26.72,24.80,39544,102597881.00,7.18,-6.99,-1.87,17.42
2022-04-06,25.15,25.16,25.33,24.55,27210,68025287.00,3.14,1.13,0.28,11.99
2022-04-07,24.81,23.93,25.34,23.63,36688,89199410.00,6.80,-4.89,-1.23,16.16
2022-04-08,23.93,24.62,24.76,23.56,30948,75538733.00,5.01,2.88,0.69,13.63
2022-04-11,24.73,23.17,25.09,22.78,29854,71587393.00,9.38,-5.89,-1.45,13.15
2022-04-12,22.92,23.78,23.84,22.53,19773,46432583.00,5.65,2.63,0.61,8.71
2022-04-13,23.54,23.33,24.38,22.58,22724,53304902.00,7.57,-1.89,-0.45,10.01
2022-04-14,23.13,22.64,23.43,22.64,18520,42644283.00,3.39,-2.96,-0.69,8.16
2022-04-15,22.69,21.28,23.04,21.25,23986,52391070.00,7.91,-6.01,-1.36,10.57
2022-04-18,20.93,21.55,21.63,20.69,12353,26385462.00,4.42,1.27,0.27,5.44
2022-04-19,21.66,21.96,22.03,21.51,12690,27717354.00,2.41,1.90,0.41,5.59
2022-04-20,21.90,21.54,22.43,21.38,12899,27990231.00,4.78,-1.91,-0.42,5.68
2022-04-21,21.15,20.68,21.77,20.56,12117,25589616.00,5.62,-3.99,-0.86,5.34
2022-04-22,20.34,21.13,21.73,20.31,17950,37825192.00,6.87,2.18,0.45,7.91
2022-04-25,20.49,18.92,20.96,18.91,22212,44460993.00,9.70,-10.46,-2.21,9.78
2022-04-26,18.99,17.73,19.24,17.38,23343,42616470.00,9.83,-6.29,-1.19,10.28
2022-04-27,17.73,18.78,18.87,17.22,31549,57428357.00,9.31,5.92,1.05,13.90
2022-04-28,18.17,17.40,18.33,17.25,24683,43800160.00,5.75,-7.35,-1.38,10.87
2022-04-29,17.63,18.23,18.54,17.32,23360,42535393.00,7.01,4.77,0.83,10.29
2022-05-05,18.25,19.12,19.56,17.81,26533,50233916.00,9.60,4.88,0.89,11.69
2022-05-06,18.68,19.75,20.93,18.64,26792,53487059.00,11.98,3.29,0.63,11.80
2022-05-09,19.61,19.97,20.42,19.61,20464,41119149.00,4.10,1.11,0.22,9.01
2022-05-10,19.91,20.99,21.41,19.65,27072,56351454.00,8.81,5.11,1.02,11.93
2022-05-11,21.83,20.58,22.61,20.58,35845,76941038.00,9.67,-1.95,-0.41,15.79
2022-05-12,20.39,21.04,21.58,20.39,25251,53531734.00,5.78,2.24,0.46,11.12
2022-05-13,21.03,21.72,22.31,21.03,28493,62140281.00,6.08,3.23,0.68,12.55
2022-05-16,21.38,20.88,21.58,20.83,20472,43375240.00,3.45,-3.87,-0.84,9.02
2022-05-17,21.33,20.53,21.33,20.01,14024,28677092.00,6.32,-1.68,-0.35,6.18
2022-05-18,20.61,20.33,20.69,20.21,11253,23121270.00,2.34,-0.97,-0.20,4.96
2022-05-19,19.94,20.11,20.32,19.83,11790,23685638.00,2.41,-1.08,-0.22,5.19
2022-05-20,20.10,19.76,20.38,19.50,13960,27714615.00,4.38,-1.74,-0.35,6.15
2022-05-23,19.86,19.80,20.10,19.71,11326,22524523.00,1.97,0.20,0.04,4.99
2022-05-24,19.91,18.49,20.21,18.44,19597,37601773.00,8.94,-6.62,-1.31,8.63
2022-05-25,18.34,19.04,19.24,18.34,15246,29031413.00,4.87,2.97,0.55,3.50
2022-05-26,19.25,20.29,22.33,19.25,52567,108948062.00,16.18,6.57,1.25,12.08
2022-05-27,20.12,20.17,20.93,19.74,40615,82409353.00,5.86,-0.59,-0.12,9.33
2022-05-30,20.19,20.81,20.88,19.66,36294,74023738.00,6.05,3.17,0.64,8.34
2022-05-31,20.61,20.44,20.81,20.26,20415,41812739.00,2.64,-1.78,-0.37,4.69
2022-06-01,20.47,20.22,20.66,19.94,16247,33112279.00,3.52,-1.08,-0.22,3.73
2022-06-02,20.50,20.76,20.81,19.88,22790,46747372.00,4.60,2.67,0.54,5.24
2022-06-06,20.65,21.41,21.74,20.65,33461,71687379.00,5.25,3.13,0.65,7.69
2022-06-07,21.44,20.63,21.82,20.40,28373,59182590.00,6.63,-3.64,-0.78,6.52
2022-06-08,20.59,20.09,20.63,19.63,25251,51003967.00,4.85,-2.62,-0.54,5.80
2022-06-09,19.92,19.57,20.07,19.49,14353,28385576.00,2.89,-2.59,-0.52,3.30
2022-06-10,19.67,20.01,20.12,19.44,12771,25417012.00,3.47,2.25,0.44,2.93
2022-06-13,20.07,20.63,21.16,20.07,27306,56326899.00,5.45,3.10,0.62,6.27
2022-06-14,20.51,20.52,21.10,20.03,23253,47795085.00,5.19,-0.53,-0.11,5.34
2022-06-15,20.60,20.65,21.00,20.23,27044,55691176.00,3.75,0.63,0.13,6.21
2022-06-16,20.58,20.81,20.88,20.38,21948,45230646.00,2.42,0.77,0.16,5.04
2022-06-17,20.65,20.53,20.79,20.06,21865,44633781.00,3.51,-1.35,-0.28,5.02
2022-06-20,20.79,21.04,21.29,20.76,41410,87148255.00,2.58,2.48,0.51,9.51
2022-06-21,20.50,20.88,21.55,20.33,43337,90458013.00,5.80,-0.76,-0.16,9.96
2022-06-22,20.51,20.38,20.84,20.18,27743,56909748.00,3.16,-2.39,-0.50,6.37
2022-06-23,20.56,20.47,20.78,20.06,18374,37433668.00,3.53,0.44,0.09,4.22
2022-06-24,20.50,20.47,20.77,20.23,18641,38111469.00,2.64,0.00,0.00,4.28
2022-06-27,20.77,21.54,21.64,20.71,43780,92874695.00,4.54,5.23,1.07,10.06
2022-06-28,21.69,21.50,21.77,21.05,27354,58630526.00,3.34,-0.19,-0.04,6.28
2022-06-29,21.51,21.91,22.33,21.16,48948,106711027.00,5.44,1.91,0.41,11.24
2022-06-30,21.85,21.31,21.97,21.15,33413,71569606.00,3.74,-2.74,-0.60,7.68
2022-07-01,21.10,21.11,21.44,20.79,19276,40659980.00,3.05,-0.94,-0.20,4.43
2022-07-04,21.00,21.16,21.40,20.89,16165,34137621.00,2.42,0.24,0.05,3.71
2022-07-05,21.10,20.58,21.36,20.28,20876,43135219.00,5.10,-2.74,-0.58,4.80
2022-07-06,20.41,20.53,20.71,20.25,10321,21122452.00,2.24,-0.24,-0.05,2.37
2022-07-07,20.42,20.15,20.68,20.10,15428,31348821.00,2.83,-1.85,-0.38,3.54
2022-07-08,20.30,20.46,20.72,20.19,16788,34465492.00,2.63,1.54,0.31,3.86
2022-07-11,20.41,20.20,20.63,19.83,10375,21016968.00,3.91,-1.27,-0.26,2.38
2022-07-12,20.39,19.81,20.39,19.67,14112,27951746.00,3.56,-1.93,-0.39,3.24
2022-07-13,19.92,20.15,20.27,19.63,8637,17320370.00,3.23,1.72,0.34,1.98
2022-07-14,20.21,20.07,20.38,20.01,7628,15379229.00,1.84,-0.40,-0.08,1.75
2022-07-15,20.07,19.29,20.07,19.25,13190,25819218.00,4.09,-3.89,-0.78,3.03
2022-07-18,19.27,20.08,20.13,19.26,12855,25551646.00,4.51,4.10,0.79,2.95
2022-07-19,20.21,20.35,20.49,19.85,8855,17966165.00,3.19,1.34,0.27,2.03
2022-07-20,20.45,20.35,20.56,20.22,6640,13511229.00,1.67,0.00,0.00,1.53
2022-07-21,20.38,20.76,20.98,20.25,14451,29881831.00,3.59,2.01,0.41,3.32
2022-07-22,20.64,20.77,21.07,20.53,10314,21492576.00,2.60,0.05,0.01,2.37
2022-07-25,20.75,20.96,21.09,20.63,9859,20601301.00,2.21,0.91,0.19,2.26
2022-07-26,20.97,20.99,21.02,20.58,8602,17900420.00,2.10,0.14,0.03,1.98
2022-07-27,20.98,21.14,21.37,20.86,13825,29256220.00,2.43,0.71,0.15,3.18
2022-07-28,21.14,21.38,21.52,21.14,19968,42637581.00,1.80,1.14,0.24,4.59
2022-07-29,21.42,21.26,21.60,21.20,11398,24383770.00,1.87,-0.56,-0.12,2.62
2022-08-01,21.55,21.87,22.19,21.25,21159,46068397.00,4.42,2.87,0.61,4.86
2022-08-02,21.55,20.76,21.88,20.53,21606,45470032.00,6.17,-5.08,-1.11,4.96
2022-08-03,21.21,20.70,21.56,20.61,18101,38255906.00,4.58,-0.29,-0.06,4.16
2022-08-04,21.10,20.97,21.14,20.61,9001,18802354.00,2.56,1.30,0.27,2.07
2022-08-05,20.98,21.45,21.48,20.91,14345,30383911.00,2.72,2.29,0.48,3.30
2022-08-08,21.45,21.47,21.51,21.10,10395,22167494.00,1.91,0.09,0.02,2.39
2022-08-09,21.55,21.85,22.10,21.37,13503,29384728.00,3.40,1.77,0.38,3.10
2022-08-10,21.90,22.70,23.24,21.71,27110,61404593.00,7.00,3.89,0.85,6.23
2022-08-11,23.03,23.08,23.46,22.83,20860,48088605.00,2.78,1.67,0.38,4.79
2022-08-12,23.17,22.51,23.24,22.49,14134,32186591.00,3.25,-2.47,-0.57,3.25
2022-08-15,22.80,23.69,24.13,22.53,30100,70326299.00,7.11,5.24,1.18,6.91
2022-08-16,23.88,23.65,23.99,23.40,15666,36980495.00,2.49,-0.17,-0.04,3.60
2022-08-17,23.75,24.42,24.70,23.43,33163,80448639.00,5.37,3.26,0.77,7.62
2022-08-18,24.15,25.15,25.20,23.81,37375,92310254.00,5.69,2.99,0.73,8.59
2022-08-19,24.88,23.78,24.99,23.70,33300,80845214.00,5.13,-5.45,-1.37,7.65
2022-08-22,23.92,23.40,24.15,23.31,19209,45268457.00,3.53,-1.60,-0.38,4.41
2022-08-23,23.26,24.80,25.20,23.12,31950,77553579.00,8.89,5.98,1.40,7.34
2022-08-24,24.46,23.88,25.00,23.69,30232,73695556.00,5.28,-3.71,-0.92,6.94
2022-08-25,24.06,22.82,24.37,21.80,33237,75241551.00,10.76,-4.44,-1.06,7.64
2022-08-26,22.76,22.49,23.30,22.14,17990,40978496.00,5.08,-1.45,-0.33,4.13
2022-08-29,23.30,24.05,24.30,23.30,55893,134230276.00,4.45,6.94,1.56,12.84
2022-08-30,24.13,23.90,25.05,23.68,49091,119191598.00,5.70,-0.62,-0.15,11.28
2022-08-31,23.73,22.46,24.25,22.33,32943,76741974.00,8.03,-6.03,-1.44,7.57
2022-09-01,22.13,22.65,23.08,22.04,23338,52814364.00,4.63,0.85,0.19,5.36
2022-09-02,22.36,23.31,23.81,22.36,17697,40984249.00,6.40,2.91,0.66,4.07
2022-09-05,23.40,23.92,24.15,23.14,20921,49730781.00,4.33,2.62,0.61,4.81
2022-09-06,23.83,23.41,23.95,23.03,20717,48588572.00,3.85,-2.13,-0.51,4.76
2022-09-07,23.56,24.62,24.95,23.50,43747,107140367.00,6.19,5.17,1.21,10.05
2022-09-08,24.38,23.92,25.59,23.70,33812,81989720.00,7.68,-2.84,-0.70,7.77
2022-09-09,24.08,23.64,24.22,23.01,21953,51698769.00,5.06,-1.17,-0.28,5.04
2022-09-13,23.00,24.19,24.32,23.00,19536,46882654.00,5.58,2.33,0.55,4.49
2022-09-14,23.66,23.89,23.92,23.47,15392,36483403.00,1.86,-1.24,-0.30,3.54
2022-09-15,23.86,22.75,23.90,22.41,18717,42970343.00,6.24,-4.77,-1.14,4.30
2022-09-16,22.89,21.99,23.00,21.98,13682,30654013.00,4.48,-3.34,-0.76,3.14
2022-09-19,21.80,20.77,22.15,20.40,19565,41199695.00,7.96,-5.55,-1.22,4.49
2022-09-20,20.99,22.10,22.13,20.99,23286,50725199.00,5.49,6.40,1.33,5.35
2022-09-21,22.24,22.39,22.67,21.72,18579,41330387.00,4.30,1.31,0.29,4.27
2022-09-22,22.54,22.54,22.73,21.97,11577,25997272.00,3.39,0.67,0.15,2.66
2022-09-23,22.44,22.71,23.47,22.12,18626,42338662.00,5.99,0.75,0.17,4.28
2022-09-26,22.78,25.01,26.20,22.75,74413,182844542.00,15.19,10.13,2.30,17.09
2022-09-27,25.00,25.33,25.64,24.34,70448,176253203.00,5.20,1.28,0.32,16.18
2022-09-28,24.63,26.35,27.46,24.39,97124,252772841.00,12.12,4.03,1.02,22.31
2022-09-29,25.71,25.45,26.86,23.94,84469,212610150.00,11.08,-3.42,-0.90,19.40
2022-09-30,25.60,25.23,26.10,24.52,60217,153612005.00,6.21,-0.86,-0.22,13.83
2022-10-10,25.01,24.22,25.23,23.86,44708,109324213.00,5.43,-4.00,-1.01,10.27
2022-10-11,23.90,25.16,25.20,22.88,51322,125161047.00,9.58,3.88,0.94,11.79
2022-10-12,24.69,24.41,24.85,23.21,43776,105097579.00,6.52,-2.98,-0.75,10.06
2022-10-13,24.39,24.12,24.64,23.41,43731,105362544.00,5.04,-1.19,-0.29,10.05
2022-10-14,24.30,25.81,25.84,23.88,64989,162979239.00,8.13,7.01,1.69,14.93
2022-10-17,25.56,25.80,26.11,25.24,54022,138476320.00,3.37,-0.04,-0.01,12.41
2022-10-18,25.77,25.26,25.77,24.93,40015,101054822.00,3.26,-2.09,-0.54,9.19
2022-10-19,25.30,24.45,25.30,24.35,29722,73289869.00,3.76,-3.21,-0.81,6.83
2022-10-20,24.45,23.34,24.88,23.22,40308,96259547.00,6.79,-4.54,-1.11,9.26
2022-10-21,23.35,23.63,23.72,22.68,27442,63771049.00,4.46,1.24,0.29,6.30
2022-10-24,23.60,22.60,24.19,22.51,30487,71275491.00,7.11,-4.36,-1.03,7.00
2022-10-25,22.36,22.69,23.22,22.21,26753,60884798.00,4.47,0.40,0.09,6.15
2022-10-26,22.86,23.30,23.47,22.80,22586,52344731.00,2.95,2.69,0.61,5.19
2022-10-27,21.95,21.05,21.98,20.60,53027,112554752.00,5.92,-9.66,-2.25,12.18
2022-10-28,20.61,19.53,20.95,19.32,35136,70452434.00,7.74,-7.22,-1.52,8.07
2022-10-31,19.50,19.43,19.70,19.21,18833,36625376.00,2.51,-0.51,-0.10,4.33
2022-11-01,19.35,19.75,19.75,19.01,24136,46927761.00,3.81,1.65,0.32,5.54
2022-11-02,19.55,19.89,20.02,19.50,22344,44298903.00,2.63,0.71,0.14,5.13
2022-11-03,19.30,19.83,20.08,19.29,17148,33907758.00,3.97,-0.30,-0.06,3.94
2022-11-04,19.81,20.22,20.26,19.72,24933,50099496.00,2.72,1.97,0.39,5.73
2022-11-07,20.23,20.30,20.35,20.10,20945,42349591.00,1.24,0.40,0.08,4.81
2022-11-08,20.20,20.04,20.31,19.88,16954,33958853.00,2.12,-1.28,-0.26,3.89
2022-11-09,20.15,19.95,20.20,19.95,11929,23931599.00,1.25,-0.45,-0.09,2.74
2022-11-10,19.95,19.72,20.04,19.62,14508,28720240.00,2.11,-1.15,-0.23,3.33
2022-11-11,20.10,19.74,20.16,19.74,17266,34434466.00,2.13,0.10,0.02,3.97
2022-11-14,19.80,19.93,20.04,19.65,13736,27287766.00,1.98,0.96,0.19,3.16
2022-11-15,19.92,20.14,20.16,19.82,14703,29476006.00,1.71,1.05,0.21,3.38
2022-11-16,20.18,20.19,20.34,20.00,12849,25925262.00,1.69,0.25,0.05,2.95
2022-11-17,20.19,20.13,20.24,19.95,13240,26556637.00,1.44,-0.30,-0.06,3.04
2022-11-18,20.20,19.89,20.21,19.86,13068,26232520.00,1.74,-1.19,-0.24,3.00
2022-11-21,19.73,20.02,20.03,19.72,7684,15315667.00,1.56,0.65,0.13,1.77
2022-11-22,19.94,19.72,20.15,19.71,11907,23653261.00,2.20,-1.50,-0.30,2.74
2022-11-23,19.62,19.46,19.83,19.25,9822,19111774.00,2.94,-1.32,-0.26,2.26
2022-11-24,19.62,19.78,19.82,19.53,8150,16071084.00,1.49,1.64,0.32,1.87
2022-11-25,19.69,19.63,19.77,19.60,5606,11023043.00,0.86,-0.76,-0.15,1.29
2022-11-28,19.50,19.36,19.62,19.25,7560,14641571.00,1.88,-1.38,-0.27,1.74
2022-11-29,19.37,19.64,19.70,19.36,6976,13647921.00,1.76,1.45,0.28,1.60
2022-11-30,19.61,19.68,19.85,19.58,9774,19272677.00,1.37,0.20,0.04,2.25
2022-12-01,19.83,19.86,19.94,19.74,8904,17689323.00,1.02,0.91,0.18,2.05
2022-12-02,19.73,20.11,20.16,19.73,11363,22749602.00,2.17,1.26,0.25,2.61
2022-12-05,20.13,20.08,20.16,19.92,10240,20520284.00,1.19,-0.15,-0.03,2.35
2022-12-06,20.09,19.89,20.10,19.83,11081,22130974.00,1.34,-0.95,-0.19,2.55
2022-12-07,19.92,19.95,20.04,19.80,6428,12800838.00,1.21,0.30,0.06,1.48
2022-12-08,19.95,19.78,19.99,19.75,7979,15835837.00,1.20,-0.85,-0.17,1.83
2022-12-09,19.81,19.76,19.89,19.72,5581,11037441.00,0.86,-0.10,-0.02,1.28
2022-12-12,19.77,19.90,19.92,19.51,6858,13517948.00,2.07,0.71,0.14,1.58
2022-12-13,19.93,19.78,20.00,19.75,5252,10420624.00,1.26,-0.60,-0.12,1.21
2022-12-14,19.90,19.52,19.91,19.46,7724,15200090.00,2.28,-1.31,-0.26,1.77
2022-12-15,19.49,19.62,19.72,19.49,4657,9125849.00,1.18,0.51,0.10,1.07
2022-12-16,19.56,19.36,19.76,19.15,7158,13846496.00,3.11,-1.33,-0.26,1.64
2022-12-19,19.26,18.59,19.40,18.58,8683,16351995.00,4.24,-3.98,-0.77,1.99
2022-12-20,18.58,18.65,18.85,18.48,4567,8543980.00,1.99,0.32,0.06,1.05
2022-12-21,18.62,18.41,18.78,18.31,6001,11098096.00,2.52,-1.29,-0.24,1.38
2022-12-22,18.59,17.91,18.59,17.90,5112,9296221.00,3.75,-2.72,-0.50,1.17
2022-12-23,17.88,17.93,18.15,17.75,4162,7491033.00,2.23,0.11,0.02,0.96
2022-12-26,18.04,18.38,18.58,18.04,4671,8571816.00,3.01,2.51,0.45,1.07
2022-12-27,18.63,18.39,18.63,18.23,3161,5797825.00,2.18,0.05,0.01,0.73
2022-12-28,18.36,18.16,18.36,18.09,3318,6028660.00,1.47,-1.25,-0.23,0.76
2022-12-29,18.02,17.91,18.18,17.81,2966,5341478.00,2.04,-1.38,-0.25,0.68
2022-12-30,18.14,17.95,18.14,17.90,2666,4792236.00,1.34,0.22,0.04,0.61