2016-01-04,39.92,36.12,39.92,36.12,73051,281905136.00,9.44,-10.26,-4.13,6.81
2016-01-05,33.15,34.35,36.42,32.74,91796,325643104.00,10.19,-4.90,-1.77,8.56
2016-01-06,34.39,35.85,36.20,34.30,65245,236019773.00,5.53,4.37,1.50,6.09
2016-01-07,35.00,32.16,35.39,32.16,13283,46138045.00,9.01,-10.29,-3.69,1.24
2016-01-08,33.44,32.30,33.80,30.15,63004,212237108.00,11.35,0.44,0.14,5.88
2016-01-11,31.74,28.97,31.74,28.97,51418,160061548.00,8.58,-10.31,-3.33,4.80
2016-01-12,28.95,27.73,29.35,26.25,81650,237030308.00,10.70,-4.28,-1.24,7.62
2016-01-13,28.11,25.96,28.81,25.96,40720,116662015.00,10.28,-6.38,-1.77,3.80
2016-01-14,24.04,27.52,28.00,23.46,54788,147867503.00,17.49,6.01,1.56,5.11
2016-01-15,27.15,25.78,27.65,25.23,55016,150870276.00,8.79,-6.32,-1.74,5.13
2016-01-18,24.96,26.40,27.14,24.96,50891,139504866.00,8.46,2.40,0.62,4.75
2016-01-19,26.40,28.25,28.39,25.76,59132,168389727.00,9.96,7.01,1.85,5.51
2016-01-20,28.15,27.81,28.64,26.97,52623,151670554.00,5.91,-1.56,-0.44,4.91
2016-01-21,27.32,27.53,29.55,27.06,66930,197012034.00,8.95,-1.01,-0.28,6.24
2016-01-22,27.95,29.00,29.35,26.98,52115,152889841.00,8.61,5.34,1.47,4.86
2016-01-25,29.45,29.09,29.93,28.59,36615,110466624.00,4.62,0.31,0.09,3.41
2016-01-26,28.60,26.08,28.84,26.08,42709,122768516.00,9.49,-10.35,-3.01,3.98
2016-01-27,26.07,26.90,27.05,23.69,47821,126864561.00,12.88,3.14,0.82,4.46
2016-01-28,26.15,24.36,26.65,24.27,35819,95351196.00,8.85,-9.44,-2.54,3.34
2016-01-29,23.15,25.80,25.95,22.97,46839,120598182.00,12.23,5.91,1.44,4.37
2016-02-01,25.20,24.83,25.58,24.50,37214,96733330.00,4.19,-3.76,-0.97,3.47
2016-02-02,24.90,25.88,26.13,24.90,28756,77072084.00,4.95,4.23,1.05,2.68
2016-02-03,25.45,26.45,26.81,25.05,28856,78060566.00,6.80,2.20,0.57,2.69
2016-02-04,26.25,26.85,27.12,26.25,31120,86873104.00,3.29,1.51,0.40,2.90
2016-02-05,27.13,26.41,27.31,26.34,20416,56827343.00,3.61,-1.64,-0.44,1.90
2016-02-15,25.45,25.94,26.30,25.16,23255,62511434.00,4.32,-1.78,-0.47,2.17
2016-02-16,26.20,27.35,27.65,26.20,40789,114686956.00,5.59,5.44,1.41,3.80
2016-02-17,27.34,27.64,28.12,26.85,41177,117696897.00,4.64,1.06,0.29,3.84
2016-02-18,27.81,27.85,28.62,27.46,56967,166298849.00,4.20,0.76,0.21,5.31
2016-02-19,27.52,28.03,28.39,27.26,39983,114964809.00,4.06,0.65,0.18,3.73
2016-02-22,28.55,28.25,28.81,27.75,43865,128186935.00,3.78,0.78,0.22,4.09
2016-02-23,28.05,27.50,28.33,27.04,43582,124703465.00,4.57,-2.65,-0.75,4.06
2016-02-24,27.63,27.60,28.25,26.78,42964,122895423.00,5.35,0.36,0.10,4.01
2016-02-25,27.20,24.74,27.20,24.74,48491,129789487.00,8.91,-10.36,-2.86,4.52
2016-02-26,24.75,23.56,25.05,22.95,38983,97031741.00,8.49,-4.77,-1.18,3.64
2016-02-29,23.25,21.10,23.54,21.10,39702,89441602.00,10.36,-10.44,-2.46,3.70
2016-03-01,21.15,21.15,21.95,20.45,35976,80069178.00,7.11,0.24,0.05,3.36
2016-03-02,21.30,22.32,22.37,21.19,55659,127778633.00,5.58,5.53,1.17,5.19
2016-03-03,22.32,22.53,23.45,22.03,83816,198681189.00,6.36,0.94,0.21,7.82
2016-03-04,21.95,20.17,22.32,20.17,117696,255535703.00,9.54,-10.47,-2.36,10.98
2016-03-07,20.10,20.54,21.11,20.08,77564,167895207.00,5.11,1.83,0.37,7.23
2016-03-08,20.29,20.77,20.89,18.51,69803,145188125.00,11.59,1.12,0.23,6.51
2016-03-09,19.95,20.77,21.44,19.45,76727,167776895.00,9.58,0.00,0.00,7.16
2016-03-10,20.92,20.10,21.12,19.96,45769,99181670.00,5.58,-3.23,-0.67,4.27
2016-03-11,19.67,19.88,20.31,19.55,26185,54966726.00,3.78,-1.09,-0.22,2.44
2016-03-14,20.48,21.43,21.64,20.27,59897,132903654.00,6.89,7.80,1.55,5.59
2016-03-15,21.25,20.97,21.63,20.93,42991,95737567.00,3.27,-2.15,-0.46,4.01
2016-03-16,21.52,21.11,21.75,20.76,50827,113435902.00,4.72,0.67,0.14,4.74
2016-03-17,21.27,22.30,22.55,21.25,56674,130234278.00,6.16,5.64,1.19,5.29
2016-03-18,22.35,23.93,24.59,22.25,72165,177693435.00,10.49,7.31,1.63,6.73
2016-03-21,24.60,26.43,26.43,24.60,93080,250583841.00,7.65,10.45,2.50,8.68
2016-03-22,25.83,25.76,26.85,25.48,53424,145288396.00,5.18,-2.53,-0.67,4.98
2016-03-23,25.77,25.88,26.34,25.54,41420,111788408.00,3.11,0.47,0.12,3.86
2016-03-24,25.66,24.48,25.92,24.45,48504,127619357.00,5.68,-5.41,-1.40,4.52
2016-03-25,24.65,24.69,25.38,24.33,41916,108037872.00,4.29,0.86,0.21,3.91
2016-03-28,25.02,24.31,25.83,24.15,33821,88517674.00,6.80,-1.54,-0.38,3.15
2016-03-29,24.33,24.01,24.65,23.46,33439,83762535.00,4.90,-1.23,-0.30,3.12
2016-03-30,24.55,25.80,26.05,24.29,44841,117186325.00,7.33,7.46,1.79,4.18
2016-03-31,26.03,25.74,26.30,25.48,43478,116868736.00,3.18,-0.23,-0.06,4.06
2016-04-01,25.55,25.33,25.72,24.45,37286,96743100.00,4.93,-1.59,-0.41,3.48
2016-04-05,25.06,26.50,26.69,24.95,48371,130692461.00,6.87,4.62,1.17,4.51
2016-04-06,26.50,26.32,26.79,26.06,38249,104910314.00,2.75,-0.68,-0.18,3.57
2016-04-07,26.45,25.55,26.66,25.55,38038,103345780.00,4.22,-2.93,-0.77,3.55
2016-04-08,27.00,26.92,28.21,26.25,94220,267773149.00,7.67,5.36,1.37,8.79
2016-04-11,26.95,28.35,28.95,26.55,84784,246871441.00,8.92,5.31,1.43,7.91
2016-04-12,28.06,27.35,28.06,26.65,55984,158882331.00,4.97,-3.53,-1.00,5.22
2016-04-13,27.74,27.55,28.25,27.28,55387,159856995.00,3.55,0.73,0.20,5.17
2016-04-14,27.59,27.91,28.15,27.58,39102,113171668.00,2.07,1.31,0.36,3.65
2016-04-15,27.95,27.42,27.99,27.15,38454,109866927.00,3.01,-1.76,-0.49,3.59
2016-04-18,27.17,26.93,27.17,26.61,32261,89872186.00,2.04,-1.79,-0.49,3.01
2016-04-19,27.15,27.15,27.54,26.85,28505,80499608.00,2.56,0.82,0.22,2.66
2016-04-20,27.45,25.85,28.75,25.15,113612,321261872.00,13.26,-4.79,-1.30,10.60
2016-04-21,25.86,27.45,28.54,25.86,105807,302702464.00,10.37,6.19,1.60,9.87
2016-04-22,26.76,28.76,29.20,26.75,123812,365069248.00,8.93,4.77,1.31,11.55
2016-04-25,28.92,28.55,29.72,27.75,84713,253344862.00,6.85,-0.73,-0.21,7.90
2016-04-26,28.65,29.91,29.95,27.85,79725,239303575.00,7.36,4.76,1.36,7.44
2016-04-27,29.55,29.58,30.42,29.33,76488,235227824.00,3.64,-1.10,-0.33,7.13
2016-04-28,29.55,29.24,30.32,28.35,79260,240567061.00,6.66,-1.15,-0.34,7.39
2016-04-29,29.00,28.68,29.59,28.45,43472,130151244.00,3.90,-1.92,-0.56,4.05
2016-05-03,28.85,30.85,30.95,28.40,73594,228451969.00,8.89,7.57,2.17,6.86
2016-05-04,30.69,30.40,31.05,30.15,53983,170501231.00,2.92,-1.46,-0.45,5.03
2016-05-05,30.13,30.36,30.81,29.75,42331,132599049.00,3.49,-0.13,-0.04,3.95
2016-05-06,30.47,28.90,31.53,28.45,79366,247854143.00,10.14,-4.81,-1.46,7.40
2016-05-09,28.15,27.08,28.88,26.93,61663,177764363.00,6.75,-6.30,-1.82,5.75
2016-05-10,26.95,26.86,27.59,26.56,33139,93347209.00,3.80,-0.81,-0.22,3.09
2016-05-11,27.26,27.35,27.95,26.97,41936,119838445.00,3.65,1.82,0.49,3.91
2016-05-12,26.08,27.40,27.84,25.95,57177,161377139.00,6.91,0.18,0.05,5.33
2016-05-13,27.43,26.60,27.68,26.43,33915,95325910.00,4.56,-2.92,-0.80,3.16
2016-05-16,26.87,27.65,27.65,26.56,39006,109885691.00,4.10,3.95,1.05,3.64
2016-05-17,27.56,28.65,29.14,26.66,64144,186727660.00,8.97,3.62,1.00,5.98
2016-05-18,27.95,26.72,28.15,26.25,51989,147093125.00,6.63,-6.74,-1.93,4.85
2016-05-19,26.60,27.14,27.95,26.60,41126,117377597.00,5.05,1.57,0.42,3.84
2016-05-20,26.77,27.20,27.39,26.45,39169,109734039.00,3.46,0.22,0.06,3.65
2016-05-23,27.20,27.64,27.85,27.20,35326,101270327.00,2.39,1.62,0.44,3.29
2016-05-24,27.65,28.45,28.67,27.55,62191,181680639.00,4.05,2.93,0.81,5.80
2016-05-25,28.94,28.41,29.14,27.96,48862,144664612.00,4.15,-0.14,-0.04,4.56
2016-05-26,28.64,29.78,29.79,28.45,74497,224017380.00,4.72,4.82,1.37,6.95
2016-05-27,29.55,29.53,30.73,29.25,68221,211954642.00,4.97,-0.84,-0.25,6.36
2016-05-30,29.33,29.65,30.63,28.65,50162,154763258.00,6.71,0.41,0.12,4.68
2016-05-31,29.45,30.83,31.15,29.44,65189,205980420.00,5.77,3.98,1.18,6.08
2016-06-01,31.00,30.93,31.84,30.63,54334,175256319.00,3.92,0.32,0.10,5.07
2016-06-02,30.70,32.41,32.65,30.65,73803,241752652.00,6.47,4.78,1.48,6.88
2016-06-03,32.35,32.42,32.93,31.75,60411,201563207.00,3.64,0.03,0.01,5.63
2016-06-06,32.43,32.64,33.83,32.43,51948,177176634.00,4.32,0.68,0.22,4.84
2016-06-07,32.65,32.30,32.88,31.70,54330,179893465.00,3.62,-1.04,-0.34,5.07
2016-06-08,31.97,32.36,32.71,31.88,37849,126332559.00,2.57,0.19,0.06,3.53
2016-06-13,31.72,29.06,32.08,29.06,100213,319202080.00,9.33,-10.20,-3.30,9.35
2016-06-14,28.92,28.88,29.24,28.27,57411,171123702.00,3.34,-0.62,-0.18,5.35
2016-06-15,28.69,30.64,30.91,28.56,58284,181030262.00,8.14,6.09,1.76,5.44
2016-06-16,30.33,29.67,30.75,29.45,66008,204928770.00,4.24,-3.17,-0.97,6.16
2016-06-17,30.08,29.94,30.95,29.53,59867,188189056.00,4.79,0.91,0.27,5.58
2016-06-20,29.85,30.44,30.63,29.13,44610,137666263.00,5.01,1.67,0.50,4.16
2016-06-21,30.65,29.77,30.96,29.60,47800,150207778.00,4.47,-2.20,-0.67,4.46
2016-06-22,29.45,30.43,30.50,29.45,36531,113200276.00,3.53,2.22,0.66,3.41
2016-06-23,30.43,29.90,30.52,29.65,33962,105351635.00,2.86,-1.74,-0.53,3.17
2016-06-24,29.80,29.31,30.19,28.51,51502,156894172.00,5.62,-1.97,-0.59,4.80
2016-07-01,31.20,30.82,31.50,30.57,93737,299734000.00,3.17,5.15,1.51,8.70
2016-07-04,30.35,32.90,33.88,30.32,94525,315248224.00,11.55,6.75,2.08,8.77
2016-07-05,32.60,32.89,33.65,32.25,70994,241542743.00,4.26,-0.03,-0.01,6.59
2016-07-06,32.90,33.47,33.97,32.80,54968,188727418.00,3.56,1.76,0.58,5.10
2016-07-07,33.25,33.37,33.95,32.80,48631,166748155.00,3.44,-0.30,-0.10,4.51
2016-07-08,35.18,35.63,36.39,34.70,106268,385406496.00,5.06,6.77,2.26,9.86
2016-07-11,35.85,34.66,35.85,34.60,62025,224040127.00,3.51,-2.72,-0.97,5.76
2016-07-12,34.47,35.34,35.57,33.03,77586,273185856.00,7.33,1.96,0.68,7.20
2016-07-13,34.99,35.01,35.60,34.81,43049,155628713.00,2.24,-0.93,-0.33,4.00
2016-07-14,35.01,36.42,36.42,34.80,53903,196799693.00,4.63,4.03,1.41,5.00
2016-07-15,36.00,36.60,38.20,35.90,74556,284859376.00,6.32,0.49,0.18,6.92
2016-07-18,37.88,37.00,38.96,36.88,78804,306950192.00,5.68,1.09,0.40,7.31
2016-07-19,36.98,37.50,38.61,36.70,71573,276388480.00,5.16,1.35,0.50,6.64
2016-07-20,37.53,38.34,38.88,37.00,71700,279804080.00,5.01,2.24,0.84,6.65
2016-07-21,38.00,37.78,38.50,37.60,40620,158243778.00,2.35,-1.46,-0.56,3.77
2016-07-22,37.53,37.00,37.98,36.70,44085,167902956.00,3.39,-2.06,-0.78,4.09
2016-07-25,36.89,37.61,38.49,36.76,45252,175595768.00,4.68,1.65,0.61,4.20
2016-07-26,37.63,37.74,38.28,37.10,38065,146733533.00,3.14,0.35,0.13,3.53
2016-07-27,37.89,35.58,38.15,35.05,83224,309380640.00,8.21,-5.72,-2.16,7.72
2016-07-28,35.45,36.98,37.38,34.81,75149,281950304.00,7.22,3.93,1.40,6.97
2016-07-29,36.90,36.60,37.80,36.18,54015,205478496.00,4.38,-1.03,-0.38,5.01
2016-08-01,36.11,35.59,36.55,34.30,56207,205456258.00,6.15,-2.76,-1.01,5.22
2016-08-02,35.39,36.68,36.85,35.39,49527,185586568.00,4.10,3.06,1.09,4.60
2016-08-03,36.80,37.66,38.12,36.75,53753,206661195.00,3.74,2.67,0.98,4.99
2016-08-04,37.66,37.66,38.88,37.52,51525,200919429.00,3.61,0.00,0.00,4.78
2016-08-05,37.60,37.64,38.49,37.21,41108,159678214.00,3.40,-0.05,-0.02,3.81
2016-08-08,37.80,40.38,40.70,37.42,94423,380582144.00,8.71,7.28,2.74,8.76
2016-08-09,40.05,40.50,41.00,39.77,62037,256371603.00,3.05,0.30,0.12,5.76
2016-08-10,40.26,39.78,40.30,39.51,49296,201708913.00,1.95,-1.78,-0.72,4.57
2016-08-11,39.51,41.80,42.41,39.51,103753,437930576.00,7.29,5.08,2.02,9.63
2016-08-12,41.60,41.99,42.38,41.22,58773,251442405.00,2.78,0.45,0.19,5.45
2016-08-15,41.70,42.60,42.60,40.65,80797,344341920.00,4.64,1.45,0.61,7.50
2016-08-16,42.52,42.09,43.58,41.80,44977,195727103.00,4.18,-1.20,-0.51,4.17
2016-08-17,41.88,41.70,41.88,40.76,53986,228132490.00,2.66,-0.93,-0.39,5.01
2016-08-18,41.50,41.00,41.90,40.80,36397,153711726.00,2.64,-1.68,-0.70,3.38
2016-08-19,40.79,40.93,41.37,40.51,30314,126890281.00,2.10,-0.17,-0.07,2.81
2016-08-22,40.91,40.94,42.45,40.70,52933,226116848.00,4.28,0.02,0.01,4.91
2016-08-23,40.90,41.88,41.98,40.54,33877,143789637.00,3.52,2.30,0.94,3.14
2016-08-24,41.84,41.41,42.60,41.39,35651,153335596.00,2.89,-1.12,-0.47,3.31
2016-08-25,41.00,40.85,41.30,40.00,28890,120744010.00,3.14,-1.35,-0.56,2.68
2016-08-26,40.85,41.05,42.16,40.71,34301,145605968.00,3.55,0.49,0.20,3.18
2016-08-29,40.82,41.66,42.16,40.77,40605,173446728.00,3.39,1.49,0.61,3.77
2016-08-30,41.66,40.82,42.29,40.65,38928,164473489.00,3.94,-2.02,-0.84,3.61
2016-08-31,40.51,39.30,40.80,38.80,60166,244029427.00,4.90,-3.72,-1.52,5.58
2016-09-01,39.59,39.12,39.77,39.05,27135,109712711.00,1.83,-0.46,-0.18,2.52
2016-09-02,39.00,38.48,39.30,38.36,33471,132980137.00,2.40,-1.64,-0.64,3.11
2016-09-05,38.78,38.89,38.98,37.78,38808,152551381.00,3.12,1.07,0.41,3.60
2016-09-06,38.78,39.30,39.48,38.04,34294,136527765.00,3.70,1.05,0.41,3.18
2016-09-07,39.30,38.51,39.46,38.50,24676,98733780.00,2.44,-2.01,-0.79,2.29
2016-09-08,38.56,37.93,38.81,37.78,29444,115293190.00,2.67,-1.51,-0.58,2.73
2016-09-09,37.99,37.69,38.31,37.60,23448,91415711.00,1.87,-0.63,-0.24,2.18
2016-09-12,36.65,35.65,37.23,35.58,40714,152679133.00,4.38,-5.41,-2.04,3.78
2016-09-13,36.01,35.85,36.33,35.55,25696,94777547.00,2.19,0.56,0.20,2.38
2016-09-14,35.63,36.04,36.28,35.63,19395,71760019.00,1.81,0.53,0.19,1.80
2016-09-19,36.04,36.79,37.40,36.04,31020,117346277.00,3.77,2.08,0.75,2.88
2016-09-20,36.83,36.27,36.97,36.08,18979,70983988.00,2.42,-1.41,-0.52,1.76
2016-09-21,36.50,36.20,36.65,36.02,20707,77167433.00,1.74,-0.19,-0.07,1.92
2016-09-22,36.39,36.35,36.97,36.22,27346,102766690.00,2.07,0.41,0.15,2.54
2016-09-23,36.30,35.58,36.30,35.58,28581,105542266.00,1.98,-2.12,-0.77,2.65
2016-09-26,35.40,34.78,35.79,34.70,29168,106117198.00,3.06,-2.25,-0.80,2.71
2016-09-27,34.78,35.50,35.50,34.60,23089,83125037.00,2.59,2.07,0.72,2.14
2016-09-28,35.20,34.92,35.60,34.86,19353,70059517.00,2.08,-1.63,-0.58,1.80
2016-09-29,35.13,35.50,35.77,34.90,29315,106939025.00,2.49,1.66,0.58,2.72
2016-09-30,35.43,35.77,36.19,35.31,34960,128608174.00,2.48,0.76,0.27,3.24
2016-10-10,35.80,37.21,37.26,35.80,35673,134148944.00,4.08,4.03,1.44,3.31
2016-10-11,37.29,37.09,37.38,36.60,30537,116044367.00,2.10,-0.32,-0.12,2.83
2016-10-12,37.00,37.36,37.50,36.79,25640,98008649.00,1.91,0.73,0.27,2.38
2016-10-13,37.32,37.02,37.55,36.98,17786,67942764.00,1.53,-0.91,-0.34,1.65
2016-10-14,37.01,37.45,37.68,36.60,26656,101761993.00,2.92,1.16,0.43,2.47
2016-10-17,37.46,36.23,37.58,36.00,38518,145747880.00,4.22,-3.26,-1.22,3.57
2016-10-18,36.22,36.70,36.82,35.88,24380,91135764.00,2.59,1.30,0.47,2.26
2016-10-19,36.76,36.87,37.44,36.70,25775,98156979.00,2.02,0.46,0.17,2.39
2016-10-20,36.87,37.45,37.94,36.87,32705,126150808.00,2.90,1.57,0.58,3.04
2016-10-21,37.31,39.00,39.23,37.21,63758,250095864.00,5.39,4.14,1.55,5.92
2016-10-24,39.03,38.70,39.10,38.38,33285,132138309.00,1.85,-0.77,-0.30,3.09
2016-10-25,38.93,39.75,39.91,38.40,39054,157703826.00,3.90,2.71,1.05,3.62
2016-10-26,39.80,39.95,40.45,39.30,50316,205802083.00,2.89,0.50,0.20,4.67
2016-10-27,39.61,39.32,39.90,39.10,21047,84976696.00,2.00,-1.58,-0.63,1.95
2016-10-28,39.30,38.26,39.69,38.18,25520,101543940.00,3.84,-2.70,-1.06,2.37
2016-10-31,38.26,37.88,38.87,37.60,22222,86847440.00,3.32,-0.99,-0.38,2.06
2016-11-01,37.71,38.70,38.95,37.71,26609,104927337.00,3.27,2.16,0.82,2.47
2016-11-02,38.52,37.85,38.85,37.50,27932,109755433.00,3.49,-2.20,-0.85,2.59
2016-11-03,37.87,38.00,38.30,37.60,28879,112691587.00,1.85,0.40,0.15,2.68
2016-11-04,37.89,37.25,38.38,37.12,32551,126227357.00,3.32,-1.97,-0.75,3.02
2016-11-07,37.20,37.94,38.09,36.75,35107,135440882.00,3.60,1.85,0.69,3.26
2016-11-08,38.00,38.63,39.08,37.82,27754,109987286.00,3.32,1.82,0.69,2.58
2016-11-09,38.63,37.85,38.98,37.48,25775,100887262.00,3.88,-2.02,-0.78,2.39
2016-11-10,38.25,38.55,38.79,38.20,17744,70106430.00,1.56,1.85,0.70,1.65
2016-11-11,38.57,38.31,38.60,37.90,20666,80920493.00,1.82,-0.62,-0.24,1.92
2016-11-14,38.20,38.21,38.70,37.99,20759,81558076.00,1.85,-0.26,-0.10,1.93
2016-11-15,38.37,37.92,38.37,37.50,25317,98090308.00,2.28,-0.76,-0.29,2.35
2016-11-16,38.14,38.09,38.75,38.01,22924,90190279.00,1.95,0.45,0.17,2.13
2016-11-17,38.00,37.35,38.03,37.13,20287,78158265.00,2.36,-1.94,-0.74,1.88
2016-11-18,37.40,37.18,37.83,37.03,18552,71310159.00,2.14,-0.46,-0.17,1.72
2016-11-21,37.18,37.18,37.43,36.88,19312,73660628.00,1.48,0.00,0.00,1.79
2016-11-22,37.19,37.93,37.97,37.05,20832,80120651.00,2.47,2.02,0.75,1.93
2016-11-23,38.18,37.13,38.18,37.10,21711,83783411.00,2.85,-2.11,-0.80,2.01
2016-11-24,36.89,36.47,37.40,36.39,26349,99780184.00,2.72,-1.78,-0.66,2.45
2016-11-25,36.48,37.16,37.18,35.75,22793,85287039.00,3.92,1.89,0.69,2.12
2016-11-28,37.05,36.95,37.25,36.50,15564,59069633.00,2.02,-0.57,-0.21,1.44
2016-11-29,37.04,36.55,37.24,36.51,13165,49917781.00,1.98,-1.08,-0.40,1.22
2016-11-30,36.54,36.66,37.10,36.30,13707,51726246.00,2.19,0.30,0.11,1.27
2016-12-01,36.70,36.25,36.94,36.10,13427,50317999.00,2.29,-1.12,-0.41,1.25
2016-12-02,36.48,35.45,36.48,35.38,15525,57216851.00,3.03,-2.21,-0.80,1.44
2016-12-05,35.15,35.01,35.46,34.50,17080,61698441.00,2.71,-1.24,-0.44,1.59
2016-12-06,35.06,35.67,35.80,35.03,18647,68262750.00,2.20,1.89,0.66,1.73
2016-12-07,35.78,36.30,36.45,35.52,12868,47751534.00,2.61,1.77,0.63,1.19
2016-12-08,36.60,35.80,36.67,35.80,9813,36335377.00,2.40,-1.38,-0.50,0.91
2016-12-09,35.41,35.41,36.19,35.31,9729,35701285.00,2.46,-1.09,-0.39,0.90
2016-12-12,35.30,31.91,35.30,31.77,36554,125410824.00,9.97,-9.88,-3.50,3.39
2016-12-13,31.91,32.57,32.63,31.03,17696,58472938.00,5.01,2.07,0.66,1.64
2016-12-14,32.12,31.91,32.70,31.75,10951,36337745.00,2.92,-2.03,-0.66,1.02
2016-12-15,31.99,32.35,32.75,31.87,10617,35453061.00,2.76,1.38,0.44,0.99
2016-12-16,32.50,32.65,32.87,32.27,10827,36363022.00,1.85,0.93,0.30,1.00
2016-12-19,32.62,32.60,32.74,32.22,9048,30333232.00,1.59,-0.15,-0.05,0.84
2016-12-20,32.63,32.46,32.80,32.29,9070,30406906.00,1.56,-0.43,-0.14,0.84
2016-12-21,32.56,33.08,33.37,32.56,10997,37397661.00,2.50,1.91,0.62,1.02
2016-12-22,33.08,32.93,33.11,32.74,5473,18548932.00,1.12,-0.45,-0.15,0.51
2016-12-23,32.93,32.06,32.93,32.06,9151,30520325.00,2.64,-2.64,-0.87,0.85
2016-12-26,31.90,32.92,32.95,31.37,12501,41636894.00,4.93,2.68,0.86,1.16
2016-12-27,32.75,32.89,33.26,32.75,8176,27793673.00,1.55,-0.09,-0.03,0.76
2016-12-28,33.20,32.77,33.20,32.75,4844,16411521.00,1.37,-0.36,-0.12,0.45
2016-12-29,32.72,32.88,33.39,32.72,7699,26202319.00,2.04,0.34,0.11,0.71
2016-12-30,32.82,32.34,33.06,32.03,12679,42479453.00,3.13,-1.64,-0.54,1.18