2017-01-03,3.58,3.62,3.63,3.58,177735,82319623.00,1.38,-0.28,-0.01,0.24
2017-01-04,3.66,3.66,3.69,3.64,245315,114821148.00,1.38,1.10,0.04,0.33
2017-01-05,3.66,3.62,3.67,3.61,192865,89717859.00,1.64,-1.09,-0.04,0.26
2017-01-06,3.61,3.56,3.62,3.54,268462,123401863.00,2.21,-1.66,-0.06,0.36
2017-01-09,3.50,3.51,3.57,3.46,371222,168166054.00,3.09,-1.40,-0.05,0.44
2017-01-10,3.50,3.50,3.55,3.48,239313,108278017.00,1.99,-0.28,-0.01,0.28
2017-01-11,3.49,3.42,3.50,3.42,210179,93968614.00,2.29,-2.29,-0.08,0.25
2017-01-12,3.42,3.37,3.44,3.36,165648,73290085.00,2.34,-1.46,-0.05,0.20
2017-01-13,3.36,3.36,3.38,3.28,237853,103363409.00,2.97,-0.30,-0.01,0.28
2017-01-16,3.36,3.44,3.46,3.26,452404,197680526.00,5.95,2.38,0.08,0.54
2017-01-17,3.42,3.41,3.43,3.37,149288,65981712.00,1.74,-0.87,-0.03,0.18
2017-01-18,3.41,3.41,3.48,3.40,153473,68342980.00,2.35,0.00,0.00,0.18
2017-01-19,3.39,3.37,3.42,3.35,110644,48684784.00,2.05,-1.17,-0.04,0.13
2017-01-20,3.36,3.41,3.42,3.35,147432,65062728.00,2.08,1.19,0.04,0.17
2017-01-23,3.41,3.44,3.45,3.41,127461,56789161.00,1.17,0.88,0.03,0.15
2017-01-24,3.46,3.43,3.46,3.41,129654,57767383.00,1.45,-0.29,-0.01,0.15
2017-01-25,3.43,3.46,3.50,3.40,177778,79450605.00,2.92,0.87,0.03,0.21
2017-01-26,3.44,3.48,3.50,3.43,135267,60752756.00,2.02,0.58,0.02,0.16
2017-02-03,3.49,3.45,3.49,3.45,89096,39961237.00,1.15,-0.86,-0.03,0.11
2017-02-06,3.45,3.47,3.48,3.44,119115,53334112.00,1.16,0.58,0.02,0.14
2017-02-07,3.47,3.46,3.47,3.43,116410,52051435.00,1.15,-0.29,-0.01,0.14
2017-02-08,3.45,3.46,3.46,3.40,157835,70198208.00,1.73,0.00,0.00,0.19
2017-02-09,3.45,3.57,3.60,3.44,448191,204786714.00,4.62,3.18,0.11,0.53
2017-02-10,3.58,3.56,3.58,3.51,260614,118881435.00,1.96,-0.28,-0.01,0.31
2017-02-13,3.54,3.65,3.74,3.53,461337,214290369.00,5.90,2.53,0.09,0.55
2017-02-14,3.62,3.59,3.64,3.58,297076,137204696.00,1.64,-1.64,-0.06,0.35
2017-02-15,3.59,3.51,3.62,3.51,242382,111272563.00,3.06,-2.23,-0.08,0.29
2017-02-16,3.52,3.55,3.58,3.51,198892,90766552.00,1.99,1.14,0.04,0.24
2017-02-17,3.53,3.56,3.62,3.53,297122,136384767.00,2.54,0.28,0.01,0.35
2017-02-20,3.54,3.65,3.68,3.52,525500,244423445.00,4.49,2.53,0.09,0.62
2017-02-21,3.65,3.67,3.72,3.63,473218,222033195.00,2.47,0.55,0.02,0.56
2017-02-22,3.67,3.66,3.68,3.63,242743,113396964.00,1.36,-0.27,-0.01,0.29
2017-02-23,3.66,3.60,3.67,3.59,290514,134784901.00,2.19,-1.64,-0.06,0.34
2017-02-24,3.60,3.62,3.64,3.56,219675,101633635.00,2.22,0.56,0.02,0.26
2017-02-27,4.08,4.08,4.08,3.84,4182521,2113351824.00,6.63,12.71,0.46,4.96
2017-02-28,4.06,4.07,4.10,3.90,3040631,1525906224.00,4.90,-0.25,-0.01,3.60
2017-03-01,4.01,4.58,4.58,3.97,7143256,3915871200.00,14.99,12.53,0.51,8.47
2017-03-02,4.48,4.50,4.61,4.40,3886458,2142169664.00,4.59,-1.75,-0.08,4.61
2017-03-03,4.45,4.38,4.62,4.37,2397849,1317642528.00,5.56,-2.67,-0.12,2.84
2017-03-06,4.33,4.37,4.48,4.26,1824716,981674784.00,5.02,-0.23,-0.01,2.16
2017-03-07,4.39,4.27,4.43,4.23,1659668,886991504.00,4.58,-2.29,-0.10,1.97
2017-03-08,4.27,4.20,4.28,4.16,1174951,614529008.00,2.81,-1.64,-0.07,1.39
2017-03-09,4.21,4.19,4.21,4.08,1433695,739464896.00,3.10,-0.24,-0.01,1.70
2017-03-10,4.19,4.18,4.21,4.12,945187,491011616.00,2.15,-0.24,-0.01,1.12
2017-03-13,4.16,4.28,4.33,4.08,1688322,887112240.00,5.98,2.39,0.10,2.00
2017-03-14,4.24,4.15,4.24,4.14,1000843,520235632.00,2.34,-3.04,-0.13,1.19
2017-03-15,4.13,4.11,4.17,4.08,770728,395582528.00,2.17,-0.96,-0.04,0.91
2017-03-16,4.13,4.18,4.24,4.11,1062750,553370992.00,3.16,1.70,0.07,1.26
2017-03-17,4.16,4.19,4.32,4.13,1339434,702299632.00,4.55,0.24,0.01,1.59
2017-03-20,4.19,4.18,4.26,4.13,717711,373037376.00,3.10,-0.24,-0.01,0.85
2017-03-21,4.19,4.17,4.21,4.15,442685,229870888.00,1.44,-0.24,-0.01,0.52
2017-03-22,4.11,4.05,4.14,3.98,1119384,567205744.00,3.84,-2.88,-0.12,1.33
2017-03-23,4.08,4.06,4.15,4.00,800190,408098608.00,3.70,0.25,0.01,0.95
2017-03-24,4.10,4.11,4.19,4.03,849278,436529808.00,3.94,1.23,0.05,1.01
2017-03-27,4.07,4.09,4.10,4.04,530146,269710928.00,1.46,-0.49,-0.02,0.63
2017-03-28,4.07,4.09,4.20,4.06,937310,483688528.00,3.42,0.00,0.00,1.11
2017-03-29,4.09,3.96,4.09,3.95,1001248,502799696.00,3.42,-3.18,-0.13,1.19
2017-03-30,3.91,3.83,3.94,3.79,846589,412397568.00,3.79,-3.28,-0.13,1.00
2017-03-31,3.84,3.84,3.87,3.80,387652,188089286.00,1.83,0.26,0.01,0.46
2017-04-05,3.84,3.88,3.91,3.84,493333,241916179.00,1.82,1.04,0.04,0.58
2017-04-06,3.90,3.91,3.95,3.87,422269,208645722.00,2.06,0.77,0.03,0.50
2017-04-07,3.89,3.91,3.97,3.86,496805,244813529.00,2.81,0.00,0.00,0.59
2017-04-10,3.95,3.92,4.02,3.91,539091,268152510.00,2.81,0.26,0.01,0.64
2017-04-11,3.88,3.92,3.94,3.78,670068,327094080.00,4.08,0.00,0.00,0.79
2017-04-12,3.88,3.96,4.04,3.81,752158,372786912.00,5.87,1.02,0.04,0.89
2017-04-13,3.97,3.96,4.00,3.92,498489,248605000.00,2.02,0.00,0.00,0.59
2017-04-14,3.98,4.05,4.16,3.93,1434187,730869328.00,5.81,2.27,0.09,1.70
2017-04-17,3.99,4.08,4.11,3.98,827332,418168224.00,3.21,0.74,0.03,0.98
2017-04-18,4.08,4.02,4.11,4.02,593167,301401472.00,2.21,-1.47,-0.06,0.70
2017-04-19,3.97,3.72,3.97,3.68,1040001,501149264.00,7.21,-7.46,-0.30,1.23
2017-04-20,3.69,3.74,3.75,3.66,500427,236382388.00,2.42,0.54,0.02,0.59
2017-04-21,3.74,3.77,3.78,3.67,405947,192591318.00,2.94,0.80,0.03,0.48
2017-04-24,3.76,3.70,3.76,3.59,480791,225165979.00,4.51,-1.86,-0.07,0.57
2017-04-25,3.70,3.70,3.76,3.65,321640,151986991.00,2.97,0.00,0.00,0.38
2017-04-26,3.69,3.72,3.78,3.67,290813,138183613.00,2.97,0.54,0.02,0.34
2017-04-27,3.71,3.66,3.72,3.55,544809,253485805.00,4.57,-1.61,-0.06,0.65
2017-04-28,3.68,3.67,3.69,3.64,235010,110089485.00,1.37,0.27,0.01,0.28
2017-05-02,3.66,3.61,3.66,3.60,259694,120531124.00,1.63,-1.63,-0.06,0.31
2017-05-03,3.58,3.68,3.73,3.55,521853,242946120.00,4.99,1.94,0.07,0.62
2017-05-04,3.62,3.63,3.65,3.58,344435,159807986.00,1.90,-1.36,-0.05,0.41
2017-05-05,3.61,3.63,3.64,3.57,335958,155549520.00,1.93,0.00,0.00,0.40
2017-05-08,3.60,3.70,3.72,3.57,542964,253528790.00,4.13,1.93,0.07,0.64
2017-05-09,3.67,3.68,3.70,3.62,269503,126180764.00,2.16,-0.54,-0.02,0.32
2017-05-10,3.68,3.81,4.02,3.66,1162839,567517264.00,9.78,3.53,0.13,1.38
2017-05-11,3.76,3.86,3.91,3.68,795827,386012080.00,6.04,1.31,0.05,0.94
2017-05-12,3.83,3.90,4.03,3.82,735367,364287616.00,5.44,1.04,0.04,0.87
2017-05-15,3.87,3.81,3.97,3.79,479809,233777654.00,4.62,-2.31,-0.09,0.57
2017-05-16,3.78,3.85,3.86,3.77,390623,188988986.00,2.36,1.05,0.04,0.46
2017-05-17,3.85,3.85,3.93,3.80,472745,230855728.00,3.38,0.00,0.00,0.56
2017-05-18,3.79,3.75,3.85,3.75,376291,181128251.00,2.60,-2.60,-0.10,0.45
2017-05-19,3.76,3.68,3.78,3.66,302709,142958478.00,3.20,-1.87,-0.07,0.36
2017-05-22,3.66,3.70,3.72,3.59,315836,147481440.00,3.53,0.54,0.02,0.37
2017-05-23,3.68,3.76,3.79,3.65,523824,249029122.00,3.78,1.62,0.06,0.62
2017-05-24,3.72,3.76,3.77,3.66,279408,132178387.00,2.93,0.00,0.00,0.33
2017-05-25,3.73,3.82,3.85,3.72,545831,263417842.00,3.46,1.60,0.06,0.65
2017-05-26,3.81,3.83,3.84,3.78,299084,144546184.00,1.57,0.26,0.01,0.35
2017-05-31,3.84,3.86,3.88,3.74,681865,330804080.00,3.66,0.78,0.03,0.81
2017-06-01,3.83,3.87,3.90,3.80,609712,297483280.00,2.59,0.26,0.01,0.72
2017-06-02,3.84,3.84,3.87,3.77,334078,162052295.00,2.58,-0.78,-0.03,0.40
2017-06-05,3.84,3.85,3.86,3.80,172250,83737947.00,1.56,0.26,0.01,0.20
2017-06-06,3.85,3.87,3.89,3.82,251108,122404817.00,1.82,0.52,0.02,0.30
2017-06-07,3.87,3.89,3.92,3.84,449770,220650041.00,2.07,0.52,0.02,0.53
2017-06-08,3.89,3.82,3.90,3.81,320239,156047665.00,2.31,-1.80,-0.07,0.38
2017-06-09,3.85,3.87,3.89,3.81,396683,193393294.00,2.09,1.31,0.05,0.47
2017-06-12,3.85,3.79,3.86,3.79,253496,122756653.00,1.81,-2.07,-0.08,0.30
2017-06-13,3.78,3.80,3.81,3.74,220066,105586758.00,1.85,0.26,0.01,0.26
2017-06-14,3.78,3.78,3.83,3.75,202954,97473410.00,2.11,-0.53,-0.02,0.24
2017-06-15,3.79,3.78,3.81,3.76,236605,113681352.00,1.32,0.00,0.00,0.28
2017-06-16,3.79,3.75,3.80,3.75,181937,87064319.00,1.32,-0.79,-0.03,0.22
2017-06-19,3.76,3.80,3.80,3.74,175016,84057549.00,1.60,1.33,0.05,0.21
2017-06-20,3.80,3.81,3.82,3.78,213477,102847483.00,1.05,0.26,0.01,0.25
2017-06-21,3.82,3.81,3.84,3.78,339753,163940744.00,1.57,0.00,0.00,0.40
2017-06-22,3.81,3.86,3.97,3.81,1205327,591964096.00,4.20,1.31,0.05,1.43
2017-06-23,3.85,3.83,3.90,3.79,579638,281749248.00,2.85,-0.78,-0.03,0.69
2017-06-26,3.83,3.87,3.89,3.81,554806,269902832.00,2.09,1.04,0.04,0.66
2017-06-27,3.87,3.85,3.88,3.82,337278,164121143.00,1.55,-0.52,-0.02,0.40
2017-06-28,3.83,3.87,3.90,3.82,537225,262565362.00,2.08,0.52,0.02,0.64
2017-06-29,3.87,3.88,3.90,3.84,405776,198298437.00,1.55,0.26,0.01,0.48
2017-06-30,3.86,3.87,3.90,3.82,407966,198857729.00,2.06,-0.26,-0.01,0.48
2017-07-03,3.87,4.05,4.13,3.87,1269391,641989584.00,6.72,4.65,0.18,1.50
2017-07-04,4.06,4.00,4.08,3.98,614684,309669216.00,2.47,-1.23,-0.05,0.73
2017-07-05,3.99,4.06,4.08,3.98,820677,415257120.00,2.50,1.50,0.06,0.97
2017-07-06,4.04,4.02,4.05,3.99,519087,261788506.00,1.48,-0.99,-0.04,0.62
2017-07-07,4.02,3.98,4.04,3.95,482843,241623292.00,2.24,-1.00,-0.04,0.57
2017-07-10,3.98,3.97,4.03,3.95,516679,258613891.00,2.01,-0.25,-0.01,0.61
2017-07-11,3.97,3.97,4.08,3.96,722945,363903552.00,3.02,0.00,0.00,0.86
2017-07-12,3.91,3.92,3.96,3.84,641854,316718128.00,3.02,-1.26,-0.05,0.76
2017-07-13,3.92,4.00,4.03,3.90,547270,274257824.00,3.32,2.04,0.08,0.65
2017-07-14,3.99,3.93,4.00,3.92,482463,239539577.00,2.00,-1.75,-0.07,0.57
2017-07-17,3.93,3.74,3.98,3.58,1029332,497137136.00,10.18,-4.83,-0.19,1.22
2017-07-18,3.69,3.75,3.82,3.67,490738,233881930.00,4.01,0.27,0.01,0.58
2017-07-19,3.74,3.81,3.82,3.73,844941,405690480.00,2.40,1.60,0.06,1.00
2017-07-20,3.82,4.07,4.14,3.82,1741428,872254496.00,8.40,6.82,0.26,2.06
2017-07-21,4.02,4.18,4.27,3.99,1907000,978802304.00,6.88,2.70,0.11,2.26
2017-07-24,4.27,4.52,4.70,4.20,4934243,2755202000.00,11.96,8.13,0.34,5.85
2017-07-25,4.44,4.32,4.45,4.23,2856169,1529057984.00,4.87,-4.42,-0.20,3.38
2017-07-26,4.33,4.33,4.41,4.23,1672765,894019616.00,4.17,0.23,0.01,1.98
2017-07-27,4.30,4.21,4.40,4.17,1576025,832884672.00,5.31,-2.77,-0.12,1.87
2017-07-28,4.20,4.28,4.36,4.17,1149757,608557328.00,4.51,1.66,0.07,1.36
2017-07-31,4.26,4.32,4.34,4.20,1306835,693402208.00,3.27,0.93,0.04,1.55
2017-08-01,4.36,4.29,4.51,4.28,1439405,777696944.00,5.32,-0.69,-0.03,1.71
2017-08-02,4.25,4.23,4.32,4.14,1170730,612494944.00,4.20,-1.40,-0.06,1.39
2017-08-03,4.21,4.24,4.31,4.20,683743,360259344.00,2.60,0.24,0.01,0.81
2017-08-04,4.27,4.40,4.48,4.24,1566011,842727440.00,5.66,3.77,0.16,1.86
2017-08-07,4.35,4.30,4.39,4.28,1099059,588035824.00,2.50,-2.27,-0.10,1.30
2017-08-08,4.26,4.21,4.30,4.19,937626,492984816.00,2.56,-2.09,-0.09,1.11
2017-08-09,4.25,4.26,4.32,4.19,825332,435411904.00,3.09,1.19,0.05,0.98
2017-08-10,4.26,4.43,4.54,4.21,1763665,948194896.00,7.75,3.99,0.17,2.09
2017-08-11,4.34,4.36,4.56,4.32,1651871,893688048.00,5.42,-1.58,-0.07,1.96
2017-08-14,4.36,4.42,4.47,4.27,1289767,695278976.00,4.59,1.38,0.06,1.53
2017-08-15,4.43,4.76,4.90,4.41,3243740,1847470224.00,11.09,7.69,0.34,3.84
2017-08-16,4.71,4.69,4.78,4.59,1712095,969310624.00,3.99,-1.47,-0.07,2.03
2017-08-17,4.72,4.71,4.76,4.53,1793820,1011698608.00,4.90,0.43,0.02,2.13
2017-08-18,4.63,4.58,4.72,4.55,1275074,716941424.00,3.61,-2.76,-0.13,1.51
2017-08-21,4.62,4.74,4.87,4.60,1795529,1029725344.00,5.90,3.49,0.16,2.13
2017-08-22,4.70,4.64,4.77,4.61,1247119,708527936.00,3.38,-2.11,-0.10,1.48
2017-08-23,4.57,4.40,4.60,4.38,1298183,710760128.00,4.74,-5.17,-0.24,1.54
2017-08-24,4.40,4.39,4.43,4.31,585038,314309584.00,2.73,-0.23,-0.01,0.69
2017-08-25,4.44,4.45,4.48,4.37,809094,439911568.00,2.51,1.37,0.06,0.96
2017-08-28,4.46,4.41,4.50,4.36,1155811,627822192.00,3.15,-0.90,-0.04,1.37
2017-08-29,4.41,4.33,4.42,4.30,821637,438950176.00,2.72,-1.81,-0.08,0.97
2017-08-30,4.33,4.36,4.42,4.31,784962,421250048.00,2.54,0.69,0.03,0.93
2017-08-31,4.37,4.39,4.41,4.35,472690,254431612.00,1.38,0.69,0.03,0.56
2017-09-01,4.39,4.41,4.52,4.35,1383827,752057632.00,3.87,0.46,0.02,1.64
2017-09-04,4.36,4.30,4.40,4.26,1143986,607601600.00,3.17,-2.49,-0.11,1.36
2017-09-05,4.33,4.33,4.36,4.26,533884,283645872.00,2.33,0.70,0.03,0.63
2017-09-06,4.34,4.37,4.42,4.30,744006,399424912.00,2.77,0.92,0.04,0.88
2017-09-07,4.34,4.24,4.35,4.23,782295,413556144.00,2.75,-2.97,-0.13,0.93
2017-09-08,4.23,4.22,4.26,4.18,580687,303205296.00,1.89,-0.47,-0.02,0.69
2017-09-11,4.17,4.16,4.18,4.08,731073,375076000.00,2.37,-1.42,-0.06,0.87
2017-09-12,4.14,4.13,4.18,4.11,552916,284223472.00,1.68,-0.72,-0.03,0.66
2017-09-13,4.13,4.14,4.17,4.11,400900,206063236.00,1.45,0.24,0.01,0.48
2017-09-14,4.15,4.09,4.16,4.05,561250,285566448.00,2.66,-1.21,-0.05,0.67
2017-09-15,4.08,4.08,4.13,4.04,418963,212905836.00,2.20,-0.24,-0.01,0.50
2017-09-18,4.08,4.11,4.13,4.06,402153,204853721.00,1.72,0.74,0.03,0.48
2017-09-19,4.11,4.13,4.14,4.10,334870,171463309.00,0.97,0.49,0.02,0.40
2017-09-20,4.14,4.11,4.14,4.07,337750,172132905.00,1.69,-0.48,-0.02,0.40
2017-09-21,4.11,4.02,4.11,4.01,396643,200761154.00,2.43,-2.19,-0.09,0.47
2017-09-22,4.02,4.07,4.08,3.97,459419,230284143.00,2.74,1.24,0.05,0.54
2017-09-25,4.06,4.13,4.14,4.01,466076,237242172.00,3.19,1.47,0.06,0.55
2017-09-26,4.12,4.16,4.19,4.10,383517,197457706.00,2.18,0.73,0.03,0.45
2017-09-27,4.13,4.10,4.16,4.09,276227,141486287.00,1.68,-1.44,-0.06,0.33
2017-09-28,4.09,4.06,4.13,4.04,254261,129026423.00,2.20,-0.98,-0.04,0.30
2017-09-29,4.08,4.05,4.10,4.04,225348,114143715.00,1.48,-0.25,-0.01,0.27
2017-10-09,4.10,4.10,4.13,4.08,271016,138257802.00,1.23,1.23,0.05,0.32
2017-10-10,4.09,4.12,4.13,4.07,292266,149027454.00,1.46,0.49,0.02,0.35
2017-10-11,4.14,4.09,4.15,4.08,319253,163181838.00,1.70,-0.73,-0.03,0.38
2017-10-12,4.09,4.05,4.09,4.02,317323,160441323.00,1.71,-0.98,-0.04,0.38
2017-10-13,4.04,4.06,4.08,4.03,210279,106296114.00,1.23,0.25,0.01,0.25
2017-10-16,4.07,4.00,4.07,3.99,357026,179331201.00,1.97,-1.48,-0.06,0.42
2017-10-17,4.00,3.95,4.01,3.92,285682,141666375.00,2.25,-1.25,-0.05,0.34
2017-10-18,3.95,4.02,4.03,3.95,353854,176886394.00,2.03,1.77,0.07,0.42
2017-10-19,4.02,4.05,4.06,3.97,307909,154524608.00,2.24,0.75,0.03,0.36
2017-10-20,4.06,4.04,4.06,4.01,156858,79004557.00,1.23,-0.25,-0.01,0.19
2017-10-23,4.03,4.09,4.11,4.02,291013,147360205.00,2.23,1.24,0.05,0.34
2017-10-24,4.08,4.16,4.17,4.07,589427,302913760.00,2.44,1.71,0.07,0.70
2017-10-25,4.15,4.16,4.21,4.12,393174,202944197.00,2.16,0.00,0.00,0.47
2017-10-26,4.16,4.20,4.21,4.13,491090,254148559.00,1.92,0.96,0.04,0.58
2017-10-27,4.24,4.16,4.26,4.15,448333,233468791.00,2.62,-0.95,-0.04,0.53
2017-10-30,4.14,4.14,4.15,4.00,561100,284760592.00,3.61,-0.48,-0.02,0.66
2017-10-31,4.11,4.12,4.16,4.09,210498,107886840.00,1.69,-0.48,-0.02,0.25
2017-11-01,4.15,4.18,4.23,4.12,552242,286511760.00,2.67,1.46,0.06,0.65
2017-11-02,4.18,4.19,4.20,4.11,345867,178716193.00,2.15,0.24,0.01,0.41
2017-11-03,4.35,4.17,4.38,4.07,966414,501314592.00,7.40,-0.48,-0.02,1.15
2017-11-06,4.12,4.03,4.12,4.00,544501,274697504.00,2.88,-3.36,-0.14,0.65
2017-11-07,4.03,4.09,4.10,4.02,371509,187833551.00,1.99,1.49,0.06,0.44
2017-11-08,4.09,4.22,4.31,4.06,917384,477768224.00,6.11,3.18,0.13,1.09
2017-11-09,4.18,4.41,4.48,4.14,1624077,871429680.00,8.06,4.50,0.19,1.92
2017-11-10,4.39,4.39,4.42,4.32,1030423,553442064.00,2.27,-0.45,-0.02,1.22
2017-11-13,4.40,4.29,4.40,4.27,720456,383225088.00,2.96,-2.28,-0.10,0.85
2017-11-14,4.31,4.18,4.31,4.16,698571,364396192.00,3.50,-2.56,-0.11,0.83
2017-11-15,4.15,4.20,4.25,4.14,392250,204070005.00,2.63,0.48,0.02,0.46
2017-11-16,4.20,4.06,4.20,4.05,559498,285612624.00,3.57,-3.33,-0.14,0.66
2017-11-17,4.06,4.17,4.20,3.98,868083,441453552.00,5.42,2.71,0.11,1.03
2017-11-20,4.13,4.14,4.16,4.06,305139,156021946.00,2.40,-0.72,-0.03,0.36
2017-11-21,4.12,4.30,4.32,4.11,758318,397074160.00,5.07,3.86,0.16,0.90
2017-11-22,4.28,4.25,4.33,4.18,611592,320816848.00,3.49,-1.16,-0.05,0.72
2017-11-23,4.23,4.18,4.40,4.14,993322,525322624.00,6.12,-1.65,-0.07,1.18
2017-11-24,4.13,4.12,4.16,4.03,621411,316774928.00,3.11,-1.44,-0.06,0.74
2017-11-27,4.09,4.10,4.12,4.05,573841,291760592.00,1.70,-0.49,-0.02,0.68
2017-11-28,4.07,4.10,4.13,4.05,308408,156783593.00,1.95,0.00,0.00,0.37
2017-11-29,4.09,4.03,4.10,3.99,518083,260419174.00,2.68,-1.71,-0.07,0.61
2017-11-30,4.01,3.99,4.05,3.93,467983,233375494.00,2.98,-0.99,-0.04,0.55
2017-12-01,3.96,3.98,4.02,3.96,269000,134212612.00,1.50,-0.25,-0.01,0.32
2017-12-04,4.02,3.98,4.03,3.96,237029,118280560.00,1.76,0.00,0.00,0.28
2017-12-05,4.02,4.00,4.07,3.98,564448,283989056.00,2.26,0.50,0.02,0.67
2017-12-06,3.93,3.81,3.94,3.71,753916,362199680.00,5.75,-4.75,-0.19,0.89
2017-12-07,3.76,3.76,3.81,3.73,289025,137879514.00,2.10,-1.31,-0.05,0.34
2017-12-08,3.73,3.80,3.81,3.71,229083,109325823.00,2.66,1.06,0.04,0.27
2017-12-11,3.80,3.80,3.81,3.76,190816,91410067.00,1.32,0.00,0.00,0.23
2017-12-12,3.83,3.76,3.83,3.74,206303,98691109.00,2.37,-1.05,-0.04,0.24
2017-12-13,3.76,3.77,3.77,3.73,130620,62053444.00,1.06,0.27,0.01,0.15
2017-12-14,3.75,3.71,3.76,3.69,256178,120715059.00,1.86,-1.59,-0.06,0.30