2019-01-02,1.75,1.70,1.75,1.69,13917,5710647.00,3.45,-2.30,-0.04,0.19
2019-01-03,1.71,1.71,1.73,1.69,14412,5898236.00,2.35,0.59,0.01,0.20
2019-01-04,1.70,1.80,1.81,1.69,24889,10353307.00,7.02,5.26,0.09,0.34
2019-01-07,1.82,1.85,1.85,1.80,19190,8114087.00,2.78,2.78,0.05,0.26
2019-01-08,1.84,1.85,1.85,1.82,13449,5705148.00,1.62,0.00,0.00,0.18
2019-01-09,1.86,1.86,1.92,1.86,27235,11739277.00,3.24,0.54,0.01,0.37
2019-01-10,1.85,1.89,1.92,1.85,20483,8796506.00,3.76,1.61,0.03,0.28
2019-01-11,1.91,1.90,1.91,1.88,15723,6773834.00,1.59,0.53,0.01,0.21
2019-01-14,1.90,1.91,1.94,1.88,15259,6607578.00,3.16,0.53,0.01,0.21
2019-01-15,1.91,1.98,2.01,1.87,34550,15075775.00,7.33,3.66,0.07,0.47
2019-01-16,1.96,1.96,1.99,1.94,23267,10207239.00,2.53,-1.01,-0.02,0.32
2019-01-17,1.95,1.90,1.97,1.90,14949,6500134.00,3.57,-3.06,-0.06,0.20
2019-01-18,1.92,1.93,1.95,1.91,17320,7527360.00,2.11,1.58,0.03,0.23
2019-01-21,1.93,1.94,1.96,1.92,18373,8009807.00,2.07,0.52,0.01,0.25
2019-01-22,1.93,1.93,1.95,1.91,10486,4564001.00,2.06,-0.52,-0.01,0.14
2019-01-23,1.92,1.94,1.98,1.91,14081,6142996.00,3.63,0.52,0.01,0.19
2019-01-24,1.93,1.96,1.97,1.92,17534,7674539.00,2.58,1.03,0.02,0.24
2019-01-25,1.96,1.96,2.00,1.95,23546,10355995.00,2.55,0.00,0.00,0.32
2019-01-28,1.96,1.99,2.00,1.96,36021,15919829.00,2.04,1.53,0.03,0.49
2019-01-29,1.96,2.03,2.07,1.93,74447,33147906.00,7.04,2.01,0.04,1.01
2019-01-30,2.00,1.91,2.01,1.87,48304,20996898.00,6.90,-5.91,-0.12,0.66
2019-01-31,1.92,1.95,2.00,1.89,38939,16967784.00,5.76,2.09,0.04,0.53
2019-02-01,1.96,2.02,2.05,1.94,26085,11568889.00,5.64,3.59,0.07,0.35
2019-02-11,2.03,2.05,2.06,2.00,33928,15213531.00,2.97,1.49,0.03,0.46
2019-02-12,2.05,2.08,2.09,2.03,59375,26773024.00,2.93,1.46,0.03,0.81
2019-02-13,2.06,2.10,2.12,2.05,50350,22857586.00,3.37,0.96,0.02,0.68
2019-02-14,2.10,2.08,2.10,2.06,28866,13087075.00,1.90,-0.95,-0.02,0.39
2019-02-15,2.06,2.03,2.08,2.02,38511,17312176.00,2.88,-2.40,-0.05,0.52
2019-02-18,2.04,2.10,2.11,2.04,70864,32140825.00,3.45,3.45,0.07,0.96
2019-02-19,2.11,2.08,2.14,2.05,44079,20066379.00,4.29,-0.95,-0.02,0.60
2019-02-20,2.09,2.10,2.10,2.07,23645,10733044.00,1.44,0.96,0.02,0.32
2019-02-21,2.09,2.08,2.12,2.08,52976,24157329.00,1.90,-0.95,-0.02,0.72
2019-02-22,2.07,2.10,2.11,2.06,53981,24514570.00,2.40,0.96,0.02,0.73
2019-02-25,2.11,2.40,2.40,2.11,162199,77234031.00,13.81,14.29,0.30,2.20
2019-02-26,2.50,2.38,2.60,2.37,241487,120336710.00,9.58,-0.83,-0.02,3.28
2019-02-27,2.64,2.50,2.72,2.43,261883,133924798.00,12.18,5.04,0.12,3.55
2019-02-28,2.40,2.39,2.43,2.23,137588,67289304.00,8.00,-4.40,-0.11,1.87
2019-03-01,2.39,2.42,2.45,2.35,86872,42741181.00,4.18,1.26,0.03,1.18
2019-03-04,2.42,2.45,2.53,2.40,142995,71281660.00,5.37,1.24,0.03,1.94
2019-03-05,2.42,2.48,2.49,2.40,94040,46672272.00,3.67,1.22,0.03,1.28
2019-03-06,2.49,2.54,2.54,2.45,133611,67179498.00,3.63,2.42,0.06,1.81
2019-03-07,2.53,2.60,2.64,2.49,176635,90152263.00,5.91,2.36,0.06,2.40
2019-03-08,2.58,2.42,2.66,2.40,167359,85043815.00,10.00,-6.92,-0.18,2.27
2019-03-11,2.45,2.52,2.53,2.42,99399,49759654.00,4.55,4.13,0.10,1.35
2019-03-12,2.52,2.56,2.59,2.50,112257,57172826.00,3.57,1.59,0.04,1.52
2019-03-13,2.54,2.47,2.56,2.44,106464,53516396.00,4.69,-3.52,-0.09,1.44
2019-03-14,2.44,2.33,2.47,2.30,66554,32477693.00,6.88,-5.67,-0.14,0.90
2019-03-15,2.35,2.40,2.40,2.33,73688,35926086.00,3.00,3.00,0.07,1.00
2019-03-18,2.41,2.47,2.47,2.38,86195,42634363.00,3.75,2.92,0.07,1.17
2019-03-19,2.55,2.50,2.58,2.47,99715,50311469.00,4.45,1.21,0.03,1.35
2019-03-20,2.50,2.50,2.51,2.41,75670,37771552.00,4.00,0.00,0.00,1.03
2019-03-21,2.49,2.52,2.55,2.48,104018,52605133.00,2.80,0.80,0.02,1.41
2019-03-22,2.52,2.54,2.55,2.47,100161,50594824.00,3.17,0.79,0.02,1.36
2019-03-25,2.49,2.57,2.67,2.47,143405,73709037.00,7.87,1.18,0.03,1.94
2019-03-26,2.57,2.47,2.60,2.45,104055,52394447.00,5.84,-3.89,-0.10,1.41
2019-03-27,2.49,2.47,2.50,2.40,58145,28886190.00,4.05,0.00,0.00,0.79
2019-03-28,2.45,2.49,2.50,2.42,63512,31659633.00,3.24,0.81,0.02,0.86
2019-03-29,2.49,2.59,2.59,2.45,107310,54453542.00,5.62,4.02,0.10,1.46
2019-04-01,2.60,2.71,2.72,2.59,147682,77349527.00,5.02,4.63,0.12,2.00
2019-04-02,2.72,2.70,2.73,2.66,108989,57408123.00,2.58,-0.37,-0.01,1.48
2019-04-03,2.70,2.79,2.80,2.67,120538,64090508.00,4.81,3.33,0.09,1.63
2019-04-04,2.77,2.78,2.83,2.73,103934,55796422.00,3.58,-0.36,-0.01,1.41
2019-04-08,2.89,2.76,2.89,2.70,107597,57957847.00,6.83,-0.72,-0.02,1.46
2019-04-09,2.73,2.80,2.80,2.72,66184,35389599.00,2.90,1.45,0.04,0.90
2019-04-10,2.76,2.85,2.89,2.73,76552,41373857.00,5.71,1.79,0.05,1.04
2019-04-11,2.83,2.83,2.87,2.76,68347,36977331.00,3.86,-0.70,-0.02,0.93
2019-04-12,2.86,2.75,2.86,2.73,97598,52476087.00,4.59,-2.83,-0.08,1.32
2019-04-15,2.79,2.68,2.80,2.67,83286,44542698.00,4.73,-2.55,-0.07,1.13
2019-04-16,2.65,2.75,2.76,2.65,69110,36480798.00,4.10,2.61,0.07,0.94
2019-04-17,2.75,2.82,2.85,2.74,91034,49068792.00,4.00,2.55,0.07,1.23
2019-04-18,2.81,2.82,2.86,2.81,75789,41181815.00,1.77,0.00,0.00,1.03
2019-04-19,2.83,2.85,2.86,2.78,77454,42006886.00,2.84,1.06,0.03,1.05
2019-04-22,2.87,2.82,2.94,2.82,94629,51945103.00,4.21,-1.05,-0.03,1.28
2019-04-23,2.83,2.76,2.83,2.74,54628,29316960.00,3.19,-2.13,-0.06,0.74
2019-04-24,2.76,2.78,2.80,2.74,40464,21661242.00,2.17,0.72,0.02,0.55
2019-04-25,2.78,2.61,2.78,2.60,65932,34841702.00,6.47,-6.12,-0.17,0.89
2019-04-26,2.60,2.54,2.61,2.52,58949,30119527.00,3.45,-2.68,-0.07,0.80
2019-04-29,2.55,2.44,2.57,2.36,56793,28466526.00,8.27,-3.94,-0.10,0.77
2019-04-30,2.44,2.50,2.51,2.44,55688,27919573.00,2.87,2.46,0.06,0.76
2019-05-06,2.43,2.25,2.44,2.21,86761,41852491.00,9.20,-10.00,-0.25,1.18
2019-05-07,2.30,2.31,2.32,2.25,50291,24054495.00,3.11,2.67,0.06,0.68
2019-05-08,2.26,2.30,2.35,2.24,39514,19026227.00,4.76,-0.43,-0.01,0.54
2019-05-09,2.27,2.30,2.33,2.26,28423,13636293.00,3.04,0.00,0.00,0.39
2019-05-10,2.30,2.36,2.37,2.25,87290,42137083.00,5.22,2.61,0.06,1.18
2019-05-13,2.34,2.33,2.36,2.31,34457,16670060.00,2.12,-1.27,-0.03,0.47
2019-05-14,2.30,2.32,2.35,2.28,27099,13053117.00,3.00,-0.43,-0.01,0.37
2019-05-15,2.34,2.37,2.39,2.32,40521,19697926.00,3.02,2.16,0.05,0.55
2019-05-16,2.36,2.40,2.42,2.35,40813,20019306.00,2.95,1.27,0.03,0.55
2019-05-17,2.39,2.28,2.40,2.27,38035,18424608.00,5.42,-5.00,-0.12,0.52
2019-05-20,2.30,2.25,2.30,2.18,28767,13571344.00,5.26,-1.32,-0.03,0.39
2019-05-21,2.25,2.30,2.31,2.23,23048,10984320.00,3.56,2.22,0.05,0.31
2019-05-22,2.30,2.26,2.32,2.26,18119,8652170.00,2.61,-1.74,-0.04,0.25
2019-05-23,2.30,2.29,2.36,2.24,43315,20767848.00,5.31,1.33,0.03,0.59
2019-05-24,2.28,2.30,2.30,2.26,25308,12082284.00,1.75,0.44,0.01,0.34
2019-05-27,2.28,2.35,2.36,2.28,31086,15000756.00,3.48,2.17,0.05,0.42
2019-05-28,2.35,2.34,2.37,2.33,35310,17172210.00,1.70,-0.43,-0.01,0.48
2019-05-29,2.33,2.35,2.38,2.31,42713,20761344.00,2.99,0.43,0.01,0.58
2019-05-30,2.33,2.35,2.37,2.31,29323,11346403.00,2.55,0.00,0.00,0.33
2019-05-31,2.34,2.27,2.35,2.27,49050,18835571.00,3.40,-3.40,-0.08,0.55
2019-06-03,2.27,2.24,2.29,2.23,38032,14416234.00,2.64,-1.32,-0.03,0.43
2019-06-04,2.24,2.14,2.25,2.13,38177,14124554.00,5.36,-4.46,-0.10,0.43
2019-06-05,2.17,2.15,2.18,2.14,25021,9232618.00,1.87,0.47,0.01,0.28
2019-06-06,2.16,2.09,2.16,2.07,24189,8796092.00,4.19,-2.79,-0.06,0.27
2019-06-10,2.09,2.12,2.15,2.09,23159,8458793.00,2.87,1.44,0.03,0.26
2019-06-11,2.14,2.24,2.25,2.13,36220,13521797.00,5.66,5.66,0.12,0.41
2019-06-12,2.24,2.22,2.25,2.19,31780,11912601.00,2.68,-0.89,-0.02,0.36
2019-06-13,2.21,2.26,2.30,2.19,34000,12876980.00,4.95,1.80,0.04,0.38
2019-06-14,2.24,2.24,2.29,2.22,32448,12291597.00,3.10,-0.88,-0.02,0.37
2019-06-17,2.24,2.23,2.27,2.21,26591,10002845.00,2.68,-0.45,-0.01,0.30
2019-06-18,2.22,2.24,2.26,2.21,14653,5524578.00,2.24,0.45,0.01,0.17
2019-06-19,2.29,2.27,2.31,2.26,28090,10705288.00,2.23,1.34,0.03,0.32
2019-06-20,2.27,2.32,2.34,2.23,47059,18014144.00,4.85,2.20,0.05,0.53
2019-06-21,2.31,2.33,2.35,2.31,48666,18777708.00,1.72,0.43,0.01,0.55
2019-06-24,2.32,2.34,2.35,2.31,33327,12860004.00,1.72,0.43,0.01,0.38
2019-06-25,2.34,2.30,2.34,2.23,36577,13943205.00,4.70,-1.71,-0.04,0.41
2019-06-26,2.29,2.29,2.33,2.26,29590,11321999.00,3.04,-0.43,-0.01,0.33
2019-06-27,2.30,2.32,2.35,2.28,33946,13086940.00,3.06,1.31,0.03,0.38
2019-06-28,2.33,2.26,2.34,2.23,31876,12115807.00,4.74,-2.59,-0.06,0.36
2019-07-01,2.31,2.36,2.36,2.30,44791,17323725.00,2.65,4.42,0.10,0.51
2019-07-02,2.36,2.32,2.36,2.31,31828,12288518.00,2.12,-1.69,-0.04,0.36
2019-07-03,2.32,2.28,2.34,2.28,31934,12238744.00,2.59,-1.72,-0.04,0.36
2019-07-04,2.30,2.30,2.32,2.27,22079,8444449.00,2.19,0.88,0.02,0.25
2019-07-05,2.28,2.30,2.31,2.28,14580,5571244.00,1.30,0.00,0.00,0.16
2019-07-08,2.30,2.15,2.30,2.14,37593,14007431.00,6.96,-6.52,-0.15,0.42
2019-07-09,2.16,2.17,2.17,2.13,20974,7733901.00,1.86,0.93,0.02,0.24
2019-07-10,2.17,2.13,2.17,2.12,18923,6945352.00,2.30,-1.84,-0.04,0.21
2019-07-11,2.14,2.13,2.17,2.12,15898,5845837.00,2.35,0.00,0.00,0.18
2019-07-12,2.13,2.13,2.16,2.11,16199,5938686.00,2.35,0.00,0.00,0.18
2019-07-15,2.15,2.16,2.18,2.10,29099,10688481.00,3.76,1.41,0.03,0.33
2019-07-16,2.17,2.17,2.18,2.14,24711,9122928.00,1.85,0.46,0.01,0.28
2019-07-17,2.16,2.15,2.18,2.14,26266,9688198.00,1.84,-0.92,-0.02,0.30
2019-07-18,2.13,2.08,2.13,2.08,27995,10159059.00,2.33,-3.26,-0.07,0.32
2019-07-19,2.10,2.09,2.15,2.08,27249,9927738.00,3.37,0.48,0.01,0.31
2019-07-22,2.09,2.03,2.11,2.03,31839,11416380.00,3.83,-2.87,-0.06,0.36
2019-07-23,2.03,2.05,2.06,2.01,28991,10323671.00,2.46,0.99,0.02,0.33
2019-07-24,2.05,2.10,2.12,2.05,34819,12595869.00,3.41,2.44,0.05,0.39
2019-07-25,2.10,2.09,2.10,2.06,23139,8364027.00,1.90,-0.48,-0.01,0.26
2019-07-26,2.08,2.10,2.11,2.06,23738,8572128.00,2.39,0.48,0.01,0.27
2019-07-29,2.10,2.11,2.12,2.07,21629,7838737.00,2.38,0.48,0.01,0.24
2019-07-30,2.11,2.11,2.14,2.09,29539,10751738.00,2.37,0.00,0.00,0.33
2019-07-31,2.10,2.10,2.11,2.06,22225,8027937.00,2.37,-0.47,-0.01,0.25
2019-08-01,2.07,2.07,2.09,2.05,21738,7827502.00,1.90,-1.43,-0.03,0.25
2019-08-02,2.03,2.01,2.05,1.99,24287,8633899.00,2.90,-2.90,-0.06,0.27
2019-08-05,1.99,1.95,2.01,1.95,21651,7607490.00,2.99,-2.99,-0.06,0.24
2019-08-06,1.92,1.90,1.92,1.84,43195,14750021.00,4.10,-2.56,-0.05,0.49
2019-08-07,1.89,1.86,1.91,1.86,25821,8808254.00,2.63,-2.11,-0.04,0.29
2019-08-08,1.87,1.88,1.90,1.86,24443,8342991.00,2.15,1.08,0.02,0.28
2019-08-09,1.90,1.80,1.90,1.78,31640,10662699.00,6.38,-4.26,-0.08,0.36
2019-08-12,1.81,1.86,1.86,1.78,20314,6801356.00,4.44,3.33,0.06,0.23
2019-08-13,1.82,1.80,1.83,1.80,18752,6267026.00,1.61,-3.23,-0.06,0.21
2019-08-14,1.83,1.84,1.86,1.82,22100,7446667.00,2.22,2.22,0.04,0.25
2019-08-15,1.79,1.83,1.84,1.76,29310,9755174.00,4.35,-0.54,-0.01,0.33
2019-08-16,1.82,1.85,1.87,1.81,23014,7773336.00,3.28,1.09,0.02,0.26
2019-08-19,1.85,1.93,1.94,1.85,31162,10701512.00,4.86,4.32,0.08,0.35
2019-08-20,1.94,1.92,1.95,1.91,30807,10659626.00,2.07,-0.52,-0.01,0.35
2019-08-21,1.92,1.91,1.93,1.89,30416,10462640.00,2.08,-0.52,-0.01,0.34
2019-08-22,1.93,1.95,1.95,1.91,26267,9083874.00,2.09,2.09,0.04,0.30
2019-08-23,1.95,1.93,1.96,1.90,25809,8950478.00,3.08,-1.03,-0.02,0.29
2019-08-26,1.86,1.92,1.95,1.85,31070,10685341.00,5.18,-0.52,-0.01,0.35
2019-08-27,1.94,1.98,2.00,1.94,39720,13937872.00,3.13,3.13,0.06,0.45
2019-08-28,2.07,2.03,2.15,2.01,99110,35899729.00,7.07,2.53,0.05,1.12
2019-08-29,2.00,2.00,2.03,1.97,46941,16556208.00,2.96,-1.48,-0.03,0.53
2019-08-30,2.01,1.96,2.04,1.96,39950,14116736.00,4.00,-2.00,-0.04,0.45
2019-09-02,1.95,2.03,2.03,1.94,47515,16702620.00,4.59,3.57,0.07,0.54
2019-09-03,2.02,2.00,2.02,1.98,37674,13307490.00,1.97,-1.48,-0.03,0.43
2019-09-04,2.00,2.02,2.03,1.98,31655,11189451.00,2.50,1.00,0.02,0.36
2019-09-05,2.03,2.05,2.10,2.03,63564,22874101.00,3.47,1.49,0.03,0.72
2019-09-06,2.08,2.04,2.08,2.01,31030,11086794.00,3.41,-0.49,-0.01,0.35
2019-09-09,2.06,2.11,2.12,2.05,61460,22206225.00,3.43,3.43,0.07,0.69
2019-09-10,2.11,2.13,2.14,2.08,46383,16893812.00,2.84,0.95,0.02,0.52
2019-09-11,2.13,2.10,2.15,2.09,30175,11011025.00,2.82,-1.41,-0.03,0.34
2019-09-12,2.12,2.12,2.14,2.09,29411,10723452.00,2.38,0.95,0.02,0.33
2019-09-16,2.13,2.14,2.16,2.11,34504,12663450.00,2.36,0.94,0.02,0.39
2019-09-17,2.12,2.02,2.12,1.99,53021,18981186.00,6.07,-5.61,-0.12,0.60
2019-09-18,2.02,2.04,2.07,2.02,26967,9633812.00,2.48,0.99,0.02,0.30
2019-09-19,2.05,2.15,2.16,2.03,54365,19770213.00,6.37,5.39,0.11,0.61
2019-09-20,2.13,2.13,2.20,2.07,48107,17640245.00,6.05,-0.93,-0.02,0.54
2019-09-23,2.13,2.05,2.14,2.02,44283,15899848.00,5.63,-3.76,-0.08,0.50
2019-09-24,2.06,2.07,2.13,2.04,38464,13894710.00,4.39,0.98,0.02,0.43
2019-09-25,2.04,2.01,2.07,2.00,28816,10275708.00,3.38,-2.90,-0.06,0.33
2019-09-26,2.02,1.91,2.04,1.91,39845,13875735.00,6.47,-4.98,-0.10,0.45
2019-09-27,1.94,1.93,1.95,1.91,22112,7658663.00,2.09,1.05,0.02,0.25
2019-09-30,1.94,1.91,1.95,1.91,22853,7905969.00,2.07,-1.04,-0.02,0.26
2019-10-08,1.91,1.90,1.93,1.87,41017,14074183.00,3.14,-0.52,-0.01,0.46
2019-10-09,1.88,1.91,1.91,1.84,31136,10630068.00,3.68,0.53,0.01,0.35
2019-10-10,1.92,1.93,1.94,1.90,23338,8064344.00,2.09,1.05,0.02,0.26
2019-10-11,1.94,1.95,1.97,1.90,43344,14989873.00,3.63,1.04,0.02,0.49
2019-10-14,1.97,2.00,2.04,1.96,45225,15950548.00,4.10,2.56,0.05,0.51
2019-10-15,1.99,1.96,1.99,1.95,33716,11778513.00,2.00,-2.00,-0.04,0.38
2019-10-16,1.97,1.91,1.98,1.91,26448,9197199.00,3.57,-2.55,-0.05,0.30
2019-10-17,1.92,1.91,1.94,1.90,20957,7226939.00,2.09,0.00,0.00,0.24
2019-10-18,1.91,1.85,1.92,1.83,43333,14759471.00,4.71,-3.14,-0.06,0.49
2019-10-21,1.85,1.84,1.85,1.79,28091,9400160.00,3.24,-0.54,-0.01,0.32
2019-10-22,1.82,1.88,1.89,1.82,16760,5687007.00,3.80,2.17,0.04,0.19
2019-10-23,1.88,1.88,1.90,1.86,24393,8321934.00,2.13,0.00,0.00,0.28
2019-10-24,1.87,1.91,1.93,1.87,26437,9076494.00,3.19,1.60,0.03,0.30
2019-10-25,1.89,1.93,1.93,1.88,28397,9767701.00,2.62,1.05,0.02,0.32
2019-10-28,1.93,1.96,1.96,1.91,40769,14153189.00,2.59,1.55,0.03,0.46
2019-10-29,1.97,1.91,1.97,1.91,34787,12064575.00,3.06,-2.55,-0.05,0.39
2019-10-30,1.90,1.87,1.92,1.86,30177,10309822.00,3.14,-2.09,-0.04,0.34
2019-10-31,1.90,1.86,1.91,1.85,26278,8946949.00,3.21,-0.53,-0.01,0.30
2019-11-01,1.85,1.89,1.91,1.84,25722,8767518.00,3.76,1.61,0.03,0.29
2019-11-04,1.90,1.92,2.00,1.88,80027,27889907.00,6.35,1.59,0.03,0.90
2019-11-05,1.93,1.93,1.96,1.91,28902,10013731.00,2.60,0.52,0.01,0.33
2019-11-06,1.92,1.89,1.93,1.88,25629,8802929.00,2.59,-2.07,-0.04,0.29
2019-11-07,1.88,1.92,1.94,1.88,28632,9848241.00,3.17,1.59,0.03,0.32
2019-11-08,1.92,2.27,2.27,1.92,190390,71234619.00,18.23,18.23,0.35,2.15
2019-11-11,2.31,2.24,2.55,2.20,629861,246325365.00,15.42,-1.32,-0.03,7.12
2019-11-12,2.08,2.22,2.24,2.02,344389,125175777.00,9.82,-0.89,-0.02,3.89
2019-11-13,2.13,2.04,2.16,2.04,212259,76717640.00,5.41,-8.11,-0.18,2.40
2019-11-14,2.04,2.07,2.13,1.97,192586,68814357.00,7.84,1.47,0.03,2.18
2019-11-15,2.03,1.93,2.06,1.92,160170,56156368.00,6.76,-6.76,-0.14,1.81
2019-11-18,1.91,1.89,1.92,1.86,98983,33815966.00,3.11,-2.07,-0.04,1.12
2019-11-19,1.87,1.94,1.95,1.87,94745,32679681.00,4.23,2.65,0.05,1.07
2019-11-20,1.93,1.90,1.94,1.88,74736,25699592.00,3.09,-2.06,-0.04,0.84
2019-11-21,1.89,1.90,1.90,1.85,53395,18204096.00,2.63,0.00,0.00,0.60
2019-11-22,1.90,1.85,1.93,1.85,68485,23405479.00,4.21,-2.63,-0.05,0.77
2019-11-25,1.86,1.88,1.89,1.85,55973,19013521.00,2.16,1.62,0.03,0.63
2019-11-26,1.88,1.86,1.88,1.85,54214,18400949.00,1.60,-1.06,-0.02,0.61
2019-11-27,1.86,1.86,1.88,1.85,52000,17623344.00,1.61,0.00,0.00,0.59
2019-11-28,1.86,1.82,1.87,1.82,55673,18754142.00,2.69,-2.15,-0.04,0.63
2019-11-29,1.82,1.84,1.86,1.79,62644,20957426.00,3.85,1.10,0.02,0.71
2019-12-02,1.84,1.83,1.84,1.80,57560,19267752.00,2.17,-0.54,-0.01,0.65
2019-12-03,1.81,1.86,1.87,1.80,46775,15715735.00,3.83,1.64,0.03,0.53
2019-12-04,1.85,1.86,1.87,1.84,34559,11686387.00,1.61,0.00,0.00,0.39
2019-12-05,1.86,1.87,1.88,1.86,44151,15006767.00,1.08,0.54,0.01,0.50
2019-12-06,1.87,1.90,1.91,1.86,66118,22591635.00,2.67,1.60,0.03,0.75
2019-12-09,1.89,1.89,1.91,1.87,47994,16398236.00,2.11,-0.53,-0.01,0.54
2019-12-10,1.89,1.87,1.89,1.85,41947,14254075.00,2.12,-1.06,-0.02,0.47
2019-12-11,1.88,1.88,1.89,1.86,45741,15574338.00,1.60,0.53,0.01,0.52
2019-12-12,1.89,1.89,1.91,1.87,55573,19020208.00,2.13,0.53,0.01,0.63
2019-12-13,1.90,1.94,1.95,1.89,76935,26533111.00,3.17,2.65,0.05,0.87
2019-12-16,1.96,1.99,1.99,1.91,67913,23599822.00,4.12,2.58,0.05,0.77
2019-12-17,1.97,2.01,2.04,1.96,87668,30951846.00,4.02,1.01,0.02,0.99
2019-12-18,2.01,1.99,2.02,1.98,65728,23190779.00,1.99,-1.00,-0.02,0.74
2019-12-19,1.99,2.01,2.01,1.98,47048,16583353.00,1.51,1.01,0.02,0.53
2019-12-20,2.01,2.02,2.03,1.99,58011,20544042.00,1.99,0.50,0.01,0.66
2019-12-23,2.02,1.92,2.02,1.92,62341,21788140.00,4.95,-4.95,-0.10,0.70
2019-12-24,1.92,1.95,1.95,1.91,51700,17905238.00,2.08,1.56,0.03,0.58
2019-12-25,1.95,1.92,1.95,1.90,52261,18022734.00,2.56,-1.54,-0.03,0.59
2019-12-26,1.92,1.94,1.94,1.91,44985,15543313.00,1.56,1.04,0.02,0.51
2019-12-27,1.93,1.94,1.98,1.93,63399,22091636.00,2.58,0.00,0.00,0.72
2019-12-30,1.93,1.97,1.98,1.88,54261,18810914.00,5.15,1.55,0.03,0.61
2019-12-31,1.97,1.99,1.99,1.94,48220,16858941.00,2.54,1.02,0.02,0.55