2014-01-02,16.45,16.87,17.33,16.25,28523,106911503.00,6.49,1.38,0.23,6.54
2014-01-03,16.64,16.98,17.28,16.63,32122,121028158.00,3.85,0.65,0.11,7.36
2014-01-06,16.76,15.63,16.86,15.51,40970,145025724.00,7.95,-7.95,-1.35,9.39
2014-01-07,15.46,15.35,15.81,14.81,42259,143766522.00,6.40,-1.79,-0.28,9.69
2014-01-08,15.69,16.64,16.65,15.50,55187,199027136.00,7.49,8.40,1.29,12.65
2014-01-09,16.55,16.91,17.74,16.33,58356,223213714.00,8.47,1.62,0.27,13.38
2014-01-10,16.64,16.98,17.65,16.35,34037,128213179.00,7.69,0.41,0.07,7.80
2014-01-13,16.66,17.48,18.15,16.37,52143,202432965.00,10.48,2.94,0.50,11.95
2014-01-14,17.33,17.96,18.32,17.26,37181,146974075.00,6.06,2.75,0.48,8.52
2014-01-15,17.74,19.05,19.31,17.46,55488,228037590.00,10.30,6.07,1.09,12.72
2014-01-16,18.79,18.93,20.39,18.71,56522,245251298.00,8.82,-0.63,-0.12,12.96
2014-01-17,18.71,19.46,19.80,18.61,34396,147869076.00,6.29,2.80,0.53,7.88
2014-01-20,19.48,20.05,20.72,19.39,31072,138826518.00,6.83,3.03,0.59,7.12
2014-01-21,19.94,22.09,22.09,19.22,54131,251656267.00,14.31,10.17,2.04,12.41
2014-01-22,22.64,23.81,23.95,21.76,53168,266375523.00,9.91,7.79,1.72,12.19
2014-01-23,23.51,24.53,25.01,23.01,34548,183503448.00,8.40,3.02,0.72,7.92
2014-01-24,24.25,27.01,27.01,24.06,25891,146588787.00,12.03,10.11,2.48,5.93
2014-01-27,27.40,29.74,29.74,27.40,28545,183672177.00,8.66,10.11,2.73,6.54
2014-01-28,30.24,28.36,31.72,28.24,52697,347498224.00,11.70,-4.64,-1.38,12.08
2014-01-29,28.59,31.23,31.23,27.68,49944,324406496.00,12.52,10.12,2.87,11.45
2014-01-30,31.60,31.80,32.97,30.84,36321,256388244.00,6.82,1.83,0.57,8.33
2014-02-07,31.06,31.20,32.21,30.20,25735,176180447.00,6.32,-1.89,-0.60,5.90
2014-02-10,31.06,29.12,31.06,28.31,66619,428066848.00,8.81,-6.67,-2.08,15.27
2014-02-11,28.64,28.23,29.23,28.09,35726,225151172.00,3.91,-3.06,-0.89,8.19
2014-02-12,28.13,27.68,28.76,26.81,45966,278129088.00,6.91,-1.95,-0.55,10.54
2014-02-13,27.29,26.62,27.98,26.44,32288,194967489.00,5.56,-3.83,-1.06,7.40
2014-02-14,26.62,26.90,27.29,26.53,26014,154772775.00,2.85,1.05,0.28,5.96
2014-02-17,26.85,27.45,28.25,26.72,38677,235297999.00,5.69,2.04,0.55,8.87
2014-02-18,27.53,25.94,27.53,24.67,53104,300610432.00,10.42,-5.50,-1.51,12.17
2014-02-19,25.77,27.26,27.45,25.26,58843,344433952.00,8.44,5.09,1.32,13.49
2014-02-20,27.17,30.02,30.02,27.00,72573,466078336.00,11.08,10.12,2.76,16.63
2014-02-21,30.84,33.05,33.05,29.93,47837,336403200.00,10.39,10.09,3.03,10.97
2014-02-24,34.04,33.36,36.01,32.21,60051,453286960.00,11.50,0.94,0.31,13.76
2014-02-25,33.89,34.04,35.83,31.16,48941,369695536.00,14.00,2.04,0.68,11.22
2014-02-26,32.23,32.92,35.41,30.60,42071,300170480.00,14.13,-3.29,-1.12,9.64
2014-02-27,32.26,29.60,32.43,29.60,46677,311782560.00,8.60,-10.09,-3.32,10.70
2014-02-28,29.15,28.52,29.15,26.61,50225,305906576.00,8.58,-3.65,-1.08,11.51
2014-03-03,28.03,27.16,28.50,26.81,33406,202852829.00,5.93,-4.77,-1.36,7.66
2014-03-04,27.13,28.56,28.59,26.95,35346,216588203.00,6.04,5.15,1.40,8.10
2014-03-05,29.00,31.44,31.44,28.82,36754,248003467.00,9.17,10.08,2.88,8.42
2014-03-06,32.72,32.32,34.40,31.29,57404,413288848.00,9.89,2.80,0.88,13.16
2014-03-07,31.54,29.19,32.31,29.06,44558,294574576.00,10.06,-9.68,-3.13,10.21
2014-03-10,27.86,28.52,30.29,27.40,27688,176051532.00,9.90,-2.30,-0.67,6.35
2014-03-11,28.92,27.90,29.21,27.36,19494,121237270.00,6.49,-2.17,-0.62,4.47
2014-03-12,27.62,27.65,29.00,27.03,23694,146997802.00,7.06,-0.90,-0.25,5.43
2014-03-13,27.26,26.34,27.90,25.65,34772,202595934.00,8.14,-4.74,-1.31,7.97
2014-03-14,26.21,27.17,27.57,25.80,27003,161054777.00,6.72,3.15,0.83,6.19
2014-03-17,27.36,29.28,29.36,27.07,30085,190672165.00,8.43,7.77,2.11,6.90
2014-03-18,29.26,28.38,29.55,27.63,30184,190795035.00,6.56,-3.07,-0.90,6.92
2014-03-19,28.36,28.89,29.46,28.18,21625,138064831.00,4.51,1.80,0.51,4.96
2014-03-20,28.71,28.09,29.35,27.40,24849,155207773.00,6.75,-2.77,-0.80,5.70
2014-03-21,27.63,28.04,28.50,26.49,20141,122196511.00,7.16,-0.18,-0.05,4.62
2014-03-24,29.00,27.03,29.00,26.71,16332,100112904.00,8.17,-3.60,-1.01,3.74
2014-03-25,27.22,27.75,27.95,26.95,16639,101213996.00,3.70,2.66,0.72,3.81
2014-03-26,28.32,27.06,28.32,26.94,15627,94524758.00,4.97,-2.49,-0.69,3.58
2014-03-27,26.71,24.65,27.09,24.46,23409,132426130.00,9.72,-8.91,-2.41,5.37
2014-03-28,24.20,22.64,24.79,22.59,23536,120659480.00,8.92,-8.15,-2.01,5.39
2014-03-31,22.09,22.84,23.36,22.09,16250,82232461.00,5.61,0.88,0.20,3.72
2014-04-01,22.59,23.41,23.51,22.59,13845,71200304.00,4.03,2.50,0.57,3.17
2014-04-02,23.41,22.13,23.77,21.91,22072,109367668.00,7.95,-5.47,-1.28,5.06
2014-04-03,22.07,23.62,23.73,21.43,37939,191931199.00,10.39,6.73,1.49,8.70
2014-04-04,23.05,23.07,23.46,22.73,18084,92251781.00,3.09,-2.33,-0.55,4.15
2014-04-08,22.14,22.65,22.68,21.92,21469,106066282.00,3.29,-1.82,-0.42,4.92
2014-04-09,22.65,22.94,23.50,22.59,17615,89484440.00,4.02,1.28,0.29,4.04
2014-04-10,22.59,24.18,25.27,22.41,55638,299786672.00,12.47,5.41,1.24,12.75
2014-04-11,23.46,22.78,23.50,22.14,37360,188484510.00,5.62,-5.79,-1.40,8.56
2014-04-14,22.74,22.46,23.04,22.26,20983,104899089.00,3.42,-1.40,-0.32,4.81
2014-04-15,22.39,22.64,23.14,22.32,19303,97488092.00,3.65,0.80,0.18,4.42
2014-04-16,22.43,21.80,22.54,21.44,19807,95784836.00,4.86,-3.71,-0.84,4.54
2014-04-17,21.95,21.98,22.11,21.63,11737,56743477.00,2.20,0.83,0.18,2.69
2014-04-18,21.99,22.40,23.00,21.56,17001,84870665.00,6.55,1.91,0.42,3.90
2014-04-21,22.11,22.51,23.30,21.86,19673,99523166.00,6.43,0.49,0.11,4.51
2014-04-22,22.37,24.06,24.10,22.08,30171,154590800.00,8.97,6.89,1.55,6.92
2014-04-23,24.14,23.01,24.14,22.65,25443,130935465.00,6.19,-4.36,-1.05,5.83
2014-04-24,23.01,22.23,23.28,22.07,17619,87586990.00,5.26,-3.39,-0.78,4.04
2014-04-25,22.25,20.86,22.25,20.85,18514,87752940.00,6.30,-6.16,-1.37,4.24
2014-04-28,20.35,18.75,20.35,18.75,24780,105139836.00,7.67,-10.12,-2.11,5.68
2014-04-29,18.12,18.32,18.84,17.47,37452,150503680.00,7.31,-2.29,-0.43,8.58
2014-04-30,18.15,18.41,18.70,18.02,23186,94824093.00,3.71,0.49,0.09,5.31
2014-05-05,18.29,19.14,19.56,18.28,25290,106503664.00,6.95,3.97,0.73,5.80
2014-05-06,19.09,19.64,19.84,18.68,29145,126130214.00,6.06,2.61,0.50,6.68
2014-05-07,19.50,18.59,19.50,18.54,20181,84811143.00,4.89,-5.35,-1.05,4.63
2014-05-08,18.47,18.25,19.13,18.17,19624,81022835.00,5.16,-1.83,-0.34,4.50
2014-05-09,18.25,17.63,18.47,17.40,26361,103973794.00,5.86,-3.40,-0.62,6.04
2014-05-12,18.11,18.24,18.44,17.44,26433,105609602.00,5.67,3.46,0.61,6.06
2014-05-13,18.24,18.43,18.92,17.93,28529,117591827.00,5.43,1.04,0.19,6.54
2014-05-14,18.29,18.11,18.65,17.93,19614,79316576.00,3.91,-1.74,-0.32,4.50
2014-05-15,18.28,17.54,18.57,17.52,24483,97640128.00,5.80,-3.15,-0.57,5.61
2014-05-16,17.30,16.45,17.50,16.04,46847,172737029.00,8.32,-6.21,-1.09,10.74
2014-05-19,16.48,16.92,17.09,16.13,31368,117069589.00,5.84,2.86,0.47,7.19
2014-05-20,17.24,17.50,18.24,17.24,41685,163159669.00,5.91,3.43,0.58,9.56
2014-05-21,17.26,17.58,17.73,17.03,24633,94735125.00,4.00,0.46,0.08,5.65
2014-05-22,17.57,17.79,18.56,17.57,40400,162631249.00,5.63,1.19,0.21,9.26
2014-05-23,18.01,19.60,19.60,17.60,53942,223673616.00,11.24,10.17,1.81,12.36
2014-05-26,20.08,19.60,20.08,19.10,51555,223461844.00,5.00,0.00,0.00,11.82
2014-05-27,19.40,18.93,19.48,18.84,35182,148889234.00,3.27,-3.42,-0.67,8.06
2014-05-28,19.07,20.85,20.85,18.88,76933,340965232.00,10.41,10.14,1.92,17.63
2014-05-29,21.22,20.40,21.36,20.11,59543,273620464.00,6.00,-2.16,-0.45,13.65
2014-05-30,20.49,20.75,21.35,20.30,47361,218988119.00,5.15,1.72,0.35,10.86
2014-06-03,20.30,19.70,20.65,19.53,35813,158462024.00,5.40,-5.06,-1.05,8.21
2014-06-04,19.75,19.94,20.43,19.70,28450,126193284.00,3.71,1.22,0.24,6.52
2014-06-05,18.08,18.11,19.24,17.91,69525,278938256.00,6.67,-9.18,-1.83,15.86
2014-06-06,18.01,18.20,18.93,17.65,66141,268162880.00,7.07,0.50,0.09,15.08
2014-06-09,18.15,17.51,18.60,17.47,63746,253004095.00,6.21,-3.79,-0.69,6.17
2014-06-10,17.55,18.22,18.36,17.20,84348,331669008.00,6.62,4.05,0.71,8.17
2014-06-11,18.21,17.52,18.21,17.41,103466,405680240.00,4.39,-3.84,-0.70,10.02
2014-06-12,17.65,17.80,17.98,17.29,83389,326419632.00,3.94,1.60,0.28,8.10
2014-06-13,17.77,18.88,19.61,17.72,121745,507607936.00,10.62,6.07,1.08,11.83
2014-06-16,18.93,19.38,19.66,18.89,78403,335330560.00,4.08,2.65,0.50,7.62
2014-06-17,19.39,19.55,19.86,18.94,83310,359342560.00,4.75,0.88,0.17,8.09
2014-06-18,19.43,20.21,20.62,19.43,117543,527022672.00,6.09,3.38,0.66,11.42
2014-06-19,20.25,19.84,21.84,19.66,170502,600042176.00,10.79,-1.83,-0.37,12.74
2014-06-20,19.84,20.67,21.33,19.84,104620,369819456.00,7.51,4.18,0.83,7.82
2014-06-23,20.91,22.76,22.76,20.70,153134,577028352.00,9.97,10.11,2.09,11.44
2014-06-24,22.61,22.65,22.82,21.95,110789,421459936.00,3.82,-0.48,-0.11,8.28
2014-06-25,22.64,21.15,22.64,20.73,124171,451852240.00,8.43,-6.62,-1.50,9.28
2014-06-26,21.06,21.56,22.00,20.87,78487,289305984.00,5.34,1.94,0.41,5.86
2014-06-27,21.30,21.32,21.51,20.70,77804,280266736.00,3.76,-1.11,-0.24,5.81
2014-06-30,21.30,21.89,22.04,21.17,70002,259578486.00,4.08,2.67,0.57,5.23
2014-07-01,21.83,23.77,24.07,21.56,102878,406850096.00,11.47,8.59,1.88,7.69
2014-07-02,23.53,23.38,24.13,23.01,59915,239825068.00,4.71,-1.64,-0.39,4.48
2014-07-03,23.38,24.34,25.01,23.35,72591,303224880.00,7.10,4.11,0.96,5.42
2014-07-04,24.46,23.86,25.06,23.53,60377,246520315.00,6.29,-1.97,-0.48,4.51
2014-07-07,23.66,23.36,24.46,23.04,54591,219027798.00,5.95,-2.10,-0.50,4.08
2014-07-08,23.08,24.25,24.68,23.08,63164,258319645.00,6.85,3.81,0.89,4.72
2014-07-09,24.43,23.46,24.43,23.35,48166,193571681.00,4.45,-3.26,-0.79,3.60
2014-07-10,23.68,23.50,24.18,23.03,46751,186765816.00,4.90,0.17,0.04,3.49
2014-07-11,22.94,21.73,23.23,21.55,77047,292302368.00,7.15,-7.53,-1.77,5.76
2014-07-14,21.73,22.23,22.23,20.56,57294,210081985.00,7.69,2.30,0.50,4.28
2014-07-15,22.34,21.47,22.49,21.28,35934,133042803.00,5.44,-3.42,-0.76,2.69
2014-07-16,21.41,20.48,21.44,19.84,49076,171952815.00,7.45,-4.61,-0.99,3.67
2014-07-17,20.18,20.31,20.84,20.11,30883,107302646.00,3.56,-0.83,-0.17,2.31
2014-07-18,20.26,19.68,20.64,19.54,45369,154741605.00,5.42,-3.10,-0.63,3.39
2014-07-21,19.67,20.06,20.26,19.46,42841,145036262.00,4.07,1.93,0.38,3.20
2014-07-22,20.26,20.56,20.56,20.07,39522,137291875.00,2.44,2.49,0.50,2.95
2014-07-23,20.68,19.68,20.73,19.60,40714,138352808.00,5.50,-4.28,-0.88,3.04
2014-07-24,19.60,19.34,19.87,18.28,41807,136305990.00,8.08,-1.73,-0.34,3.12
2014-07-25,19.13,19.94,20.12,18.90,35555,119511499.00,6.31,3.10,0.60,2.66
2014-07-28,20.13,20.32,20.38,19.78,38615,132256066.00,3.01,1.91,0.38,2.89
2014-07-29,20.44,20.76,21.13,20.14,49283,173686704.00,4.87,2.17,0.44,3.68
2014-07-30,20.56,20.60,21.12,20.41,31922,112177582.00,3.42,-0.77,-0.16,2.39
2014-07-31,20.61,20.31,20.76,19.96,34467,118862027.00,3.88,-1.41,-0.29,2.58
2014-08-01,20.00,19.60,20.09,19.38,38595,130223696.00,3.50,-3.50,-0.71,2.88
2014-08-04,19.54,20.26,20.53,19.45,41829,143877622.00,5.51,3.37,0.66,3.13
2014-08-05,20.20,21.25,21.75,19.75,81110,290104448.00,9.87,4.89,0.99,6.06
2014-08-07,20.59,22.01,22.70,20.57,85711,318738848.00,10.02,3.58,0.76,6.40
2014-08-08,22.32,23.26,23.53,22.17,81111,318432016.00,6.18,5.68,1.25,6.06
2014-08-11,23.29,23.06,23.29,22.68,50002,195311671.00,2.62,-0.86,-0.20,3.74
2014-08-12,23.04,23.43,24.44,22.75,65924,266682936.00,7.33,1.60,0.37,4.93
2014-08-13,23.23,23.53,23.88,22.52,57783,227529783.00,5.80,0.43,0.10,4.32
2014-08-14,23.41,23.76,24.54,23.27,43924,178877931.00,5.40,0.98,0.23,3.28
2014-08-15,23.54,23.56,24.07,23.21,32792,131498579.00,3.62,-0.84,-0.20,2.45
2014-08-18,23.58,25.95,25.95,23.58,100561,434226608.00,10.06,10.14,2.39,7.51
2014-08-19,26.39,25.85,26.39,25.40,59711,261111742.00,3.82,-0.39,-0.10,4.46
2014-08-20,25.85,25.44,25.85,25.08,35235,151827373.00,2.98,-1.59,-0.41,2.63
2014-08-21,25.62,26.31,27.25,25.57,51823,231129791.00,6.60,3.42,0.87,3.87
2014-08-22,26.50,27.06,27.56,25.79,53239,244011420.00,6.73,2.85,0.75,3.98
2014-08-25,26.98,27.50,27.94,26.42,43928,204089150.00,5.62,1.63,0.44,3.28
2014-08-26,27.63,26.04,27.94,25.32,40648,183398325.00,9.53,-5.31,-1.46,3.04
2014-08-27,25.91,26.75,27.40,25.83,35326,160496194.00,6.03,2.73,0.71,2.64
2014-08-28,26.63,25.48,26.63,25.38,36063,158384577.00,4.67,-4.75,-1.27,2.69
2014-08-29,25.20,25.65,26.03,25.08,27876,121096607.00,3.73,0.67,0.17,2.08
2014-09-01,25.67,26.87,27.07,25.32,34613,155559212.00,6.82,4.76,1.22,2.59
2014-09-02,26.87,27.11,27.46,26.42,38739,176714481.00,3.87,0.89,0.24,2.89
2014-09-03,26.73,27.55,27.87,26.73,40496,189375807.00,4.21,1.62,0.44,3.03
2014-09-04,27.77,28.52,29.25,27.22,43748,209722216.00,7.37,3.52,0.97,3.27
2014-09-05,28.45,27.97,28.89,27.75,25591,122395161.00,4.00,-1.93,-0.55,1.91
2014-09-09,28.82,28.64,29.43,28.00,39282,191458294.00,5.11,2.40,0.67,2.94
2014-09-10,28.01,28.76,29.26,27.97,32952,159887660.00,4.50,0.42,0.12,2.46
2014-09-11,28.62,28.23,29.01,28.18,33478,162194327.00,2.89,-1.84,-0.53,2.50
2014-09-12,28.00,27.58,28.22,27.33,38927,182255366.00,3.15,-2.30,-0.65,2.91
2014-09-15,27.46,26.74,27.52,26.34,60072,271716448.00,4.28,-3.05,-0.84,4.49
2014-09-16,26.72,25.91,27.31,25.85,55846,252575454.00,5.46,-3.10,-0.83,4.17
2014-09-17,25.98,26.50,26.63,25.35,42465,186911772.00,4.94,2.28,0.59,3.17
2014-09-18,26.51,27.20,27.63,26.21,48595,224445880.00,5.36,2.64,0.70,3.63
2014-09-19,27.20,26.95,27.57,26.75,24058,110749915.00,3.01,-0.92,-0.25,1.80
2014-09-22,26.81,26.03,26.81,25.73,32988,146503200.00,4.01,-3.41,-0.92,2.46
2014-09-23,26.04,27.40,27.88,26.04,45220,209074365.00,7.07,5.26,1.37,3.38
2014-09-24,27.16,27.54,28.11,27.07,38906,183102658.00,3.80,0.51,0.14,2.91
2014-09-25,27.54,27.20,28.00,27.03,29528,137854942.00,3.52,-1.23,-0.34,2.21
2014-09-26,27.16,27.20,27.54,26.87,21954,101552339.00,2.46,0.00,0.00,1.64
2014-09-29,27.44,28.47,28.79,27.43,48872,234212943.00,5.00,4.67,1.27,3.65
2014-09-30,28.59,30.78,31.34,28.59,71188,370311792.00,9.66,8.11,2.31,5.32
2014-10-08,30.27,31.46,31.93,30.16,56066,296314256.00,5.75,2.21,0.68,4.19
2014-10-09,31.03,31.15,31.79,30.50,28274,148805456.00,4.10,-0.99,-0.31,2.11
2014-10-10,30.96,30.15,30.96,29.66,28539,146611890.00,4.17,-3.21,-1.00,2.13
2014-10-13,30.11,31.04,31.04,29.12,38216,194165573.00,6.37,2.95,0.89,2.86
2014-10-14,30.88,30.51,31.80,30.31,29382,154994561.00,4.80,-1.71,-0.53,2.20
2014-10-15,30.15,30.73,30.97,29.97,20211,104191112.00,3.28,0.72,0.22,1.51
2014-10-16,30.63,32.45,33.65,30.51,44799,244339466.00,10.22,5.60,1.72,3.35
2014-10-17,32.48,32.42,32.76,31.20,28012,151364775.00,4.81,-0.09,-0.03,2.09
2014-10-20,32.46,32.49,32.82,31.97,21490,118275604.00,2.62,0.22,0.07,1.61
2014-10-21,32.39,32.22,32.75,32.00,25732,141507257.00,2.31,-0.83,-0.27,1.92
2014-10-22,32.34,30.48,32.34,30.28,29146,154000154.00,6.39,-5.40,-1.74,2.18
2014-10-23,30.16,29.54,30.48,29.37,23621,119614309.00,3.64,-3.08,-0.94,1.77
2014-10-24,29.78,29.73,30.56,29.54,20747,105650087.00,3.45,0.64,0.19,1.55
2014-10-27,29.72,31.21,31.72,29.19,27928,145831002.00,8.51,4.98,1.48,2.09
2014-10-28,31.60,31.79,32.04,31.24,24598,132201451.00,2.56,1.86,0.58,1.84
2014-10-29,31.88,33.29,34.13,31.56,34991,196863969.00,8.08,4.72,1.50,2.61
2014-10-30,33.26,33.00,33.88,32.28,24425,136605256.00,4.81,-0.87,-0.29,1.83
2014-10-31,32.79,33.26,34.48,32.79,29441,166885250.00,5.12,0.79,0.26,2.20
2014-11-03,33.36,33.73,34.23,33.26,26386,151129976.00,2.92,1.41,0.47,1.97
2014-11-04,33.59,32.40,34.01,32.38,23689,132078030.00,4.83,-3.94,-1.33,1.77
2014-11-05,32.47,32.55,33.32,32.47,19333,107634272.00,2.62,0.46,0.15,1.44
2014-11-06,32.46,34.89,35.02,32.28,41727,240276403.00,8.42,7.19,2.34,3.12
2014-11-07,34.78,36.09,37.76,34.62,47436,292404480.00,9.00,3.44,1.20,3.54
2014-11-10,36.28,36.26,37.47,35.50,26009,160636843.00,5.46,0.47,0.17,1.94
2014-11-11,36.03,34.82,36.57,34.25,28265,166964292.00,6.40,-3.97,-1.44,2.11
2014-11-12,34.82,38.34,38.34,34.54,49474,312892752.00,10.91,10.11,3.52,3.70
2014-11-13,38.12,39.54,40.68,36.81,44752,295129792.00,10.09,3.13,1.20,3.34
2014-11-14,39.31,38.26,41.72,37.63,45709,307480752.00,10.34,-3.24,-1.28,3.42
2014-11-17,38.77,41.39,41.48,37.94,34621,234528423.00,9.25,8.18,3.13,2.59
2014-11-18,41.39,41.25,42.94,40.19,39465,276757200.00,6.64,-0.34,-0.14,2.95
2014-11-19,40.83,43.65,45.40,40.83,73106,550236016.00,11.08,5.82,2.40,5.46
2014-11-20,43.41,44.07,44.09,41.39,54537,390567344.00,6.19,0.96,0.42,4.08
2014-11-21,43.89,42.87,45.45,42.75,34075,252210308.00,6.13,-2.72,-1.20,2.55
2014-11-24,42.98,43.27,43.95,41.69,34726,251235556.00,5.27,0.93,0.40,2.59
2014-11-25,43.09,43.47,45.20,42.90,38308,284457248.00,5.32,0.46,0.20,2.86
2014-11-26,43.95,43.88,45.14,43.26,33677,252942158.00,4.32,0.94,0.41,2.52
2014-11-27,44.66,41.90,44.75,41.09,53308,381156112.00,8.34,-4.51,-1.98,3.98
2014-11-28,41.62,41.87,43.56,40.20,48215,341856304.00,8.02,-0.07,-0.03,3.60
2014-12-01,41.39,43.09,43.65,40.62,42667,308319488.00,7.24,2.91,1.22,3.19
2014-12-02,42.58,42.49,43.38,41.69,30617,219050373.00,3.92,-1.39,-0.60,2.29
2014-12-03,41.98,43.59,43.66,41.25,39017,281976256.00,5.67,2.59,1.10,2.92
2014-12-04,43.60,47.98,47.98,43.29,55662,437325072.00,10.76,10.07,4.39,4.16
2014-12-05,50.60,48.11,50.60,45.82,43800,358001088.00,9.96,0.27,0.13,3.27
2014-12-08,47.81,46.45,49.53,45.91,37332,296951440.00,7.52,-3.45,-1.66,2.79
2014-12-09,45.38,41.78,45.43,41.78,72048,520516032.00,7.86,-10.05,-4.67,5.38
2014-12-10,40.75,42.22,43.77,40.20,38831,278525856.00,8.54,1.05,0.44,2.90
2014-12-11,41.39,41.93,42.27,40.13,31639,222201196.00,5.07,-0.69,-0.29,2.36
2014-12-12,41.93,44.66,45.56,41.81,43375,321691984.00,8.94,6.51,2.73,3.24
2014-12-15,44.37,48.72,49.13,43.85,53170,425591840.00,11.82,9.09,4.06,3.97
2014-12-16,48.24,48.65,49.90,46.23,27752,225011609.00,7.53,-0.14,-0.07,2.07
2014-12-17,48.25,47.69,49.05,46.63,19145,154394847.00,4.97,-1.97,-0.96,1.43
2014-12-18,47.93,46.06,48.35,45.56,30906,241900560.00,5.85,-3.42,-1.63,2.31
2014-12-19,45.34,43.77,45.84,41.43,42825,311088000.00,9.57,-4.97,-2.29,3.20
2014-12-22,43.15,39.37,43.15,39.37,42225,289005792.00,8.64,-10.05,-4.40,3.16
2014-12-23,38.83,37.25,39.86,35.68,45939,291883216.00,10.62,-5.38,-2.12,3.43
2014-12-25,38.94,37.94,39.60,37.22,53357,343579664.00,6.39,1.85,0.69,3.99
2014-12-26,37.82,39.01,40.79,37.52,40587,269471920.00,8.62,2.82,1.07,3.03
2014-12-29,38.06,35.51,38.29,35.32,53077,325092128.00,7.61,-8.97,-3.50,3.97
2014-12-30,35.73,35.66,35.88,32.47,51505,297691568.00,9.60,0.42,0.15,3.84
2014-12-31,34.84,35.66,36.66,34.72,34296,206771783.00,5.44,0.00,0.00,2.55