2017-01-03,23.79,23.93,24.02,23.75,12227,49569357.00,1.13,0.59,0.14,0.83
2017-01-04,23.96,25.33,26.35,23.79,47383,203134274.00,10.70,5.85,1.40,3.21
2017-01-05,25.03,25.14,25.57,24.96,26564,113701358.00,2.41,-0.75,-0.19,1.80
2017-01-06,24.97,24.50,25.15,24.50,19596,82177460.00,2.59,-2.55,-0.64,1.33
2017-01-09,24.38,24.75,24.87,24.29,13502,56646108.00,2.37,1.02,0.25,0.91
2017-01-10,24.79,24.43,24.96,24.41,14603,61094479.00,2.22,-1.29,-0.32,0.99
2017-01-11,24.53,24.30,24.78,24.07,18399,76334787.00,2.91,-0.53,-0.13,1.25
2017-01-12,24.36,24.07,24.72,24.02,21334,88292576.00,2.88,-0.95,-0.23,1.44
2017-01-13,23.96,23.66,24.31,23.42,19921,80585141.00,3.70,-1.70,-0.41,1.35
2017-01-16,23.30,22.36,23.68,21.75,31398,121946098.00,8.16,-5.49,-1.30,2.13
2017-01-17,22.23,22.71,23.06,21.76,31838,121468011.00,5.81,1.57,0.35,2.16
2017-01-18,22.42,22.44,22.86,22.35,15232,58391654.00,2.25,-1.19,-0.27,1.03
2017-01-19,22.43,22.82,24.71,22.05,26034,101255843.00,11.85,1.69,0.38,1.76
2017-01-20,22.74,23.48,23.84,22.65,25912,103127106.00,5.21,2.89,0.66,1.75
2017-01-23,23.31,23.35,23.60,23.10,16959,67192703.00,2.13,-0.55,-0.13,1.15
2017-01-24,23.22,22.78,23.41,22.74,14839,57836361.00,2.87,-2.44,-0.57,1.00
2017-01-25,22.55,22.83,23.06,22.55,12524,48717565.00,2.24,0.22,0.05,0.85
2017-01-26,22.93,23.04,23.36,22.83,14275,56081793.00,2.32,0.92,0.21,0.97
2017-02-03,23.05,22.98,23.21,22.74,9665,37669932.00,2.04,-0.26,-0.06,0.65
2017-02-06,22.95,23.25,23.38,22.79,14357,56461595.00,2.57,1.17,0.27,0.97
2017-02-07,23.22,22.92,23.22,22.77,18196,70966253.00,1.94,-1.42,-0.33,1.23
2017-02-08,22.89,23.23,23.23,22.64,18817,73772371.00,2.57,1.35,0.31,1.27
2017-02-09,23.15,23.60,23.66,23.10,27101,108022193.00,2.41,1.59,0.37,1.83
2017-02-10,23.54,23.37,23.71,23.28,16869,67227435.00,1.82,-0.97,-0.23,1.14
2017-02-13,23.37,24.02,25.21,23.23,42403,174992572.00,8.47,2.78,0.65,2.87
2017-02-14,23.85,23.86,24.07,23.67,22281,90167071.00,1.67,-0.67,-0.16,1.51
2017-02-15,23.69,23.60,24.43,23.55,29338,119792336.00,3.69,-1.09,-0.26,1.99
2017-02-16,23.48,23.65,23.84,23.44,16589,66658117.00,1.69,0.21,0.05,1.12
2017-02-17,23.65,23.00,23.84,22.88,27415,108585439.00,4.06,-2.75,-0.65,1.86
2017-02-20,23.00,23.19,23.23,22.70,18093,70556438.00,2.30,0.83,0.19,1.22
2017-02-21,23.19,23.84,24.26,23.07,32939,133117526.00,5.13,2.80,0.65,2.23
2017-02-22,23.72,24.11,24.20,23.57,26138,106166940.00,2.64,1.13,0.27,1.77
2017-02-23,24.12,24.21,24.35,23.89,33381,136751844.00,1.91,0.41,0.10,2.26
2017-02-24,24.20,24.92,26.25,24.20,65918,282211840.00,8.47,2.93,0.71,4.46
2017-02-27,24.93,25.19,25.93,24.77,40095,172311304.00,4.65,1.08,0.27,2.71
2017-02-28,25.19,25.10,25.62,24.83,27368,116934164.00,3.14,-0.36,-0.09,1.85
2017-03-01,24.87,24.87,25.44,24.85,25899,110463151.00,2.35,-0.92,-0.23,1.75
2017-03-02,24.87,24.47,25.12,24.35,23158,97168900.00,3.10,-1.61,-0.40,1.57
2017-03-03,24.44,25.05,25.12,24.24,27072,114128750.00,3.60,2.37,0.58,1.83
2017-03-06,25.09,25.32,25.51,24.76,28725,123299538.00,2.99,1.08,0.27,1.94
2017-03-07,25.50,25.15,25.50,24.86,25969,110640598.00,2.53,-0.67,-0.17,1.76
2017-03-08,25.16,24.66,25.18,24.55,22649,95190944.00,2.50,-1.95,-0.49,1.53
2017-03-09,24.65,24.78,24.98,24.34,21832,91563857.00,2.60,0.49,0.12,1.48
2017-03-10,24.68,24.38,24.84,24.36,17945,74686913.00,1.94,-1.61,-0.40,1.21
2017-03-13,24.29,24.37,24.49,23.87,22337,91828240.00,2.54,-0.04,-0.01,1.51
2017-03-14,24.39,24.38,24.59,24.07,19744,81501113.00,2.13,0.04,0.01,1.34
2017-03-15,24.38,24.54,24.65,24.17,22995,95512288.00,1.97,0.66,0.16,1.56
2017-03-16,24.54,24.66,24.72,24.45,21643,90311635.00,1.10,0.49,0.12,1.47
2017-03-17,24.69,24.50,25.26,24.50,35336,149305510.00,3.08,-0.65,-0.16,2.39
2017-03-20,24.32,24.64,24.64,24.13,21729,89520114.00,2.08,0.57,0.14,1.47
2017-03-21,24.60,24.36,24.60,24.26,13935,57704645.00,1.38,-1.14,-0.28,0.94
2017-03-22,23.95,23.77,24.19,23.68,22252,90242664.00,2.09,-2.42,-0.59,1.51
2017-03-23,23.72,23.33,24.06,22.95,20817,83341146.00,4.67,-1.85,-0.44,1.41
2017-03-24,23.36,23.58,23.60,23.19,14828,58921098.00,1.76,1.07,0.25,1.00
2017-03-27,23.66,23.19,23.66,23.17,18276,72269715.00,2.08,-1.65,-0.39,1.24
2017-03-28,23.23,23.19,23.29,23.08,11029,43470893.00,0.91,0.00,0.00,0.75
2017-03-29,23.31,22.88,23.31,22.79,19269,75303671.00,2.24,-1.34,-0.31,1.30
2017-03-30,22.88,22.29,22.94,22.23,21085,80834100.00,3.10,-2.58,-0.59,1.43
2017-03-31,22.38,22.63,22.73,22.25,15666,59876035.00,2.15,1.53,0.34,1.06
2017-04-05,22.95,22.95,23.07,22.73,18149,70713426.00,1.50,1.41,0.32,1.23
2017-04-06,22.88,22.66,23.07,22.66,17377,67473378.00,1.79,-1.26,-0.29,1.18
2017-04-07,22.68,22.47,22.81,22.41,13528,51875907.00,1.77,-0.84,-0.19,0.92
2017-04-10,22.47,21.34,22.71,21.34,30933,114727477.00,6.10,-5.03,-1.13,2.09
2017-04-11,21.41,21.51,21.61,21.17,21994,80085571.00,2.06,0.80,0.17,1.49
2017-04-12,21.46,21.37,21.60,21.22,20407,74283277.00,1.77,-0.65,-0.14,1.38
2017-04-13,21.58,21.43,21.92,21.30,20280,74551725.00,2.90,0.28,0.06,1.37
2017-04-14,21.35,21.44,21.76,21.28,21477,78555646.00,2.24,0.05,0.01,1.45
2017-04-17,21.35,21.02,21.52,20.75,15711,56605321.00,3.59,-1.96,-0.42,1.06
2017-04-18,21.02,20.41,21.34,20.33,17771,63017081.00,4.80,-2.90,-0.61,1.20
2017-04-19,20.30,20.21,20.56,19.79,19343,65992557.00,3.77,-0.98,-0.20,1.31
2017-04-20,20.21,20.57,20.73,19.87,23143,80209022.00,4.26,1.78,0.36,1.57
2017-04-21,20.50,20.06,20.56,19.95,16006,55103211.00,2.97,-2.48,-0.51,1.08
2017-04-24,20.06,19.40,20.06,19.38,12597,42190292.00,3.39,-3.29,-0.66,0.85
2017-04-25,19.55,19.67,20.09,19.48,13987,47263944.00,3.14,1.39,0.27,0.95
2017-04-26,19.67,19.73,19.91,19.62,12340,41528084.00,1.47,0.31,0.06,0.84
2017-04-27,19.91,20.63,20.84,19.56,38089,131933810.00,6.49,4.56,0.90,2.58
2017-04-28,20.45,20.51,20.69,20.27,17031,59324329.00,2.04,-0.58,-0.12,1.15
2017-05-02,20.69,20.43,20.82,20.29,15679,54700066.00,2.58,-0.39,-0.08,1.06
2017-05-03,20.57,20.47,20.57,20.35,14866,51775647.00,1.08,0.20,0.04,1.01
2017-05-04,20.47,20.21,20.64,20.19,18872,65593490.00,2.20,-1.27,-0.26,1.28
2017-05-05,19.81,19.80,20.45,19.80,15945,54426206.00,3.22,-2.03,-0.41,1.08
2017-05-08,19.91,20.76,21.69,19.65,54165,190453734.00,10.30,4.85,0.96,3.67
2017-05-09,20.50,21.63,21.66,20.45,61552,222809838.00,5.83,4.19,0.87,4.17
2017-05-10,21.59,20.97,21.59,20.93,32350,117017081.00,3.05,-3.05,-0.66,2.19
2017-05-11,20.82,21.46,21.72,20.81,41751,151772071.00,4.34,2.34,0.49,2.83
2017-05-12,21.32,21.30,21.55,20.93,25080,90413321.00,2.89,-0.75,-0.16,1.70
2017-05-15,21.23,20.79,21.52,20.78,20917,74839696.00,3.47,-2.39,-0.51,1.42
2017-05-16,20.81,20.87,20.93,19.70,38761,134215372.00,5.92,0.38,0.08,2.62
2017-05-17,20.64,21.34,22.04,20.64,48513,176912783.00,6.71,2.25,0.47,3.28
2017-05-18,21.16,20.81,21.44,20.80,27632,98764227.00,3.00,-2.48,-0.53,1.87
2017-05-19,20.89,20.51,20.93,20.47,16196,56853852.00,2.21,-1.44,-0.30,1.10
2017-05-22,20.51,20.51,21.40,20.30,32014,113626633.00,5.36,0.00,0.00,2.17
2017-05-23,20.32,19.75,20.56,19.69,22596,77208593.00,4.24,-3.71,-0.76,1.53
2017-05-24,19.76,20.24,20.45,19.73,18947,64935865.00,3.65,2.48,0.49,1.28
2017-05-25,20.25,20.45,20.58,19.82,24698,84970324.00,3.75,1.04,0.21,1.67
2017-05-26,20.27,20.51,20.88,20.22,19974,70023168.00,3.23,0.29,0.06,1.35
2017-05-31,20.84,20.67,21.30,20.63,28549,101705256.00,3.27,0.78,0.16,1.93
2017-06-01,20.69,21.40,21.82,20.69,81100,295306160.00,5.47,3.53,0.73,5.51
2017-06-02,21.19,22.86,23.31,20.96,90040,339553456.00,10.98,6.82,1.46,6.12
2017-06-05,22.92,23.60,23.90,22.83,103670,412151952.00,4.68,3.24,0.74,7.04
2017-06-06,23.32,23.60,24.02,23.26,62965,252977533.00,3.22,0.00,0.00,4.28
2017-06-07,23.60,23.75,24.23,23.34,62776,253620197.00,3.77,0.64,0.15,4.27
2017-06-08,23.57,24.42,24.66,23.57,68295,280392208.00,4.59,2.82,0.67,4.64
2017-06-09,24.38,23.73,24.48,23.58,51384,208745205.00,3.69,-2.83,-0.69,3.49
2017-06-12,23.74,23.50,24.83,23.49,60707,249236353.00,5.65,-0.97,-0.23,4.13
2017-06-13,23.50,23.63,24.13,23.38,39074,157706937.00,3.19,0.55,0.13,2.66
2017-06-14,23.48,24.01,24.28,23.48,38800,157415438.00,3.39,1.61,0.38,2.64
2017-06-15,23.99,25.33,25.39,23.76,83371,349719728.00,6.79,5.50,1.32,5.67
2017-06-16,25.34,25.07,25.57,24.88,37481,160153682.00,2.72,-1.03,-0.26,2.55
2017-06-19,25.01,25.07,25.21,24.62,28472,120079698.00,2.35,0.00,0.00,1.93
2017-06-20,25.09,24.86,25.45,24.68,30357,129302227.00,3.07,-0.84,-0.21,2.06
2017-06-21,24.67,24.00,24.68,23.54,42815,175291352.00,4.59,-3.46,-0.86,2.91
2017-06-22,23.87,23.55,24.25,23.37,37998,153596371.00,3.67,-1.88,-0.45,2.58
2017-06-23,23.07,23.43,23.66,22.79,46172,181844237.00,3.69,-0.51,-0.12,3.14
2017-06-26,23.39,23.54,23.75,23.07,35128,139875049.00,2.90,0.47,0.11,2.39
2017-06-27,23.45,23.62,24.18,23.40,32950,133025364.00,3.31,0.34,0.08,2.24
2017-06-28,23.49,23.32,23.67,23.01,21362,84157832.00,2.79,-1.27,-0.30,1.45
2017-06-29,23.28,23.73,23.96,23.07,40562,162442994.00,3.82,1.76,0.41,2.76
2017-06-30,23.54,21.88,23.63,21.87,91763,351697872.00,7.42,-7.80,-1.85,6.24
2017-07-03,21.85,21.78,21.85,21.38,41029,151210152.00,2.15,-0.46,-0.10,2.79
2017-07-04,21.70,21.55,22.07,21.38,36074,133310814.00,3.17,-1.06,-0.23,2.45
2017-07-05,21.60,21.72,21.75,21.47,21480,79002407.00,1.30,0.79,0.17,1.46
2017-07-06,21.76,21.58,21.98,21.18,33811,124526452.00,3.68,-0.64,-0.14,2.30
2017-07-07,21.58,21.39,21.69,21.29,23801,86949860.00,1.85,-0.88,-0.19,1.62
2017-07-10,21.38,21.55,21.81,21.18,21455,78496137.00,2.95,0.75,0.16,1.46
2017-07-11,21.69,22.12,22.65,21.69,46180,174704627.00,4.45,2.65,0.57,3.14
2017-07-12,21.85,21.88,22.10,21.48,25979,96117985.00,2.80,-1.08,-0.24,1.77
2017-07-13,21.78,21.41,21.93,21.31,23066,84329616.00,2.83,-2.15,-0.47,1.57
2017-07-14,21.51,21.34,21.60,21.25,16281,59349008.00,1.63,-0.33,-0.07,1.10
2017-07-17,20.87,19.54,21.11,19.44,44889,153261902.00,7.83,-8.43,-1.80,3.03
2017-07-18,19.46,20.13,20.45,19.46,27891,94627450.00,5.07,3.02,0.59,1.88
2017-07-19,20.09,20.32,20.68,19.79,24690,85489467.00,4.42,0.94,0.19,1.67
2017-07-20,20.51,20.18,20.69,20.18,18891,65652359.00,2.51,-0.69,-0.14,1.28
2017-07-21,20.00,20.32,20.54,20.00,12024,41603827.00,2.68,0.69,0.14,0.81
2017-07-24,20.32,20.83,20.88,20.07,21762,76560874.00,3.99,2.51,0.51,1.47
2017-07-25,20.87,20.70,21.04,20.62,15604,55231359.00,2.02,-0.62,-0.13,1.05
2017-07-26,20.57,20.76,20.93,20.57,12395,43681897.00,1.74,0.29,0.06,0.84
2017-07-27,20.65,22.53,22.75,20.57,67309,252019419.00,10.50,8.53,1.77,4.55
2017-07-28,22.17,21.85,22.45,21.83,37651,141316290.00,2.75,-3.02,-0.68,2.54
2017-07-31,21.79,22.19,22.58,21.64,28692,108327848.00,4.30,1.56,0.34,1.94
2017-08-01,22.09,22.20,22.35,21.81,26003,97386597.00,2.43,0.05,0.01,1.76
2017-08-02,22.09,21.81,22.32,21.79,23919,89363010.00,2.39,-1.76,-0.39,1.62
2017-08-03,21.79,22.60,23.10,21.65,60401,231790409.00,6.65,3.62,0.79,4.08
2017-08-04,22.62,22.23,22.62,22.22,29747,113098644.00,1.77,-1.64,-0.37,2.01
2017-08-07,22.20,22.50,23.30,22.19,37447,144832989.00,4.99,1.21,0.27,2.53
2017-08-08,22.41,22.98,23.16,22.03,54003,208062676.00,5.02,2.13,0.48,3.65
2017-08-09,22.87,23.28,23.54,22.76,56317,221592065.00,3.39,1.31,0.30,3.80
2017-08-10,23.10,22.25,23.23,22.06,54921,211146028.00,5.03,-4.42,-1.03,3.71
2017-08-11,22.09,21.91,22.39,21.82,30049,112741992.00,2.56,-1.53,-0.34,2.03
2017-08-14,21.97,22.64,22.66,21.94,37445,143117941.00,3.29,3.33,0.73,2.53
2017-08-15,22.58,22.34,22.68,22.20,28965,110065343.00,2.12,-1.33,-0.30,1.96
2017-08-16,22.35,22.83,23.04,22.23,45079,174694823.00,3.63,2.19,0.49,3.04
2017-08-17,22.71,23.12,23.69,22.53,60053,235646212.00,5.08,1.27,0.29,4.06
2017-08-18,22.90,22.56,22.94,22.46,38966,150174621.00,2.08,-2.42,-0.56,2.63
2017-08-21,22.59,22.65,23.05,22.56,28339,109600424.00,2.17,0.40,0.09,1.91
2017-08-22,22.48,23.00,23.26,22.48,41780,162746702.00,3.44,1.55,0.35,2.82
2017-08-23,22.87,22.71,23.04,22.63,30446,118112053.00,1.78,-1.26,-0.29,2.06
2017-08-24,22.71,21.81,22.92,21.81,42107,158875633.00,4.89,-3.96,-0.90,2.84
2017-08-25,21.77,22.19,22.29,21.75,30236,113478211.00,2.48,1.74,0.38,2.04
2017-08-28,22.34,22.68,22.91,22.23,40108,154458348.00,3.06,2.21,0.49,2.71
2017-08-29,22.93,22.40,23.05,22.29,33362,127942568.00,3.35,-1.23,-0.28,2.25
2017-08-30,22.47,22.71,23.06,22.47,40342,156112376.00,2.63,1.38,0.31,2.72
2017-08-31,22.71,22.76,22.98,22.52,33115,128036191.00,2.03,0.22,0.05,2.24
2017-09-01,22.85,23.59,23.69,22.59,77443,305618480.00,4.83,3.65,0.83,5.23
2017-09-04,23.69,23.90,23.99,23.32,71090,285745200.00,2.84,1.31,0.31,4.80
2017-09-05,23.90,23.93,24.10,23.67,56385,228548215.00,1.80,0.13,0.03,3.81
2017-09-06,23.78,23.69,23.83,23.25,52375,209804477.00,2.42,-1.00,-0.24,3.54
2017-09-07,23.69,23.32,24.48,23.32,74320,301753664.00,4.90,-1.56,-0.37,5.02
2017-09-08,23.25,23.98,24.48,23.13,84239,342591344.00,5.79,2.83,0.66,5.69
2017-09-11,24.02,24.82,25.04,23.84,91585,384261696.00,5.00,3.50,0.84,6.19
2017-09-12,24.64,24.38,24.97,24.19,47031,195513708.00,3.14,-1.77,-0.44,3.18
2017-09-13,24.20,24.31,24.55,23.96,23312,95908089.00,2.42,-0.29,-0.07,1.57
2017-09-14,24.41,24.08,24.41,23.84,28842,117856625.00,2.34,-0.95,-0.23,1.95
2017-09-15,24.09,23.74,24.28,23.65,27428,111397624.00,2.62,-1.41,-0.34,1.85
2017-09-18,23.75,23.84,23.96,23.68,19170,77410440.00,1.18,0.42,0.10,1.29
2017-09-19,23.99,23.44,23.99,23.37,19875,79684116.00,2.60,-1.68,-0.40,1.34
2017-09-20,23.37,23.53,23.60,23.25,16339,65156301.00,1.49,0.38,0.09,1.10
2017-09-21,23.60,22.79,23.73,22.77,31353,123691345.00,4.08,-3.14,-0.74,2.12
2017-09-22,22.66,22.70,23.13,22.54,24198,93862009.00,2.59,-0.39,-0.09,1.63
2017-09-25,22.70,22.35,23.03,22.35,22138,85167334.00,3.00,-1.54,-0.35,1.50
2017-09-26,22.35,22.76,22.92,22.35,24268,93438015.00,2.55,1.83,0.41,1.64
2017-09-27,22.71,22.78,22.90,22.55,17668,68184362.00,1.54,0.09,0.02,1.19
2017-09-28,22.78,22.59,22.82,22.56,10166,39149708.00,1.14,-0.83,-0.19,0.69
2017-09-29,22.60,22.82,22.85,22.59,12727,49152473.00,1.15,1.02,0.23,0.86
2017-10-09,23.19,22.89,23.31,22.80,18330,71750637.00,2.23,0.31,0.07,1.24
2017-10-10,22.95,23.60,23.75,22.95,32907,130521941.00,3.49,3.10,0.71,2.22
2017-10-11,23.47,23.54,23.75,23.37,30888,123516903.00,1.61,-0.25,-0.06,2.09
2017-10-12,23.53,23.35,23.66,22.95,19329,76704480.00,3.02,-0.81,-0.19,1.31
2017-10-13,23.31,23.28,23.40,23.03,16267,64221427.00,1.58,-0.30,-0.07,1.10
2017-10-16,23.54,22.99,23.74,22.81,23445,92766226.00,3.99,-1.25,-0.29,1.58
2017-10-17,22.99,22.92,23.09,22.73,10300,40067813.00,1.57,-0.30,-0.07,0.70
2017-10-18,22.92,22.69,23.06,22.66,14090,54618408.00,1.75,-1.00,-0.23,0.95
2017-10-19,22.69,22.69,22.96,22.59,11659,45098869.00,1.63,0.00,0.00,0.79
2017-10-20,22.88,23.54,24.40,22.86,72904,294369584.00,6.79,3.75,0.85,4.92
2017-10-23,23.66,23.16,23.79,22.88,44447,175224150.00,3.87,-1.61,-0.38,3.00
2017-10-24,23.19,22.43,23.19,22.25,39705,152426961.00,4.06,-3.15,-0.73,2.68
2017-10-25,22.51,22.56,22.57,22.25,15684,59920989.00,1.43,0.58,0.13,1.06
2017-10-26,22.43,22.50,22.59,22.31,15187,57934233.00,1.24,-0.27,-0.06,1.03
2017-10-27,22.44,22.63,23.04,22.38,21617,83446404.00,2.93,0.58,0.13,1.46
2017-10-30,22.69,21.65,22.81,20.73,26997,100386870.00,9.19,-4.33,-0.98,1.82
2017-10-31,21.58,21.94,22.04,21.58,9905,36867204.00,2.12,1.34,0.29,0.67
2017-11-01,22.06,21.91,22.06,21.78,10922,40687269.00,1.28,-0.14,-0.03,0.74
2017-11-02,21.91,21.69,21.91,21.49,14163,52183988.00,1.92,-1.00,-0.22,0.96
2017-11-03,21.51,21.27,21.76,21.11,18418,66784306.00,3.00,-1.94,-0.42,1.24
2017-11-06,21.32,21.37,21.46,21.15,8422,30473382.00,1.46,0.47,0.10,0.57
2017-11-07,21.23,21.34,21.50,21.16,11689,42352725.00,1.59,-0.14,-0.03,0.79
2017-11-08,21.34,21.98,22.09,21.32,17910,66090732.00,3.61,3.00,0.64,1.21
2017-11-09,21.87,21.99,22.35,21.79,18509,69621465.00,2.55,0.05,0.01,1.25
2017-11-10,21.98,21.76,22.00,21.48,21477,79250137.00,2.36,-1.05,-0.23,1.45
2017-11-13,21.87,21.87,21.97,21.69,10663,39559372.00,1.29,0.51,0.11,0.72
2017-11-14,21.79,21.80,22.09,21.65,10945,40764150.00,2.01,-0.32,-0.07,0.74
2017-11-15,21.91,21.34,21.94,21.34,10937,40130072.00,2.75,-2.11,-0.46,0.74
2017-11-16,21.34,21.28,21.56,21.22,9473,34397577.00,1.59,-0.28,-0.06,0.64
2017-11-17,21.19,20.57,21.38,20.39,19170,67715848.00,4.65,-3.34,-0.71,1.29
2017-11-20,20.87,20.83,20.91,20.16,7924,27751379.00,3.65,1.26,0.26,0.54
2017-11-21,21.15,20.59,21.15,20.51,15030,52887678.00,3.07,-1.15,-0.24,1.02
2017-11-22,20.59,20.40,20.79,20.28,13015,45336074.00,2.48,-0.92,-0.19,0.88
2017-11-23,20.32,20.30,20.85,20.21,14030,48867519.00,3.14,-0.49,-0.10,0.95
2017-11-24,20.17,19.97,20.33,19.97,11909,40822077.00,1.77,-1.63,-0.33,0.80
2017-11-27,19.87,20.10,20.57,19.87,10792,37213950.00,3.51,0.65,0.13,0.73
2017-11-28,20.44,21.16,21.58,20.27,32539,116749238.00,6.52,5.27,1.06,2.20
2017-11-29,21.43,21.06,21.43,20.87,15416,55463986.00,2.65,-0.47,-0.10,1.04
2017-11-30,21.10,21.29,21.39,20.93,15048,54343468.00,2.18,1.09,0.23,1.00
2017-12-01,21.20,21.88,22.12,21.20,22227,82439500.00,4.32,2.77,0.59,1.47
2017-12-04,21.69,21.71,22.25,21.67,12872,48001855.00,2.65,-0.78,-0.17,0.85
2017-12-05,21.94,21.16,21.99,21.07,22425,82311552.00,4.24,-2.53,-0.55,1.49
2017-12-06,21.37,21.62,21.73,21.09,18733,68159791.00,3.02,2.17,0.46,1.24
2017-12-07,21.76,21.47,21.76,21.20,15381,56277740.00,2.59,-0.69,-0.15,1.02
2017-12-08,21.41,21.68,21.88,21.40,8864,32724900.00,2.24,0.98,0.21,0.59
2017-12-11,22.03,22.52,22.52,21.81,23780,90227899.00,3.27,3.87,0.84,1.58
2017-12-12,22.24,22.03,22.38,21.97,15878,59860150.00,1.82,-2.18,-0.49,1.05
2017-12-13,22.02,22.12,22.46,21.88,10753,40404015.00,2.63,0.41,0.09,0.71
2017-12-14,22.12,22.27,22.40,21.96,11256,42535704.00,1.99,0.68,0.15,0.75
2017-12-15,22.58,21.88,22.58,21.76,11720,43954756.00,3.68,-1.75,-0.39,0.78
2017-12-18,21.87,21.45,21.92,21.44,14060,51779681.00,2.19,-1.97,-0.43,0.93
2017-12-19,21.51,22.18,22.32,21.51,21884,82067189.00,3.78,3.40,0.73,1.45
2017-12-20,22.07,21.67,22.26,21.46,22137,81791721.00,3.61,-2.30,-0.51,1.47
2017-12-21,21.76,21.79,21.85,21.48,9105,33616580.00,1.71,0.55,0.12,0.60
2017-12-22,21.70,21.70,21.93,21.54,8081,29922868.00,1.79,-0.41,-0.09,0.54
2017-12-25,21.50,21.05,21.67,20.90,14037,50855737.00,3.55,-3.00,-0.65,0.93
2017-12-26,21.05,21.39,21.58,21.05,11117,40349762.00,2.52,1.62,0.34,0.74
2017-12-27,21.57,21.54,21.76,21.34,10271,37769718.00,1.96,0.70,0.15,0.68
2017-12-28,21.54,22.04,22.29,21.50,22060,82851777.00,3.67,2.32,0.50,1.46
2017-12-29,22.04,22.06,22.26,21.97,13340,50142754.00,1.32,0.09,0.02,0.88