2020-01-02,7.96,8.03,8.04,7.94,34148,27825335.00,1.26,1.13,0.09,0.85
2020-01-03,8.03,7.96,8.03,7.96,28967,23578899.00,0.87,-0.87,-0.07,0.72
2020-01-06,7.85,7.93,8.02,7.80,44657,36044512.00,2.76,-0.38,-0.03,1.11
2020-01-07,7.99,8.11,8.12,7.94,46579,38211749.00,2.27,2.27,0.18,1.16
2020-01-08,8.14,7.98,8.23,7.96,46250,38099865.00,3.33,-1.60,-0.13,1.15
2020-01-09,8.05,8.20,8.24,7.99,39781,32917368.00,3.13,2.76,0.22,0.99
2020-01-10,8.15,8.16,8.21,8.09,36301,30113444.00,1.46,-0.49,-0.04,0.90
2020-01-13,8.13,8.16,8.17,8.04,33234,27416004.00,1.59,0.00,0.00,0.83
2020-01-14,8.14,8.11,8.19,8.10,30511,25245858.00,1.10,-0.61,-0.05,0.76
2020-01-15,8.12,8.30,8.33,8.08,68581,57465233.00,3.08,2.34,0.19,1.71
2020-01-16,8.34,8.52,8.53,8.25,71365,60994877.00,3.37,2.65,0.22,1.78
2020-01-17,8.43,8.35,8.60,8.33,50909,43759011.00,3.17,-2.00,-0.17,1.27
2020-01-20,8.43,8.61,8.61,8.28,57360,49347297.00,3.95,3.11,0.26,1.43
2020-01-21,8.58,8.66,8.71,8.50,54570,47946246.00,2.44,0.58,0.05,1.36
2020-01-22,8.63,8.57,8.77,8.47,52215,45765776.00,3.46,-1.04,-0.09,1.30
2020-01-23,8.45,8.15,8.50,8.06,72847,61293278.00,5.13,-4.90,-0.42,1.81
2020-02-03,7.32,7.32,7.56,7.32,28718,21483635.00,2.94,-10.18,-0.83,0.72
2020-02-04,6.62,7.02,7.27,6.62,68106,48528490.00,8.88,-4.10,-0.30,1.70
2020-02-05,7.09,7.15,7.29,7.03,42032,30802238.00,3.70,1.85,0.13,1.05
2020-02-06,7.15,7.22,7.28,7.06,38957,28579136.00,3.08,0.98,0.07,0.97
2020-02-07,7.23,7.16,7.23,7.02,48418,35176654.00,2.91,-0.83,-0.06,1.21
2020-02-10,7.07,7.27,7.27,7.03,45294,33339114.00,3.35,1.54,0.11,1.13
2020-02-11,7.27,7.31,7.39,7.22,51978,38732143.00,2.34,0.55,0.04,1.29
2020-02-12,7.28,7.35,7.36,7.25,35327,26372174.00,1.50,0.55,0.04,0.88
2020-02-13,7.35,7.17,7.35,7.15,38247,28243748.00,2.72,-2.45,-0.18,0.95
2020-02-14,7.18,7.18,7.27,7.11,46402,33985724.00,2.23,0.14,0.01,1.16
2020-02-17,7.15,7.43,7.43,7.12,56584,42397125.00,4.32,3.48,0.25,1.41
2020-02-18,7.46,7.63,7.69,7.41,64154,49496498.00,3.77,2.69,0.20,1.60
2020-02-19,7.60,7.49,7.63,7.47,43048,33177081.00,2.10,-1.83,-0.14,0.95
2020-02-20,7.49,7.80,7.80,7.49,59687,46723152.00,4.14,4.14,0.31,1.31
2020-02-21,7.76,7.90,8.00,7.76,66776,53777693.00,3.08,1.28,0.10,1.47
2020-02-24,7.85,8.22,8.25,7.85,87402,71809559.00,5.06,4.05,0.32,1.92
2020-02-25,8.04,8.41,8.61,7.90,126028,105806611.00,8.64,2.31,0.19,2.77
2020-02-26,8.25,8.10,8.58,8.10,102139,86319434.00,5.71,-3.69,-0.31,2.25
2020-02-27,8.14,8.06,8.19,7.95,52143,42895275.00,2.96,-0.49,-0.04,1.15
2020-02-28,7.82,7.70,8.00,7.70,57116,45476021.00,3.72,-4.47,-0.36,1.26
2020-03-02,7.70,8.00,8.08,7.67,41573,33563851.00,5.32,3.90,0.30,0.91
2020-03-03,8.25,8.07,8.25,8.00,57472,47474269.00,3.13,0.88,0.07,1.26
2020-03-04,7.96,8.07,8.15,7.92,37489,30690648.00,2.85,0.00,0.00,0.83
2020-03-05,8.15,8.36,8.36,8.07,75918,63645591.00,3.59,3.59,0.29,1.67
2020-03-06,8.21,8.24,8.35,8.18,39451,33171968.00,2.03,-1.44,-0.12,0.87
2020-03-09,8.05,7.84,8.15,7.80,51764,41906554.00,4.25,-4.85,-0.40,1.14
2020-03-10,7.51,7.86,7.95,7.51,49737,39161875.00,5.61,0.26,0.02,1.09
2020-03-11,7.92,8.16,8.29,7.92,77363,64211157.00,4.71,3.82,0.30,1.70
2020-03-12,8.05,7.90,8.19,7.81,57489,46546345.00,4.66,-3.19,-0.26,1.27
2020-03-13,7.36,7.52,7.67,7.35,68837,52938761.00,4.05,-4.81,-0.38,1.51
2020-03-16,7.64,7.16,7.69,7.10,48262,36500315.00,7.85,-4.79,-0.36,1.06
2020-03-17,7.16,7.21,7.35,7.02,34646,25241371.00,4.61,0.70,0.05,0.76
2020-03-18,7.32,7.23,7.41,7.16,32855,24387000.00,3.47,0.28,0.02,0.72
2020-03-19,7.28,7.04,7.30,6.94,38216,27542126.00,4.98,-2.63,-0.19,0.84
2020-03-20,7.15,7.14,7.18,6.97,27970,20239012.00,2.98,1.42,0.10,0.62
2020-03-23,7.00,6.87,7.06,6.85,24493,17384877.00,2.94,-3.78,-0.27,0.54
2020-03-24,7.00,7.00,7.05,6.86,21974,15618120.00,2.77,1.89,0.13,0.48
2020-03-25,7.15,7.25,7.28,7.10,31754,23295416.00,2.57,3.57,0.25,0.70
2020-03-26,7.23,7.07,7.23,7.05,31529,22928496.00,2.48,-2.48,-0.18,0.69
2020-03-27,7.21,7.10,7.24,7.07,16583,12095122.00,2.40,0.42,0.03,0.36
2020-03-30,7.09,7.25,7.28,6.85,33622,24492039.00,6.06,2.11,0.15,0.74
2020-03-31,7.28,7.06,7.30,6.97,35224,25729709.00,4.55,-2.62,-0.19,0.78
2020-04-01,7.09,7.00,7.18,6.95,23299,16853155.00,3.26,-0.85,-0.06,0.51
2020-04-02,6.99,7.13,7.14,6.95,44891,32191832.00,2.71,1.86,0.13,0.99
2020-04-03,7.11,7.20,7.23,7.06,33871,24803657.00,2.38,0.98,0.07,0.75
2020-04-07,7.30,7.34,7.38,7.25,42716,31909132.00,1.81,1.94,0.14,0.94
2020-04-08,7.29,7.27,7.34,7.22,22315,16587568.00,1.63,-0.95,-0.07,0.49
2020-04-09,7.33,7.37,7.37,7.26,21356,15945482.00,1.51,1.38,0.10,0.47
2020-04-10,7.33,7.18,7.33,7.16,23115,17024849.00,2.31,-2.58,-0.19,0.51
2020-04-13,7.17,7.30,7.34,7.13,20387,15124800.00,2.92,1.67,0.12,0.45
2020-04-14,7.30,7.60,7.70,7.25,55072,42321372.00,6.16,4.11,0.30,1.21
2020-04-15,7.61,7.71,7.76,7.50,39475,30830977.00,3.42,1.45,0.11,0.87
2020-04-16,7.63,7.68,7.82,7.51,33368,26084034.00,4.02,-0.39,-0.03,0.73
2020-04-17,7.69,7.75,7.78,7.54,47776,37407688.00,3.13,0.91,0.07,1.05
2020-04-20,7.80,7.71,7.81,7.66,28503,22440741.00,1.94,-0.52,-0.04,0.63
2020-04-21,7.63,7.90,7.99,7.56,57854,46158452.00,5.58,2.46,0.19,1.27
2020-04-22,7.81,7.91,8.00,7.77,37115,29883065.00,2.91,0.13,0.01,0.82
2020-04-23,7.98,7.87,7.99,7.81,36708,29472940.00,2.28,-0.51,-0.04,0.81
2020-04-24,7.84,7.77,7.90,7.75,35708,28383572.00,1.91,-1.27,-0.10,0.79
2020-04-27,7.78,7.67,7.83,7.66,20485,16143463.00,2.19,-1.29,-0.10,0.45
2020-04-28,7.68,7.59,7.73,7.32,27640,21255539.00,5.35,-1.04,-0.08,0.61
2020-04-29,7.54,7.68,7.72,7.54,15598,12133852.00,2.37,1.19,0.09,0.34
2020-04-30,7.72,7.77,7.82,7.66,26413,20904374.00,2.08,1.17,0.09,0.58
2020-05-06,7.71,7.77,7.81,7.71,25401,20078129.00,1.29,0.00,0.00,0.56
2020-05-07,7.74,7.69,7.85,7.68,23941,18924737.00,2.19,-1.03,-0.08,0.53
2020-05-08,7.72,7.53,7.74,7.49,61521,47701235.00,3.25,-2.08,-0.16,1.35
2020-05-11,7.55,7.59,7.66,7.50,42039,32498855.00,2.12,0.80,0.06,0.93
2020-05-12,7.59,7.50,7.59,7.41,24366,18607032.00,2.37,-1.19,-0.09,0.54
2020-05-13,7.48,7.50,7.50,7.41,14658,11176854.00,1.20,0.00,0.00,0.32
2020-05-14,7.44,7.42,7.49,7.37,17650,13399321.00,1.60,-1.07,-0.08,0.39
2020-05-15,7.41,7.30,7.49,7.30,32218,24235489.00,2.56,-1.62,-0.12,0.71
2020-05-18,7.34,7.30,7.44,7.25,33025,24792100.00,2.60,0.00,0.00,0.73
2020-05-19,7.36,7.41,7.42,7.34,22596,17044453.00,1.10,1.51,0.11,0.50
2020-05-20,7.41,7.42,7.54,7.39,24202,18446227.00,2.02,0.13,0.01,0.53
2020-05-21,7.49,7.34,7.51,7.33,16552,12485535.00,2.43,-1.08,-0.08,0.36
2020-05-22,7.32,7.22,7.37,7.22,28721,21305619.00,2.04,-1.63,-0.12,0.63
2020-05-25,7.22,7.15,7.26,7.10,22160,16224195.00,2.22,-0.97,-0.07,0.49
2020-05-26,7.15,7.23,7.25,7.13,9894,7276655.00,1.68,1.12,0.08,0.22
2020-05-27,7.25,7.27,7.27,7.22,12987,9613209.00,0.69,0.55,0.04,0.29
2020-05-28,7.27,7.19,7.27,7.16,13764,10125218.00,1.51,-1.10,-0.08,0.30
2020-05-29,7.18,7.45,7.45,7.18,22969,17263019.00,3.76,3.62,0.26,0.51
2020-06-01,7.49,7.55,7.55,7.40,26871,20531109.00,2.01,1.34,0.10,0.59
2020-06-02,7.55,7.66,7.68,7.48,24996,19403715.00,2.65,1.46,0.11,0.55
2020-06-03,7.66,7.58,7.71,7.56,25358,19758249.00,1.96,-1.04,-0.08,0.56
2020-06-04,7.65,7.58,7.66,7.56,11128,8618621.00,1.32,0.00,0.00,0.24
2020-06-05,7.58,7.51,7.62,7.48,17181,13183093.00,1.85,-0.92,-0.07,0.38
2020-06-08,7.55,7.57,7.58,7.45,28928,22179534.00,1.73,0.80,0.06,0.64
2020-06-09,7.62,7.58,7.69,7.49,22700,17397852.00,2.64,0.13,0.01,0.50
2020-06-10,7.44,7.51,7.59,7.44,14566,11107653.00,1.98,-0.92,-0.07,0.32
2020-06-11,7.58,7.52,7.58,7.46,20922,15931065.00,1.60,0.13,0.01,0.46
2020-06-12,7.45,7.52,7.55,7.41,18265,13898280.00,1.86,0.00,0.00,0.40
2020-06-15,7.59,7.90,8.01,7.52,83226,66268915.00,6.52,5.05,0.38,1.83
2020-06-16,8.04,8.35,8.38,7.98,88662,73568096.00,5.06,5.70,0.45,1.95
2020-06-17,8.38,8.26,8.43,8.18,76152,63860714.00,2.99,-1.08,-0.09,1.68
2020-06-18,8.30,8.31,8.44,8.12,77092,64709166.00,3.87,0.61,0.05,1.70
2020-06-19,8.38,8.29,8.43,8.29,37003,31281276.00,1.68,-0.24,-0.02,0.81
2020-06-22,8.28,8.20,8.36,8.17,33241,27695914.00,2.29,-1.09,-0.09,0.73
2020-06-23,8.15,8.11,8.27,8.08,32873,27087896.00,2.32,-1.10,-0.09,0.72
2020-06-24,8.15,8.11,8.21,8.07,25513,20961179.00,1.73,0.00,0.00,0.56
2020-06-29,8.14,8.03,8.14,7.94,33081,26832787.00,2.47,-0.99,-0.08,0.73
2020-06-30,8.03,8.06,8.10,7.97,19849,16171858.00,1.62,0.37,0.03,0.44
2020-07-01,8.10,8.41,8.43,8.05,66556,55986301.00,4.71,4.34,0.35,1.46
2020-07-02,8.40,8.46,8.54,8.27,40262,34164840.00,3.21,0.59,0.05,0.89
2020-07-03,8.45,8.47,8.64,8.42,52350,45191370.00,2.60,0.12,0.01,1.15
2020-07-06,8.55,9.33,9.33,8.52,171507,159420577.00,9.56,10.15,0.86,3.77
2020-07-07,9.34,9.49,9.95,9.20,186932,179954375.00,8.04,1.71,0.16,4.11
2020-07-08,9.40,9.50,9.57,9.28,87629,83394137.00,3.06,0.11,0.01,1.93
2020-07-09,9.45,9.74,9.80,9.31,101703,98182025.00,5.16,2.53,0.24,2.24
2020-07-10,9.71,9.66,9.97,9.52,101682,100171158.00,4.62,-0.82,-0.08,2.24
2020-07-13,9.78,9.88,9.98,9.70,93418,93162085.00,2.90,2.28,0.22,2.06
2020-07-14,9.90,10.42,10.88,9.82,251491,269853312.00,10.73,5.47,0.54,5.53
2020-07-15,10.28,9.80,10.59,9.78,156275,159427729.00,7.77,-5.95,-0.62,3.44
2020-07-16,9.74,9.55,10.24,9.36,129798,129336997.00,8.98,-2.55,-0.25,2.86
2020-07-17,9.59,10.10,10.16,9.42,139883,140454388.00,7.75,5.76,0.55,3.08
2020-07-20,10.13,10.88,11.07,9.95,160550,173147513.00,11.09,7.72,0.78,3.53
2020-07-21,11.10,10.91,11.44,10.84,147757,165611823.00,5.51,0.28,0.03,3.25
2020-07-22,10.86,10.73,11.10,10.70,85854,93691603.00,3.67,-1.65,-0.18,1.89
2020-07-23,10.84,10.59,11.01,10.54,95896,103878811.00,4.38,-1.30,-0.14,2.11
2020-07-24,10.51,10.50,10.80,10.12,95521,101581338.00,6.42,-0.85,-0.09,2.10
2020-07-27,10.49,11.00,11.00,10.30,97549,106017807.00,6.67,4.76,0.50,2.15
2020-07-28,11.04,10.93,11.08,10.74,71286,78420954.00,3.09,-0.64,-0.07,1.57
2020-07-29,10.94,11.20,11.42,10.75,76998,85920449.00,6.13,2.47,0.27,1.69
2020-07-30,11.13,10.80,11.29,10.80,60956,67531199.00,4.38,-3.57,-0.40,1.34
2020-07-31,10.76,10.68,10.99,10.64,81654,88807393.00,3.24,-1.11,-0.12,1.80
2020-08-03,10.68,10.78,10.85,10.52,98847,106680208.00,3.09,0.94,0.10,2.18
2020-08-04,10.79,10.54,10.80,10.52,52818,56547746.00,2.60,-2.23,-0.24,1.16
2020-08-05,10.54,10.78,10.96,10.49,72336,78404845.00,4.46,2.28,0.24,1.59
2020-08-06,10.85,10.70,10.85,10.45,48952,52693772.00,3.71,-0.74,-0.08,1.08
2020-08-07,10.65,10.56,10.85,10.49,51782,55574347.00,3.36,-1.31,-0.14,1.14
2020-08-10,10.60,11.23,11.37,10.56,145372,162137515.00,7.67,6.34,0.67,3.20
2020-08-11,10.91,11.00,12.09,10.91,153960,176981085.00,10.51,-2.05,-0.23,3.39
2020-08-12,11.02,11.29,11.58,10.88,181944,204978798.00,6.36,2.64,0.29,4.00
2020-08-13,11.47,11.05,11.57,10.96,103130,115940657.00,5.40,-2.13,-0.24,2.27
2020-08-14,10.90,10.31,10.91,10.02,163247,170938271.00,8.05,-6.70,-0.74,3.59
2020-08-17,10.13,10.34,10.56,10.02,102977,106635056.00,5.24,0.29,0.03,2.27
2020-08-18,10.43,11.38,11.38,10.42,200213,225737628.00,9.28,10.06,1.04,4.41
2020-08-19,11.39,11.02,11.50,10.90,153098,173417506.00,5.27,-3.16,-0.36,3.37
2020-08-20,10.95,10.52,11.07,10.43,92516,100082629.00,5.81,-4.54,-0.50,2.04
2020-08-21,10.61,10.58,10.67,10.36,61175,64773192.00,2.95,0.57,0.06,1.35
2020-08-24,10.72,10.52,10.75,10.27,61129,64379690.00,4.54,-0.57,-0.06,1.35
2020-08-25,10.58,10.29,10.58,10.26,51759,54281710.00,3.04,-2.19,-0.23,1.14
2020-08-26,10.24,10.06,10.29,10.02,45495,46522225.00,2.62,-2.24,-0.23,1.00
2020-08-27,10.00,10.36,10.45,9.95,43310,44779462.00,4.97,2.98,0.30,0.95
2020-08-28,10.30,10.53,10.68,10.21,61661,65605066.00,4.54,1.64,0.17,1.36
2020-08-31,10.54,10.91,11.01,10.48,86226,93972651.00,5.03,3.61,0.38,1.90
2020-09-01,10.93,11.20,11.39,10.93,129800,146417419.00,4.22,2.66,0.29,2.86
2020-09-02,11.38,11.70,11.78,11.02,151785,176138427.00,6.79,4.46,0.50,3.34
2020-09-03,12.40,11.58,12.40,11.42,201958,240102470.00,8.38,-1.03,-0.12,4.44
2020-09-04,11.24,11.90,12.00,11.21,159589,186172571.00,6.82,2.76,0.32,3.51
2020-09-07,11.70,12.53,12.98,11.48,252398,315371952.00,12.61,5.29,0.63,5.55
2020-09-08,12.50,12.35,12.85,12.30,149422,189004988.00,4.39,-1.44,-0.18,3.29
2020-09-09,12.27,11.65,12.41,11.60,91964,110636123.00,6.56,-5.67,-0.70,2.02
2020-09-10,11.79,11.96,12.25,11.60,102278,123219508.00,5.58,2.66,0.31,2.25
2020-09-11,12.02,11.90,12.14,11.67,70473,84380517.00,3.93,-0.50,-0.06,1.55
2020-09-14,12.20,12.09,12.55,11.85,66630,81582135.00,5.88,1.60,0.19,1.47
2020-09-15,12.13,11.80,12.13,11.72,55977,66705511.00,3.39,-2.40,-0.29,1.23
2020-09-16,11.71,12.08,12.13,11.33,91817,108193980.00,6.78,2.37,0.28,2.02
2020-09-17,11.91,12.20,12.34,11.91,99438,122171015.00,3.56,0.99,0.12,2.19
2020-09-18,12.36,12.48,12.70,12.10,73583,92508433.00,4.92,2.30,0.28,1.62
2020-09-21,12.55,12.44,12.77,12.22,81393,102190462.00,4.41,-0.32,-0.04,1.79
2020-09-22,12.29,12.14,12.35,12.08,38376,47133458.00,2.17,-2.41,-0.30,0.84
2020-09-23,12.08,12.05,12.26,12.02,23152,28284248.00,1.98,-0.74,-0.09,0.51
2020-09-24,11.95,11.62,11.98,11.59,32762,38799623.00,3.24,-3.57,-0.43,0.72
2020-09-25,11.69,11.62,11.82,11.39,30028,35162797.00,3.70,0.00,0.00,0.66
2020-09-28,11.63,11.40,11.72,11.36,23368,27074609.00,3.10,-1.89,-0.22,0.51
2020-09-29,11.50,11.50,11.64,11.37,31544,36585239.00,2.37,0.88,0.10,0.69
2020-09-30,11.63,11.86,11.86,11.56,33044,39159216.00,2.61,3.13,0.36,0.73
2020-10-09,11.95,12.35,12.49,11.92,56173,69577595.00,4.81,4.13,0.49,1.24
2020-10-12,12.35,13.60,13.60,12.31,152513,204434416.00,10.45,10.12,1.25,3.36
2020-10-13,13.64,13.83,13.95,13.35,113918,156791015.00,4.41,1.69,0.23,2.51
2020-10-14,13.86,13.89,14.12,13.70,73982,103475581.00,3.04,0.43,0.06,1.63
2020-10-15,13.65,13.28,13.85,13.24,112819,153465461.00,4.39,-4.39,-0.61,2.48
2020-10-16,13.18,13.03,13.45,12.93,90025,119108944.00,3.92,-1.88,-0.25,1.98
2020-10-19,13.13,13.37,13.88,12.93,115200,156696464.00,7.29,2.61,0.34,2.54
2020-10-20,13.20,13.59,13.64,13.17,39178,53038137.00,3.52,1.65,0.22,0.86
2020-10-21,13.57,13.71,14.19,13.49,108700,151748902.00,5.15,0.88,0.12,2.39
2020-10-22,13.60,13.90,14.02,13.46,61512,85360135.00,4.08,1.39,0.19,1.35
2020-10-23,13.90,13.00,14.10,12.70,144284,190875671.00,10.07,-6.47,-0.90,3.18
2020-10-26,13.05,13.55,14.15,12.87,121116,166622899.00,9.85,4.23,0.55,2.67
2020-10-27,13.48,14.03,14.09,13.48,109017,152064794.00,4.50,3.54,0.48,2.40
2020-10-28,13.80,13.73,14.00,13.55,66818,92164870.00,3.21,-2.14,-0.30,1.47
2020-10-29,13.72,13.64,13.85,13.41,35924,49390998.00,3.20,-0.66,-0.09,0.79
2020-10-30,13.63,13.38,13.93,13.36,43705,60209803.00,4.18,-1.91,-0.26,0.96
2020-11-02,13.50,13.37,13.88,13.25,50367,68389211.00,4.71,-0.07,-0.01,1.11
2020-11-03,13.38,13.76,13.76,13.20,50025,68427705.00,4.19,2.92,0.39,1.10
2020-11-04,13.75,13.33,14.05,13.10,87103,118357779.00,6.90,-3.13,-0.43,1.92
2020-11-05,13.33,13.38,13.44,13.04,51087,68319121.00,3.00,0.38,0.05,1.12
2020-11-06,13.38,13.09,13.38,13.03,32812,43432204.00,2.62,-2.17,-0.29,0.72
2020-11-09,13.13,12.62,13.20,12.47,123972,159095005.00,5.58,-3.59,-0.47,2.73
2020-11-10,12.68,11.83,12.70,11.66,155987,187910863.00,8.24,-6.26,-0.79,3.43
2020-11-11,11.81,11.63,11.82,11.43,82752,96980819.00,3.30,-1.69,-0.20,1.82
2020-11-12,11.58,11.24,11.70,11.14,83244,95316748.00,4.82,-3.35,-0.39,1.83
2020-11-13,11.25,11.54,11.67,11.19,69220,79851135.00,4.27,2.67,0.30,1.52
2020-11-16,11.31,11.64,11.82,11.26,52036,60865105.00,4.85,0.87,0.10,1.15
2020-11-17,11.66,11.47,11.69,11.38,34948,40419925.00,2.66,-1.46,-0.17,0.77
2020-11-18,11.45,11.44,11.50,11.38,23455,27043261.00,1.05,-0.26,-0.03,0.52
2020-11-19,11.39,11.35,11.48,11.16,35527,40577109.00,2.80,-0.79,-0.09,0.78
2020-11-20,11.48,11.50,11.69,11.36,33173,38559111.00,2.91,1.32,0.15,0.73
2020-11-23,11.42,11.23,11.51,11.12,58667,66736794.00,3.39,-2.35,-0.27,1.29
2020-11-24,11.21,11.01,11.22,10.97,56555,62938134.00,2.23,-1.96,-0.22,1.24
2020-11-25,11.13,11.01,11.20,10.71,55871,61700035.00,4.45,0.00,0.00,1.23
2020-11-26,10.93,10.68,11.02,10.64,45563,49390420.00,3.45,-3.00,-0.33,1.00
2020-11-27,10.93,10.83,11.04,10.72,44439,48704987.00,3.00,1.40,0.15,0.98
2020-11-30,10.80,10.78,10.95,10.40,55526,60117225.00,5.08,-0.46,-0.05,1.22
2020-12-01,10.67,10.81,10.85,10.61,29027,31548059.00,2.23,0.28,0.03,0.64
2020-12-02,10.88,10.71,10.88,10.71,26467,28763402.00,1.57,-0.93,-0.10,0.58
2020-12-03,10.72,10.71,10.75,10.60,25022,26938694.00,1.40,0.00,0.00,0.55
2020-12-04,10.67,10.65,10.78,10.62,21736,23415432.00,1.49,-0.56,-0.06,0.48
2020-12-07,10.68,10.85,10.99,10.65,41259,45070140.00,3.19,1.88,0.20,0.91
2020-12-08,10.81,11.22,11.45,10.81,77026,86874077.00,5.90,3.41,0.37,1.70
2020-12-09,11.22,11.26,11.48,11.19,68291,78154863.00,2.58,0.36,0.04,1.50
2020-12-10,11.22,11.10,11.30,10.97,29060,32591384.00,2.93,-1.42,-0.16,0.64
2020-12-11,11.15,10.71,11.16,10.70,26681,29223738.00,4.14,-3.51,-0.39,0.59
2020-12-14,10.66,11.26,11.42,10.60,63296,71124999.00,7.66,5.14,0.55,1.39
2020-12-15,11.19,11.82,11.95,11.14,74752,88327609.00,7.19,4.97,0.56,1.65
2020-12-16,11.88,11.84,11.93,11.70,43864,52305550.00,1.95,0.17,0.02,0.97
2020-12-17,11.85,11.84,11.94,11.51,42290,50342584.00,3.63,0.00,0.00,0.93
2020-12-18,11.86,11.89,12.27,11.85,55525,67529252.00,3.55,0.42,0.05,1.22
2020-12-21,11.89,12.50,12.58,11.89,81508,101507199.00,5.80,5.13,0.61,1.79
2020-12-22,12.45,12.40,12.75,12.37,69220,87732256.00,3.04,-0.80,-0.10,1.52
2020-12-23,12.42,12.90,12.95,12.42,66892,86268369.00,4.27,4.03,0.50,1.47
2020-12-24,12.90,12.95,13.25,12.75,84674,111007546.00,3.88,0.39,0.05,1.86
2020-12-25,12.95,12.95,13.08,12.67,66627,86468706.00,3.17,0.00,0.00,1.47
2020-12-28,12.97,12.91,13.14,12.84,51200,67062180.00,2.32,-0.31,-0.04,1.13
2020-12-29,12.91,13.00,13.35,12.90,53195,70006661.00,3.49,0.70,0.09,1.17
2020-12-30,13.12,13.05,13.13,12.83,45178,59128942.00,2.31,0.38,0.05,0.99
2020-12-31,13.05,13.24,13.30,12.91,67029,88939330.00,2.99,1.46,0.19,1.48