2010-01-04,3.73,3.80,3.81,3.66,24452,57146199.77,4.02,1.88,0.07,10.72
2010-01-05,3.79,3.81,3.81,3.70,18596,43545031.53,2.89,0.26,0.01,8.16
2010-01-06,3.82,3.72,3.93,3.72,26223,62511377.66,5.51,-2.36,-0.09,11.50
2010-01-07,3.69,3.59,3.76,3.58,19917,45203035.87,4.84,-3.49,-0.13,8.74
2010-01-08,3.57,3.59,3.63,3.53,10673,23925167.52,2.79,0.00,0.00,4.68
2010-01-11,3.59,3.67,3.70,3.59,17696,40396234.62,3.06,2.23,0.08,7.76
2010-01-12,3.68,3.79,3.80,3.65,20517,47960446.88,4.09,3.27,0.12,9.00
2010-01-13,3.69,3.71,3.79,3.65,15882,36896774.16,3.69,-2.11,-0.08,6.97
2010-01-14,3.73,3.88,3.88,3.69,29814,70754435.74,5.12,4.58,0.17,13.08
2010-01-15,3.89,3.88,3.95,3.84,24649,59348060.83,2.84,0.00,0.00,10.81
2010-01-18,3.90,3.93,3.97,3.85,17559,42435670.42,3.09,1.29,0.05,7.70
2010-01-19,3.93,3.81,3.93,3.80,18133,43236973.03,3.31,-3.05,-0.12,7.95
2010-01-20,3.81,3.61,3.86,3.56,16685,38779133.44,7.87,-5.25,-0.20,7.32
2010-01-21,3.62,3.65,3.71,3.61,9505,21746254.26,2.77,1.11,0.04,4.17
2010-01-22,3.63,3.47,3.63,3.39,15052,33079576.96,6.58,-4.93,-0.18,6.60
2010-01-25,3.46,3.38,3.49,3.37,7381,15996803.09,3.46,-2.59,-0.09,3.24
2010-01-26,3.39,3.22,3.44,3.19,7665,15986657.38,7.40,-4.73,-0.16,3.36
2010-01-27,3.22,3.20,3.29,3.20,5568,11486657.84,2.80,-0.62,-0.02,2.44
2010-01-28,3.23,3.17,3.24,3.11,8799,17863630.42,4.06,-0.94,-0.03,3.86
2010-01-29,3.17,3.22,3.27,3.16,6238,12803705.87,3.47,1.58,0.05,2.74
2010-02-01,3.21,3.20,3.25,3.11,6008,12159542.24,4.35,-0.62,-0.02,2.64
2010-02-02,3.24,3.19,3.27,3.18,6881,14147850.50,2.81,-0.31,-0.01,3.02
2010-02-03,3.21,3.24,3.25,3.04,7791,15694196.93,6.58,1.57,0.05,3.42
2010-02-04,3.19,3.27,3.31,3.19,7750,16101764.84,3.70,0.93,0.03,3.40
2010-02-05,3.20,3.19,3.25,3.13,6056,12304978.62,3.67,-2.45,-0.08,2.66
2010-02-08,3.15,3.17,3.21,3.15,3140,6365326.94,1.88,-0.63,-0.02,1.38
2010-02-09,3.18,3.20,3.22,3.16,3059,6219281.29,1.89,0.95,0.03,1.34
2010-02-10,3.19,3.27,3.29,3.19,3832,7903326.30,3.13,2.19,0.07,1.68
2010-02-11,3.29,3.33,3.42,3.29,8716,18526600.89,3.98,1.83,0.06,3.82
2010-02-12,3.33,3.34,3.37,3.31,4071,8615234.34,1.80,0.30,0.01,1.79
2010-02-22,3.28,3.36,3.40,3.28,4868,10264049.69,3.59,0.60,0.02,2.13
2010-02-23,3.37,3.39,3.41,3.32,4622,9824312.91,2.68,0.89,0.03,2.03
2010-02-24,3.40,3.46,3.46,3.33,9112,19592118.47,3.83,2.06,0.07,4.00
2010-02-25,3.42,3.52,3.52,3.42,9774,21439171.98,2.89,1.73,0.06,4.29
2010-02-26,3.52,3.45,3.52,3.44,8144,17769851.93,2.27,-1.99,-0.07,3.57
2010-03-01,3.45,3.47,3.49,3.44,11489,24994528.96,1.45,0.58,0.02,5.04
2010-03-02,3.46,3.45,3.48,3.43,6831,14839221.47,1.44,-0.58,-0.02,3.00
2010-03-03,3.44,3.47,3.49,3.44,8435,18439261.46,1.45,0.58,0.02,3.70
2010-03-04,3.48,3.64,3.78,3.45,37799,84718088.91,9.51,4.90,0.17,16.58
2010-03-05,3.61,3.56,3.62,3.52,17118,38239138.82,2.75,-2.20,-0.08,7.51
2010-03-08,3.56,3.59,3.59,3.52,7403,16550379.16,1.97,0.84,0.03,3.25
2010-03-09,3.57,3.57,3.68,3.56,10899,24683234.48,3.34,-0.56,-0.02,4.78
2010-03-10,3.58,3.40,3.59,3.37,12873,28162131.89,6.16,-4.76,-0.17,5.65
2010-03-11,3.39,3.41,3.42,3.36,5486,11753537.79,1.76,0.29,0.01,2.41
2010-03-12,3.41,3.36,3.45,3.36,6076,13077515.89,2.64,-1.47,-0.05,2.67
2010-03-15,3.36,3.30,3.39,3.29,5161,10864542.89,2.98,-1.79,-0.06,2.26
2010-03-16,3.30,3.31,3.34,3.27,4734,9894488.45,2.12,0.30,0.01,2.08
2010-03-17,3.32,3.41,3.42,3.31,5659,12092465.48,3.32,3.02,0.10,2.48
2010-03-18,3.44,3.42,3.45,3.39,5867,12619480.99,1.76,0.29,0.01,2.57
2010-03-19,3.44,3.51,3.54,3.42,7309,16036661.91,3.51,2.63,0.09,3.21
2010-03-22,3.51,3.57,3.60,3.51,9611,21407222.29,2.56,1.71,0.06,4.22
2010-03-23,3.56,3.50,3.59,3.48,7825,17310519.27,3.08,-1.96,-0.07,3.43
2010-03-24,3.57,3.54,3.57,3.50,6548,14516484.29,2.00,1.14,0.04,2.87
2010-03-25,3.50,3.59,3.64,3.50,13686,30799872.96,3.95,1.41,0.05,6.00
2010-03-26,3.56,3.65,3.67,3.56,16380,37281617.06,3.06,1.67,0.06,7.18
2010-03-29,3.66,3.57,3.72,3.54,12816,28784919.59,4.93,-2.19,-0.08,5.62
2010-03-30,3.56,3.62,3.65,3.54,9560,21553453.99,3.08,1.40,0.05,4.19
2010-03-31,3.63,3.68,3.72,3.61,15917,36622190.92,3.04,1.66,0.06,6.98
2010-04-01,3.71,3.68,3.72,3.65,13706,31566947.11,1.90,0.00,0.00,6.01
2010-04-02,3.68,3.78,3.79,3.65,16983,39571536.38,3.80,2.72,0.10,7.45
2010-04-06,3.79,3.81,3.86,3.78,17094,40476589.60,2.12,0.79,0.03,7.50
2010-04-07,3.82,3.80,3.82,3.74,13756,32308886.10,2.10,-0.26,-0.01,6.03
2010-04-08,3.79,3.72,3.81,3.71,13052,30494276.82,2.63,-2.11,-0.08,5.72
2010-04-09,3.74,3.74,3.78,3.73,9266,21648662.86,1.34,0.54,0.02,4.06
2010-04-12,3.74,3.90,3.92,3.74,20746,49796389.62,4.81,4.28,0.16,9.10
2010-04-13,3.91,3.75,3.95,3.58,18657,43806194.06,9.49,-3.85,-0.15,8.18
2010-04-14,3.75,3.72,3.77,3.66,9509,22058766.51,2.93,-0.80,-0.03,4.17
2010-04-15,3.72,3.62,3.85,3.56,14531,33869356.09,7.80,-2.69,-0.10,6.37
2010-04-16,3.73,3.72,3.79,3.67,15348,35701113.01,3.31,2.76,0.10,6.73
2010-04-19,3.74,3.64,3.81,3.61,13526,31342512.56,5.38,-2.15,-0.08,5.93
2010-04-20,3.65,3.56,3.65,3.44,11225,24820803.48,5.77,-2.20,-0.08,4.92
2010-04-21,3.56,3.69,3.70,3.54,10884,24672907.87,4.49,3.65,0.13,4.77
2010-04-22,3.69,3.82,3.84,3.63,20815,48841305.05,5.69,3.52,0.13,9.13
2010-04-23,3.78,3.82,3.85,3.74,22741,53592051.77,2.88,0.00,0.00,9.97
2010-04-26,3.83,3.74,3.87,3.73,12837,30214129.97,3.66,-2.09,-0.08,5.63
2010-04-27,3.72,3.56,3.74,3.50,9924,22231666.19,6.42,-4.81,-0.18,4.35
2010-04-28,3.57,3.54,3.61,3.52,6432,14317671.17,2.53,-0.56,-0.02,2.82
2010-04-29,3.55,3.30,3.59,3.26,10337,22391518.24,9.32,-6.78,-0.24,4.53
2010-04-30,3.28,3.11,3.31,2.98,8909,17925628.66,10.00,-5.76,-0.19,3.91
2010-05-04,3.06,3.39,3.42,3.01,12142,24360800.46,13.18,9.00,0.28,5.33
2010-05-05,3.30,3.45,3.53,3.22,19525,42302515.20,9.14,1.77,0.06,8.56
2010-05-06,3.41,3.22,3.45,3.22,8807,18562332.25,6.67,-6.67,-0.23,3.86
2010-05-10,3.13,3.06,3.26,2.96,5775,11390040.90,9.32,-4.97,-0.16,2.53
2010-05-11,3.13,2.95,3.15,2.94,6048,11828774.42,6.86,-3.59,-0.11,2.65
2010-05-12,2.95,2.83,2.98,2.80,4749,8833482.97,6.10,-4.07,-0.12,2.08
2010-05-13,2.87,2.87,2.90,2.76,5551,10212033.25,4.95,1.41,0.04,2.43
2010-05-14,2.87,2.90,2.90,2.81,4661,8683214.74,3.14,1.05,0.03,2.04
2010-05-17,2.86,2.62,2.86,2.61,4234,7641190.40,8.62,-9.66,-0.28,1.86
2010-05-18,2.62,2.73,2.76,2.52,11056,19242805.58,9.16,4.20,0.11,4.85
2010-05-19,2.67,2.66,2.76,2.61,7325,12875198.60,5.49,-2.56,-0.07,3.21
2010-05-20,2.67,2.62,2.71,2.61,4761,8304207.00,3.76,-1.50,-0.04,2.09
2010-05-21,2.54,2.59,2.63,2.48,7461,12588262.21,5.73,-1.15,-0.03,3.27
2010-05-24,2.60,2.75,2.76,2.60,11035,19608795.96,6.18,6.18,0.16,4.84
2010-05-25,2.72,2.87,2.89,2.68,11872,21365191.36,7.64,4.36,0.12,5.21
2010-05-26,2.84,2.86,2.92,2.81,15696,29241545.40,3.83,-0.35,-0.01,6.88
2010-05-27,2.85,2.88,2.91,2.77,6853,12670928.26,4.90,0.70,0.02,3.01
2010-05-28,2.94,2.88,2.94,2.85,6095,11413484.25,3.13,0.00,0.00,2.67
2010-05-31,2.88,2.79,2.88,2.77,5783,10585913.53,3.82,-3.13,-0.09,2.54
2010-06-01,2.79,2.85,2.92,2.71,9899,18201958.14,7.53,2.15,0.06,4.34
2010-06-02,2.76,2.86,2.87,2.76,5809,10614745.05,3.86,0.35,0.01,2.55
2010-06-03,2.83,2.86,2.94,2.83,10746,20175213.90,3.85,0.00,0.00,4.71
2010-06-04,2.82,2.97,3.01,2.82,14069,26686972.93,6.64,3.85,0.11,6.17
2010-06-07,2.92,2.93,2.97,2.87,9177,17324631.89,3.37,-1.35,-0.04,4.03
2010-06-08,2.89,3.07,3.11,2.89,19878,38647690.64,7.51,4.78,0.14,8.72
2010-06-09,3.05,3.14,3.27,3.05,23117,46448766.75,7.17,2.28,0.07,10.14
2010-06-10,3.15,3.11,3.17,3.07,13430,26724240.32,3.18,-0.96,-0.03,5.89
2010-06-11,3.13,3.09,3.14,3.08,8825,17509738.87,1.93,-0.64,-0.02,3.87
2010-06-17,3.12,3.07,3.13,3.07,4743,9407167.46,1.94,-0.65,-0.02,2.08
2010-06-18,3.04,2.81,3.09,2.78,6278,11907240.99,10.10,-8.47,-0.26,2.75
2010-06-21,2.89,2.96,2.97,2.82,5261,9893676.62,5.34,5.34,0.15,2.31
2010-06-22,2.95,3.10,3.12,2.95,8141,16078342.39,5.74,4.73,0.14,3.57
2010-06-23,3.10,3.14,3.16,2.98,7101,14073066.38,5.81,1.29,0.04,3.11
2010-06-24,3.14,3.11,3.19,3.11,9824,19730997.22,2.55,-0.96,-0.03,4.31
2010-06-25,3.16,3.11,3.19,3.03,16312,21627686.54,5.14,0.00,0.00,4.77
2010-06-28,3.03,2.96,3.11,2.96,9505,12197164.03,4.82,-4.82,-0.15,2.78
2010-06-29,2.94,2.76,2.99,2.75,9056,11100418.39,8.11,-6.76,-0.20,2.65
2010-06-30,2.73,2.73,2.77,2.54,7554,8762228.76,8.33,-1.09,-0.03,2.21
2010-07-01,2.71,2.67,2.77,2.67,7319,8590084.92,3.66,-2.20,-0.06,2.14
2010-07-02,2.67,2.76,2.76,2.57,8250,9590095.07,7.12,3.37,0.09,2.41
2010-07-05,2.69,2.80,2.85,2.67,5881,7032380.39,6.52,1.45,0.04,1.72
2010-07-06,2.78,2.93,2.94,2.73,11386,14061230.67,7.50,4.64,0.13,3.33
2010-07-07,2.92,2.90,2.97,2.87,7754,9649445.54,3.41,-1.02,-0.03,2.27
2010-07-08,2.90,2.90,2.97,2.86,5367,6687501.73,3.79,0.00,0.00,1.57
2010-07-09,2.89,2.93,2.98,2.89,9096,11460370.10,3.10,1.03,0.03,2.66
2010-07-12,2.93,3.01,3.04,2.92,10867,13808555.53,4.10,2.73,0.08,3.18
2010-07-13,3.03,2.91,3.03,2.86,9480,11892249.29,5.65,-3.32,-0.10,2.77
2010-07-14,2.93,2.93,2.95,2.90,8111,10195693.43,1.72,0.69,0.02,2.37
2010-07-15,2.96,2.81,2.96,2.81,5421,6714897.28,5.12,-4.10,-0.12,1.59
2010-07-16,2.78,2.81,2.85,2.76,7374,8918050.93,3.20,0.00,0.00,2.16
2010-07-19,2.79,2.88,2.90,2.78,6190,7609350.89,4.27,2.49,0.07,1.81
2010-07-20,2.88,2.97,2.98,2.84,12300,15513789.26,4.86,3.13,0.09,3.60
2010-07-21,2.99,3.02,3.07,2.98,13880,17891316.18,3.03,1.68,0.05,4.06
2010-07-22,3.01,3.18,3.30,2.99,34967,46804620.68,10.26,5.30,0.16,10.22
2010-07-23,3.16,3.17,3.19,3.09,19371,25759280.59,3.14,-0.31,-0.01,5.66
2010-07-26,3.17,3.19,3.22,3.11,14380,19262763.00,3.47,0.63,0.02,4.20
2010-07-27,3.19,3.20,3.22,3.15,14435,19450759.89,2.19,0.31,0.01,4.22
2010-07-28,3.22,3.24,3.29,3.18,17404,23778143.59,3.44,1.25,0.04,5.09
2010-07-29,3.25,3.23,3.29,3.13,17335,23606477.22,4.94,-0.31,-0.01,5.07
2010-07-30,3.23,3.30,3.33,3.20,18435,25341132.05,4.02,2.17,0.07,5.39
2010-08-02,3.31,3.39,3.46,3.30,28426,40508058.65,4.85,2.73,0.09,8.31
2010-08-03,3.38,3.31,3.42,3.30,18074,25361969.58,3.54,-2.36,-0.08,5.28
2010-08-04,3.29,3.43,3.44,3.24,18888,26411638.11,6.04,3.63,0.12,5.52
2010-08-05,3.43,3.48,3.52,3.41,30976,44922014.73,3.21,1.46,0.05,9.06
2010-08-06,3.47,3.49,3.53,3.43,22993,33516608.60,2.87,0.29,0.01,6.72
2010-08-09,3.50,3.56,3.61,3.50,24870,36846353.17,3.15,2.01,0.07,7.27
2010-08-10,3.56,3.32,3.58,3.31,28934,41583579.81,7.58,-6.74,-0.24,8.46
2010-08-11,3.30,3.32,3.38,3.25,16582,23072227.33,3.92,0.00,0.00,4.85
2010-08-12,3.28,3.40,3.47,3.22,22881,32468083.21,7.53,2.41,0.08,6.69
2010-08-13,3.36,3.51,3.52,3.34,24221,34940676.42,5.29,3.24,0.11,7.08
2010-08-16,3.49,3.55,3.58,3.47,29702,43749727.32,3.13,1.14,0.04,8.68
2010-08-17,3.56,3.57,3.65,3.53,22012,32764260.16,3.38,0.56,0.02,6.44
2010-08-18,3.55,3.60,3.64,3.55,25392,38015045.48,2.52,0.84,0.03,7.42
2010-08-19,3.60,3.57,3.62,3.49,24475,36273652.57,3.61,-0.83,-0.03,7.16
2010-08-20,3.57,3.52,3.60,3.50,17566,25913477.79,2.80,-1.40,-0.05,5.14
2010-08-23,3.52,3.53,3.56,3.50,10465,15376910.21,1.70,0.28,0.01,3.06
2010-08-25,3.55,3.45,3.60,3.44,16580,24373173.33,4.53,-2.27,-0.08,4.85
2010-08-26,3.44,3.44,3.50,3.38,8656,12413231.24,3.48,-0.29,-0.01,2.53
2010-08-27,3.40,3.49,3.49,3.40,7413,10729365.83,2.62,1.45,0.05,2.17
2010-08-30,3.51,3.57,3.57,3.49,14591,21519706.62,2.29,2.29,0.08,4.27
2010-08-31,3.58,3.56,3.61,3.53,16289,24163736.41,2.24,-0.28,-0.01,4.76
2010-09-01,3.52,3.49,3.61,3.42,18090,26542692.84,5.34,-1.97,-0.07,5.29
2010-09-02,3.53,3.67,3.69,3.50,38211,57444115.00,5.44,5.16,0.18,11.17
2010-09-03,3.69,3.71,3.75,3.63,31157,47592980.31,3.27,1.09,0.04,9.11
2010-09-06,3.74,3.60,3.74,3.58,21854,33056536.26,4.31,-2.96,-0.11,6.39
2010-09-07,3.59,3.65,3.65,3.57,10450,15680002.21,2.22,1.39,0.05,3.06
2010-09-08,3.63,3.62,3.63,3.59,12500,18739853.17,1.10,-0.82,-0.03,3.66
2010-09-09,3.62,3.50,3.65,3.50,17862,26437304.94,4.14,-3.31,-0.12,5.22
2010-09-10,3.50,3.54,3.54,3.38,12452,18085192.51,4.57,1.14,0.04,3.64
2010-09-13,3.54,3.58,3.58,3.53,11896,17629394.72,1.41,1.13,0.04,3.48
2010-09-14,3.57,3.61,3.61,3.55,16737,24899239.87,1.68,0.84,0.03,4.89
2010-09-15,3.62,3.65,3.72,3.62,36269,55163599.27,2.77,1.11,0.04,10.60
2010-09-16,3.64,3.47,3.69,3.42,18380,27004914.82,7.40,-4.93,-0.18,5.37
2010-09-17,3.48,3.48,3.49,3.38,10552,15181500.15,3.17,0.29,0.01,3.09
2010-09-20,3.48,3.39,3.50,3.39,6767,9712941.44,3.16,-2.59,-0.09,1.98
2010-09-21,3.40,3.41,3.46,3.36,4381,6259312.24,2.95,0.59,0.02,1.28
2010-09-27,3.44,3.45,3.46,3.40,10856,15555573.65,1.76,1.17,0.04,3.17
2010-09-28,3.46,3.36,3.46,3.36,8909,12730107.11,2.90,-2.61,-0.09,2.60
2010-09-29,3.35,3.37,3.43,3.35,5547,7864525.18,2.38,0.30,0.01,1.62
2010-09-30,3.34,3.43,3.44,3.33,4994,7139914.51,3.26,1.78,0.06,1.46
2010-10-08,3.45,3.56,3.65,3.45,22843,33967302.38,5.83,3.79,0.13,6.68
2010-10-11,3.56,3.60,3.61,3.52,21150,31463665.63,2.53,1.12,0.04,6.18
2010-10-12,3.62,3.73,3.89,3.62,36508,56753657.45,7.50,3.61,0.13,10.67
2010-10-13,3.73,3.72,3.75,3.63,19728,30178838.24,3.22,-0.27,-0.01,5.77
2010-10-14,3.74,3.62,3.74,3.59,21949,33092094.80,4.03,-2.69,-0.10,6.42
2010-10-15,3.59,3.54,3.68,3.53,17471,26151438.86,4.14,-2.21,-0.08,5.11
2010-10-18,3.54,3.44,3.56,3.41,16350,23516756.15,4.24,-2.82,-0.10,4.78
2010-10-19,3.44,3.80,3.84,3.44,29910,45735850.97,11.63,10.47,0.36,8.75
2010-10-20,3.70,3.70,3.79,3.66,22667,34828625.77,3.42,-2.63,-0.10,6.63
2010-10-21,3.69,3.77,3.83,3.63,31808,49204768.80,5.41,1.89,0.07,9.30
2010-10-22,3.78,3.99,4.10,3.77,75442,122642454.90,8.75,5.84,0.22,22.06
2010-10-25,4.03,4.02,4.06,3.91,49096,80267166.03,3.76,0.75,0.03,14.36
2010-10-26,4.03,3.96,4.03,3.89,30695,49757639.18,3.48,-1.49,-0.06,8.98
2010-10-27,3.94,3.89,4.03,3.89,26005,42292857.69,3.54,-1.77,-0.07,7.60
2010-10-28,3.90,3.83,3.95,3.80,19732,31335294.38,3.86,-1.54,-0.06,5.77
2010-10-29,3.87,3.97,3.97,3.81,22309,35793883.14,4.18,3.66,0.14,6.52
2010-11-01,4.03,4.07,4.08,4.00,43311,71650360.55,2.02,2.52,0.10,12.66
2010-11-02,4.07,3.98,4.08,3.97,27293,44755352.28,2.70,-2.21,-0.09,7.98
2010-11-03,3.99,3.85,4.00,3.84,19757,31741177.23,4.02,-3.27,-0.13,5.78
2010-11-05,3.95,3.97,4.05,3.95,24732,40498825.59,2.60,3.12,0.12,7.23
2010-11-08,4.02,4.14,4.19,3.94,42457,70835561.46,6.30,4.28,0.17,12.41
2010-11-09,4.14,4.13,4.14,4.04,33935,56565337.03,2.42,-0.24,-0.01,9.92
2010-11-10,4.36,4.14,4.36,4.11,42918,73312188.50,6.05,0.24,0.01,12.55
2010-11-11,4.07,4.04,4.19,4.04,31989,53630480.09,3.62,-2.42,-0.10,9.35
2010-11-12,4.03,3.66,4.03,3.63,28717,45554316.77,9.90,-9.41,-0.38,8.40
2010-11-15,3.66,3.74,3.76,3.63,13832,21185604.91,3.55,2.19,0.08,4.04
2010-11-16,3.66,3.68,3.83,3.61,14166,21845908.25,5.88,-1.60,-0.06,4.14
2010-11-17,3.45,3.52,3.67,3.45,12888,19195600.71,5.98,-4.35,-0.16,3.77
2010-11-18,3.55,3.54,3.61,3.48,12007,17677805.86,3.69,0.57,0.02,3.51
2010-11-19,3.60,3.64,3.66,3.55,9748,14616537.47,3.11,2.82,0.10,2.85
2010-11-22,3.64,3.70,3.75,3.60,12525,19216507.48,4.12,1.65,0.06,3.66
2010-11-23,3.68,3.74,3.75,3.55,14231,21693300.68,5.41,1.08,0.04,4.16
2010-11-24,3.69,3.97,4.02,3.64,37134,59523326.71,10.16,6.15,0.23,10.86
2010-11-25,4.00,3.98,4.03,3.86,29167,47270278.65,4.28,0.25,0.01,8.53
2010-11-26,4.04,4.04,4.11,3.94,39418,65143772.65,4.27,1.51,0.06,11.53
2010-11-29,4.04,4.21,4.36,3.99,67476,116264734.86,9.16,4.21,0.17,19.73
2010-11-30,4.14,4.14,4.31,3.93,45267,76367247.58,9.03,-1.66,-0.07,13.24
2010-12-01,4.13,4.10,4.19,4.01,22217,37101993.01,4.35,-0.97,-0.04,6.50
2010-12-02,4.21,4.06,4.23,4.03,28614,48241114.36,4.88,-0.98,-0.04,8.37
2010-12-03,4.06,4.14,4.15,4.03,16903,28282637.83,2.96,1.97,0.08,4.94
2010-12-06,4.07,4.09,4.20,4.06,15945,26809078.92,3.38,-1.21,-0.05,4.66
2010-12-07,4.07,3.99,4.09,3.86,20326,33049511.48,5.62,-2.44,-0.10,5.94
2010-12-08,3.98,3.89,4.01,3.89,15667,25349910.16,3.01,-2.51,-0.10,4.58
2010-12-09,3.89,3.82,3.93,3.80,9533,15160391.09,3.34,-1.80,-0.07,2.79
2010-12-10,3.89,3.84,3.94,3.83,11678,18582365.76,2.88,0.52,0.02,3.41
2010-12-13,3.88,3.96,3.98,3.84,15969,25815788.22,3.65,3.13,0.12,4.67
2010-12-14,4.00,4.10,4.12,3.93,22623,37587450.75,4.80,3.54,0.14,6.61
2010-12-15,4.09,4.03,4.11,4.00,17952,29704365.40,2.68,-1.71,-0.07,5.25
2010-12-16,4.08,3.98,4.08,3.97,11973,19799042.92,2.73,-1.24,-0.05,3.50
2010-12-17,3.99,4.02,4.07,3.96,12380,20369494.81,2.76,1.01,0.04,3.62
2010-12-20,4.05,4.03,4.10,3.90,17828,29298763.48,4.98,0.25,0.01,5.21
2010-12-21,4.05,4.09,4.11,3.98,18770,31203452.25,3.23,1.49,0.06,5.49
2010-12-22,4.11,4.01,4.11,4.00,14327,23781468.60,2.69,-1.96,-0.08,4.19
2010-12-23,3.99,3.88,4.02,3.86,12549,20296375.53,3.99,-3.24,-0.13,3.67
2010-12-24,3.86,3.78,3.91,3.78,7944,12515419.81,3.35,-2.58,-0.10,2.32
2010-12-28,3.61,3.60,3.69,3.54,11778,17614989.58,3.97,-4.76,-0.18,3.44
2010-12-29,3.66,3.70,3.71,3.60,6080,9203588.76,3.06,2.78,0.10,1.78
2010-12-30,3.70,3.74,3.76,3.65,5687,8722540.87,2.97,1.08,0.04,1.66
2010-12-31,3.81,3.77,3.81,3.73,7590,11778542.51,2.14,0.80,0.03,2.22