2023-01-03,4.35,4.43,4.44,4.33,33560,14748450.00,2.54,2.31,0.10,0.62
2023-01-04,4.41,4.47,4.48,4.41,29655,13213874.61,1.58,0.90,0.04,0.55
2023-01-05,4.47,4.46,4.48,4.43,25973,11572186.00,1.12,-0.22,-0.01,0.48
2023-01-06,4.44,4.45,4.49,4.41,25502,11382781.00,1.79,-0.22,-0.01,0.47
2023-01-09,4.42,4.45,4.49,4.42,20531,9169561.00,1.57,0.00,0.00,0.38
2023-01-10,4.46,4.40,4.46,4.40,21500,9498149.00,1.35,-1.12,-0.05,0.40
2023-01-11,4.40,4.38,4.45,4.36,26187,11539348.00,2.05,-0.45,-0.02,0.48
2023-01-12,4.42,4.36,4.42,4.34,19014,8303367.00,1.83,-0.46,-0.02,0.35
2023-01-13,4.39,4.39,4.41,4.35,16623,7283222.00,1.38,0.69,0.03,0.31
2023-01-16,4.40,4.46,4.47,4.37,28382,12594732.00,2.28,1.59,0.07,0.52
2023-01-17,4.46,4.49,4.49,4.45,33191,14844419.80,0.90,0.67,0.03,0.61
2023-01-18,4.48,4.53,4.55,4.47,31264,14144716.65,1.78,0.89,0.04,0.58
2023-01-19,4.52,4.52,4.54,4.50,23176,10489847.04,0.88,-0.22,-0.01,0.43
2023-01-20,4.53,4.56,4.59,4.53,33159,15112297.00,1.33,0.88,0.04,0.61
2023-01-30,4.61,4.63,4.65,4.58,47883,22147196.96,1.54,1.54,0.07,0.88
2023-01-31,4.61,4.63,4.64,4.58,31910,14730114.00,1.30,0.00,0.00,0.59
2023-02-01,4.65,4.69,4.70,4.62,40266,18799917.26,1.73,1.30,0.06,0.74
2023-02-02,4.69,4.69,4.72,4.68,36748,17262457.00,0.85,0.00,0.00,0.68
2023-02-03,4.69,4.71,4.74,4.64,46968,22001779.72,2.13,0.43,0.02,0.87
2023-02-06,4.70,5.18,5.18,4.67,305286,156793419.43,10.83,9.98,0.47,5.62
2023-02-07,5.18,5.08,5.25,5.03,596659,304465161.47,4.25,-1.93,-0.10,10.99
2023-02-08,5.05,5.02,5.23,4.97,330779,167050999.06,5.12,-1.18,-0.06,6.09
2023-02-09,5.03,5.02,5.04,4.92,245165,122011569.63,2.39,0.00,0.00,4.52
2023-02-10,4.97,4.97,5.01,4.95,159264,79201838.36,1.20,-1.00,-0.05,2.93
2023-02-13,4.93,4.97,4.99,4.92,137295,68163201.56,1.41,0.00,0.00,2.53
2023-02-14,4.98,4.97,5.01,4.93,102670,50951011.22,1.61,0.00,0.00,1.89
2023-02-15,4.99,4.98,4.99,4.94,84031,41731385.00,1.01,0.20,0.01,1.55
2023-02-16,4.96,4.85,4.98,4.78,159686,78143731.53,4.02,-2.61,-0.13,2.94
2023-02-17,4.80,4.85,4.91,4.80,77854,37915213.60,2.27,0.00,0.00,1.43
2023-02-20,4.86,4.92,4.94,4.82,68010,33297568.06,2.47,1.44,0.07,1.25
2023-02-21,4.94,4.89,4.94,4.87,71858,35263623.00,1.42,-0.61,-0.03,1.32
2023-02-22,4.89,4.95,4.98,4.86,102478,50734438.60,2.45,1.23,0.06,1.89
2023-02-23,4.96,4.93,4.97,4.90,51127,25215812.00,1.41,-0.40,-0.02,0.94
2023-02-24,4.96,4.94,4.96,4.90,49332,24329871.64,1.22,0.20,0.01,0.91
2023-02-27,4.91,4.89,4.96,4.86,54959,26925598.00,2.02,-1.01,-0.05,1.01
2023-02-28,4.91,4.90,4.93,4.85,40214,19686362.00,1.64,0.20,0.01,0.74
2023-03-01,4.91,4.96,4.97,4.89,55711,27464755.00,1.63,1.22,0.06,1.03
2023-03-02,4.95,4.94,4.99,4.93,50473,24999177.00,1.21,-0.40,-0.02,0.93
2023-03-03,4.93,4.90,4.95,4.89,42471,20848672.52,1.21,-0.81,-0.04,0.78
2023-03-06,4.90,4.90,4.93,4.88,33919,16630292.00,1.02,0.00,0.00,0.62
2023-03-07,4.91,4.81,4.94,4.80,61879,30091265.14,2.86,-1.84,-0.09,1.14
2023-03-08,4.80,4.86,4.87,4.78,34389,16626850.51,1.87,1.04,0.05,0.63
2023-03-09,4.86,4.91,4.92,4.81,56484,27527220.00,2.26,1.03,0.05,1.04
2023-03-10,4.89,4.87,4.97,4.86,71177,34989204.00,2.24,-0.81,-0.04,1.31
2023-03-13,4.84,4.79,4.86,4.75,59151,28341289.78,2.26,-1.64,-0.08,1.09
2023-03-14,4.82,4.77,4.83,4.69,48437,23040122.00,2.92,-0.42,-0.02,0.89