2023-01-03,131.50,134.23,134.76,129.62,72699,968924122.36,3.90,1.83,2.41,0.86
2023-01-04,133.97,134.52,136.39,132.50,71938,965968355.99,2.90,0.22,0.29,0.85
2023-01-05,134.52,134.99,138.49,133.82,95003,1292428006.60,3.47,0.35,0.47,1.12
2023-01-06,133.00,126.80,134.44,125.00,277261,3542869450.99,6.99,-6.07,-8.19,3.26
2023-01-09,126.00,125.90,129.35,125.55,146556,1860549221.35,3.00,-0.71,-0.90,1.72
2023-01-10,125.90,124.05,126.08,123.33,138959,1726331829.13,2.18,-1.47,-1.85,1.64
2023-01-11,124.45,122.77,125.68,122.05,108179,1333595354.79,2.93,-1.03,-1.28,1.27
2023-01-12,123.00,120.35,123.27,119.50,169930,2051501412.79,3.07,-1.97,-2.42,2.00
2023-01-13,120.20,118.11,120.28,117.10,171409,2023154088.52,2.64,-1.86,-2.24,2.02
2023-01-16,117.01,119.60,120.96,116.80,145493,1737452880.93,3.52,1.26,1.49,1.71
2023-01-17,119.36,124.00,126.04,118.98,210279,2600760948.76,5.90,3.68,4.40,2.48
2023-01-18,124.02,124.00,124.45,122.53,104251,1289345682.28,1.55,0.00,0.00,1.23
2023-01-19,123.60,126.60,127.49,123.30,143481,1807366239.03,3.38,2.10,2.60,1.69
2023-01-20,126.38,126.00,127.71,125.76,89955,1137048089.77,1.54,-0.47,-0.60,1.06
2023-01-30,127.62,129.28,129.66,124.01,145455,1859728973.06,4.48,2.60,3.28,1.71
2023-01-31,129.00,125.80,129.12,125.40,110937,1406791403.99,2.88,-2.69,-3.48,1.31