2012-01-04,5.72,5.56,5.79,5.49,13673,32405040.00,5.27,-2.28,-0.13,0.25
2012-01-05,5.56,5.21,5.65,5.19,20893,47835138.00,8.27,-6.29,-0.35,0.38
2012-01-06,5.19,5.12,5.28,4.89,22167,47981077.00,7.49,-1.73,-0.09,0.41
2012-01-09,5.12,5.26,5.30,5.03,21151,47035541.00,5.27,2.73,0.14,0.39
2012-01-10,5.31,5.42,5.56,5.24,26804,61539473.00,6.08,3.04,0.16,0.49
2012-01-11,5.51,5.42,5.51,5.39,12601,29119349.00,2.21,0.00,0.00,0.23
2012-01-12,5.40,5.58,5.59,5.38,19866,46453862.00,3.87,2.95,0.16,0.36
2012-01-13,5.58,5.38,5.58,5.08,37284,83935630.00,8.96,-3.58,-0.20,0.68
2012-01-16,5.20,4.94,5.28,4.92,34999,75799544.00,6.69,-8.18,-0.44,0.64
2012-01-17,4.99,5.05,5.10,4.55,54282,112432457.00,11.13,2.23,0.11,1.00
2012-01-18,5.00,4.75,5.03,4.72,26730,56258258.00,6.14,-5.94,-0.30,0.49
2012-01-19,4.72,4.98,5.00,4.64,17099,35985959.00,7.58,4.84,0.23,0.31
2012-01-20,4.96,5.25,5.28,4.96,20390,45395663.00,6.43,5.42,0.27,0.37
2012-01-30,5.25,5.21,5.51,5.13,14680,33201789.00,7.24,-0.76,-0.04,0.27
2012-01-31,5.24,5.33,5.42,5.22,18425,41643716.00,3.84,2.30,0.12,0.34
2012-02-01,5.28,5.41,5.56,5.24,19592,45295617.00,6.00,1.50,0.08,0.36
2012-02-02,5.42,5.61,5.65,5.39,18371,42716125.00,4.81,3.70,0.20,0.34
2012-02-03,5.63,5.71,5.86,5.63,28487,68739875.00,4.10,1.78,0.10,0.52
2012-02-06,5.73,5.89,5.94,5.73,50982,125573430.00,3.68,3.15,0.18,0.94
2012-02-07,5.87,5.79,5.87,5.74,25400,61986863.00,2.21,-1.70,-0.10,0.47
2012-02-08,5.79,5.84,5.88,5.78,20960,51426923.00,1.73,0.86,0.05,0.38
2012-02-09,5.84,6.02,6.07,5.84,20985,52602878.00,3.94,3.08,0.18,0.39
2012-02-10,6.03,6.26,6.33,5.94,34102,87925645.00,6.48,3.99,0.24,0.63
2012-02-13,6.24,6.26,6.39,6.18,29088,75955442.00,3.35,0.00,0.00,0.53
2012-02-14,6.29,6.15,6.35,6.10,29802,77120052.00,3.99,-1.76,-0.11,0.55
2012-02-15,6.15,6.18,6.29,6.02,27909,71671593.00,4.39,0.49,0.03,0.51
2012-02-16,6.16,6.08,6.38,6.07,36994,95582444.00,5.02,-1.62,-0.10,0.68
2012-02-17,6.07,6.22,6.28,6.07,34106,87830553.00,3.45,2.30,0.14,0.63
2012-02-20,6.31,6.22,6.36,6.21,30321,78822248.00,2.41,0.00,0.00,0.56
2012-02-21,6.23,6.28,6.29,6.17,17645,45748584.00,1.93,0.96,0.06,0.32
2012-02-22,6.28,6.37,6.45,6.25,43050,114119973.00,3.18,1.43,0.09,0.79
2012-02-23,6.37,6.35,6.46,6.28,26365,69540671.00,2.83,-0.31,-0.02,0.48
2012-02-24,6.28,6.35,6.36,6.27,18267,47987152.00,1.42,0.00,0.00,0.34
2012-02-27,6.34,6.52,6.67,6.30,53903,145358272.00,5.83,2.68,0.17,0.99
2012-02-28,6.48,6.41,6.56,6.38,24298,64887643.00,2.76,-1.69,-0.11,0.45
2012-02-29,6.41,6.26,6.47,6.19,27429,72075322.00,4.37,-2.34,-0.15,0.50
2012-03-01,6.25,6.41,6.53,6.22,26313,69957985.00,4.95,2.40,0.15,0.48
2012-03-02,6.58,6.59,6.65,6.39,45809,124181184.00,4.06,2.81,0.18,0.84
2012-03-05,6.63,6.59,6.79,6.53,53770,147533682.00,3.95,0.00,0.00,0.99
2012-03-07,6.46,6.31,6.61,6.31,62726,168068930.00,4.55,-4.25,-0.28,1.15
2012-03-08,6.33,6.50,6.55,6.26,29063,77364777.00,4.60,3.01,0.19,0.53
2012-03-09,6.45,6.66,6.72,6.36,63728,173188840.00,5.54,2.46,0.16,1.17
2012-03-12,6.65,6.49,6.66,6.39,46439,124764762.00,4.05,-2.55,-0.17,0.85
2012-03-13,6.43,6.51,6.69,6.43,40077,108875774.00,4.01,0.31,0.02,0.74
2012-03-14,6.53,6.42,6.63,6.30,58659,157373880.00,5.07,-1.38,-0.09,1.08
2012-03-15,6.40,6.34,6.46,6.19,32279,84781260.00,4.21,-1.25,-0.08,0.59
2012-03-16,6.34,6.33,6.44,6.20,36173,95065178.00,3.79,-0.16,-0.01,0.66
2012-03-19,6.33,6.39,6.44,6.33,22509,59704518.00,1.74,0.95,0.06,0.41
2012-03-20,6.39,6.38,6.43,6.25,20272,53433652.00,2.82,-0.16,-0.01,0.37
2012-03-21,6.42,6.29,6.42,6.06,40284,105172776.00,5.64,-1.41,-0.09,0.74
2012-03-22,6.29,6.25,6.30,6.13,11858,30655728.00,2.70,-0.64,-0.04,0.22
2012-03-23,6.21,6.10,6.24,6.07,25360,64970328.00,2.72,-2.40,-0.15,0.47
2012-03-26,6.12,6.08,6.16,6.06,19076,48564287.00,1.64,-0.33,-0.02,0.35
2012-03-27,6.07,6.14,6.26,6.07,25112,64734354.00,3.13,0.99,0.06,0.46
2012-03-28,6.14,6.05,6.25,6.03,21803,55743357.00,3.58,-1.47,-0.09,0.40
2012-03-29,6.05,6.00,6.11,5.83,38124,94562765.00,4.63,-0.83,-0.05,0.70
2012-03-30,6.00,6.24,6.25,5.92,33799,85327886.00,5.50,4.00,0.24,0.62
2012-04-05,6.28,6.42,6.46,6.15,33158,87073277.00,4.97,2.88,0.18,0.61
2012-04-06,6.39,6.31,6.44,6.31,23314,61565502.00,2.02,-1.71,-0.11,0.42
2012-04-09,6.36,6.31,6.36,6.21,19599,51265908.00,2.38,0.00,0.00,0.36
2012-04-10,6.28,6.21,6.28,6.02,22836,58396232.00,4.12,-1.58,-0.10,0.42
2012-04-11,6.08,6.25,6.32,6.08,20703,53771754.00,3.86,0.64,0.04,0.38
2012-04-12,6.32,6.29,6.35,6.22,18396,48014531.00,2.08,0.64,0.04,0.33
2012-04-13,6.35,6.38,6.43,6.31,16982,44940326.00,1.91,1.43,0.09,0.31
2012-04-16,6.46,6.33,6.48,6.31,16813,44570092.00,2.66,-0.78,-0.05,0.31
2012-04-17,6.28,6.30,6.36,6.22,8764,22899850.00,2.21,-0.47,-0.03,0.16
2012-04-18,6.33,6.52,6.58,6.32,37518,100749063.00,4.13,3.49,0.22,0.68
2012-04-19,6.47,6.60,6.76,6.42,32982,90736930.00,5.21,1.23,0.08,0.60
2012-04-20,6.55,6.51,6.69,6.42,31487,84720300.00,4.09,-1.36,-0.09,0.57
2012-04-23,6.50,6.43,6.58,6.40,25333,67834261.00,2.76,-1.23,-0.08,0.46
2012-04-24,6.42,6.28,6.47,6.25,29703,78265731.00,3.42,-2.33,-0.15,0.54
2012-04-25,6.28,6.24,6.35,6.19,18193,47297453.00,2.55,-0.64,-0.04,0.33
2012-04-26,6.28,6.37,6.43,6.28,19052,50356910.00,2.40,2.08,0.13,0.35
2012-04-27,6.37,6.28,6.40,6.24,16785,43764987.00,2.51,-1.41,-0.09,0.31
2012-05-02,6.38,6.33,6.41,6.25,18081,47465054.00,2.55,0.80,0.05,0.33
2012-05-04,6.38,6.61,6.71,6.36,100810,270858208.00,5.53,4.42,0.28,1.83
2012-05-07,6.58,6.92,7.04,6.58,88436,251174956.00,6.96,4.69,0.31,1.61
2012-05-08,6.94,6.97,7.01,6.81,42857,121689486.00,2.89,0.72,0.05,0.78
2012-05-09,6.94,7.02,7.11,6.83,36874,105970859.00,4.02,0.72,0.05,0.67
2012-05-10,7.03,7.16,7.34,7.03,49807,146643162.00,4.42,1.99,0.14,0.91
2012-05-11,7.13,7.18,7.33,7.06,33161,98036537.00,3.77,0.28,0.02,0.60
2012-05-14,7.13,6.98,7.22,6.86,35501,102412675.00,5.01,-2.79,-0.20,0.65
2012-05-15,7.00,7.29,7.29,6.89,42790,123805293.00,5.73,4.44,0.31,0.78
2012-05-16,7.25,7.26,7.43,7.13,33838,100678273.00,4.12,-0.41,-0.03,0.62
2012-05-17,7.25,7.24,7.36,7.03,29599,86914005.00,4.55,-0.28,-0.02,0.54
2012-05-18,7.17,7.09,7.23,6.97,37745,109475581.00,3.59,-2.07,-0.15,0.69
2012-05-21,7.08,7.22,7.26,7.06,27376,80147890.00,2.82,1.83,0.13,0.50
2012-05-22,7.35,7.51,7.64,7.22,66268,201657031.00,5.82,4.02,0.29,1.21
2012-05-23,7.52,7.53,7.63,7.40,35410,108029934.00,3.06,0.27,0.02,0.64
2012-05-24,7.47,7.31,7.66,7.25,37273,113701264.00,5.44,-2.92,-0.22,0.68
2012-05-25,7.30,7.36,7.50,7.24,27753,83509649.00,3.56,0.68,0.05,0.50
2012-05-28,7.33,7.22,7.40,7.13,49029,144581817.00,3.67,-1.90,-0.14,0.89
2012-05-29,7.22,7.23,7.35,7.05,74258,216999187.00,4.16,0.14,0.01,1.35
2012-05-30,7.25,7.24,7.32,7.20,19363,57355800.00,1.66,0.14,0.01,0.35
2012-05-31,7.21,7.48,7.55,7.08,44316,133035732.00,6.49,3.31,0.24,0.81
2012-06-01,7.48,7.69,7.73,7.42,38143,118348196.00,4.14,2.81,0.21,0.69
2012-06-04,7.61,7.59,7.94,7.54,59753,189329081.00,5.20,-1.30,-0.10,1.09
2012-06-05,7.60,7.58,7.76,7.32,31010,94286250.00,5.80,-0.13,-0.01,0.56
2012-06-06,7.57,7.64,7.76,7.36,26147,81286947.00,5.28,0.79,0.06,0.48
2012-06-07,7.70,7.74,7.83,7.64,21398,67015408.00,2.49,1.31,0.10,0.39
2012-06-08,7.79,7.63,7.87,7.58,13195,41110389.00,3.75,-1.42,-0.11,0.24
2012-06-11,7.65,8.00,8.10,7.65,41707,133840930.00,5.90,4.85,0.37,0.76
2012-06-12,8.08,7.98,8.18,7.95,26084,84685847.00,2.88,-0.25,-0.02,0.47
2012-06-13,7.99,8.29,8.30,7.99,33172,109504074.00,3.88,3.88,0.31,0.60
2012-06-14,8.31,8.43,8.59,8.23,27356,92744346.00,4.34,1.69,0.14,0.50
2012-06-15,8.42,8.47,8.63,8.24,26917,91092926.00,4.63,0.47,0.04,0.49
2012-06-18,8.47,8.38,8.56,8.26,33940,114512513.00,3.54,-1.06,-0.09,0.62
2012-06-19,8.37,8.37,8.67,8.11,37012,125048012.00,6.68,-0.12,-0.01,0.67
2012-06-20,8.38,8.40,8.46,8.28,23685,79702589.00,2.15,0.36,0.03,0.43
2012-06-21,8.38,8.41,8.54,8.32,32180,109274946.00,2.62,0.12,0.01,0.59
2012-06-25,8.39,8.50,8.70,8.20,47486,162112399.00,5.95,1.07,0.09,0.86
2012-06-26,8.34,8.51,8.54,8.14,43425,145359048.00,4.71,0.12,0.01,0.79
2012-06-27,8.44,9.03,9.25,8.44,60400,215653200.00,9.52,6.11,0.52,1.10
2012-06-28,9.03,8.97,9.27,8.83,58870,212787195.00,4.87,-0.66,-0.06,1.07
2012-06-29,8.87,9.16,9.32,8.87,54090,196901131.00,5.02,2.12,0.19,0.98
2012-07-02,9.25,9.42,9.44,9.08,37742,139270723.00,3.93,2.84,0.26,0.69
2012-07-03,9.36,9.31,9.53,9.23,21478,80054798.00,3.18,-1.17,-0.11,0.39
2012-07-04,9.36,8.89,9.38,8.84,63682,228637206.00,5.80,-4.51,-0.42,1.16
2012-07-05,8.83,8.85,9.02,8.67,31673,111874534.00,3.94,-0.45,-0.04,0.58
2012-07-06,8.77,9.58,9.81,8.77,54370,201021580.00,11.75,8.25,0.73,0.99
2012-07-09,9.51,9.47,9.77,9.44,40095,152425850.00,3.44,-1.15,-0.11,0.73
2012-07-10,9.48,9.25,9.58,9.20,22764,84939000.00,4.01,-2.32,-0.22,0.41
2012-07-11,9.25,9.18,9.34,8.87,29334,106200191.00,5.08,-0.76,-0.07,0.53
2012-07-12,9.15,9.49,9.56,9.05,24185,90264384.00,5.56,3.38,0.31,0.44
2012-07-13,9.41,9.44,9.64,9.31,13254,49703247.00,3.48,-0.53,-0.05,0.24
2012-07-16,9.44,9.11,9.44,8.99,35898,130540615.00,4.77,-3.50,-0.33,0.65
2012-07-17,9.12,8.93,9.17,8.61,29714,104444414.00,6.15,-1.98,-0.18,0.54
2012-07-18,8.91,8.69,8.91,8.33,53208,181485433.00,6.49,-2.69,-0.24,0.97
2012-07-19,8.61,8.90,8.98,8.50,28348,99747267.00,5.52,2.42,0.21,0.52
2012-07-20,8.80,8.77,8.91,8.67,15979,56004829.00,2.70,-1.46,-0.13,0.29
2012-07-23,8.68,8.43,8.84,8.36,20559,70597943.00,5.47,-3.88,-0.34,0.37
2012-07-24,8.44,8.90,8.94,8.44,36968,128906000.00,5.93,5.58,0.47,0.67
2012-07-25,8.94,8.94,8.97,8.68,32709,115270403.00,3.26,0.45,0.04,0.59
2012-07-26,8.92,9.08,9.31,8.88,38471,139824735.00,4.81,1.57,0.14,0.70
2012-07-27,9.22,8.89,9.22,8.72,19671,69996758.00,5.51,-2.09,-0.19,0.36
2012-07-30,8.75,8.72,8.99,8.66,11910,41845713.00,3.71,-1.91,-0.17,0.22
2012-07-31,8.72,8.53,8.85,8.42,13870,47774158.00,4.93,-2.18,-0.19,0.25
2012-08-01,8.52,8.81,8.88,8.50,12731,44580954.00,4.45,3.28,0.28,0.23
2012-08-02,8.81,9.05,9.18,8.70,26779,96952121.00,5.45,2.72,0.24,0.49
2012-08-03,9.06,9.49,9.54,9.06,23935,88979481.00,5.30,4.86,0.44,0.44
2012-08-06,9.44,9.59,9.82,9.39,35023,133661076.00,4.53,1.05,0.10,0.64
2012-08-07,9.70,9.68,9.83,9.59,16087,61768693.00,2.50,0.94,0.09,0.29
2012-08-08,9.71,9.58,9.71,9.41,18125,68656812.00,3.10,-1.03,-0.10,0.33
2012-08-09,9.56,10.08,10.11,9.56,31568,122999701.00,5.74,5.22,0.50,0.57
2012-08-10,10.06,10.05,10.16,10.00,19640,78242893.00,1.59,-0.30,-0.03,0.36
2012-08-13,10.05,10.05,10.24,9.86,14317,56792171.00,3.78,0.00,0.00,0.26
2012-08-14,9.86,9.93,10.15,8.94,41681,159856456.00,12.04,-1.19,-0.12,0.76
2012-08-15,9.89,10.15,10.19,9.81,15246,60918427.00,3.83,2.22,0.22,0.28
2012-08-16,10.08,10.06,10.33,10.00,11635,46601902.00,3.25,-0.89,-0.09,0.21
2012-08-17,10.06,9.80,10.19,9.44,27496,105623807.00,7.46,-2.58,-0.26,0.50
2012-08-20,9.60,9.88,9.93,9.42,13572,52557902.00,5.20,0.82,0.08,0.25
2012-08-21,9.92,10.25,10.69,9.81,41313,168572035.00,8.91,3.74,0.37,0.75
2012-08-22,10.22,10.26,10.43,10.08,14802,59965270.00,3.41,0.10,0.01,0.27
2012-08-23,10.22,10.11,10.39,9.81,19234,76243664.00,5.65,-1.46,-0.15,0.35
2012-08-24,9.89,9.77,10.08,9.73,8859,34430391.00,3.46,-3.36,-0.34,0.16
2012-08-27,9.75,9.42,9.75,9.33,34611,129677533.00,4.30,-3.58,-0.35,0.63
2012-08-28,9.31,9.48,9.69,9.31,32679,122641202.00,4.03,0.64,0.06,0.59
2012-08-29,9.36,9.69,9.79,9.28,51739,194977031.00,5.38,2.22,0.21,0.94
2012-08-30,9.61,9.19,9.61,9.06,35945,132217105.00,5.68,-5.16,-0.50,0.65
2012-08-31,9.14,9.32,9.36,9.08,12781,46594966.00,3.05,1.41,0.13,0.23
2012-09-03,9.31,9.68,9.71,9.20,32459,123237104.00,5.47,3.86,0.36,0.59
2012-09-04,9.64,9.58,9.69,9.53,26726,101432615.00,1.65,-1.03,-0.10,0.49
2012-09-05,9.50,9.79,9.90,9.50,18901,72904849.00,4.18,2.19,0.21,0.34
2012-09-06,9.86,9.92,10.00,9.76,13405,52178428.00,2.45,1.33,0.13,0.24
2012-09-07,9.92,10.06,10.19,9.81,36163,141860786.00,3.83,1.41,0.14,0.66
2012-09-10,10.14,9.75,10.19,9.64,29219,112903841.00,5.47,-3.08,-0.31,0.53
2012-09-11,9.64,9.58,9.75,9.29,54381,202407766.00,4.72,-1.74,-0.17,0.99
2012-09-12,9.64,9.60,9.71,9.39,23781,89475744.00,3.34,0.21,0.02,0.43
2012-09-13,9.61,9.38,9.61,9.31,25625,95762298.00,3.13,-2.29,-0.22,0.47
2012-09-14,9.44,9.51,9.57,9.28,32208,119709634.00,3.09,1.39,0.13,0.59
2012-09-17,9.50,9.51,9.92,9.40,37245,141704298.00,5.47,0.00,0.00,0.68
2012-09-18,9.53,9.69,9.86,9.53,36827,141164921.00,3.47,1.89,0.18,0.67
2012-09-19,9.78,9.63,9.78,9.54,19975,76272230.00,2.48,-0.62,-0.06,0.36
2012-09-20,9.52,9.53,9.75,9.48,21073,79842618.00,2.80,-1.04,-0.10,0.38
2012-09-21,9.31,9.32,9.53,9.28,16099,59471465.00,2.62,-2.20,-0.21,0.29
2012-09-24,9.23,9.56,9.65,9.09,22097,81764592.00,6.01,2.58,0.24,0.40
2012-09-25,9.58,9.29,9.58,9.08,21162,77453240.00,5.23,-2.82,-0.27,0.38
2012-09-26,9.27,8.94,9.30,8.29,26939,95506903.00,10.87,-3.77,-0.35,0.49
2012-09-27,8.90,9.27,9.43,8.81,28622,104547478.00,6.94,3.69,0.33,0.52
2012-09-28,9.15,9.44,9.49,9.15,25600,94829599.00,3.67,1.83,0.17,0.47
2012-10-08,9.36,9.25,9.58,9.11,18704,68157104.00,4.98,-2.01,-0.19,0.34
2012-10-09,9.36,9.69,9.82,9.33,27583,104721562.00,5.30,4.76,0.44,0.50
2012-10-10,9.64,9.97,10.19,9.64,29244,114376154.00,5.68,2.89,0.28,0.53
2012-10-11,9.89,9.83,9.99,9.72,14033,54442632.00,2.71,-1.40,-0.14,0.26
2012-10-12,9.92,9.89,10.11,9.72,8865,34479264.00,3.97,0.61,0.06,0.16
2012-10-15,10.02,9.77,10.07,9.61,17988,69681173.00,4.65,-1.21,-0.12,0.33
2012-10-16,9.78,9.93,10.03,9.61,16288,63340430.00,4.30,1.64,0.16,0.30
2012-10-17,10.00,9.95,10.06,9.71,14839,57511976.00,3.52,0.20,0.02,0.27
2012-10-18,10.04,10.03,10.05,9.86,10334,40621478.00,1.91,0.80,0.08,0.19
2012-10-19,10.03,9.99,10.13,9.81,15127,59200175.00,3.19,-0.40,-0.04,0.28
2012-10-22,9.83,9.90,9.98,9.78,13327,51903061.00,2.00,-0.90,-0.09,0.24
2012-10-23,9.83,9.78,9.91,9.61,31955,122194025.00,3.03,-1.21,-0.12,0.58
2012-10-24,9.65,9.67,9.88,9.65,14455,55521144.00,2.35,-1.12,-0.11,0.26
2012-10-25,9.81,9.25,9.83,9.17,39422,146132804.00,6.83,-4.34,-0.42,0.72
2012-10-26,9.26,9.28,9.33,9.11,25065,91392097.00,2.38,0.32,0.03,0.46
2012-10-29,9.28,9.43,9.58,9.22,16094,59956348.00,3.88,1.62,0.15,0.29
2012-10-30,9.43,9.52,9.56,9.37,14655,54744701.00,2.01,0.95,0.09,0.27
2012-10-31,9.56,9.51,9.57,9.47,8349,31411317.00,1.05,-0.11,-0.01,0.15
2012-11-01,9.51,9.55,9.69,9.51,18301,69243120.00,1.89,0.42,0.04,0.33
2012-11-02,9.63,9.50,9.63,9.36,23978,89748566.00,2.83,-0.52,-0.05,0.44
2012-11-05,9.47,9.24,9.47,9.18,46932,171564735.00,3.05,-2.74,-0.26,0.85
2012-11-06,9.18,9.16,9.25,9.06,14664,53364101.00,2.06,-0.87,-0.08,0.27
2012-11-07,9.16,9.31,9.40,9.16,12093,44383542.00,2.62,1.64,0.15,0.22
2012-11-08,9.30,9.14,9.39,9.14,12398,45458756.00,2.69,-1.83,-0.17,0.23
2012-11-09,9.19,9.08,9.19,8.93,12436,44642164.00,2.84,-0.66,-0.06,0.23
2012-11-12,9.07,8.83,9.13,8.80,24330,86953204.00,3.63,-2.75,-0.25,0.44
2012-11-13,8.84,8.69,8.84,8.48,21210,72775534.00,4.08,-1.59,-0.14,0.39
2012-11-14,8.81,8.94,9.08,8.56,13536,47480690.00,5.98,2.88,0.25,0.25
2012-11-15,8.94,8.90,9.07,8.81,14337,51226784.00,2.91,-0.45,-0.04,0.26
2012-11-16,8.90,8.75,9.01,8.68,9290,32349920.00,3.71,-1.69,-0.15,0.17
2012-11-19,8.71,8.54,8.77,8.32,33782,114730561.00,5.14,-2.40,-0.21,0.61
2012-11-20,8.56,8.87,8.94,8.56,17643,61873014.00,4.45,3.86,0.33,0.32
2012-11-21,8.87,8.96,9.07,8.68,13900,48963317.00,4.40,1.01,0.09,0.25
2012-11-22,8.94,8.85,8.96,8.68,7537,26405449.00,3.13,-1.23,-0.11,0.14
2012-11-23,8.95,8.64,8.99,8.62,13083,45407872.00,4.18,-2.37,-0.21,0.24
2012-11-26,8.53,8.53,8.73,8.44,21354,72699332.00,3.36,-1.27,-0.11,0.39
2012-11-27,8.52,8.57,8.64,8.44,26698,91029496.00,2.34,0.47,0.04,0.49
2012-11-28,8.57,8.62,8.75,8.42,16747,57521263.00,3.85,0.58,0.05,0.30
2012-11-29,8.64,8.63,8.75,8.63,14141,48918308.00,1.39,0.12,0.01,0.26
2012-11-30,8.65,9.03,9.05,8.65,22488,79506271.00,4.63,4.63,0.40,0.41
2012-12-03,9.03,9.07,9.26,8.95,22711,82409632.00,3.43,0.44,0.04,0.41
2012-12-04,9.13,9.48,9.55,9.07,35166,129303953.00,5.29,4.52,0.41,0.64
2012-12-05,9.48,9.83,9.86,9.48,56124,214729768.00,4.01,3.69,0.35,1.02
2012-12-06,9.81,9.64,9.83,9.50,35077,133831946.00,3.36,-1.93,-0.19,0.64
2012-12-07,9.68,9.66,9.75,9.56,30758,116700690.00,1.97,0.21,0.02,0.56
2012-12-10,9.72,9.66,9.78,9.44,32709,123294059.00,3.52,0.00,0.00,0.59
2012-12-11,9.51,9.53,9.64,9.45,21032,78985320.00,1.97,-1.35,-0.13,0.38
2012-12-12,9.58,9.39,9.58,9.28,22858,84673411.00,3.15,-1.47,-0.14,0.42
2012-12-13,9.39,9.51,9.56,9.23,16831,62340030.00,3.51,1.28,0.12,0.31
2012-12-14,9.63,9.68,9.78,9.36,86268,324747440.00,4.42,1.79,0.17,1.57
2012-12-17,9.53,8.62,9.53,8.62,140500,483666080.00,9.40,-10.95,-1.06,2.55
2012-12-18,8.53,8.53,8.58,8.11,168073,560848752.00,5.45,-1.04,-0.09,3.06
2012-12-19,8.37,8.61,8.67,8.37,49433,168835037.00,3.52,0.94,0.08,0.90
2012-12-20,8.58,8.82,8.82,8.47,35774,123952368.00,4.07,2.44,0.21,0.65
2012-12-21,8.82,9.06,9.08,8.71,56759,201998720.00,4.20,2.72,0.24,1.03
2012-12-24,9.14,9.21,9.23,9.03,37774,136855794.00,2.21,1.66,0.15,0.69
2012-12-25,9.19,9.21,9.38,9.14,39556,145354604.00,2.61,0.00,0.00,0.72
2012-12-26,9.21,9.34,9.36,9.12,23418,86180247.00,2.61,1.41,0.13,0.43
2012-12-27,9.31,9.49,9.52,9.28,26337,98162133.00,2.57,1.61,0.15,0.48
2012-12-28,9.49,9.56,9.60,9.41,26119,98209249.00,2.00,0.74,0.07,0.47
2012-12-31,9.61,9.56,9.68,9.27,67613,252339237.00,4.29,0.00,0.00,1.23