2013-01-04,9.63,9.26,9.67,8.72,79146,281856368.00,9.94,-3.14,-0.30,1.44
2013-01-07,9.00,8.88,9.00,8.67,56393,198123392.00,3.56,-4.10,-0.38,1.03
2013-01-08,8.94,9.08,9.18,8.78,63318,226792074.00,4.50,2.25,0.20,1.15
2013-01-09,9.06,9.35,9.46,9.04,62066,227910882.00,4.63,2.97,0.27,1.13
2013-01-10,9.35,9.56,9.64,9.31,51165,192751296.00,3.53,2.25,0.21,0.93
2013-01-11,9.50,9.61,9.64,9.45,44750,168764224.00,1.99,0.52,0.05,0.81
2013-01-14,9.61,10.36,10.53,9.53,70620,279866128.00,10.41,7.80,0.75,1.29
2013-01-15,10.18,10.17,10.31,9.78,61780,245012452.00,5.12,-1.83,-0.19,1.13
2013-01-16,10.10,9.97,10.39,9.81,34499,136076779.00,5.70,-1.97,-0.20,0.63
2013-01-17,9.92,10.11,10.16,9.74,27833,108332342.00,4.21,1.40,0.14,0.51
2013-01-18,10.11,10.11,10.32,10.00,25956,103931237.00,3.17,0.00,0.00,0.47
2013-01-21,10.11,9.69,10.11,9.28,90699,343286656.00,8.21,-4.15,-0.42,1.65
2013-01-22,9.53,9.39,9.58,9.36,42147,156838963.00,2.27,-3.10,-0.30,0.77
2013-01-23,9.36,9.36,9.53,9.28,32014,118581715.00,2.66,-0.32,-0.03,0.58
2013-01-24,9.29,8.76,9.29,8.68,120435,422876608.00,6.52,-6.41,-0.60,2.19
2013-01-25,8.69,8.53,8.85,8.39,73760,251729988.00,5.25,-2.63,-0.23,1.34
2013-01-28,8.67,8.56,8.69,8.47,79570,271388880.00,2.58,0.35,0.03,1.45
2013-01-29,8.58,8.94,9.09,8.42,120945,419475968.00,7.83,4.44,0.38,2.20
2013-01-30,8.89,8.92,9.08,8.86,41357,146953214.00,2.46,-0.22,-0.02,0.75
2013-01-31,8.98,8.90,8.98,8.67,35863,125370328.00,3.48,-0.22,-0.02,0.65
2013-02-01,8.93,8.77,9.00,8.71,25729,90222000.00,3.26,-1.46,-0.13,0.47
2013-02-04,8.77,8.74,8.81,8.52,41065,141109960.00,3.31,-0.34,-0.03,0.75
2013-02-05,8.87,9.14,9.25,8.87,92377,332976608.00,4.35,4.58,0.40,1.68
2013-02-06,9.16,9.42,9.49,9.08,81290,300544848.00,4.49,3.06,0.28,1.48
2013-02-07,9.43,9.68,9.68,9.43,69727,263256457.00,2.65,2.76,0.26,1.27
2013-02-08,9.68,9.70,9.79,9.51,80311,305166432.00,2.89,0.21,0.02,1.46
2013-02-18,9.64,9.26,9.69,9.21,45959,170122969.00,4.95,-4.54,-0.44,0.84
2013-02-19,9.22,9.42,9.43,9.21,35010,129167802.00,2.38,1.73,0.16,0.64
2013-02-20,9.42,9.53,9.53,9.31,39385,146652182.00,2.34,1.17,0.11,0.72
2013-02-21,9.42,9.39,9.53,9.22,40685,150196214.00,3.25,-1.47,-0.14,0.74
2013-02-22,9.36,9.72,9.81,9.33,63059,239226458.00,5.11,3.51,0.33,1.15
2013-02-25,9.73,9.70,10.00,9.68,48939,189126099.00,3.29,-0.21,-0.02,0.89
2013-02-26,9.64,9.92,10.20,9.47,101942,400170496.00,7.53,2.27,0.22,1.86
2013-02-27,9.92,9.77,10.18,9.75,32425,126194209.00,4.33,-1.51,-0.15,0.59
2013-02-28,9.89,9.56,9.89,9.52,55295,208945108.00,3.79,-2.15,-0.21,1.01
2013-03-01,9.61,9.95,9.97,9.61,57291,222282626.00,3.77,4.08,0.39,1.04
2013-03-04,9.86,9.92,10.24,9.71,70000,276859840.00,5.33,-0.30,-0.03,1.27
2013-03-05,9.92,10.73,10.81,9.84,95363,392927360.00,9.78,8.17,0.81,1.74
2013-03-06,10.77,11.44,11.76,10.77,114819,500823360.00,9.23,6.62,0.71,2.09
2013-03-07,11.40,11.44,11.63,11.00,71918,317430976.00,5.51,0.00,0.00,1.31
2013-03-08,11.41,11.17,11.43,11.00,35078,152786328.00,3.76,-2.36,-0.27,0.64
2013-03-11,11.09,11.11,11.58,10.77,38040,165873544.00,7.25,-0.54,-0.06,0.69
2013-03-12,11.13,10.78,11.50,10.69,57716,246395203.00,7.29,-2.97,-0.33,1.05
2013-03-13,10.75,10.86,10.88,10.38,31884,132239578.00,4.64,0.74,0.08,0.58
2013-03-14,10.86,11.15,11.35,10.67,44340,191979902.00,6.26,2.67,0.29,0.81
2013-03-15,11.15,11.58,11.99,11.12,51730,234102631.00,7.80,3.86,0.43,0.94
2013-03-18,11.46,12.01,12.16,11.46,56771,264247310.00,6.04,3.71,0.43,1.03
2013-03-19,12.15,11.95,12.42,11.74,30184,140364843.00,5.66,-0.50,-0.06,0.55
2013-03-20,11.86,12.14,12.28,11.74,30450,142635363.00,4.52,1.59,0.19,0.55
2013-03-21,12.20,12.78,13.08,12.00,50112,245521760.00,8.90,5.27,0.64,0.91
2013-03-22,12.78,12.50,13.01,12.42,49353,242206252.00,4.62,-2.19,-0.28,0.90
2013-03-25,12.67,12.97,12.99,12.23,43537,212086410.00,6.08,3.76,0.47,0.79
2013-03-26,12.92,12.89,13.03,12.59,40035,197176868.00,3.39,-0.62,-0.08,0.73
2013-03-27,12.87,12.81,13.05,12.39,34161,167294200.00,5.12,-0.62,-0.08,0.62
2013-03-28,12.69,12.81,13.00,12.49,30597,151295014.00,3.98,0.00,0.00,0.56
2013-03-29,12.81,13.08,13.47,12.56,54547,274427744.00,7.10,2.11,0.27,0.99
2013-04-01,13.08,12.42,13.08,12.38,60328,293384432.00,5.35,-5.05,-0.66,1.10
2013-04-02,12.41,11.61,12.64,11.58,72474,335359696.00,8.53,-6.52,-0.81,1.32
2013-04-03,11.58,11.67,11.92,11.30,63728,287784720.00,5.34,0.52,0.06,1.16
2013-04-08,11.44,12.38,12.50,11.40,68524,321667920.00,9.43,6.08,0.71,1.25
2013-04-09,12.39,12.75,12.83,12.14,45756,221810809.00,5.57,2.99,0.37,0.81
2013-04-10,12.74,12.53,12.88,12.06,51831,249006553.00,6.43,-1.73,-0.22,0.92
2013-04-11,12.53,12.38,12.67,12.19,27048,130226050.00,3.83,-1.20,-0.15,0.48
2013-04-12,12.38,12.11,12.86,12.06,81798,394014320.00,6.46,-2.18,-0.27,1.24
2013-04-15,12.06,11.75,12.63,11.68,55837,255749031.00,7.84,-2.97,-0.36,0.85
2013-04-16,11.63,12.17,12.34,11.63,48005,223898133.00,6.04,3.57,0.42,0.73
2013-04-17,11.86,12.44,13.25,11.86,131713,637980736.00,11.42,2.22,0.27,2.00
2013-04-18,12.47,12.61,12.83,12.42,72738,354416224.00,3.30,1.37,0.17,1.10
2013-04-19,12.61,12.75,12.96,12.51,52939,259825879.00,3.57,1.11,0.14,0.80
2013-04-22,12.75,13.61,13.69,12.75,79924,408719152.00,7.37,6.75,0.86,1.21
2013-04-23,13.83,13.93,14.24,13.67,101480,541837072.00,4.19,2.35,0.32,1.54
2013-04-24,13.81,13.81,14.38,13.17,187798,993728352.00,8.69,-0.86,-0.12,2.85
2013-04-25,13.77,12.97,14.08,12.66,109648,563043376.00,10.28,-6.08,-0.84,1.67
2013-04-26,12.78,12.78,13.04,12.66,41144,204247857.00,2.93,-1.46,-0.19,0.62
2013-05-02,12.86,14.08,14.15,12.78,67284,354390960.00,10.72,10.17,1.30,1.02
2013-05-03,14.08,14.58,15.22,14.08,79748,446343440.00,8.10,3.55,0.50,1.21
2013-05-06,14.64,15.25,15.29,14.40,61893,354315328.00,6.10,4.60,0.67,0.94
2013-05-07,15.17,15.09,15.25,14.74,40543,232433968.00,3.34,-1.05,-0.16,0.62
2013-05-08,15.17,15.43,15.83,15.13,46410,273742112.00,4.64,2.25,0.34,0.70
2013-05-09,15.25,15.44,15.61,14.78,41372,239975362.00,5.38,0.06,0.01,0.63
2013-05-10,15.33,15.17,15.47,14.64,32164,184837803.00,5.38,-1.75,-0.27,0.49
2013-05-13,15.11,15.17,15.53,14.86,54080,314842688.00,4.42,0.00,0.00,0.82
2013-05-14,15.28,15.20,15.50,15.06,71156,417063008.00,2.90,0.20,0.03,1.08
2013-05-15,15.23,16.80,16.81,15.23,110967,671542624.00,10.39,10.53,1.60,1.69
2013-05-16,16.61,16.40,17.55,16.08,94131,598213760.00,8.75,-2.38,-0.40,1.43
2013-05-17,16.60,17.06,17.39,15.90,70325,444110992.00,9.09,4.02,0.66,1.07
2013-05-20,17.13,17.10,17.36,16.55,56796,364943600.00,4.75,0.23,0.04,0.86
2013-05-21,17.06,18.90,18.90,17.06,115673,806427344.00,10.76,10.53,1.80,1.76
2013-05-22,18.90,18.33,19.33,17.78,185676,721539168.00,8.20,-3.02,-0.57,1.57
2013-05-23,18.40,19.03,19.28,18.40,132703,523158512.00,4.80,3.82,0.70,1.12
2013-05-24,19.00,19.15,19.32,18.60,105294,416878608.00,3.78,0.63,0.12,0.89
2013-05-27,19.13,19.03,19.65,18.66,101655,405119024.00,5.17,-0.63,-0.12,0.86
2013-05-28,19.08,17.58,19.12,17.56,175665,662002944.00,8.20,-7.62,-1.45,1.48
2013-05-29,17.40,17.35,17.90,16.88,156166,570474992.00,5.80,-1.31,-0.23,1.32
2013-05-30,17.35,17.40,17.56,16.97,116703,422412592.00,3.40,0.29,0.05,0.98
2013-05-31,17.40,16.65,17.50,16.61,178527,633432384.00,5.11,-4.31,-0.75,1.51
2013-06-03,16.59,16.80,17.27,16.38,105582,376681248.00,5.35,0.90,0.15,0.89
2013-06-04,16.80,16.28,16.81,16.00,145394,501048256.00,4.82,-3.10,-0.52,1.23
2013-06-05,16.28,17.09,17.37,16.28,162255,579636768.00,6.70,4.98,0.81,1.37
2013-06-06,17.00,16.73,17.33,16.50,104935,371844176.00,4.86,-2.11,-0.36,0.89
2013-06-07,17.03,17.46,17.73,17.03,171210,629629040.00,4.18,4.36,0.73,1.44
2013-06-13,17.32,17.85,17.92,16.39,116295,417386704.00,8.76,2.23,0.39,0.98
2013-06-14,17.80,18.36,18.78,17.67,149578,571078224.00,6.22,2.86,0.51,1.26
2013-06-17,18.37,18.01,18.68,17.98,124421,477510608.00,3.81,-1.91,-0.35,1.05
2013-06-18,17.98,17.48,17.98,17.05,97929,358920640.00,5.16,-2.94,-0.53,0.83
2013-06-19,17.40,17.66,17.87,17.03,63919,234491968.00,4.81,1.03,0.18,0.54
2013-06-20,17.34,16.75,17.60,16.60,75792,271690608.00,5.66,-5.15,-0.91,0.64
2013-06-21,16.35,16.59,16.87,15.60,150860,515445824.00,7.58,-0.96,-0.16,1.27
2013-06-24,16.38,15.75,16.47,15.58,111717,376090816.00,5.36,-5.06,-0.84,0.94
2013-06-25,15.50,16.64,16.87,14.96,150348,506915984.00,12.13,5.65,0.89,1.27
2013-06-26,17.16,18.31,18.39,16.89,211811,776858688.00,9.01,10.04,1.67,1.79
2013-06-27,18.18,17.65,18.49,17.58,124315,468995936.00,4.97,-3.60,-0.66,1.05
2013-06-28,17.27,17.27,17.97,16.88,69958,255821806.00,6.18,-2.15,-0.38,0.59
2013-07-01,17.03,18.11,18.24,17.03,115895,435984528.00,7.01,4.86,0.84,0.97
2013-07-02,18.10,18.61,18.88,17.97,131417,509606096.00,5.02,2.76,0.50,1.10
2013-07-03,18.56,19.13,19.46,18.18,127301,504921488.00,6.88,2.79,0.52,1.07
2013-07-04,18.89,18.82,19.60,18.54,105849,422820288.00,5.54,-1.62,-0.31,0.89
2013-07-05,18.82,18.26,18.92,18.19,78680,303319440.00,3.88,-2.98,-0.56,0.66
2013-07-08,18.03,17.09,18.05,17.07,120303,442052912.00,5.37,-6.41,-1.17,1.01
2013-07-09,17.03,17.17,17.38,16.78,56222,201909215.00,3.51,0.47,0.08,0.47
2013-07-10,17.11,17.43,17.62,17.03,63466,231990203.00,3.44,1.51,0.26,0.53
2013-07-11,17.46,18.15,18.47,17.18,99922,377081232.00,7.40,4.13,0.72,0.84
2013-07-12,18.08,17.98,18.56,17.83,79428,302989872.00,4.02,-0.94,-0.17,0.67
2013-07-15,18.10,18.70,18.73,17.84,112463,433474736.00,4.95,4.00,0.72,0.94
2013-07-16,18.88,18.81,19.32,18.73,70298,279019616.00,3.16,0.59,0.11,0.59
2013-07-17,18.60,17.98,19.03,17.57,125887,475780944.00,7.76,-4.41,-0.83,1.06
2013-07-18,17.98,17.48,17.98,16.95,135662,495022960.00,5.73,-2.78,-0.50,1.14
2013-07-19,17.37,16.68,17.82,16.38,227592,809795984.00,8.24,-4.58,-0.80,1.91
2013-07-22,16.53,17.22,17.30,16.38,90755,324764912.00,5.52,3.24,0.54,0.76
2013-07-23,17.48,17.64,17.73,17.38,103055,380713856.00,2.03,2.44,0.42,0.87
2013-07-24,17.68,17.78,18.32,17.63,127855,479650048.00,3.91,0.79,0.14,1.07
2013-07-25,18.12,17.41,18.32,17.07,126249,467943072.00,7.03,-2.08,-0.37,1.06
2013-07-26,17.13,17.03,17.48,16.72,75091,269964848.00,4.37,-2.18,-0.38,0.63
2013-07-29,16.88,17.00,17.59,16.63,74201,267374838.00,5.64,-0.18,-0.03,0.62
2013-07-30,17.32,16.63,17.32,16.48,90346,318494624.00,4.94,-2.18,-0.37,0.76
2013-07-31,16.74,16.57,17.23,16.43,97721,346673408.00,4.81,-0.36,-0.06,0.82
2013-08-01,16.73,17.32,17.32,16.63,103175,369009616.00,4.16,4.53,0.75,0.87
2013-08-02,17.53,17.97,18.65,17.53,218511,830940560.00,6.47,3.75,0.65,1.84
2013-08-05,17.99,18.40,18.65,17.98,145851,563573520.00,3.73,2.39,0.43,1.23
2013-08-06,18.43,18.95,19.13,18.02,142019,558641232.00,6.03,2.99,0.55,1.19
2013-08-07,19.03,18.51,19.28,18.43,101125,398176880.00,4.49,-2.32,-0.44,0.85
2013-08-08,18.48,20.45,20.45,18.28,252283,1045054944.00,11.72,10.48,1.94,2.12
2013-08-09,20.66,20.63,20.80,19.94,176394,753094608.00,4.21,0.88,0.18,1.48
2013-08-12,20.63,20.16,20.74,19.41,147396,618487136.00,6.45,-2.28,-0.47,1.24
2013-08-13,20.14,21.40,21.74,19.22,195401,829398736.00,12.50,6.15,1.24,1.64
2013-08-14,21.18,20.87,21.40,20.63,119606,524891600.00,3.60,-2.48,-0.53,1.00
2013-08-15,20.83,20.33,21.73,20.28,111941,487462672.00,6.95,-2.59,-0.54,0.94
2013-08-16,20.13,19.78,21.13,19.60,187189,787870544.00,7.53,-2.71,-0.55,1.57
2013-08-19,19.53,19.91,20.27,19.51,122608,510283648.00,3.84,0.66,0.13,1.03
2013-08-20,19.89,19.68,20.29,19.53,106101,441046832.00,3.82,-1.16,-0.23,0.89
2013-08-21,19.88,20.08,20.08,19.10,102067,418430928.00,4.98,2.03,0.40,0.86
2013-08-22,19.95,20.68,20.95,19.73,149454,644528064.00,6.08,2.99,0.60,1.26
2013-08-23,20.67,20.97,21.50,20.48,141555,620510176.00,4.93,1.40,0.29,1.19
2013-08-26,20.98,21.38,21.84,20.73,115604,518236288.00,5.29,1.96,0.41,0.97
2013-08-27,21.28,20.95,21.65,20.63,96585,421206864.00,4.77,-2.01,-0.43,0.81
2013-08-28,20.73,20.74,21.12,20.59,67527,293546400.00,2.53,-1.00,-0.21,0.57
2013-08-29,20.77,20.33,21.12,20.23,78390,336836576.00,4.29,-1.98,-0.41,0.66
2013-08-30,20.15,19.63,20.64,19.39,82132,341280048.00,6.15,-3.44,-0.70,0.69
2013-09-02,19.63,20.36,20.36,19.62,51170,214922339.00,3.77,3.72,0.73,0.43
2013-09-03,20.43,20.82,20.98,20.37,52381,226649452.00,3.00,2.26,0.46,0.44
2013-09-04,20.84,20.38,21.25,20.32,67893,292736208.00,4.47,-2.11,-0.44,0.57
2013-09-05,20.31,20.23,20.73,19.97,62355,264209178.00,3.73,-0.74,-0.15,0.52
2013-09-06,20.28,20.10,20.43,19.99,48967,205527353.00,2.17,-0.64,-0.13,0.41
2013-09-09,20.10,20.38,20.38,19.57,98373,408131856.00,4.03,1.39,0.28,0.83
2013-09-10,20.26,19.78,20.28,19.22,158528,650878496.00,5.20,-2.94,-0.60,1.33
2013-09-11,18.03,17.72,18.33,17.72,329145,1229995184.00,3.08,-10.41,-2.06,2.76
2013-09-12,17.26,17.29,17.96,17.08,233874,853216432.00,4.97,-2.43,-0.43,1.96
2013-09-13,17.63,18.13,18.39,17.63,188314,714722528.00,4.40,4.86,0.84,1.58
2013-09-16,18.12,18.83,18.92,17.83,131135,509123680.00,6.01,3.86,0.70,1.10
2013-09-17,18.62,18.54,19.23,18.36,86465,339924672.00,4.62,-1.54,-0.29,0.73
2013-09-18,18.70,18.19,18.70,17.52,204661,769810192.00,6.36,-1.89,-0.35,1.72
2013-09-23,18.27,19.37,19.45,18.27,182199,728743760.00,6.49,6.49,1.18,1.53
2013-09-24,19.90,20.02,20.58,19.90,142437,599701824.00,3.51,3.36,0.65,1.20
2013-09-25,19.98,20.23,20.72,19.58,144814,614108112.00,5.69,1.05,0.21,1.22
2013-09-26,20.08,20.02,20.51,20.00,61803,260199409.00,2.52,-1.04,-0.21,0.52
2013-09-27,20.02,19.86,20.44,19.68,58442,244069765.00,3.80,-0.80,-0.16,0.49
2013-09-30,19.85,20.27,20.48,19.81,56696,239992253.00,3.37,2.06,0.41,0.48
2013-10-08,20.10,19.68,20.27,19.08,105526,429278784.00,5.87,-2.91,-0.59,0.89
2013-10-09,19.62,18.98,19.62,18.57,160568,632492320.00,5.34,-3.56,-0.70,1.35
2013-10-10,18.98,18.82,18.99,18.11,195708,756765312.00,4.64,-0.84,-0.16,1.64
2013-10-11,18.77,18.45,19.33,18.12,182958,712238000.00,6.43,-1.97,-0.37,1.54
2013-10-14,18.43,18.62,18.81,18.29,86336,335989280.00,2.82,0.92,0.17,0.73
2013-10-15,18.31,18.22,18.62,18.12,104980,402551040.00,2.69,-2.15,-0.40,0.88
2013-10-16,18.22,18.28,18.57,18.03,97690,374344176.00,2.96,0.33,0.06,0.82
2013-10-17,18.41,18.65,18.82,18.29,74472,289009600.00,2.90,2.02,0.37,0.63
2013-10-18,18.67,18.22,18.67,18.13,64853,248403636.00,2.90,-2.31,-0.43,0.54
2013-10-21,18.23,18.72,18.78,18.22,84852,329306112.00,3.07,2.74,0.50,0.71
2013-10-22,18.61,18.54,18.91,18.33,92253,358280176.00,3.10,-0.96,-0.18,0.77
2013-10-23,18.73,18.56,18.88,18.18,62968,244080466.00,3.78,0.11,0.02,0.53
2013-10-24,18.53,18.20,18.66,18.18,42724,164349027.00,2.59,-1.94,-0.36,0.36
2013-10-25,18.17,17.33,18.17,16.61,173653,626953904.00,8.57,-4.78,-0.87,1.46
2013-10-28,17.26,17.58,17.93,17.13,72117,267755990.00,4.62,1.44,0.25,0.61
2013-10-29,17.48,17.60,17.74,16.69,58028,210855682.00,5.97,0.11,0.02,0.49
2013-10-30,17.43,17.40,17.70,17.28,50841,187086654.00,2.39,-1.14,-0.20,0.43
2013-10-31,17.34,16.57,17.37,16.49,94691,333243552.00,5.06,-4.77,-0.83,0.80
2013-11-01,16.71,17.04,17.20,16.37,62292,219918121.00,5.01,2.84,0.47,0.52
2013-11-04,17.11,17.31,17.56,17.10,48022,174777331.00,2.70,1.58,0.27,0.40
2013-11-05,17.13,17.14,17.36,16.90,64209,230755409.00,2.66,-0.98,-0.17,0.54
2013-11-06,17.17,16.80,17.30,16.73,51535,184368464.00,3.33,-1.98,-0.34,0.43
2013-11-07,16.87,16.14,16.93,15.98,94890,324147344.00,5.65,-3.93,-0.66,0.80
2013-11-08,15.99,16.03,16.29,15.35,132748,441724320.00,5.82,-0.68,-0.11,1.12
2013-11-11,15.88,16.86,17.04,15.88,78937,276067408.00,7.24,5.18,0.83,0.66
2013-11-12,16.75,16.89,17.10,16.73,42974,152803648.00,2.19,0.18,0.03,0.36
2013-11-13,16.63,16.57,17.10,16.57,46383,164277742.00,3.14,-1.89,-0.32,0.39
2013-11-14,16.92,17.14,17.21,16.48,78553,278912512.00,4.41,3.44,0.57,0.66
2013-11-15,17.14,17.16,17.57,17.00,66338,242082696.00,3.33,0.12,0.02,0.56
2013-11-18,17.18,17.83,18.02,17.18,83661,312173696.00,4.90,3.90,0.67,0.70
2013-11-19,17.83,17.80,18.33,17.68,91178,343714384.00,3.65,-0.17,-0.03,0.77
2013-11-20,18.13,17.78,18.16,17.38,65156,240604837.00,4.38,-0.11,-0.02,0.55
2013-11-21,17.63,17.59,17.68,17.30,39426,144456806.00,2.14,-1.07,-0.19,0.33
2013-11-22,17.64,17.13,17.68,17.11,36652,132957981.00,3.24,-2.62,-0.46,0.31
2013-11-25,16.93,17.32,17.54,16.93,43895,160171539.00,3.56,1.11,0.19,0.37
2013-11-26,17.38,17.63,17.67,16.83,61984,225599448.00,4.85,1.79,0.31,0.52
2013-11-27,17.53,18.88,19.03,17.53,198972,770338064.00,8.51,7.09,1.25,1.67
2013-11-28,18.88,18.72,19.18,18.49,125907,496758976.00,3.65,-0.85,-0.16,1.06
2013-11-29,18.55,18.44,18.71,18.16,95182,366654864.00,2.94,-1.50,-0.28,0.80
2013-12-02,17.88,17.83,18.35,17.68,95568,360244208.00,3.63,-3.31,-0.61,0.80
2013-12-03,17.93,17.83,17.97,17.37,64841,241229057.00,3.37,0.00,0.00,0.54
2013-12-04,17.83,18.09,18.50,17.68,80796,307229888.00,4.60,1.46,0.26,0.68
2013-12-05,18.12,17.48,18.23,17.43,74718,277889088.00,4.42,-3.37,-0.61,0.63
2013-12-06,17.48,17.22,17.78,17.14,63143,230422653.00,3.66,-1.49,-0.26,0.53
2013-12-09,17.38,17.24,17.55,17.00,52728,190758119.00,3.19,0.12,0.02,0.44
2013-12-10,17.38,17.35,17.51,17.18,46698,170245549.00,1.91,0.64,0.11,0.39
2013-12-11,17.12,17.24,17.40,17.03,53034,191267427.00,2.13,-0.63,-0.11,0.45
2013-12-12,17.21,17.53,17.61,17.13,52112,190389768.00,2.78,1.68,0.29,0.44
2013-12-13,17.13,17.32,17.67,17.12,54608,199660415.00,3.14,-1.20,-0.21,0.46
2013-12-16,17.45,17.17,17.45,17.04,41898,151856002.00,2.37,-0.87,-0.15,0.35
2013-12-17,17.23,16.96,17.25,16.90,38928,139265260.00,2.04,-1.22,-0.21,0.33
2013-12-18,16.96,17.04,17.18,16.78,39317,140415446.00,2.36,0.47,0.08,0.33
2013-12-19,17.06,16.58,17.16,16.48,95001,333645808.00,3.99,-2.70,-0.46,0.80
2013-12-20,16.75,16.18,16.75,15.93,78186,266712502.00,4.95,-2.41,-0.40,0.66
2013-12-23,16.03,16.40,16.43,16.00,49775,170998395.00,2.66,1.36,0.22,0.42
2013-12-24,16.53,17.05,17.21,16.53,73316,262013233.00,4.15,3.96,0.65,0.62
2013-12-25,17.07,17.22,17.39,16.89,52991,191679837.00,2.93,1.00,0.17,0.45
2013-12-26,17.13,16.73,17.14,16.63,49066,173324008.00,2.96,-2.85,-0.49,0.41
2013-12-27,16.71,16.92,17.04,16.57,48559,172032552.00,2.81,1.14,0.19,0.41
2013-12-30,16.97,16.51,16.99,16.43,62512,218044477.00,3.31,-2.42,-0.41,0.53
2013-12-31,16.51,16.67,16.98,16.44,62045,217972175.00,3.27,0.97,0.16,0.52