2019-01-02,6.34,6.33,6.41,6.30,80116,55200194.00,1.74,0.00,0.00,0.29
2019-01-03,6.33,6.22,6.44,6.21,138437,95171971.00,3.63,-1.74,-0.11,0.51
2019-01-04,6.13,6.34,6.35,6.11,192253,130904348.00,3.86,1.93,0.12,0.71
2019-01-07,6.40,6.47,6.48,6.34,161688,112961331.00,2.21,2.05,0.13,0.59
2019-01-08,6.48,6.52,6.58,6.41,137031,96449809.00,2.63,0.77,0.05,0.50
2019-01-09,6.52,6.49,6.62,6.47,204536,145607598.00,2.30,-0.46,-0.03,0.75
2019-01-10,6.51,6.46,6.56,6.45,126643,89382039.00,1.69,-0.46,-0.03,0.46
2019-01-11,6.45,6.53,6.58,6.45,117957,83373790.00,2.01,1.08,0.07,0.43
2019-01-14,6.53,6.55,6.58,6.48,120359,85157373.00,1.53,0.31,0.02,0.44
2019-01-15,6.57,6.61,6.62,6.50,172332,122637404.00,1.83,0.92,0.06,0.63
2019-01-16,6.61,6.54,6.71,6.49,179792,128510135.00,3.33,-1.06,-0.07,0.66
2019-01-17,6.52,6.41,6.54,6.38,131023,91845104.00,2.45,-1.99,-0.13,0.48
2019-01-18,6.43,6.52,6.55,6.37,151742,106330382.00,2.81,1.72,0.11,0.56
2019-01-21,6.44,6.42,6.52,6.26,271099,188143264.00,3.99,-1.53,-0.10,1.00
2019-01-22,6.40,6.36,6.57,6.33,193534,135263745.00,3.74,-0.93,-0.06,0.71
2019-01-23,6.36,6.28,6.37,6.26,128951,88328049.00,1.73,-1.26,-0.08,0.47
2019-01-24,6.29,6.38,6.43,6.25,129711,89713312.00,2.87,1.59,0.10,0.48
2019-01-25,6.40,6.40,6.53,6.32,247219,172474401.00,3.29,0.31,0.02,0.91
2019-01-28,6.43,6.26,6.49,6.18,285459,195887373.00,4.84,-2.19,-0.14,1.05
2019-01-29,6.20,6.10,6.24,6.01,245262,163450925.00,3.67,-2.56,-0.16,0.90
2019-01-30,6.06,6.05,6.17,6.04,104280,69434207.00,2.13,-0.82,-0.05,0.38
2019-01-31,6.09,6.08,6.16,6.03,125944,83716936.00,2.15,0.50,0.03,0.46
2019-02-01,6.09,6.27,6.27,6.09,158828,107324067.00,2.96,3.13,0.19,0.58
2019-02-11,6.28,6.76,6.91,6.28,475670,339833376.00,10.05,7.81,0.49,1.75
2019-02-12,6.75,6.85,6.89,6.67,461241,339153968.00,3.25,1.33,0.09,1.69
2019-02-13,6.84,7.21,7.50,6.81,739121,571053088.00,10.07,5.26,0.36,2.71
2019-02-14,7.20,7.19,7.35,7.07,474841,368720224.00,3.88,-0.28,-0.02,1.74
2019-02-15,7.22,7.26,7.42,7.20,427650,335538208.00,3.06,0.97,0.07,1.57
2019-02-18,7.43,7.85,7.90,7.30,697798,568089680.00,8.26,8.13,0.59,2.56
2019-02-19,7.80,7.74,7.89,7.57,625461,517519904.00,4.08,-1.40,-0.11,2.30
2019-02-20,7.76,7.74,7.89,7.61,405179,335162208.00,3.62,0.00,0.00,1.49
2019-02-21,7.74,7.76,8.04,7.66,625332,525662816.00,4.91,0.26,0.02,2.30
2019-02-22,7.77,8.08,8.12,7.71,630152,532819088.00,5.28,4.12,0.32,2.31
2019-02-25,8.35,8.82,8.82,8.15,1003428,913155040.00,8.29,9.16,0.74,3.68
2019-02-26,8.84,8.43,8.84,8.39,791531,721012736.00,5.10,-4.42,-0.39,2.91
2019-02-27,8.40,8.23,8.50,8.13,538030,475877504.00,4.39,-2.37,-0.20,1.97
2019-02-28,8.18,8.33,8.42,8.12,366256,323176848.00,3.65,1.22,0.10,1.34
2019-03-01,8.40,8.30,8.40,8.16,238700,210343880.00,2.88,-0.36,-0.03,0.88
2019-03-04,8.43,8.50,8.70,8.41,614745,558526336.00,3.49,2.41,0.20,2.26
2019-03-05,8.47,8.72,8.74,8.38,499719,455416864.00,4.24,2.59,0.22,1.83
2019-03-06,8.85,8.66,8.94,8.48,495836,456002832.00,5.28,-0.69,-0.06,1.82
2019-03-07,8.60,8.55,8.63,8.43,461647,419403472.00,2.31,-1.27,-0.11,1.69
2019-03-08,8.35,9.46,9.46,8.23,1507453,1458422640.00,14.39,10.64,0.91,5.53
2019-03-11,9.77,10.46,10.46,9.69,1454338,1564004272.00,8.14,10.57,1.00,5.26
2019-03-12,10.65,10.26,10.65,10.00,1417724,1532191744.00,6.21,-1.91,-0.20,5.13
2019-03-13,10.10,9.46,10.10,9.33,1172268,1205175808.00,7.50,-7.80,-0.80,4.24
2019-03-14,9.39,9.15,9.56,8.96,653458,636372512.00,6.34,-3.28,-0.31,2.36
2019-03-15,9.23,9.23,9.55,9.12,719491,711011872.00,4.70,0.87,0.08,2.60
2019-03-18,9.25,9.26,9.30,8.90,631629,608244288.00,4.33,0.33,0.03,2.28
2019-03-19,9.26,9.40,9.53,9.12,593159,586777568.00,4.43,1.51,0.14,2.14
2019-03-20,9.37,9.14,9.37,8.91,657071,634539040.00,4.89,-2.77,-0.26,2.38
2019-03-21,9.06,9.32,9.51,9.01,685729,676798512.00,5.47,1.97,0.18,2.48
2019-03-22,9.42,9.60,9.60,9.12,627039,622597536.00,5.15,3.00,0.28,2.27
2019-03-25,9.35,9.27,9.58,9.22,551234,548499024.00,3.75,-3.44,-0.33,1.99
2019-03-26,9.33,9.09,9.50,8.99,675906,660586656.00,5.50,-1.94,-0.18,2.44
2019-03-27,9.17,9.61,10.01,9.01,953155,958486096.00,11.00,5.72,0.52,3.45
2019-03-28,9.25,9.47,9.88,9.18,815933,830629584.00,7.28,-1.46,-0.14,2.95
2019-03-29,9.55,9.95,9.95,9.25,839203,858553664.00,7.39,5.07,0.48,3.03
2019-04-01,9.96,10.25,10.54,9.85,983802,1057012416.00,6.93,3.02,0.30,3.56
2019-04-02,10.25,10.24,10.50,10.10,776020,841988672.00,3.90,-0.10,-0.01,2.81
2019-04-03,10.25,10.15,10.28,9.99,588602,627517008.00,2.83,-0.88,-0.09,2.13
2019-04-04,10.24,9.92,10.28,9.86,606915,640822048.00,4.14,-2.27,-0.23,2.19
2019-04-08,9.95,9.54,10.02,9.50,585121,599112416.00,5.24,-3.83,-0.38,2.12
2019-04-09,9.48,9.68,9.79,9.37,432079,440141264.00,4.40,1.47,0.14,1.56
2019-04-10,9.57,9.56,9.68,9.46,299615,302755568.00,2.27,-1.24,-0.12,1.08
2019-04-11,9.50,9.27,9.66,9.25,446641,445610576.00,4.29,-3.03,-0.29,1.61
2019-04-12,9.27,9.32,9.47,9.20,252773,249632927.00,2.91,0.54,0.05,0.91
2019-04-15,9.46,9.26,9.65,9.19,317379,317855520.00,4.94,-0.64,-0.06,1.15
2019-04-16,9.25,9.51,9.53,9.05,378604,373644432.00,5.18,2.70,0.25,1.37
2019-04-17,9.57,9.71,9.97,9.51,608489,628862976.00,4.84,2.10,0.20,2.20
2019-04-18,9.62,9.61,9.79,9.53,245808,249847187.00,2.68,-1.03,-0.10,0.89
2019-04-19,9.55,9.72,9.80,9.41,305577,311524128.00,4.06,1.14,0.11,1.10
2019-04-22,9.77,9.52,9.85,9.46,274444,277843616.00,4.01,-2.06,-0.20,0.99
2019-04-23,9.45,9.68,9.89,9.41,545161,560416448.00,5.04,1.68,0.16,1.97
2019-04-24,9.75,10.49,10.61,9.70,1306383,1416673872.00,9.40,8.37,0.81,4.72
2019-04-25,10.74,10.14,10.94,10.11,1223288,1359262464.00,7.91,-3.34,-0.35,4.42
2019-04-26,10.15,10.40,10.67,10.15,933907,1027078176.00,5.13,2.56,0.26,3.38
2019-04-29,10.45,9.82,10.60,9.66,692844,733602608.00,9.04,-5.58,-0.58,2.51
2019-04-30,9.84,10.11,10.40,9.75,511056,548587616.00,6.62,2.95,0.29,1.85
2019-05-06,9.44,9.04,9.44,9.04,603685,583071968.00,3.96,-10.58,-1.07,2.18
2019-05-07,8.94,8.76,9.30,8.62,686636,650018000.00,7.52,-3.10,-0.28,2.48
2019-05-08,8.35,8.34,8.76,8.24,473104,427244944.00,5.94,-4.79,-0.42,1.71
2019-05-09,8.33,7.92,8.42,7.90,521837,453295056.00,6.24,-5.04,-0.42,1.89
2019-05-10,8.12,8.48,8.54,7.77,670165,591297184.00,9.72,7.07,0.56,2.42
2019-05-13,8.25,8.07,8.36,8.00,429142,372592656.00,4.25,-4.83,-0.41,1.55
2019-05-14,7.95,7.91,8.20,7.89,398556,341628240.00,3.84,-1.98,-0.16,1.44
2019-05-15,8.00,8.17,8.19,8.00,306154,264615828.00,2.40,3.29,0.26,1.11
2019-05-16,8.19,8.09,8.26,7.94,409654,353425536.00,3.92,-0.98,-0.08,1.48
2019-05-17,8.05,7.64,8.21,7.38,682351,565221808.00,10.26,-5.56,-0.45,2.47
2019-05-20,7.70,7.52,7.74,7.20,489989,390670096.00,7.07,-1.57,-0.12,1.77
2019-05-21,7.47,7.80,7.90,7.47,419582,347304560.00,5.72,3.72,0.28,1.52
2019-05-22,7.84,7.65,7.89,7.53,333081,275536640.00,4.62,-1.92,-0.15,1.20
2019-05-23,7.59,7.35,7.62,7.28,348897,278925936.00,4.44,-3.92,-0.30,1.26
2019-05-24,7.35,7.45,7.50,7.18,533425,420563824.00,4.35,1.36,0.10,1.93
2019-05-27,7.58,7.63,7.70,7.37,545771,442627120.00,4.43,2.42,0.18,1.97
2019-05-28,7.62,7.58,7.65,7.47,413944,335974272.00,2.36,-0.66,-0.05,1.50
2019-05-29,7.52,7.53,7.62,7.46,282921,229255134.00,2.11,-0.66,-0.05,1.02
2019-05-30,7.49,7.45,7.50,7.36,222966,177921306.00,1.86,-1.06,-0.08,0.81
2019-05-31,7.46,7.36,7.54,7.33,234219,186736686.00,2.82,-1.21,-0.09,0.85
2019-06-03,7.32,7.33,7.41,7.23,263242,206943314.00,2.45,-0.41,-0.03,0.95
2019-06-04,7.32,7.36,7.48,7.24,217816,172216014.00,3.27,0.41,0.03,0.79
2019-06-05,7.46,7.47,7.51,7.29,294244,234650136.00,2.99,1.49,0.11,1.06
2019-06-06,7.47,7.29,7.47,7.21,211084,165996443.00,3.48,-2.41,-0.18,0.76
2019-06-10,7.32,7.41,7.49,7.27,217904,173306468.00,3.02,1.65,0.12,0.79
2019-06-11,7.44,7.76,7.78,7.36,391847,320808496.00,5.67,4.72,0.35,1.42
2019-06-12,7.75,7.73,7.90,7.68,284763,236983964.00,2.84,-0.39,-0.03,1.03
2019-06-13,7.76,7.70,7.82,7.61,256155,208329563.00,2.72,-0.39,-0.03,0.93
2019-06-14,7.71,7.54,7.72,7.46,226690,181873943.00,3.38,-2.08,-0.16,0.82
2019-06-17,7.51,7.37,7.57,7.31,265079,208530974.00,3.45,-2.25,-0.17,0.96
2019-06-18,7.35,7.20,7.39,7.15,322329,246701209.00,3.26,-2.31,-0.17,1.17
2019-06-19,7.61,7.64,7.81,7.61,687954,560501264.00,2.78,6.11,0.44,2.49
2019-06-20,7.67,7.84,7.87,7.59,420870,345800384.00,3.66,2.62,0.20,1.52
2019-06-21,7.90,7.84,7.99,7.81,354882,296354336.00,2.30,0.00,0.00,1.28
2019-06-24,7.87,7.69,7.90,7.65,250207,204309292.00,3.19,-1.91,-0.15,0.90
2019-06-25,7.72,7.53,7.73,7.42,270349,215984093.00,4.03,-2.08,-0.16,0.98
2019-06-26,7.48,7.74,7.89,7.44,370115,301202832.00,5.98,2.79,0.21,1.34
2019-06-27,7.86,8.20,8.39,7.78,727850,621990928.00,7.88,5.94,0.46,2.63
2019-06-28,8.15,8.44,8.48,8.04,539775,469952864.00,5.37,2.93,0.24,1.95
2019-07-01,9.10,9.06,9.23,8.84,939378,889989312.00,4.62,7.35,0.62,3.40
2019-07-02,9.01,8.96,9.41,8.91,582215,558255936.00,5.52,-1.10,-0.10,2.11
2019-07-03,9.00,9.08,9.20,8.86,420235,398913712.00,3.79,1.34,0.12,1.52
2019-07-04,9.01,9.07,9.29,9.00,423725,406616496.00,3.19,-0.11,-0.01,1.53
2019-07-05,9.12,9.06,9.21,9.00,274723,262808430.00,2.32,-0.11,-0.01,0.99
2019-07-08,9.10,9.11,9.24,8.70,544875,515039184.00,5.96,0.55,0.05,1.97
2019-07-09,9.11,8.80,9.15,8.72,434029,403410096.00,4.72,-3.40,-0.31,1.57
2019-07-10,8.88,9.04,9.07,8.73,434524,407849408.00,3.86,2.73,0.24,1.57
2019-07-11,9.10,8.89,9.16,8.81,359066,337669968.00,3.87,-1.66,-0.15,1.30
2019-07-12,8.82,8.91,8.97,8.81,189269,177168670.00,1.80,0.22,0.02,0.68
2019-07-15,8.93,9.56,9.73,8.63,698208,683334896.00,12.35,7.30,0.65,2.52
2019-07-16,9.52,9.93,9.95,9.46,755296,773644256.00,5.13,3.87,0.37,2.73
2019-07-17,9.92,9.77,10.00,9.73,463798,477339984.00,2.72,-1.61,-0.16,1.68
2019-07-18,9.73,9.48,9.84,9.40,459253,460743072.00,4.50,-2.97,-0.29,1.66
2019-07-19,9.62,9.48,9.71,9.41,249007,249298736.00,3.16,0.00,0.00,0.90
2019-07-22,9.53,9.70,9.99,9.26,479588,489991312.00,7.70,2.32,0.22,1.73
2019-07-23,9.74,10.47,10.62,9.56,772963,824248496.00,10.93,7.94,0.77,2.79
2019-07-24,10.55,10.45,10.73,10.32,738717,811145920.00,3.92,-0.19,-0.02,2.67
2019-07-25,10.46,11.39,11.51,10.45,1120193,1300626896.00,10.14,9.00,0.94,4.05
2019-07-26,11.29,11.37,11.40,11.13,662664,775794064.00,2.37,-0.18,-0.02,2.40
2019-07-29,11.19,11.35,11.67,11.13,673870,798779776.00,4.75,-0.18,-0.02,2.44
2019-07-30,11.30,11.21,11.49,11.10,553475,647143504.00,3.44,-1.23,-0.14,2.00
2019-07-31,11.19,11.22,11.39,10.95,498446,580474224.00,3.93,0.09,0.01,1.80
2019-08-01,11.13,11.29,11.37,11.06,556431,649900576.00,2.76,0.62,0.07,2.01
2019-08-02,10.63,10.56,10.78,10.26,1126659,1238973440.00,4.61,-6.47,-0.73,4.07
2019-08-05,10.54,10.45,10.90,10.42,637115,704848416.00,4.55,-1.04,-0.11,2.30
2019-08-06,10.06,10.15,10.32,9.75,747913,783949504.00,5.45,-2.87,-0.30,2.70
2019-08-07,10.27,9.91,10.30,9.88,417521,440424784.00,4.14,-2.36,-0.24,1.51
2019-08-08,10.03,10.25,10.44,9.81,683745,724506000.00,6.36,3.43,0.34,2.47
2019-08-09,10.34,10.11,10.77,10.09,729646,792878944.00,6.63,-1.37,-0.14,2.64
2019-08-12,10.27,11.17,11.17,10.17,868964,973974896.00,9.89,10.48,1.06,3.14
2019-08-13,11.24,11.33,11.42,10.95,872663,1015335536.00,4.21,1.43,0.16,3.16
2019-08-14,11.75,11.28,12.10,11.26,1129422,1371561552.00,7.41,-0.44,-0.05,4.08
2019-08-15,11.03,11.89,12.10,10.96,967851,1158300816.00,10.11,5.41,0.61,3.50
2019-08-16,11.83,11.96,12.47,11.70,976041,1218677632.00,6.48,0.59,0.07,3.53
2019-08-19,12.19,12.80,13.10,12.07,1058641,1384905456.00,8.61,7.02,0.84,3.83
2019-08-20,12.80,12.72,13.00,12.48,621669,817116672.00,4.06,-0.63,-0.08,2.25
2019-08-21,12.80,13.67,13.83,12.67,1316030,1817442944.00,9.12,7.47,0.95,4.76
2019-08-22,13.60,13.44,13.68,13.07,1169195,1616378320.00,4.46,-1.68,-0.23,4.23
2019-08-23,13.36,13.66,13.90,13.13,972989,1357402800.00,5.73,1.64,0.22,3.52
2019-08-26,13.12,13.20,13.46,12.79,1097219,1488191952.00,4.90,-3.37,-0.46,3.97
2019-08-27,13.27,13.41,13.68,13.06,934326,1295342288.00,4.70,1.59,0.21,3.38
2019-08-28,13.25,13.55,14.00,13.06,837035,1165808032.00,7.01,1.04,0.14,3.03
2019-08-29,13.51,13.50,13.79,13.31,616879,860159168.00,3.54,-0.37,-0.05,2.23
2019-08-30,13.51,12.71,13.76,12.52,1329224,1797471376.00,9.19,-5.85,-0.79,4.81
2019-09-02,12.70,13.13,13.43,12.68,1000672,1351023312.00,5.90,3.30,0.42,3.62
2019-09-03,13.22,14.49,14.49,13.15,1553022,2239888720.00,10.21,10.36,1.36,5.62
2019-09-04,14.56,14.60,14.85,14.16,1258532,1877453184.00,4.76,0.76,0.11,4.55
2019-09-05,14.62,14.42,15.19,14.30,1305083,1973696576.00,6.10,-1.23,-0.18,4.72
2019-09-06,14.51,14.24,14.74,13.87,956714,1408016496.00,6.03,-1.25,-0.18,3.46
2019-09-09,14.32,14.65,14.82,14.13,970415,1451393680.00,4.85,2.88,0.41,3.51
2019-09-10,14.61,14.36,14.75,14.02,754070,1116255504.00,4.98,-1.98,-0.29,2.73
2019-09-11,14.15,13.92,14.23,13.63,942869,1356028512.00,4.18,-3.06,-0.44,3.41
2019-09-12,13.99,14.07,14.20,13.70,637467,917518192.00,3.59,1.08,0.15,2.30
2019-09-16,14.13,14.61,14.88,14.04,1011271,1517594544.00,5.97,3.84,0.54,3.66
2019-09-17,14.64,14.68,14.79,14.15,799428,1197138640.00,4.38,0.48,0.07,2.89
2019-09-18,14.61,15.27,15.54,14.35,1068331,1651905776.00,8.11,4.02,0.59,3.86
2019-09-19,15.43,15.41,15.69,15.05,977184,1544774304.00,4.19,0.92,0.14,3.53
2019-09-20,15.75,16.34,16.72,15.61,1298834,2161610304.00,7.20,6.04,0.93,4.70
2019-09-23,16.30,16.83,16.99,16.15,1000240,1709907664.00,5.14,3.00,0.49,3.62
2019-09-24,16.75,17.60,17.88,16.67,1174509,2097805264.00,7.19,4.58,0.77,4.25
2019-09-25,17.33,16.73,17.54,16.46,1127017,1949436928.00,6.14,-4.94,-0.87,4.07
2019-09-26,16.75,16.07,16.96,15.55,1232496,2062395984.00,8.43,-3.95,-0.66,4.46
2019-09-27,16.66,17.72,17.72,16.47,1144819,2016439040.00,7.78,10.27,1.65,4.14
2019-09-30,17.95,17.13,18.19,16.75,1127297,2012280832.00,8.13,-3.33,-0.59,4.08
2019-10-08,17.14,16.43,17.65,15.97,1133398,1922115184.00,9.81,-4.09,-0.70,4.10
2019-10-09,16.21,16.56,16.62,15.54,1007601,1661618112.00,6.57,0.79,0.13,3.64
2019-10-10,16.23,17.62,17.70,15.99,1311680,2299175312.00,10.33,6.40,1.06,4.74
2019-10-11,17.55,17.95,18.56,17.40,1266907,2338719264.00,6.58,1.87,0.33,4.58
2019-10-14,18.30,18.25,18.83,17.79,1159820,2170690112.00,5.79,1.67,0.30,4.19
2019-10-15,17.69,17.59,17.84,17.20,921485,1657524064.00,3.51,-3.62,-0.66,3.33
2019-10-16,17.49,17.76,18.05,16.95,792790,1429143264.00,6.25,0.97,0.17,2.87
2019-10-17,17.55,18.65,18.70,17.43,1060091,1990360736.00,7.15,5.01,0.89,3.83
2019-10-18,18.51,17.63,18.63,17.60,946599,1752844864.00,5.52,-5.47,-1.02,3.42
2019-10-21,17.52,17.82,17.99,17.03,655522,1176538080.00,5.45,1.08,0.19,2.37
2019-10-22,17.36,17.63,18.17,17.05,1004418,1812677808.00,6.29,-1.07,-0.19,3.63
2019-10-23,17.35,16.65,17.36,16.47,1081980,1881953344.00,5.05,-5.56,-0.98,3.91
2019-10-24,16.69,17.07,17.42,16.69,1006936,1774713328.00,4.38,2.52,0.42,3.64
2019-10-25,16.88,17.39,17.41,16.69,715394,1257093712.00,4.22,1.87,0.32,2.59
2019-10-28,17.25,17.78,17.98,16.91,811803,1461310384.00,6.15,2.24,0.39,2.94
2019-10-29,17.78,17.51,18.40,17.45,772602,1419545360.00,5.34,-1.52,-0.27,2.79
2019-10-30,17.17,18.58,18.80,17.10,1227925,2283297776.00,9.71,6.11,1.07,4.44
2019-10-31,18.52,18.13,18.87,17.95,882140,1661837856.00,4.95,-2.42,-0.45,3.19
2019-11-01,18.00,18.18,18.32,17.55,625703,1150554016.00,4.25,0.28,0.05,2.26
2019-11-04,18.17,19.36,19.59,18.15,1152865,2249481872.00,7.92,6.49,1.18,4.17
2019-11-05,19.25,19.55,19.75,19.05,793208,1575083776.00,3.62,0.98,0.19,2.87
2019-11-06,19.55,19.23,20.10,19.07,717448,1429572816.00,5.27,-1.64,-0.32,2.59
2019-11-07,19.11,19.47,19.57,18.90,640045,1268956704.00,3.48,1.25,0.24,2.31
2019-11-08,19.72,19.46,20.22,19.43,842287,1707434016.00,4.06,-0.05,-0.01,3.05
2019-11-11,19.46,19.63,19.93,18.97,717248,1438106448.00,4.93,0.87,0.17,2.59
2019-11-12,19.45,19.31,19.61,18.57,695026,1355919808.00,5.30,-1.63,-0.32,2.51
2019-11-13,19.13,20.17,20.36,18.88,930220,1884644912.00,7.66,4.45,0.86,3.36
2019-11-14,20.01,20.67,20.90,19.77,804076,1670310208.00,5.60,2.48,0.50,2.91
2019-11-15,20.46,20.25,20.93,20.25,575921,1211077824.00,3.29,-2.03,-0.42,2.08
2019-11-18,20.25,20.22,20.64,19.55,537739,1105309248.00,5.38,-0.15,-0.03,1.94
2019-11-19,20.15,20.53,20.60,19.75,796696,1644043664.00,4.20,1.53,0.31,2.88
2019-11-20,20.34,19.80,20.56,19.74,734219,1506088976.00,3.99,-3.56,-0.73,2.65
2019-11-21,19.55,19.95,20.30,19.34,559282,1139371536.00,4.85,0.76,0.15,2.02
2019-11-22,19.91,18.51,20.15,17.92,1411500,2720740240.00,11.18,-7.22,-1.44,5.10
2019-11-25,18.31,18.07,18.51,17.50,853918,1578976320.00,5.46,-2.38,-0.44,3.09
2019-11-26,18.43,18.43,18.67,18.10,693917,1306880464.00,3.15,1.99,0.36,2.51
2019-11-27,18.25,18.78,19.29,17.95,683938,1313983536.00,7.27,1.90,0.35,2.47
2019-11-28,18.79,19.12,19.60,18.68,578836,1138211328.00,4.90,1.81,0.34,2.09
2019-11-29,19.00,18.94,19.17,18.37,397975,765651296.00,4.18,-0.94,-0.18,1.44
2019-12-02,18.85,19.08,19.51,18.64,436544,853244080.00,4.59,0.74,0.14,1.58
2019-12-03,18.91,19.38,19.40,18.65,476524,930388144.00,3.93,1.57,0.30,1.72
2019-12-04,19.20,19.48,19.70,19.08,463217,919633008.00,3.20,0.52,0.10,1.67
2019-12-05,19.45,20.27,20.71,19.29,1025307,2112167776.00,7.29,4.06,0.79,3.71
2019-12-06,20.26,20.60,20.67,20.10,730971,1528594144.00,2.81,1.63,0.33,2.64
2019-12-09,20.65,20.09,20.84,20.04,615835,1286282560.00,3.88,-2.48,-0.51,2.23
2019-12-10,19.93,21.05,21.22,19.65,908171,1911999392.00,7.81,4.78,0.96,3.28
2019-12-11,20.80,20.04,21.10,19.77,1029586,2124199696.00,6.32,-4.80,-1.01,3.72
2019-12-12,19.95,19.65,20.19,19.54,718920,1454988304.00,3.24,-1.95,-0.39,2.60
2019-12-13,19.90,19.97,20.28,19.58,752109,1537848032.00,3.56,1.63,0.32,2.72
2019-12-16,20.10,20.46,20.65,19.84,723956,1502884464.00,4.06,2.45,0.49,2.62
2019-12-17,20.30,21.85,21.91,20.20,1086678,2345842064.00,8.36,6.79,1.39,3.93
2019-12-18,21.65,21.03,21.72,20.97,825953,1793040032.00,3.43,-3.75,-0.82,2.99
2019-12-19,20.85,20.47,20.90,20.05,780622,1625110816.00,4.04,-2.66,-0.56,2.82
2019-12-20,20.30,19.93,20.55,19.86,659285,1352780432.00,3.37,-2.64,-0.54,2.38
2019-12-23,19.85,19.84,20.35,19.35,533029,1086826736.00,5.02,-0.45,-0.09,1.93
2019-12-24,19.95,19.98,20.17,19.53,375974,764127328.00,3.23,0.71,0.14,1.36
2019-12-25,19.66,19.77,20.29,19.61,536215,1095312944.00,3.40,-1.05,-0.21,1.94
2019-12-26,19.71,19.78,20.10,19.55,367737,743591616.00,2.78,0.05,0.01,1.33
2019-12-27,19.80,19.69,20.11,19.55,455486,925838400.00,2.83,-0.46,-0.09,1.65
2019-12-30,19.55,19.34,19.63,18.75,645660,1270145856.00,4.47,-1.78,-0.35,2.33
2019-12-31,19.42,19.47,19.70,19.12,467772,929544992.00,3.00,0.67,0.13,1.72