2014-01-02,4.73,4.69,4.73,4.63,45193,25491969.00,2.11,-0.85,-0.04,0.88
2014-01-03,4.66,4.59,4.69,4.59,44383,24837754.00,2.13,-2.13,-0.10,0.87
2014-01-06,4.58,4.44,4.58,4.37,52443,28386867.00,4.58,-3.27,-0.15,1.02
2014-01-07,4.29,4.50,4.57,4.29,34237,18662651.00,6.31,1.35,0.06,0.67
2014-01-08,4.53,4.36,4.55,4.33,40918,22004167.00,4.89,-3.11,-0.14,0.80
2014-01-09,4.35,4.23,4.41,4.20,45543,24082665.00,4.82,-2.98,-0.13,0.89
2014-01-10,4.23,4.02,4.26,4.00,109107,55082223.00,6.15,-4.96,-0.21,2.13
2014-01-13,4.05,4.16,4.28,4.02,72338,37236223.00,6.47,3.48,0.14,1.41
2014-01-14,4.14,4.26,4.26,4.06,50621,26048725.00,4.81,2.40,0.10,0.99
2014-01-15,4.18,4.18,4.30,4.15,47520,24550483.00,3.52,-1.88,-0.08,0.93
2014-01-16,4.18,4.26,4.28,4.17,45729,23789922.00,2.63,1.91,0.08,0.89
2014-01-17,4.23,4.15,4.24,4.11,39476,20231259.00,3.05,-2.58,-0.11,0.77
2014-01-20,4.15,4.07,4.16,4.06,32814,16618199.00,2.41,-1.93,-0.08,0.64
2014-01-21,4.08,4.16,4.17,4.08,41342,21057003.00,2.21,2.21,0.09,0.81
2014-01-22,4.19,4.49,4.51,4.17,155568,83399169.00,8.17,7.93,0.33,3.03
2014-01-23,4.45,4.44,4.51,4.40,68300,36992069.00,2.45,-1.11,-0.05,1.33
2014-01-24,4.41,4.58,4.70,4.38,128269,71333398.00,7.21,3.15,0.14,2.50
2014-01-27,4.60,4.47,4.64,4.44,92666,51065494.00,4.37,-2.40,-0.11,1.81
2014-01-28,4.44,4.45,4.54,4.39,50340,27326828.00,3.36,-0.45,-0.02,0.98
2014-01-29,4.48,4.48,4.52,4.40,71497,38739199.00,2.70,0.67,0.03,1.39
2014-01-30,4.45,4.40,4.49,4.40,49472,26783720.00,2.01,-1.79,-0.08,0.96
2014-02-07,4.36,4.50,4.52,4.33,49150,26655756.00,4.32,2.27,0.10,0.96
2014-02-10,4.54,4.67,4.70,4.53,85701,48159244.00,3.78,3.78,0.17,1.67
2014-02-11,4.68,4.69,4.75,4.61,90516,51107147.00,3.00,0.43,0.02,1.77
2014-02-12,4.71,4.91,4.96,4.71,161790,94721142.00,5.33,4.69,0.22,3.16
2014-02-13,4.92,4.87,5.10,4.85,135418,80831693.00,5.09,-0.81,-0.04,2.64
2014-02-14,4.87,4.89,4.97,4.83,81592,47748369.00,2.87,0.41,0.02,1.59
2014-02-17,4.91,4.90,4.95,4.85,88990,52092134.00,2.04,0.20,0.01,1.74
2014-02-18,4.93,5.11,5.11,4.81,168099,99804786.00,6.12,4.29,0.21,3.28
2014-02-19,5.10,5.12,5.16,5.01,137076,83143678.00,2.94,0.20,0.01,2.67
2014-02-20,5.11,4.96,5.16,4.94,104611,62990777.00,4.30,-3.13,-0.16,2.04
2014-02-21,4.96,4.78,5.05,4.74,94810,55185994.00,6.25,-3.63,-0.18,1.85
2014-02-24,4.73,4.53,4.78,4.44,99506,54781917.00,7.11,-5.23,-0.25,1.94
2014-02-25,4.53,5.07,5.08,4.39,211487,120840417.00,15.23,11.92,0.54,4.12
2014-02-26,4.93,4.84,5.06,4.68,170442,99818041.00,7.50,-4.54,-0.23,3.32
2014-02-27,4.81,4.60,4.93,4.58,105626,60649795.00,7.23,-4.96,-0.24,2.06
2014-02-28,4.65,4.75,4.81,4.55,69456,39306654.00,5.65,3.26,0.15,1.35
2014-03-03,4.73,4.78,4.83,4.64,73250,41757246.00,4.00,0.63,0.03,1.43
2014-03-04,4.73,4.92,5.01,4.73,113664,66602386.00,5.86,2.93,0.14,2.22
2014-03-05,4.91,4.78,4.96,4.77,76700,44679799.00,3.86,-2.85,-0.14,1.50
2014-03-06,4.84,5.07,5.22,4.81,225866,135302214.00,8.58,6.07,0.29,4.41
2014-03-07,5.05,4.92,5.12,4.83,149659,88496180.00,5.72,-2.96,-0.15,2.92
2014-03-10,4.87,4.73,4.88,4.70,91844,52776256.00,3.66,-3.86,-0.19,1.79
2014-03-11,4.68,4.81,4.88,4.65,67348,38631856.00,4.86,1.69,0.08,1.31
2014-03-12,4.78,5.06,5.08,4.68,182814,108512456.00,8.32,5.20,0.25,3.57
2014-03-13,5.02,5.03,5.11,4.94,136001,81500199.00,3.36,-0.59,-0.03,2.65
2014-03-14,4.98,4.86,5.03,4.68,154592,89812055.00,6.96,-3.38,-0.17,3.02
2014-03-17,4.86,4.96,4.99,4.81,86382,50790264.00,3.70,2.06,0.10,1.68
2014-03-18,4.99,4.90,5.02,4.86,98364,58022556.00,3.23,-1.21,-0.06,1.92
2014-03-19,4.91,4.86,4.92,4.71,88320,51049933.00,4.29,-0.82,-0.04,1.72
2014-03-20,4.94,5.44,5.44,4.88,658865,418134208.00,11.52,11.93,0.58,12.85
2014-03-21,5.33,5.72,6.01,5.26,721545,473996672.00,13.79,5.15,0.28,14.07
2014-03-24,5.75,6.22,6.38,5.61,599927,416796416.00,13.46,8.74,0.50,11.70
2014-03-25,6.11,6.08,6.32,5.91,432919,306039408.00,6.59,-2.25,-0.14,8.44
2014-03-26,6.08,5.96,6.13,5.80,252925,174334144.00,5.43,-1.97,-0.12,4.93
2014-03-27,5.93,5.81,6.11,5.73,353227,244442104.00,6.38,-2.52,-0.15,6.89
2014-03-28,5.82,5.83,6.20,5.73,322666,223393381.00,8.09,0.34,0.02,6.29
2014-03-31,5.79,6.07,6.18,5.73,290724,201857546.00,7.72,4.12,0.24,5.67
2014-04-01,6.03,5.94,6.07,5.78,190687,130969462.00,4.78,-2.14,-0.13,3.72
2014-04-02,6.04,6.23,6.50,6.04,392532,283621792.00,7.74,4.88,0.29,7.66
2014-04-03,6.33,6.03,6.49,6.01,282142,201888504.00,7.70,-3.21,-0.20,5.50
2014-04-04,5.93,5.85,5.98,5.64,248613,168807381.00,5.64,-2.99,-0.18,4.85
2014-04-08,5.81,5.84,5.89,5.68,149809,101246077.00,3.59,-0.17,-0.01,2.92
2014-04-09,5.85,5.75,5.87,5.74,132301,89428571.00,2.23,-1.54,-0.09,2.58
2014-04-10,5.77,5.73,5.85,5.69,134368,90450028.00,2.78,-0.35,-0.02,2.62
2014-04-11,5.80,5.85,5.98,5.79,188901,129379470.00,3.32,2.09,0.12,3.68
2014-04-14,5.88,5.88,5.90,5.64,142020,95637097.00,4.44,0.51,0.03,2.77
2014-04-15,5.85,5.79,5.95,5.75,128767,87972110.00,3.40,-1.53,-0.09,2.51
2014-04-16,5.75,5.67,5.80,5.63,114181,76121597.00,2.94,-2.07,-0.12,2.23
2014-04-17,5.68,5.48,5.72,5.48,135110,88454301.00,4.23,-3.35,-0.19,2.64
2014-04-18,5.47,5.49,5.57,5.38,69968,45065542.00,3.47,0.18,0.01,1.36
2014-04-21,5.40,5.27,5.49,5.24,80572,51083295.00,4.55,-4.01,-0.22,1.57
2014-04-22,5.22,5.36,5.37,5.21,81681,51045139.00,3.04,1.71,0.09,1.59
2014-04-23,5.28,5.25,5.36,5.22,57665,36138471.00,2.61,-2.05,-0.11,1.12
2014-04-24,5.25,5.32,5.47,5.20,101100,64218461.00,5.14,1.33,0.07,1.97
2014-04-25,5.30,5.23,5.48,5.21,88765,56435684.00,5.08,-1.69,-0.09,1.73
2014-04-28,5.23,4.79,5.23,4.74,120900,71189613.00,9.37,-8.41,-0.44,2.36
2014-04-29,4.84,4.96,5.05,4.84,89714,53296347.00,4.38,3.55,0.17,1.75
2014-04-30,4.93,4.96,5.01,4.89,52271,30958389.00,2.42,0.00,0.00,1.02
2014-05-05,4.93,4.93,4.95,4.73,62181,36204385.00,4.44,-0.60,-0.03,1.21
2014-05-06,4.94,4.95,5.00,4.87,60554,35941878.00,2.64,0.41,0.02,1.18
2014-05-07,4.90,4.73,4.96,4.73,54747,31827940.00,4.65,-4.44,-0.22,1.07
2014-05-08,4.75,4.81,4.95,4.73,74150,43279530.00,4.65,1.69,0.08,1.45
2014-05-09,4.78,4.82,4.90,4.73,49393,28622442.00,3.53,0.21,0.01,0.96
2014-05-12,4.88,4.93,4.94,4.73,85412,49720262.00,4.36,2.28,0.11,1.67
2014-05-13,4.90,4.98,5.02,4.88,72066,42805316.00,2.84,1.01,0.05,1.41
2014-05-14,5.10,5.01,5.19,5.00,78422,47461778.00,3.82,0.60,0.03,1.53
2014-05-15,4.98,4.81,5.00,4.79,66367,38718014.00,4.19,-3.99,-0.20,1.29
2014-05-16,4.84,4.87,4.93,4.78,32592,18942403.00,3.12,1.25,0.06,0.64
2014-05-19,4.88,4.81,4.88,4.76,26622,15368230.00,2.46,-1.23,-0.06,0.52
2014-05-20,4.84,4.95,4.97,4.83,55007,32479777.00,2.91,2.91,0.14,1.07
2014-05-21,4.92,5.01,5.03,4.81,42967,25483696.00,4.44,1.21,0.06,0.84
2014-05-22,5.01,5.08,5.19,4.97,80954,49096743.00,4.39,1.40,0.07,1.58
2014-05-23,5.09,5.21,5.21,5.03,108480,66282338.00,3.54,2.56,0.13,2.12
2014-05-26,5.23,5.17,5.24,5.14,58153,35720706.00,1.92,-0.77,-0.04,1.13
2014-05-27,5.16,5.08,5.17,5.06,36513,22185060.00,2.13,-1.74,-0.09,0.71
2014-05-28,5.08,5.12,5.15,4.98,39872,24194844.00,3.35,0.79,0.04,0.78
2014-05-29,5.11,5.02,5.13,5.01,32833,19845038.00,2.34,-1.95,-0.10,0.64
2014-05-30,5.03,4.97,5.08,4.95,30452,18184521.00,2.59,-1.00,-0.05,0.59
2014-06-03,4.97,4.82,5.02,4.82,58969,34594567.00,4.02,-3.02,-0.15,1.15
2014-06-04,4.83,4.73,4.86,4.62,85591,48607334.00,4.98,-1.87,-0.09,1.67
2014-06-05,4.72,4.76,4.77,4.65,56571,32186082.00,2.54,0.63,0.03,1.10
2014-06-06,4.76,4.68,4.77,4.66,34194,19412001.00,2.31,-1.68,-0.08,0.67
2014-06-09,4.66,4.69,4.80,4.63,47559,27065270.00,3.63,0.21,0.01,0.93
2014-06-10,4.69,4.73,4.75,4.65,45472,25817232.00,2.13,0.85,0.04,0.89
2014-06-11,4.72,4.69,4.74,4.66,61440,34791312.00,1.69,-0.85,-0.04,1.20
2014-06-12,4.69,4.72,4.76,4.67,46036,26195958.00,1.92,0.64,0.03,0.90
2014-06-13,4.71,4.76,4.79,4.68,46007,26326504.00,2.33,0.85,0.04,0.90
2014-06-16,4.77,4.78,4.79,4.71,47277,27115413.00,1.68,0.42,0.02,0.92
2014-06-17,4.76,4.88,4.95,4.69,118484,68785959.00,5.44,2.09,0.10,2.31
2014-06-18,4.82,4.84,4.95,4.79,75399,44023790.00,3.28,-0.82,-0.04,1.47
2014-06-19,4.80,4.58,4.81,4.58,74091,41860642.00,4.75,-5.37,-0.26,1.45
2014-06-20,4.61,4.69,4.76,4.59,54066,30566088.00,3.71,2.40,0.11,1.05
2014-06-23,4.68,4.68,4.76,4.62,50587,28581129.00,2.99,-0.21,-0.01,0.99
2014-06-24,4.65,4.66,4.71,4.58,37711,21199382.00,2.78,-0.43,-0.02,0.74
2014-06-25,4.68,4.60,4.68,4.57,42624,23776867.00,2.36,-1.29,-0.06,0.83
2014-06-26,4.60,4.66,4.68,4.60,42041,23588813.00,1.74,1.30,0.06,0.82
2014-06-27,4.67,4.72,4.76,4.64,51796,29406277.00,2.58,1.29,0.06,1.01
2014-06-30,4.72,4.76,4.79,4.72,53807,30748677.00,1.48,0.85,0.04,1.05
2014-07-01,4.76,4.79,4.79,4.70,48323,27667729.00,1.89,0.63,0.03,0.94
2014-07-02,4.80,4.80,4.80,4.73,54579,31348594.00,1.46,0.21,0.01,1.06
2014-07-03,4.80,4.86,4.90,4.77,82492,47987212.00,2.71,1.25,0.06,1.61
2014-07-04,4.88,4.81,4.97,4.79,70064,40962563.00,3.70,-1.03,-0.05,1.37
2014-07-07,4.81,4.89,4.91,4.79,67621,39483349.00,2.49,1.66,0.08,1.32
2014-07-08,4.86,4.85,4.88,4.78,47464,27544259.00,2.04,-0.82,-0.04,0.93
2014-07-09,4.85,4.66,4.85,4.66,62028,35490127.00,3.92,-3.92,-0.19,1.21
2014-07-10,4.69,4.70,4.74,4.68,31604,17955589.00,1.29,0.86,0.04,0.62
2014-07-11,4.73,4.78,4.82,4.70,44587,25639863.00,2.55,1.70,0.08,0.87
2014-07-14,4.77,4.88,4.88,4.70,74241,43049645.00,3.77,2.09,0.10,1.45
2014-07-15,4.88,4.90,4.96,4.83,62795,36865140.00,2.66,0.41,0.02,1.22
2014-07-16,4.92,4.99,5.06,4.90,114101,68111936.00,3.27,1.84,0.09,2.23
2014-07-17,5.03,4.91,5.08,4.86,88944,52798330.00,4.41,-1.60,-0.08,1.73
2014-07-18,4.91,5.09,5.12,4.88,121301,73208181.00,4.89,3.67,0.18,2.37
2014-07-21,5.11,5.08,5.18,5.01,104177,63097100.00,3.34,-0.20,-0.01,2.03
2014-07-22,5.07,5.09,5.14,5.04,88516,53638867.00,1.97,0.20,0.01,1.73
2014-07-23,5.07,5.10,5.17,5.04,113494,68957349.00,2.55,0.20,0.01,2.21
2014-07-24,5.13,5.31,5.45,5.13,210833,132730948.00,6.27,4.12,0.21,4.11
2014-07-25,5.34,5.32,5.38,5.22,120854,75707870.00,3.01,0.19,0.01,2.36
2014-07-28,5.33,5.40,5.46,5.27,145008,91960827.00,3.57,1.50,0.08,2.83
2014-07-29,5.41,5.42,5.57,5.32,143211,91496703.00,4.63,0.37,0.02,2.79
2014-07-30,5.39,5.27,5.43,5.25,127952,80321233.00,3.32,-2.77,-0.15,2.50
2014-07-31,5.30,5.34,5.36,5.25,92046,57765795.00,2.09,1.33,0.07,1.80
2014-08-01,5.29,5.22,5.33,5.21,114202,71240582.00,2.25,-2.25,-0.12,2.23
2014-08-04,5.22,5.38,5.39,5.20,100773,63324643.00,3.64,3.07,0.16,1.97
2014-08-05,5.37,5.32,5.40,5.30,83925,52877140.00,1.86,-1.12,-0.06,1.64
2014-08-06,5.33,5.47,5.47,5.27,144652,92295870.00,3.76,2.82,0.15,2.82
2014-08-07,5.48,5.37,5.55,5.35,106360,68097296.00,3.66,-1.83,-0.10,2.07
2014-08-08,5.36,5.36,5.41,5.30,62683,39627345.00,2.05,-0.19,-0.01,1.22
2014-08-11,5.37,5.44,5.46,5.33,90963,58140923.00,2.43,1.49,0.08,1.77
2014-08-12,5.46,5.54,5.59,5.41,116147,75379598.00,3.31,1.84,0.10,2.27
2014-08-13,5.55,5.57,5.60,5.41,112026,72554528.00,3.43,0.54,0.03,2.18
2014-08-14,5.56,5.46,5.58,5.45,79470,51643950.00,2.33,-1.97,-0.11,1.55
2014-08-15,5.44,5.54,5.57,5.42,75679,49117510.00,2.75,1.47,0.08,1.48
2014-08-18,5.50,5.62,5.65,5.49,117574,77171519.00,2.89,1.44,0.08,2.29
2014-08-19,5.62,5.66,5.77,5.57,149128,98969164.00,3.56,0.71,0.04,2.91
2014-08-20,5.66,5.65,5.78,5.58,116990,78030633.00,3.53,-0.18,-0.01,2.28
2014-08-21,5.63,5.58,5.68,5.52,103186,67486589.00,2.83,-1.24,-0.07,2.01
2014-08-22,5.58,5.61,5.62,5.54,102489,67097380.00,1.43,0.54,0.03,2.00
2014-08-25,5.60,5.65,5.70,5.58,123830,82064074.00,2.14,0.71,0.04,2.42
2014-08-26,5.63,5.59,5.87,5.53,190730,127425976.00,6.02,-1.06,-0.06,3.72
2014-08-27,5.58,5.43,5.58,5.39,147213,94604360.00,3.40,-2.86,-0.16,2.87
2014-08-28,5.40,5.35,5.48,5.31,83704,53118303.00,3.13,-1.47,-0.08,1.63
2014-08-29,5.33,5.46,5.47,5.32,57328,36542692.00,2.80,2.06,0.11,1.12
2014-09-01,5.46,5.49,5.51,5.37,87715,56309445.00,2.56,0.55,0.03,1.71
2014-09-02,5.49,5.56,5.56,5.46,139089,90256087.00,1.82,1.28,0.07,2.71
2014-09-03,5.58,5.67,5.71,5.54,175672,115882018.00,3.06,1.98,0.11,3.43
2014-09-04,5.67,5.89,6.11,5.66,317986,218111263.00,7.94,3.88,0.22,6.20
2014-09-05,5.83,5.93,6.00,5.79,184935,126903840.00,3.57,0.68,0.04,3.61
2014-09-09,5.92,5.85,5.98,5.81,164383,112591346.00,2.87,-1.35,-0.08,3.21
2014-09-10,5.85,5.86,5.88,5.67,152692,103297632.00,3.59,0.17,0.01,2.98
2014-09-11,5.86,5.89,5.96,5.78,153917,105367271.00,3.07,0.51,0.03,3.00
2014-09-12,5.91,6.05,6.10,5.85,205369,142965641.00,4.24,2.72,0.16,4.01
2014-09-15,6.03,6.03,6.05,5.94,152059,105892988.00,1.82,-0.33,-0.02,2.97
2014-09-16,6.03,5.78,6.04,5.73,238467,164011005.00,5.14,-4.15,-0.25,4.65
2014-09-17,5.77,5.92,5.93,5.74,126199,86015786.00,3.29,2.42,0.14,2.46
2014-09-18,5.92,5.92,6.00,5.87,109103,75305528.00,2.20,0.00,0.00,2.13
2014-09-19,5.92,5.95,5.96,5.85,101580,69884501.00,1.86,0.51,0.03,1.98
2014-09-22,5.98,5.86,6.00,5.84,136876,94300039.00,2.69,-1.51,-0.09,2.67
2014-09-23,5.82,6.00,6.00,5.82,140592,97137350.00,3.07,2.39,0.14,2.74
2014-09-24,5.95,6.12,6.23,5.94,231144,163910478.00,4.83,2.00,0.12,4.51
2014-09-25,6.14,6.06,6.18,6.02,172250,121577594.00,2.61,-0.98,-0.06,3.36
2014-09-26,6.03,6.11,6.18,5.99,117037,82821254.00,3.14,0.83,0.05,2.28
2014-09-29,6.12,6.12,6.22,6.09,166203,118183771.00,2.13,0.16,0.01,3.24
2014-09-30,6.13,6.12,6.18,6.08,118734,84079941.00,1.63,0.00,0.00,2.32
2014-10-08,6.30,6.31,6.48,6.21,244597,178769657.00,4.41,3.10,0.19,4.77
2014-10-09,6.28,6.37,6.40,6.18,158701,115114515.00,3.49,0.95,0.06,3.10
2014-10-10,6.29,6.36,6.39,6.28,143982,105312220.00,1.73,-0.16,-0.01,2.81
2014-10-13,6.36,6.54,6.58,6.31,251183,186731576.00,4.25,2.83,0.18,4.90
2014-10-14,6.49,6.43,6.61,6.36,199891,148833914.00,3.82,-1.68,-0.11,3.90
2014-10-15,6.40,6.35,6.46,6.25,135480,99005353.00,3.27,-1.24,-0.08,2.64
2014-10-16,6.33,6.18,6.34,6.15,122332,88683767.00,2.99,-2.68,-0.17,2.39
2014-10-17,6.14,6.05,6.21,5.94,153445,107821733.00,4.37,-2.10,-0.13,2.99
2014-10-20,6.08,6.15,6.17,6.07,81157,57637072.00,1.65,1.65,0.10,1.58
2014-10-21,6.15,6.10,6.18,6.09,69298,49148255.00,1.46,-0.81,-0.05,1.35
2014-10-22,6.09,5.96,6.16,5.92,77821,54617187.00,3.93,-2.30,-0.14,1.52
2014-10-23,5.99,5.72,6.01,5.70,116588,79015656.00,5.20,-4.03,-0.24,2.27
2014-10-24,5.73,5.83,5.84,5.61,81664,54728988.00,4.02,1.92,0.11,1.59
2014-10-27,5.79,5.84,5.91,5.73,70051,47709723.00,3.09,0.17,0.01,1.37
2014-10-28,5.91,6.07,6.07,5.87,130850,91485401.00,3.42,3.94,0.23,2.55
2014-10-29,6.07,6.15,6.26,5.97,196801,139737332.00,4.78,1.32,0.08,3.84
2014-10-30,6.16,6.07,6.16,6.03,144556,102212668.00,2.11,-1.30,-0.08,2.82
2014-10-31,6.08,6.18,6.20,6.07,144219,102679210.00,2.14,1.81,0.11,2.81
2014-11-03,6.19,6.27,6.35,6.13,182381,131716732.00,3.56,1.46,0.09,3.56
2014-11-04,6.28,6.23,6.29,6.15,132167,94953244.00,2.23,-0.64,-0.04,2.58
2014-11-05,6.24,6.24,6.37,6.19,135371,98191460.00,2.89,0.16,0.01,2.64
2014-11-06,6.22,6.21,6.30,6.13,96662,69349827.00,2.72,-0.48,-0.03,1.89
2014-11-07,6.21,6.08,6.28,6.04,131019,93681607.00,3.86,-2.09,-0.13,2.56
2014-11-10,6.08,6.13,6.18,6.04,130479,92256808.00,2.30,0.82,0.05,2.54
2014-11-11,6.15,5.91,6.25,5.84,149996,105232810.00,6.69,-3.59,-0.22,2.93
2014-11-12,5.91,6.02,6.04,5.85,83967,58254400.00,3.21,1.86,0.11,1.64
2014-11-13,6.04,5.98,6.08,5.93,96311,67127018.00,2.49,-0.66,-0.04,1.88
2014-11-14,5.96,6.04,6.12,5.92,130538,91438029.00,3.34,1.00,0.06,2.55
2014-11-17,6.06,6.20,6.24,6.00,158303,112392170.00,3.97,2.65,0.16,3.09
2014-11-18,6.16,6.22,6.27,6.14,131043,93916366.00,2.10,0.32,0.02,2.56
2014-11-19,6.21,6.38,6.42,6.13,255712,185951628.00,4.66,2.57,0.16,4.99
2014-11-20,6.35,6.28,6.46,6.28,214196,157159870.00,2.82,-1.57,-0.10,4.18
2014-11-21,6.40,6.38,6.47,6.30,188926,138526454.00,2.71,1.59,0.10,3.68
2014-11-24,6.67,6.68,6.91,6.49,633614,485005424.00,6.58,4.70,0.30,12.36
2014-11-25,6.65,6.69,6.73,6.55,374187,283968992.00,2.69,0.15,0.01,7.30
2014-11-26,6.69,6.75,6.75,6.59,271064,207109265.00,2.39,0.90,0.06,5.29
2014-11-27,6.78,6.71,6.97,6.60,330178,256449440.00,5.48,-0.59,-0.04,6.44
2014-11-28,6.67,6.99,7.00,6.62,431156,336872960.00,5.66,4.17,0.28,8.41
2014-12-01,7.07,6.79,7.18,6.74,322575,255444388.00,6.29,-2.86,-0.20,6.29
2014-12-02,6.73,6.86,6.93,6.69,253132,197001920.00,3.53,1.03,0.07,4.94
2014-12-03,6.89,7.19,7.57,6.88,508544,419364704.00,10.06,4.81,0.33,9.92
2014-12-04,7.19,7.43,7.47,7.11,333476,275511648.00,5.01,3.34,0.24,6.50
2014-12-05,7.46,7.22,7.53,6.90,388431,316032064.00,8.48,-2.83,-0.21,7.58
2014-12-08,7.24,7.53,7.58,7.13,418530,349576624.00,6.23,4.29,0.31,8.16
2014-12-09,7.47,6.78,7.84,6.73,530858,447188736.00,14.74,-9.96,-0.75,10.35
2014-12-10,6.83,7.16,7.19,6.73,249401,197638718.00,6.78,5.60,0.38,4.86
2014-12-11,7.07,7.30,7.37,7.01,229611,188724651.00,5.03,1.96,0.14,4.48
2014-12-12,7.30,7.24,7.43,7.18,215475,177802571.00,3.42,-0.82,-0.06,4.20
2014-12-15,7.36,7.31,7.46,7.13,256078,211439182.00,4.56,0.97,0.07,4.99
2014-12-16,7.32,7.26,7.32,7.07,273177,222754874.00,3.42,-0.68,-0.05,5.33
2014-12-17,7.25,7.55,7.58,7.14,401769,334123040.00,6.06,3.99,0.29,7.84
2014-12-18,7.49,7.30,7.67,7.26,286318,240371680.00,5.43,-3.31,-0.25,5.58
2014-12-19,7.26,7.16,7.26,6.91,213701,172959556.00,4.79,-1.92,-0.14,4.17
2014-12-22,7.13,6.97,7.28,6.89,236808,190569720.00,5.45,-2.65,-0.19,4.62
2014-12-23,6.91,6.67,7.11,6.65,186256,145710306.00,6.60,-4.30,-0.30,3.63
2014-12-24,6.69,6.73,6.84,6.63,144214,110840796.00,3.15,0.90,0.06,2.81
2014-12-25,6.73,6.83,6.87,6.73,123612,96111654.00,2.08,1.49,0.10,2.41
2014-12-26,6.83,7.04,7.06,6.81,171033,135625781.00,3.66,3.07,0.21,3.34
2014-12-29,7.05,7.23,7.40,6.94,305313,249821489.00,6.53,2.70,0.19,5.95
2014-12-30,7.25,7.14,7.34,7.09,207664,169628236.00,3.46,-1.24,-0.09,4.05
2014-12-31,7.15,7.68,7.70,7.12,386803,324683856.00,8.12,7.56,0.54,7.54