2010-01-04,23.54,23.32,23.65,22.92,11039,30311860.00,3.11,-0.51,-0.12,0.47
2010-01-05,23.36,24.07,24.49,22.96,16020,44806956.00,6.56,3.22,0.75,0.69
2010-01-06,23.91,24.51,24.81,23.86,23767,68452248.00,3.95,1.83,0.44,1.02
2010-01-07,24.44,23.24,24.46,23.11,14084,39498960.00,5.51,-5.18,-1.27,0.60
2010-01-08,23.24,22.71,23.24,22.26,11382,30499852.00,4.22,-2.28,-0.53,0.49
2010-01-11,22.56,22.14,22.71,21.86,16689,44219396.00,3.74,-2.51,-0.57,0.72
2010-01-12,22.14,22.61,22.70,22.06,11861,31576430.00,2.89,2.12,0.47,0.51
2010-01-13,22.35,22.64,23.11,22.12,17246,46479984.00,4.38,0.13,0.03,0.74
2010-01-14,22.69,24.20,24.78,22.69,31822,89684360.00,9.23,6.89,1.56,1.36
2010-01-15,24.30,23.84,24.53,23.77,14503,40840088.00,3.14,-1.49,-0.36,0.62
2010-01-18,23.75,24.26,24.29,23.47,16025,45179452.00,3.44,1.76,0.42,0.69
2010-01-19,24.24,23.53,24.24,23.29,21172,58957040.00,3.92,-3.01,-0.73,0.91
2010-01-20,23.36,23.78,24.71,23.21,20917,58967580.00,6.37,1.06,0.25,0.90
2010-01-21,23.84,23.74,24.05,23.21,11310,31399328.00,3.53,-0.17,-0.04,0.48
2010-01-22,23.56,22.74,23.76,22.59,12856,34892408.00,4.93,-4.21,-1.00,0.55
2010-01-25,22.56,22.75,23.26,22.34,4993,13515389.00,4.05,0.04,0.01,0.21
2010-01-26,22.74,22.26,23.26,22.06,21246,57134644.00,5.27,-2.15,-0.49,0.91
2010-01-27,22.65,22.99,23.25,22.21,18937,51224540.00,4.67,3.28,0.73,0.81
2010-01-28,22.96,24.16,24.41,22.96,14102,39708152.00,6.31,5.09,1.17,0.60
2010-01-29,24.07,25.55,25.91,23.45,28227,83030040.00,10.18,5.75,1.39,1.21
2010-02-01,25.55,25.99,26.25,24.71,17795,53305332.00,6.03,1.72,0.44,0.76
2010-02-02,26.01,25.26,26.20,24.76,12197,35932072.00,5.54,-2.81,-0.73,0.52
2010-02-03,25.11,25.61,25.86,24.06,13278,38894092.00,7.13,1.39,0.35,0.57
2010-02-04,25.32,24.95,25.45,24.92,6964,20404028.00,2.07,-2.58,-0.66,0.30
2010-02-05,24.92,24.46,24.92,24.07,5265,15092186.00,3.41,-1.96,-0.49,0.23
2010-02-08,24.26,23.71,24.66,23.56,7134,20206034.00,4.50,-3.07,-0.75,0.31
2010-02-09,23.74,23.62,24.11,23.51,6122,17104502.00,2.53,-0.38,-0.09,0.26
2010-02-11,24.06,23.71,24.06,23.56,6115,17095302.00,2.12,0.38,0.09,0.26
2010-02-12,23.76,24.04,24.37,23.76,11380,32135880.00,2.57,1.39,0.33,0.49
2010-02-22,24.04,25.02,25.03,24.04,12865,37202712.00,4.12,4.08,0.98,0.55
2010-02-23,24.98,25.06,25.76,24.76,10742,31662146.00,4.00,0.16,0.04,0.46
2010-02-24,24.96,26.57,26.76,24.46,15228,46119068.00,9.18,6.03,1.51,0.65
2010-02-25,26.62,26.69,26.90,25.67,21597,66476384.00,4.63,0.45,0.12,0.93
2010-02-26,26.66,26.76,27.64,26.26,11185,34658024.00,5.17,0.26,0.07,0.48
2010-03-01,26.65,26.91,27.24,26.46,6768,21130738.00,2.91,0.56,0.15,0.29
2010-03-02,27.41,26.56,27.41,26.46,7850,24414994.00,3.53,-1.30,-0.35,0.34
2010-03-03,25.96,26.56,26.76,25.96,3265,10035282.00,3.01,0.00,0.00,0.14
2010-03-04,26.57,25.64,26.66,25.46,4929,14966897.00,4.52,-3.46,-0.92,0.21
2010-03-05,25.56,25.74,26.20,25.16,7649,22835316.00,4.06,0.39,0.10,0.33
2010-03-08,25.94,25.46,26.05,25.36,16882,50595380.00,2.68,-1.09,-0.28,0.72
2010-03-09,25.51,25.76,26.53,25.51,14857,44975584.00,4.01,1.18,0.30,0.64
2010-03-10,25.86,25.51,26.01,25.17,8195,24508776.00,3.26,-0.97,-0.25,0.35
2010-03-11,25.56,25.25,26.06,24.94,6436,19081942.00,4.39,-1.02,-0.26,0.28
2010-03-12,25.25,25.08,25.46,25.04,4125,12116198.00,1.66,-0.67,-0.17,0.18
2010-03-15,25.07,24.76,25.38,22.76,6595,19192440.00,10.45,-1.28,-0.32,0.28
2010-03-16,24.66,24.26,24.74,23.90,10068,28681948.00,3.39,-2.02,-0.50,0.43
2010-03-17,24.31,24.76,24.96,24.27,9495,27468444.00,2.84,2.06,0.50,0.41
2010-03-18,24.81,24.72,25.15,24.71,5637,16396043.00,1.78,-0.16,-0.04,0.24
2010-03-19,25.01,24.34,25.01,23.94,8198,23377442.00,4.33,-1.54,-0.38,0.35
2010-03-22,24.34,24.71,24.75,24.18,4508,12992381.00,2.34,1.52,0.37,0.19
2010-03-23,24.71,24.93,25.01,24.37,8645,25056588.00,2.59,0.89,0.22,0.37
2010-03-24,25.14,24.48,25.14,24.40,14546,41956616.00,2.97,-1.81,-0.45,0.62
2010-03-25,24.43,23.36,24.48,23.31,15580,43667620.00,4.78,-4.58,-1.12,0.67
2010-03-26,23.40,23.55,23.77,23.34,11086,30792366.00,1.84,0.81,0.19,0.48
2010-03-29,23.56,24.01,24.16,23.56,9446,26591078.00,2.55,1.95,0.46,0.40
2010-03-30,24.01,24.06,24.23,23.96,6661,18837212.00,1.12,0.21,0.05,0.29
2010-03-31,24.06,23.64,24.06,23.57,10686,29885728.00,2.04,-1.75,-0.42,0.46
2010-04-01,23.64,23.79,23.90,23.43,12275,34213460.00,1.99,0.63,0.15,0.53
2010-04-02,23.86,25.26,25.33,23.84,24017,69284072.00,6.26,6.18,1.47,1.03
2010-04-06,25.06,24.73,25.08,24.57,9341,27064044.00,2.02,-2.10,-0.53,0.40
2010-04-07,24.74,25.06,25.42,24.74,21686,63501756.00,2.75,1.33,0.33,0.93
2010-04-08,25.07,25.76,26.00,24.76,22708,67452800.00,4.95,2.79,0.70,0.97
2010-04-09,25.84,26.98,27.12,25.54,29202,89645960.00,6.13,4.74,1.22,1.25
2010-04-12,27.26,27.26,27.83,26.46,30399,96274624.00,5.08,1.04,0.28,1.30
2010-04-13,27.01,27.20,27.85,26.26,15856,49812572.00,5.83,-0.22,-0.06,0.68
2010-04-14,26.76,27.41,27.48,26.46,8957,27938354.00,3.75,0.77,0.21,0.38
2010-04-15,27.24,27.06,27.58,26.73,8422,26440310.00,3.10,-1.28,-0.35,0.36
2010-04-19,26.36,26.74,27.73,26.31,12625,39882524.00,5.25,-1.18,-0.32,0.54
2010-04-20,26.74,29.06,29.06,26.41,28814,92044856.00,9.91,8.68,2.32,1.24
2010-04-21,29.09,30.81,30.86,27.91,26549,90559672.00,10.15,6.02,1.75,1.14
2010-04-22,30.76,30.40,31.12,29.32,15097,51746416.00,5.84,-1.33,-0.41,0.65
2010-04-23,30.09,29.56,30.56,29.47,18993,64526756.00,3.59,-2.76,-0.84,0.81
2010-04-26,29.64,30.13,30.54,29.26,18925,64668964.00,4.33,1.93,0.57,0.81
2010-04-27,30.15,28.66,30.15,28.46,27870,92618672.00,5.61,-4.88,-1.47,1.19
2010-04-28,28.64,30.44,30.44,27.66,18390,62094600.00,9.70,6.21,1.78,0.79
2010-04-29,30.32,28.06,30.44,27.77,18876,63855488.00,8.77,-7.82,-2.38,0.81
2010-04-30,28.06,27.42,28.70,26.46,24132,77229656.00,7.98,-2.28,-0.64,1.03
2010-05-04,26.29,27.99,28.24,26.29,9873,31722308.00,7.11,2.08,0.57,0.42
2010-05-05,27.88,29.42,29.52,27.38,10231,33349136.00,7.65,5.11,1.43,0.44
2010-05-06,29.42,29.26,29.94,28.76,11681,39248904.00,4.01,-0.54,-0.16,0.50
2010-05-07,28.84,27.76,28.86,27.27,16875,54936216.00,5.43,-5.13,-1.50,0.72
2010-05-10,27.76,26.72,28.06,25.64,11617,36127512.00,8.72,-3.75,-1.04,0.50
2010-05-11,26.97,26.54,27.41,25.66,13816,42583224.00,6.55,-0.67,-0.18,0.59
2010-05-12,26.51,25.16,26.51,24.78,12488,36984844.00,6.52,-5.20,-1.38,0.54
2010-05-13,25.06,25.77,26.20,24.76,6349,18834556.00,5.72,2.42,0.61,0.27
2010-05-14,25.95,27.12,28.40,25.77,15182,47951112.00,10.21,5.24,1.35,0.65
2010-05-17,26.66,26.49,27.13,26.06,11699,35960072.00,3.95,-2.32,-0.63,0.50
2010-05-18,26.76,26.41,26.76,25.31,7353,22120772.00,5.47,-0.30,-0.08,0.32
2010-05-19,26.56,26.45,27.01,25.66,2897,8882862.00,5.11,0.15,0.04,0.12
2010-05-20,26.06,24.76,27.04,23.76,17905,53200192.00,12.40,-6.39,-1.69,0.77
2010-05-21,23.94,24.82,24.93,23.26,6615,18922118.00,6.74,0.24,0.06,0.28
2010-05-24,24.62,25.98,26.76,24.62,9382,28378746.00,8.62,4.67,1.16,0.40
2010-05-25,25.76,26.68,26.76,25.47,5602,17086986.00,4.97,2.69,0.70,0.24
2010-05-26,26.61,25.76,26.96,25.74,9280,27992424.00,4.57,-3.45,-0.92,0.40
2010-05-27,25.66,26.34,26.41,25.54,6506,19796650.00,3.38,2.25,0.58,0.28
2010-05-28,26.64,26.96,27.42,26.64,14395,44930644.00,2.96,2.35,0.62,0.62
2010-05-31,27.13,27.42,27.76,26.16,14672,46284756.00,5.93,1.71,0.46,0.63
2010-06-01,26.95,26.35,27.35,25.27,6564,19995180.00,7.59,-3.90,-1.07,0.28
2010-06-02,25.76,25.90,26.02,25.45,7696,23032362.00,2.16,-1.71,-0.45,0.33
2010-06-03,26.56,25.86,26.56,25.86,5380,16408468.00,2.70,-0.15,-0.04,0.23
2010-06-04,25.97,25.94,26.15,25.57,3505,10502948.00,2.24,0.31,0.08,0.15
2010-06-07,25.56,26.62,26.66,25.27,4124,12469588.00,5.36,2.62,0.68,0.18
2010-06-08,26.46,27.44,27.58,26.46,6704,21165978.00,4.21,3.08,0.82,0.29
2010-06-09,27.76,27.86,28.04,27.04,4359,13922772.00,3.64,1.53,0.42,0.19
2010-06-10,27.86,28.81,29.76,27.44,10354,34225328.00,8.33,3.41,0.95,0.44
2010-06-11,28.81,27.66,29.70,27.66,12317,40098436.00,7.08,-3.99,-1.15,0.53
2010-06-17,28.16,26.91,28.16,26.56,13297,41287936.00,5.78,-2.71,-0.75,0.57
2010-06-18,26.26,25.49,27.16,25.36,8468,25556362.00,6.69,-5.28,-1.42,0.36
2010-06-21,25.49,26.53,26.74,24.36,11181,33160028.00,9.34,4.08,1.04,0.48
2010-06-22,26.42,25.86,26.42,25.85,8243,24884106.00,2.15,-2.53,-0.67,0.35
2010-06-23,25.85,26.05,26.15,25.48,1686,5074419.00,2.59,0.73,0.19,0.07
2010-06-24,25.86,25.96,26.14,25.86,944,2837743.75,1.07,-0.35,-0.09,0.04
2010-06-25,25.96,25.36,27.86,24.66,7260,21710522.00,12.33,-2.31,-0.60,0.31
2010-06-29,24.86,24.22,25.28,23.54,19110,54020800.00,6.86,-4.50,-1.14,0.82
2010-06-30,23.35,24.46,24.71,23.18,2436,6886268.50,6.32,0.99,0.24,0.10
2010-07-01,24.49,22.39,24.71,21.72,18603,50581744.00,12.22,-8.46,-2.07,0.80
2010-07-02,22.39,21.06,22.81,19.86,14399,35436984.00,13.18,-5.94,-1.33,0.62
2010-07-05,20.82,20.84,21.41,19.87,11442,28512378.00,7.31,-1.04,-0.22,0.49
2010-07-06,20.75,21.04,21.56,20.39,10163,25834536.00,5.61,0.96,0.20,0.44
2010-07-07,21.20,22.04,22.10,21.11,13640,35112584.00,4.71,4.75,1.00,0.58
2010-07-08,22.04,21.46,22.11,21.46,19558,50440544.00,2.95,-2.63,-0.58,0.84
2010-07-09,21.61,21.46,21.98,21.25,19600,50563412.00,3.40,0.00,0.00,0.84
2010-07-12,21.84,21.26,21.98,20.94,34406,87854752.00,4.85,-0.93,-0.20,1.48
2010-07-13,20.86,20.30,21.23,20.08,20398,50021952.00,5.41,-4.52,-0.96,0.87
2010-07-14,20.30,21.39,21.43,20.30,23815,59547232.00,5.57,5.37,1.09,1.02
2010-07-15,21.39,20.81,21.46,20.75,20585,51643012.00,3.32,-2.71,-0.58,0.88
2010-07-16,20.78,20.66,21.08,20.37,18520,45992328.00,3.41,-0.72,-0.15,0.79
2010-07-19,20.26,20.86,21.16,20.17,31899,79112816.00,4.79,0.97,0.20,1.37
2010-07-20,20.76,21.80,22.16,20.76,20460,52500128.00,6.71,4.51,0.94,0.88
2010-07-21,21.75,21.69,21.96,21.56,18653,48250216.00,1.83,-0.50,-0.11,0.80
2010-07-22,21.51,21.96,22.16,21.51,16022,41692984.00,3.00,1.24,0.27,0.69
2010-07-23,22.06,22.72,22.91,21.97,17949,47861328.00,4.28,3.46,0.76,0.77
2010-07-26,22.84,22.76,22.90,22.36,13791,37068004.00,2.38,0.18,0.04,0.59
2010-07-27,22.76,23.13,23.31,22.51,15997,43520444.00,3.51,1.63,0.37,0.69
2010-07-28,23.08,24.34,24.38,22.86,17405,48742908.00,6.57,5.23,1.21,0.75
2010-07-29,24.34,23.96,24.52,23.67,7779,21839264.00,3.49,-1.56,-0.38,0.33
2010-07-30,23.96,24.03,24.15,23.51,6707,18817270.00,2.67,0.29,0.07,0.29
2010-08-02,24.03,24.52,24.53,23.91,29994,84620384.00,2.58,2.04,0.49,1.29
2010-08-03,24.43,23.84,24.43,23.84,9127,25781360.00,2.41,-2.77,-0.68,0.39
2010-08-04,23.76,23.49,23.77,22.81,8774,23942086.00,4.03,-1.47,-0.35,0.38
2010-08-05,23.44,24.05,24.26,23.04,29576,82927896.00,5.19,2.38,0.56,1.27
2010-08-06,24.25,24.55,24.57,23.76,15687,44596248.00,3.37,2.08,0.50,0.67
2010-08-09,24.46,25.09,25.18,24.38,13200,38347048.00,3.26,2.20,0.54,0.57
2010-08-10,25.04,24.32,25.24,24.04,8334,23969246.00,4.78,-3.07,-0.77,0.36
2010-08-11,24.22,24.42,24.66,23.97,6477,18412964.00,2.84,0.41,0.10,0.28
2010-08-12,24.05,24.22,24.54,23.99,4762,13517096.00,2.25,-0.82,-0.20,0.20
2010-08-13,24.26,24.51,24.74,23.74,16332,46578812.00,4.13,1.20,0.29,0.70
2010-08-16,24.91,26.21,27.38,24.91,32532,98741680.00,10.08,6.94,1.70,1.39
2010-08-17,26.22,26.06,26.34,25.50,12577,37777188.00,3.20,-0.57,-0.15,0.54
2010-08-18,26.09,26.01,26.61,25.56,14512,43752664.00,4.03,-0.19,-0.05,0.62
2010-08-19,26.01,25.66,26.26,25.57,16609,49824296.00,2.65,-1.35,-0.35,0.71
2010-08-20,25.97,24.91,26.16,24.71,21145,62427648.00,5.65,-2.92,-0.75,0.91
2010-08-23,24.89,25.40,25.86,24.72,10433,30947586.00,4.58,1.97,0.49,0.45
2010-08-24,25.06,26.71,26.81,24.87,18718,56973404.00,7.64,5.16,1.31,0.80
2010-08-25,26.91,26.66,27.68,26.28,21754,68044672.00,5.24,-0.19,-0.05,0.93
2010-08-26,26.86,26.22,27.36,25.81,12437,37918540.00,5.81,-1.65,-0.44,0.53
2010-08-27,26.19,26.83,26.86,25.43,8471,25602360.00,5.45,2.33,0.61,0.36
2010-08-30,26.85,26.86,27.82,26.36,21442,67354120.00,5.44,0.11,0.03,0.92
2010-08-31,26.56,27.78,27.83,26.56,20660,65374604.00,4.73,3.43,0.92,0.89
2010-09-01,27.76,28.68,29.52,27.76,36770,121151176.00,6.34,3.24,0.90,1.58
2010-09-02,28.96,31.96,31.96,28.76,49155,172613296.00,11.16,11.44,3.28,2.11
2010-09-06,33.04,31.36,33.04,30.96,29253,104434872.00,6.51,-1.88,-0.60,1.25
2010-09-07,31.35,31.86,32.06,30.84,28017,99813784.00,3.89,1.59,0.50,1.20
2010-09-08,31.80,32.71,33.06,31.26,22732,83114040.00,5.65,2.67,0.85,0.97
2010-09-09,33.11,31.35,33.81,31.04,32575,119844368.00,8.47,-4.16,-1.36,1.40
2010-09-10,31.86,33.75,34.86,31.46,24161,89603864.00,10.85,7.66,2.40,1.04
2010-09-13,33.67,33.75,34.76,32.97,15638,59548080.00,5.30,0.00,0.00,0.67
2010-09-14,33.78,33.61,34.39,32.76,23443,86933048.00,4.83,-0.41,-0.14,1.01
2010-09-15,33.16,32.66,33.56,32.06,15567,57211780.00,4.46,-2.83,-0.95,0.67
2010-09-16,32.39,31.63,32.82,29.97,21611,75508384.00,8.73,-3.15,-1.03,0.93
2010-09-17,31.62,31.36,32.51,31.16,8399,30233704.00,4.27,-0.85,-0.27,0.36
2010-09-20,31.16,30.88,31.74,30.56,8194,28678536.00,3.76,-1.53,-0.48,0.35
2010-09-21,31.36,31.14,31.36,30.76,2049,7216990.50,1.94,0.84,0.26,0.09
2010-09-27,31.41,33.03,33.11,31.24,7738,28267294.00,6.01,6.07,1.89,0.33
2010-09-28,32.66,33.27,33.61,32.56,7774,28929538.00,3.18,0.73,0.24,0.33
2010-09-29,33.21,32.66,33.67,32.56,8597,32072482.00,3.34,-1.83,-0.61,0.37
2010-09-30,32.63,33.76,34.46,32.11,10379,39341464.00,7.20,3.37,1.10,0.44
2010-10-08,34.06,33.03,34.07,32.77,18110,67383040.00,3.85,-2.16,-0.73,0.78
2010-10-11,32.86,30.16,32.86,29.57,55801,193158528.00,9.96,-8.69,-2.87,2.39
2010-10-12,30.14,30.00,30.18,29.46,22459,76150384.00,2.39,-0.53,-0.16,0.96
2010-10-13,29.76,28.34,29.76,28.01,51236,168460128.00,5.83,-5.53,-1.66,2.20
2010-10-14,28.34,27.71,29.04,27.56,39067,125664448.00,5.22,-2.22,-0.63,1.67
2010-10-15,27.56,27.84,28.70,27.42,45612,146648864.00,4.62,0.47,0.13,1.96
2010-10-18,27.85,28.56,28.91,26.37,71892,230992864.00,9.12,2.59,0.72,3.08
2010-10-19,28.61,29.70,29.86,28.34,41834,139291824.00,5.32,3.99,1.14,1.79
2010-10-20,29.00,29.73,30.86,28.59,43100,147793776.00,7.64,0.10,0.03,1.85
2010-10-21,29.75,29.80,30.57,29.56,22139,75941224.00,3.40,0.24,0.07,0.95
2010-10-22,29.81,29.72,30.20,28.86,21214,71169024.00,4.50,-0.27,-0.08,0.91
2010-10-25,29.77,30.49,30.65,29.77,30891,106473384.00,2.96,2.59,0.77,1.32
2010-10-26,30.66,30.16,30.66,29.42,25528,86493176.00,4.07,-1.08,-0.33,1.09
2010-10-27,30.52,29.89,31.66,29.31,28334,98489816.00,7.79,-0.90,-0.27,1.21
2010-10-28,29.86,29.81,29.89,28.99,18306,61459680.00,3.01,-0.27,-0.08,0.78
2010-10-29,29.81,29.76,30.16,29.48,12417,42091608.00,2.28,-0.17,-0.05,0.53
2010-11-01,29.77,30.80,30.82,29.59,20042,69305800.00,4.13,3.49,1.04,0.86
2010-11-02,30.80,30.55,31.48,30.46,18870,66346208.00,3.31,-0.81,-0.25,0.81
2010-11-03,30.55,31.36,31.85,30.55,20405,72541800.00,4.26,2.65,0.81,0.87
2010-11-04,31.36,32.00,32.06,31.26,18934,68018728.00,2.55,2.04,0.64,0.81
2010-11-05,31.99,32.78,32.96,31.36,20420,75056464.00,5.00,2.44,0.78,0.88
2010-11-08,32.96,32.84,32.97,31.87,12219,44513488.00,3.36,0.18,0.06,0.52
2010-11-09,32.83,32.76,32.86,31.91,20389,74423392.00,2.89,-0.24,-0.08,0.87
2010-11-10,32.66,34.06,34.86,32.16,31646,120906720.00,8.24,3.97,1.30,1.36
2010-11-11,34.07,34.06,34.66,33.61,18811,71758648.00,3.08,0.00,0.00,0.81
2010-11-12,33.64,32.54,33.64,31.96,20919,77102160.00,4.93,-4.46,-1.52,0.90
2010-11-15,32.42,33.16,33.35,32.19,28394,105282720.00,3.56,1.91,0.62,1.22
2010-11-16,33.16,31.85,34.71,29.86,33963,127004168.00,14.63,-3.95,-1.31,1.46
2010-11-17,31.66,29.88,31.66,28.46,19245,66167216.00,10.05,-6.19,-1.97,0.83
2010-11-18,29.82,30.38,30.76,28.87,10005,34187024.00,6.33,1.67,0.50,0.43
2010-11-19,30.65,30.84,30.85,30.07,11329,39117120.00,2.57,1.51,0.46,0.49
2010-11-22,30.85,33.06,33.06,30.38,12212,43880724.00,8.69,7.20,2.22,0.52
2010-11-23,32.88,32.35,32.88,31.95,13060,47566156.00,2.81,-2.15,-0.71,0.56
2010-11-24,31.86,34.06,34.33,31.86,25477,96140048.00,7.64,5.29,1.71,1.09
2010-11-25,34.10,33.92,34.37,33.65,11447,43742224.00,2.11,-0.41,-0.14,0.49
2010-11-26,33.67,34.51,34.59,33.51,15127,58012628.00,3.18,1.74,0.59,0.65
2010-11-29,34.56,34.24,36.14,33.96,20304,80113432.00,6.32,-0.78,-0.27,0.87
2010-11-30,33.96,32.05,34.36,30.72,27264,98535896.00,10.63,-6.40,-2.19,1.17
2010-12-01,31.86,31.85,32.05,30.36,24243,85609272.00,5.27,-0.62,-0.20,1.04
2010-12-02,31.36,30.46,32.15,29.66,52926,183686080.00,7.82,-4.36,-1.39,2.27
2010-12-03,30.36,29.41,30.36,28.56,32233,107242216.00,5.91,-3.45,-1.05,1.38
2010-12-06,29.35,28.88,29.71,28.73,19141,63378268.00,3.33,-1.80,-0.53,0.82
2010-12-07,28.56,29.35,29.52,28.56,21486,71203192.00,3.32,1.63,0.47,0.92
2010-12-08,29.29,29.22,30.16,29.19,28687,97146128.00,3.30,-0.44,-0.13,1.23
2010-12-09,29.21,27.71,29.22,27.65,29167,93990072.00,5.37,-5.17,-1.51,1.25
2010-12-10,27.36,28.23,28.23,27.36,9307,29828688.00,3.14,1.88,0.52,0.40
2010-12-13,28.26,29.10,29.11,28.07,21222,69561912.00,3.68,3.08,0.87,0.91
2010-12-14,29.09,29.23,29.31,28.87,18251,60589952.00,1.51,0.45,0.13,0.78
2010-12-15,29.23,29.63,29.76,29.14,24119,81173664.00,2.12,1.37,0.40,1.03
2010-12-16,29.47,29.68,30.55,29.17,34835,119356768.00,4.66,0.17,0.05,1.49
2010-12-17,30.04,29.45,30.16,29.01,19756,66012896.00,3.87,-0.77,-0.23,0.85
2010-12-20,29.36,29.36,29.67,27.96,23642,77711680.00,5.81,-0.31,-0.09,1.01
2010-12-21,29.24,28.85,29.45,28.69,25624,84973608.00,2.59,-1.74,-0.51,1.10
2010-12-22,28.86,28.03,28.86,27.91,20462,66454460.00,3.29,-2.84,-0.82,0.88
2010-12-23,28.06,27.78,28.47,27.66,24212,78026240.00,2.89,-0.89,-0.25,1.04
2010-12-24,27.83,27.43,28.08,27.36,16173,51446516.00,2.59,-1.26,-0.35,0.69
2010-12-27,27.44,26.33,27.66,25.86,11906,37120316.00,6.56,-4.01,-1.10,0.51
2010-12-29,25.83,27.51,27.51,25.41,14085,43711440.00,7.98,4.48,1.18,0.60
2010-12-30,27.41,28.26,28.56,27.26,15900,51330032.00,4.73,2.73,0.75,0.68
2010-12-31,28.40,28.86,28.86,27.86,22045,71596608.00,3.54,2.12,0.60,0.95