2011-01-04,6.18,6.33,6.37,5.88,9250,22211843.62,7.95,2.76,0.17,0.22
2011-01-05,6.33,6.16,6.33,5.91,18446,43936214.27,6.64,-2.69,-0.17,0.43
2011-01-06,6.15,5.80,6.26,5.77,14544,34567174.03,7.95,-5.84,-0.36,0.34
2011-01-07,5.55,5.78,6.05,5.55,9347,21868513.48,8.62,-0.34,-0.02,0.22
2011-01-10,5.77,5.51,5.79,5.47,8498,19653469.61,5.54,-4.67,-0.27,0.20
2011-01-11,5.40,5.67,5.72,5.39,3937,9096372.29,5.99,2.90,0.16,0.09
2011-01-12,5.78,5.74,5.93,5.55,2828,6590936.96,6.70,1.23,0.07,0.07
2011-01-13,5.88,5.65,5.88,5.62,2234,5196897.00,4.53,-1.57,-0.09,0.05
2011-01-14,5.56,5.23,5.58,5.19,4142,9393398.21,6.90,-7.43,-0.42,0.10
2011-01-17,5.32,4.72,5.37,4.58,4936,10873339.20,15.11,-9.75,-0.51,0.12
2011-01-18,4.62,4.90,5.39,4.41,7174,15971088.90,20.76,3.81,0.18,0.17
2011-01-19,5.05,5.25,5.32,4.94,3553,7989852.74,7.76,7.14,0.35,0.08
2011-01-20,5.37,4.89,5.45,4.86,4120,9227954.94,11.24,-6.86,-0.36,0.10
2011-01-21,4.74,4.49,5.03,4.34,7580,16459327.92,14.11,-8.18,-0.40,0.18
2011-01-24,4.60,3.49,4.62,3.43,26088,53659433.44,26.50,-22.27,-1.00,0.61
2011-01-25,3.50,3.45,3.70,2.84,9779,19382991.99,24.64,-1.15,-0.04,0.23
2011-01-26,3.58,3.68,3.97,3.54,11043,22496095.43,12.46,6.67,0.23,0.26
2011-01-27,3.58,4.63,4.81,3.57,8132,17191459.78,33.70,25.82,0.95,0.19
2011-01-28,4.63,5.04,5.18,4.63,9598,21323516.95,11.88,8.86,0.41,0.22
2011-01-31,4.94,4.96,5.18,4.79,2786,6195236.05,7.74,-1.59,-0.08,0.07
2011-02-01,5.00,5.14,5.44,4.86,3079,6959983.57,11.69,3.63,0.18,0.07
2011-02-09,4.99,5.18,5.37,4.98,7748,17480620.26,7.59,0.78,0.04,0.18
2011-02-10,5.11,6.27,6.40,5.11,11599,27366851.03,24.90,21.04,1.09,0.27
2011-02-11,6.34,6.65,6.91,6.27,14937,36660920.75,10.21,6.06,0.38,0.35
2011-02-14,6.63,6.58,6.86,6.16,29724,72157409.01,10.53,-1.05,-0.07,0.69
2011-02-15,6.48,6.37,6.52,6.09,16480,39878169.41,6.53,-3.19,-0.21,0.39
2011-02-16,6.40,7.91,8.06,6.27,33275,84791453.30,28.10,24.18,1.54,0.78
2011-02-17,9.02,8.01,9.75,7.95,137880,384327678.36,22.76,1.26,0.10,3.22
2011-02-18,7.64,8.18,8.54,7.35,59905,160444853.37,14.86,2.12,0.17,1.40
2011-02-21,8.07,7.95,8.15,7.49,37669,99110391.54,8.07,-2.81,-0.23,0.88
2011-02-22,7.86,7.11,7.87,7.09,27089,69330928.50,9.81,-10.57,-0.84,0.63
2011-02-23,6.95,7.44,7.60,6.65,24880,62958492.68,13.36,4.64,0.33,0.58
2011-02-24,7.37,7.23,7.37,6.93,10339,26137201.32,5.91,-2.82,-0.21,0.24
2011-02-25,7.23,7.03,7.23,6.79,8950,22449589.76,6.09,-2.77,-0.20,0.21
2011-02-28,7.07,7.60,7.74,7.07,20299,52500734.92,9.53,8.11,0.57,0.47
2011-03-01,7.63,7.52,7.76,7.43,11599,30040197.64,4.34,-1.05,-0.08,0.27
2011-03-02,7.51,7.59,7.70,6.93,16467,42291787.63,10.24,0.93,0.07,0.38
2011-03-03,7.59,7.12,7.79,7.08,19870,51379704.94,9.35,-6.19,-0.47,0.46
2011-03-07,7.15,7.07,7.49,6.93,16423,41685125.01,7.87,-0.70,-0.05,0.38
2011-03-08,7.16,6.79,7.26,6.65,19017,47382490.12,8.63,-3.96,-0.28,0.44
2011-03-09,6.79,6.93,6.98,6.52,16794,41469644.98,6.77,2.06,0.14,0.39
2011-03-10,6.90,6.74,6.90,6.70,8499,21051820.88,2.89,-2.74,-0.19,0.20
2011-03-11,6.58,6.56,6.79,6.50,14768,36239291.86,4.30,-2.67,-0.18,0.35
2011-03-14,6.47,6.69,6.80,6.40,13419,32851456.70,6.10,1.98,0.13,0.31
2011-03-15,6.68,6.75,6.79,6.43,13432,33015680.86,5.38,0.90,0.06,0.31
2011-03-16,6.75,7.02,7.10,6.58,16852,42107583.68,7.70,4.00,0.27,0.39
2011-03-17,6.86,6.39,6.86,6.30,12022,29463523.94,7.98,-8.97,-0.63,0.28
2011-03-18,6.40,6.45,6.61,6.37,5696,13860310.60,3.76,0.94,0.06,0.13
2011-03-21,6.36,5.99,6.53,5.94,11695,27992042.34,9.15,-7.13,-0.46,0.27
2011-03-22,6.14,6.14,6.16,5.67,11396,26771459.28,8.18,2.50,0.15,0.27
2011-03-23,6.15,6.47,6.47,6.15,8598,20825050.58,5.21,5.37,0.33,0.20
2011-03-24,6.47,6.05,6.65,5.99,11419,27427956.08,10.20,-6.49,-0.42,0.27
2011-03-25,5.98,5.94,6.18,5.83,11606,27462430.08,5.79,-1.82,-0.11,0.27
2011-03-28,6.07,6.29,6.45,6.02,13095,31428475.58,7.24,5.89,0.35,0.31
2011-03-29,6.28,6.12,6.36,6.09,10199,24372914.21,4.29,-2.70,-0.17,0.24
2011-03-30,6.11,5.83,6.31,5.74,6172,14538940.12,9.31,-4.74,-0.29,0.14
2011-03-31,5.81,5.50,6.02,5.50,7335,17015166.90,8.92,-5.66,-0.33,0.17
2011-04-01,5.50,5.53,5.60,5.36,3426,7854572.59,4.36,0.55,0.03,0.08
2011-04-06,5.51,5.47,5.74,5.33,6307,14525281.34,7.41,-1.08,-0.06,0.15
2011-04-07,5.60,5.70,5.84,5.40,9435,21883726.31,8.04,4.20,0.23,0.22
2011-04-08,5.67,5.79,5.89,5.65,5329,12455940.64,4.21,1.58,0.09,0.12
2011-04-11,5.81,5.65,6.02,5.63,5833,13662812.08,6.74,-2.42,-0.14,0.14
2011-04-12,5.53,5.58,5.74,5.53,4213,9756325.80,3.72,-1.24,-0.07,0.10
2011-04-13,5.66,5.79,5.79,5.53,4699,10916300.60,4.66,3.76,0.21,0.11
2011-04-14,5.81,6.40,6.61,5.81,17002,40873827.36,13.82,10.54,0.61,0.40
2011-04-15,6.44,6.24,6.57,6.16,8172,19693708.83,6.41,-2.50,-0.16,0.19
2011-04-18,6.25,6.03,6.36,5.82,6681,15833690.77,8.65,-3.37,-0.21,0.16
2011-04-19,5.95,6.09,6.16,5.53,10390,24285017.41,10.45,1.00,0.06,0.24
2011-04-21,6.09,6.71,6.77,6.02,19849,48474032.61,12.32,10.18,0.62,0.46
2011-04-22,6.68,6.70,6.89,6.37,11682,28771520.12,7.75,-0.15,-0.01,0.27
2011-04-25,6.69,6.40,6.86,5.67,9714,23506242.11,17.76,-4.48,-0.30,0.23
2011-04-26,6.20,6.16,6.40,5.77,4492,10688294.67,9.84,-3.75,-0.24,0.11
2011-04-27,6.22,6.26,6.58,6.19,6679,16171431.80,6.33,1.62,0.10,0.16
2011-04-28,6.47,5.58,6.47,5.55,7440,17433400.91,14.70,-10.86,-0.68,0.17
2011-04-29,5.60,5.37,5.60,4.83,25088,56193839.20,13.80,-3.76,-0.21,0.59
2011-05-03,5.28,5.61,5.63,5.19,12777,29310304.63,8.19,4.47,0.24,0.30
2011-05-04,5.61,4.99,5.63,4.94,9605,21626422.34,12.30,-11.05,-0.62,0.22
2011-05-05,4.99,5.50,5.56,4.85,6456,14663661.54,14.23,10.22,0.51,0.15
2011-05-06,5.38,5.63,5.70,5.26,7330,16893567.76,8.00,2.36,0.13,0.17
2011-05-09,5.66,5.50,5.84,5.35,4498,10429887.83,8.70,-2.31,-0.13,0.11
2011-05-10,5.46,5.78,5.83,5.37,4258,9865237.27,8.36,5.09,0.28,0.10
2011-05-11,5.66,5.81,5.99,5.65,3897,9136664.70,5.88,0.52,0.03,0.09
2011-05-12,5.72,5.66,5.84,5.61,3272,7615337.37,3.96,-2.58,-0.15,0.08
2011-05-13,5.58,5.77,5.93,5.58,3426,7976696.52,6.18,1.94,0.11,0.08
2011-05-16,5.87,5.60,5.87,5.60,6337,14765441.33,4.68,-2.95,-0.17,0.15
2011-05-17,5.80,5.47,5.80,5.33,1882,4317331.21,8.39,-2.32,-0.13,0.04
2011-05-18,5.34,6.26,6.37,5.34,22401,53327461.64,18.83,14.44,0.79,0.52
2011-05-19,6.28,6.26,6.56,5.98,28498,68627760.77,9.27,0.00,0.00,0.67
2011-05-20,6.23,6.23,6.38,5.98,8341,19971318.06,6.39,-0.48,-0.03,0.20
2011-05-23,6.42,7.23,7.30,6.25,33717,81699206.81,16.85,16.05,1.00,0.79
2011-05-24,6.84,6.49,6.87,6.28,17783,43020633.71,8.16,-10.24,-0.74,0.42
2011-05-25,6.44,6.63,7.33,6.21,30699,75476016.71,17.26,2.16,0.14,0.72
2011-05-26,6.55,6.86,7.05,6.35,25595,62838204.55,10.56,3.47,0.23,0.60
2011-05-27,6.91,5.62,6.91,5.25,21089,49155213.97,24.20,-18.08,-1.24,0.49
2011-05-30,5.03,4.57,5.30,4.37,12252,26615664.02,16.55,-18.68,-1.05,0.29
2011-05-31,4.60,5.02,5.16,4.60,6112,13380023.55,12.25,9.85,0.45,0.14
2011-06-01,5.04,5.12,5.17,4.90,3997,8812964.23,5.38,1.99,0.10,0.09
2011-06-02,5.08,4.78,5.08,4.54,5392,11648286.71,10.55,-6.64,-0.34,0.13
2011-06-03,4.85,4.89,5.02,4.61,4098,8956980.04,8.58,2.30,0.11,0.10
2011-06-07,5.02,5.24,5.28,5.02,3383,7523943.21,5.32,7.16,0.35,0.08
2011-06-08,5.24,5.81,5.90,5.05,6554,14972843.87,16.22,10.88,0.57,0.15
2011-06-09,5.72,5.51,5.72,5.37,5162,11732477.59,6.02,-5.16,-0.30,0.12
2011-06-10,5.51,5.46,5.55,5.04,6551,14639579.32,9.26,-0.91,-0.05,0.15
2011-06-13,5.19,5.23,5.44,5.19,2075,4642848.89,4.58,-4.21,-0.23,0.05
2011-06-14,5.22,5.40,5.43,5.22,2874,6461969.93,4.02,3.25,0.17,0.07
2011-06-15,5.40,5.08,5.55,5.07,2508,5599151.41,8.89,-5.93,-0.32,0.06
2011-06-16,4.95,5.12,5.13,4.55,5367,11627104.76,11.42,0.79,0.04,0.13
2011-06-17,5.04,5.09,5.16,4.71,3599,7922504.72,8.79,-0.59,-0.03,0.08
2011-06-20,5.06,4.69,5.14,4.59,2679,5788855.63,10.81,-7.86,-0.40,0.06
2011-06-21,4.69,4.91,4.91,4.54,2838,6125553.23,7.89,4.69,0.22,0.07
2011-06-22,4.80,4.89,4.95,4.69,1555,3371253.96,5.30,-0.41,-0.02,0.04
2011-06-23,4.74,5.31,5.37,4.74,4185,9288727.93,12.88,8.59,0.42,0.10
2011-06-24,5.25,5.59,5.86,5.24,3825,8736284.94,11.68,5.27,0.28,0.09
2011-06-27,5.73,5.65,5.86,5.44,7041,16168353.00,7.51,1.07,0.06,0.16
2011-06-28,5.65,5.56,5.65,5.54,2204,5025913.20,1.95,-1.59,-0.09,0.05
2011-06-29,5.71,5.47,5.71,5.46,2819,6410865.56,4.50,-1.62,-0.09,0.07
2011-06-30,5.47,5.53,5.86,5.47,6417,14727555.10,7.13,1.10,0.06,0.15
2011-07-01,5.54,5.60,5.72,5.41,6564,14955962.50,5.61,1.27,0.07,0.15
2011-07-04,5.60,5.88,6.00,5.60,6946,16089914.05,7.14,5.00,0.28,0.16
2011-07-05,6.00,6.07,6.07,5.72,5784,13422942.98,5.95,3.23,0.19,0.13
2011-07-06,6.07,5.86,6.07,5.77,3850,8916390.42,4.94,-3.46,-0.21,0.09
2011-07-07,5.86,6.14,6.14,5.81,7726,18090407.04,5.63,4.78,0.28,0.18
2011-07-08,6.27,6.28,6.42,6.01,7075,16771110.51,6.68,2.28,0.14,0.16
2011-07-11,6.25,6.06,6.26,5.89,4552,10671996.97,5.89,-3.50,-0.22,0.11
2011-07-12,6.00,6.14,6.42,5.79,9349,21961249.77,10.40,1.32,0.08,0.22
2011-07-13,6.14,6.29,6.41,6.09,4228,10075936.99,5.21,2.44,0.15,0.10
2011-07-14,6.30,6.39,6.42,6.05,13469,31981011.43,5.88,1.59,0.10,0.31
2011-07-15,6.41,6.49,6.60,6.34,6290,15135014.44,4.07,1.56,0.10,0.15
2011-07-18,6.36,6.60,6.79,6.28,9684,23516825.83,7.86,1.69,0.11,0.23
2011-07-19,6.50,6.49,6.74,6.35,4840,11642567.61,5.91,-1.67,-0.11,0.11
2011-07-20,6.28,6.33,6.84,6.12,3966,9462467.47,11.09,-2.47,-0.16,0.09
2011-07-21,6.37,6.28,6.37,6.07,2764,6561235.16,4.74,-0.79,-0.05,0.06
2011-07-22,6.30,6.19,6.40,6.14,4386,10388908.92,4.14,-1.43,-0.09,0.10
2011-07-25,6.31,5.95,6.31,5.86,5039,11768616.69,7.27,-3.88,-0.24,0.12
2011-07-26,6.05,5.93,6.05,5.86,2340,5442965.84,3.19,-0.34,-0.02,0.05
2011-07-27,5.80,5.89,5.99,5.80,5743,13368289.66,3.20,-0.67,-0.04,0.13
2011-07-28,5.98,5.82,5.98,5.72,9241,21372940.99,4.41,-1.19,-0.07,0.22
2011-07-29,5.86,5.79,5.89,5.60,2048,4716081.50,4.98,-0.52,-0.03,0.05
2011-08-01,5.65,5.72,5.78,5.64,2405,5525451.23,2.42,-1.21,-0.07,0.06
2011-08-02,5.66,5.50,5.78,5.37,3458,7856680.05,7.17,-3.85,-0.22,0.08
2011-08-03,5.63,5.48,5.63,5.37,2444,5529493.50,4.73,-0.36,-0.02,0.06
2011-08-04,5.48,5.69,5.71,5.44,3862,8793395.26,4.93,3.83,0.21,0.09
2011-08-05,5.46,5.37,5.70,5.02,16445,37295872.69,11.95,-5.62,-0.32,0.38
2011-08-08,5.29,4.95,5.37,4.75,9297,20630844.05,11.55,-7.82,-0.42,0.22
2011-08-09,4.60,5.30,5.49,4.60,8402,18564400.43,17.98,7.07,0.35,0.20
2011-08-10,5.31,5.17,5.58,5.16,4918,11053260.99,7.92,-2.45,-0.13,0.11
2011-08-11,5.02,5.95,6.04,5.02,14945,34311218.19,19.73,15.09,0.78,0.35
2011-08-12,5.95,5.72,6.09,5.55,6123,14157608.00,9.08,-3.87,-0.23,0.14
2011-08-15,5.72,5.86,5.88,5.65,2878,6636976.00,4.02,2.45,0.14,0.07
2011-08-16,5.86,5.63,5.86,5.62,14806,34044021.00,4.10,-3.92,-0.23,0.35
2011-08-17,5.63,5.44,5.63,5.32,9376,21178687.00,5.51,-3.37,-0.19,0.22
2011-08-18,5.44,4.95,5.48,4.93,11428,25451917.00,10.11,-9.01,-0.49,0.27
2011-08-19,4.95,5.02,5.19,4.72,2824,6181240.00,9.49,1.41,0.07,0.07
2011-08-22,4.95,5.04,5.14,4.92,2357,5188321.00,4.38,0.40,0.02,0.05
2011-08-23,5.16,5.20,5.26,4.90,2417,5359413.00,7.14,3.17,0.16,0.06
2011-08-24,5.29,5.58,5.97,5.15,6181,14220545.00,15.77,7.31,0.38,0.14
2011-08-25,5.50,5.93,5.97,5.50,5629,13027773.00,8.42,6.27,0.35,0.13
2011-08-26,5.93,5.79,6.10,5.57,7261,16717118.00,8.94,-2.36,-0.14,0.17
2011-08-29,5.93,5.66,5.93,5.44,2890,6581182.00,8.46,-2.25,-0.13,0.07
2011-08-30,5.72,5.58,5.78,5.56,2345,5364063.00,3.89,-1.41,-0.08,0.05
2011-08-31,5.59,5.63,5.67,5.48,1048,2385111.00,3.41,0.90,0.05,0.02
2011-09-01,5.55,5.62,5.72,5.55,1110,2537072.00,3.02,-0.18,-0.01,0.03
2011-09-02,5.55,5.23,5.55,5.02,11847,26419633.00,9.43,-6.94,-0.39,0.28
2011-09-05,5.23,5.02,5.36,4.67,3763,8214762.00,13.19,-4.02,-0.21,0.09
2011-09-06,4.88,4.86,5.00,4.78,1703,3714166.00,4.38,-3.19,-0.16,0.04
2011-09-07,5.07,5.02,5.07,4.88,1400,3071124.00,3.91,3.29,0.16,0.03
2011-09-08,5.02,4.99,5.09,4.89,2176,4781466.00,3.98,-0.60,-0.03,0.05
2011-09-09,5.02,5.15,5.25,5.02,2859,6358347.00,4.61,3.21,0.16,0.07
2011-09-13,5.01,4.91,5.02,4.86,1066,2330264.00,3.11,-4.66,-0.24,0.02
2011-09-14,4.91,4.96,5.00,4.91,1872,4101869.00,1.83,1.02,0.05,0.04
2011-09-15,5.07,5.02,5.18,4.98,915,2024284.00,4.03,1.21,0.06,0.02
2011-09-16,5.02,5.09,5.16,5.02,2818,6228993.00,2.79,1.39,0.07,0.07
2011-09-19,5.09,4.96,5.09,4.78,1019,2227797.00,6.09,-2.55,-0.13,0.02
2011-09-20,4.76,4.93,4.97,4.74,831,1804799.00,4.64,-0.60,-0.03,0.02
2011-09-21,4.85,5.09,5.16,4.79,3393,7489652.00,7.51,3.25,0.16,0.08
2011-09-22,5.09,4.69,5.14,4.68,1908,4166631.00,9.04,-7.86,-0.40,0.04
2011-09-23,4.40,4.24,4.55,4.06,5305,11125949.00,10.45,-9.59,-0.45,0.12
2011-09-26,4.19,3.89,4.33,3.70,1886,3858345.00,14.86,-8.25,-0.35,0.04
2011-09-27,3.89,3.94,4.05,3.80,942,1925811.00,6.43,1.29,0.05,0.02
2011-09-28,4.14,3.81,4.19,3.63,1646,3329991.00,14.21,-3.30,-0.13,0.04
2011-09-29,3.67,3.42,3.80,3.39,5765,11452176.00,10.76,-10.24,-0.39,0.13
2011-09-30,3.42,3.25,3.74,3.21,2860,5633513.00,15.50,-4.97,-0.17,0.07
2011-10-10,3.21,3.27,3.40,3.21,1509,2946944.00,5.85,0.62,0.02,0.04
2011-10-11,3.40,3.26,3.62,3.12,2239,4385621.00,15.29,-0.31,-0.01,0.05
2011-10-12,3.28,3.79,3.84,3.00,2981,5907732.00,25.77,16.26,0.53,0.07
2011-10-13,3.81,3.70,3.90,3.61,2641,5321400.00,7.65,-2.37,-0.09,0.06
2011-10-14,3.49,3.28,3.63,2.85,14121,26975660.00,21.08,-11.35,-0.42,0.33
2011-10-17,3.03,3.07,3.33,2.69,11436,21978695.00,19.51,-6.40,-0.21,0.27
2011-10-18,2.92,2.67,2.92,2.61,8062,15037523.00,10.10,-13.03,-0.40,0.19
2011-10-19,2.44,2.09,2.58,1.39,27872,48248013.00,44.57,-21.72,-0.58,0.65
2011-10-20,1.80,1.79,1.81,1.39,10374,17768462.00,20.10,-14.35,-0.30,0.24
2011-10-21,1.85,2.19,2.23,1.65,8430,14835522.00,32.40,22.35,0.40,0.20
2011-10-24,2.23,2.86,3.07,1.56,12593,23104035.00,68.95,30.59,0.67,0.29
2011-10-25,2.86,2.91,2.93,2.37,7971,14894804.00,19.58,1.75,0.05,0.19
2011-10-26,2.91,2.90,3.14,2.54,14030,26723832.00,20.62,-0.34,-0.01,0.33
2011-10-27,2.84,2.84,3.01,2.63,5699,10737281.00,13.10,-2.07,-0.06,0.13
2011-10-28,2.80,2.91,2.96,2.71,7294,13761116.00,8.80,2.46,0.07,0.17
2011-10-31,2.80,2.96,3.00,2.72,16551,31304556.00,9.62,1.72,0.05,0.39
2011-11-01,2.86,2.88,3.14,2.63,10202,19324205.00,17.23,-2.70,-0.08,0.24
2011-11-02,2.65,2.86,2.87,2.37,4434,8249312.00,17.36,-0.69,-0.02,0.10
2011-11-03,2.90,2.74,2.97,2.72,17491,33050734.00,8.74,-4.20,-0.12,0.41
2011-11-04,2.90,2.51,2.90,2.47,17374,32058529.00,15.69,-8.39,-0.23,0.41
2011-11-07,2.62,2.50,2.63,2.37,6299,11588683.00,10.36,-0.40,-0.01,0.15
2011-11-08,2.49,2.49,2.60,2.44,8081,14893247.00,6.40,-0.40,-0.01,0.19
2011-11-09,2.51,2.51,2.55,2.34,7324,13426696.00,8.43,0.80,0.02,0.17
2011-11-10,2.45,2.26,2.45,2.26,6330,11492380.00,7.57,-9.96,-0.25,0.15
2011-11-11,2.26,2.14,2.35,2.12,4083,7355575.00,10.18,-5.31,-0.12,0.10
2011-11-15,2.37,2.51,2.51,2.35,11469,20984211.00,7.48,17.29,0.37,0.27
2011-11-16,2.51,2.95,3.12,2.45,27004,50687070.00,26.69,17.53,0.44,0.63
2011-11-17,2.65,2.86,2.98,2.62,15314,28824903.00,12.20,-3.05,-0.09,0.36
2011-11-18,2.84,2.58,2.84,2.23,10058,18419377.00,21.33,-9.79,-0.28,0.23
2011-11-21,2.23,2.30,2.54,2.23,7610,13804639.00,12.02,-10.85,-0.28,0.18
2011-11-22,2.23,2.23,2.48,2.02,4393,7906812.00,20.00,-3.04,-0.07,0.10
2011-11-23,2.36,2.20,2.36,2.13,2077,3730322.00,10.31,-1.35,-0.03,0.05
2011-11-24,2.09,2.09,2.23,2.00,2533,4507949.00,10.45,-5.00,-0.11,0.06
2011-11-25,2.22,2.09,2.29,2.06,2292,4099726.00,11.00,0.00,0.00,0.05
2011-11-28,2.18,2.11,2.28,2.06,3211,5739705.00,10.53,0.96,0.02,0.07
2011-11-29,2.16,2.33,2.33,2.13,4481,8076526.00,9.48,10.43,0.22,0.10
2011-11-30,2.33,2.12,2.51,2.02,5475,9881666.00,21.03,-9.01,-0.21,0.13
2011-12-01,2.36,2.37,2.45,2.15,6114,11091160.00,14.15,11.79,0.25,0.14
2011-12-02,2.23,1.79,2.30,1.68,6636,11671789.00,26.16,-24.47,-0.58,0.15
2011-12-05,1.81,1.42,1.94,1.41,1985,3400046.00,29.61,-20.67,-0.37,0.05
2011-12-06,1.72,1.44,1.72,1.41,2098,3556264.00,21.83,1.41,0.02,0.05
2011-12-07,1.55,1.66,1.66,1.44,2386,4074901.00,15.28,15.28,0.22,0.06
2011-12-08,1.74,1.75,2.12,1.55,4078,7081200.00,34.34,5.42,0.09,0.10
2011-12-09,1.74,1.74,1.84,1.63,2786,4807167.00,12.00,-0.57,-0.01,0.06
2011-12-12,1.65,1.61,1.77,1.49,1407,2404920.00,16.09,-7.47,-0.13,0.03
2011-12-13,1.55,1.32,1.55,1.27,2557,4299356.00,17.39,-18.01,-0.29,0.06
2011-12-14,1.29,1.21,1.48,1.18,1857,3099493.00,22.73,-8.33,-0.11,0.04
2011-12-15,1.31,1.10,1.31,1.05,2301,3790100.00,21.49,-9.09,-0.11,0.05
2011-12-16,1.25,1.32,1.39,1.02,3084,5090682.00,33.64,20.00,0.22,0.07
2011-12-19,1.32,1.35,1.43,1.14,1964,3266837.00,21.97,2.27,0.03,0.05
2011-12-20,1.45,1.39,1.45,1.26,2018,3386757.00,14.07,2.96,0.04,0.05
2011-12-21,1.46,1.39,1.52,1.22,2375,4009887.00,21.58,0.00,0.00,0.06
2011-12-22,1.45,1.43,1.51,0.97,2412,4008892.00,38.85,2.88,0.04,0.06
2011-12-23,1.51,1.42,1.55,1.36,1234,2090413.00,13.29,-0.70,-0.01,0.03
2011-12-26,1.53,1.39,1.53,1.32,795,1335868.00,14.79,-2.11,-0.03,0.02
2011-12-27,1.58,1.61,2.42,1.43,5510,9560245.00,71.22,15.83,0.22,0.13
2011-12-28,1.59,1.26,1.76,1.04,3382,5675454.00,44.72,-21.74,-0.35,0.08
2011-12-29,1.40,1.47,1.51,1.10,3318,5525865.00,32.54,16.67,0.21,0.08
2011-12-30,1.60,1.32,1.60,1.28,5123,8615586.00,21.77,-10.20,-0.15,0.12