2020-01-02,16.87,17.24,17.38,16.71,137692,242739653.00,4.00,2.99,0.50,4.69
2020-01-03,17.24,17.49,17.90,17.22,143566,258436250.00,3.94,1.45,0.25,4.89
2020-01-06,17.16,17.77,17.96,17.01,169029,306274480.00,5.43,1.60,0.28,5.76
2020-01-07,17.74,18.01,18.09,17.66,155791,285897280.00,2.42,1.35,0.24,5.31
2020-01-08,17.86,17.29,17.91,17.25,138889,249948064.00,3.66,-4.00,-0.72,4.73
2020-01-09,17.48,18.53,19.07,17.48,282351,537439904.00,9.20,7.17,1.24,9.62
2020-01-10,18.52,18.87,18.99,18.27,218491,418854416.00,3.89,1.83,0.34,7.44
2020-01-13,19.44,19.31,19.68,18.57,291201,572520432.00,5.88,2.33,0.44,9.92
2020-01-14,19.26,18.53,19.26,18.51,227561,440503728.00,3.88,-4.04,-0.78,7.75
2020-01-15,18.51,20.43,20.43,18.36,268283,539153344.00,11.17,10.25,1.90,9.14
2020-01-16,20.99,20.36,21.14,19.74,284866,597997152.00,6.85,-0.34,-0.07,9.70
2020-01-17,20.44,19.96,20.72,19.87,180297,373058960.00,4.17,-1.96,-0.40,6.14
2020-01-20,20.64,21.56,21.86,20.17,306819,664469744.00,8.47,8.02,1.60,10.45
2020-01-21,21.42,22.02,23.19,21.14,293350,662871472.00,9.51,2.13,0.46,9.99
2020-01-22,21.77,24.26,24.27,21.42,350942,826911984.00,12.94,10.17,2.24,11.93
2020-01-23,23.36,23.82,25.46,22.42,377428,915598000.00,12.53,-1.81,-0.44,12.83
2020-02-03,21.39,21.39,21.54,21.39,71000,155182689.00,0.63,-10.20,-2.43,1.51
2020-02-04,21.37,23.22,23.46,21.34,245675,565214352.00,9.91,8.56,1.83,5.22
2020-02-05,22.84,22.70,24.30,22.44,273033,651628704.00,8.01,-2.24,-0.52,5.80
2020-02-06,22.54,23.34,23.62,22.10,219517,513094608.00,6.70,2.82,0.64,4.66
2020-02-07,23.07,25.72,25.72,22.82,324063,827995248.00,12.43,10.20,2.38,6.89
2020-02-10,26.53,26.26,28.24,25.05,389875,1043958064.00,12.40,2.10,0.54,8.28
2020-02-11,26.31,25.83,27.90,25.72,312327,851707776.00,8.30,-1.64,-0.43,6.64
2020-02-12,25.84,28.46,28.46,25.83,267233,745902560.00,10.18,10.18,2.63,5.68
2020-02-13,30.14,29.22,30.70,28.57,386758,1157451216.00,7.48,2.67,0.76,8.22
2020-02-14,29.04,29.10,30.93,27.99,388781,1160562000.00,10.06,-0.41,-0.12,8.26
2020-02-17,29.55,30.12,30.31,28.51,305522,904072032.00,6.19,3.51,1.02,6.49
2020-02-18,29.57,31.61,31.85,29.56,321705,1009050992.00,7.60,4.95,1.49,6.84
2020-02-19,34.82,32.92,34.82,32.17,439264,1509180672.00,8.38,4.14,1.31,9.33
2020-02-20,33.34,33.10,33.86,31.03,374216,1231173824.00,8.60,0.55,0.18,7.95
2020-02-21,33.10,34.40,35.38,32.43,339032,1168563664.00,8.91,3.93,1.30,7.20
2020-02-24,33.55,35.74,36.17,33.22,318547,1117143328.00,8.58,3.90,1.34,6.77
2020-02-25,32.54,33.74,34.31,32.12,395719,1336586032.00,6.13,-5.60,-2.00,8.41
2020-02-26,32.59,30.32,32.64,30.32,302419,960332288.00,6.88,-10.14,-3.42,6.43
2020-02-27,30.11,29.62,30.85,29.12,221403,676274688.00,5.71,-2.31,-0.70,4.70
2020-02-28,28.06,27.50,29.00,27.09,242398,689068480.00,6.45,-7.16,-2.12,5.15
2020-03-02,28.47,28.22,28.63,27.20,226215,647860928.00,5.20,2.62,0.72,4.81
2020-03-03,28.88,28.04,29.68,27.54,285960,836899312.00,7.58,-0.64,-0.18,6.08
2020-03-04,27.54,27.83,28.43,26.73,196014,549330240.00,6.06,-0.75,-0.21,4.17
2020-03-05,28.59,27.68,28.68,26.81,193978,542198784.00,6.72,-0.54,-0.15,4.12
2020-03-06,27.30,27.77,28.36,26.98,178389,504672544.00,4.99,0.33,0.09,3.79
2020-03-09,26.88,25.55,27.28,25.36,177285,471835648.00,6.91,-7.99,-2.22,3.77
2020-03-10,25.69,27.53,27.53,25.57,221435,602411760.00,7.67,7.75,1.98,4.71
2020-03-11,27.59,25.94,27.68,25.89,193998,527009104.00,6.50,-5.78,-1.59,4.12
2020-03-12,25.36,25.93,26.58,25.06,121670,321420704.00,5.86,-0.04,-0.01,2.59
2020-03-13,24.79,26.25,26.79,24.52,230608,609379680.00,8.75,1.23,0.32,4.90
2020-03-16,27.34,26.25,28.03,26.10,351406,972669680.00,7.35,0.00,0.00,7.47
2020-03-17,27.51,27.53,28.30,26.51,380855,1064171360.00,6.82,4.88,1.28,8.09
2020-03-18,27.36,27.74,28.90,27.04,363371,1035874800.00,6.76,0.76,0.21,7.72
2020-03-19,27.74,29.23,29.49,27.04,294934,840610304.00,8.83,5.37,1.49,6.27
2020-03-20,29.15,28.10,29.41,27.73,276007,797266112.00,5.75,-3.87,-1.13,5.87
2020-03-23,26.94,25.24,26.94,25.24,210856,549242800.00,6.05,-10.18,-2.86,4.48
2020-03-24,25.55,23.83,25.69,22.67,311256,757609840.00,11.97,-5.59,-1.41,6.61
2020-03-25,24.36,24.04,24.52,23.35,201978,494442208.00,4.91,0.88,0.21,4.29
2020-03-26,23.60,23.55,24.60,23.26,148187,361701936.00,5.57,-2.04,-0.49,3.15
2020-03-27,23.85,22.65,24.00,22.65,136927,324465088.00,5.73,-3.82,-0.90,2.91
2020-03-30,22.21,21.99,22.58,21.23,154778,345749520.00,5.96,-2.91,-0.66,3.29
2020-03-31,22.49,22.38,23.12,22.24,145311,336211280.00,4.00,1.77,0.39,3.09
2020-04-01,22.38,22.60,23.48,22.20,145838,341585376.00,5.72,0.98,0.22,3.10
2020-04-02,22.55,23.90,23.93,22.36,194104,462083488.00,6.95,5.75,1.30,4.12
2020-04-03,23.70,22.91,23.77,22.72,171674,405471136.00,4.39,-4.14,-0.99,3.65
2020-04-07,23.56,23.53,23.94,23.48,182977,441038848.00,2.01,2.71,0.62,3.89
2020-04-08,23.24,23.86,24.16,23.14,150821,364807648.00,4.33,1.40,0.33,3.20
2020-04-09,23.84,23.78,24.03,23.47,112478,271871888.00,2.35,-0.34,-0.08,2.39
2020-04-10,23.56,22.43,23.64,22.33,130669,304144784.00,5.51,-5.68,-1.35,2.78
2020-04-13,22.12,22.14,22.74,21.80,103797,235415527.00,4.19,-1.29,-0.29,2.21
2020-04-14,22.53,23.17,23.17,22.41,116915,271293152.00,3.43,4.65,1.03,2.48
2020-04-15,23.22,23.24,23.88,22.99,137290,327530864.00,3.84,0.30,0.07,2.92
2020-04-16,23.04,23.96,24.20,22.84,182668,441932464.00,5.85,3.10,0.72,3.88
2020-04-17,24.24,24.19,25.06,23.94,225135,560545456.00,4.67,0.96,0.23,4.78
2020-04-20,24.13,24.33,24.43,23.80,153186,377894128.00,2.60,0.58,0.14,3.26
2020-04-21,23.99,23.93,24.27,23.46,123993,301265744.00,3.33,-1.64,-0.40,2.63
2020-04-22,23.64,24.06,24.25,23.57,123697,302087776.00,2.84,0.54,0.13,2.63
2020-04-23,24.10,23.33,24.19,23.24,110842,267291711.00,3.95,-3.03,-0.73,2.36
2020-04-24,23.23,22.65,23.65,22.53,101006,237021714.00,4.80,-2.91,-0.68,2.15
2020-04-27,22.93,23.09,23.42,22.40,87826,205626722.00,4.50,1.94,0.44,1.87
2020-04-28,22.84,24.14,24.41,22.15,214163,517877168.00,9.79,4.55,1.05,4.55
2020-04-29,23.99,24.51,24.79,23.85,160115,398804144.00,3.89,1.53,0.37,3.40
2020-04-30,24.95,25.90,26.24,24.82,215650,564857392.00,5.79,5.67,1.39,4.58
2020-05-06,25.57,26.76,27.01,25.49,235086,628382256.00,5.87,3.32,0.86,5.00
2020-05-07,26.72,26.05,27.06,25.95,186617,499675664.00,4.15,-2.65,-0.71,3.97
2020-05-08,26.40,26.54,26.97,26.26,163353,442235280.00,2.73,1.88,0.49,3.47
2020-05-11,26.79,26.20,26.88,25.86,130734,351184192.00,3.84,-1.28,-0.34,2.78
2020-05-12,26.24,26.84,27.01,25.74,147378,395904048.00,4.85,2.44,0.64,3.13
2020-05-13,26.49,26.64,26.84,26.34,111225,300935376.00,1.86,-0.75,-0.20,2.36
2020-05-14,26.50,26.83,27.33,26.35,169872,466163680.00,3.68,0.71,0.19,3.61
2020-05-15,27.04,27.58,28.01,26.62,196060,547342176.00,5.18,2.80,0.75,4.17
2020-05-18,28.37,26.15,28.51,25.92,241904,665155472.00,9.39,-5.18,-1.43,5.14
2020-05-19,26.44,27.03,27.04,26.06,190533,517296640.00,3.75,3.37,0.88,4.05
2020-05-20,26.91,26.97,27.74,26.55,171406,471694160.00,4.40,-0.22,-0.06,3.64
2020-05-21,27.05,25.73,27.15,25.34,173266,459452400.00,6.71,-4.60,-1.24,3.68
2020-05-22,25.53,25.43,26.09,25.07,121466,315142208.00,3.96,-1.17,-0.30,2.58
2020-05-25,25.48,25.07,25.72,24.80,89993,229894968.00,3.62,-1.42,-0.36,1.91
2020-05-26,25.23,25.64,25.72,25.22,86322,223190962.00,1.99,2.27,0.57,1.83
2020-05-27,25.59,24.61,25.73,24.47,101476,257018974.00,4.91,-4.02,-1.03,2.16
2020-05-28,24.35,24.87,24.99,24.16,89690,224259135.00,3.37,1.06,0.26,1.91
2020-05-29,24.63,24.42,25.11,24.38,83950,210303449.00,2.94,-1.81,-0.45,1.78
2020-06-01,24.70,26.90,26.90,24.70,209507,557348080.00,9.01,10.16,2.48,4.45
2020-06-02,27.17,27.62,28.08,26.90,262653,733317440.00,4.39,2.68,0.72,5.58
2020-06-03,27.64,27.61,28.25,27.43,201683,568636960.00,2.97,-0.04,-0.01,4.29
2020-06-04,27.59,27.63,27.92,27.25,120321,337120144.00,2.43,0.07,0.02,2.56
2020-06-05,27.76,27.99,28.35,27.32,162934,461275568.00,3.73,1.30,0.36,3.46
2020-06-08,28.35,26.95,28.48,26.83,197533,548011040.00,5.89,-3.72,-1.04,4.20
2020-06-09,27.03,27.10,27.37,26.82,102521,281198016.00,2.04,0.56,0.15,2.18
2020-06-10,26.97,26.73,27.09,26.43,85439,231434310.00,2.44,-1.37,-0.37,1.82
2020-06-11,26.84,26.73,27.42,26.53,121556,331692720.00,3.33,0.00,0.00,2.58
2020-06-12,25.91,26.16,26.63,25.75,94814,252698486.00,3.29,-2.13,-0.57,2.01
2020-06-15,26.08,25.75,26.78,25.75,109234,290669216.00,3.94,-1.57,-0.41,2.32
2020-06-16,26.29,27.55,28.36,26.29,300392,842608448.00,8.04,6.99,1.80,6.38
2020-06-17,27.59,26.78,27.59,26.31,205740,559003200.00,4.65,-2.79,-0.77,4.37
2020-06-18,26.51,26.98,27.19,26.33,172154,469081008.00,3.21,0.75,0.20,3.66
2020-06-19,26.98,27.43,27.47,26.55,175933,483383568.00,3.41,1.67,0.45,3.74
2020-06-22,27.33,28.75,29.08,27.24,275684,795347296.00,6.71,4.81,1.32,5.86
2020-06-23,28.93,28.48,28.96,28.01,185835,533530432.00,3.30,-0.94,-0.27,3.95
2020-06-24,30.13,31.37,31.37,29.45,467171,1449092128.00,6.74,10.15,2.89,9.93
2020-06-29,32.38,33.33,33.91,31.98,480207,1596620080.00,6.15,6.25,1.96,10.20
2020-06-30,33.53,33.15,33.53,32.29,312500,1038913808.00,3.72,-0.54,-0.18,6.64
2020-07-01,32.93,32.78,34.06,32.04,307553,1023593008.00,6.09,-1.12,-0.37,6.54
2020-07-02,32.29,33.09,33.48,32.06,271327,900812992.00,4.33,0.95,0.31,5.77
2020-07-03,32.75,32.56,33.02,31.63,243773,800516032.00,4.20,-1.60,-0.53,5.18
2020-07-06,32.98,35.18,35.73,32.77,367867,1269932368.00,9.09,8.05,2.62,7.82
2020-07-07,36.08,34.33,36.82,34.15,343818,1237190064.00,7.59,-2.42,-0.85,7.31
2020-07-08,33.94,34.93,35.41,33.63,248782,869954976.00,5.18,1.75,0.60,5.29
2020-07-09,34.61,35.34,36.49,34.24,274866,988645760.00,6.44,1.17,0.41,5.84
2020-07-10,34.63,35.98,37.29,34.46,301497,1095879984.00,8.01,1.81,0.64,6.41
2020-07-13,35.73,38.55,38.85,35.43,338923,1257030448.00,9.51,7.14,2.57,7.20
2020-07-14,37.95,36.72,37.98,34.93,304998,1126469776.00,7.91,-4.75,-1.83,6.48
2020-07-15,36.63,33.43,36.63,33.34,274038,958586128.00,8.96,-8.96,-3.29,5.82
2020-07-16,33.15,31.07,33.81,30.81,222419,729860288.00,8.97,-7.06,-2.36,4.73
2020-07-17,31.43,30.98,32.08,30.49,141970,449033856.00,5.12,-0.29,-0.09,3.02
2020-07-20,31.62,32.17,32.23,30.66,148237,473012272.00,5.07,3.84,1.19,3.15
2020-07-21,31.86,31.66,32.48,31.43,114096,367525072.00,3.26,-1.59,-0.51,2.42
2020-07-22,31.85,32.03,32.61,31.44,134893,439142320.00,3.70,1.17,0.37,2.87
2020-07-23,31.53,31.65,32.01,29.86,174664,547365408.00,6.71,-1.19,-0.38,3.71
2020-07-24,31.44,29.91,32.11,29.54,153830,479963952.00,8.12,-5.50,-1.74,3.27
2020-07-27,30.23,30.24,30.58,29.63,90374,276013872.00,3.18,1.10,0.33,1.92
2020-07-28,30.63,30.13,30.73,29.73,90298,275972016.00,3.31,-0.36,-0.11,1.92
2020-07-29,30.29,32.03,32.05,30.14,164904,522443360.00,6.34,6.31,1.90,3.50
2020-07-30,31.91,31.41,31.93,31.05,128087,407224080.00,2.75,-1.94,-0.62,2.72
2020-07-31,31.48,32.46,32.78,31.34,149159,484740624.00,4.58,3.34,1.05,3.17
2020-08-03,32.97,33.54,33.78,32.54,154153,519840816.00,3.82,3.33,1.08,3.28
2020-08-04,33.61,32.57,33.61,32.30,127801,423723760.00,3.91,-2.89,-0.97,2.72
2020-08-05,34.13,32.71,34.32,32.53,184453,620290128.00,5.50,0.43,0.14,3.92
2020-08-06,32.51,31.77,32.52,31.64,147189,475607024.00,2.69,-2.87,-0.94,3.13
2020-08-07,31.93,30.40,31.93,29.75,166555,514122864.00,6.86,-4.31,-1.37,3.54
2020-08-10,30.33,30.73,30.95,29.89,91221,281190720.00,3.49,1.09,0.33,1.94
2020-08-11,30.75,30.38,31.16,30.24,90326,280826288.00,2.99,-1.14,-0.35,1.92
2020-08-12,30.50,30.93,30.93,29.33,104352,318535104.00,5.27,1.81,0.55,2.22
2020-08-13,31.08,30.92,31.08,30.51,70767,220473332.00,1.84,-0.03,-0.01,1.50
2020-08-14,31.14,31.37,31.45,30.73,81314,256208302.00,2.33,1.46,0.45,1.73
2020-08-17,31.58,32.20,32.28,31.10,102162,328482544.00,3.76,2.65,0.83,2.17
2020-08-18,32.23,32.36,33.20,31.88,118980,391573504.00,4.10,0.50,0.16,2.53
2020-08-19,32.42,30.48,32.48,30.48,111329,353590400.00,6.18,-5.81,-1.88,2.37
2020-08-20,30.09,30.38,31.10,29.98,60054,185718059.00,3.67,-0.33,-0.10,1.28
2020-08-21,30.64,30.89,31.29,30.51,64169,200596052.00,2.57,1.68,0.51,1.36
2020-08-24,31.26,31.83,32.19,30.48,91041,290734992.00,5.54,3.04,0.94,1.93
2020-08-25,31.85,31.91,32.43,31.55,93129,301755568.00,2.76,0.25,0.08,1.98
2020-08-26,31.66,30.32,32.08,30.32,97705,306765441.00,5.52,-4.98,-1.59,2.08
2020-08-27,30.33,32.43,32.43,30.01,168358,539284592.00,7.98,6.96,2.11,3.58
2020-08-28,32.46,32.43,33.60,31.99,183931,608523024.00,4.96,0.00,0.00,3.91
2020-08-31,32.63,31.74,32.73,31.68,121475,395458734.00,3.24,-2.13,-0.69,2.58
2020-09-01,31.74,31.40,31.98,30.58,94888,298463856.00,4.41,-1.07,-0.34,2.02
2020-09-02,31.52,31.90,32.13,31.28,101480,325158176.00,2.71,1.59,0.50,2.16
2020-09-03,31.63,30.96,31.63,30.53,108836,340890688.00,3.45,-2.95,-0.94,2.31
2020-09-04,31.53,34.22,34.81,31.43,384857,1299145316.00,10.92,10.53,3.26,8.18
2020-09-07,36.13,36.55,39.91,35.44,534837,2024164228.00,13.06,6.81,2.33,11.37
2020-09-08,35.84,36.39,38.11,35.70,393098,1464785244.00,6.59,-0.44,-0.16,8.35
2020-09-09,35.33,32.17,35.50,32.17,383290,1302514644.00,9.15,-11.60,-4.22,8.15
2020-09-10,32.81,36.71,37.72,32.66,498905,1788453216.00,15.73,14.11,4.54,10.60
2020-09-11,34.86,38.00,39.21,33.23,471954,1740110988.00,16.29,3.51,1.29,10.03
2020-09-14,39.26,45.67,45.67,39.25,591555,2587627336.00,16.89,20.18,7.67,12.57
2020-09-15,47.57,41.41,47.57,41.11,620833,2696139306.00,14.14,-9.33,-4.26,13.19
2020-09-16,41.24,42.09,44.33,40.93,456509,1963726382.00,8.21,1.64,0.68,9.70
2020-09-17,40.11,42.93,44.12,39.31,466167,1950339560.00,11.43,2.00,0.84,9.91
2020-09-18,41.87,41.12,42.48,40.52,339074,1416167172.00,4.57,-4.22,-1.81,7.21
2020-09-21,40.78,40.22,42.36,40.19,268021,1114726496.00,5.28,-2.19,-0.90,5.70
2020-09-22,39.43,38.43,40.03,37.96,284838,1116799920.00,5.15,-4.45,-1.79,6.05
2020-09-23,38.97,41.41,42.07,38.67,422914,1720807058.00,8.85,7.75,2.98,8.99
2020-09-24,40.21,39.24,40.49,39.06,234407,939017197.00,3.45,-5.24,-2.17,4.98
2020-09-25,39.66,39.71,40.98,38.19,268218,1074322280.00,7.11,1.20,0.47,5.70
2020-09-28,39.99,41.18,42.01,39.65,302655,1249961586.00,5.94,3.70,1.47,6.43
2020-09-29,41.28,42.31,43.13,40.51,340391,1446063364.00,6.36,2.74,1.13,7.23
2020-09-30,41.84,40.48,42.09,40.44,238765,993414366.00,3.90,-4.33,-1.83,5.07
2020-10-09,41.76,43.41,43.51,40.99,307328,1315876014.00,6.23,7.24,2.93,6.53
2020-10-12,43.73,46.51,47.50,42.84,409572,1839767920.00,10.73,7.14,3.10,8.70
2020-10-13,44.68,44.58,46.40,44.43,321700,1464637913.00,4.24,-4.15,-1.93,6.84
2020-10-14,44.05,44.14,44.53,42.63,261728,1151663944.00,4.26,-0.99,-0.44,5.56
2020-10-15,43.40,43.80,47.02,43.40,324892,1486037000.00,8.20,-0.77,-0.34,6.90
2020-10-16,43.55,40.73,44.78,39.64,352119,1494844272.00,11.74,-7.01,-3.07,7.48
2020-10-19,40.92,40.32,41.41,39.81,170943,698887984.00,3.93,-1.01,-0.41,3.63
2020-10-20,40.31,40.79,40.80,39.14,169861,687959216.00,4.12,1.17,0.47,3.61
2020-10-21,40.85,38.31,41.02,38.14,210457,831521200.00,7.06,-6.08,-2.48,4.47
2020-10-22,38.06,38.89,40.17,37.93,165744,654868480.00,5.85,1.51,0.58,3.52
2020-10-23,38.91,37.68,39.49,37.13,163352,629250624.00,6.07,-3.11,-1.21,3.47
2020-10-26,37.63,38.11,38.73,37.29,107464,413307296.00,3.82,1.14,0.43,2.28
2020-10-27,38.11,38.23,38.61,37.38,139222,534575632.00,3.23,0.31,0.12,2.96
2020-10-28,39.14,39.27,39.57,38.23,190306,749585456.00,3.51,2.72,1.04,4.04
2020-10-29,38.38,39.41,40.06,38.33,162302,645670608.00,4.41,0.36,0.14,3.45
2020-10-30,39.73,40.32,42.37,39.34,302456,1239993216.00,7.69,2.31,0.91,6.43
2020-11-02,40.14,41.04,41.26,39.03,221066,900129696.00,5.53,1.79,0.72,4.70
2020-11-03,41.03,42.10,43.33,40.80,302582,1287234768.00,6.16,2.58,1.06,6.43
2020-11-04,41.76,41.26,42.11,40.94,182817,765749328.00,2.78,-2.00,-0.84,3.89
2020-11-05,41.88,41.32,42.37,40.39,189261,790196640.00,4.80,0.15,0.06,4.02
2020-11-06,41.35,41.97,42.18,39.48,254558,1055974272.00,6.53,1.57,0.65,5.41
2020-11-09,42.66,48.13,50.17,42.66,533529,2503889824.00,17.89,14.68,6.16,11.34
2020-11-10,46.63,47.65,51.10,45.43,487659,2378097008.00,11.78,-1.00,-0.48,10.36
2020-11-11,47.03,49.05,50.79,45.89,454466,2222217808.00,10.28,2.94,1.40,9.66
2020-11-12,49.99,47.93,50.51,46.90,335019,1627743072.00,7.36,-2.28,-1.12,7.12
2020-11-13,46.03,45.36,46.83,43.71,316624,1445520944.00,6.51,-5.36,-2.57,6.73
2020-11-16,45.62,45.39,46.10,44.63,201640,922033904.00,3.24,0.07,0.03,4.29
2020-11-17,45.23,44.47,45.23,41.94,299581,1307469280.00,7.25,-2.03,-0.92,6.37
2020-11-18,43.88,43.50,44.64,43.33,179336,793117024.00,2.95,-2.18,-0.97,3.81
2020-11-19,42.83,44.15,45.60,42.64,234856,1057342640.00,6.80,1.49,0.65,4.99
2020-11-20,44.13,44.55,44.83,43.50,156706,698317104.00,3.01,0.91,0.40,3.33
2020-11-23,44.24,45.93,45.93,43.14,236694,1074142160.00,6.26,3.10,1.38,5.03
2020-11-24,45.64,46.93,47.58,45.36,272491,1281667584.00,4.83,2.18,1.00,5.79
2020-11-25,46.93,45.35,47.13,45.35,200763,934667792.00,3.79,-3.37,-1.58,4.27
2020-11-26,45.18,43.80,46.59,43.30,205447,933997520.00,7.25,-3.42,-1.55,4.37
2020-11-27,43.65,44.82,45.18,43.53,159772,716331376.00,3.77,2.33,1.02,3.40
2020-11-30,45.23,44.58,46.43,43.63,207060,942895424.00,6.25,-0.54,-0.24,4.40
2020-12-01,44.43,44.18,45.33,44.04,173842,781199056.00,2.89,-0.90,-0.40,3.69
2020-12-02,44.23,46.04,46.13,44.19,257436,1174941760.00,4.39,4.21,1.86,5.47
2020-12-03,45.72,46.04,47.74,45.64,269151,1266248048.00,4.56,0.00,0.00,5.72
2020-12-04,45.03,46.53,46.90,44.71,180102,838343264.00,4.76,1.06,0.49,3.83
2020-12-07,48.63,45.42,49.13,45.40,234793,1115236960.00,8.02,-2.39,-1.11,4.99
2020-12-08,44.86,46.84,47.08,44.86,195756,914273072.00,4.89,3.13,1.42,4.16
2020-12-09,46.41,44.22,47.12,44.08,215955,990882896.00,6.49,-5.59,-2.62,4.59
2020-12-10,44.63,44.84,45.71,44.08,155971,707975728.00,3.69,1.40,0.62,3.31
2020-12-11,44.85,42.01,44.96,41.34,255426,1100782736.00,8.07,-6.31,-2.83,5.43
2020-12-14,42.13,42.28,42.73,41.13,148296,628340816.00,3.81,0.64,0.27,3.15
2020-12-15,42.06,40.58,42.57,40.04,197649,819662064.00,5.98,-4.02,-1.70,4.20
2020-12-16,40.63,40.01,40.89,39.83,116836,474755904.00,2.61,-1.40,-0.57,2.48
2020-12-17,40.02,40.82,40.97,39.52,131125,534652256.00,3.62,2.02,0.81,2.79
2020-12-18,41.79,40.40,42.16,40.24,131651,546168688.00,4.70,-1.03,-0.42,2.80
2020-12-21,39.82,42.18,42.97,39.61,196544,830308896.00,8.32,4.41,1.78,4.18
2020-12-22,41.51,40.66,42.17,40.55,133741,558756464.00,3.84,-3.60,-1.52,2.84
2020-12-23,40.84,42.77,43.28,40.08,217330,920920400.00,7.87,5.19,2.11,4.62
2020-12-24,42.43,42.36,43.72,42.20,147527,639211616.00,3.55,-0.96,-0.41,3.14
2020-12-25,42.50,42.59,42.81,41.29,114050,483295216.00,3.59,0.54,0.23,2.42
2020-12-28,42.48,40.68,42.59,40.31,157427,655282592.00,5.35,-4.48,-1.91,3.35
2020-12-29,40.71,41.88,43.51,40.63,193539,825129472.00,7.08,2.95,1.20,4.11
2020-12-30,41.92,42.43,42.98,40.94,147439,625477984.00,4.87,1.31,0.55,3.13
2020-12-31,42.63,44.05,44.06,42.19,212486,928691808.00,4.41,3.82,1.62,4.51