2020-01-02,5.94,5.94,5.97,5.90,111450,71591900.00,1.19,1.37,0.08,1.15
2020-01-03,5.93,5.95,5.96,5.91,67466,43339919.00,0.84,0.17,0.01,0.70
2020-01-06,5.95,5.98,5.99,5.93,92469,59715591.00,1.01,0.50,0.03,0.95
2020-01-07,5.99,5.99,6.00,5.96,62208,40203134.00,0.67,0.17,0.01,0.64
2020-01-08,5.96,5.88,5.96,5.86,85943,54938381.00,1.67,-1.84,-0.11,0.89
2020-01-09,5.92,5.96,5.96,5.89,70090,44985920.00,1.19,1.36,0.08,0.72
2020-01-10,5.97,5.96,6.03,5.93,104860,67909881.00,1.68,0.00,0.00,1.08
2020-01-13,5.95,6.00,6.00,5.93,65021,41966033.00,1.17,0.67,0.04,0.67
2020-01-14,6.02,5.99,6.02,5.98,69792,45274730.00,0.67,-0.17,-0.01,0.72
2020-01-15,5.97,6.04,6.19,5.97,119693,78201147.00,3.67,0.83,0.05,1.23
2020-01-16,6.01,5.92,6.03,5.92,71331,46045953.00,1.82,-1.99,-0.12,0.74
2020-01-17,5.95,6.00,6.05,5.92,69712,45142975.00,2.20,1.35,0.08,0.72
2020-01-20,6.00,6.05,6.05,5.96,78854,51351914.00,1.50,0.83,0.05,0.81
2020-01-21,6.02,5.94,6.06,5.94,56504,36609465.00,1.98,-1.82,-0.11,0.58
2020-01-22,5.90,5.95,5.98,5.84,59031,37789374.00,2.36,0.17,0.01,0.61
2020-01-23,6.44,6.16,6.47,6.06,348064,233860975.00,6.89,3.53,0.21,3.59
2020-02-03,5.50,5.50,5.64,5.50,263715,158786793.00,2.27,-10.71,-0.66,2.72
2020-02-04,5.52,5.60,5.69,5.51,214358,130077597.00,3.27,1.82,0.10,2.21
2020-02-05,5.59,5.64,5.71,5.53,156561,95858263.00,3.21,0.71,0.04,1.61
2020-02-06,5.66,5.67,5.69,5.56,161443,98979141.00,2.30,0.53,0.03,1.66
2020-02-07,5.62,5.66,5.70,5.59,115530,70831599.00,1.94,-0.18,-0.01,1.19
2020-02-10,5.63,5.78,5.79,5.62,134430,83312780.00,3.00,2.12,0.12,1.39
2020-02-11,5.76,5.76,5.89,5.72,96278,60551370.00,2.94,-0.35,-0.02,0.99
2020-02-12,5.76,5.80,5.81,5.73,72426,45368941.00,1.39,0.69,0.04,0.75
2020-02-13,5.80,5.73,5.83,5.73,72524,45385980.00,1.72,-1.21,-0.07,0.75
2020-02-14,5.73,5.72,5.76,5.69,69361,43134618.00,1.22,-0.17,-0.01,0.71
2020-02-17,5.80,5.85,5.85,5.73,106078,66894567.00,2.10,2.27,0.13,1.09
2020-02-18,5.90,5.88,5.93,5.83,93975,59887850.00,1.71,0.51,0.03,0.97
2020-02-19,5.86,5.91,5.94,5.81,108077,68887156.00,2.21,0.51,0.03,1.11
2020-02-20,5.90,5.95,5.96,5.88,117517,75377346.00,1.35,0.68,0.04,1.21
2020-02-21,5.97,6.01,6.01,5.93,133973,86636833.00,1.34,1.01,0.06,1.38
2020-02-24,5.98,5.98,6.04,5.95,99966,64688122.00,1.50,-0.50,-0.03,1.03
2020-02-25,5.88,5.87,5.92,5.74,142939,90695299.00,3.01,-1.84,-0.11,1.47
2020-02-26,5.81,6.06,6.16,5.79,277023,180690538.00,6.30,3.24,0.19,2.86
2020-02-27,6.08,6.06,6.19,6.03,166780,110188254.00,2.64,0.00,0.00,1.72
2020-02-28,5.95,5.86,6.01,5.84,132934,85143036.00,2.81,-3.30,-0.20,1.37
2020-03-02,5.92,6.40,6.45,5.92,380179,255940641.00,9.04,9.22,0.54,3.92
2020-03-03,6.51,6.30,6.59,6.23,369018,252915283.00,5.63,-1.56,-0.10,3.80
2020-03-04,6.24,6.38,6.40,6.20,175954,119516833.00,3.17,1.27,0.08,1.81
2020-03-05,6.43,6.38,6.46,6.34,188389,129577669.00,1.88,0.00,0.00,1.94
2020-03-06,6.31,6.22,6.37,6.20,149720,101022357.00,2.66,-2.51,-0.16,1.54
2020-03-09,6.16,6.05,6.27,6.04,145669,96327979.00,3.70,-2.73,-0.17,1.50
2020-03-10,5.98,6.11,6.14,5.93,174155,113609847.00,3.47,0.99,0.06,1.79
2020-03-11,6.12,5.98,6.15,5.98,123959,81339579.00,2.78,-2.13,-0.13,1.28
2020-03-12,5.93,5.99,6.08,5.93,103847,67308363.00,2.51,0.17,0.01,1.07
2020-03-13,5.80,5.89,6.00,5.74,157859,99881824.00,4.34,-1.67,-0.10,1.63
2020-03-16,5.86,5.72,5.98,5.70,130700,82558728.00,4.75,-2.89,-0.17,1.35
2020-03-17,5.74,5.66,5.80,5.54,114374,70378869.00,4.55,-1.05,-0.06,1.18
2020-03-18,5.68,5.59,5.76,5.59,116718,72053389.00,3.00,-1.24,-0.07,1.20
2020-03-19,5.61,5.64,5.67,5.50,102299,61885419.00,3.04,0.89,0.05,1.05
2020-03-20,5.67,5.70,5.70,5.60,66703,40938697.00,1.77,1.06,0.06,0.69
2020-03-23,5.66,5.58,5.77,5.56,133772,82593954.00,3.68,-2.11,-0.12,1.38
2020-03-24,5.67,5.68,5.70,5.55,82522,50474566.00,2.69,1.79,0.10,0.85
2020-03-25,5.77,5.76,5.78,5.70,92452,57619113.00,1.41,1.41,0.08,0.95
2020-03-26,5.88,5.85,5.94,5.82,190363,121458993.00,2.08,1.56,0.09,1.96
2020-03-27,5.90,5.86,5.95,5.83,111097,70933766.00,2.05,0.17,0.01,1.15
2020-03-30,5.82,5.91,5.91,5.78,90897,57451130.00,2.22,0.85,0.05,0.94
2020-03-31,5.95,5.99,6.06,5.92,127811,83014562.00,2.37,1.35,0.08,1.32
2020-04-01,5.99,5.85,6.05,5.83,120973,77557361.00,3.67,-2.34,-0.14,1.25
2020-04-02,5.84,5.91,5.91,5.82,77676,49323972.00,1.54,1.03,0.06,0.80
2020-04-03,5.91,6.09,6.13,5.87,207555,135625281.00,4.40,3.05,0.18,2.14
2020-04-07,6.17,6.16,6.21,6.10,161093,106875202.00,1.81,1.15,0.07,1.66
2020-04-08,6.14,6.27,6.32,6.14,180755,121943282.00,2.92,1.79,0.11,1.86
2020-04-09,6.27,6.26,6.31,6.23,95793,64716362.00,1.28,-0.16,-0.01,0.99
2020-04-10,6.33,6.32,6.35,6.26,166102,112799650.00,1.44,0.96,0.06,1.71
2020-04-13,6.28,6.37,6.39,6.28,106826,73111188.00,1.74,0.79,0.05,1.10
2020-04-14,6.39,6.38,6.44,6.34,93490,64172808.00,1.57,0.16,0.01,0.96
2020-04-15,6.40,6.31,6.41,6.30,142163,97143036.00,1.72,-1.10,-0.07,1.47
2020-04-16,6.31,6.32,6.35,6.28,111439,75807964.00,1.11,0.16,0.01,1.15
2020-04-17,6.34,6.30,6.35,6.25,150367,102206443.00,1.58,-0.32,-0.02,1.55
2020-04-20,6.30,6.32,6.36,6.29,95157,64857676.00,1.11,0.32,0.02,0.98
2020-04-21,6.31,6.34,6.36,6.31,87201,59491923.00,0.79,0.32,0.02,0.90
2020-04-22,6.34,6.42,6.44,6.32,121470,83515705.00,1.89,1.26,0.08,1.25
2020-04-23,6.42,6.45,6.50,6.41,172558,119896363.00,1.40,0.47,0.03,1.78
2020-04-24,6.47,6.35,6.49,6.34,151502,104282162.00,2.33,-1.55,-0.10,1.56
2020-04-27,6.36,6.40,6.44,6.34,92806,63874779.00,1.57,0.79,0.05,0.96
2020-04-28,6.35,6.31,6.37,6.01,167367,112853537.00,5.63,-1.41,-0.09,1.72
2020-04-30,5.94,6.04,6.16,5.92,255718,165778034.00,3.80,-4.28,-0.27,2.64
2020-05-06,5.96,6.02,6.06,5.95,122192,79247785.00,1.82,-0.33,-0.02,1.26
2020-05-07,6.07,6.06,6.12,6.05,167348,109885075.00,1.16,0.66,0.04,1.72
2020-05-08,6.07,6.02,6.07,6.00,92091,60052950.00,1.16,-0.66,-0.04,0.95
2020-05-11,6.02,5.99,6.03,5.97,73220,47496756.00,1.00,-0.50,-0.03,0.75
2020-05-12,5.99,5.95,6.01,5.93,47804,30849375.00,1.34,-0.67,-0.04,0.49
2020-05-13,5.95,5.97,5.98,5.92,45294,29215571.00,1.01,0.34,0.02,0.47
2020-05-14,5.94,5.88,5.95,5.85,73722,47097552.00,1.68,-1.51,-0.09,0.76
2020-05-15,5.90,5.87,5.91,5.85,43729,27865026.00,1.02,-0.17,-0.01,0.45
2020-05-18,5.87,5.92,6.03,5.84,75454,48594463.00,3.24,0.85,0.05,0.78
2020-05-19,5.93,5.92,5.99,5.91,45103,28952268.00,1.35,0.00,0.00,0.46
2020-05-20,5.90,5.90,5.94,5.87,40653,25968692.00,1.18,-0.34,-0.02,0.42
2020-05-21,5.87,5.96,6.03,5.87,79454,51362573.00,2.71,1.02,0.06,0.82
2020-05-22,5.98,5.82,5.99,5.81,56132,35688825.00,3.02,-2.35,-0.14,0.58
2020-05-25,5.83,5.80,5.84,5.78,34264,21557248.00,1.03,-0.34,-0.02,0.35
2020-05-26,5.79,5.86,5.86,5.79,33242,21030360.00,1.21,1.03,0.06,0.34
2020-05-27,5.86,5.88,5.93,5.81,48112,30575408.00,2.05,0.34,0.02,0.50
2020-05-28,5.93,5.85,5.93,5.80,35484,22036244.00,2.21,-0.51,-0.03,0.37
2020-05-29,5.88,5.88,5.89,5.81,26529,16484180.00,1.37,0.51,0.03,0.27
2020-06-01,5.89,5.98,6.00,5.88,76575,48281187.00,2.04,1.70,0.10,0.79
2020-06-02,6.01,6.02,6.06,5.96,63354,40317524.00,1.67,0.67,0.04,0.65
2020-06-03,6.03,5.97,6.05,5.97,49158,31241851.00,1.33,-0.83,-0.05,0.51
2020-06-04,5.96,5.97,6.00,5.94,42381,26743027.00,1.01,0.00,0.00,0.44
2020-06-05,5.95,5.96,5.98,5.91,44991,28314778.00,1.17,-0.17,-0.01,0.46
2020-06-08,6.01,5.98,6.01,5.97,46417,29417511.00,0.67,0.34,0.02,0.48
2020-06-09,5.99,5.95,6.00,5.92,44765,28191498.00,1.34,-0.50,-0.03,0.46
2020-06-10,5.95,5.94,5.96,5.91,26553,16682702.00,0.84,-0.17,-0.01,0.27
2020-06-11,5.95,5.89,5.95,5.88,37000,23174693.00,1.18,-0.84,-0.05,0.38
2020-06-12,5.83,5.92,5.94,5.76,40585,25174450.00,3.06,0.51,0.03,0.42
2020-06-15,5.90,5.88,5.93,5.86,28158,17586479.00,1.18,-0.68,-0.04,0.29
2020-06-16,5.89,5.92,5.92,5.88,37869,23669671.00,0.68,0.68,0.04,0.39
2020-06-17,5.92,5.92,5.93,5.86,47380,29592915.00,1.18,0.00,0.00,0.49
2020-06-18,5.92,5.92,5.96,5.89,42652,26747022.00,1.18,0.00,0.00,0.44
2020-06-19,5.92,5.93,5.94,5.90,47803,29973454.00,0.68,0.17,0.01,0.49
2020-06-22,5.93,5.93,5.96,5.89,44957,28239742.00,1.18,0.00,0.00,0.46
2020-06-23,5.93,5.87,5.93,5.86,43505,27110192.00,1.18,-1.01,-0.06,0.45
2020-06-24,5.87,5.83,5.89,5.81,58378,36078872.00,1.36,-0.68,-0.04,0.60
2020-06-29,5.83,5.77,5.84,5.77,40024,24582806.00,1.20,-1.03,-0.06,0.41
2020-06-30,5.79,5.80,5.83,5.77,35505,21836415.00,1.04,0.52,0.03,0.37
2020-07-01,5.79,5.88,5.89,5.79,56978,35262328.00,1.72,1.38,0.08,0.59
2020-07-02,5.87,5.95,5.97,5.86,103477,65008632.00,1.87,1.19,0.07,1.07
2020-07-03,5.97,6.32,6.40,5.96,305909,198679841.00,7.39,6.22,0.37,3.15
2020-07-06,6.32,6.65,6.80,6.29,386217,265003300.00,8.07,5.22,0.33,3.98
2020-07-07,6.65,6.55,6.79,6.48,328849,229373833.00,4.66,-1.50,-0.10,3.39
2020-07-08,6.54,6.61,6.67,6.51,190372,132232575.00,2.44,0.92,0.06,1.96
2020-07-09,6.60,6.62,6.68,6.52,217735,151169791.00,2.42,0.15,0.01,2.24
2020-07-10,6.62,6.55,6.76,6.52,202304,141307731.00,3.63,-1.06,-0.07,2.09
2020-07-13,6.54,6.66,6.68,6.50,212589,147811779.00,2.75,1.68,0.11,2.19
2020-07-14,6.66,6.62,6.74,6.52,195463,136112443.00,3.30,-0.60,-0.04,2.01
2020-07-15,6.64,6.43,6.66,6.35,179471,122936535.00,4.68,-2.87,-0.19,1.85
2020-07-16,6.47,6.24,6.55,6.23,132360,89124466.00,4.98,-2.95,-0.19,1.36
2020-07-17,6.31,6.20,6.32,6.11,134556,88321897.00,3.37,-0.64,-0.04,1.39
2020-07-20,6.25,6.47,6.49,6.25,138636,93719264.00,3.87,4.35,0.27,1.43
2020-07-21,6.45,6.50,6.57,6.43,109363,74960852.00,2.16,0.46,0.03,1.13
2020-07-22,6.52,6.43,6.55,6.41,105934,72387529.00,2.15,-1.08,-0.07,1.09
2020-07-23,6.40,6.47,6.49,6.23,113190,76002217.00,4.04,0.62,0.04,1.17
2020-07-24,6.43,6.18,6.47,6.15,115545,76654970.00,4.95,-4.48,-0.29,1.19
2020-07-27,6.18,6.13,6.24,6.06,64379,41607540.00,2.91,-0.81,-0.05,0.66
2020-07-28,6.15,6.14,6.18,6.10,55897,36277587.00,1.31,0.16,0.01,0.58
2020-07-29,6.12,6.22,6.22,6.07,69302,45207648.00,2.44,1.30,0.08,0.71
2020-07-30,6.23,6.29,6.32,6.21,99141,65579693.00,1.77,1.13,0.07,1.02
2020-07-31,6.26,6.27,6.32,6.19,62960,41619355.00,2.07,-0.32,-0.02,0.65
2020-08-03,6.29,6.39,6.42,6.29,109320,73386447.00,2.07,1.91,0.12,1.13
2020-08-04,6.41,6.37,6.43,6.32,65140,43695773.00,1.72,-0.31,-0.02,0.67
2020-08-05,6.35,6.29,6.36,6.26,74340,49370453.00,1.57,-1.26,-0.08,0.77
2020-08-06,6.29,6.28,6.34,6.18,66246,43664145.00,2.54,-0.16,-0.01,0.68
2020-08-07,6.26,6.25,6.32,6.16,69091,45436972.00,2.55,-0.48,-0.03,0.71
2020-08-10,6.24,6.54,6.59,6.20,239042,162355038.00,6.24,4.64,0.29,2.46
2020-08-11,6.53,6.33,6.55,6.32,133943,91168242.00,3.52,-3.21,-0.21,1.38
2020-08-12,6.31,6.51,6.60,6.30,210604,143643442.00,4.74,2.84,0.18,2.17
2020-08-13,6.53,6.45,6.54,6.42,105650,71959111.00,1.84,-0.92,-0.06,1.09
2020-08-14,6.45,6.42,6.45,6.33,76403,51458310.00,1.86,-0.47,-0.03,0.79
2020-08-17,6.43,6.50,6.54,6.36,111533,76112226.00,2.80,1.25,0.08,1.15
2020-08-18,6.50,6.52,6.58,6.48,100242,68888238.00,1.54,0.31,0.02,1.03
2020-08-19,6.52,6.45,6.52,6.42,70316,47928131.00,1.53,-1.07,-0.07,0.72
2020-08-20,6.45,6.36,6.45,6.34,64618,43503735.00,1.71,-1.40,-0.09,0.67
2020-08-21,6.37,6.35,6.42,6.30,54761,36714687.00,1.89,-0.16,-0.01,0.56
2020-08-24,6.45,6.49,6.66,6.44,208652,144295492.00,3.46,2.20,0.14,2.15
2020-08-25,6.49,6.41,6.54,6.37,101555,68913739.00,2.62,-1.23,-0.08,1.05
2020-08-26,6.45,6.26,6.46,6.25,89709,59828906.00,3.28,-2.34,-0.15,0.92
2020-08-27,6.29,6.31,6.32,6.23,66813,44239240.00,1.44,0.80,0.05,0.69
2020-08-28,6.33,6.37,6.39,6.29,75681,50639525.00,1.58,0.95,0.06,0.78
2020-08-31,6.35,6.32,6.44,6.31,86183,58070402.00,2.04,-0.78,-0.05,0.89
2020-09-01,6.28,6.30,6.32,6.25,56310,37341588.00,1.11,-0.32,-0.02,0.58
2020-09-02,6.29,6.25,6.32,6.22,69478,45877019.00,1.59,-0.79,-0.05,0.72
2020-09-03,6.24,6.24,6.32,6.22,51909,34378418.00,1.60,-0.16,-0.01,0.54
2020-09-04,6.19,6.20,6.24,6.10,62969,41013942.00,2.24,-0.64,-0.04,0.65
2020-09-07,6.19,6.17,6.27,6.15,44447,29129350.00,1.94,-0.48,-0.03,0.46
2020-09-08,6.18,6.21,6.21,6.13,37155,24233435.00,1.30,0.65,0.04,0.38
2020-09-09,6.17,6.19,6.23,6.14,56569,37019438.00,1.45,-0.32,-0.02,0.58
2020-09-10,6.19,6.01,6.24,5.97,89040,57436693.00,4.36,-2.91,-0.18,0.92
2020-09-11,5.97,5.98,6.01,5.89,57876,36450728.00,2.00,-0.50,-0.03,0.60
2020-09-14,6.00,6.01,6.04,5.96,41783,26541495.00,1.34,0.50,0.03,0.43
2020-09-15,6.02,6.01,6.05,5.96,23547,14980076.00,1.50,0.00,0.00,0.24
2020-09-16,6.04,6.02,6.06,5.98,20608,13128943.00,1.33,0.17,0.01,0.21
2020-09-17,5.99,6.02,6.05,5.98,22787,14494375.00,1.16,0.00,0.00,0.23
2020-09-18,6.04,6.10,6.11,5.99,37461,24069840.00,1.99,1.33,0.08,0.39
2020-09-21,6.10,6.10,6.15,6.04,36270,23339028.00,1.80,0.00,0.00,0.37
2020-09-22,6.07,6.03,6.10,5.99,28971,18539109.00,1.80,-1.15,-0.07,0.30
2020-09-23,6.04,6.01,6.05,6.00,20783,13230366.00,0.83,-0.33,-0.02,0.21
2020-09-24,5.97,5.91,5.99,5.91,30145,18954508.00,1.33,-1.66,-0.10,0.31
2020-09-25,5.94,5.89,5.95,5.85,23667,14768190.00,1.69,-0.34,-0.02,0.24
2020-09-28,5.88,5.84,5.90,5.83,26719,16581662.00,1.19,-0.85,-0.05,0.28
2020-09-29,5.87,5.85,5.89,5.79,26560,16471584.00,1.71,0.17,0.01,0.27
2020-09-30,5.87,5.84,5.87,5.82,23128,14317301.00,0.85,-0.17,-0.01,0.24
2020-10-09,5.88,5.92,5.95,5.88,33364,20886725.00,1.20,1.37,0.08,0.34
2020-10-12,5.92,6.04,6.07,5.92,56386,35905309.00,2.53,2.03,0.12,0.58
2020-10-13,6.08,6.05,6.10,6.04,38617,24777050.00,0.99,0.17,0.01,0.40
2020-10-14,6.05,6.01,6.07,6.00,27159,17321525.00,1.16,-0.66,-0.04,0.28
2020-10-15,6.01,6.00,6.04,5.98,21609,13732965.00,1.00,-0.17,-0.01,0.22
2020-10-16,6.00,6.03,6.03,5.97,25911,16453378.00,1.00,0.50,0.03,0.27
2020-10-19,6.01,6.02,6.07,5.99,22218,14165204.00,1.33,-0.17,-0.01,0.23
2020-10-20,6.02,6.02,6.02,5.95,21023,13325876.00,1.16,0.00,0.00,0.22
2020-10-21,6.01,5.97,6.01,5.94,23832,15054137.00,1.16,-0.83,-0.05,0.25
2020-10-22,5.94,6.26,6.30,5.93,216646,141755775.00,6.20,4.86,0.29,2.23
2020-10-23,6.24,6.31,6.39,6.19,151870,101232871.00,3.19,0.80,0.05,1.57
2020-10-26,6.31,6.11,6.35,6.10,103063,67318163.00,3.96,-3.17,-0.20,1.06
2020-10-27,6.10,6.29,6.33,6.06,100593,65783764.00,4.42,2.95,0.18,1.04
2020-10-28,6.25,6.07,6.28,6.00,104737,67985483.00,4.45,-3.50,-0.22,1.08
2020-10-29,6.03,6.10,6.17,6.01,57187,36904949.00,2.64,0.49,0.03,0.59
2020-10-30,6.08,6.03,6.23,6.02,72197,46551375.00,3.44,-1.15,-0.07,0.74
2020-11-02,6.05,6.18,6.19,5.98,77352,49825642.00,3.48,2.49,0.15,0.80
2020-11-03,6.21,6.33,6.33,6.13,95245,62836969.00,3.24,2.43,0.15,0.98
2020-11-04,6.31,6.24,6.33,6.17,52945,34894787.00,2.53,-1.42,-0.09,0.55
2020-11-05,6.24,6.62,6.67,6.17,349876,240452683.00,8.01,6.09,0.38,3.61
2020-11-06,6.62,6.67,6.70,6.50,233953,162857609.00,3.02,0.76,0.05,2.41
2020-11-09,6.75,6.56,6.83,6.53,283590,198724208.00,4.50,-1.65,-0.11,2.92
2020-11-10,6.62,6.69,6.77,6.52,251876,176361186.00,3.81,1.98,0.13,2.60
2020-11-11,6.69,6.75,6.75,6.58,200307,140823983.00,2.54,0.90,0.06,2.06
2020-11-12,6.76,6.29,6.77,6.18,427281,289490768.00,8.74,-6.81,-0.46,4.40
2020-11-13,6.19,6.12,6.24,6.06,180062,116348441.00,2.86,-2.70,-0.17,1.86
2020-11-16,6.14,6.15,6.16,6.09,98068,63500408.00,1.14,0.49,0.03,1.01
2020-11-17,6.14,6.07,6.17,6.02,100848,64679844.00,2.44,-1.30,-0.08,1.04
2020-11-18,6.06,6.07,6.09,6.05,68076,43680229.00,0.66,0.00,0.00,0.70
2020-11-19,6.07,6.06,6.08,6.03,56529,36207139.00,0.82,-0.16,-0.01,0.58
2020-11-20,6.05,6.07,6.09,6.04,42876,27494988.00,0.83,0.17,0.01,0.44
2020-11-23,6.11,6.12,6.14,6.09,98950,63920936.00,0.82,0.82,0.05,1.02
2020-11-24,6.11,6.07,6.11,6.05,62680,40259830.00,0.98,-0.82,-0.05,0.65
2020-11-25,6.08,6.02,6.11,6.02,66400,42567053.00,1.48,-0.82,-0.05,0.68
2020-11-26,6.01,6.03,6.04,6.00,38151,24288269.00,0.66,0.17,0.01,0.39
2020-11-27,6.03,6.05,6.08,6.00,60940,38904167.00,1.33,0.33,0.02,0.63
2020-11-30,6.05,6.04,6.09,6.03,55220,35448786.00,0.99,-0.17,-0.01,0.57
2020-12-01,6.05,6.08,6.08,6.01,42511,27200953.00,1.16,0.66,0.04,0.44
2020-12-02,6.07,6.09,6.10,6.05,34241,22000747.00,0.82,0.16,0.01,0.35
2020-12-03,6.09,6.06,6.10,6.05,36363,23309144.00,0.82,-0.49,-0.03,0.37
2020-12-04,6.06,6.03,6.06,6.01,32588,20783706.00,0.83,-0.50,-0.03,0.34
2020-12-07,6.02,6.01,6.04,6.00,29623,18848965.00,0.66,-0.33,-0.02,0.31
2020-12-08,6.00,5.97,6.01,5.97,31912,20229729.00,0.67,-0.67,-0.04,0.33
2020-12-09,5.98,5.93,6.00,5.92,31448,19815929.00,1.34,-0.67,-0.04,0.32
2020-12-10,5.92,5.93,5.94,5.91,23757,14909814.00,0.51,0.00,0.00,0.24
2020-12-11,5.93,5.89,5.94,5.86,33188,20693371.00,1.35,-0.67,-0.04,0.34
2020-12-14,5.90,5.92,5.92,5.85,15902,9932428.00,1.19,0.51,0.03,0.16
2020-12-15,5.92,5.89,5.92,5.85,24049,14954918.00,1.18,-0.51,-0.03,0.25
2020-12-16,5.89,5.86,5.89,5.84,20514,12731015.00,0.85,-0.51,-0.03,0.21
2020-12-17,5.86,5.89,5.90,5.81,29945,18570423.00,1.54,0.51,0.03,0.31
2020-12-18,5.89,5.91,5.95,5.87,29718,18604315.00,1.36,0.34,0.02,0.31
2020-12-21,5.94,5.90,5.94,5.88,23096,14454555.00,1.02,-0.17,-0.01,0.24
2020-12-22,5.90,5.84,5.90,5.83,27552,17105666.00,1.19,-1.02,-0.06,0.28
2020-12-23,5.84,5.77,5.85,5.74,58015,35590733.00,1.88,-1.20,-0.07,0.60
2020-12-24,5.75,5.63,5.77,5.62,66056,39825642.00,2.60,-2.43,-0.14,0.68
2020-12-25,5.63,5.65,5.70,5.60,27515,16543783.00,1.78,0.36,0.02,0.28
2020-12-28,5.68,5.60,5.69,5.60,33357,19929453.00,1.59,-0.88,-0.05,0.34
2020-12-29,5.60,5.64,5.69,5.59,21298,12768988.00,1.79,0.71,0.04,0.22
2020-12-30,5.67,5.65,5.67,5.61,18078,10853277.00,1.06,0.18,0.01,0.19
2020-12-31,5.69,5.73,5.73,5.67,27121,16423033.00,1.06,1.42,0.08,0.28