2019-01-02,4.42,4.50,4.54,4.40,19115,12174093.00,3.20,2.74,0.12,0.85
2019-01-03,4.50,4.40,4.50,4.37,17317,10966429.00,2.89,-2.22,-0.10,0.77
2019-01-04,4.32,4.59,4.59,4.32,20261,13013799.00,6.14,4.32,0.19,0.90
2019-01-07,4.65,4.66,4.71,4.57,22679,14993693.00,3.05,1.53,0.07,1.01
2019-01-08,4.66,4.72,4.79,4.65,19870,13334121.00,3.00,1.29,0.06,0.88
2019-01-09,4.72,4.77,4.84,4.72,18204,12370226.00,2.54,1.06,0.05,0.81
2019-01-10,4.75,4.71,4.81,4.65,20191,13516067.00,3.35,-1.26,-0.06,0.90
2019-01-11,4.71,4.74,4.74,4.65,12415,8283578.00,1.91,0.64,0.03,0.55
2019-01-14,4.72,4.68,4.75,4.65,10291,6861792.00,2.11,-1.27,-0.06,0.46
2019-01-15,4.68,4.73,4.74,4.65,10732,7152374.00,1.92,1.07,0.05,0.48
2019-01-16,4.73,4.72,4.79,4.68,10710,7188022.00,2.33,-0.21,-0.01,0.48
2019-01-17,4.78,4.64,4.78,4.58,11070,7364614.00,4.24,-1.69,-0.08,0.49
2019-01-18,4.63,4.64,4.68,4.60,12594,8304442.00,1.72,0.00,0.00,0.56
2019-01-21,4.64,4.69,4.72,4.63,18944,12587345.00,1.94,1.08,0.05,0.84
2019-01-22,4.67,4.74,4.74,4.62,17805,11847751.00,2.56,1.07,0.05,0.79
2019-01-23,4.76,4.88,5.07,4.73,60988,42365796.00,7.17,2.95,0.14,2.71
2019-01-24,4.83,4.92,4.98,4.66,51085,34973752.00,6.56,0.82,0.04,2.27
2019-01-25,4.88,4.77,4.88,4.72,32288,21940566.00,3.25,-3.05,-0.15,1.43
2019-01-28,4.77,4.52,4.78,4.52,26985,17786432.00,5.45,-5.24,-0.25,1.20
2019-01-29,4.52,4.43,4.52,4.32,20205,12722419.00,4.42,-1.99,-0.09,0.90
2019-01-30,4.30,4.35,4.46,4.29,14601,9160632.00,3.84,-1.81,-0.08,0.65
2019-01-31,4.36,4.19,4.41,4.03,19680,12017946.00,8.74,-3.68,-0.16,0.87
2019-02-01,4.20,4.39,4.42,4.20,17497,10859712.00,5.25,4.77,0.20,0.78
2019-02-11,4.39,4.49,4.55,4.39,17531,11214321.00,3.64,2.28,0.10,0.78
2019-02-12,4.49,4.58,4.60,4.49,16336,10626114.00,2.45,2.00,0.09,0.73
2019-02-13,4.59,4.67,4.69,4.54,21414,14058239.00,3.28,1.97,0.09,0.95
2019-02-14,4.66,4.70,4.75,4.60,23790,15808760.00,3.21,0.64,0.03,1.06
2019-02-15,4.69,4.78,4.89,4.65,33376,22691080.00,5.11,1.70,0.08,1.48
2019-02-18,4.78,4.94,4.96,4.78,36410,25207496.00,3.77,3.35,0.16,1.62
2019-02-19,4.96,4.91,4.96,4.82,29647,20527052.00,2.83,-0.61,-0.03,1.32
2019-02-20,5.18,5.44,5.44,5.18,104649,79461991.00,5.30,10.79,0.53,4.65
2019-02-21,5.39,5.25,5.45,5.11,119842,88887315.00,6.25,-3.49,-0.19,5.32
2019-02-22,5.39,5.21,5.39,5.13,73921,54160093.00,4.95,-0.76,-0.04,3.28
2019-02-25,5.11,5.40,5.40,5.08,109128,80543533.00,6.14,3.65,0.19,4.85
2019-02-26,5.35,5.26,5.45,5.22,86847,64894582.00,4.26,-2.59,-0.14,3.86
2019-02-27,5.23,5.20,5.32,5.16,49382,36339414.00,3.04,-1.14,-0.06,2.19
2019-02-28,5.20,5.29,5.31,5.16,41293,30467724.00,2.88,1.73,0.09,1.83
2019-03-01,5.35,5.26,5.35,5.19,37950,27955671.00,3.02,-0.57,-0.03,1.69
2019-03-04,5.34,5.34,5.46,5.28,76795,57888073.00,3.42,1.52,0.08,3.41
2019-03-05,5.31,5.58,5.58,5.28,88409,67703167.00,5.62,4.49,0.24,3.93
2019-03-06,5.55,5.58,5.59,5.43,79988,61803846.00,2.87,0.00,0.00,3.55
2019-03-07,5.54,5.69,5.75,5.48,82951,65351933.00,4.84,1.97,0.11,3.69
2019-03-08,5.62,5.28,5.68,5.28,64036,49476673.00,7.03,-7.21,-0.41,2.85
2019-03-11,5.32,5.79,5.79,5.32,78446,61358607.00,8.90,9.66,0.51,3.49
2019-03-12,5.80,5.88,6.14,5.65,113383,93065377.00,8.46,1.55,0.09,5.04
2019-03-13,5.88,5.93,6.15,5.79,91837,76195851.00,6.12,0.85,0.05,4.08
2019-03-14,5.92,5.55,5.92,5.39,73558,57348342.00,8.94,-6.41,-0.38,3.27
2019-03-15,5.54,5.58,5.65,5.46,42079,32763562.00,3.42,0.54,0.03,1.87
2019-03-18,5.58,5.65,5.66,5.48,45738,35765829.00,3.23,1.25,0.07,2.03
2019-03-19,5.65,5.62,5.65,5.58,33563,26371076.00,1.24,-0.53,-0.03,1.49
2019-03-20,5.62,5.68,5.75,5.51,43601,34362188.00,4.27,1.07,0.06,1.94
2019-03-21,5.70,5.85,5.90,5.63,66622,54062052.00,4.75,2.99,0.17,2.96
2019-03-22,5.88,5.95,6.04,5.77,59821,49397807.00,4.62,1.71,0.10,2.66
2019-03-25,5.82,5.86,6.05,5.75,52458,43330307.00,5.04,-1.51,-0.09,2.33
2019-03-26,5.92,5.72,6.11,5.70,62589,51844004.00,7.00,-2.39,-0.14,2.78
2019-03-27,5.75,6.05,6.07,5.72,70818,58595046.00,6.12,5.77,0.33,3.15
2019-03-28,5.95,5.68,6.00,5.68,75686,61232321.00,5.29,-6.12,-0.37,3.36
2019-03-29,5.63,5.73,5.76,5.49,52663,41461669.00,4.75,0.88,0.05,2.34
2019-04-01,5.75,6.02,6.03,5.74,67476,55634864.00,5.06,5.06,0.29,3.00
2019-04-02,6.03,5.94,6.12,5.91,46496,39001481.00,3.49,-1.33,-0.08,2.07
2019-04-03,5.97,6.02,6.08,5.92,42595,35635725.00,2.69,1.35,0.08,1.89
2019-04-04,6.10,6.00,6.14,5.92,45509,38142374.00,3.65,-0.33,-0.02,2.02
2019-04-08,6.02,6.32,6.42,5.97,106152,91615144.00,7.50,5.33,0.32,4.72
2019-04-09,6.21,6.09,6.22,5.95,60382,50976443.00,4.27,-3.64,-0.23,2.68
2019-04-10,6.09,6.02,6.09,5.94,43481,36371388.00,2.46,-1.15,-0.07,1.93
2019-04-11,6.02,5.85,6.04,5.82,37404,30900264.00,3.65,-2.82,-0.17,1.66
2019-04-12,5.88,5.93,6.02,5.84,33867,27964410.00,3.08,1.37,0.08,1.50
2019-04-15,6.02,5.79,6.06,5.78,44511,36867485.00,4.72,-2.36,-0.14,1.98
2019-04-16,5.78,5.93,5.95,5.58,39589,31955118.00,6.39,2.42,0.14,1.76
2019-04-17,5.89,5.99,6.02,5.81,41561,34571119.00,3.54,1.01,0.06,1.85
2019-04-18,5.99,5.96,6.08,5.94,35543,29748377.00,2.34,-0.50,-0.03,1.58
2019-04-19,5.99,6.00,6.03,5.86,26275,21830527.00,2.85,0.67,0.04,1.17
2019-04-22,5.99,6.06,6.13,5.91,44743,37489158.00,3.67,1.00,0.06,1.99
2019-04-23,6.00,5.69,6.00,5.69,54622,44316111.00,5.12,-6.11,-0.37,2.43
2019-04-24,5.71,5.85,5.87,5.63,37902,30532067.00,4.22,2.81,0.16,1.68
2019-04-25,5.88,5.62,6.04,5.61,51611,42383090.00,7.35,-3.93,-0.23,2.29
2019-04-26,5.55,5.40,5.65,5.40,40083,30816010.00,4.45,-3.91,-0.22,1.78
2019-04-29,5.42,5.12,5.42,5.11,44492,32569638.00,5.74,-5.19,-0.28,1.98
2019-04-30,5.09,5.30,5.38,5.08,33823,24967751.00,5.86,3.52,0.18,1.50
2019-05-06,5.36,5.20,5.69,5.08,88292,67005675.00,11.51,-1.89,-0.10,3.92
2019-05-07,5.08,5.76,5.76,4.95,122961,92806346.00,15.58,10.77,0.56,5.46
2019-05-08,5.49,5.66,6.06,5.42,160181,130501391.00,11.11,-1.74,-0.10,7.12
2019-05-09,5.65,6.27,6.27,5.05,208217,165433508.00,21.55,10.78,0.61,9.25
2019-05-10,5.98,6.94,6.94,5.85,323098,295251328.00,17.38,10.69,0.67,14.36
2019-05-13,6.61,7.10,7.47,6.50,336992,323842544.00,13.98,2.31,0.16,14.97
2019-05-14,6.92,6.70,7.33,6.62,242482,233659478.00,10.00,-5.63,-0.40,10.77
2019-05-15,6.58,6.88,7.11,6.58,236880,223069091.00,7.91,2.69,0.18,10.53
2019-05-16,6.88,7.17,7.24,6.75,247542,242090480.00,7.12,4.22,0.29,11.00
2019-05-17,6.99,7.37,7.83,6.88,292664,297959488.00,13.25,2.79,0.20,13.00
2019-05-20,7.25,6.59,7.25,6.59,176147,163148475.00,8.96,-10.58,-0.78,7.83
2019-05-21,6.33,6.46,6.70,6.27,139623,125148871.00,6.53,-1.97,-0.13,6.20
2019-05-22,6.41,6.73,6.86,6.26,183633,167994489.00,9.29,4.18,0.27,8.16
2019-05-23,6.48,6.11,6.53,6.02,155930,135838966.00,7.58,-9.21,-0.62,6.93
2019-05-24,5.96,5.99,6.22,5.89,96676,81786014.00,5.40,-1.96,-0.12,4.30
2019-05-27,6.08,6.23,6.25,5.99,83342,71462178.00,4.34,4.01,0.24,3.70
2019-05-28,6.38,6.45,6.65,6.25,150937,134904734.00,6.42,3.53,0.22,6.71
2019-05-29,6.41,7.15,7.15,6.27,226207,211124692.00,13.64,10.85,0.70,10.05
2019-05-30,7.28,7.91,7.91,7.25,251442,267731821.00,9.23,10.63,0.76,11.17
2019-05-31,8.15,8.74,8.74,7.61,411212,459398416.00,14.29,10.49,0.83,18.27
2019-06-03,8.78,9.48,9.65,8.22,418331,528301072.00,16.36,8.47,0.74,18.59
2019-06-04,8.50,8.48,8.72,8.48,71204,82972919.00,2.53,-10.55,-1.00,3.16
2019-06-05,7.72,9.38,9.38,7.72,352526,419949904.00,19.58,10.61,0.90,15.66
2019-06-06,10.15,10.36,10.36,9.57,644332,889277200.00,8.42,10.45,0.98,28.63
2019-06-10,9.87,11.44,11.44,9.57,643993,920636592.00,18.05,10.42,1.08,28.61
2019-06-11,10.92,11.06,12.15,10.80,670996,1027588832.00,11.80,-3.32,-0.38,29.81
2019-06-12,10.38,11.08,11.72,10.19,571213,843106400.00,13.83,0.18,0.02,25.38
2019-06-13,10.54,10.34,11.11,10.02,444340,625483744.00,9.84,-6.68,-0.74,19.74
2019-06-14,9.96,9.80,10.58,9.58,358073,496318224.00,9.67,-5.22,-0.54,15.91
2019-06-17,9.66,9.34,9.80,9.18,263264,336876528.00,6.33,-4.69,-0.46,11.70
2019-06-18,9.45,9.18,9.65,9.00,251170,317139408.00,6.96,-1.71,-0.16,11.16
2019-06-19,9.01,9.45,9.48,8.85,298929,376117120.00,6.86,2.94,0.27,13.28
2019-06-20,9.34,9.09,9.36,8.86,239655,296115040.00,5.29,-3.81,-0.36,10.65
2019-06-21,9.03,9.22,9.45,8.88,252318,314617824.00,6.27,1.43,0.13,11.21
2019-06-24,9.18,10.18,10.18,8.92,458143,602520496.00,13.67,10.41,0.96,20.36
2019-06-25,9.88,9.71,10.65,9.58,466619,644430512.00,10.51,-4.62,-0.47,20.73
2019-06-26,9.53,8.71,9.53,8.69,334736,407303136.00,8.65,-10.30,-1.00,14.87
2019-06-27,8.55,8.72,8.86,8.45,231926,273802432.00,4.71,0.11,0.01,10.31
2019-06-28,8.62,8.29,8.71,8.11,210554,240855311.00,6.88,-4.93,-0.43,9.36
2019-07-01,8.28,8.42,8.46,7.80,202871,230015151.00,7.96,1.57,0.13,9.01
2019-07-02,8.48,8.42,8.71,8.35,170067,197703219.00,4.28,0.00,0.00,7.56
2019-07-03,8.42,8.46,8.65,8.35,144303,167310179.00,3.56,0.48,0.04,6.41
2019-07-04,8.52,8.05,8.59,7.96,152794,171220415.00,7.45,-4.85,-0.41,6.79
2019-07-05,8.16,8.22,8.38,7.98,144345,161595369.00,4.97,2.11,0.17,6.41
2019-07-08,8.28,8.34,8.46,7.72,172673,192200791.00,9.00,1.46,0.12,7.67
2019-07-09,8.16,8.40,8.51,8.04,177357,201160831.00,5.64,0.72,0.06,7.88
2019-07-10,8.24,7.99,8.43,7.95,116707,130908835.00,5.71,-4.88,-0.41,5.19
2019-07-11,7.99,7.88,8.09,7.74,91292,97115647.00,4.38,-1.38,-0.11,4.06
2019-07-12,7.88,7.72,7.92,7.68,98474,103188093.00,3.05,-2.03,-0.16,4.38
2019-07-15,7.78,7.83,7.85,7.58,86208,90124014.00,3.50,1.42,0.11,3.83
2019-07-16,7.76,7.72,7.91,7.70,78217,82047803.00,2.68,-1.40,-0.11,3.48
2019-07-17,7.79,8.52,8.52,7.75,209122,231583220.00,9.97,10.36,0.80,9.29
2019-07-18,8.78,9.40,9.40,8.73,497915,609929952.00,7.86,10.33,0.88,22.12
2019-07-19,8.97,8.88,9.62,8.88,404369,497211696.00,7.87,-5.53,-0.52,17.97
2019-07-22,8.58,7.96,8.80,7.96,284147,311622192.00,9.46,-10.36,-0.92,12.63
2019-07-23,7.69,7.85,7.86,7.63,197978,206589101.00,2.89,-1.38,-0.11,8.80
2019-07-24,7.79,7.92,7.93,7.74,171513,181227180.00,2.42,0.89,0.07,7.62
2019-07-25,7.92,8.43,8.72,7.61,314908,344650240.00,14.02,6.44,0.51,13.99
2019-07-26,8.32,8.12,8.52,8.11,200115,222571055.00,4.86,-3.68,-0.31,8.89
2019-07-29,8.18,8.22,8.52,8.13,180355,200735407.00,4.80,1.23,0.10,8.01
2019-07-30,8.25,8.11,8.30,8.05,136228,149208051.00,3.04,-1.34,-0.11,6.05
2019-07-31,8.03,8.22,8.45,7.95,191409,212161906.00,6.17,1.36,0.11,8.50
2019-08-01,8.18,8.11,8.29,8.03,136548,149169392.00,3.16,-1.34,-0.11,6.07
2019-08-02,8.47,8.95,8.95,8.46,351460,412490544.00,6.04,10.36,0.84,15.62
2019-08-05,9.32,9.87,9.87,9.07,526826,670676416.00,8.94,10.28,0.92,23.41
2019-08-06,10.33,9.55,10.86,9.52,607230,838673504.00,13.58,-3.24,-0.32,26.98
2019-08-07,9.55,10.54,10.54,9.51,498100,660937920.00,10.79,10.37,0.99,22.13
2019-08-08,10.11,10.15,10.48,9.74,416137,564661568.00,7.02,-3.70,-0.39,18.49
2019-08-09,9.85,10.27,10.98,9.69,439689,607600240.00,12.71,1.18,0.12,19.54
2019-08-12,10.29,10.38,10.68,9.80,332532,454949952.00,8.57,1.07,0.11,14.78
2019-08-13,10.33,10.88,11.17,10.15,447470,636543296.00,9.83,4.82,0.50,19.88
2019-08-14,10.30,10.52,10.61,10.13,350652,487167408.00,4.41,-3.31,-0.36,15.58
2019-08-15,10.48,10.32,10.88,10.15,318765,444570656.00,6.94,-1.90,-0.20,14.16
2019-08-16,10.54,10.88,11.17,10.32,471056,674774416.00,8.24,5.43,0.56,20.93
2019-08-19,10.48,10.68,10.72,10.34,363222,510255888.00,3.49,-1.84,-0.20,16.14
2019-08-20,10.50,11.77,11.77,10.34,522709,766518336.00,13.39,10.21,1.09,23.23
2019-08-21,11.45,11.21,11.96,11.17,449240,684567920.00,6.71,-4.76,-0.56,19.96
2019-08-22,11.08,10.88,11.45,10.84,329271,488027296.00,5.44,-2.94,-0.33,14.63
2019-08-23,10.84,10.82,11.22,10.63,306843,447255920.00,5.42,-0.55,-0.06,13.63
2019-08-26,11.34,11.23,11.69,11.15,429770,652389184.00,4.99,3.79,0.41,19.10
2019-08-27,10.95,11.24,11.43,10.72,353785,520923520.00,6.32,0.09,0.01,15.72
2019-08-28,11.08,10.98,11.34,10.95,243367,360304784.00,3.47,-2.31,-0.26,10.81
2019-08-29,10.75,10.77,10.95,10.70,214598,308762688.00,2.28,-1.91,-0.21,9.54
2019-08-30,10.62,10.43,10.68,10.14,294029,410160816.00,5.01,-3.16,-0.34,13.06
2019-09-02,10.32,10.25,10.32,10.05,193376,263567029.00,2.59,-1.73,-0.18,8.59
2019-09-03,10.34,10.35,10.57,10.27,209574,291652128.00,2.93,0.98,0.10,9.31
2019-09-04,10.25,10.53,10.65,10.25,237721,332947776.00,3.86,1.74,0.18,10.56
2019-09-05,10.35,10.69,10.78,10.25,285506,400778816.00,5.03,1.52,0.16,12.69
2019-09-06,10.55,10.28,10.65,10.28,220998,307627088.00,3.46,-3.84,-0.41,9.82
2019-09-09,10.28,10.36,10.48,10.11,154369,212579744.00,3.60,0.78,0.08,6.86
2019-09-10,10.41,10.78,11.31,10.38,334844,484113872.00,8.98,4.05,0.42,14.88
2019-09-11,10.65,10.59,10.94,10.42,219258,310784944.00,4.82,-1.76,-0.19,9.74
2019-09-12,10.45,10.28,10.49,10.25,158759,218583592.00,2.27,-2.93,-0.31,7.05
2019-09-16,10.15,10.21,10.28,10.06,112848,153251602.00,2.14,-0.68,-0.07,5.01
2019-09-17,10.21,10.10,10.41,10.04,131308,179861160.00,3.62,-1.08,-0.11,5.83
2019-09-18,10.00,9.90,10.07,9.77,114418,151244886.00,2.97,-1.98,-0.20,5.08
2019-09-19,9.93,9.89,9.97,9.74,78815,103521150.00,2.32,-0.10,-0.01,3.50
2019-09-20,9.94,9.93,10.21,9.87,108303,145204721.00,3.44,0.40,0.04,4.81
2019-09-23,10.05,10.07,10.34,9.99,127272,172547996.00,3.52,1.41,0.14,5.66
2019-09-24,9.95,9.78,9.95,9.72,120329,157378913.00,2.28,-2.88,-0.29,5.35
2019-09-25,9.78,9.19,9.78,9.17,119755,150489940.00,6.24,-6.03,-0.59,5.32
2019-09-26,9.15,8.57,9.30,8.49,123871,146104769.00,8.81,-6.75,-0.62,5.50
2019-09-27,8.59,8.56,8.68,8.48,71790,82759998.00,2.33,-0.12,-0.01,3.19
2019-09-30,8.67,8.58,8.80,8.55,54177,62915094.00,2.92,0.23,0.02,2.41
2019-10-08,8.65,9.46,9.46,8.49,156745,190200163.00,11.31,10.26,0.88,6.96
2019-10-09,9.88,9.53,9.88,9.42,218346,282027312.00,4.86,0.74,0.07,9.70
2019-10-10,9.52,9.55,9.72,9.35,147260,188465683.00,3.88,0.21,0.02,6.54
2019-10-11,9.45,9.44,9.55,9.19,138994,174522225.00,3.77,-1.15,-0.11,6.18
2019-10-14,9.18,9.42,9.71,9.05,161778,202791921.00,6.99,-0.21,-0.02,7.19
2019-10-15,9.23,9.23,9.65,9.12,119597,149543205.00,5.63,-2.02,-0.19,5.31
2019-10-16,9.13,8.98,9.22,8.95,92770,112670600.00,2.93,-2.71,-0.25,4.12
2019-10-17,9.02,8.84,9.07,8.81,75237,90395214.00,2.90,-1.56,-0.14,3.34
2019-10-18,8.80,8.68,9.02,8.65,81205,96041336.00,4.19,-1.81,-0.16,3.61
2019-10-21,8.62,8.95,9.03,8.53,112728,133609952.00,5.76,3.11,0.27,5.01
2019-10-22,8.85,8.84,8.85,8.69,78447,92300340.00,1.79,-1.23,-0.11,3.49
2019-10-23,8.76,8.77,8.98,8.71,66891,79213461.00,3.05,-0.79,-0.07,2.97
2019-10-24,8.70,8.60,8.71,8.52,78039,90040853.00,2.17,-1.94,-0.17,3.47
2019-10-25,8.65,8.75,8.91,8.52,100376,117841398.00,4.53,1.74,0.15,4.46
2019-10-28,8.58,8.89,8.95,8.55,98366,116570415.00,4.57,1.60,0.14,4.37
2019-10-29,8.97,9.39,9.81,8.75,220668,273989440.00,11.92,5.62,0.50,9.80
2019-10-30,9.17,8.85,9.32,8.77,155458,188016740.00,5.86,-5.75,-0.54,6.91
2019-10-31,8.62,8.36,8.78,8.35,114479,131524893.00,4.86,-5.54,-0.49,5.09
2019-11-01,8.31,8.37,8.64,8.04,93896,105083809.00,7.18,0.12,0.01,4.17
2019-11-04,8.35,8.39,8.48,8.22,72524,81390681.00,3.11,0.24,0.02,3.22
2019-11-05,8.31,8.55,8.78,8.31,107952,123755835.00,5.60,1.91,0.16,4.80
2019-11-06,8.46,8.28,8.54,8.22,76622,85971160.00,3.74,-3.16,-0.27,3.40
2019-11-07,8.32,8.35,8.46,8.27,58331,65547087.00,2.29,0.85,0.07,2.59
2019-11-08,8.42,8.31,8.42,8.18,51522,57653794.00,2.87,-0.48,-0.04,2.29
2019-11-11,8.25,8.12,8.40,7.98,65830,72402157.00,5.05,-2.29,-0.19,2.92
2019-11-12,8.07,8.14,8.22,8.00,45641,49693935.00,2.71,0.25,0.02,2.03
2019-11-13,8.11,8.30,8.42,8.05,80907,90103387.00,4.55,1.97,0.16,3.59
2019-11-14,8.23,8.28,8.31,8.13,55679,61414478.00,2.17,-0.24,-0.02,2.47
2019-11-15,8.21,8.25,8.48,8.20,85441,95874465.00,3.38,-0.36,-0.03,3.80
2019-11-18,7.98,8.28,8.39,7.92,78429,86223376.00,5.70,0.36,0.03,3.48
2019-11-19,8.27,8.32,8.34,8.22,56958,63459543.00,1.45,0.48,0.04,2.53
2019-11-20,8.29,8.96,9.13,8.24,239150,279905184.00,10.70,7.69,0.64,10.63
2019-11-21,8.69,8.53,8.92,8.52,171276,199484100.00,4.46,-4.80,-0.43,7.61
2019-11-22,8.39,8.42,8.71,8.36,121657,139036275.00,4.10,-1.29,-0.11,5.41
2019-11-25,8.27,8.08,8.37,8.07,94894,104076596.00,3.56,-4.04,-0.34,4.22
2019-11-26,8.03,8.14,8.18,8.03,53824,58605123.00,1.86,0.74,0.06,2.39
2019-11-27,8.19,8.28,8.64,8.19,94580,106357716.00,5.53,1.72,0.14,4.20
2019-11-28,8.18,8.30,8.48,8.11,100312,112339698.00,4.47,0.24,0.02,4.46
2019-11-29,8.21,8.13,8.28,8.05,75636,82843710.00,2.77,-2.05,-0.17,3.36
2019-12-02,8.10,8.17,8.22,8.05,53028,57967815.00,2.09,0.49,0.04,2.36
2019-12-03,8.09,8.24,8.29,8.09,68482,75655541.00,2.45,0.86,0.07,3.04
2019-12-04,8.38,8.48,8.57,8.23,136126,153692564.00,4.13,2.91,0.24,6.05
2019-12-05,8.32,8.41,8.46,8.31,99346,111856312.00,1.77,-0.83,-0.07,4.41
2019-12-06,8.39,8.52,8.62,8.39,108774,124032070.00,2.73,1.31,0.11,4.83
2019-12-09,8.42,8.54,8.60,8.40,79578,90955704.00,2.35,0.23,0.02,3.54
2019-12-10,8.54,8.64,8.69,8.48,104304,120145255.00,2.46,1.17,0.10,4.63
2019-12-11,8.59,8.45,8.64,8.43,87119,99723682.00,2.43,-2.20,-0.19,3.87
2019-12-12,8.45,8.52,8.55,8.38,85855,97495016.00,2.01,0.83,0.07,3.81
2019-12-13,8.32,8.45,8.45,8.19,89582,100401788.00,3.05,-0.82,-0.07,3.98
2019-12-16,8.39,8.40,8.43,8.26,101114,113394195.00,2.01,-0.59,-0.05,4.49
2019-12-17,8.40,8.62,8.65,8.35,130592,149449908.00,3.57,2.62,0.22,5.80
2019-12-18,8.62,8.75,9.05,8.57,205811,243192106.00,5.57,1.51,0.13,9.14
2019-12-19,8.68,8.80,8.94,8.65,123349,145434180.00,3.31,0.57,0.05,5.48
2019-12-20,8.73,8.88,8.98,8.69,126477,150117668.00,3.30,0.91,0.08,5.62
2019-12-23,8.91,8.93,9.55,8.89,242234,296739456.00,7.43,0.56,0.05,10.76
2019-12-24,8.94,8.84,8.94,8.65,126744,148570205.00,3.25,-1.01,-0.09,5.63
2019-12-25,8.76,8.75,8.82,8.65,84518,98969267.00,1.92,-1.02,-0.09,3.76
2019-12-26,8.75,8.74,8.81,8.65,73491,85970451.00,1.83,-0.11,-0.01,3.27
2019-12-27,8.73,8.90,9.08,8.68,135220,160503612.00,4.58,1.83,0.16,6.01
2019-12-30,8.81,8.99,9.09,8.65,132226,157354624.00,4.94,1.01,0.09,5.88
2019-12-31,9.25,9.11,9.55,8.97,207334,256408063.00,6.45,1.33,0.12,9.21