2003-01-02,4.07,3.90,4.15,3.88,1812,1523702.00,6.46,-6.70,-0.28,0.23
2003-01-03,3.89,3.83,3.96,3.77,1600,1322239.00,4.87,-1.79,-0.07,0.21
2003-01-06,3.78,4.00,4.01,3.77,1353,1129905.00,6.27,4.44,0.17,0.17
2003-01-07,3.87,4.02,4.14,3.87,1238,1048930.00,6.75,0.50,0.02,0.16
2003-01-08,4.07,4.22,4.26,4.01,2005,1718527.00,6.22,4.98,0.20,0.26
2003-01-09,4.25,4.42,4.46,4.17,3674,3222120.00,6.87,4.74,0.20,0.47
2003-01-10,4.42,4.32,4.54,4.31,3407,3021137.00,5.20,-2.26,-0.10,0.44
2003-01-13,4.28,4.32,4.37,4.26,2038,1781758.00,2.55,0.00,0.00,0.26
2003-01-14,4.27,4.72,4.89,4.27,6815,6182597.00,14.35,9.26,0.40,0.87
2003-01-15,4.82,4.83,5.03,4.75,10973,10182278.00,5.93,2.33,0.11,1.41
2003-01-16,4.84,5.12,5.22,4.80,9896,9379559.00,8.70,6.00,0.29,1.27
2003-01-17,5.17,5.36,5.72,5.10,20639,20348412.00,12.11,4.69,0.24,2.65
2003-01-20,5.37,5.47,5.56,5.22,9242,9104163.00,6.34,2.05,0.11,1.18
2003-01-21,5.97,5.38,5.98,5.37,12076,12140045.00,11.15,-1.65,-0.09,1.55
2003-01-22,5.27,5.36,5.37,5.11,6511,6273916.00,4.83,-0.37,-0.02,0.83
2003-01-23,5.36,5.12,5.37,5.12,3153,3040468.00,4.66,-4.48,-0.24,0.40
2003-01-24,5.07,5.18,5.20,4.93,6465,6130676.00,5.27,1.17,0.06,0.83
2003-01-27,5.22,5.27,5.32,5.09,3329,3221028.00,4.44,1.74,0.09,0.43
2003-01-28,5.27,5.26,5.36,5.24,2963,2878280.00,2.28,-0.19,-0.01,0.38
2003-01-29,5.26,5.33,5.42,5.26,3812,3732048.00,3.04,1.33,0.07,0.49
2003-02-10,5.33,5.15,5.33,5.10,1046,1009697.00,4.32,-3.38,-0.18,0.13
2003-02-11,5.27,5.39,5.56,5.25,11385,11200781.00,6.02,4.66,0.24,1.46
2003-02-12,5.39,5.42,5.43,5.25,4950,4832978.00,3.34,0.56,0.03,0.63
2003-02-13,5.43,5.41,5.50,5.37,4683,4614721.00,2.40,-0.18,-0.01,0.60
2003-02-14,5.30,5.37,5.46,5.30,2547,2494955.00,2.96,-0.74,-0.04,0.33
2003-02-17,5.38,5.24,5.39,5.22,2981,2903261.00,3.17,-2.42,-0.13,0.38
2003-02-18,5.19,5.35,5.43,5.17,3366,3283128.00,4.96,2.10,0.11,0.43
2003-02-19,4.98,5.35,5.47,4.98,1907,1851136.00,9.16,0.00,0.00,0.24
2003-02-20,5.32,5.27,5.37,5.27,2027,1974034.00,1.87,-1.50,-0.08,0.26
2003-02-21,5.19,4.99,5.22,4.97,3479,3305830.00,4.74,-5.31,-0.28,0.45
2003-02-24,4.88,4.93,5.07,4.88,2189,2060982.00,3.81,-1.20,-0.06,0.28
2003-02-25,4.97,5.12,5.15,4.97,3312,3153861.00,3.65,3.85,0.19,0.42
2003-02-26,5.15,5.23,5.25,5.14,3432,3302934.00,2.15,2.15,0.11,0.44
2003-02-27,5.22,5.15,5.31,5.13,2702,2604026.00,3.44,-1.53,-0.08,0.35
2003-02-28,5.15,5.10,5.22,5.07,1573,1503550.00,2.91,-0.97,-0.05,0.20
2003-03-03,5.10,5.21,5.22,5.10,2255,2158326.00,2.35,2.16,0.11,0.29
2003-03-04,5.27,5.26,5.31,5.20,2820,2728446.00,2.11,0.96,0.05,0.36
2003-03-05,5.27,5.17,5.27,5.07,1299,1244703.00,3.80,-1.71,-0.09,0.17
2003-03-06,5.12,4.96,5.13,4.95,2583,2436627.00,3.48,-4.06,-0.21,0.33
2003-03-07,5.07,4.93,5.07,4.92,1206,1133604.00,3.02,-0.60,-0.03,0.15
2003-03-10,4.93,4.68,4.99,4.67,2061,1893644.00,6.49,-5.07,-0.25,0.26
2003-03-11,4.72,4.64,4.72,4.58,2247,2042728.00,2.99,-0.85,-0.04,0.29
2003-03-12,4.68,4.76,4.77,4.59,2787,2535996.00,3.88,2.59,0.12,0.36
2003-03-13,4.76,4.58,4.77,4.57,1822,1651766.00,4.20,-3.78,-0.18,0.23
2003-03-14,4.57,4.59,4.65,4.53,1332,1203125.00,2.62,0.22,0.01,0.17
2003-03-17,4.67,4.57,4.67,4.54,1489,1340378.00,2.83,-0.44,-0.02,0.19
2003-03-18,4.57,4.47,4.65,4.39,3469,3123664.00,5.69,-2.19,-0.10,0.44
2003-03-19,4.46,4.47,4.52,4.42,1239,1103535.00,2.24,0.00,0.00,0.16
2003-03-20,4.48,4.55,4.68,4.48,3588,3247902.00,4.47,1.79,0.08,0.46
2003-03-21,4.57,4.61,4.62,4.52,4077,3671129.00,2.20,1.32,0.06,0.52
2003-03-24,4.56,4.53,4.77,4.17,1312,1174244.00,13.02,-1.74,-0.08,0.17
2003-03-25,4.48,4.42,4.52,4.37,2213,1954011.00,3.31,-2.43,-0.11,0.28
2003-03-26,4.37,4.37,4.43,4.32,1753,1546462.00,2.49,-1.13,-0.05,0.22
2003-03-27,4.37,4.62,4.63,4.22,2907,2573764.00,9.38,5.72,0.25,0.37
2003-03-28,4.62,4.62,4.69,4.23,7970,7057881.00,9.96,0.00,0.00,1.02
2003-03-31,4.84,4.77,4.87,4.68,10653,9830651.00,4.11,3.25,0.15,1.37
2003-04-01,4.77,4.85,4.85,4.69,4644,4279944.00,3.35,1.68,0.08,0.60
2003-04-02,4.87,4.85,4.87,4.75,2389,2202007.00,2.47,0.00,0.00,0.31
2003-04-03,4.85,4.71,4.89,4.68,2262,2088914.00,4.33,-2.89,-0.14,0.29
2003-04-04,4.77,4.71,4.77,4.67,1583,1445227.00,2.12,0.00,0.00,0.20
2003-04-07,4.07,4.86,4.95,4.07,6303,5840366.00,18.68,3.18,0.15,0.81
2003-04-08,4.85,4.67,4.87,4.64,2787,2554817.00,4.73,-3.91,-0.19,0.36
2003-04-09,4.67,4.68,4.72,4.43,4342,3912079.00,6.21,0.21,0.01,0.56
2003-04-10,4.67,5.37,5.54,4.67,38178,36947482.00,18.59,14.74,0.69,4.89
2003-04-11,5.38,5.61,5.75,5.27,28096,27790841.00,8.94,4.47,0.24,3.60
2003-04-14,5.63,5.61,5.71,5.52,25976,26067628.00,3.39,0.00,0.00,3.33
2003-04-15,5.73,6.17,6.57,5.73,43704,46784573.00,14.97,9.98,0.56,5.60
2003-04-16,6.15,5.78,6.20,5.76,19118,19872914.00,7.13,-6.32,-0.39,2.45
2003-04-17,5.78,6.27,6.37,5.73,34066,35970473.00,11.07,8.48,0.49,4.37
2003-04-18,6.42,6.39,7.17,6.37,50556,56351459.00,12.76,1.91,0.12,6.48
2003-04-21,6.58,6.54,6.82,6.39,31735,34875207.00,6.73,2.35,0.15,4.07
2003-04-22,6.57,6.10,6.70,5.97,17717,18841841.00,11.16,-6.73,-0.44,2.27
2003-04-23,6.17,6.28,6.47,5.85,24830,26413626.00,10.16,2.95,0.18,3.18
2003-04-24,6.37,6.18,6.57,6.12,24359,26302936.00,7.17,-1.59,-0.10,3.12
2003-04-25,6.15,5.99,6.42,5.88,14892,15785765.00,8.74,-3.07,-0.19,1.91
2003-04-28,6.47,6.37,6.58,6.12,30531,33125238.00,7.68,6.34,0.38,3.91
2003-04-29,6.37,5.97,6.47,5.96,16973,18056117.00,8.01,-6.28,-0.40,2.18
2003-04-30,5.87,5.55,5.87,5.37,21100,21048550.00,8.38,-7.04,-0.42,2.71
2003-05-12,5.55,5.61,5.74,5.40,8949,8951902.00,6.13,1.08,0.06,1.15
2003-05-13,5.57,4.83,5.57,4.75,13717,12930006.00,14.62,-13.90,-0.78,1.76
2003-05-14,4.77,4.99,5.04,4.68,7588,7048171.00,7.45,3.31,0.16,0.97
2003-05-15,4.98,5.14,5.15,4.77,8877,8359621.00,7.62,3.01,0.15,1.14
2003-05-19,5.25,5.41,5.42,5.15,8482,8207159.00,5.25,5.25,0.27,1.09
2003-05-20,5.37,5.10,5.52,5.05,4744,4552643.00,8.69,-5.73,-0.31,0.61
2003-05-21,5.09,4.95,5.10,4.92,4504,4245583.00,3.53,-2.94,-0.15,0.58
2003-05-22,4.95,5.07,5.22,4.87,5316,5032236.00,7.07,2.42,0.12,0.68
2003-05-23,5.12,5.16,5.26,5.05,7437,7133987.00,4.14,1.78,0.09,0.95
2003-05-26,5.12,5.09,5.22,5.05,5807,5527169.00,3.29,-1.36,-0.07,0.74
2003-05-27,5.07,5.03,5.07,4.88,5315,4995634.00,3.73,-1.18,-0.06,0.68
2003-05-28,5.05,5.02,5.22,4.99,6899,6574317.00,4.57,-0.20,-0.01,0.88
2003-05-29,5.05,5.06,5.07,4.92,5190,4878295.00,2.99,0.80,0.04,0.67
2003-05-30,5.13,5.22,5.32,5.06,7414,7109471.00,5.14,3.16,0.16,0.95
2003-06-02,5.28,5.33,5.36,5.18,5353,5166740.00,3.45,2.11,0.11,0.69
2003-06-03,5.28,5.11,5.37,5.11,4787,4612171.00,4.88,-4.13,-0.22,0.61
2003-06-04,5.04,5.08,5.15,4.96,4136,3893590.00,3.72,-0.59,-0.03,0.53
2003-06-05,5.06,4.95,5.06,4.94,2612,2447844.00,2.36,-2.56,-0.13,0.33
2003-06-06,4.94,4.78,4.94,4.78,4034,3712560.00,3.23,-3.43,-0.17,0.52
2003-06-09,4.68,4.67,4.77,4.66,2406,2181182.00,2.30,-2.30,-0.11,0.31
2003-06-10,4.67,4.76,4.77,4.65,1990,1810490.00,2.57,1.93,0.09,0.26
2003-06-11,4.84,4.88,4.90,4.75,1997,1841527.00,3.15,2.52,0.12,0.26
2003-06-12,4.86,4.78,4.93,4.74,3354,3069753.00,3.89,-2.05,-0.10,0.43
2003-06-13,4.82,4.86,4.87,4.81,5383,4953592.00,1.26,1.67,0.08,0.69
2003-06-16,4.83,4.84,4.88,4.78,5818,5348367.00,2.06,-0.41,-0.02,0.75
2003-06-17,4.89,4.82,4.93,4.82,3646,3358640.00,2.27,-0.41,-0.02,0.47
2003-06-18,4.79,4.79,4.83,4.78,1990,1826562.00,1.04,-0.62,-0.03,0.26
2003-06-19,4.71,4.59,4.78,4.53,3799,3419303.00,5.22,-4.18,-0.20,0.49
2003-06-20,4.58,4.53,4.60,4.50,3514,3131199.00,2.18,-1.31,-0.06,0.45
2003-06-23,4.43,4.46,4.51,4.38,3388,2980253.00,2.87,-1.55,-0.07,0.43
2003-06-24,4.46,4.54,4.55,4.46,2699,2398405.00,2.02,1.79,0.08,0.35
2003-06-25,4.58,4.44,4.62,4.44,1834,1635368.00,3.96,-2.20,-0.10,0.24
2003-06-26,4.44,4.52,4.52,4.32,2975,2606417.00,4.50,1.80,0.08,0.38
2003-06-27,4.52,4.33,4.52,4.33,1833,1608568.00,4.20,-4.20,-0.19,0.24
2003-06-30,4.29,4.27,4.38,4.23,2103,1819318.00,3.46,-1.39,-0.06,0.27
2003-07-01,4.27,4.24,4.36,4.23,3054,2649583.00,3.04,-0.70,-0.03,0.39
2003-07-02,4.25,4.40,4.40,4.23,2460,2142293.00,4.01,3.77,0.16,0.32
2003-07-03,4.42,4.48,4.58,4.40,2975,2636002.00,4.09,1.82,0.08,0.38
2003-07-04,4.48,4.43,4.53,4.34,1410,1240752.00,4.24,-1.12,-0.05,0.18
2003-07-07,4.43,4.57,4.58,4.40,2119,1882350.00,4.06,3.16,0.14,0.27
2003-07-08,4.56,4.60,4.61,4.53,2527,2262371.00,1.75,0.66,0.03,0.32
2003-07-09,4.54,4.48,4.61,4.43,1353,1197307.00,3.91,-2.61,-0.12,0.17
2003-07-10,4.48,4.56,4.58,4.43,3427,3053252.00,3.35,1.79,0.08,0.44
2003-07-11,4.58,4.68,4.76,4.57,4792,4340317.00,4.17,2.63,0.12,0.61
2003-07-14,4.74,4.64,4.74,4.63,1822,1644114.00,2.35,-0.85,-0.04,0.23
2003-07-15,4.63,4.58,4.68,4.53,1428,1282184.00,3.23,-1.29,-0.06,0.18
2003-07-16,4.63,4.54,4.66,4.48,1685,1497892.00,3.93,-0.87,-0.04,0.22
2003-07-17,4.51,4.48,4.67,4.48,2593,2322882.00,4.19,-1.32,-0.06,0.33
2003-07-18,4.51,4.35,4.58,4.33,2400,2115302.00,5.58,-2.90,-0.13,0.31
2003-07-21,4.23,4.10,4.31,4.08,3181,2717650.00,5.29,-5.75,-0.25,0.41
2003-07-22,4.13,4.30,4.53,4.11,2507,2145548.00,10.24,4.88,0.20,0.32
2003-07-23,4.34,4.38,4.39,4.13,2684,2313627.00,6.05,1.86,0.08,0.34
2003-07-24,4.33,4.49,4.53,4.17,4497,3967125.00,8.22,2.51,0.11,0.58
2003-07-25,4.55,4.21,4.61,4.18,4896,4255883.00,9.58,-6.24,-0.28,0.63
2003-07-28,4.15,4.15,4.20,4.12,1604,1366751.00,1.90,-1.43,-0.06,0.21
2003-07-29,4.27,4.18,4.33,4.13,3416,2921546.00,4.82,0.72,0.03,0.44
2003-07-30,4.19,4.22,4.24,4.08,1675,1425155.00,3.83,0.96,0.04,0.21
2003-07-31,4.24,4.16,4.24,4.11,1486,1266664.00,3.08,-1.42,-0.06,0.19
2003-08-01,4.13,4.04,4.13,3.89,4672,3891813.00,5.77,-2.88,-0.12,0.60
2003-08-04,4.04,4.20,4.21,3.98,3962,3340992.00,5.69,3.96,0.16,0.51
2003-08-05,4.21,4.15,4.23,4.11,2235,1903032.00,2.86,-1.19,-0.05,0.29
2003-08-06,4.14,4.05,4.14,4.03,1488,1255581.00,2.65,-2.41,-0.10,0.19
2003-08-07,4.03,4.04,4.12,4.01,1814,1527687.00,2.72,-0.25,-0.01,0.23
2003-08-08,4.03,3.93,4.03,3.91,2518,2093713.00,2.97,-2.72,-0.11,0.32
2003-08-11,3.98,3.93,3.98,3.89,1442,1197018.00,2.29,0.00,0.00,0.18
2003-08-12,3.98,4.03,4.12,3.95,2009,1689404.00,4.33,2.54,0.10,0.26
2003-08-13,4.08,3.94,4.08,3.93,1061,888395.00,3.72,-2.23,-0.09,0.14
2003-08-14,3.95,3.96,4.01,3.92,1658,1383462.00,2.28,0.51,0.02,0.21
2003-08-15,3.88,4.03,4.03,3.88,1020,850953.00,3.79,1.77,0.07,0.13
2003-08-18,3.53,3.81,4.04,3.53,1169,961486.00,12.66,-5.46,-0.22,0.15
2003-08-19,3.81,3.80,3.85,3.74,1486,1213633.00,2.89,-0.26,-0.01,0.19
2003-08-20,3.80,3.64,3.86,3.62,2295,1846642.00,6.32,-4.21,-0.16,0.29
2003-08-21,3.65,3.59,3.81,3.55,2298,1832069.00,7.14,-1.37,-0.05,0.29
2003-08-22,3.59,3.42,3.63,3.41,4440,3494481.00,6.13,-4.74,-0.17,0.57
2003-08-25,3.38,3.23,3.38,3.21,4157,3168556.00,4.97,-5.56,-0.19,0.53
2003-08-26,3.23,3.28,3.38,3.19,2368,1805189.00,5.88,1.55,0.05,0.30
2003-08-27,3.27,3.23,3.32,3.19,1470,1119441.00,3.96,-1.52,-0.05,0.19
2003-08-28,3.21,3.16,3.32,3.14,2021,1535556.00,5.57,-2.17,-0.07,0.26
2003-08-29,3.16,3.21,3.22,3.10,1396,1047502.00,3.80,1.58,0.05,0.18
2003-09-01,3.21,3.42,3.44,3.21,2882,2225591.00,7.17,6.54,0.21,0.37
2003-09-02,3.43,3.37,3.51,3.33,2327,1813129.00,5.26,-1.46,-0.05,0.30
2003-09-03,3.32,3.36,3.37,3.21,2219,1695565.00,4.75,-0.30,-0.01,0.28
2003-09-04,3.37,3.43,3.59,3.37,4503,3543904.00,6.55,2.08,0.07,0.58
2003-09-05,3.37,3.28,3.37,3.24,1544,1182566.00,3.79,-4.37,-0.15,0.20
2003-09-08,3.26,3.32,3.36,3.25,972,745965.00,3.35,1.22,0.04,0.12
2003-09-09,3.32,3.44,3.55,3.32,2827,2209627.00,6.93,3.61,0.12,0.36
2003-09-10,3.43,3.49,3.61,3.33,2881,2274502.00,8.14,1.45,0.05,0.37
2003-09-11,3.44,3.40,3.49,3.39,1269,987409.00,2.87,-2.58,-0.09,0.16
2003-09-12,3.34,3.22,3.38,3.21,1851,1411096.00,5.00,-5.29,-0.18,0.24
2003-09-15,3.10,3.13,3.21,3.10,1353,1017311.00,3.42,-2.80,-0.09,0.17
2003-09-16,3.13,3.15,3.19,3.03,1296,967428.00,5.11,0.64,0.02,0.17
2003-09-17,3.15,3.03,3.15,2.98,2482,1836254.00,5.40,-3.81,-0.12,0.32
2003-09-18,3.07,3.18,3.28,3.07,4020,3040947.00,6.93,4.95,0.15,0.52
2003-09-19,3.12,3.10,3.23,3.06,1463,1098629.00,5.35,-2.52,-0.08,0.19
2003-09-22,3.22,3.15,3.22,3.08,1074,805554.00,4.52,1.61,0.05,0.14
2003-09-23,3.13,3.17,3.21,3.08,1008,755864.00,4.13,0.63,0.02,0.13
2003-09-24,3.17,3.37,3.42,3.15,3363,2587562.00,8.52,6.31,0.20,0.43
2003-09-25,3.37,3.15,3.37,3.14,1395,1057502.00,6.82,-6.53,-0.22,0.18
2003-09-26,3.03,3.10,3.21,2.99,1065,794347.00,6.98,-1.59,-0.05,0.14
2003-09-29,3.09,2.94,3.09,2.93,1963,1446088.00,5.16,-5.16,-0.16,0.25
2003-09-30,2.93,2.98,3.00,2.92,1238,905553.00,2.72,1.36,0.04,0.16
2003-10-08,2.98,3.01,3.05,2.93,726,533491.00,4.03,1.01,0.03,0.09
2003-10-09,3.01,3.14,3.26,2.99,3509,2656448.00,8.97,4.32,0.13,0.45
2003-10-10,3.21,3.50,3.53,3.12,10350,8048909.00,13.06,11.46,0.36,1.33
2003-10-13,3.74,3.78,3.99,3.74,30860,25483525.00,7.14,8.00,0.28,3.96
2003-10-14,3.78,3.72,3.79,3.56,8518,6859117.00,6.08,-1.59,-0.06,1.09
2003-10-15,3.68,3.55,3.77,3.53,4321,3465834.00,6.45,-4.57,-0.17,0.55
2003-10-16,3.54,3.36,3.66,3.33,4271,3322608.00,9.30,-5.35,-0.19,0.55
2003-10-17,3.32,3.35,3.45,3.32,2908,2254797.00,3.87,-0.30,-0.01,0.37
2003-10-20,3.36,3.25,3.43,3.17,1842,1405744.00,7.76,-2.99,-0.10,0.24
2003-10-21,3.25,3.27,3.31,3.11,1841,1395738.00,6.15,0.62,0.02,0.24
2003-10-22,3.28,3.47,3.53,3.24,4229,3297375.00,8.87,6.12,0.20,0.54
2003-10-23,3.51,3.32,3.51,3.31,2525,1964535.00,5.76,-4.32,-0.15,0.32
2003-10-24,3.32,3.21,3.38,3.21,2111,1610642.00,5.12,-3.31,-0.11,0.27
2003-10-27,3.21,3.06,3.21,2.99,3333,2476831.00,6.85,-4.67,-0.15,0.43
2003-10-28,3.03,3.11,3.13,3.00,2008,1491649.00,4.25,1.63,0.05,0.26
2003-10-29,2.99,2.81,3.04,2.80,4248,3086450.00,7.72,-9.65,-0.30,0.54
2003-10-30,2.73,2.43,2.73,2.11,6361,4308338.00,22.06,-13.52,-0.38,0.82
2003-10-31,2.42,2.47,2.61,2.28,2555,1748294.00,13.58,1.65,0.04,0.33
2003-11-03,2.43,2.48,2.52,2.38,1971,1342999.00,5.67,0.40,0.01,0.25
2003-11-04,2.48,2.66,2.79,2.48,4473,3153945.00,12.50,7.26,0.18,0.57
2003-11-05,2.69,2.49,2.81,2.43,2596,1802318.00,14.29,-6.39,-0.17,0.33
2003-11-06,2.23,2.25,2.50,2.23,3957,2638369.00,10.84,-9.64,-0.24,0.51
2003-11-07,2.18,2.29,2.29,2.11,2851,1862850.00,8.00,1.78,0.04,0.37
2003-11-10,2.33,2.27,2.33,2.23,1548,1026996.00,4.37,-0.87,-0.02,0.20
2003-11-11,2.15,2.20,2.29,2.15,1218,800072.00,6.17,-3.08,-0.07,0.16
2003-11-12,2.19,2.03,2.19,2.03,2298,1484429.00,7.27,-7.73,-0.17,0.29
2003-11-13,1.93,2.00,2.07,1.93,1735,1107264.00,6.90,-1.48,-0.03,0.22
2003-11-14,1.99,2.13,2.20,1.98,1543,1000348.00,11.00,6.50,0.13,0.20
2003-11-17,2.13,2.14,2.18,2.11,901,586293.00,3.29,0.47,0.01,0.12
2003-11-18,2.13,2.05,2.15,2.04,734,473054.00,5.14,-4.21,-0.09,0.09
2003-11-19,1.98,2.17,2.23,1.97,1732,1130853.00,12.68,5.85,0.12,0.22
2003-11-20,2.29,2.44,2.47,2.26,5766,3904133.00,9.68,12.44,0.27,0.74
2003-11-21,2.53,2.25,2.54,2.20,4977,3335457.00,13.93,-7.79,-0.19,0.64
2003-11-24,2.27,2.73,2.79,2.27,13400,9424274.00,23.11,21.33,0.48,1.72
2003-11-25,2.71,2.68,2.92,2.59,12088,8582977.00,12.09,-1.83,-0.05,1.55
2003-11-26,2.63,2.53,2.63,2.48,4712,3266096.00,5.60,-5.60,-0.15,0.60
2003-11-27,2.57,2.63,2.73,2.53,7328,5129588.00,7.91,3.95,0.10,0.94
2003-11-28,2.63,2.54,2.67,2.48,2853,1972227.00,7.22,-3.42,-0.09,0.37
2003-12-01,2.61,2.67,2.68,2.55,4345,3044584.00,5.12,5.12,0.13,0.56
2003-12-02,2.69,2.66,2.74,2.64,4429,3128212.00,3.75,-0.37,-0.01,0.57
2003-12-03,2.66,2.69,2.72,2.53,6392,4491263.00,7.14,1.13,0.03,0.82
2003-12-04,2.69,2.70,2.71,2.58,4098,2874167.00,4.83,0.37,0.01,0.53
2003-12-05,2.71,2.76,2.88,2.68,5295,3776465.00,7.41,2.22,0.06,0.68
2003-12-08,2.78,2.53,2.78,2.53,3251,2274858.00,9.06,-8.33,-0.23,0.42
2003-12-09,2.51,2.54,2.62,2.45,2732,1879190.00,6.72,0.40,0.01,0.35
2003-12-10,2.54,2.63,2.63,2.48,2950,2042942.00,5.91,3.54,0.09,0.38
2003-12-11,2.63,2.67,2.77,2.58,4886,3458827.00,7.22,1.52,0.04,0.63
2003-12-12,2.68,2.63,2.68,2.55,2852,1989962.00,4.87,-1.50,-0.04,0.37
2003-12-15,2.69,2.62,2.69,2.58,3018,2106262.00,4.18,-0.38,-0.01,0.39
2003-12-16,2.68,2.52,2.69,2.48,3733,2577487.00,8.02,-3.82,-0.10,0.48
2003-12-17,2.57,2.72,2.80,2.49,13335,9431499.00,12.30,7.94,0.20,1.71
2003-12-18,2.73,2.43,2.75,2.39,6843,4716654.00,13.24,-10.66,-0.29,0.88
2003-12-19,2.42,2.14,2.50,2.06,7041,4617602.00,18.11,-11.93,-0.29,0.90
2003-12-22,2.11,2.23,2.28,1.94,8333,5347378.00,15.89,4.21,0.09,1.07
2003-12-23,2.24,2.24,2.31,2.18,4834,3202176.00,5.83,0.45,0.01,0.62
2003-12-24,2.23,2.30,2.31,2.22,4493,2975734.00,4.02,2.68,0.06,0.58
2003-12-25,2.32,2.27,2.34,2.23,3453,2292628.00,4.78,-1.30,-0.03,0.44
2003-12-26,2.31,2.31,2.37,2.28,3087,2059970.00,3.96,1.76,0.04,0.40
2003-12-29,2.51,2.39,2.62,2.39,9357,6404474.00,9.96,3.46,0.08,1.20
2003-12-30,2.35,2.25,2.35,2.23,4358,2892859.00,5.02,-5.86,-0.14,0.56
2003-12-31,2.23,2.24,2.28,2.13,2982,1958675.00,6.67,-0.44,-0.01,0.38