2013-01-04,-0.91,-0.95,-0.83,-1.03,29034,20424061.00,-20.00,5.00,0.05,0.38
2013-01-07,-0.98,-0.93,-0.90,-1.00,17301,12149937.00,-10.53,2.11,0.02,0.23
2013-01-08,-0.93,-0.97,-0.89,-1.03,23885,16722851.00,-15.05,-4.30,-0.04,0.31
2013-01-09,-0.98,-0.95,-0.93,-1.03,27258,19060388.00,-10.31,2.06,0.02,0.36
2013-01-10,-0.97,-0.87,-0.80,-0.97,36794,26184127.00,-17.89,8.42,0.08,0.48
2013-01-11,-0.88,-1.11,-0.83,-1.13,30489,21294115.00,-34.48,-27.59,-0.24,0.40
2013-01-14,-1.12,-0.85,-0.83,-1.13,29849,20997313.00,-27.03,23.42,0.26,0.39
2013-01-15,-0.83,-0.73,-0.62,-0.86,56119,40790843.00,-28.24,14.12,0.12,0.74
2013-01-16,-0.73,-0.76,-0.70,-0.86,30826,22195814.00,-21.92,-4.11,-0.03,0.41
2013-01-17,-0.76,-0.95,-0.70,-0.99,53656,37983611.00,-38.16,-25.00,-0.19,0.71
2013-01-18,-0.94,-0.85,-0.82,-1.00,48673,34452307.00,-18.95,10.53,0.10,0.64
2013-01-21,-0.84,-0.61,-0.57,-0.91,64490,47052466.00,-40.00,28.24,0.24,0.85
2013-01-22,-0.61,-0.75,-0.61,-0.83,55636,40248847.00,-36.07,-22.95,-0.14,0.73
2013-01-23,-0.78,-0.85,-0.76,-0.92,32324,23049920.00,-21.33,-13.33,-0.10,0.42
2013-01-24,-0.81,-1.01,-0.74,-1.08,42007,29769746.00,-40.00,-18.82,-0.16,0.55
2013-01-25,-0.98,-1.02,-0.95,-1.05,17195,11998134.00,-9.90,-0.99,-0.01,0.23
2013-01-28,-0.97,-0.83,-0.83,-0.98,33694,23876390.00,-14.71,18.63,0.19,0.44
2013-01-29,-0.82,-0.84,-0.80,-0.88,30142,21530464.00,-9.64,-1.20,-0.01,0.40
2013-01-30,-0.83,-0.87,-0.77,-0.93,39713,28258546.00,-19.05,-3.57,-0.03,0.52
2013-01-31,-0.85,-0.91,-0.85,-0.98,28764,20300252.00,-14.94,-4.60,-0.04,0.38
2013-02-01,-0.92,-0.84,-0.83,-0.95,27631,19629487.00,-13.19,7.69,0.07,0.36
2013-02-04,-0.82,-0.82,-0.78,-0.88,35661,25518538.00,-11.90,2.38,0.02,0.47
2013-02-05,-0.84,-0.73,-0.69,-0.89,50664,36429899.00,-24.39,10.98,0.09,0.67
2013-02-06,-0.74,-0.68,-0.62,-0.74,40118,29329182.00,-16.44,6.85,0.05,0.53
2013-02-07,-0.69,-0.64,-0.62,-0.73,29554,21611536.00,-16.18,5.88,0.04,0.39
2013-02-08,-0.60,-0.49,-0.40,-0.62,50369,37803862.00,-34.38,23.44,0.15,0.66
2013-02-18,-0.41,-0.45,-0.33,-0.48,55556,42011309.00,-30.61,8.16,0.04,0.73
2013-02-19,-0.45,-0.67,-0.45,-0.70,47882,35327919.00,-55.56,-48.89,-0.22,0.63
2013-02-20,-0.68,-0.56,-0.54,-0.79,35279,25827572.00,-37.31,16.42,0.11,0.46
2013-02-21,-0.60,-0.77,-0.58,-0.83,41157,29842569.00,-44.64,-37.50,-0.21,0.54
2013-02-22,-0.76,-0.80,-0.72,-0.83,24089,17329056.00,-14.29,-3.90,-0.03,0.32
2013-02-25,-0.80,-0.73,-0.71,-0.81,16056,11617455.00,-12.50,8.75,0.07,0.21
2013-02-26,-0.76,-0.86,-0.74,-0.87,28521,20432388.00,-17.81,-17.81,-0.13,0.37
2013-02-27,-0.86,-0.90,-0.81,-0.96,25111,17812338.00,-17.44,-4.65,-0.04,0.33
2013-02-28,-0.91,-0.81,-0.80,-0.95,27152,19334908.00,-16.67,10.00,0.09,0.36
2013-03-01,-0.82,-0.77,-0.76,-0.86,25015,17915174.00,-12.35,4.94,0.04,0.33
2013-03-04,-0.80,-1.09,-0.80,-1.10,39516,27693473.00,-38.96,-41.56,-0.32,0.52
2013-03-05,-1.09,-0.95,-0.94,-1.13,26730,18629340.00,-17.43,12.84,0.14,0.35
2013-03-06,-0.94,-0.88,-0.84,-0.96,35137,24886525.00,-12.63,7.37,0.07,0.46
2013-03-07,-0.85,-0.97,-0.83,-1.02,30973,21863898.00,-21.59,-10.23,-0.09,0.41
2013-03-08,-0.97,-0.96,-0.92,-0.99,16242,11418183.00,-7.22,1.03,0.01,0.21
2013-03-11,-0.98,-0.94,-0.91,-1.00,11306,7950406.00,-9.38,2.08,0.02,0.15
2013-03-12,-0.95,-1.16,-0.90,-1.24,23409,16145268.00,-36.17,-23.40,-0.22,0.31
2013-03-13,-1.16,-1.26,-1.16,-1.30,16193,10917712.00,-12.07,-8.62,-0.10,0.21
2013-03-14,-1.27,-1.26,-1.19,-1.28,10976,7387612.00,-7.14,0.00,0.00,0.14
2013-03-15,-1.26,-1.25,-1.16,-1.32,13348,9006852.00,-12.70,0.79,0.01,0.18
2013-03-18,-1.24,-1.36,-1.24,-1.38,14847,9882914.00,-11.20,-8.80,-0.11,0.20
2013-03-19,-1.36,-1.33,-1.32,-1.42,12019,7954632.00,-7.35,2.21,0.03,0.16
2013-03-20,-1.33,-1.19,-1.19,-1.37,21542,14486906.00,-13.53,10.53,0.14,0.28
2013-03-21,-1.17,-1.17,-1.14,-1.21,26674,18134114.00,-5.88,1.68,0.02,0.35
2013-03-22,-1.17,-1.14,-1.11,-1.19,14906,10180515.00,-6.84,2.56,0.03,0.20
2013-03-25,-1.16,-1.17,-1.07,-1.19,38301,26196357.00,-10.53,-2.63,-0.03,0.50
2013-03-26,-1.19,-1.26,-1.17,-1.33,18031,12105869.00,-13.68,-7.69,-0.09,0.24
2013-03-27,-1.28,-1.26,-1.21,-1.30,12021,8082936.00,-7.14,0.00,0.00,0.16
2013-03-28,-1.29,-1.46,-1.29,-1.48,24712,16241302.00,-15.08,-15.87,-0.20,0.32
2013-03-29,-1.43,-1.44,-1.42,-1.48,15606,10182030.00,-4.11,1.37,0.02,0.21
2013-04-01,-1.44,-1.40,-1.37,-1.45,16862,11079636.00,-5.56,2.78,0.04,0.22
2013-04-02,-1.38,-1.41,-1.34,-1.45,13979,9214199.00,-7.86,-0.71,-0.01,0.18
2013-04-03,-1.40,-1.44,-1.35,-1.46,13434,8796037.00,-7.80,-2.13,-0.03,0.18
2013-04-08,-1.57,-1.54,-1.52,-1.67,18271,11679951.00,-10.42,-6.94,-0.10,0.24
2013-04-09,-1.54,-1.52,-1.48,-1.56,14981,9675461.00,-5.19,1.30,0.02,0.20
2013-04-10,-1.50,-1.54,-1.50,-1.58,13013,8364574.00,-5.26,-1.32,-0.02,0.17
2013-04-11,-1.53,-1.53,-1.50,-1.56,15334,9890644.00,-3.90,0.65,0.01,0.20
2013-04-12,-1.53,-1.63,-1.49,-1.66,15738,10056359.00,-11.11,-6.54,-0.10,0.21
2013-04-15,-1.47,-1.19,-1.05,-1.47,111734,75911299.00,-25.77,26.99,0.44,1.47
2013-04-16,-1.18,-1.12,-1.09,-1.28,58542,39945089.00,-15.97,5.88,0.07,0.77
2013-04-17,-1.12,-1.12,-1.06,-1.25,41653,28358204.00,-16.96,0.00,0.00,0.55
2013-04-18,-1.18,-1.20,-1.11,-1.21,28712,19591874.00,-8.93,-7.14,-0.08,0.38
2013-04-19,-1.20,-1.12,-1.08,-1.20,43010,29508027.00,-10.00,6.67,0.08,0.57
2013-04-22,-1.13,-1.08,-1.08,-1.18,31445,21552278.00,-8.93,3.57,0.04,0.41
2013-04-23,-1.08,-1.22,-1.05,-1.23,28003,19091168.00,-16.67,-12.96,-0.14,0.37
2013-04-24,-1.22,-1.12,-1.08,-1.22,24816,16962901.00,-11.48,8.20,0.10,0.33
2013-04-25,-1.14,-0.99,-0.85,-1.18,61018,42844975.00,-29.46,11.61,0.13,0.80
2013-04-26,-0.99,-1.07,-0.91,-1.17,41297,28548278.00,-26.26,-8.08,-0.08,0.54
2013-05-02,-1.03,-0.97,-0.97,-1.13,28608,19862172.00,-14.95,9.35,0.10,0.38
2013-05-03,-0.94,-0.88,-0.79,-0.98,53350,37899143.00,-19.59,9.28,0.09,0.70
2013-05-06,-0.86,-0.84,-0.83,-0.92,31070,22099820.00,-10.23,4.55,0.04,0.41
2013-05-07,-0.86,-0.92,-0.80,-0.95,21295,15068120.00,-17.86,-9.52,-0.08,0.28
2013-05-08,-0.92,-0.91,-0.87,-0.95,19689,13902382.00,-8.70,1.09,0.01,0.26
2013-05-09,-0.89,-0.95,-0.89,-0.99,22755,15980524.00,-10.99,-4.40,-0.04,0.30
2013-05-10,-0.94,-0.96,-0.93,-1.02,22207,15552149.00,-9.47,-1.05,-0.01,0.29
2013-05-13,-0.96,-0.86,-0.85,-0.98,25306,17940917.00,-13.54,10.42,0.10,0.33
2013-05-14,-0.84,-0.96,-0.84,-1.01,21401,15024637.00,-19.77,-11.63,-0.10,0.28
2013-05-15,-0.96,-0.93,-0.91,-1.02,17892,12541759.00,-11.46,3.13,0.03,0.24
2013-05-16,-0.93,-0.88,-0.84,-0.97,28872,20461787.00,-13.98,5.38,0.05,0.38
2013-05-17,-0.87,-0.80,-0.77,-0.89,41812,29957760.00,-13.64,9.09,0.08,0.55
2013-05-20,-0.77,-0.70,-0.67,-0.83,42543,30821295.00,-20.00,12.50,0.10,0.56
2013-05-21,-0.70,-0.77,-0.67,-0.81,68735,49553456.00,-20.00,-10.00,-0.07,0.90
2013-05-22,-0.77,-0.81,-0.73,-0.85,34682,24943112.00,-15.58,-5.19,-0.04,0.46
2013-05-23,-0.80,-0.85,-0.77,-0.87,27203,19472637.00,-12.35,-4.94,-0.04,0.36
2013-05-24,-0.85,-0.78,-0.78,-0.87,25735,18396952.00,-10.59,8.24,0.07,0.34
2013-05-27,-0.78,-0.82,-0.75,-0.84,24947,17914109.00,-11.54,-5.13,-0.04,0.33
2013-05-28,-0.68,-0.54,-0.49,-0.71,96914,71781697.00,-26.83,34.15,0.28,1.27
2013-05-29,-0.53,-0.54,-0.50,-0.67,65549,48402842.00,-31.48,0.00,0.00,0.86
2013-05-30,-0.58,-0.51,-0.50,-0.60,43075,32028313.00,-18.52,5.56,0.03,0.57
2013-05-31,-0.49,-0.50,-0.43,-0.55,91386,68523104.00,-23.53,1.96,0.01,1.20
2013-06-03,-0.78,-0.78,-0.59,-0.79,65833,44476219.00,-40.00,-56.00,-0.28,0.87
2013-06-04,-0.78,-0.92,-0.69,-0.98,42564,28308091.00,-37.18,-17.95,-0.14,0.56
2013-06-05,-0.92,-0.83,-0.82,-0.93,23962,15816268.00,-11.96,9.78,0.09,0.31
2013-06-06,-0.84,-0.98,-0.84,-0.99,22558,14735094.00,-18.07,-18.07,-0.15,0.30
2013-06-07,-0.97,-1.03,-0.94,-1.08,20332,13130053.00,-14.29,-5.10,-0.05,0.27
2013-06-13,-1.06,-1.26,-1.06,-1.34,20468,12759609.00,-27.18,-22.33,-0.23,0.27
2013-06-14,-1.27,-1.19,-1.18,-1.27,15623,9791861.00,-7.14,5.56,0.07,0.21
2013-06-17,-1.18,-1.21,-1.13,-1.23,14715,9260990.00,-8.40,-1.68,-0.02,0.19
2013-06-18,-1.21,-1.19,-1.14,-1.23,10061,6316558.00,-7.44,1.65,0.02,0.13
2013-06-19,-1.19,-1.13,-1.12,-1.36,18108,11343831.00,-20.17,5.04,0.06,0.24
2013-06-20,-1.12,-1.29,-1.11,-1.31,14125,8835282.00,-17.70,-14.16,-0.16,0.19
2013-06-21,-1.33,-1.34,-1.28,-1.43,8959,5495139.00,-11.63,-3.88,-0.05,0.12
2013-06-24,-1.34,-1.60,-1.32,-1.61,19752,11808357.00,-21.64,-19.40,-0.26,0.26
2013-06-25,-1.61,-1.60,-1.54,-2.12,30803,17627546.00,-36.25,0.00,0.00,0.40
2013-06-26,-1.56,-1.69,-1.56,-1.78,18327,10614394.00,-13.75,-5.63,-0.09,0.24
2013-06-27,-1.66,-1.69,-1.53,-1.70,18327,10750304.00,-10.06,0.00,0.00,0.24
2013-06-28,-1.70,-1.71,-1.60,-1.76,10596,6132186.00,-9.47,-1.18,-0.02,0.14
2013-07-01,-1.73,-1.64,-1.63,-1.79,31199,17914713.00,-9.36,4.09,0.07,0.41
2013-07-02,-1.66,-1.52,-1.51,-1.69,20177,11866041.00,-10.98,7.32,0.12,0.27
2013-07-03,-1.52,-1.38,-1.37,-1.57,22323,13394147.00,-13.16,9.21,0.14,0.29
2013-07-04,-1.39,-1.40,-1.33,-1.45,20097,12245702.00,-8.70,-1.45,-0.02,0.26
2013-07-05,-1.39,-1.35,-1.20,-1.40,18386,11290143.00,-14.29,3.57,0.05,0.24
2013-07-08,-1.36,-1.48,-1.34,-1.56,22324,13499625.00,-16.30,-9.63,-0.13,0.29
2013-07-09,-1.53,-1.55,-1.43,-1.56,6778,4045885.00,-8.78,-4.73,-0.07,0.09
2013-07-10,-1.55,-1.42,-1.42,-1.55,11809,7092546.00,-8.39,8.39,0.13,0.16
2013-07-11,-1.43,-1.27,-1.22,-1.43,22326,13782495.00,-14.79,10.56,0.15,0.29
2013-07-12,-1.28,-1.36,-1.23,-1.38,13949,8587006.00,-11.81,-7.09,-0.09,0.18
2013-07-15,-1.36,-1.30,-1.26,-1.37,14759,9113581.00,-8.09,4.41,0.06,0.19
2013-07-16,-1.30,-1.23,-1.22,-1.35,14932,9288175.00,-10.00,5.38,0.07,0.20
2013-07-17,-1.27,-1.33,-1.21,-1.35,8699,5398123.00,-11.38,-8.13,-0.10,0.11
2013-07-18,-1.33,-0.97,-0.83,-1.40,84781,54944426.00,-42.86,27.07,0.36,1.11
2013-07-19,-0.93,-1.14,-0.92,-1.18,73210,47030838.00,-26.80,-17.53,-0.17,0.96
2013-07-22,-1.19,-1.15,-1.14,-1.36,17054,10676182.00,-19.30,-0.88,-0.01,0.22
2013-07-23,-1.15,-1.08,-0.95,-1.28,38343,24499649.00,-28.70,6.09,0.07,0.50
2013-07-24,-1.07,-1.07,-1.01,-1.15,25680,16441604.00,-12.96,0.93,0.01,0.34
2013-07-25,-1.05,-1.26,-1.05,-1.30,22468,14116797.00,-23.36,-17.76,-0.19,0.30
2013-07-26,-1.27,-1.24,-1.24,-1.36,15571,9619593.00,-9.52,1.59,0.02,0.20
2013-07-29,-1.26,-1.44,-1.26,-1.45,13916,8519277.00,-15.32,-16.13,-0.20,0.18
2013-07-30,-1.45,-1.43,-1.36,-1.50,10173,6152650.00,-9.72,0.69,0.01,0.13
2013-07-31,-1.38,-1.38,-1.33,-1.43,9179,5597902.00,-6.99,3.50,0.05,0.12
2013-08-01,-1.38,-1.25,-1.23,-1.43,18494,11433270.00,-14.49,9.42,0.13,0.24
2013-08-02,-1.23,-1.22,-1.20,-1.28,12749,7965094.00,-6.40,2.40,0.03,0.17
2013-08-05,-1.15,-1.13,-1.12,-1.21,19326,12215674.00,-7.38,7.38,0.09,0.25
2013-08-06,-1.13,-1.13,-1.11,-1.20,19402,12276921.00,-7.96,0.00,0.00,0.25
2013-08-07,-1.14,-1.22,-1.09,-1.24,17775,11218669.00,-13.27,-7.96,-0.09,0.23
2013-08-08,-1.22,-1.20,-1.13,-1.25,13624,8568059.00,-9.84,1.64,0.02,0.18
2013-08-09,-1.20,-1.18,-1.15,-1.24,12352,7765660.00,-7.50,1.67,0.02,0.16
2013-08-12,-1.16,-1.09,-1.08,-1.19,20365,12955872.00,-9.32,7.63,0.09,0.27
2013-08-13,-1.04,-1.09,-1.02,-1.13,17369,11104002.00,-10.09,0.00,0.00,0.23
2013-08-14,-1.09,-1.11,-1.03,-1.13,16480,10546077.00,-9.17,-1.83,-0.02,0.22
2013-08-15,-1.08,-1.18,-1.06,-1.20,13837,8764512.00,-12.61,-6.31,-0.07,0.18
2013-08-16,-1.22,-1.28,-0.99,-1.36,29743,18528962.00,-31.36,-8.47,-0.10,0.39
2013-08-19,-1.37,-1.22,-1.21,-1.38,11768,7310702.00,-13.28,4.69,0.06,0.15
2013-08-20,-1.23,-1.12,-1.11,-1.25,19179,12087997.00,-11.48,8.20,0.10,0.25
2013-08-21,-1.15,-1.11,-1.06,-1.22,14179,8970056.00,-14.29,0.89,0.01,0.19
2013-08-22,-1.13,-1.12,-1.10,-1.16,11182,7111010.00,-5.41,-0.90,-0.01,0.15
2013-08-23,-1.12,-1.18,-1.08,-1.32,17128,10795359.00,-21.43,-5.36,-0.06,0.23
2013-08-26,-1.19,-1.09,-1.06,-1.23,22112,14073378.00,-14.41,7.63,0.09,0.29
2013-08-27,-1.08,-1.03,-1.03,-1.14,25175,16157889.00,-10.09,5.50,0.06,0.33
2013-08-28,-1.02,-1.10,-1.02,-1.15,34202,21818664.00,-12.62,-6.80,-0.07,0.45
2013-08-29,-1.16,-1.14,-1.11,-1.23,25366,16023729.00,-10.91,-3.64,-0.04,0.33
2013-08-30,-1.14,-0.93,-0.84,-1.17,82482,53684455.00,-28.95,18.42,0.21,1.08
2013-09-02,-0.90,-0.86,-0.82,-1.06,41431,27135526.00,-25.81,7.53,0.07,0.54
2013-09-03,-0.87,-0.80,-0.78,-0.93,43598,28882431.00,-17.44,6.98,0.06,0.57
2013-09-04,-0.81,-0.81,-0.66,-0.86,33984,22773801.00,-25.00,-1.25,-0.01,0.45
2013-09-05,-0.82,-0.86,-0.78,-0.97,26396,17458389.00,-23.46,-6.17,-0.05,0.35
2013-09-06,-0.90,-0.90,-0.83,-0.95,18108,11928941.00,-13.95,-4.65,-0.04,0.24
2013-09-09,-0.90,-0.34,-0.24,-0.90,173064,121188920.00,-73.33,62.22,0.56,2.27
2013-09-10,-0.37,-0.05,-0.05,-0.41,136730,100295686.00,-105.88,85.29,0.29,1.80
2013-09-11,-0.10,-0.07,0.05,-0.20,113277,84014414.00,-500.00,-40.00,-0.02,1.49
2013-09-12,-0.07,0.03,0.07,-0.15,59171,44204160.00,-314.29,142.86,0.10,0.78
2013-09-13,0.02,0.12,0.20,-0.07,67013,50657901.00,900.00,300.00,0.09,0.88
2013-09-16,0.11,0.02,0.11,-0.14,69018,51357075.00,208.33,-83.33,-0.10,0.91
2013-09-17,0.00,-0.24,0.00,-0.27,54239,39633138.00,0.00,-1300.00,-0.26,0.71
2013-09-18,-0.28,-0.08,-0.05,-0.29,35444,26083067.00,-100.00,66.67,0.16,0.47
2013-09-23,-0.08,0.02,0.03,-0.17,36480,27113582.00,-250.00,125.00,0.10,0.48
2013-09-24,0.19,0.21,0.36,0.00,59643,45583070.00,0.00,950.00,0.19,0.78
2013-09-25,0.18,0.49,0.59,0.14,55437,43971340.00,214.29,133.33,0.28,0.73
2013-09-26,0.48,0.40,0.57,0.18,41791,32653935.00,79.59,-18.37,-0.09,0.55
2013-09-27,0.34,0.28,0.42,0.19,24528,19120013.00,57.50,-30.00,-0.12,0.32
2013-09-30,0.26,0.33,0.46,0.08,36446,28095709.00,135.71,17.86,0.05,0.48
2013-10-08,0.33,0.47,0.55,0.10,33284,26072411.00,136.36,42.42,0.14,0.44
2013-10-09,0.45,0.46,0.51,0.33,24900,19679360.00,38.30,-2.13,-0.01,0.33
2013-10-10,0.42,0.68,0.76,0.36,46849,38003731.00,86.96,47.83,0.22,0.62
2013-10-11,0.67,0.67,0.76,0.55,30607,24905587.00,30.88,-1.47,-0.01,0.40
2013-10-14,0.62,0.68,0.80,0.59,29342,24060016.00,31.34,1.49,0.01,0.39
2013-10-15,0.65,0.44,0.67,0.39,38122,30283057.00,41.18,-35.29,-0.24,0.50
2013-10-16,0.37,0.16,0.44,0.07,32749,25280682.00,84.09,-63.64,-0.28,0.43
2013-10-17,0.18,-0.02,0.27,-0.08,28856,21860664.00,218.75,-112.50,-0.18,0.38
2013-10-18,-0.02,0.12,0.18,-0.03,17777,13459845.00,-1050.00,700.00,0.14,0.23
2013-10-21,0.16,0.25,0.26,0.05,20681,15835067.00,175.00,108.33,0.13,0.27
2013-10-22,0.28,0.23,0.38,0.20,25136,19512613.00,72.00,-8.00,-0.02,0.33
2013-10-23,0.24,-0.18,0.29,-0.21,34030,25321090.00,217.39,-178.26,-0.41,0.45
2013-10-24,-0.19,-0.15,-0.11,-0.26,18212,13271679.00,-83.33,16.67,0.03,0.24
2013-10-25,-0.13,-0.25,-0.07,-0.30,14382,10463837.00,-153.33,-66.67,-0.10,0.19
2013-10-28,-0.26,-0.14,-0.03,-0.26,11468,8411040.00,-92.00,44.00,0.11,0.15
2013-10-29,-0.08,0.11,0.11,-0.32,28068,20758141.00,-307.14,178.57,0.25,0.37
2013-10-30,0.07,0.20,0.24,0.06,31776,24327976.00,163.64,81.82,0.09,0.42
2013-10-31,0.12,0.20,0.38,0.03,26158,20127654.00,175.00,0.00,0.00,0.34
2013-11-01,0.17,0.21,0.30,0.04,18672,14302911.00,130.00,5.00,0.01,0.25
2013-11-04,0.30,0.12,0.30,0.08,14439,11042886.00,104.76,-42.86,-0.09,0.19
2013-11-05,0.11,0.00,0.11,-0.18,20356,15096490.00,241.67,0.00,0.00,0.27
2013-11-06,0.02,-0.03,0.16,-0.07,17911,13503625.00,0.00,0.00,0.00,0.24
2013-11-07,-0.03,-0.14,0.02,-0.18,15790,11681857.00,-666.67,-366.67,-0.11,0.21
2013-11-08,-0.18,-0.16,-0.09,-0.27,12598,9193750.00,-128.57,-14.29,-0.02,0.17
2013-11-11,-0.18,0.00,0.14,-0.18,20687,15428383.00,-200.00,0.00,0.00,0.27
2013-11-12,0.09,-0.03,0.09,-0.05,22329,16687810.00,0.00,0.00,0.00,0.29
2013-11-13,-0.05,-0.36,-0.05,-0.36,31697,22944219.00,-1033.33,-1100.00,-0.33,0.42
2013-11-14,-0.36,-0.25,-0.21,-0.47,22412,16068728.00,-72.22,30.56,0.11,0.29
2013-11-15,-0.21,-0.19,-0.05,-0.26,25813,18938539.00,-84.00,24.00,0.06,0.34
2013-11-18,-0.18,-0.07,-0.03,-0.22,31174,22942340.00,-100.00,63.16,0.12,0.41
2013-11-19,-0.06,0.02,0.05,-0.11,26319,19623539.00,-228.57,128.57,0.09,0.35
2013-11-20,0.07,0.04,0.07,-0.10,30708,22854444.00,850.00,100.00,0.02,0.40
2013-11-21,0.02,0.45,0.58,-0.09,81390,63394063.00,1675.00,1025.00,0.41,1.07
2013-11-22,0.34,0.21,0.42,0.16,70551,54707103.00,57.78,-53.33,-0.24,0.93
2013-11-25,0.12,0.13,0.34,0.06,44968,34534708.00,133.33,-38.10,-0.08,0.59
2013-11-26,0.14,0.15,0.19,0.03,33453,25370036.00,123.08,15.38,0.02,0.44
2013-11-27,0.17,0.17,0.21,0.07,31563,24065537.00,93.33,13.33,0.02,0.41
2013-11-28,0.21,0.09,0.34,0.07,79931,61553098.00,158.82,-47.06,-0.08,1.05
2013-11-29,0.02,0.09,0.13,-0.02,62921,47412404.00,166.67,0.00,0.00,0.83
2013-12-02,-0.02,-0.37,0.00,-0.41,71626,52005380.00,0.00,-511.11,-0.46,0.94
2013-12-03,-0.37,-0.18,-0.15,-0.40,45325,32740294.00,-67.57,51.35,0.19,0.60
2013-12-04,-0.17,-0.08,0.03,-0.23,43650,32297253.00,-144.44,55.56,0.10,0.57
2013-12-05,-0.09,0.17,0.28,-0.14,65235,49134852.00,-525.00,312.50,0.25,0.86
2013-12-06,0.15,0.23,0.39,0.08,88307,68395867.00,182.35,35.29,0.06,1.16
2013-12-09,0.27,0.35,0.40,0.12,103324,80098189.00,121.74,52.17,0.12,1.36
2013-12-10,0.34,1.13,1.13,0.29,276998,231862485.00,240.00,222.86,0.78,3.64
2013-12-11,1.37,1.86,1.99,1.37,477227,436761136.00,54.87,64.60,0.73,6.27
2013-12-12,2.03,2.30,2.78,2.03,407019,400263440.00,40.32,23.66,0.44,5.35
2013-12-13,2.52,3.28,3.28,2.14,390855,397951328.00,49.57,42.61,0.98,5.14
2013-12-16,3.48,4.34,4.34,3.22,463177,524329968.00,34.15,32.32,1.06,6.09
2013-12-17,3.92,3.60,4.10,3.26,337545,373334800.00,19.35,-17.05,-0.74,4.44
2013-12-18,3.47,3.58,4.09,3.13,296609,329428416.00,26.67,-0.56,-0.02,3.90
2013-12-19,3.22,2.97,3.42,2.94,236736,252203510.00,13.41,-17.04,-0.61,3.11
2013-12-20,3.02,3.09,3.35,2.87,190048,201114559.00,16.16,4.04,0.12,2.50
2013-12-23,3.03,3.96,4.11,2.64,331140,358921728.00,47.57,28.16,0.87,4.35
2013-12-24,3.74,3.71,4.32,3.53,268014,304346384.00,19.95,-6.31,-0.25,3.52
2013-12-25,3.82,3.68,3.91,3.41,177433,196980667.00,13.48,-0.81,-0.03,2.33
2013-12-26,3.82,2.67,4.04,2.63,210703,230844657.00,38.32,-27.45,-1.01,2.77
2013-12-27,2.65,2.69,2.82,2.48,216481,219232760.00,12.73,0.75,0.02,2.84
2013-12-30,2.74,2.70,2.79,2.43,130990,132228636.00,13.38,0.37,0.01,1.72
2013-12-31,2.70,2.40,2.70,2.27,123199,122483743.00,15.93,-11.11,-0.30,1.62