2022-01-04,16.45,16.71,17.00,16.42,27266,46437607.00,3.51,1.09,0.18,1.62
2022-01-05,16.56,16.35,16.73,16.11,21966,36730574.00,3.71,-2.15,-0.36,1.31
2022-01-06,16.17,17.19,17.49,16.09,46137,80151225.00,8.56,5.14,0.84,2.74
2022-01-07,17.65,16.76,17.81,16.56,56282,97739344.00,7.27,-2.50,-0.43,3.34
2022-01-10,16.66,16.73,17.12,16.58,31744,54506392.00,3.22,-0.18,-0.03,1.89
2022-01-11,16.70,15.67,16.90,15.51,72850,118449666.00,8.31,-6.34,-1.06,4.33
2022-01-12,15.78,16.31,16.47,15.65,48638,80401921.00,5.23,4.08,0.64,2.89
2022-01-13,16.45,15.97,16.50,15.88,24397,40013461.00,3.80,-2.08,-0.34,1.45
2022-01-14,16.02,15.70,16.11,15.63,24901,40146227.00,3.01,-1.69,-0.27,1.48
2022-01-17,15.81,16.65,16.82,15.62,45495,76159500.00,7.64,6.05,0.95,2.70
2022-01-18,16.73,16.09,16.73,16.03,27927,46299563.00,4.20,-3.36,-0.56,1.66
2022-01-19,16.09,16.29,16.33,15.87,17621,29104667.00,2.86,1.24,0.20,1.05
2022-01-20,16.30,15.70,16.35,15.56,28571,45955532.00,4.85,-3.62,-0.59,1.70
2022-01-21,15.63,15.17,15.80,15.15,23080,36259244.00,4.14,-3.38,-0.53,1.37
2022-01-24,15.35,15.74,15.92,15.09,17669,28238793.00,5.47,3.76,0.57,1.05
2022-01-25,15.84,15.35,15.84,15.24,18281,28832355.00,3.81,-2.48,-0.39,1.09
2022-01-26,15.15,15.74,15.85,15.15,27979,44573635.00,4.56,2.54,0.39,1.66
2022-01-27,15.64,15.18,15.67,15.15,19288,30114170.00,3.30,-3.56,-0.56,1.15
2022-01-28,15.23,15.20,15.64,14.95,16290,25411431.00,4.55,0.13,0.02,0.97
2022-02-07,15.77,15.46,15.77,15.26,15741,24949284.00,3.36,1.71,0.26,0.94
2022-02-08,15.51,15.63,15.65,15.29,14847,23551089.00,2.33,1.10,0.17,0.88
2022-02-09,15.63,15.83,15.83,15.39,15994,25676699.00,2.82,1.28,0.20,0.95
2022-02-10,15.80,15.71,15.85,15.51,15674,25056815.00,2.15,-0.76,-0.12,0.93
2022-02-11,15.70,15.16,15.70,15.10,18876,29529171.00,3.82,-3.50,-0.55,1.12
2022-02-14,15.14,15.19,15.31,14.81,11267,17420315.00,3.30,0.20,0.03,0.67
2022-02-15,15.34,15.14,15.34,14.94,9750,15089858.00,2.63,-0.33,-0.05,0.58
2022-02-16,15.18,15.84,16.00,15.10,29238,47048189.00,5.94,4.62,0.70,1.74
2022-02-17,15.84,15.57,15.90,15.53,15709,25180406.00,2.34,-1.70,-0.27,0.93
2022-02-18,15.45,15.54,15.59,15.32,8642,13659273.00,1.73,-0.19,-0.03,0.51
2022-02-21,15.47,15.63,15.74,15.29,20217,31935746.00,2.90,0.58,0.09,1.20
2022-02-22,15.61,15.33,15.62,15.19,20649,32406917.00,2.75,-1.92,-0.30,1.23
2022-02-23,15.43,16.34,16.52,15.25,47843,78574328.00,8.28,6.59,1.01,2.84
2022-02-24,16.23,15.85,16.37,15.63,29810,48676849.00,4.53,-3.00,-0.49,1.77
2022-02-25,15.91,16.08,16.27,15.91,16581,27265815.00,2.27,1.45,0.23,0.99
2022-02-28,16.32,15.89,16.32,15.75,11217,18184485.00,3.54,-1.18,-0.19,0.67
2022-03-01,15.94,16.59,16.63,15.76,30717,50990779.00,5.48,4.41,0.70,1.83
2022-03-02,16.26,16.40,16.65,16.23,27612,46264801.00,2.53,-1.15,-0.19,1.64
2022-03-03,16.63,16.41,16.73,16.34,27610,46620890.00,2.38,0.06,0.01,1.64
2022-03-04,16.45,15.93,16.45,15.90,20065,33047197.00,3.35,-2.93,-0.48,1.19
2022-03-07,15.83,15.56,16.07,15.53,17059,27447739.00,3.39,-2.32,-0.37,1.01
2022-03-08,15.57,15.02,15.81,14.95,21315,33196675.00,5.53,-3.47,-0.54,1.27
2022-03-09,15.05,14.45,15.28,13.83,29812,44431901.00,9.65,-3.79,-0.57,1.77
2022-03-10,15.05,15.08,15.24,14.70,23358,35926781.00,3.74,4.36,0.63,1.39
2022-03-11,14.93,14.98,15.14,14.50,15714,23895605.00,4.24,-0.66,-0.10,0.93
2022-03-14,14.81,14.45,14.89,14.41,15389,23064242.00,3.20,-3.54,-0.53,0.91
2022-03-15,14.38,13.95,14.80,13.95,17133,25105058.00,5.88,-3.46,-0.50,1.02
2022-03-16,14.19,14.30,14.62,13.68,19560,28333466.00,6.74,2.51,0.35,1.16
2022-03-17,14.47,14.28,14.75,14.23,23853,35438645.00,3.64,-0.14,-0.02,1.42
2022-03-18,14.30,14.39,14.44,14.15,10536,15468245.00,2.03,0.77,0.11,0.63
2022-03-21,14.40,14.43,14.63,14.36,13119,19409304.00,1.88,0.28,0.04,0.78
2022-03-22,14.28,13.99,14.39,13.95,16865,24423693.00,3.05,-3.05,-0.44,1.00
2022-03-23,14.02,14.12,14.12,13.99,8293,11957565.00,0.93,0.93,0.13,0.49
2022-03-24,14.25,13.68,14.25,13.64,18262,25782938.00,4.32,-3.12,-0.44,1.09
2022-03-25,13.67,13.70,13.84,13.65,8309,11701790.00,1.39,0.15,0.02,0.49
2022-03-28,13.57,13.49,13.78,13.25,9501,13167649.00,3.87,-1.53,-0.21,0.56
2022-03-29,13.49,13.25,13.62,13.24,10302,14129719.00,2.82,-1.78,-0.24,0.61
2022-03-30,13.23,13.30,13.42,13.16,17344,23638194.00,1.96,0.38,0.05,1.03
2022-03-31,13.25,13.41,13.54,13.05,12588,17262394.00,3.68,0.83,0.11,0.69
2022-04-01,13.35,13.27,13.40,13.15,8068,10983225.00,1.86,-1.04,-0.14,0.44
2022-04-06,13.28,13.55,13.80,13.28,14966,20909358.00,3.92,2.11,0.28,0.82
2022-04-07,13.48,13.25,13.63,13.15,11933,16308374.00,3.54,-2.21,-0.30,0.65
2022-04-08,13.26,13.52,13.82,13.26,18104,25011597.00,4.23,2.04,0.27,0.98
2022-04-11,13.43,13.79,13.80,13.17,18197,25237341.00,4.66,2.00,0.27,0.99
2022-04-12,13.60,14.03,14.13,13.60,25823,37013322.00,3.84,1.74,0.24,1.40
2022-04-13,14.01,13.56,14.01,13.43,17142,24142066.00,4.13,-3.35,-0.47,0.93
2022-04-14,13.56,13.40,13.66,13.25,19823,27309427.00,3.02,-1.18,-0.16,1.07
2022-04-15,13.25,12.96,13.56,12.70,25960,34537444.00,6.42,-3.28,-0.44,1.41
2022-04-18,12.71,12.87,13.09,12.70,10836,14417904.00,3.01,-0.69,-0.09,0.59
2022-04-19,12.87,12.80,13.28,12.69,16213,21526725.00,4.58,-0.54,-0.07,0.88
2022-04-20,12.81,12.73,12.89,12.51,18795,24480871.00,2.97,-0.55,-0.07,1.02
2022-04-21,12.65,12.39,12.77,12.28,16991,21747328.00,3.85,-2.67,-0.34,0.92
2022-04-22,12.23,12.44,12.48,12.12,11030,13925015.00,2.91,0.40,0.05,0.60
2022-04-25,12.16,11.65,12.25,11.64,17356,21287510.00,4.90,-6.35,-0.79,0.94
2022-04-26,11.64,11.37,11.75,11.30,13394,15795111.00,3.86,-2.40,-0.28,0.73
2022-04-27,11.29,11.48,11.57,10.75,13384,15371630.00,7.21,0.97,0.11,0.73
2022-04-28,11.27,11.02,11.48,10.89,8595,9877307.00,5.14,-4.01,-0.46,0.47
2022-04-29,11.03,11.59,11.71,11.03,11112,13115565.00,6.17,5.17,0.57,0.60
2022-05-05,11.53,11.81,12.00,11.47,8107,9841316.00,4.57,1.90,0.22,0.44
2022-05-06,11.65,11.65,11.93,11.23,7882,9499751.00,5.93,-1.35,-0.16,0.43
2022-05-09,11.85,11.67,11.95,11.64,7681,9313769.00,2.66,0.17,0.02,0.42
2022-05-10,11.65,11.91,11.94,11.31,9652,11676863.00,5.40,2.06,0.24,0.52
2022-05-11,11.92,11.94,12.33,11.92,12571,15697009.00,3.44,0.25,0.03,0.68
2022-05-12,11.83,11.98,12.07,11.83,7541,9278181.00,2.01,0.34,0.04,0.41
2022-05-13,11.99,12.08,12.09,11.86,8136,10067324.00,1.92,0.83,0.10,0.44
2022-05-16,12.19,11.98,12.19,11.95,5313,6584469.00,1.99,-0.83,-0.10,0.29
2022-05-17,11.90,12.13,12.13,11.72,8894,10954698.00,3.42,1.25,0.15,0.48
2022-05-18,12.13,12.29,12.41,12.02,10007,12639039.00,3.22,1.32,0.16,0.54
2022-05-19,12.06,12.33,12.37,12.06,8457,10634904.00,2.52,0.33,0.04,0.46
2022-05-20,12.40,12.35,12.46,12.22,9546,12112585.00,1.95,0.16,0.02,0.52
2022-05-23,12.30,12.59,12.63,12.30,10714,13753761.00,2.67,1.94,0.24,0.58
2022-05-24,12.62,12.44,13.53,12.35,26781,35703209.00,9.37,-1.19,-0.15,1.45
2022-05-25,12.36,12.34,12.75,12.17,15232,19413466.00,4.66,-0.80,-0.10,0.83
2022-05-26,12.55,12.61,13.13,12.13,18171,23538974.00,8.10,2.19,0.27,0.99
2022-05-27,12.54,12.62,12.81,12.49,12518,16312336.00,2.54,0.08,0.01,0.68
2022-05-30,12.52,12.93,13.13,12.30,23456,30748891.00,6.58,2.46,0.31,1.27
2022-05-31,12.92,12.75,12.92,12.58,19901,25955999.00,2.63,-1.39,-0.18,1.08
2022-06-01,12.75,12.59,12.84,12.55,18116,23619270.00,2.27,-1.25,-0.16,0.98
2022-06-02,12.58,12.97,13.00,12.43,19211,25308123.00,4.53,3.02,0.38,1.04
2022-06-06,12.84,13.09,13.18,12.83,13976,18687597.00,2.70,0.93,0.12,0.76
2022-06-07,13.09,13.04,13.10,12.75,12161,16172784.00,2.67,-0.38,-0.05,0.66
2022-06-08,13.10,12.95,13.29,12.72,13306,17233779.00,4.37,-0.69,-0.09,0.72
2022-06-09,12.95,12.71,12.98,12.68,9445,12075024.00,2.32,-1.85,-0.24,0.51
2022-06-10,12.65,12.88,12.90,12.63,7351,9445379.00,2.12,1.34,0.17,0.40
2022-06-13,12.86,13.11,13.19,12.70,14388,18754008.00,3.80,1.79,0.23,0.78
2022-06-14,13.00,13.00,13.08,12.69,11181,14405557.00,2.97,-0.84,-0.11,0.61
2022-06-15,13.07,13.00,13.30,12.93,13898,18231258.00,2.85,0.00,0.00,0.75
2022-06-16,12.95,13.14,13.27,12.91,11303,14826562.00,2.77,1.08,0.14,0.61
2022-06-17,13.00,13.23,13.31,12.92,11826,15537199.00,2.97,0.68,0.09,0.64
2022-06-20,13.25,14.17,14.37,13.24,52950,74080011.00,8.54,7.11,0.94,2.87
2022-06-21,14.19,13.98,14.60,13.90,33667,47672848.00,4.94,-1.34,-0.19,1.83
2022-06-22,13.97,13.73,14.24,13.69,17278,23982556.00,3.93,-1.79,-0.25,0.94
2022-06-23,13.73,14.43,14.87,13.73,42642,61687414.00,8.30,5.10,0.70,2.31
2022-06-24,14.24,14.61,14.94,14.24,36882,53909726.00,4.85,1.25,0.18,2.00
2022-06-27,14.50,14.79,14.90,14.40,24256,35679373.00,3.42,1.23,0.18,1.32
2022-06-28,14.77,15.66,16.08,14.60,54331,84011444.00,10.01,5.88,0.87,2.95
2022-06-29,15.66,16.23,16.44,15.42,80180,129378907.00,6.51,3.64,0.57,4.35
2022-06-30,16.23,16.58,16.97,15.85,50041,82679429.00,6.90,2.16,0.35,2.70
2022-07-01,16.59,16.26,16.76,16.25,23878,39141609.00,3.08,-1.93,-0.32,1.29
2022-07-04,16.26,17.41,17.48,15.89,57150,96315406.00,9.78,7.07,1.15,3.09
2022-07-05,17.26,18.13,19.58,16.94,108874,197803787.00,15.16,4.14,0.72,5.88
2022-07-06,18.01,18.16,18.81,17.50,71014,129369146.00,7.23,0.17,0.03,3.83
2022-07-07,18.20,17.66,18.40,16.98,67823,118736937.00,7.82,-2.75,-0.50,3.66
2022-07-08,17.61,18.21,18.90,17.37,72925,133711580.00,8.66,3.11,0.55,3.94
2022-07-11,18.30,19.13,19.33,18.21,79643,151537965.00,6.15,5.05,0.92,4.30
2022-07-12,19.15,20.50,20.99,19.13,139467,285340554.00,9.72,7.16,1.37,7.53
2022-07-13,20.00,22.33,23.50,19.83,144140,312808187.00,17.90,8.93,1.83,7.78
2022-07-14,22.33,22.40,22.65,21.84,86095,191576354.00,3.63,0.31,0.07,4.65
2022-07-15,22.40,22.92,23.90,22.22,108567,251617542.00,7.50,2.32,0.52,5.86
2022-07-18,22.30,22.70,24.63,22.10,151479,357340240.00,11.04,-0.96,-0.22,8.18
2022-07-19,22.00,21.20,23.40,20.80,160582,351836328.00,11.45,-6.61,-1.50,8.67
2022-07-20,21.20,24.29,24.45,20.95,169795,387626449.00,16.51,14.58,3.09,9.17
2022-07-21,23.56,23.51,23.56,22.13,123075,278777703.00,5.89,-3.21,-0.78,6.65
2022-07-22,22.40,22.37,23.10,21.46,86941,193847749.00,6.98,-4.85,-1.14,4.69
2022-07-25,21.97,21.97,22.88,21.41,57697,127784962.00,6.57,-1.79,-0.40,3.12
2022-07-26,21.88,21.94,22.44,21.43,42244,92790633.00,4.60,-0.14,-0.03,2.28
2022-07-27,21.94,22.64,22.70,21.51,51318,114677353.00,5.42,3.19,0.70,2.77
2022-07-28,22.81,21.77,23.06,21.38,75615,165544907.00,7.42,-3.84,-0.87,4.08
2022-07-29,21.92,21.42,22.29,21.24,64922,140887931.00,4.82,-1.61,-0.35,3.51
2022-08-01,21.58,20.84,21.58,19.75,74758,154432169.00,8.54,-2.71,-0.58,4.04
2022-08-02,20.68,19.95,20.68,19.60,68552,137315733.00,5.18,-4.27,-0.89,3.70
2022-08-03,19.96,19.50,20.58,19.38,58141,117023311.00,6.02,-2.26,-0.45,3.14
2022-08-04,19.50,20.83,21.25,19.24,79274,161380355.00,10.31,6.82,1.33,4.28
2022-08-05,21.57,22.46,22.80,20.30,81792,178668286.00,12.00,7.83,1.63,4.42
2022-08-08,22.30,22.49,23.18,21.66,45206,101512917.00,6.77,0.13,0.03,2.44
2022-08-09,22.50,22.75,23.65,21.88,39713,91267153.00,7.87,1.16,0.26,2.14
2022-08-10,22.62,23.06,23.38,22.19,43844,100506396.00,5.23,1.36,0.31,2.37
2022-08-11,23.09,22.24,23.09,21.83,52402,116713957.00,5.46,-3.56,-0.82,2.83
2022-08-12,22.24,22.50,23.20,21.93,33427,75379260.00,5.71,1.17,0.26,1.80
2022-08-15,22.54,22.17,22.66,22.00,39979,89375323.00,2.93,-1.47,-0.33,2.16
2022-08-16,22.30,21.42,22.73,21.24,54786,118725642.00,6.72,-3.38,-0.75,2.96
2022-08-17,21.52,21.17,21.87,20.84,45610,96886257.00,4.81,-1.17,-0.25,2.46
2022-08-18,21.23,21.61,21.74,21.06,32094,68838431.00,3.21,2.08,0.44,1.73
2022-08-19,21.52,20.19,21.81,20.00,53785,110420079.00,8.38,-6.57,-1.42,2.90
2022-08-22,20.19,19.94,20.38,19.59,32732,64977241.00,3.91,-1.24,-0.25,1.77
2022-08-23,19.91,19.91,20.33,19.56,29271,58317098.00,3.86,-0.15,-0.03,1.58
2022-08-24,19.83,18.90,20.20,18.74,38658,73709759.00,7.33,-5.07,-1.01,2.09
2022-08-25,18.90,18.69,19.19,18.41,23231,43440307.00,4.13,-1.11,-0.21,1.25
2022-08-26,18.69,18.85,19.31,18.35,43820,83331076.00,5.14,0.86,0.16,2.37
2022-08-29,18.32,19.63,19.97,18.32,36789,71733267.00,8.75,4.14,0.78,1.99
2022-08-30,19.64,18.92,19.84,18.71,33236,63559799.00,5.76,-3.62,-0.71,1.79
2022-08-31,18.93,17.70,19.30,17.51,39019,70205410.00,9.46,-6.45,-1.22,2.11
2022-09-01,17.72,17.45,18.25,17.33,22423,39431645.00,5.20,-1.41,-0.25,1.21
2022-09-02,17.61,17.59,17.84,17.15,12959,22769804.00,3.95,0.80,0.14,0.70
2022-09-05,16.61,17.36,18.08,16.61,38208,66705786.00,8.36,-1.31,-0.23,2.06
2022-09-06,17.69,18.03,18.14,16.98,32276,57473109.00,6.68,3.86,0.67,1.74
2022-09-07,17.98,20.82,21.15,17.84,84494,167223092.00,18.36,15.47,2.79,4.56
2022-09-08,21.54,21.77,22.14,21.00,93803,203000333.00,5.48,4.56,0.95,5.06
2022-09-09,21.93,22.38,22.60,20.80,69564,153271022.00,8.27,2.80,0.61,3.76
2022-09-13,22.38,22.96,23.56,22.00,56639,129132104.00,6.97,2.59,0.58,3.06
2022-09-14,22.60,23.03,23.55,22.31,38282,88237871.00,5.40,0.30,0.07,2.07
2022-09-15,23.04,21.23,23.28,20.13,96799,206355372.00,13.68,-7.82,-1.80,5.23
2022-09-16,21.18,21.12,21.55,20.45,43775,92630592.00,5.18,-0.52,-0.11,2.36
2022-09-19,21.51,21.19,22.28,20.84,50212,108472192.00,6.82,0.33,0.07,2.71
2022-09-20,21.36,21.59,22.19,20.80,54727,118622031.00,6.56,1.89,0.40,2.95
2022-09-21,21.62,21.46,21.91,20.68,50143,107063796.00,5.70,-0.60,-0.13,2.71
2022-09-22,21.49,22.32,23.26,21.40,55560,124018352.00,8.67,4.01,0.86,3.00
2022-09-23,22.29,21.00,22.58,20.72,55032,116980222.00,8.33,-5.91,-1.32,2.97
2022-09-26,20.42,21.99,22.91,20.42,89981,198936096.00,11.86,4.71,0.99,4.86
2022-09-27,22.01,22.50,23.39,22.01,95980,218845192.00,6.28,2.32,0.51,5.18
2022-09-28,22.52,21.08,23.09,20.95,69603,150896647.00,9.51,-6.31,-1.42,3.76
2022-09-29,21.64,21.10,21.66,20.00,48130,100296970.00,7.87,0.09,0.02,2.60
2022-09-30,20.96,20.54,21.96,20.45,54636,116016952.00,7.16,-2.65,-0.56,2.95
2022-10-10,20.45,20.19,20.95,19.48,51516,103736825.00,7.16,-1.70,-0.35,2.78
2022-10-11,20.10,20.68,20.90,19.50,35517,72381619.00,6.93,2.43,0.49,1.92
2022-10-12,20.69,22.25,22.26,20.20,43796,93093125.00,9.96,7.59,1.57,2.36
2022-10-13,21.90,22.97,23.10,21.74,59707,135689097.00,6.11,3.24,0.72,3.22
2022-10-14,22.98,22.81,23.10,22.19,40640,91688219.00,3.96,-0.70,-0.16,2.19
2022-10-17,22.70,23.46,23.98,22.35,55249,128104776.00,7.15,2.85,0.65,2.98
2022-10-18,23.09,25.64,26.88,22.90,132210,330441376.00,16.97,9.29,2.18,7.14
2022-10-19,25.82,26.20,26.69,25.00,100942,260884470.00,6.59,2.18,0.56,5.45
2022-10-20,25.89,25.89,26.25,25.10,56269,144201045.00,4.39,-1.18,-0.31,3.04
2022-10-21,26.10,27.77,28.15,25.98,97212,266355538.00,8.38,7.26,1.88,5.25
2022-10-24,27.41,27.74,28.88,27.01,91886,255582406.00,6.73,-0.11,-0.03,4.96
2022-10-25,26.68,27.40,27.53,26.11,82869,222402980.00,5.12,-1.23,-0.34,4.47
2022-10-26,26.99,27.11,27.30,25.94,82793,220129718.00,4.96,-1.06,-0.29,4.47
2022-10-27,27.11,25.91,27.15,24.50,78379,201468016.00,9.77,-4.43,-1.20,4.23
2022-10-28,25.27,24.75,26.38,24.75,60214,153375819.00,6.29,-4.48,-1.16,3.25
2022-10-31,24.60,24.49,25.35,23.80,70084,171064345.00,6.26,-1.05,-0.26,3.78
2022-11-01,24.49,24.35,24.49,22.61,112282,265532471.00,7.68,-0.57,-0.14,6.06
2022-11-02,24.15,24.00,24.41,23.21,77706,184624721.00,4.93,-1.44,-0.35,4.20
2022-11-03,23.70,24.73,25.15,23.55,93779,229218618.00,6.67,3.04,0.73,5.06
2022-11-04,23.70,23.30,24.10,22.60,167791,392002329.00,6.07,-5.78,-1.43,9.06
2022-11-07,23.16,22.75,23.88,21.73,139242,314332534.00,9.23,-2.36,-0.55,7.52
2022-11-08,22.58,24.29,24.68,22.52,124394,296855835.00,9.49,6.77,1.54,6.72
2022-11-09,24.38,23.82,24.46,22.65,115039,268678647.00,7.45,-1.93,-0.47,6.21
2022-11-10,23.30,22.82,24.09,22.82,61199,142569689.00,5.33,-4.20,-1.00,3.30
2022-11-11,23.41,23.55,24.19,22.94,74108,174698472.00,5.48,3.20,0.73,4.00
2022-11-14,23.26,22.66,23.98,22.39,43017,99077285.00,6.75,-3.78,-0.89,2.32
2022-11-15,22.43,24.05,24.20,21.88,82997,195906385.00,10.24,6.13,1.39,4.48
2022-11-16,24.00,24.37,24.78,23.60,49491,119829237.00,4.91,1.33,0.32,2.67
2022-11-17,24.33,24.14,24.33,23.10,53007,125182990.00,5.05,-0.94,-0.23,2.86
2022-11-18,24.14,25.42,26.25,23.65,57716,145922819.00,10.77,5.30,1.28,3.12
2022-11-21,25.70,26.89,27.29,25.30,62967,167077664.00,7.83,5.78,1.47,3.40
2022-11-22,26.40,26.36,26.93,25.74,32214,84717640.00,4.43,-1.97,-0.53,1.74
2022-11-23,26.01,25.35,26.27,24.16,62921,157403022.00,8.00,-3.83,-1.01,3.40
2022-11-24,25.35,25.27,25.68,24.74,25019,63263508.00,3.71,-0.32,-0.08,1.35
2022-11-25,25.10,24.74,25.25,24.33,24419,60336213.00,3.64,-2.10,-0.53,1.32
2022-11-28,24.20,24.58,25.05,24.08,17557,43196397.00,3.92,-0.65,-0.16,0.95
2022-11-29,24.24,23.66,24.58,22.91,64689,151807093.00,6.79,-3.74,-0.92,3.49
2022-11-30,23.50,23.89,24.31,23.00,30915,73228299.00,5.54,0.97,0.23,1.67
2022-12-01,24.19,25.55,27.11,24.12,57105,147776076.00,12.52,6.95,1.66,3.08
2022-12-02,25.24,26.25,26.50,25.22,41616,108112998.00,5.01,2.74,0.70,2.25
2022-12-05,26.41,26.02,26.78,25.57,34893,90599915.00,4.61,-0.88,-0.23,1.88
2022-12-06,25.88,26.37,26.68,25.70,24227,63436071.00,3.77,1.35,0.35,1.31
2022-12-07,26.38,27.08,27.57,26.08,43838,117052331.00,5.65,2.69,0.71,2.37
2022-12-08,26.72,26.77,27.48,26.44,30417,81654526.00,3.84,-1.14,-0.31,1.64
2022-12-09,26.98,25.92,26.98,25.90,24624,64959322.00,4.03,-3.18,-0.85,1.33
2022-12-12,26.01,26.13,27.80,25.86,69183,184190783.00,7.48,0.81,0.21,3.73
2022-12-13,26.15,24.68,26.17,24.50,45543,113738945.00,6.39,-5.55,-1.45,2.46
2022-12-14,24.78,24.57,25.00,24.26,25769,63546757.00,3.00,-0.45,-0.11,1.39
2022-12-15,24.25,24.26,25.04,24.07,24198,59180547.00,3.95,-1.26,-0.31,1.31
2022-12-16,23.93,23.27,24.09,22.94,25098,58493956.00,4.74,-4.08,-0.99,1.35
2022-12-19,23.02,23.82,23.88,22.89,25239,59389949.00,4.25,2.36,0.55,1.36
2022-12-20,24.05,25.47,25.52,23.66,55339,136645818.00,7.81,6.93,1.65,2.99
2022-12-21,25.97,25.97,25.99,24.93,59220,151179340.00,4.16,1.96,0.50,3.20
2022-12-22,26.00,25.00,26.36,24.58,51083,128707277.00,6.85,-3.74,-0.97,2.76
2022-12-23,24.85,22.99,25.21,22.51,42302,98938554.00,10.80,-8.04,-2.01,2.28
2022-12-26,23.20,24.40,24.70,23.03,42934,103951785.00,7.26,6.13,1.41,2.32
2022-12-27,24.50,24.55,24.81,23.60,34021,82548457.00,4.96,0.61,0.15,1.84
2022-12-28,24.55,23.80,24.55,23.38,29218,69339932.00,4.77,-3.05,-0.75,1.58
2022-12-29,23.80,22.82,23.97,22.72,29862,68998215.00,5.25,-4.12,-0.98,1.61
2022-12-30,23.50,22.83,23.50,22.06,28288,63725759.00,6.31,0.04,0.01,1.53