2023-01-03,12.13,12.58,12.62,12.08,138622,172244863.00,4.47,4.23,0.51,3.74
2023-01-04,12.51,12.68,12.72,12.49,117871,148458055.00,1.83,0.79,0.10,3.18
2023-01-05,12.80,12.70,12.85,12.59,99973,127008728.00,2.05,0.16,0.02,2.70
2023-01-06,12.66,12.57,12.72,12.51,80696,101692888.00,1.65,-1.02,-0.13,2.18
2023-01-09,12.61,12.57,12.77,12.52,69122,87312629.00,1.99,0.00,0.00,1.86
2023-01-10,12.54,12.58,12.68,12.47,60348,75924945.00,1.67,0.08,0.01,1.63
2023-01-11,12.62,12.52,12.84,12.49,111761,141777165.00,2.78,-0.48,-0.06,3.01
2023-01-12,12.52,12.63,12.75,12.40,88058,110996336.00,2.80,0.88,0.11,2.38
2023-01-13,12.66,12.83,12.84,12.52,126211,160751993.00,2.53,1.58,0.20,3.40
2023-01-16,12.88,12.88,13.03,12.81,143488,185428624.00,1.71,0.39,0.05,3.87
2023-01-17,12.82,12.87,12.95,12.79,86792,111580262.00,1.24,-0.08,-0.01,2.34
2023-01-18,12.90,12.95,13.03,12.80,99192,128571267.00,1.79,0.62,0.08,2.68
2023-01-19,12.90,13.16,13.17,12.88,111908,146434379.00,2.24,1.62,0.21,3.02
2023-01-20,13.15,13.20,13.30,13.06,121956,160590748.00,1.82,0.30,0.04,3.29
2023-01-30,13.36,13.42,13.50,13.30,153133,205196767.68,1.52,1.67,0.22,4.13