2022-01-04,19.08,20.58,20.86,19.07,856458,1735941888.00,9.34,7.41,1.42,1.81
2022-01-05,20.58,20.75,21.55,20.50,804539,1699235984.00,5.10,0.83,0.17,1.70
2022-01-06,20.70,20.53,20.87,19.98,527979,1083139744.00,4.29,-1.06,-0.22,1.12
2022-01-07,20.59,20.03,20.70,20.00,364372,744190544.00,3.41,-2.44,-0.50,0.77
2022-01-10,20.00,21.37,21.41,19.94,653394,1384426464.00,7.34,6.69,1.34,1.38
2022-01-11,21.23,20.51,21.28,20.40,458769,961752480.00,4.12,-4.02,-0.86,0.97
2022-01-12,20.40,20.69,21.20,20.16,460548,959624032.00,5.07,0.88,0.18,0.97
2022-01-13,20.58,19.63,20.89,19.57,440605,883639136.00,6.38,-5.12,-1.06,0.93
2022-01-14,19.43,19.31,20.18,19.18,562850,1107698544.00,5.09,-1.63,-0.32,1.19
2022-01-17,19.30,19.27,19.44,18.60,515156,985106416.00,4.35,-0.21,-0.04,1.09
2022-01-18,19.20,19.55,19.63,18.76,361888,700173600.00,4.51,1.45,0.28,0.77
2022-01-19,19.44,19.15,19.56,18.63,370645,711567360.00,4.76,-2.05,-0.40,0.78
2022-01-20,19.19,20.07,20.32,19.10,498979,1000611984.00,6.37,4.80,0.92,1.06
2022-01-21,19.80,19.18,19.86,19.15,314920,616301792.00,3.54,-4.43,-0.89,0.67
2022-01-24,18.90,19.18,19.81,18.72,434939,844815072.00,5.68,0.00,0.00,0.92
2022-01-25,19.17,18.71,19.34,18.67,269628,514742448.00,3.49,-2.45,-0.47,0.57
2022-01-26,18.75,19.22,19.35,18.41,321020,611759520.00,5.02,2.73,0.51,0.68
2022-01-27,19.20,19.08,19.84,18.96,285171,553995040.00,4.58,-0.73,-0.14,0.60
2022-01-28,19.10,20.05,20.44,19.10,535129,1073076976.00,7.02,5.08,0.97,1.13
2022-02-07,20.06,20.55,20.66,19.13,533617,1077260096.00,7.63,2.49,0.50,1.13
2022-02-08,20.27,20.69,20.73,19.98,381878,780364560.00,3.65,0.68,0.14,0.81
2022-02-09,20.48,21.31,21.63,20.40,551158,1179932000.00,5.94,3.00,0.62,1.17
2022-02-10,21.21,21.88,22.62,21.06,706642,1559981248.00,7.32,2.67,0.57,1.49
2022-02-11,21.78,21.50,22.05,21.35,497067,1081803504.00,3.20,-1.74,-0.38,1.05
2022-02-14,21.49,21.10,21.93,20.75,294382,627265136.00,5.49,-1.86,-0.40,0.62
2022-02-15,20.89,21.04,21.34,20.75,311329,656609552.00,2.80,-0.28,-0.06,0.66
2022-02-16,20.90,20.09,21.02,19.97,422815,861180672.00,4.99,-4.52,-0.95,0.89
2022-02-17,19.88,20.30,20.40,19.50,442903,892181392.00,4.48,1.05,0.21,0.94
2022-02-18,20.15,20.98,21.06,19.98,313465,653229408.00,5.32,3.35,0.68,0.66
2022-02-21,20.98,20.57,21.19,20.35,265502,553011264.00,4.00,-1.95,-0.41,0.56
2022-02-22,20.60,20.74,20.85,20.26,221063,456776944.00,2.87,0.83,0.17,0.47
2022-02-23,20.77,20.09,21.17,19.83,364537,738697296.00,6.46,-3.13,-0.65,0.77
2022-02-24,19.91,19.70,20.12,19.42,550553,1091248544.00,3.48,-1.94,-0.39,1.16
2022-02-25,19.70,19.39,19.88,19.07,376226,729970032.00,4.11,-1.57,-0.31,0.80
2022-02-28,19.22,19.39,19.55,19.09,254066,492456448.00,2.37,0.00,0.00,0.54
2022-03-01,19.60,20.44,20.45,19.30,470170,945897200.00,5.93,5.42,1.05,0.99
2022-03-02,20.20,20.41,20.98,20.09,372689,767491968.00,4.35,-0.15,-0.03,0.79
2022-03-03,20.25,20.08,20.55,19.92,242413,491590064.00,3.09,-1.62,-0.33,0.51
2022-03-04,20.05,20.62,20.92,20.00,387861,801806784.00,4.58,2.69,0.54,0.82
2022-03-07,20.82,20.60,21.34,20.47,454126,950555296.00,4.22,-0.10,-0.02,0.96
2022-03-08,20.55,20.04,20.97,19.90,412575,847040480.00,5.19,-2.72,-0.56,0.87
2022-03-09,20.00,19.86,20.58,18.95,439715,875692496.00,8.13,-0.90,-0.18,0.93
2022-03-10,20.09,19.58,20.26,19.51,400085,796433040.00,3.78,-1.41,-0.28,0.85
2022-03-11,19.16,20.48,20.48,18.99,492130,986596240.00,7.61,4.60,0.90,1.04
2022-03-14,20.12,19.51,20.63,19.48,432059,865733984.00,5.62,-4.74,-0.97,0.91
2022-03-15,19.31,18.68,19.80,18.65,412931,798785616.00,5.89,-4.25,-0.83,0.87
2022-03-16,18.78,19.22,19.26,18.19,329770,623475296.00,5.73,2.89,0.54,0.70
2022-03-17,19.20,19.98,20.28,18.88,379018,757475328.00,7.28,3.95,0.76,0.80
2022-03-18,19.99,20.74,20.89,19.82,334677,688441696.00,5.36,3.80,0.76,0.71
2022-03-21,20.65,20.96,21.29,20.51,332991,701354560.00,3.76,1.06,0.22,0.70
2022-03-22,21.06,21.73,22.10,20.81,588202,1283133408.00,6.15,3.67,0.77,1.24
2022-03-23,21.70,21.66,21.92,21.33,322582,701620736.00,2.72,-0.32,-0.07,0.68
2022-03-24,21.66,21.68,21.98,21.37,210552,458471920.00,2.82,0.09,0.02,0.45
2022-03-25,21.60,21.65,22.28,21.50,291019,640604352.00,3.60,-0.14,-0.03,0.62
2022-03-28,21.73,21.48,21.89,21.27,251906,546306800.00,2.86,-0.79,-0.17,0.53
2022-03-29,21.32,22.11,22.39,21.12,461326,1023223568.00,5.91,2.93,0.63,0.98
2022-03-30,21.90,22.13,22.28,21.78,321281,711519872.00,2.26,0.09,0.02,0.68
2022-03-31,22.11,21.95,22.40,21.51,244287,537562688.00,4.02,-0.81,-0.18,0.52
2022-04-01,22.10,22.02,22.38,21.60,245623,544599328.00,3.55,0.32,0.07,0.52
2022-04-06,21.86,22.17,22.51,21.81,276142,615918528.00,3.18,0.68,0.15,0.58
2022-04-07,21.98,21.29,22.02,21.15,335530,722978384.00,3.92,-3.97,-0.88,0.71
2022-04-08,21.28,20.94,21.41,20.45,312352,653305152.00,4.51,-1.64,-0.35,0.66
2022-04-11,20.87,21.90,22.25,20.81,505647,1109916720.00,6.88,4.58,0.96,1.07
2022-04-12,21.90,22.22,22.30,21.67,298324,661695344.00,2.88,1.46,0.32,0.63
2022-04-13,22.09,21.00,22.38,21.00,382617,825592560.00,6.21,-5.49,-1.22,0.81
2022-04-14,20.92,21.25,21.42,20.30,306030,646189920.00,5.33,1.19,0.25,0.65
2022-04-15,21.20,21.34,21.60,20.80,209782,448780880.00,3.76,0.42,0.09,0.44
2022-04-18,21.48,22.57,22.59,21.05,495880,1108947568.00,7.22,5.76,1.23,1.05
2022-04-19,22.59,22.51,23.08,22.28,672882,1535288016.00,3.54,-0.27,-0.06,1.42
2022-04-20,22.20,21.66,22.50,21.60,464023,1025647328.00,4.00,-3.78,-0.85,0.98
2022-04-21,21.50,20.60,21.85,20.45,490424,1032777408.00,6.46,-4.89,-1.06,1.04
2022-04-22,20.61,20.75,20.90,20.09,367478,758231152.00,3.93,0.73,0.15,0.78
2022-04-25,20.29,19.91,21.27,19.90,420790,868103824.00,6.60,-4.05,-0.84,0.89
2022-04-26,20.11,19.71,20.28,19.70,403339,808577536.00,2.91,-1.00,-0.20,0.85
2022-04-27,20.05,20.73,21.00,18.91,411613,841539152.00,10.60,5.18,1.02,0.87
2022-04-28,20.61,20.06,20.80,19.72,305687,618407488.00,5.21,-3.23,-0.67,0.65
2022-04-29,19.90,18.56,20.24,17.93,1094101,2068588048.00,11.52,-7.48,-1.50,2.31
2022-05-05,18.47,18.53,18.74,18.06,491173,910852288.00,3.66,-0.16,-0.03,1.04
2022-05-06,18.40,18.50,18.89,17.80,292343,539273632.00,5.88,-0.16,-0.03,0.62
2022-05-09,18.50,18.76,19.38,18.42,242795,460512288.00,5.19,1.41,0.26,0.51
2022-05-10,18.51,18.74,18.76,18.10,313594,583202480.00,3.52,-0.11,-0.02,0.66
2022-05-11,18.80,18.18,18.86,18.06,504949,933321568.00,4.27,-2.99,-0.56,1.07
2022-05-12,18.16,18.03,18.76,17.69,407406,743762752.00,5.89,-0.83,-0.15,0.86
2022-05-13,18.11,17.64,18.17,17.40,521371,923498880.00,4.27,-2.16,-0.39,1.10
2022-05-16,17.74,17.87,18.03,17.34,503445,897795312.00,3.91,1.30,0.23,1.06
2022-05-17,17.84,17.70,18.17,17.60,453773,815992896.00,3.19,-0.95,-0.17,0.96
2022-05-18,17.65,17.98,18.12,17.43,347759,623237136.00,3.90,1.58,0.28,0.73
2022-05-19,17.70,17.51,17.90,17.30,376678,664564672.00,3.34,-2.61,-0.47,0.80
2022-05-20,17.46,17.68,17.80,17.34,293833,519966896.00,2.63,0.97,0.17,0.62
2022-05-23,17.53,18.07,18.27,17.53,404610,733503152.00,4.19,2.21,0.39,0.85
2022-05-24,18.08,17.45,18.14,17.42,308079,548271376.00,3.98,-3.43,-0.62,0.65
2022-05-25,17.49,17.94,18.00,17.10,302941,538223200.00,5.16,2.81,0.49,0.64
2022-05-26,17.93,17.95,18.00,17.66,241924,434714064.00,1.90,0.06,0.01,0.51
2022-05-27,17.91,17.71,18.27,17.56,246846,443016416.00,3.96,-1.34,-0.24,0.52
2022-05-30,17.93,17.56,18.06,17.43,232090,412526992.00,3.56,-0.85,-0.15,0.49
2022-05-31,17.55,17.97,18.05,17.50,335086,602935776.00,3.13,2.33,0.41,0.71
2022-06-01,17.95,17.91,18.09,17.68,258649,464393712.00,2.28,-0.33,-0.06,0.55
2022-06-02,17.80,17.64,17.94,17.60,232737,413752032.00,1.90,-1.51,-0.27,0.49
2022-06-06,17.48,17.21,17.55,16.90,509645,878692944.00,3.68,-2.44,-0.43,1.08
2022-06-07,17.20,17.71,17.82,17.12,404807,713038384.00,4.07,2.91,0.50,0.86
2022-06-08,17.60,18.16,18.30,17.42,428360,771825232.00,4.97,2.54,0.45,0.91
2022-06-09,18.28,18.67,18.89,18.08,481594,898385456.00,4.46,2.81,0.51,1.02
2022-06-10,18.59,18.35,18.79,18.12,468230,864865344.00,3.59,-1.71,-0.32,0.99
2022-06-13,18.35,18.98,19.29,18.31,578728,1102936832.00,5.34,3.43,0.63,1.22
2022-06-14,19.09,19.70,20.00,18.98,697020,1373045952.00,5.37,3.79,0.72,1.47
2022-06-15,19.80,19.68,19.96,19.33,511234,1013360768.00,3.20,-0.10,-0.02,1.08
2022-06-16,19.73,20.45,20.71,19.73,579652,1182575344.00,4.98,3.91,0.77,1.23
2022-06-17,20.28,20.26,20.56,19.95,415658,842703312.00,2.98,-0.93,-0.19,0.88
2022-06-20,19.78,20.42,20.62,19.71,632713,1279471536.00,4.49,0.79,0.16,1.31
2022-06-21,20.35,20.76,20.96,20.12,506849,1051549408.00,4.11,1.67,0.34,1.05
2022-06-22,20.65,21.91,22.26,20.64,788438,1711654976.00,7.80,5.54,1.15,1.63
2022-06-23,21.77,21.95,22.06,21.36,445595,974989648.00,3.19,0.18,0.04,0.92
2022-06-24,21.89,21.83,22.16,21.55,267693,585671696.00,2.78,-0.55,-0.12,0.55
2022-06-27,22.18,23.10,23.39,22.17,775529,1784914336.00,5.59,5.82,1.27,1.60
2022-06-28,23.40,23.17,24.10,22.64,781145,1830843632.00,6.32,0.30,0.07,1.62
2022-06-29,22.76,21.64,23.13,21.56,996022,2219535280.00,6.78,-6.60,-1.53,2.06
2022-06-30,22.00,21.19,22.08,20.85,661836,1411002208.00,5.68,-2.08,-0.45,1.26
2022-07-01,21.28,21.64,22.05,20.98,507569,1103565344.00,5.05,2.12,0.45,0.97
2022-07-04,22.40,24.21,24.30,22.23,1270340,2970327888.00,9.57,11.88,2.57,2.42
2022-07-05,24.12,24.35,24.41,23.60,871721,2104201744.00,3.35,0.58,0.14,1.66
2022-07-06,23.67,23.88,24.19,23.43,631123,1509794560.00,3.12,-1.93,-0.47,1.20
2022-07-07,23.90,24.56,24.90,23.70,798346,1960430944.00,5.03,2.85,0.68,1.52
2022-07-08,24.65,24.90,25.09,24.32,728300,1813720032.00,3.14,1.38,0.34,1.39
2022-07-11,24.96,25.71,26.15,24.95,767537,1973876688.00,4.82,3.25,0.81,1.46
2022-07-12,25.40,24.78,25.89,24.72,581525,1469890223.00,4.55,-3.62,-0.93,1.11
2022-07-13,25.02,24.93,25.22,24.34,475262,1183238049.00,3.55,0.61,0.15,0.91
2022-07-14,24.71,24.82,25.10,24.42,382985,952050014.00,2.73,-0.44,-0.11,0.73
2022-07-15,24.60,23.99,24.89,23.90,575412,1400950221.00,3.99,-3.34,-0.83,1.10
2022-07-18,23.78,24.05,24.20,23.52,501113,1203786485.00,2.83,0.25,0.06,0.95
2022-07-19,24.05,24.01,24.34,23.36,430303,1030267682.00,4.07,-0.17,-0.04,0.82
2022-07-20,23.81,23.43,24.08,23.10,426888,1006889873.00,4.08,-2.42,-0.58,0.81
2022-07-21,23.43,23.80,24.30,23.23,452992,1082016153.00,4.57,1.58,0.37,0.86
2022-07-22,23.43,23.20,23.73,22.96,318427,744119421.00,3.24,-2.52,-0.60,0.61
2022-07-25,23.20,23.29,23.45,22.84,337951,785026574.00,2.63,0.39,0.09,0.64
2022-07-26,23.26,23.38,23.75,23.12,282285,664502970.00,2.71,0.39,0.09,0.54
2022-07-27,23.25,23.45,23.49,22.83,283036,658961654.00,2.82,0.30,0.07,0.54
2022-07-28,23.77,22.87,24.00,22.71,561545,1313101793.00,5.50,-2.47,-0.58,1.05
2022-07-29,22.66,23.94,24.23,22.66,879379,2082168045.00,6.86,4.68,1.07,1.65
2022-08-01,23.95,23.90,24.39,23.67,520347,1256118496.00,3.01,-0.17,-0.04,0.98
2022-08-02,23.55,23.76,24.30,23.30,418299,1002515187.00,4.18,-0.59,-0.14,0.78
2022-08-03,23.80,22.93,23.90,22.90,346362,810032988.00,4.21,-3.49,-0.83,0.65
2022-08-04,22.90,23.05,23.24,22.78,278892,643641051.00,2.01,0.52,0.12,0.52
2022-08-05,23.40,23.06,23.41,22.50,274935,633210436.00,3.95,0.04,0.01,0.52
2022-08-08,23.01,22.74,23.70,22.69,316298,731183268.00,4.38,-1.39,-0.32,0.59
2022-08-09,22.71,22.15,22.75,21.50,627403,1386359663.00,5.50,-2.59,-0.59,1.18
2022-08-10,22.16,21.98,22.43,21.73,260431,577183080.00,3.16,-0.77,-0.17,0.49
2022-08-11,22.17,22.10,22.19,21.72,234374,517281296.00,2.14,0.55,0.12,0.44
2022-08-12,22.02,22.05,22.19,21.80,180549,398884513.00,1.76,-0.23,-0.05,0.34
2022-08-15,22.06,21.97,22.31,21.74,359158,792934127.00,2.59,-0.36,-0.08,0.67
2022-08-16,21.94,22.87,23.03,21.82,475622,1079846878.00,5.51,4.10,0.90,0.89
2022-08-17,23.00,23.00,23.16,22.70,366471,843318776.00,2.01,0.57,0.13,0.69
2022-08-18,22.78,22.51,22.98,22.29,279611,633770606.00,3.00,-2.13,-0.49,0.52
2022-08-19,22.55,24.24,24.78,22.42,887577,2137685285.00,10.48,7.69,1.73,1.66
2022-08-22,24.22,24.71,24.95,24.11,577699,1427785147.00,3.47,1.94,0.47,1.08
2022-08-23,24.85,25.07,25.39,24.60,666709,1680015278.00,3.20,1.46,0.36,1.25
2022-08-24,25.07,24.67,25.47,24.38,510226,1277195228.00,4.35,-1.60,-0.40,0.96
2022-08-25,24.76,24.90,25.45,24.70,437764,1100192761.00,3.04,0.93,0.23,0.82
2022-08-26,24.85,25.09,25.33,24.54,459443,1152874956.00,3.17,0.76,0.19,0.86
2022-08-29,24.90,24.88,25.65,24.70,495461,1250967817.00,3.79,-0.84,-0.21,0.93
2022-08-30,24.60,24.59,24.90,24.00,367384,900804219.00,3.62,-1.17,-0.29,0.69
2022-08-31,24.52,23.62,24.90,23.62,362000,879940393.00,5.21,-3.94,-0.97,0.68
2022-09-01,23.89,23.92,24.39,23.63,379657,917111066.00,3.22,1.27,0.30,0.71
2022-09-02,23.93,23.94,24.28,23.73,241850,583347464.00,2.30,0.08,0.02,0.45
2022-09-05,24.18,24.04,24.50,23.52,287179,689348875.00,4.09,0.42,0.10,0.54
2022-09-06,23.99,23.79,24.26,23.65,311994,747135242.00,2.54,-1.04,-0.25,0.58
2022-09-07,23.57,23.80,23.96,23.45,231503,550747886.00,2.14,0.04,0.01,0.43
2022-09-08,23.75,23.02,24.11,22.90,490161,1149494763.00,5.08,-3.28,-0.78,0.92
2022-09-09,23.20,22.65,23.35,22.34,392162,890448081.00,4.39,-1.61,-0.37,0.73
2022-09-13,23.10,23.09,23.29,22.53,383313,884327874.00,3.36,1.94,0.44,0.72
2022-09-14,22.70,22.51,22.96,22.49,273998,623784182.00,2.04,-2.51,-0.58,0.51
2022-09-15,22.51,21.85,22.67,21.53,437007,961854424.00,5.06,-2.93,-0.66,0.82
2022-09-16,21.80,21.50,22.02,21.45,329817,719882651.00,2.61,-1.60,-0.35,0.62
2022-09-19,21.59,21.72,22.52,21.53,476221,1048990781.00,4.60,1.02,0.22,0.89
2022-09-20,21.73,21.21,21.95,21.10,390977,841657534.00,3.91,-2.35,-0.51,0.73
2022-09-21,21.06,20.67,21.33,20.67,418420,876913041.00,3.11,-2.55,-0.54,0.78
2022-09-22,20.67,20.40,20.92,20.31,313260,647055751.00,2.95,-1.31,-0.27,0.59
2022-09-23,20.30,20.51,20.68,19.84,409375,837256110.00,4.12,0.54,0.11,0.77
2022-09-26,20.39,19.79,20.59,19.65,488414,981489764.00,4.58,-3.51,-0.72,0.92
2022-09-27,19.89,20.20,20.34,19.62,385606,774390856.00,3.64,2.07,0.41,0.72
2022-09-28,20.10,20.15,20.68,20.01,307545,629112458.00,3.32,-0.25,-0.05,0.58
2022-09-29,20.50,20.09,20.74,19.95,277392,565510019.00,3.92,-0.30,-0.06,0.52
2022-09-30,20.10,20.41,20.82,20.01,369835,760466734.00,4.03,1.59,0.32,0.69
2022-10-10,21.43,21.74,22.05,21.21,821291,1787412485.00,4.12,6.52,1.33,1.54
2022-10-11,21.73,21.80,22.28,21.01,447521,982458774.00,5.84,0.28,0.06,0.84
2022-10-12,21.92,22.35,22.35,21.68,482155,1069727980.00,3.07,2.52,0.55,0.90
2022-10-13,22.09,22.36,22.87,22.03,454971,1022888569.00,3.76,0.04,0.01,0.85
2022-10-14,22.46,21.84,22.60,21.75,544900,1202481811.00,3.80,-2.33,-0.52,1.02
2022-10-17,21.66,21.85,21.99,21.34,401641,876059046.00,2.98,0.05,0.01,0.75
2022-10-18,21.84,21.88,22.39,21.61,349693,770831189.00,3.57,0.14,0.03,0.66
2022-10-19,21.70,20.80,22.19,20.80,483145,1029846952.00,6.35,-4.94,-1.08,0.91
2022-10-20,20.80,20.67,21.05,20.51,320387,667777973.00,2.60,-0.63,-0.13,0.60
2022-10-21,20.53,20.81,21.15,20.53,234741,491121235.00,3.00,0.68,0.14,0.44
2022-10-24,20.73,19.76,20.73,19.75,433797,875118687.00,4.71,-5.05,-1.05,0.81
2022-10-25,19.88,19.61,20.13,19.10,505543,992445169.00,5.21,-0.76,-0.15,0.95
2022-10-26,19.64,18.13,19.98,17.73,1292230,2416366499.00,11.47,-7.55,-1.48,2.42
2022-10-27,17.90,18.39,18.56,17.81,772928,1412952332.00,4.14,1.43,0.26,1.45
2022-10-28,18.18,17.87,18.30,17.65,487976,879507088.00,3.53,-2.83,-0.52,0.91
2022-10-31,17.70,17.80,18.00,17.60,452078,810387927.00,2.24,-0.39,-0.07,0.85
2022-11-01,17.67,18.36,18.48,17.64,559490,1025579808.00,4.72,3.15,0.56,1.05
2022-11-02,18.36,18.59,18.82,18.14,403774,753058971.00,3.70,1.25,0.23,0.76
2022-11-03,18.40,18.39,18.53,18.17,337437,621119272.00,1.94,-1.08,-0.20,0.63
2022-11-04,18.40,18.73,18.89,18.36,449483,844267024.00,2.88,1.85,0.34,0.84
2022-11-07,18.71,18.88,19.04,18.58,340118,643860688.00,2.46,0.80,0.15,0.64
2022-11-08,19.00,18.46,19.08,18.26,458019,853610540.00,4.34,-2.22,-0.42,0.86
2022-11-09,18.26,18.00,18.37,17.90,463073,839611664.00,2.55,-2.49,-0.46,0.87
2022-11-10,17.90,18.22,18.26,17.83,352209,639733026.00,2.39,1.22,0.22,0.66
2022-11-11,18.68,18.30,18.78,18.16,543367,1004161975.00,3.40,0.44,0.08,1.02
2022-11-14,18.40,18.12,18.43,17.80,706317,1282693085.00,3.44,-0.98,-0.18,1.32
2022-11-15,18.04,18.03,18.12,17.87,575330,1039513706.00,1.38,-0.50,-0.09,1.08
2022-11-16,18.05,17.70,18.15,17.67,567337,1020086870.00,2.66,-1.83,-0.33,1.06
2022-11-17,17.65,17.85,18.08,17.41,514377,919400241.00,3.79,0.85,0.15,0.96
2022-11-18,17.87,17.36,17.95,17.34,634945,1119449192.00,3.42,-2.75,-0.49,1.19
2022-11-21,17.06,17.19,17.23,16.90,361477,620676381.00,1.90,-0.98,-0.17,0.68
2022-11-22,17.15,17.35,17.61,17.15,349687,611864466.00,2.68,0.93,0.16,0.66
2022-11-23,17.26,17.02,17.36,16.78,414198,707809157.00,3.34,-1.90,-0.33,0.78
2022-11-24,17.01,17.16,17.35,16.98,271267,469039429.00,2.17,0.82,0.14,0.51
2022-11-25,17.15,17.32,17.41,17.11,250322,435067243.00,1.75,0.93,0.16,0.47
2022-11-28,16.94,17.32,17.32,16.90,297351,508737176.00,2.42,0.00,0.00,0.56
2022-11-29,17.35,17.58,17.64,17.32,349897,612819019.00,1.85,1.50,0.26,0.66
2022-11-30,17.61,17.96,18.10,17.57,592388,1061151800.00,3.01,2.16,0.38,1.11
2022-12-01,18.10,17.93,18.33,17.82,478050,862587982.00,2.84,-0.17,-0.03,0.90
2022-12-02,18.00,18.51,18.69,17.88,676298,1238871307.00,4.52,3.23,0.58,1.27
2022-12-05,18.84,18.70,19.00,18.34,706201,1316472297.00,3.57,1.03,0.19,1.32
2022-12-06,18.65,18.68,19.04,18.60,448757,842166205.00,2.35,-0.11,-0.02,0.84
2022-12-07,18.60,18.72,19.17,18.60,479831,903483369.00,3.05,0.21,0.04,0.90
2022-12-08,18.49,18.20,18.52,18.08,588443,1075106334.00,2.35,-2.78,-0.52,1.10
2022-12-09,18.14,18.20,18.20,17.83,472209,850146530.00,2.03,0.00,0.00,0.88
2022-12-12,17.98,17.81,18.33,17.79,448700,806829176.00,2.97,-2.14,-0.39,0.84
2022-12-13,17.85,18.70,18.92,17.78,822987,1522034732.00,6.40,5.00,0.89,1.54
2022-12-14,18.61,18.95,18.98,18.50,497637,935080321.00,2.57,1.34,0.25,0.93
2022-12-15,18.90,18.76,19.24,18.54,412273,775316420.00,3.69,-1.00,-0.19,0.77
2022-12-16,18.60,18.85,18.85,18.47,271246,507759876.00,2.03,0.48,0.09,0.51
2022-12-19,18.65,18.76,19.08,18.32,561052,1055031845.00,4.03,-0.48,-0.09,1.05
2022-12-20,18.67,18.58,18.79,18.30,394253,731666112.00,2.61,-0.96,-0.18,0.74
2022-12-21,18.50,19.18,19.39,18.41,644926,1233109259.00,5.27,3.23,0.60,1.21
2022-12-22,19.18,19.55,19.78,19.08,645707,1262756269.00,3.65,1.93,0.37,1.21
2022-12-23,19.50,19.03,19.59,19.00,353115,680504603.00,3.02,-2.66,-0.52,0.66
2022-12-26,19.25,19.42,19.50,19.18,391975,758484072.00,1.68,2.05,0.39,0.73
2022-12-27,19.40,19.78,20.00,19.35,391723,773352732.00,3.35,1.85,0.36,0.73
2022-12-28,19.61,19.28,19.87,19.21,348277,677173503.00,3.34,-2.53,-0.50,0.65
2022-12-29,19.25,19.01,19.25,18.91,309720,589854084.00,1.76,-1.40,-0.27,0.58
2022-12-30,19.18,19.63,19.75,19.00,388784,756780795.00,3.95,3.26,0.62,0.73