2018-01-02,6.69,6.66,6.69,6.53,6839,14567068.00,2.40,0.00,0.00,2.37
2018-01-03,6.65,6.69,6.74,6.59,10285,21977476.00,2.25,0.45,0.03,3.56
2018-01-04,6.78,6.59,6.78,6.58,12387,26605205.00,2.99,-1.49,-0.10,4.29
2018-01-05,6.59,6.61,6.66,6.58,7604,16135102.00,1.21,0.30,0.02,2.63
2018-01-08,6.62,6.48,6.63,6.43,12260,25571843.00,3.03,-1.97,-0.13,4.24
2018-01-09,6.47,6.47,6.51,6.45,6430,13372248.00,0.93,-0.15,-0.01,2.23
2018-01-10,6.51,6.35,6.51,6.28,8972,18369159.00,3.55,-1.85,-0.12,3.11
2018-01-11,6.32,6.45,6.50,6.32,8084,16737894.00,2.83,1.57,0.10,2.80
2018-01-12,6.40,6.34,6.44,6.32,9050,18549432.00,1.86,-1.71,-0.11,3.13
2018-01-15,6.33,5.98,6.33,5.97,16346,32131961.00,5.68,-5.68,-0.36,2.44
2018-01-16,6.00,6.22,6.22,6.00,10878,21343908.00,3.68,4.01,0.24,1.62
2018-01-17,6.18,6.22,6.30,6.03,9715,19284836.00,4.34,0.00,0.00,1.45
2018-01-18,6.22,6.17,6.25,6.15,8415,16753705.00,1.61,-0.80,-0.05,1.26
2018-01-19,6.19,6.25,6.44,6.19,15591,31721517.00,4.05,1.30,0.08,2.33
2018-03-27,6.90,6.90,6.90,6.90,2840,6282080.00,0.00,10.40,0.65,0.42
2018-03-28,7.60,7.60,7.60,7.60,9337,22716434.00,0.00,10.14,0.70,1.39
2018-03-29,7.65,7.65,8.06,7.50,89465,221824808.00,7.37,0.66,0.05,13.36
2018-03-30,7.39,7.85,8.40,7.30,99605,248757759.00,14.38,2.61,0.20,14.87
2018-04-02,7.88,7.63,8.13,7.61,71757,179137069.00,6.62,-2.80,-0.22,10.71
2018-04-03,7.34,7.23,7.46,7.03,62741,145481941.00,5.64,-5.24,-0.40,9.37
2018-04-04,7.27,7.30,7.65,7.27,54690,130155892.00,5.26,0.97,0.07,8.17
2018-04-09,7.18,7.51,7.65,7.12,55534,133331195.00,7.26,2.88,0.21,8.29
2018-04-10,7.56,7.16,7.56,6.98,44923,104001019.00,7.72,-4.66,-0.35,6.71
2018-04-11,7.21,7.42,7.46,7.06,40156,93398117.00,5.59,3.63,0.26,6.00
2018-04-12,7.37,7.30,7.59,7.26,35061,83323992.00,4.45,-1.62,-0.12,5.23
2018-04-13,7.36,7.30,7.53,7.27,30164,71475180.00,3.56,0.00,0.00,4.50
2018-04-16,7.15,7.30,7.38,7.14,24484,56988458.00,3.29,0.00,0.00,3.66
2018-04-17,7.27,6.84,7.44,6.70,28104,64505389.00,10.14,-6.30,-0.46,4.20
2018-04-18,6.91,6.81,6.92,6.41,26075,55956899.00,7.46,-0.44,-0.03,3.89
2018-04-19,6.83,6.82,6.97,6.70,21991,48216800.00,3.96,0.15,0.01,3.28
2018-04-20,6.76,6.45,6.88,6.44,18632,39981817.00,6.45,-5.43,-0.37,2.78
2018-04-23,6.53,6.50,6.62,6.39,16687,34748371.00,3.57,0.78,0.05,2.49
2018-04-24,6.59,6.76,6.79,6.50,15929,34139060.00,4.46,4.00,0.26,2.38
2018-04-25,6.76,6.90,6.97,6.68,22545,49492879.00,4.29,2.07,0.14,3.37
2018-04-26,6.91,6.59,6.92,6.54,16619,35932426.00,5.51,-4.49,-0.31,2.48
2018-04-27,6.59,6.64,6.74,6.54,10150,21661283.00,3.03,0.76,0.05,1.52
2018-05-02,6.73,6.51,6.73,6.38,11072,23283338.00,5.27,-1.96,-0.13,1.65
2018-05-03,6.45,6.59,6.62,6.35,12462,25975462.00,4.15,1.23,0.08,1.86
2018-05-04,6.57,6.59,6.67,6.52,10812,22948825.00,2.28,0.00,0.00,1.61
2018-05-07,6.60,6.73,6.77,6.59,9603,20708791.00,2.73,2.12,0.14,1.43
2018-05-08,6.73,6.83,6.96,6.71,13717,30140124.00,3.71,1.49,0.10,2.05
2018-05-09,6.80,6.93,6.98,6.80,13726,30388246.00,2.64,1.46,0.10,2.05
2018-05-10,6.93,6.98,6.99,6.87,14229,31621943.00,1.73,0.72,0.05,2.12
2018-05-11,6.93,6.72,6.98,6.72,15198,33323083.00,3.72,-3.72,-0.26,2.27
2018-05-14,6.75,6.62,6.87,6.58,12833,27814577.00,4.32,-1.49,-0.10,1.92
2018-05-15,6.68,6.83,6.83,6.60,9847,21237894.00,3.47,3.17,0.21,1.47
2018-05-16,6.87,6.66,6.87,6.66,9367,20314954.00,3.07,-2.49,-0.17,1.40
2018-05-17,6.66,6.75,6.79,6.65,9308,20117846.00,2.10,1.35,0.09,1.39
2018-05-18,6.74,6.87,6.89,6.72,14374,31524324.00,2.52,1.78,0.12,2.15
2018-05-21,6.89,6.97,6.98,6.89,16562,36871462.00,1.31,1.46,0.10,2.47
2018-05-22,6.97,7.10,7.14,6.83,27103,60936118.00,4.45,1.87,0.13,4.05
2018-05-23,7.10,6.94,7.10,6.92,14402,32345844.00,2.54,-2.25,-0.16,2.15
2018-05-24,6.95,7.00,7.03,6.92,10609,23730207.00,1.59,0.86,0.06,1.58
2018-05-25,7.01,7.19,7.27,6.95,28655,65811272.00,4.57,2.71,0.19,4.28
2018-05-28,7.12,6.98,7.19,6.97,18399,41773788.00,3.06,-2.92,-0.21,2.75
2018-05-29,6.98,7.06,7.70,6.95,24147,55571264.00,10.74,1.15,0.08,3.61
2018-05-30,6.85,6.40,6.85,6.34,17726,37599463.00,7.22,-9.35,-0.66,2.65
2018-05-31,6.46,6.56,6.63,6.46,10252,21559221.00,2.66,2.50,0.16,1.53
2018-06-01,6.52,6.43,6.68,6.40,8494,17788632.00,4.27,-1.98,-0.13,1.27
2018-06-04,6.47,6.50,6.73,6.40,6991,14694800.00,5.13,1.09,0.07,1.04
2018-06-05,6.51,6.65,6.65,6.47,7736,16400064.00,2.77,2.31,0.15,1.16
2018-06-06,6.58,6.62,6.67,6.54,11516,24406160.00,1.95,-0.45,-0.03,1.72
2018-06-07,6.63,6.29,6.68,6.29,15208,31695422.00,5.89,-4.98,-0.33,2.27
2018-06-08,6.32,6.25,6.40,6.17,10009,20137079.00,3.66,-0.64,-0.04,1.49
2018-06-11,6.26,6.18,6.31,6.17,5209,10451246.00,2.24,-1.12,-0.07,0.78
2018-06-12,6.18,6.23,6.24,6.02,7734,15287321.00,3.56,0.81,0.05,1.15
2018-06-13,6.22,6.02,6.27,6.02,6692,13255411.00,4.01,-3.37,-0.21,1.00
2018-06-14,5.95,6.03,6.12,5.94,4186,8139914.00,2.99,0.17,0.01,0.62
2018-06-15,6.09,5.78,6.09,5.74,6249,11811385.00,5.80,-4.15,-0.25,0.93
2018-06-19,5.71,5.18,5.80,5.18,9020,15624342.00,10.73,-10.38,-0.60,1.35
2018-06-20,5.18,5.34,5.41,5.18,8043,13715576.00,4.44,3.09,0.16,1.20
2018-06-21,5.34,4.99,5.38,4.96,10623,17751808.00,7.87,-6.55,-0.35,1.59
2018-06-22,5.03,5.06,5.17,4.96,7579,12404481.00,4.21,1.40,0.07,1.13
2018-06-25,5.26,5.07,5.26,5.06,6315,10504027.00,3.95,0.20,0.01,0.94
2018-06-26,5.02,5.19,5.21,4.92,6671,11035208.00,5.72,2.37,0.12,1.00
2018-06-27,5.25,5.23,5.32,5.19,10550,17856746.00,2.50,0.77,0.04,1.58
2018-06-28,5.17,5.25,5.34,5.14,10274,17346513.00,3.82,0.38,0.02,1.53
2018-06-29,5.18,5.42,5.66,5.18,10381,17967359.00,9.14,3.24,0.17,1.55
2018-07-02,5.34,5.27,5.43,5.22,7662,13231669.00,3.87,-2.77,-0.15,1.15
2018-07-03,5.30,5.43,5.46,5.26,11268,19562691.00,3.80,3.04,0.16,1.68
2018-07-04,5.47,5.33,5.49,5.26,8411,14567069.00,4.24,-1.84,-0.10,1.26
2018-07-05,5.34,5.23,5.40,5.21,6053,10351980.00,3.56,-1.88,-0.10,0.90
2018-07-06,5.32,5.28,5.39,5.18,7804,13364542.00,4.02,0.96,0.05,1.17
2018-07-09,5.18,5.35,5.37,5.18,6700,11483871.00,3.60,1.33,0.07,1.00
2018-07-10,5.34,5.37,5.38,5.30,5881,10102093.00,1.50,0.37,0.02,0.88
2018-07-11,5.31,5.14,5.31,5.06,7914,13234862.00,4.66,-4.28,-0.23,1.18
2018-07-12,5.24,5.38,5.39,5.23,9376,16055230.00,3.11,4.67,0.24,1.40
2018-07-13,5.43,5.44,5.56,5.40,11598,20431185.00,2.97,1.12,0.06,1.73
2018-07-16,5.49,5.52,5.58,5.41,9054,16092172.00,3.13,1.47,0.08,1.35
2018-07-17,5.53,5.56,5.63,5.46,8025,14322034.00,3.08,0.72,0.04,1.20
2018-07-18,5.65,5.67,5.78,5.53,14688,26729507.00,4.50,1.98,0.11,2.20
2018-07-19,5.67,5.61,5.76,5.51,10571,19165753.00,4.41,-1.06,-0.06,1.58
2018-07-20,5.60,5.57,5.62,5.47,10339,18450663.00,2.67,-0.71,-0.04,1.55
2018-07-23,5.56,5.65,5.71,5.54,10363,18787960.00,3.05,1.44,0.08,1.55
2018-07-24,5.65,5.69,5.75,5.60,10332,18849828.00,2.65,0.71,0.04,1.54
2018-07-25,5.72,5.62,5.75,5.61,7742,14110732.00,2.46,-1.23,-0.07,1.16
2018-07-26,5.65,5.60,5.67,5.54,8502,15304974.00,2.31,-0.36,-0.02,1.27
2018-07-27,5.60,5.66,5.71,5.57,6863,12444255.00,2.50,1.07,0.06,1.03
2018-07-30,5.67,5.61,5.70,5.50,6669,12002423.00,3.53,-0.88,-0.05,1.00
2018-07-31,5.60,5.58,5.62,5.47,6179,11045503.00,2.67,-0.53,-0.03,0.92
2018-08-01,5.49,5.27,5.49,5.26,13920,24003306.00,4.12,-5.56,-0.31,2.08
2018-08-02,5.20,5.27,5.29,4.89,12402,20378588.00,7.59,0.00,0.00,1.85
2018-08-03,5.04,5.01,5.10,5.01,12247,19966536.00,1.71,-4.93,-0.26,1.83
2018-08-06,5.02,4.80,5.02,4.80,7712,12258165.00,4.39,-4.19,-0.21,1.15
2018-08-07,4.81,4.96,5.01,4.77,6124,9693018.00,5.00,3.33,0.16,0.92
2018-08-08,4.96,4.85,4.97,4.83,4265,6732605.00,2.82,-2.22,-0.11,0.64
2018-08-09,4.73,5.01,5.04,4.73,10598,16978777.00,6.39,3.30,0.16,1.58
2018-08-10,4.96,5.02,5.06,4.96,5793,9370330.00,2.00,0.20,0.01,0.87
2018-08-13,4.95,5.08,5.10,4.92,7103,11475075.00,3.59,1.20,0.06,1.06
2018-08-14,5.03,5.03,5.09,4.99,4671,7596615.00,1.97,-0.98,-0.05,0.70
2018-08-15,5.01,4.94,5.10,4.91,6674,10769087.00,3.78,-1.79,-0.09,1.00
2018-08-16,4.90,4.93,5.00,4.75,6351,10121067.00,5.06,-0.20,-0.01,0.95
2018-08-17,5.01,4.84,5.04,4.84,5922,9441815.00,4.06,-1.83,-0.09,0.88
2018-08-20,4.83,5.01,5.02,4.77,7381,11648035.00,5.17,3.51,0.17,1.10
2018-08-21,5.01,5.22,5.52,4.93,21350,36239349.00,11.78,4.19,0.21,3.19
2018-08-22,5.12,5.05,5.14,5.03,13221,21647986.00,2.11,-3.26,-0.17,1.98
2018-08-23,5.05,5.10,5.17,5.01,10149,16708427.00,3.17,0.99,0.05,1.52
2018-08-24,5.09,4.94,5.09,4.93,10112,16362767.00,3.14,-3.14,-0.16,1.51
2018-08-27,5.00,5.10,5.18,4.94,15108,24773462.00,4.86,3.24,0.16,2.26
2018-08-28,5.14,5.22,5.37,5.07,18897,31819142.00,5.88,2.35,0.12,2.82
2018-08-29,5.21,5.15,5.26,5.10,11151,18560288.00,3.07,-1.34,-0.07,1.67
2018-08-30,5.18,5.04,5.21,5.02,7795,12870146.00,3.69,-2.14,-0.11,1.16
2018-08-31,5.06,5.15,5.27,5.01,16068,26659346.00,5.16,2.18,0.11,2.40
2018-09-03,5.11,5.03,5.11,4.80,12786,20494586.00,6.02,-2.33,-0.12,1.91
2018-09-04,5.00,5.12,5.15,4.91,13033,21319106.00,4.77,1.79,0.09,1.95
2018-09-05,5.11,5.02,5.21,5.01,15097,24894491.00,3.91,-1.95,-0.10,2.26
2018-09-06,5.01,5.14,5.18,4.97,13217,21769360.00,4.18,2.39,0.12,1.98
2018-09-07,5.17,5.11,5.24,5.03,14823,24561242.00,4.09,-0.58,-0.03,2.22
2018-09-10,5.05,4.88,5.14,4.86,12744,20429588.00,5.48,-4.50,-0.23,1.90
2018-09-11,4.83,4.91,4.99,4.80,7266,11540954.00,3.89,0.61,0.03,1.09
2018-09-12,4.96,4.91,4.99,4.88,6342,10109213.00,2.24,0.00,0.00,0.95
2018-09-13,4.94,5.17,5.17,4.94,17396,28418706.00,4.68,5.30,0.26,2.60
2018-09-14,5.17,5.13,5.49,5.11,24824,42177464.00,7.35,-0.77,-0.04,3.71
2018-09-17,5.02,5.09,5.09,4.90,13428,21717826.00,3.70,-0.78,-0.04,2.01
2018-09-18,5.04,5.44,5.61,5.03,50176,87987871.00,11.39,6.88,0.35,7.50
2018-09-19,5.35,5.63,5.74,5.30,50263,88988011.00,8.09,3.49,0.19,7.51
2018-09-20,5.53,5.45,5.56,5.42,22663,39993462.00,2.49,-3.20,-0.18,3.39
2018-09-21,5.44,5.44,5.57,5.41,17330,30586092.00,2.94,-0.18,-0.01,2.59
2018-09-25,5.43,5.42,5.47,5.36,10849,18878686.00,2.02,-0.37,-0.02,1.62
2018-09-26,5.42,5.39,5.45,5.31,17843,30749717.00,2.58,-0.55,-0.03,2.67
2018-09-27,5.37,5.20,5.37,5.16,16249,27461118.00,3.90,-3.53,-0.19,2.43
2018-09-28,5.20,5.25,5.27,5.18,10323,17380948.00,1.73,0.96,0.05,1.54
2018-10-08,5.15,4.88,5.15,4.85,13954,22326756.00,5.71,-7.05,-0.37,2.09
2018-10-09,4.88,4.87,4.95,4.83,8323,13103121.00,2.46,-0.20,-0.01,1.24
2018-10-10,4.87,4.93,5.01,4.87,8393,13370142.00,2.87,1.23,0.06,1.25
2018-10-11,4.73,4.43,4.76,4.43,12693,18781330.00,6.69,-10.14,-0.50,1.90
2018-10-12,4.42,4.39,4.49,4.18,11121,15688934.00,7.00,-0.90,-0.04,1.66
2018-10-15,4.39,4.40,4.50,4.38,8430,12130879.00,2.73,0.23,0.01,1.26
2018-10-16,4.46,4.35,4.56,4.35,9848,14214670.00,4.77,-1.14,-0.05,1.47
2018-10-17,4.48,4.41,4.49,4.26,8827,12588158.00,5.29,1.38,0.06,1.32
2018-10-18,4.40,4.27,4.40,4.23,7885,10993827.00,3.85,-3.17,-0.14,1.18
2018-10-19,4.20,4.39,4.40,4.20,8610,12074444.00,4.68,2.81,0.12,1.29
2018-10-22,4.39,4.59,4.64,4.39,13288,19544493.00,5.69,4.56,0.20,1.99
2018-10-23,4.58,4.52,4.64,4.50,10254,15141060.00,3.05,-1.53,-0.07,1.53
2018-10-24,4.52,4.54,4.70,4.47,8700,12863367.00,5.09,0.44,0.02,1.30
2018-10-25,4.37,4.40,4.44,4.29,11374,16074582.00,3.30,-3.08,-0.14,1.70
2018-10-26,4.44,4.51,4.64,4.39,15701,22882871.00,5.68,2.50,0.11,2.35
2018-10-29,4.45,4.40,4.51,4.36,7059,10148513.00,3.33,-2.44,-0.11,1.05
2018-10-30,4.44,4.45,4.49,4.34,7070,10100270.00,3.41,1.14,0.05,1.06
2018-10-31,4.44,4.52,4.55,4.44,9995,14557633.00,2.47,1.57,0.07,1.49
2018-11-01,4.53,4.54,4.66,4.53,14678,21787604.00,2.88,0.44,0.02,2.19
2018-11-02,4.62,4.70,4.72,4.58,15481,23246807.00,3.08,3.52,0.16,2.31
2018-11-05,4.70,4.65,4.74,4.59,13205,19954704.00,3.19,-1.06,-0.05,1.97
2018-11-06,4.61,4.59,4.64,4.53,12760,18850993.00,2.37,-1.29,-0.06,1.91
2018-11-07,4.59,4.62,4.74,4.57,13826,20730053.00,3.70,0.65,0.03,2.07
2018-11-08,4.61,4.54,4.65,4.53,12099,17939053.00,2.60,-1.73,-0.08,1.81
2018-11-09,4.55,4.59,4.70,4.52,13537,20234557.00,3.96,1.10,0.05,2.02
2018-11-12,4.56,4.74,4.74,4.55,14695,22211990.00,4.14,3.27,0.15,2.20
2018-11-13,4.67,4.79,4.82,4.66,16145,24803498.00,3.38,1.05,0.05,2.41
2018-11-14,4.78,4.77,4.83,4.74,12283,18983715.00,1.88,-0.42,-0.02,1.84
2018-11-15,4.78,4.97,4.97,4.77,20531,32361674.00,4.19,4.19,0.20,3.07
2018-11-16,5.04,4.98,5.08,4.95,19020,30662045.00,2.62,0.20,0.01,2.84
2018-11-19,4.95,5.05,5.06,4.94,13636,21972432.00,2.41,1.41,0.07,2.04
2018-11-20,5.02,4.92,5.04,4.83,12583,20086714.00,4.16,-2.57,-0.13,1.88
2018-11-21,4.88,4.94,4.96,4.82,11789,18659825.00,2.85,0.41,0.02,1.76
2018-11-22,4.94,4.96,5.01,4.90,10331,16497942.00,2.23,0.40,0.02,1.54
2018-11-23,4.96,4.56,5.01,4.55,13191,20167889.00,9.27,-8.06,-0.40,1.97
2018-11-26,4.50,4.58,4.63,4.50,14234,21133096.00,2.85,0.44,0.02,2.13
2018-11-27,4.66,4.69,4.69,4.61,16693,25107800.00,1.75,2.40,0.11,2.49
2018-11-28,4.69,4.84,4.89,4.68,17757,27467506.00,4.48,3.20,0.15,2.65
2018-11-29,4.88,4.66,4.96,4.62,15990,24779445.00,7.02,-3.72,-0.18,2.39
2018-11-30,4.63,4.76,4.77,4.58,13569,20464950.00,4.08,2.15,0.10,2.03
2018-12-03,4.92,4.86,4.95,4.83,16656,26271035.00,2.52,2.10,0.10,2.49
2018-12-04,4.85,4.91,4.96,4.85,11749,18620899.00,2.26,1.03,0.05,1.76
2018-12-05,4.78,4.90,4.92,4.64,12387,19294931.00,5.70,-0.20,-0.01,1.85
2018-12-06,4.88,4.77,4.88,4.73,10215,15790755.00,3.06,-2.65,-0.13,1.53
2018-12-07,4.75,4.76,4.85,4.74,8504,13166907.00,2.31,-0.21,-0.01,1.27
2018-12-10,4.68,4.70,4.86,4.65,9214,14145487.00,4.41,-1.26,-0.06,1.38
2018-12-11,4.72,4.96,5.01,4.70,27280,43185928.00,6.60,5.53,0.26,4.08
2018-12-12,4.95,4.87,4.96,4.81,18077,28393661.00,3.02,-1.81,-0.09,2.70
2018-12-13,4.86,4.89,4.96,4.84,19709,31164929.00,2.46,0.41,0.02,2.95
2018-12-14,4.90,4.92,5.14,4.86,31991,51348692.00,5.73,0.61,0.03,4.78
2018-12-17,4.85,4.77,4.88,4.71,21994,33794532.00,3.46,-3.05,-0.15,3.29
2018-12-18,4.70,4.67,4.75,4.55,16525,24890130.00,4.19,-2.10,-0.10,2.47
2018-12-19,4.67,4.63,4.76,4.62,12093,18358942.00,3.00,-0.86,-0.04,1.81
2018-12-20,4.63,4.72,4.72,4.55,8945,13471054.00,3.67,1.94,0.09,1.34
2018-12-21,4.71,4.71,4.74,4.63,8137,12328407.00,2.33,-0.21,-0.01,1.22
2018-12-24,4.70,5.03,5.18,4.67,44753,71719434.00,10.83,6.79,0.32,6.69
2018-12-25,4.93,5.23,5.39,4.90,73568,122152644.00,9.74,3.98,0.20,11.00
2018-12-26,5.19,5.17,5.24,5.10,45658,76034769.00,2.68,-1.15,-0.06,6.82
2018-12-27,5.18,5.08,5.26,5.06,36045,59795496.00,3.87,-1.74,-0.09,5.39
2018-12-28,5.07,5.06,5.16,4.96,22623,36993722.00,3.94,-0.39,-0.02,3.38