2023-01-03,10.90,11.26,11.34,10.88,47713,53237190.00,4.19,2.55,0.28,1.13
2023-01-04,11.20,11.20,11.31,11.16,31752,35671827.00,1.33,-0.53,-0.06,0.75
2023-01-05,11.21,11.24,11.29,11.11,34519,38656250.00,1.61,0.36,0.04,0.82
2023-01-06,11.21,11.14,11.25,11.10,35366,39499946.00,1.33,-0.89,-0.10,0.84
2023-01-09,11.16,11.11,11.22,11.06,28925,32204692.00,1.44,-0.27,-0.03,0.69
2023-01-10,11.11,10.97,11.11,10.88,34218,37552749.00,2.07,-1.26,-0.14,0.81
2023-01-11,11.08,10.74,11.09,10.73,37496,40722649.00,3.28,-2.10,-0.23,0.89
2023-01-12,11.12,11.24,11.39,11.00,110783,124073338.00,3.63,4.66,0.50,2.63
2023-01-13,11.15,11.35,11.52,11.06,93821,106520133.00,4.09,0.98,0.11,2.23
2023-01-16,11.90,12.49,12.49,11.88,91284,112795143.00,5.37,10.04,1.14,2.17
2023-01-17,13.50,12.79,13.50,12.61,427896,552465100.00,7.13,2.40,0.30,10.16
2023-01-18,12.71,12.78,13.17,12.67,251542,323566163.00,3.91,-0.08,-0.01,5.97
2023-01-19,12.62,13.03,13.16,12.61,207029,267973441.00,4.30,1.96,0.25,4.91
2023-01-20,13.13,13.42,13.77,13.03,224330,300768003.00,5.68,2.99,0.39,5.32
2023-01-30,14.00,14.34,14.76,13.72,343840,495431845.00,7.75,6.86,0.92,8.16
2023-01-31,14.50,14.47,15.13,14.26,380773,555061666.00,6.07,0.91,0.13,9.04
2023-02-01,14.60,14.71,14.98,14.26,300998,439681692.00,4.98,1.66,0.24,7.14
2023-02-02,14.73,13.99,14.80,13.80,329071,464675800.00,6.80,-4.89,-0.72,7.81
2023-02-03,13.99,14.19,14.36,13.90,239791,339225735.00,3.29,1.43,0.20,5.69
2023-02-06,14.30,14.17,14.55,14.07,237662,339581987.00,3.38,-0.14,-0.02,5.64
2023-02-07,14.15,14.72,14.89,14.12,281709,412189932.00,5.43,3.88,0.55,6.69
2023-02-08,14.54,14.29,14.54,14.20,165243,236922732.00,2.31,-2.92,-0.43,3.92
2023-02-09,14.26,14.42,14.56,14.15,132397,191199935.00,2.87,0.91,0.13,3.14
2023-02-10,14.36,14.75,14.86,14.30,169985,249164249.00,3.88,2.29,0.33,4.03
2023-02-13,15.05,16.23,16.23,14.53,280028,440192578.00,11.53,10.03,1.48,6.65
2023-02-14,17.20,16.22,17.85,16.17,575552,966502708.00,10.35,-0.06,-0.01,13.66
2023-02-15,16.04,17.20,17.78,15.63,488547,814699293.00,13.26,6.04,0.98,11.60
2023-02-16,17.00,16.38,17.43,16.09,338524,565313003.00,7.79,-4.77,-0.82,8.04
2023-02-17,16.30,18.02,18.02,16.07,415226,714490544.00,11.90,10.01,1.64,9.86
2023-02-20,18.00,18.60,19.49,17.51,500513,929046842.00,10.99,3.22,0.58,11.88
2023-02-21,18.60,18.74,18.96,17.87,346402,639064206.00,5.86,0.75,0.14,8.22
2023-02-22,18.40,17.87,18.47,17.70,262986,473462008.00,4.11,-4.64,-0.87,6.24
2023-02-23,17.75,18.05,18.71,17.56,240867,439418912.00,6.44,1.01,0.18,5.72
2023-02-24,17.90,18.08,18.60,17.66,218145,395207538.00,5.21,0.17,0.03,5.18
2023-02-27,17.86,16.95,18.00,16.88,279771,483481576.00,6.19,-6.25,-1.13,6.64
2023-02-28,17.05,17.26,17.44,16.78,177457,302509521.00,3.89,1.83,0.31,4.21
2023-03-01,17.20,17.26,17.40,16.93,143528,247092475.00,2.72,0.00,0.00,3.41
2023-03-02,17.24,17.16,17.38,17.02,120712,206999456.00,2.09,-0.58,-0.10,2.87
2023-03-03,17.19,17.33,17.45,17.13,156110,270425470.00,1.86,0.99,0.17,3.71
2023-03-06,17.38,17.60,17.76,17.00,195225,341080955.00,4.39,1.56,0.27,4.63
2023-03-07,17.40,16.35,17.46,16.34,215751,364314477.00,6.36,-7.10,-1.25,5.12
2023-03-08,16.30,16.97,17.00,16.28,158532,266692124.00,4.40,3.79,0.62,3.76
2023-03-09,16.91,16.64,16.97,16.37,110800,183737423.00,3.54,-1.94,-0.33,2.63
2023-03-10,16.65,16.33,16.85,16.27,113489,186989110.00,3.49,-1.86,-0.31,2.69
2023-03-13,16.26,16.31,16.46,16.01,104415,169131872.00,2.76,-0.12,-0.02,2.48