2023-01-03,6.07,6.11,6.13,5.97,174752,106015727.83,2.63,0.33,0.02,0.43
2023-01-04,6.11,6.14,6.15,6.08,149571,91545129.82,1.15,0.49,0.03,0.36
2023-01-05,6.15,6.17,6.22,6.13,191946,118438747.63,1.47,0.49,0.03,0.47
2023-01-06,6.17,6.16,6.21,6.14,122132,75354417.75,1.13,-0.16,-0.01,0.30
2023-01-09,6.17,6.19,6.26,6.16,203242,126374452.97,1.62,0.49,0.03,0.49
2023-01-10,6.20,6.17,6.25,6.16,129019,79997861.58,1.45,-0.32,-0.02,0.31
2023-01-11,6.19,6.12,6.19,6.11,128526,79081940.77,1.30,-0.81,-0.05,0.31
2023-01-12,6.13,6.16,6.16,6.09,112367,68914144.69,1.14,0.65,0.04,0.27
2023-01-13,6.18,6.30,6.31,6.15,259637,162077527.56,2.60,2.27,0.14,0.63
2023-01-16,6.31,6.53,6.73,6.31,763691,498996261.06,6.67,3.65,0.23,1.86
2023-01-17,6.52,6.61,6.63,6.49,395262,259360365.28,2.14,1.23,0.08,0.96
2023-01-18,6.63,6.81,6.97,6.58,765207,523317495.02,5.90,3.03,0.20,1.86
2023-01-19,6.81,6.85,6.86,6.71,500619,340977707.63,2.20,0.59,0.04,1.22
2023-01-20,6.89,6.76,6.92,6.71,364246,246563739.54,3.07,-1.31,-0.09,0.89
2023-01-30,6.83,6.65,6.86,6.64,429240,287555261.71,3.25,-1.63,-0.11,1.04
2023-01-31,6.67,6.64,6.72,6.60,250517,166514409.96,1.80,-0.15,-0.01,0.61
2023-02-01,6.67,6.77,6.77,6.63,347242,232802088.98,2.11,1.96,0.13,0.85
2023-02-02,6.86,6.68,6.89,6.67,420169,283301390.38,3.25,-1.33,-0.09,1.02
2023-02-03,6.67,6.71,6.72,6.50,270674,180256124.47,3.29,0.45,0.03,0.66
2023-02-06,6.65,6.68,6.72,6.63,205148,137095883.83,1.34,-0.45,-0.03,0.50
2023-02-07,6.71,6.69,6.77,6.66,86163,57723679.72,1.65,0.15,0.01,0.21