2023-01-03,51.21,52.30,52.49,50.85,3669,18999587.00,3.20,2.11,1.08,1.32
2023-01-04,52.39,51.62,52.70,51.60,4269,22286532.00,2.10,-1.30,-0.68,1.53
2023-01-05,51.62,52.25,52.71,51.28,5398,28164384.00,2.77,1.22,0.63,1.94
2023-01-06,52.28,51.80,52.46,51.80,2740,14261754.00,1.26,-0.86,-0.45,0.98
2023-01-09,51.80,50.88,51.96,50.86,4752,24380172.00,2.12,-1.78,-0.92,1.71
2023-01-10,50.68,51.01,52.23,50.61,3979,20465059.00,3.18,0.26,0.13,1.43
2023-01-11,51.47,50.04,51.59,49.91,5466,27600942.00,3.29,-1.90,-0.97,1.96
2023-01-12,50.04,49.71,50.50,49.52,2503,12510875.00,1.96,-0.66,-0.33,0.90
2023-01-13,49.71,50.05,50.36,49.58,2737,13686067.00,1.57,0.68,0.34,0.98
2023-01-16,50.10,52.27,53.18,49.30,17115,88708808.00,7.75,4.44,2.22,5.88
2023-01-17,52.50,55.58,57.60,51.92,22828,127271440.00,10.87,6.33,3.31,7.84
2023-01-18,56.51,58.13,59.28,55.45,20751,120617823.00,6.89,4.59,2.55,7.13
2023-01-19,57.87,60.88,61.16,57.75,22755,136512974.00,5.87,4.73,2.75,7.82
2023-01-20,60.74,59.72,60.99,59.63,12991,78325447.00,2.23,-1.91,-1.16,4.46
2023-01-30,60.11,60.09,62.26,59.88,16663,101317700.00,3.99,0.62,0.37,5.73
2023-01-31,60.09,58.24,60.10,58.00,10274,60360609.00,3.49,-3.08,-1.85,3.53
2023-02-01,58.43,58.96,60.00,58.28,4340,25609934.00,2.95,1.24,0.72,1.49
2023-02-02,58.77,60.78,62.19,58.77,15414,93794807.00,5.80,3.09,1.82,5.30
2023-02-03,61.00,60.78,61.69,59.85,6480,39260473.00,3.03,0.00,0.00,2.23
2023-02-06,60.13,59.46,60.94,59.16,5561,33241724.00,2.93,-2.17,-1.32,1.91
2023-02-07,60.71,62.99,65.37,60.06,26032,162693511.00,8.93,5.94,3.53,8.95
2023-02-08,61.90,61.50,63.45,61.13,9698,60112185.00,3.68,-2.37,-1.49,3.33
2023-02-09,62.60,64.42,64.97,61.20,17819,113510235.00,6.13,4.75,2.92,6.12
2023-02-10,66.93,67.38,73.00,66.49,40626,281029183.00,10.11,4.59,2.96,13.96
2023-02-13,68.05,65.38,69.00,64.31,23497,154546952.00,6.96,-2.97,-2.00,8.07
2023-02-14,66.63,66.46,66.87,64.80,15298,101267791.00,3.17,1.65,1.08,5.26
2023-02-15,66.30,64.38,67.44,64.24,10508,68184725.00,4.81,-3.13,-2.08,3.61
2023-02-16,64.34,60.80,64.34,60.62,14538,90692532.00,5.78,-5.56,-3.58,5.00
2023-02-17,60.85,59.16,61.00,58.95,7813,46683502.00,3.37,-2.70,-1.64,2.68
2023-02-20,59.16,61.83,62.08,58.53,9924,60032590.00,6.00,4.51,2.67,3.41
2023-02-21,61.88,61.30,62.22,60.91,3668,22575125.00,2.12,-0.86,-0.53,1.26
2023-02-22,61.29,60.80,61.61,60.15,4088,24841500.00,2.38,-0.82,-0.50,1.40