2018-01-02,7.36,7.45,7.50,7.10,644336,502355264.00,5.44,1.36,0.10,2.85
2018-01-03,7.47,7.62,7.68,7.44,488778,394457088.00,3.22,2.28,0.17,2.16
2018-01-04,7.62,7.67,7.70,7.55,426958,346040864.00,1.97,0.66,0.05,1.89
2018-01-05,7.64,7.58,7.68,7.56,360636,291465584.00,1.56,-1.17,-0.09,1.59
2018-01-08,7.55,7.43,7.57,7.24,559886,440012560.00,4.35,-1.98,-0.15,2.47
2018-01-09,7.42,7.44,7.51,7.30,312144,246383200.00,2.83,0.13,0.01,1.38
2018-01-10,7.43,7.24,7.43,7.19,387020,301005584.00,3.23,-2.69,-0.20,1.71
2018-01-11,7.22,7.37,7.45,7.13,398790,310625408.00,4.42,1.80,0.13,1.76
2018-01-12,7.33,7.29,7.44,7.25,232401,181451064.00,2.58,-1.09,-0.08,1.03
2018-01-15,7.27,6.70,7.29,6.58,608387,455864224.00,9.74,-8.09,-0.59,2.69
2018-01-16,6.73,6.76,6.97,6.69,486547,355813088.00,4.18,0.90,0.06,2.15
2018-01-17,6.71,6.89,6.92,6.46,552089,396929184.00,6.80,1.92,0.13,2.44
2018-01-18,6.83,6.75,6.93,6.73,300963,219483592.00,2.90,-2.03,-0.14,1.33
2018-01-19,6.82,6.66,6.89,6.62,402252,290542928.00,4.00,-1.33,-0.09,1.78
2018-01-22,6.59,6.78,6.81,6.50,478244,342540608.00,4.65,1.80,0.12,2.11
2018-01-23,6.81,6.66,6.81,6.64,323521,232541033.00,2.51,-1.77,-0.12,1.43
2018-01-24,6.64,7.04,7.17,6.58,865685,640076096.00,8.86,5.71,0.38,3.83
2018-01-25,6.99,7.03,7.36,6.94,733312,560348784.00,5.97,-0.14,-0.01,3.24
2018-01-26,7.02,7.12,7.24,7.00,438843,334130544.00,3.41,1.28,0.09,1.94
2018-01-29,7.14,7.15,7.29,7.06,447236,341219696.00,3.23,0.42,0.03,1.98
2018-01-30,7.15,6.99,7.26,6.94,428966,324330752.00,4.48,-2.24,-0.16,1.90
2018-01-31,6.58,6.63,6.82,6.56,615558,438932400.00,3.72,-5.15,-0.36,2.72
2018-02-01,6.64,6.26,6.74,6.18,498567,349246224.00,8.45,-5.58,-0.37,2.20
2018-02-02,6.18,6.33,6.50,6.17,457587,312938816.00,5.27,1.12,0.07,2.02
2018-02-05,6.18,6.24,6.38,6.12,299205,202336491.00,4.11,-1.42,-0.09,1.32
2018-02-06,6.12,5.57,6.28,5.57,754933,477961536.00,11.38,-10.74,-0.67,3.34
2018-02-07,5.82,5.84,5.95,5.57,765145,480645856.00,6.82,4.85,0.27,3.38
2018-02-08,5.86,6.32,6.45,5.82,792922,530718608.00,10.79,8.22,0.48,3.50
2018-02-09,6.07,6.27,6.34,6.02,721148,482168592.00,5.06,-0.79,-0.05,3.19
2018-02-12,6.37,6.45,6.55,6.28,603304,416706304.00,4.31,2.87,0.18,2.67
2018-02-13,6.51,6.32,6.52,6.30,394455,270975248.00,3.41,-2.02,-0.13,1.74
2018-02-14,6.32,6.25,6.36,6.20,201585,135798068.00,2.53,-1.11,-0.07,0.89
2018-02-22,6.32,6.42,6.42,6.19,382090,261007978.00,3.68,2.72,0.17,1.69
2018-02-23,6.37,6.32,6.42,6.24,306957,208548396.00,2.80,-1.56,-0.10,1.36
2018-02-26,6.38,6.71,6.82,6.31,786360,556806368.00,8.07,6.17,0.39,3.48
2018-02-27,6.70,6.84,7.06,6.70,976661,721697264.00,5.37,1.94,0.13,4.32
2018-02-28,6.72,6.92,7.07,6.72,704778,521666320.00,5.12,1.17,0.08,3.11
2018-03-01,6.86,7.15,7.24,6.82,873973,656922736.00,6.07,3.32,0.23,3.86
2018-03-02,7.08,7.10,7.35,7.05,804897,617151088.00,4.20,-0.70,-0.05,3.56
2018-03-05,7.15,7.13,7.19,6.97,498319,376690736.00,3.10,0.42,0.03,2.20
2018-03-06,7.18,7.14,7.30,7.08,613314,470843552.00,3.09,0.14,0.01,2.71
2018-03-07,7.12,7.06,7.18,6.97,506758,382098896.00,2.94,-1.12,-0.08,2.24
2018-03-08,7.06,7.03,7.13,6.95,391653,293818176.00,2.55,-0.42,-0.03,1.73
2018-03-09,7.03,7.39,7.44,7.01,975568,755307264.00,6.12,5.12,0.36,4.31
2018-03-12,7.50,7.48,7.66,7.41,1011218,809727840.00,3.38,1.22,0.09,4.47
2018-03-13,7.43,7.38,7.55,7.36,569732,453017216.00,2.54,-1.34,-0.10,2.52
2018-03-14,7.34,7.25,7.45,7.24,520026,404764352.00,2.85,-1.76,-0.13,2.30
2018-03-15,7.20,7.26,7.27,7.03,753743,573884768.00,3.31,0.14,0.01,3.33
2018-03-16,7.24,7.00,7.26,7.00,524513,398647776.00,3.58,-3.58,-0.26,2.32
2018-03-19,6.97,6.99,7.16,6.89,501906,378024256.00,3.86,-0.14,-0.01,2.22
2018-03-20,6.92,6.99,7.06,6.86,474567,353211808.00,2.86,0.00,0.00,2.10
2018-03-21,7.03,6.85,7.17,6.84,513540,385212592.00,4.72,-2.00,-0.14,2.27
2018-03-22,6.85,6.82,6.93,6.74,407618,298635120.00,2.77,-0.44,-0.03,1.80
2018-03-23,6.47,6.09,6.58,6.09,1124596,759543904.00,7.18,-10.70,-0.73,4.97
2018-03-26,6.00,6.22,6.25,5.94,694210,458246448.00,5.09,2.13,0.13,3.07
2018-03-27,6.34,6.57,6.61,6.32,729386,505991840.00,4.66,5.63,0.35,3.22
2018-03-28,6.42,6.65,6.73,6.38,697362,493581472.00,5.33,1.22,0.08,3.08
2018-03-29,6.66,6.76,6.87,6.65,605926,439189264.00,3.31,1.65,0.11,2.68
2018-03-30,6.76,7.05,7.07,6.76,611180,452634672.00,4.59,4.29,0.29,2.70
2018-04-02,7.08,6.97,7.14,6.92,513997,384625136.00,3.12,-1.13,-0.08,2.27
2018-04-03,6.83,6.71,6.88,6.61,635309,457977040.00,3.87,-3.73,-0.26,2.81
2018-04-04,6.77,6.67,6.84,6.63,395826,286278400.00,3.13,-0.60,-0.04,1.75
2018-04-09,6.62,6.66,6.76,6.52,297039,211881648.00,3.60,-0.15,-0.01,1.31
2018-04-10,6.62,6.58,6.65,6.44,410706,287876624.00,3.15,-1.20,-0.08,1.82
2018-04-11,6.60,6.63,6.74,6.59,336089,240288186.00,2.28,0.76,0.05,1.49
2018-04-12,6.57,6.49,6.64,6.46,353895,248235220.00,2.71,-2.11,-0.14,1.56
2018-04-13,6.55,6.48,6.57,6.44,215127,150020513.00,2.00,-0.15,-0.01,0.95
2018-04-16,6.46,6.55,6.59,6.42,279834,195611080.00,2.62,1.08,0.07,1.24
2018-04-17,6.58,6.22,6.60,6.19,430806,295167328.00,6.26,-5.04,-0.33,1.90
2018-04-18,6.27,6.48,6.54,6.16,435579,297666144.00,6.11,4.18,0.26,1.93
2018-04-19,6.46,6.39,6.52,6.38,284946,197049997.00,2.16,-1.39,-0.09,1.26
2018-04-20,6.36,6.12,6.37,6.08,417230,278782304.00,4.54,-4.23,-0.27,1.84
2018-04-23,6.18,5.92,6.21,5.78,475590,306196112.00,7.03,-3.27,-0.20,2.10
2018-04-24,5.93,6.14,6.26,5.83,465847,303946736.00,7.26,3.72,0.22,2.06
2018-04-25,6.07,6.01,6.13,5.96,348004,226724201.00,2.77,-2.12,-0.13,1.54
2018-04-26,5.97,5.76,6.01,5.75,407630,257479291.00,4.33,-4.16,-0.25,1.80
2018-04-27,5.79,5.80,5.90,5.77,228396,144074085.00,2.26,0.69,0.04,1.01
2018-05-02,5.84,5.86,5.96,5.71,355399,225052068.00,4.31,1.03,0.06,1.57
2018-05-03,5.92,6.20,6.23,5.89,603258,395199168.00,5.80,5.80,0.34,2.67
2018-05-04,6.14,6.12,6.23,6.09,328907,217866725.00,2.26,-1.29,-0.08,1.45
2018-05-07,6.20,6.20,6.24,6.15,311883,208512761.00,1.47,1.31,0.08,1.38
2018-05-08,6.20,6.29,6.34,6.09,407322,273370112.00,4.03,1.45,0.09,1.80
2018-05-09,6.27,6.21,6.31,6.16,271129,181997557.00,2.38,-1.27,-0.08,1.20
2018-05-10,6.23,6.16,6.25,6.10,255425,169864824.00,2.42,-0.81,-0.05,1.13
2018-05-11,6.20,6.07,6.25,6.06,295142,195563251.00,3.08,-1.46,-0.09,1.30
2018-05-14,6.12,6.15,6.20,6.10,285142,189089305.00,1.65,1.32,0.08,1.26
2018-05-15,6.25,6.30,6.46,6.25,535157,364863040.00,3.41,2.44,0.15,2.37
2018-05-16,6.22,6.23,6.35,6.21,310920,210371505.00,2.22,-1.11,-0.07,1.37
2018-05-17,6.26,6.09,6.29,6.06,261617,173495224.00,3.69,-2.25,-0.14,1.16
2018-05-18,6.12,6.13,6.16,6.06,225432,148680285.00,1.64,0.66,0.04,1.00
2018-05-21,6.23,6.29,6.35,6.23,383875,260121924.00,1.96,2.61,0.16,1.70
2018-05-22,6.28,6.45,6.48,6.26,514948,353343120.00,3.50,2.54,0.16,2.28
2018-05-23,6.42,6.31,6.47,6.29,300928,205836804.00,2.79,-2.17,-0.14,1.33
2018-05-24,6.31,6.24,6.35,6.21,227163,153624632.00,2.22,-1.11,-0.07,1.00
2018-05-25,6.23,6.02,6.23,5.95,404074,264708296.00,4.49,-3.53,-0.22,1.79
2018-05-28,6.05,5.92,6.06,5.88,276793,178317108.00,2.99,-1.66,-0.10,1.22
2018-05-29,5.95,5.99,6.09,5.90,277929,180092724.00,3.21,1.18,0.07,1.23
2018-05-30,5.83,5.73,5.98,5.71,386303,244416964.00,4.51,-4.34,-0.26,1.71
2018-05-31,5.80,5.80,5.84,5.69,267821,167421395.00,2.62,1.22,0.07,1.18
2018-06-01,5.75,5.64,5.79,5.61,285538,175923485.00,3.10,-2.76,-0.16,1.26
2018-06-04,5.71,5.70,5.74,5.60,208095,128074111.00,2.48,1.06,0.06,0.92
2018-06-05,5.73,5.92,5.94,5.71,301763,190736866.00,4.04,3.86,0.22,1.33
2018-06-06,5.88,5.85,5.96,5.81,200523,127204866.00,2.53,-1.18,-0.07,0.89
2018-06-07,5.92,5.96,6.14,5.90,403898,262705421.00,4.10,1.88,0.11,1.79
2018-06-08,5.98,5.85,5.99,5.80,207559,131788135.00,3.19,-1.85,-0.11,0.92
2018-06-11,5.83,5.85,5.89,5.71,172497,108761590.00,3.08,0.00,0.00,0.76
2018-06-12,5.89,5.96,5.97,5.82,196609,125571761.00,2.56,1.88,0.11,0.87
2018-06-13,5.95,5.87,6.00,5.85,225971,144619227.00,2.52,-1.51,-0.09,1.00
2018-06-14,5.84,5.82,5.93,5.75,178560,113083079.00,3.07,-0.85,-0.05,0.79
2018-06-15,5.86,5.75,5.88,5.72,234814,144719085.00,2.75,-1.20,-0.07,1.04
2018-06-19,5.62,5.15,5.73,5.14,527551,303132368.00,10.26,-10.43,-0.60,2.33
2018-06-20,5.19,5.20,5.28,4.96,347138,192375905.00,6.21,0.97,0.05,1.53
2018-06-21,5.19,4.87,5.26,4.85,323245,175430582.00,7.88,-6.35,-0.33,1.43
2018-06-22,4.82,4.86,5.02,4.75,302732,160029298.00,5.54,-0.21,-0.01,1.34
2018-06-25,4.98,4.83,5.02,4.80,234030,124046042.00,4.53,-0.62,-0.03,1.03
2018-06-26,4.77,5.10,5.18,4.73,391226,210068116.00,9.32,5.59,0.27,1.73
2018-06-27,5.12,5.07,5.17,5.04,251389,137664643.00,2.55,-0.59,-0.03,1.11
2018-06-28,5.03,5.22,5.45,5.03,503420,284883424.00,8.28,2.96,0.15,2.22
2018-06-29,5.24,5.42,5.46,5.11,466948,266142606.00,6.70,3.83,0.20,2.06
2018-07-02,5.38,5.23,5.47,5.18,302495,172438923.00,5.35,-3.51,-0.19,1.34
2018-07-03,5.25,5.42,5.42,5.20,300077,171458991.00,4.21,3.63,0.19,1.33
2018-07-04,5.36,5.26,5.40,5.21,262713,148895052.00,3.51,-2.95,-0.16,1.16
2018-07-05,5.25,5.08,5.36,5.08,219970,123049861.00,5.32,-3.42,-0.18,0.97
2018-07-06,5.10,5.25,5.36,5.07,335933,188673279.00,5.71,3.35,0.17,1.49
2018-07-09,5.27,5.41,5.44,5.27,285315,164310399.00,3.24,3.05,0.16,1.26
2018-07-10,5.42,5.45,5.51,5.36,241915,140569269.00,2.77,0.74,0.04,1.07
2018-07-11,5.36,5.28,5.40,5.21,277523,157831360.00,3.49,-3.12,-0.17,1.23
2018-07-12,5.28,5.50,5.60,5.28,402926,236204863.00,6.06,4.17,0.22,1.78
2018-07-13,5.51,5.52,5.56,5.44,235110,138527187.00,2.18,0.36,0.02,1.04
2018-07-16,5.53,5.51,5.56,5.47,177826,104686274.00,1.63,-0.18,-0.01,0.79
2018-07-17,5.52,5.44,5.53,5.37,215375,125301749.00,2.90,-1.27,-0.07,0.95
2018-07-18,5.49,5.40,5.54,5.40,183634,107651591.00,2.57,-0.74,-0.04,0.81
2018-07-19,5.32,5.32,5.41,5.26,207849,118645962.00,2.78,-1.48,-0.08,0.92
2018-07-20,5.32,5.41,5.45,5.26,196369,112607564.00,3.57,1.69,0.09,0.87
2018-07-23,5.38,5.49,5.52,5.34,229876,134323623.00,3.33,1.48,0.08,1.02
2018-07-24,5.50,5.56,5.61,5.44,262947,155826773.00,3.10,1.28,0.07,1.16
2018-07-25,5.54,5.49,5.64,5.45,256436,151599607.00,3.42,-1.26,-0.07,1.13
2018-07-26,5.52,5.35,5.52,5.31,277042,159906772.00,3.83,-2.55,-0.14,1.22
2018-07-27,5.36,5.30,5.38,5.24,207695,117938778.00,2.62,-0.93,-0.05,0.92
2018-07-30,5.28,5.21,5.34,5.17,203768,114819514.00,3.21,-1.70,-0.09,0.90
2018-07-31,5.22,5.21,5.26,5.17,139087,77736096.00,1.73,0.00,0.00,0.61
2018-08-01,5.23,5.13,5.35,5.12,239504,134224450.00,4.41,-1.54,-0.08,1.06
2018-08-02,5.15,4.90,5.15,4.74,333061,176813182.00,7.99,-4.48,-0.23,1.47
2018-08-03,4.95,4.88,4.99,4.87,177607,94393555.00,2.45,-0.41,-0.02,0.79
2018-08-06,4.92,4.90,5.02,4.82,222473,118260932.00,4.10,0.41,0.02,0.98
2018-08-07,4.91,5.14,5.18,4.91,273361,148703857.00,5.51,4.90,0.24,1.21
2018-08-08,5.17,5.12,5.24,5.10,272151,151043732.00,2.72,-0.39,-0.02,1.20
2018-08-09,5.09,5.28,5.35,5.05,324682,183520588.00,5.86,3.13,0.16,1.44
2018-08-10,5.23,5.33,5.35,5.23,213438,121375443.00,2.27,0.95,0.05,0.94
2018-08-13,5.29,5.42,5.44,5.23,334520,191373715.00,3.94,1.69,0.09,1.48
2018-08-14,5.40,5.37,5.47,5.32,203880,117457567.00,2.77,-0.92,-0.05,0.90
2018-08-15,5.38,5.27,5.39,5.24,209375,119163253.00,2.79,-1.86,-0.10,0.93
2018-08-16,5.23,5.20,5.34,5.17,233592,131295825.00,3.23,-1.33,-0.07,1.03
2018-08-17,5.24,5.13,5.33,5.12,200518,112507186.00,4.04,-1.35,-0.07,0.89
2018-08-20,5.09,5.26,5.26,5.08,221740,123329370.00,3.51,2.53,0.13,0.98
2018-08-21,5.26,5.25,5.33,5.19,195724,110535584.00,2.66,-0.19,-0.01,0.87
2018-08-22,5.25,5.13,5.26,5.11,146240,81389543.00,2.86,-2.29,-0.12,0.65
2018-08-23,5.12,5.23,5.27,5.10,198549,110889127.00,3.31,1.95,0.10,0.88
2018-08-24,5.23,5.25,5.30,5.18,154877,87303231.00,2.29,0.38,0.02,0.68
2018-08-27,5.27,5.43,5.45,5.26,334471,192965144.00,3.62,3.43,0.18,1.48
2018-08-28,5.46,5.42,5.48,5.38,184604,106934872.00,1.84,-0.18,-0.01,0.82
2018-08-29,5.43,5.37,5.43,5.34,151003,86719856.00,1.66,-0.92,-0.05,0.67
2018-08-30,5.37,5.21,5.38,5.19,224956,126972235.00,3.54,-2.98,-0.16,0.99
2018-08-31,5.21,5.17,5.29,5.16,165446,92420034.00,2.50,-0.77,-0.04,0.73
2018-09-03,5.18,5.17,5.20,5.07,182539,100443088.00,2.51,0.00,0.00,0.81
2018-09-04,5.17,5.25,5.30,5.14,197885,110746900.00,3.09,1.55,0.08,0.87
2018-09-05,5.24,5.08,5.24,5.07,189170,104596463.00,3.24,-3.24,-0.17,0.84
2018-09-06,5.07,5.07,5.16,5.01,162254,88901327.00,2.95,-0.20,-0.01,0.72
2018-09-07,5.09,5.10,5.19,5.05,160044,88096771.00,2.76,0.59,0.03,0.71
2018-09-10,5.08,4.78,5.09,4.75,381947,199536550.00,6.67,-6.27,-0.32,1.69
2018-09-11,4.79,4.77,4.85,4.72,207916,107199234.00,2.72,-0.21,-0.01,0.92
2018-09-12,4.79,4.69,4.80,4.67,230510,117811382.00,2.73,-1.68,-0.08,1.02
2018-09-13,4.76,4.75,4.80,4.61,221107,112668452.00,4.05,1.28,0.06,0.98
2018-09-14,4.77,4.63,4.82,4.62,258893,131852541.00,4.21,-2.53,-0.12,1.14
2018-09-17,4.70,4.79,4.87,4.67,370639,191508142.00,4.32,3.46,0.16,1.64
2018-09-18,4.76,4.88,4.90,4.72,288186,149860191.00,3.76,1.88,0.09,1.27
2018-09-19,4.88,4.87,4.94,4.80,277509,145908004.00,2.87,-0.20,-0.01,1.23
2018-09-20,4.88,4.87,4.93,4.82,146075,76630209.00,2.26,0.00,0.00,0.65
2018-09-21,4.88,4.94,4.96,4.82,262177,138564512.00,2.87,1.44,0.07,1.16
2018-09-25,4.91,4.88,4.95,4.84,179993,94798756.00,2.23,-1.21,-0.06,0.80
2018-09-26,4.88,4.90,4.96,4.86,251749,133066566.00,2.05,0.41,0.02,1.11
2018-09-27,4.89,4.68,4.90,4.64,363466,186865095.00,5.31,-4.49,-0.22,1.61
2018-09-28,4.71,4.74,4.77,4.69,202751,103627713.00,1.71,1.28,0.06,0.90
2018-10-29,4.92,4.51,4.99,4.32,771016,385326512.00,14.14,-4.85,-0.23,3.41
2018-10-30,4.37,4.27,4.49,4.26,629582,298945184.00,5.10,-5.32,-0.24,2.78
2018-10-31,4.28,4.28,4.44,4.27,436097,206134128.00,3.98,0.23,0.01,1.93
2018-11-01,4.33,4.39,4.48,4.32,400215,190751032.00,3.74,2.57,0.11,1.77
2018-11-02,4.61,4.63,4.64,4.52,539930,268400172.00,2.73,5.47,0.24,2.39
2018-11-05,4.78,4.64,4.79,4.56,553744,280275728.00,4.97,0.22,0.01,2.45
2018-11-06,4.64,4.71,4.72,4.58,281044,141335230.00,3.02,1.51,0.07,1.24
2018-11-07,4.74,4.66,4.74,4.65,260244,131831294.00,1.91,-1.06,-0.05,1.15
2018-11-08,4.71,4.55,4.74,4.53,243674,122010456.00,4.51,-2.36,-0.11,1.08
2018-11-09,4.52,4.53,4.59,4.52,153083,75541657.00,1.54,-0.44,-0.02,0.68
2018-11-12,4.50,4.68,4.69,4.49,283218,141738130.00,4.42,3.31,0.15,1.25
2018-11-13,4.62,4.77,4.84,4.61,434786,222189543.00,4.91,1.92,0.09,1.92
2018-11-14,4.78,4.73,4.82,4.71,270266,138993396.00,2.31,-0.84,-0.04,1.19
2018-11-15,4.72,4.80,4.81,4.70,342369,176237924.00,2.33,1.48,0.07,1.51
2018-11-16,4.80,4.80,4.85,4.75,392873,203577469.00,2.08,0.00,0.00,1.74
2018-11-19,4.85,4.78,4.85,4.73,287973,148388950.00,2.50,-0.42,-0.02,1.27
2018-11-20,4.73,4.61,4.76,4.59,352917,178343256.00,3.56,-3.56,-0.17,1.56
2018-11-21,4.54,4.55,4.59,4.51,269499,132782094.00,1.74,-1.30,-0.06,1.19
2018-11-22,4.57,4.53,4.58,4.51,200928,98791254.00,1.54,-0.44,-0.02,0.89
2018-11-23,4.55,4.29,4.55,4.27,384009,182357631.00,6.18,-5.30,-0.24,1.70
2018-11-26,4.30,4.29,4.36,4.23,185149,86693542.00,3.03,0.00,0.00,0.82
2018-11-27,4.33,4.29,4.37,4.27,216215,101742539.00,2.33,0.00,0.00,0.96
2018-11-28,4.30,4.55,4.76,4.27,526749,259509892.00,11.42,6.06,0.26,2.33
2018-11-29,4.53,4.47,4.67,4.46,398989,196834925.00,4.62,-1.76,-0.08,1.76
2018-11-30,4.45,4.51,4.55,4.43,268817,130739204.00,2.68,0.89,0.04,1.19
2018-12-03,4.67,4.68,4.74,4.58,526966,265929862.00,3.55,3.77,0.17,2.33
2018-12-04,4.65,4.66,4.71,4.61,274827,138338197.00,2.14,-0.43,-0.02,1.22
2018-12-05,4.57,4.56,4.61,4.54,296883,146932299.00,1.50,-2.15,-0.10,1.31
2018-12-06,4.52,4.42,4.54,4.41,262817,127732691.00,2.85,-3.07,-0.14,1.16
2018-12-07,4.44,4.45,4.51,4.43,145285,70427638.00,1.81,0.68,0.03,0.64
2018-12-10,4.40,4.41,4.48,4.38,144827,69737826.00,2.25,-0.90,-0.04,0.64
2018-12-11,4.43,4.44,4.46,4.40,110374,53084015.00,1.36,0.68,0.03,0.49
2018-12-12,4.45,4.44,4.48,4.42,123399,59588960.00,1.35,0.00,0.00,0.55
2018-12-13,4.45,4.46,4.52,4.36,202894,98200220.00,3.60,0.45,0.02,0.90
2018-12-14,4.46,4.33,4.46,4.30,181223,86261325.00,3.59,-2.91,-0.13,0.80
2018-12-17,4.30,4.31,4.37,4.29,185492,87325110.00,1.85,-0.46,-0.02,0.82
2018-12-18,4.31,4.26,4.35,4.23,198509,92399466.00,2.78,-1.16,-0.05,0.88
2018-12-19,4.25,4.23,4.28,4.22,143078,66190820.00,1.41,-0.70,-0.03,0.63
2018-12-20,4.24,4.17,4.25,4.10,233993,106794293.00,3.55,-1.42,-0.06,1.03
2018-12-21,4.16,4.11,4.17,4.09,158414,71357424.00,1.92,-1.44,-0.06,0.70
2018-12-24,4.11,4.15,4.16,4.09,136934,61698166.00,1.70,0.97,0.04,0.61
2018-12-25,4.11,4.00,4.12,3.89,291084,126675610.00,5.54,-3.61,-0.15,1.29
2018-12-26,4.00,4.04,4.10,3.95,182230,79910337.00,3.75,1.00,0.04,0.81
2018-12-27,4.10,3.89,4.12,3.84,201011,88137120.00,6.93,-3.71,-0.15,0.89
2018-12-28,3.91,3.77,3.94,3.76,345940,145571854.00,4.63,-3.08,-0.12,1.53