2016-01-04,5.60,5.04,5.65,5.04,334227,191287511.00,10.80,-10.80,-0.61,2.35
2016-01-05,4.66,4.77,5.06,4.54,486712,256483262.00,10.32,-5.36,-0.27,3.42
2016-01-06,4.78,4.98,5.02,4.78,382655,205455909.00,5.03,4.40,0.21,2.69
2016-01-07,4.94,4.45,4.94,4.44,104837,53790781.00,10.04,-10.64,-0.53,0.74
2016-01-08,4.61,4.62,4.71,4.16,441660,221461844.00,12.36,3.82,0.17,3.10
2016-01-11,4.54,4.24,4.73,4.14,351304,172996844.00,12.77,-8.23,-0.38,2.47
2016-01-12,4.33,4.29,4.36,4.14,288734,136377198.00,5.19,1.18,0.05,2.03
2016-01-13,4.35,4.06,4.37,4.01,306045,143043151.00,8.39,-5.36,-0.23,2.15
2016-01-14,4.03,4.17,4.20,3.78,330614,149250998.00,10.34,2.71,0.11,2.32
2016-01-15,4.08,3.93,4.21,3.84,280105,125719339.00,8.87,-5.76,-0.24,1.97
2016-01-18,3.92,3.95,4.01,3.80,224284,98327984.00,5.34,0.51,0.02,1.58
2016-01-19,3.94,4.14,4.19,3.89,313749,141412104.00,7.59,4.81,0.19,2.21
2016-01-20,4.08,4.07,4.20,3.98,269260,122702420.00,5.31,-1.69,-0.07,1.89
2016-01-21,3.98,3.83,4.10,3.81,275559,122370526.00,7.13,-5.90,-0.24,1.94
2016-01-22,3.79,3.86,3.90,3.66,273918,116674616.00,6.27,0.78,0.03,1.93
2016-01-25,3.87,3.96,3.97,3.81,188656,82017137.00,4.15,2.59,0.10,1.33
2016-01-26,3.90,3.54,3.93,3.52,250355,104257415.00,10.35,-10.61,-0.42,1.76
2016-01-27,3.58,3.43,3.62,3.14,263236,101005381.00,13.56,-3.11,-0.11,1.85
2016-01-28,3.35,3.36,3.48,3.21,148895,57026777.00,7.87,-2.04,-0.07,1.05
2016-01-29,3.36,3.47,3.54,3.32,176678,68862014.00,6.55,3.27,0.11,1.24
2016-02-01,3.46,3.50,3.60,3.35,228171,90174163.00,7.20,0.86,0.03,1.60
2016-02-02,3.49,3.59,3.63,3.46,176742,71206169.00,4.86,2.57,0.09,1.24
2016-02-03,3.52,3.57,3.59,3.47,146080,58042348.00,3.34,-0.56,-0.02,1.03
2016-02-04,3.56,3.59,3.67,3.54,219176,89123501.00,3.64,0.56,0.02,1.54
2016-02-05,3.61,3.63,3.65,3.58,161901,65879361.00,1.95,1.11,0.04,1.14
2016-02-15,3.46,3.70,3.84,3.36,201882,82393126.00,13.22,1.93,0.07,1.42
2016-02-16,3.72,3.96,3.96,3.67,510386,218997135.00,7.84,7.03,0.26,3.59
2016-02-17,3.92,4.10,4.19,3.89,469205,210823560.00,7.58,3.54,0.14,3.30
2016-02-18,4.11,4.09,4.17,4.00,272334,123772521.00,4.15,-0.24,-0.01,1.91
2016-02-19,4.07,4.17,4.33,4.06,303515,141196320.00,6.60,1.96,0.08,2.13
2016-02-22,4.17,4.27,4.42,4.11,360392,170016435.00,7.43,2.40,0.10,2.53
2016-02-23,4.27,4.28,4.38,4.22,329099,155833999.00,3.75,0.23,0.01,2.31
2016-02-24,4.28,4.20,4.33,4.04,240625,111517447.00,6.78,-1.87,-0.08,1.69
2016-02-25,4.18,3.73,4.18,3.73,386824,168735974.00,10.71,-11.19,-0.47,2.72
2016-02-26,3.74,3.72,3.82,3.57,217803,90647670.00,6.70,-0.27,-0.01,1.53
2016-02-29,3.67,3.48,3.73,3.39,224671,88836837.00,9.14,-6.45,-0.24,1.58
2016-03-01,3.52,3.56,3.62,3.44,188726,75359481.00,5.17,2.30,0.08,1.33
2016-03-02,3.56,3.96,3.96,3.54,484888,208735072.00,11.80,11.24,0.40,3.41
2016-03-03,4.01,4.05,4.32,3.95,751080,343521968.00,9.34,2.27,0.09,5.28
2016-03-04,3.92,3.78,4.12,3.69,421530,183170878.00,10.62,-6.67,-0.27,2.96
2016-03-07,3.79,3.91,3.99,3.79,287881,125051356.00,5.29,3.44,0.13,2.02
2016-03-08,4.12,4.03,4.19,3.84,430135,191479064.00,8.95,3.07,0.12,3.02
2016-03-09,3.82,3.86,3.89,3.76,229945,98736718.00,3.23,-4.22,-0.17,1.62
2016-03-10,3.85,3.74,3.91,3.73,190734,81209712.00,4.66,-3.11,-0.12,1.34
2016-03-11,3.69,3.68,3.71,3.61,161813,66772501.00,2.67,-1.60,-0.06,1.14
2016-03-14,3.74,3.79,3.88,3.70,255903,109149673.00,4.89,2.99,0.11,1.80
2016-03-15,3.79,3.73,3.81,3.70,139800,58769873.00,2.90,-1.58,-0.06,0.98
2016-03-16,3.77,3.66,3.79,3.64,134313,55730610.00,4.02,-1.88,-0.07,0.94
2016-03-17,3.68,3.81,3.86,3.65,315304,133228555.00,5.74,4.10,0.15,2.22
2016-03-18,3.83,4.00,4.06,3.81,466966,205453633.00,6.56,4.99,0.19,3.28
2016-03-21,4.04,4.06,4.07,3.95,595772,266377118.00,3.00,1.50,0.06,4.19
2016-03-22,4.03,4.03,4.12,3.97,408010,184090784.00,3.69,-0.74,-0.03,2.87
2016-03-23,4.02,4.06,4.12,3.96,274748,123520124.00,3.97,0.74,0.03,1.93
2016-03-24,4.01,3.94,4.04,3.93,286269,127064508.00,2.71,-2.96,-0.12,2.01
2016-03-25,3.94,4.01,4.10,3.92,298123,133148492.00,4.57,1.78,0.07,2.10
2016-03-28,3.99,3.95,4.05,3.92,277228,123495982.00,3.24,-1.50,-0.06,1.95
2016-03-29,3.92,3.80,3.95,3.74,218121,93526672.00,5.32,-3.80,-0.15,1.53
2016-03-30,3.83,3.96,3.96,3.81,196659,85272710.00,3.95,4.21,0.16,1.38
2016-03-31,3.95,3.98,4.01,3.92,230962,102135451.00,2.27,0.51,0.02,1.62
2016-04-01,3.95,3.98,4.03,3.80,291050,127428109.00,5.78,0.00,0.00,2.05
2016-04-05,3.98,4.16,4.19,3.96,489488,223311485.00,5.78,4.52,0.18,3.44
2016-04-06,4.12,4.43,4.55,4.09,801571,381856928.00,11.06,6.49,0.27,5.63
2016-04-07,4.40,4.25,4.43,4.24,410669,196400546.00,4.29,-4.06,-0.18,2.89
2016-04-08,4.22,4.19,4.23,4.14,231293,107154241.00,2.12,-1.41,-0.06,1.63
2016-04-11,4.23,4.28,4.32,4.20,262762,124195057.00,2.86,2.15,0.09,1.85
2016-04-12,4.29,4.24,4.29,4.18,195362,91535595.00,2.57,-0.93,-0.04,1.37
2016-04-13,4.27,4.35,4.49,4.27,533365,259902463.00,5.19,2.59,0.11,3.75
2016-04-14,4.37,4.42,4.44,4.30,244849,118062667.00,3.22,1.61,0.07,1.72
2016-04-15,4.38,4.42,4.49,4.34,317031,155366669.00,3.39,0.00,0.00,2.23
2016-04-18,4.36,4.24,4.40,4.23,281882,134144986.00,3.85,-4.07,-0.18,1.98
2016-04-19,4.25,4.25,4.30,4.18,211600,99041123.00,2.83,0.24,0.01,1.49
2016-04-20,4.27,4.00,4.29,3.87,379687,170802890.00,9.88,-5.88,-0.25,2.67
2016-04-21,3.99,3.97,4.09,3.94,204123,91514076.00,3.75,-0.75,-0.03,1.43
2016-04-22,3.94,3.93,3.96,3.87,240574,105243458.00,2.27,-1.01,-0.04,1.69
2016-04-25,3.92,3.93,3.95,3.86,156327,68341875.00,2.29,0.00,0.00,1.10
2016-04-26,3.94,3.99,3.99,3.89,177053,77769772.00,2.54,1.53,0.06,1.24
2016-04-27,3.95,3.97,4.03,3.95,176233,78547146.00,2.01,-0.50,-0.02,1.24
2016-04-28,4.00,3.93,4.00,3.84,157811,69157687.00,4.03,-1.01,-0.04,1.11
2016-04-29,3.89,3.90,3.94,3.87,115471,50423057.00,1.78,-0.76,-0.03,0.81
2016-05-03,3.90,4.04,4.05,3.89,199990,88790476.00,4.10,3.59,0.14,1.41
2016-05-04,4.02,4.11,4.12,3.98,234286,105497459.00,3.47,1.73,0.07,1.65
2016-05-05,4.08,4.21,4.26,4.06,336088,156295267.00,4.87,2.43,0.10,2.36
2016-05-06,4.17,3.99,4.22,3.99,261816,119375408.00,5.46,-5.23,-0.22,1.84
2016-05-09,3.94,3.85,3.94,3.72,285422,121707530.00,5.51,-3.51,-0.14,2.01
2016-05-10,3.80,3.86,3.94,3.80,193704,84157149.00,3.64,0.26,0.01,1.36
2016-05-11,3.90,3.80,3.92,3.76,110706,47498310.00,4.15,-1.55,-0.06,0.78
2016-05-12,3.76,3.71,3.76,3.58,130183,53879401.00,4.74,-2.37,-0.09,0.92
2016-05-13,3.72,3.69,3.79,3.65,113868,47561047.00,3.77,-0.54,-0.02,0.80
2016-05-16,3.69,3.77,3.77,3.65,104265,43512725.00,3.25,2.17,0.08,0.73
2016-05-17,3.76,3.77,3.79,3.70,113626,47770098.00,2.39,0.00,0.00,0.80
2016-05-18,3.73,3.60,3.73,3.54,158514,64615222.00,5.04,-4.51,-0.17,1.11
2016-05-19,3.60,3.59,3.65,3.55,137259,55841286.00,2.78,-0.28,-0.01,0.96
2016-05-20,3.54,3.66,3.71,3.53,145841,59643139.00,5.01,1.95,0.07,1.03
2016-05-23,3.64,3.71,3.76,3.64,169889,70807909.00,3.28,1.37,0.05,1.19
2016-05-24,3.69,3.65,3.69,3.58,106684,43658348.00,2.96,-1.62,-0.06,0.75
2016-05-25,3.66,3.62,3.69,3.59,101882,41699244.00,2.74,-0.82,-0.03,0.72
2016-05-26,3.59,3.61,3.64,3.53,118781,47939569.00,3.04,-0.28,-0.01,0.83
2016-05-27,3.63,3.63,3.66,3.58,93214,38049879.00,2.22,0.55,0.02,0.66
2016-05-30,3.59,3.59,3.62,3.56,72728,29429263.00,1.65,-1.10,-0.04,0.51
2016-05-31,3.62,3.85,3.87,3.61,346716,147153964.00,7.24,7.24,0.26,2.44
2016-06-01,3.88,3.86,3.98,3.84,236826,103075986.00,3.64,0.26,0.01,1.66
2016-06-02,3.84,4.00,4.13,3.83,360981,161147419.00,7.77,3.63,0.14,2.54
2016-06-03,3.96,3.97,4.00,3.90,232377,102402409.00,2.50,-0.75,-0.03,1.63
2016-06-06,3.97,3.91,3.98,3.87,166085,72728199.00,2.77,-1.51,-0.06,1.17
2016-06-07,3.91,3.89,3.93,3.84,133246,57666278.00,2.30,-0.51,-0.02,0.94
2016-06-08,3.89,3.89,3.93,3.82,154754,66943389.00,2.83,0.00,0.00,1.09
2016-06-13,3.84,3.62,3.86,3.61,165845,70106253.00,6.43,-6.94,-0.27,1.17
2016-06-14,3.63,3.69,3.75,3.61,147603,61103217.00,3.87,1.93,0.07,1.04
2016-06-15,3.64,3.79,3.85,3.62,154246,65124569.00,6.23,2.71,0.10,1.08
2016-06-16,3.76,3.76,3.84,3.73,192947,81806753.00,2.90,-0.79,-0.03,1.36
2016-06-17,3.77,3.81,3.83,3.75,195337,83243260.00,2.13,1.33,0.05,1.37
2016-06-20,3.81,3.75,3.81,3.70,130864,54987634.00,2.89,-1.57,-0.06,0.92
2016-06-21,3.78,3.70,3.81,3.67,135408,56996982.00,3.73,-1.33,-0.05,0.95
2016-06-22,3.71,3.76,3.78,3.66,109312,45737480.00,3.24,1.62,0.06,0.77
2016-06-23,3.76,3.72,3.76,3.67,110640,46174210.00,2.39,-1.06,-0.04,0.78
2016-06-24,3.73,3.68,3.75,3.60,158624,65563902.00,4.03,-1.08,-0.04,1.11
2016-06-27,3.64,3.74,3.74,3.64,120955,50463412.00,2.72,1.63,0.06,0.85
2016-06-28,3.72,3.77,3.79,3.70,218312,91965878.00,2.41,0.80,0.03,1.53
2016-06-29,3.78,3.83,3.84,3.75,268956,114366117.00,2.39,1.59,0.06,1.89
2016-06-30,3.82,3.84,3.85,3.77,212239,90654551.00,2.09,0.26,0.01,1.49
2016-07-01,3.84,3.77,3.85,3.75,161513,68723432.00,2.60,-1.82,-0.07,1.14
2016-07-04,3.74,3.86,3.89,3.71,251915,107962153.00,4.77,2.39,0.09,1.77
2016-07-05,3.86,3.86,3.91,3.83,226230,97840109.00,2.07,0.00,0.00,1.59
2016-07-06,3.85,3.88,3.89,3.81,197373,85147804.00,2.07,0.52,0.02,1.39
2016-07-07,3.86,3.95,3.98,3.82,320186,139378027.00,4.12,1.80,0.07,2.25
2016-07-08,3.91,3.87,3.93,3.86,178813,77644589.00,1.77,-2.03,-0.08,1.26
2016-07-11,3.87,3.85,3.90,3.84,180348,78113757.00,1.55,-0.52,-0.02,1.27
2016-07-12,3.85,3.91,3.92,3.82,236083,102157868.00,2.60,1.56,0.06,1.66
2016-07-13,3.91,3.93,3.97,3.90,244082,107095643.00,1.79,0.51,0.02,1.72
2016-07-14,3.91,3.90,3.93,3.87,188026,81991149.00,1.53,-0.76,-0.03,1.32
2016-07-15,3.90,3.92,3.93,3.89,172130,75196419.00,1.03,0.51,0.02,1.21
2016-07-18,3.92,3.88,3.94,3.84,175528,76336131.00,2.55,-1.02,-0.04,1.23
2016-07-19,3.86,3.97,3.98,3.85,284989,124576990.00,3.35,2.32,0.09,2.00
2016-07-20,3.97,3.96,4.02,3.93,257375,114039485.00,2.27,-0.25,-0.01,1.81
2016-07-21,3.96,3.97,4.02,3.94,214883,95486921.00,2.02,0.25,0.01,1.51
2016-07-22,3.97,3.92,3.98,3.90,157369,69183786.00,2.02,-1.26,-0.05,1.11
2016-07-25,3.92,4.08,4.10,3.89,466364,209291773.00,5.36,4.08,0.16,3.28
2016-07-26,4.11,4.09,4.11,4.03,350762,158727103.00,1.96,0.25,0.01,2.47
2016-07-27,4.08,3.87,4.10,3.81,389959,172042956.00,7.09,-5.38,-0.22,2.74
2016-07-28,3.88,3.87,3.91,3.80,216708,93466565.00,2.84,0.00,0.00,1.52
2016-07-29,3.86,3.83,3.86,3.82,114393,49134565.00,1.03,-1.03,-0.04,0.80
2016-08-01,3.79,3.74,3.80,3.70,129104,54154046.00,2.61,-2.35,-0.09,0.91
2016-08-02,3.72,3.76,3.78,3.72,83636,35277275.00,1.60,0.53,0.02,0.59
2016-08-03,3.76,3.80,3.84,3.74,109954,46721220.00,2.66,1.06,0.04,0.77
2016-08-04,3.79,3.80,3.82,3.76,101840,43272229.00,1.58,0.00,0.00,0.72
2016-08-05,3.80,3.83,3.89,3.79,149483,64351801.00,2.63,0.79,0.03,1.05
2016-08-08,3.83,3.88,3.88,3.79,95932,41361052.00,2.35,1.31,0.05,0.67
2016-08-09,3.93,3.96,3.98,3.92,241131,106371117.00,1.55,2.06,0.08,1.69
2016-08-10,3.94,4.14,4.40,3.92,827896,386911360.00,12.12,4.55,0.18,5.82
2016-08-11,4.08,3.97,4.10,3.96,443434,198504652.00,3.38,-4.11,-0.17,3.12
2016-08-12,3.96,4.03,4.05,3.93,368251,164024602.00,3.02,1.51,0.06,2.59
2016-08-15,4.04,4.08,4.15,3.96,434660,196433394.00,4.71,1.24,0.05,3.06
2016-08-16,4.08,4.08,4.17,4.07,333866,152049077.00,2.45,0.00,0.00,2.35
2016-08-17,4.13,4.53,4.53,4.09,1572792,765815824.00,10.78,11.03,0.45,11.05
2016-08-18,4.50,4.46,4.52,4.36,790395,387286592.00,3.53,-1.55,-0.07,5.56
2016-08-19,4.44,4.42,4.61,4.40,617977,305747120.00,4.71,-0.90,-0.04,4.34
2016-08-22,4.46,4.43,4.61,4.41,432260,213096032.00,4.52,0.23,0.01,3.04
2016-08-23,4.43,4.43,4.49,4.30,363969,177047491.00,4.29,0.00,0.00,2.56
2016-08-24,4.42,4.26,4.44,4.24,499151,237682263.00,4.51,-3.84,-0.17,3.51
2016-08-25,4.22,4.22,4.23,4.10,245650,113938495.00,3.05,-0.94,-0.04,1.73
2016-08-26,4.25,4.21,4.28,4.20,218593,102665526.00,1.90,-0.24,-0.01,1.54
2016-08-29,4.21,4.27,4.32,4.16,237521,112428679.00,3.80,1.43,0.06,1.67
2016-08-30,4.25,4.22,4.30,4.19,153753,72319517.00,2.58,-1.17,-0.05,1.08
2016-08-31,4.20,4.23,4.24,4.16,145757,68013905.00,1.90,0.24,0.01,1.02
2016-09-01,4.23,4.12,4.23,4.12,178166,82462587.00,2.60,-2.60,-0.11,1.25
2016-09-02,4.11,4.07,4.14,4.04,197000,89552021.00,2.43,-1.21,-0.05,1.38
2016-09-05,4.08,4.16,4.19,4.07,162995,74954462.00,2.95,2.21,0.09,1.15
2016-09-06,4.16,4.20,4.21,4.05,189469,87228335.00,3.85,0.96,0.04,1.33
2016-09-07,4.27,4.26,4.41,4.25,415350,198567239.00,3.81,1.43,0.06,2.92
2016-09-08,4.23,4.28,4.31,4.19,214021,100980116.00,2.82,0.47,0.02,1.50
2016-09-09,4.28,4.19,4.31,4.18,181927,85330073.00,3.04,-2.10,-0.09,1.28
2016-09-12,4.09,4.03,4.12,4.02,219460,99132961.00,2.39,-3.82,-0.16,1.54
2016-09-13,4.04,4.05,4.08,4.00,128591,57777886.00,1.99,0.50,0.02,0.90
2016-09-14,4.01,4.03,4.08,3.99,95285,42812966.00,2.22,-0.49,-0.02,0.67
2016-09-19,4.01,4.07,4.09,4.01,93478,42278675.00,1.99,0.99,0.04,0.66
2016-09-20,4.08,4.07,4.09,4.03,76326,34474397.00,1.47,0.00,0.00,0.54
2016-09-21,4.06,4.08,4.10,4.03,97785,44386246.00,1.72,0.25,0.01,0.69
2016-09-22,4.10,4.20,4.26,4.09,278520,129379237.00,4.17,2.94,0.12,1.96
2016-09-23,4.21,4.21,4.21,4.14,137015,63468616.00,1.67,0.24,0.01,0.96
2016-09-26,4.20,4.18,4.29,4.12,264714,123527216.00,4.04,-0.71,-0.03,1.86
2016-09-27,4.12,4.26,4.29,4.12,259434,121529057.00,4.07,1.91,0.08,1.82
2016-09-28,4.22,4.22,4.29,4.20,146637,68898746.00,2.11,-0.94,-0.04,1.03
2016-09-29,4.24,4.16,4.24,4.16,125098,58231261.00,1.90,-1.42,-0.06,0.88
2016-09-30,4.16,4.14,4.20,4.12,117431,54211482.00,1.92,-0.48,-0.02,0.83
2016-10-10,4.15,4.23,4.23,4.11,161883,75091436.00,2.90,2.17,0.09,1.14
2016-10-11,4.24,4.24,4.27,4.19,146933,68869049.00,1.89,0.24,0.01,1.03
2016-10-12,4.21,4.21,4.24,4.17,139759,65189040.00,1.65,-0.71,-0.03,0.98
2016-10-13,4.20,4.25,4.28,4.20,215448,101350223.00,1.90,0.95,0.04,1.51
2016-10-14,4.23,4.28,4.29,4.19,188123,88498218.00,2.35,0.71,0.03,1.32
2016-10-17,4.27,4.17,4.27,4.14,173594,81222964.00,3.04,-2.57,-0.11,1.22
2016-10-18,4.16,4.25,4.25,4.14,156662,73150933.00,2.64,1.92,0.08,1.10
2016-10-19,4.24,4.21,4.26,4.18,148892,69636378.00,1.88,-0.94,-0.04,1.05
2016-10-20,4.21,4.18,4.22,4.15,138691,64310024.00,1.66,-0.71,-0.03,0.97
2016-10-21,4.17,4.12,4.18,4.07,213144,97666583.00,2.63,-1.44,-0.06,1.50
2016-10-24,4.11,4.15,4.17,4.09,154065,70917471.00,1.94,0.73,0.03,1.08
2016-10-25,4.16,4.21,4.21,4.14,155169,72064347.00,1.69,1.45,0.06,1.09
2016-10-26,4.20,4.14,4.20,4.12,194243,89445444.00,1.90,-1.66,-0.07,1.37
2016-10-27,4.13,4.15,4.16,4.11,94382,43372465.00,1.21,0.24,0.01,0.66
2016-10-28,4.12,4.11,4.15,4.10,102629,47081263.00,1.20,-0.96,-0.04,0.72
2016-10-31,4.11,4.12,4.14,4.08,101136,46202108.00,1.46,0.24,0.01,0.71
2016-11-01,4.13,4.17,4.18,4.12,125082,57721284.00,1.46,1.21,0.05,0.88
2016-11-02,4.16,4.11,4.17,4.10,97700,44937135.00,1.68,-1.44,-0.06,0.69
2016-11-03,4.10,4.16,4.16,4.09,129547,59570205.00,1.70,1.22,0.05,0.91
2016-11-04,4.14,4.17,4.18,4.12,120044,55430904.00,1.44,0.24,0.01,0.84
2016-11-07,4.19,4.22,4.28,4.19,285620,133921861.00,2.16,1.20,0.05,2.01
2016-11-08,4.25,4.23,4.28,4.21,232817,109394093.00,1.66,0.24,0.01,1.64
2016-11-09,4.22,4.14,4.23,4.10,199193,92154754.00,3.07,-2.13,-0.09,1.40
2016-11-10,4.19,4.23,4.23,4.16,209395,97488703.00,1.69,2.17,0.09,1.47
2016-11-11,4.21,4.27,4.30,4.20,272404,128340366.00,2.36,0.95,0.04,1.91
2016-11-14,4.24,4.30,4.33,4.21,312555,148488379.00,2.81,0.70,0.03,2.20
2016-11-15,4.29,4.32,4.35,4.27,240614,114937253.00,1.86,0.47,0.02,1.69
2016-11-16,4.32,4.31,4.39,4.29,206335,98986855.00,2.31,-0.23,-0.01,1.45
2016-11-17,4.30,4.39,4.50,4.25,480027,232857862.00,5.80,1.86,0.08,3.37
2016-11-18,4.35,4.31,4.41,4.30,278427,134088259.00,2.51,-1.82,-0.08,1.96
2016-11-21,4.32,4.28,4.34,4.26,195697,93053248.00,1.86,-0.70,-0.03,1.38
2016-11-22,4.29,4.32,4.32,4.27,187810,89316361.00,1.17,0.93,0.04,1.32
2016-11-23,4.32,4.28,4.32,4.26,166597,79078456.00,1.39,-0.93,-0.04,1.17
2016-11-24,4.26,4.27,4.30,4.24,135028,63982209.00,1.40,-0.23,-0.01,0.95
2016-11-25,4.27,4.24,4.27,4.17,166733,77970433.00,2.34,-0.70,-0.03,1.17
2016-11-28,4.25,4.30,4.32,4.22,182703,86710693.00,2.36,1.42,0.06,1.28
2016-11-29,4.28,4.23,4.33,4.23,196855,93501630.00,2.33,-1.63,-0.07,1.38
2016-11-30,4.21,4.21,4.26,4.19,134760,62977625.00,1.65,-0.47,-0.02,0.95
2016-12-01,4.23,4.23,4.23,4.20,89491,41855155.00,0.71,0.48,0.02,0.63
2016-12-02,4.24,4.14,4.24,4.12,247175,114314125.00,2.84,-2.13,-0.09,1.74
2016-12-05,4.10,4.12,4.16,4.05,110230,50477720.00,2.66,-0.48,-0.02,0.77
2016-12-06,4.12,4.13,4.15,4.11,79064,36304511.00,0.97,0.24,0.01,0.56
2016-12-07,4.14,4.16,4.17,4.12,118956,54759970.00,1.21,0.73,0.03,0.84
2016-12-08,4.16,4.15,4.18,4.13,114716,52940467.00,1.20,-0.24,-0.01,0.81
2016-12-09,4.15,4.14,4.17,4.11,114240,52579671.00,1.45,-0.24,-0.01,0.80
2016-12-12,4.13,3.93,4.15,3.92,222855,100375917.00,5.56,-5.07,-0.21,1.57
2016-12-13,3.95,3.94,3.96,3.87,125222,54877031.00,2.29,0.25,0.01,0.88
2016-12-14,3.92,3.95,3.99,3.90,98366,43459130.00,2.28,0.25,0.01,0.69
2016-12-15,3.94,3.98,4.01,3.92,107900,47769527.00,2.28,0.76,0.03,0.76
2016-12-16,3.97,4.01,4.03,3.96,81673,36416243.00,1.76,0.75,0.03,0.57
2016-12-19,4.00,3.99,4.01,3.95,96073,42654207.00,1.50,-0.50,-0.02,0.68
2016-12-20,3.99,4.01,4.03,3.97,101518,45331052.00,1.50,0.50,0.02,0.71
2016-12-21,4.01,4.04,4.05,3.99,68942,30988159.00,1.50,0.75,0.03,0.48
2016-12-22,4.04,4.06,4.11,4.00,135176,61115789.00,2.72,0.50,0.02,0.95
2016-12-23,4.06,3.99,4.06,3.99,73449,32917377.00,1.72,-1.72,-0.07,0.52
2016-12-26,3.99,4.06,4.06,3.95,93822,41900742.00,2.76,1.75,0.07,0.66
2016-12-27,4.04,4.05,4.10,4.04,72545,32847437.00,1.48,-0.25,-0.01,0.51
2016-12-28,4.06,4.04,4.09,4.03,58975,26644430.00,1.48,-0.25,-0.01,0.41
2016-12-29,4.04,4.06,4.14,4.04,103483,47027787.00,2.48,0.50,0.02,0.73
2016-12-30,4.05,4.17,4.19,4.04,202089,92906680.00,3.69,2.71,0.11,1.42