2022-01-04,24.81,25.44,25.62,24.28,37429,122932368.00,5.37,1.96,0.49,5.62
2022-01-05,25.27,25.94,26.81,25.10,50879,172784998.00,6.72,1.97,0.50,7.64
2022-01-06,25.94,24.57,25.95,24.14,37912,124900335.00,6.98,-5.28,-1.37,5.69
2022-01-07,25.03,25.88,27.85,24.65,64318,220364275.00,13.02,5.33,1.31,9.65
2022-01-10,24.42,24.22,25.12,22.89,49574,156300450.00,8.62,-6.41,-1.66,7.44
2022-01-11,24.42,24.10,25.55,23.58,40951,131934677.00,8.13,-0.50,-0.12,6.15
2022-01-12,24.27,23.90,24.42,23.32,28545,88728939.00,4.56,-0.83,-0.20,4.28
2022-01-13,23.85,24.63,26.69,23.52,51879,170376026.00,13.26,3.05,0.73,7.79
2022-01-14,24.16,23.52,24.35,23.36,35832,111832684.00,4.02,-4.51,-1.11,5.38
2022-01-17,23.52,23.68,24.03,23.27,21085,65295441.00,3.23,0.68,0.16,3.16
2022-01-18,23.54,22.69,23.55,22.28,36051,107389521.00,5.36,-4.18,-0.99,5.41
2022-01-19,22.43,23.04,23.65,22.42,24956,75664553.00,5.42,1.54,0.35,3.75
2022-01-20,23.45,22.66,24.42,22.43,38745,118822222.00,8.64,-1.65,-0.38,5.82
2022-01-21,21.96,21.24,22.16,20.89,31270,87903849.00,5.60,-6.27,-1.42,4.69
2022-01-24,21.19,21.52,21.79,20.67,15133,42335649.00,5.27,1.32,0.28,2.27
2022-01-25,21.19,20.79,21.66,20.74,15209,41907834.00,4.28,-3.39,-0.73,2.28
2022-01-26,20.79,20.50,21.35,20.27,12009,32406139.00,5.19,-1.39,-0.29,1.80
2022-01-27,20.57,19.98,20.57,19.72,14308,37628416.00,4.15,-2.54,-0.52,2.15
2022-01-28,20.17,20.02,20.35,19.90,12558,33142933.00,2.25,0.20,0.04,1.88
2022-02-07,20.38,20.81,20.87,19.82,11093,29839571.00,5.24,3.95,0.79,1.66
2022-02-08,20.81,21.24,21.51,20.42,11804,32587993.00,5.24,2.07,0.43,1.77
2022-02-09,21.64,21.48,22.87,21.27,23868,68391556.00,7.53,1.13,0.24,3.58
2022-02-10,21.12,21.68,21.84,20.93,19207,53933854.00,4.24,0.93,0.20,2.88
2022-02-11,22.89,22.52,24.85,22.51,61202,188907892.00,10.79,3.87,0.84,9.19
2022-02-14,20.22,21.02,21.25,20.19,42744,116268752.00,4.71,-6.66,-1.50,6.42
2022-02-15,21.01,20.38,21.01,20.27,21018,56464591.00,3.52,-3.04,-0.64,3.15
2022-02-16,20.43,20.80,21.15,20.43,21228,57812691.00,3.53,2.06,0.42,3.19
2022-02-17,20.59,20.48,20.95,20.31,17776,47906938.00,3.08,-1.54,-0.32,2.67
2022-02-18,20.28,21.14,21.49,20.27,28486,78195012.00,5.96,3.22,0.66,4.28
2022-02-21,20.73,21.57,22.20,20.63,34163,95163658.00,7.43,2.03,0.43,5.13
2022-02-22,20.96,20.74,21.50,20.62,27884,76738185.00,4.08,-3.85,-0.83,4.19
2022-02-23,20.76,20.82,21.18,20.47,17551,47741831.00,3.42,0.39,0.08,2.63
2022-02-24,20.82,19.92,21.10,19.18,33189,87761422.00,9.22,-4.32,-0.90,4.98
2022-02-25,19.95,19.98,20.18,19.78,13752,36129707.00,2.01,0.30,0.06,2.06
2022-02-28,20.02,19.73,20.11,19.44,10554,27287505.00,3.35,-1.25,-0.25,1.58
2022-03-01,19.98,20.05,20.09,19.58,10387,27029672.00,2.58,1.62,0.32,1.56
2022-03-02,20.26,20.09,20.56,19.91,14842,39313558.00,3.24,0.20,0.04,2.23
2022-03-03,20.15,20.53,20.95,20.15,23774,64159470.00,3.98,2.19,0.44,3.57
2022-03-04,20.19,19.79,20.27,19.65,17765,46549843.00,3.02,-3.60,-0.74,2.67
2022-03-07,19.71,19.42,20.02,19.28,18132,46681794.00,3.74,-1.87,-0.37,2.72
2022-03-08,19.42,18.46,19.65,18.35,17354,42550089.00,6.69,-4.94,-0.96,2.60
2022-03-09,18.50,18.01,18.70,17.12,16647,39120382.00,8.56,-2.44,-0.45,2.50
2022-03-10,18.19,18.56,18.73,18.18,14123,34240653.00,3.05,3.05,0.55,2.12
2022-03-11,18.32,18.42,18.68,17.96,12758,30629828.00,3.88,-0.75,-0.14,1.91
2022-03-14,18.31,17.85,18.68,17.83,11340,27103570.00,4.61,-3.09,-0.57,1.70
2022-03-15,18.22,16.56,18.22,16.56,13768,31130874.00,9.30,-7.23,-1.29,2.07
2022-03-16,17.04,17.55,17.85,16.48,19427,43737882.00,8.27,5.98,0.99,2.92
2022-03-17,20.61,21.10,21.10,19.81,84036,231272806.00,7.35,20.23,3.55,12.61
2022-03-18,20.59,21.22,22.08,19.54,110836,299042784.00,12.04,0.57,0.12,16.64
2022-03-21,20.50,21.86,22.54,20.05,96841,270163360.00,11.73,3.02,0.64,14.54
2022-03-22,21.19,26.27,26.27,20.66,167249,532448848.00,25.66,20.17,4.41,25.10
2022-03-23,24.85,28.12,31.56,23.03,200973,691299424.00,32.47,7.04,1.85,30.16
2022-03-24,25.93,28.02,29.81,25.62,162229,587280128.00,14.90,-0.36,-0.10,24.35
2022-03-25,26.73,27.27,28.73,26.19,131766,473577152.00,9.06,-2.68,-0.75,19.78
2022-03-28,26.62,28.37,30.51,25.58,159635,588784336.00,18.08,4.03,1.10,23.96
2022-03-29,27.55,26.30,27.79,25.65,119833,417047472.00,7.54,-7.30,-2.07,17.99
2022-03-30,26.35,31.60,31.60,26.35,193736,752035008.00,19.96,20.15,5.30,29.08
2022-03-31,33.65,33.80,37.85,31.65,224278,994412400.00,19.62,6.96,2.20,33.66
2022-04-01,32.60,33.35,35.38,30.50,174878,746296944.00,14.44,-1.33,-0.45,26.25
2022-04-06,33.42,34.19,36.79,31.88,159328,715020256.00,14.72,2.52,0.84,23.91
2022-04-07,31.54,31.66,33.88,31.47,117189,497105184.00,7.05,-7.40,-2.53,17.59
2022-04-08,31.60,33.17,34.42,31.25,136019,588352928.00,10.01,4.77,1.51,20.42
2022-04-11,31.35,28.80,31.35,26.50,120350,458151392.00,14.62,-13.17,-4.37,18.06
2022-04-12,29.26,28.31,30.36,28.05,112301,431597168.00,8.02,-1.70,-0.49,16.86
2022-04-13,27.23,28.78,29.79,27.01,111677,413037696.00,9.82,1.66,0.47,16.76
2022-04-14,28.29,31.28,32.12,28.13,128979,507231792.00,13.86,8.69,2.50,19.36
2022-04-15,30.04,30.45,32.37,29.40,120919,487373136.00,9.49,-2.65,-0.83,18.15
2022-04-18,29.04,27.32,31.50,27.32,121467,467291088.00,13.73,-10.28,-3.13,18.23
2022-04-19,26.70,27.55,27.75,26.05,97535,342496352.00,6.22,0.84,0.23,14.64
2022-04-20,27.42,25.85,27.48,25.16,107973,366921904.00,8.42,-6.17,-1.70,16.21
2022-04-21,25.46,24.67,25.96,24.33,71898,236089667.00,6.31,-4.56,-1.18,10.79
2022-04-22,24.45,24.28,25.47,23.68,67128,218288286.00,7.26,-1.58,-0.39,10.08
2022-04-25,23.45,23.28,25.00,23.06,66985,211998616.00,7.99,-4.12,-1.00,10.05
2022-04-26,23.48,23.78,24.65,23.03,86945,271805696.00,6.96,2.15,0.50,13.05
2022-04-27,22.88,23.49,23.95,22.12,83242,251901292.00,7.70,-1.22,-0.29,12.49
2022-04-28,23.27,25.81,25.81,22.73,142555,458131728.00,13.11,9.88,2.32,21.40
2022-04-29,25.78,26.06,27.19,24.73,136337,459846064.00,9.53,0.97,0.25,20.46
2022-05-05,25.73,26.66,27.73,25.19,122907,422883888.00,9.75,2.30,0.60,18.45
2022-05-06,25.19,24.83,26.22,24.62,82460,272644176.00,6.00,-6.86,-1.83,12.38
2022-05-09,24.73,25.27,25.92,24.73,68317,227502187.00,4.79,1.77,0.44,10.25
2022-05-10,24.85,26.25,26.55,24.68,90994,308264000.00,7.40,3.88,0.98,13.66
2022-05-11,26.12,25.81,27.42,25.79,107478,371525472.00,6.21,-1.68,-0.44,16.13
2022-05-12,25.19,24.60,26.08,24.03,80231,261544665.00,7.94,-4.69,-1.21,12.04
2022-05-13,24.65,29.56,29.56,24.10,150393,528690160.00,22.20,20.16,4.96,22.57
2022-05-16,31.35,30.12,32.03,28.65,181494,720168192.00,11.43,1.89,0.56,27.24
2022-05-17,29.28,28.42,29.58,27.88,119435,445275760.00,5.64,-5.64,-1.70,17.93
2022-05-18,28.35,28.91,28.93,28.04,93591,349633008.00,3.13,1.72,0.49,14.05
2022-05-19,28.42,30.11,32.01,28.12,146042,582132896.00,13.46,4.15,1.20,21.92
2022-05-20,29.04,29.23,30.09,28.57,99757,382176704.00,5.05,-2.92,-0.88,14.97
2022-05-23,29.23,29.42,29.81,28.58,76663,292285712.00,4.21,0.65,0.19,11.51
2022-05-24,29.43,27.19,29.50,26.88,93027,337087744.00,8.91,-7.58,-2.23,13.96
2022-05-25,26.95,27.63,27.79,26.35,62091,220366812.00,5.30,1.62,0.44,9.32
2022-05-26,27.50,26.60,28.18,26.36,66609,238130465.00,6.59,-3.73,-1.03,10.00
2022-05-27,26.86,27.52,28.35,26.60,85657,307436592.00,6.58,3.46,0.92,12.86
2022-05-30,27.39,26.67,27.62,26.27,68183,240029307.00,4.91,-3.09,-0.85,10.23
2022-05-31,26.43,27.52,27.62,25.53,78806,276621600.00,7.84,3.19,0.85,11.83
2022-06-01,27.19,28.48,29.42,26.82,99299,365023488.00,9.45,3.49,0.96,14.90
2022-06-02,28.08,26.57,28.15,26.55,78552,278572544.00,5.62,-6.71,-1.91,11.79
2022-06-06,26.08,26.74,26.98,25.78,53144,183447712.00,4.52,0.64,0.17,7.98
2022-06-07,26.42,28.22,28.66,26.35,93073,336895632.00,8.64,5.53,1.48,13.97
2022-06-08,27.86,27.44,27.95,26.67,69595,248232106.00,4.54,-2.76,-0.78,10.45
2022-06-09,27.46,27.98,29.31,27.12,96839,361348608.00,7.98,1.97,0.54,14.53
2022-06-10,27.27,28.04,28.25,26.88,59000,213964308.00,4.90,0.21,0.06,8.86
2022-06-13,27.35,27.17,27.65,26.42,62172,219315569.00,4.39,-3.10,-0.87,9.33
2022-06-14,26.64,26.72,27.50,25.72,48124,168203699.00,6.55,-1.66,-0.45,7.22
2022-06-15,26.73,27.02,28.95,26.15,79041,285942352.00,10.48,1.12,0.30,11.86
2022-06-16,26.50,27.05,27.37,26.16,70470,188033011.00,4.48,0.11,0.03,8.14
2022-06-17,26.81,26.41,27.23,25.90,74813,198129656.00,4.92,-2.37,-0.64,8.64
2022-06-20,26.20,27.30,27.50,26.16,93122,252380026.00,5.07,3.37,0.89,10.75
2022-06-21,27.13,28.10,29.66,27.03,135791,386227776.00,9.63,2.93,0.80,15.68
2022-06-22,27.50,26.66,27.94,26.60,93498,254219920.00,4.77,-5.12,-1.44,10.80
2022-06-23,26.34,27.75,28.49,26.34,100833,278597120.00,8.06,4.09,1.09,11.64
2022-06-24,27.78,27.64,28.19,26.82,89742,244869884.00,4.94,-0.40,-0.11,10.36
2022-06-27,27.52,27.89,28.44,27.38,85574,238335728.00,3.84,0.90,0.25,9.88
2022-06-28,27.70,27.94,28.45,27.34,78568,220105087.00,3.98,0.18,0.05,9.07
2022-06-29,28.34,31.15,32.88,28.34,201615,610633360.00,16.25,11.49,3.21,23.28
2022-06-30,30.31,30.96,32.52,29.55,155130,480225488.00,9.53,-0.61,-0.19,17.91
2022-07-01,30.70,30.17,31.10,29.62,101913,308501280.00,4.78,-2.55,-0.79,11.77
2022-07-04,30.23,29.30,30.23,29.06,75646,222228795.00,3.88,-2.88,-0.87,8.73
2022-07-05,29.41,29.75,29.98,29.00,79168,233950961.00,3.34,1.54,0.45,9.14
2022-07-06,29.50,27.96,29.71,27.81,80857,229661667.00,6.39,-6.02,-1.79,9.34
2022-07-07,27.96,28.16,28.88,27.56,65180,184049139.00,4.72,0.72,0.20,7.53
2022-07-08,28.00,28.06,28.70,27.70,49598,140373727.00,3.55,-0.36,-0.10,5.73
2022-07-11,27.86,27.50,28.47,27.30,47039,130471167.00,4.17,-2.00,-0.56,5.43
2022-07-12,27.75,28.15,28.38,27.45,62020,173363956.00,3.38,2.36,0.65,7.16
2022-07-13,28.41,28.72,30.20,28.26,105992,309590768.00,6.89,2.02,0.57,12.24
2022-07-14,27.96,28.08,28.47,27.45,82693,230228659.00,3.55,-2.23,-0.64,9.55
2022-07-15,27.76,25.70,27.77,25.68,90081,238524543.00,7.44,-8.48,-2.38,10.40
2022-07-18,25.70,26.80,26.97,25.60,62194,164945319.00,5.33,4.28,1.10,7.18
2022-07-19,26.40,26.33,26.83,26.10,48817,128567182.00,2.72,-1.75,-0.47,5.64
2022-07-20,26.38,25.98,26.53,25.76,42864,111960076.00,2.92,-1.33,-0.35,4.95
2022-07-21,25.98,25.38,26.07,25.23,40638,103963018.00,3.23,-2.31,-0.60,4.69
2022-07-22,25.62,26.39,26.70,25.32,66695,173897530.00,5.44,3.98,1.01,7.70
2022-07-25,26.40,26.30,27.75,26.23,69950,188805719.00,5.76,-0.34,-0.09,8.08
2022-07-26,25.77,27.44,27.74,25.66,102637,278071096.00,7.91,4.33,1.14,11.85
2022-07-27,26.79,26.55,27.18,26.16,73242,194325835.00,3.72,-3.24,-0.89,8.46
2022-07-28,26.08,26.43,27.25,26.00,64000,169438054.00,4.71,-0.45,-0.12,7.39
2022-07-29,26.28,25.68,26.39,25.68,46652,120627568.00,2.69,-2.84,-0.75,5.39
2022-08-01,25.50,24.64,25.68,24.39,51771,128150315.00,5.02,-4.05,-1.04,5.98
2022-08-02,24.32,22.62,24.32,22.40,46489,107181496.00,7.79,-8.20,-2.02,5.37
2022-08-03,22.56,22.35,23.48,22.21,28852,65645494.00,5.61,-1.19,-0.27,3.33
2022-08-04,22.56,22.99,23.00,22.44,29677,67607374.00,2.51,2.86,0.64,3.43
2022-08-05,22.90,23.36,23.40,22.80,26126,60564060.00,2.61,1.61,0.37,3.02
2022-08-08,23.60,23.62,24.42,23.40,37470,89701209.00,4.37,1.11,0.26,4.33
2022-08-09,23.29,23.47,23.95,22.88,33316,77708258.00,4.53,-0.64,-0.15,3.85
2022-08-10,23.28,23.15,23.45,22.96,28785,66648196.00,2.09,-1.36,-0.32,3.32
2022-08-11,23.40,23.55,23.70,23.30,28809,67659509.00,1.73,1.73,0.40,3.33
2022-08-12,23.43,23.91,24.10,23.11,44334,105304160.00,4.20,1.53,0.36,5.12
2022-08-15,23.70,23.48,24.06,23.45,28484,67210614.00,2.55,-1.80,-0.43,3.29
2022-08-16,23.96,24.31,24.85,23.86,72403,176504790.00,4.22,3.53,0.83,8.36
2022-08-17,24.00,24.25,24.78,23.73,51584,124678255.00,4.32,-0.25,-0.06,5.96
2022-08-18,24.25,23.76,24.60,23.40,50885,121574333.00,4.95,-2.02,-0.49,5.87
2022-08-19,23.63,23.78,24.58,23.51,44996,108717047.00,4.50,0.08,0.02,5.20
2022-08-22,23.77,24.18,24.68,23.40,54850,132238178.00,5.38,1.68,0.40,6.33
2022-08-23,24.02,23.79,24.45,23.59,39093,93160456.00,3.56,-1.61,-0.39,4.51
2022-08-24,23.79,23.27,24.03,23.27,29993,70704407.00,3.19,-2.19,-0.52,3.46
2022-08-25,23.40,23.15,23.75,22.91,24413,56864319.00,3.61,-0.52,-0.12,2.82
2022-08-26,23.21,22.42,23.25,22.41,25034,57065512.00,3.63,-3.15,-0.73,2.89
2022-08-29,22.24,22.66,22.74,21.58,22754,50491998.00,5.17,1.07,0.24,2.63
2022-08-30,22.70,23.11,23.20,22.61,24325,55895825.00,2.60,1.99,0.45,2.81
2022-08-31,23.10,22.63,23.65,22.58,33830,78203276.00,4.63,-2.08,-0.48,3.91
2022-09-01,22.47,23.72,24.55,22.47,84073,199762786.00,9.19,4.82,1.09,9.71
2022-09-02,23.46,23.10,23.62,23.00,53071,123119348.00,2.61,-2.61,-0.62,6.13
2022-09-05,23.10,23.38,23.55,22.83,35701,83116206.00,3.12,1.21,0.28,4.12
2022-09-06,23.30,24.20,24.66,23.30,73794,177727766.00,5.82,3.51,0.82,8.52
2022-09-07,23.78,24.50,24.60,23.50,63313,152761907.00,4.55,1.24,0.30,7.31
2022-09-08,24.23,24.26,24.65,23.80,39322,94769787.00,3.47,-0.98,-0.24,4.54
2022-09-09,24.21,25.42,25.85,24.20,114316,288363641.00,6.80,4.78,1.16,13.20
2022-09-13,25.00,24.65,25.44,24.59,71002,177240761.00,3.34,-3.03,-0.77,8.20
2022-09-14,24.30,24.39,25.37,24.20,60504,150536176.00,4.75,-1.05,-0.26,6.99
2022-09-15,24.66,25.99,26.38,24.66,120694,306570623.00,7.05,6.56,1.60,13.93
2022-09-16,25.40,24.52,26.10,24.50,95204,239247845.00,6.16,-5.66,-1.47,10.99
2022-09-19,24.20,22.99,24.26,22.62,66452,153946884.00,6.69,-6.24,-1.53,7.67
2022-09-20,23.10,24.08,24.99,23.10,76007,184432145.00,8.22,4.74,1.09,8.78
2022-09-21,23.77,24.89,25.42,23.24,87165,214712352.00,9.05,3.36,0.81,10.06
2022-09-22,24.50,24.28,25.70,24.21,65044,160982581.00,5.99,-2.45,-0.61,7.51
2022-09-23,24.32,24.45,25.44,23.97,88104,219662399.00,6.05,0.70,0.17,10.17
2022-09-26,24.68,25.01,25.69,23.96,92714,231155165.00,7.08,2.29,0.56,10.70
2022-09-27,24.60,24.47,24.86,23.36,69963,168155883.00,6.00,-2.16,-0.54,8.08
2022-09-28,24.02,22.73,24.19,22.65,52872,123757599.00,6.29,-7.11,-1.74,6.10
2022-09-29,22.74,21.11,22.97,20.72,66244,143292041.00,9.90,-7.13,-1.62,7.65
2022-09-30,21.49,21.19,21.85,21.01,41986,90032534.00,3.98,0.38,0.08,4.85
2022-10-10,21.28,21.09,22.10,20.80,40733,87827773.00,6.13,-0.47,-0.10,4.70
2022-10-11,20.92,20.16,21.19,20.00,34504,69950930.00,5.64,-4.41,-0.93,3.98
2022-10-12,20.38,20.77,20.86,19.58,46975,94955158.00,6.35,3.03,0.61,5.42
2022-10-13,20.59,20.41,20.74,20.24,31531,64470208.00,2.41,-1.73,-0.36,3.64
2022-10-14,20.59,20.92,21.13,20.51,37382,77922673.00,3.04,2.50,0.51,4.32
2022-10-17,20.71,21.27,21.35,20.54,40457,85207065.00,3.87,1.67,0.35,4.67
2022-10-18,21.38,21.27,21.92,21.06,46946,100854447.00,4.04,0.00,0.00,5.42
2022-10-19,21.03,21.45,22.40,20.70,69245,148660338.00,7.99,0.85,0.18,7.99
2022-10-20,20.88,20.69,21.17,20.30,44907,92941814.00,4.06,-3.54,-0.76,5.18
2022-10-21,21.11,20.75,21.53,20.65,42119,89222638.00,4.25,0.29,0.06,4.86
2022-10-24,20.38,19.81,20.65,19.81,35959,72705020.00,4.05,-4.53,-0.94,4.15
2022-10-25,19.77,19.11,19.77,18.92,30109,57913262.00,4.29,-3.53,-0.70,3.48
2022-10-26,19.10,19.45,19.67,19.10,29210,56816742.00,2.98,1.78,0.34,3.37
2022-10-27,19.59,19.79,20.19,19.50,41651,82601696.00,3.55,1.75,0.34,4.81
2022-10-28,19.50,18.58,19.78,18.40,35689,67764617.00,6.97,-6.11,-1.21,4.12
2022-10-31,18.18,18.78,18.98,18.13,22574,42086513.00,4.57,1.08,0.20,2.61
2022-11-01,19.00,19.32,19.50,18.89,27363,52465586.00,3.25,2.88,0.54,3.16
2022-11-02,19.13,19.70,19.81,19.10,34899,68286124.00,3.67,1.97,0.38,4.03
2022-11-03,19.55,19.75,19.89,19.36,25329,49769810.00,2.69,0.25,0.05,2.92
2022-11-04,19.70,20.28,20.47,19.51,42920,86431690.00,4.86,2.68,0.53,4.96
2022-11-07,19.88,20.61,20.75,19.88,41277,84280783.00,4.29,1.63,0.33,4.77
2022-11-08,20.70,20.65,21.08,20.20,34088,70592224.00,4.27,0.19,0.04,3.94
2022-11-09,20.80,21.15,21.98,20.80,69685,149721868.00,5.71,2.42,0.50,8.05
2022-11-10,20.83,20.87,21.38,20.70,49702,104357354.00,3.22,-1.32,-0.28,5.74
2022-11-11,21.32,25.04,25.04,21.32,189359,447616643.00,17.82,19.98,4.17,21.86
2022-11-14,27.54,26.70,27.54,25.25,244500,643414206.00,9.15,6.63,1.66,28.23
2022-11-15,25.88,27.05,28.45,25.75,203803,552583191.00,10.11,1.31,0.35,23.53
2022-11-16,26.42,26.80,27.56,25.81,154113,410690905.00,6.47,-0.92,-0.25,17.79
2022-11-17,25.75,26.57,27.29,25.51,140720,373929695.00,6.64,-0.86,-0.23,16.25
2022-11-18,26.01,25.76,26.57,25.38,111128,287903258.00,4.48,-3.05,-0.81,12.83
2022-11-21,25.77,25.08,25.79,24.00,75179,186870411.00,6.95,-2.64,-0.68,8.68
2022-11-22,25.84,24.80,26.15,24.53,105138,265392277.00,6.46,-1.12,-0.28,12.14
2022-11-23,24.72,23.99,25.12,23.60,75729,182442829.00,6.13,-3.27,-0.81,8.74
2022-11-24,25.19,24.66,26.54,24.52,167695,427001782.00,8.42,2.79,0.67,19.36
2022-11-25,25.70,26.71,27.95,25.70,196078,524166717.00,9.12,8.31,2.05,22.64
2022-11-28,24.79,25.20,26.16,24.73,144823,366892863.00,5.35,-5.65,-1.51,16.72
2022-11-29,28.50,30.24,30.24,26.82,226988,650379402.00,13.57,20.00,5.04,26.21
2022-11-30,31.60,30.06,34.50,30.03,296821,955271885.00,14.78,-0.60,-0.18,34.27
2022-12-01,29.71,30.43,31.31,28.83,207898,622396792.00,8.25,1.23,0.37,24.00
2022-12-02,28.00,27.67,28.57,27.20,164491,458676001.00,4.50,-9.07,-2.76,18.99
2022-12-05,28.13,28.02,29.53,27.77,158609,452707984.00,6.36,1.26,0.35,18.31
2022-12-06,27.10,27.69,27.90,26.80,128398,349767778.00,3.93,-1.18,-0.33,14.82
2022-12-07,27.00,27.14,27.35,26.16,86970,233937698.00,4.30,-1.99,-0.55,10.04
2022-12-08,26.98,28.57,29.47,26.86,176324,495847954.00,9.62,5.27,1.43,20.36
2022-12-09,28.58,28.76,30.77,28.28,174952,515228885.00,8.72,0.67,0.19,20.20
2022-12-12,27.33,28.02,28.36,27.04,119905,331323272.00,4.59,-2.57,-0.74,13.84
2022-12-13,27.50,29.01,29.80,26.73,146470,417674395.00,10.96,3.53,0.99,16.91
2022-12-14,28.30,27.45,28.39,27.02,101850,282023613.00,4.72,-5.38,-1.56,11.76
2022-12-15,26.85,28.26,28.31,25.72,115968,312395852.00,9.44,2.95,0.81,13.39
2022-12-16,27.88,28.94,30.49,27.53,172184,500561116.00,10.47,2.41,0.68,19.88
2022-12-19,28.21,30.40,31.36,28.21,159278,477318659.00,10.88,5.04,1.46,18.39
2022-12-20,28.70,27.20,28.74,27.20,112526,313970865.00,5.07,-10.53,-3.20,12.99
2022-12-21,27.03,27.12,27.99,26.67,79595,217568688.00,4.85,-0.29,-0.08,9.19
2022-12-22,27.72,27.80,29.60,27.41,113345,322735307.00,8.08,2.51,0.68,13.09
2022-12-23,26.51,27.35,28.40,26.50,88630,243369524.00,6.83,-1.62,-0.45,10.23
2022-12-26,26.75,27.33,27.64,26.13,77320,209028379.00,5.52,-0.07,-0.02,8.93
2022-12-27,27.37,28.50,28.90,26.98,123186,348516031.00,7.03,4.28,1.17,14.22
2022-12-28,27.88,28.86,29.42,27.42,120905,344727147.00,7.02,1.26,0.36,13.96
2022-12-29,28.11,27.49,28.29,27.15,93416,257402109.00,3.95,-4.75,-1.37,10.79
2022-12-30,27.80,27.35,28.18,27.00,60112,165846051.00,4.29,-0.51,-0.14,6.94