2015-01-05,10.55,10.34,10.55,10.22,10875,27079860.00,3.13,-1.99,-0.21,3.11
2015-01-06,10.31,10.66,10.80,10.22,13140,33354008.00,5.61,3.09,0.32,3.75
2015-01-07,10.62,10.44,10.63,10.30,8072,20255043.00,3.10,-2.06,-0.22,2.31
2015-01-08,10.42,10.46,10.64,10.31,8835,22345539.00,3.16,0.19,0.02,2.52
2015-01-09,10.37,10.23,10.62,10.21,10027,25143867.00,3.92,-2.20,-0.23,2.86
2015-01-12,10.09,9.69,10.10,9.65,10300,24661080.00,4.40,-5.28,-0.54,2.94
2015-01-13,9.60,9.92,10.00,9.60,6817,16313925.00,4.13,2.37,0.23,1.95
2015-01-14,9.92,9.74,10.00,9.69,7253,17278484.00,3.13,-1.81,-0.18,2.07
2015-01-15,9.77,9.82,9.98,9.74,6220,14951568.00,2.46,0.82,0.08,1.78
2015-01-16,9.89,10.07,10.18,9.85,11016,26916784.00,3.36,2.55,0.25,3.15
2015-01-19,9.95,10.21,10.61,9.88,18751,46818683.00,7.25,1.39,0.14,5.36
2015-01-20,10.32,11.12,11.16,10.32,31333,81007251.00,8.23,8.91,0.91,8.95
2015-01-21,11.14,11.16,11.21,10.89,23966,63080671.00,2.88,0.36,0.04,6.85
2015-01-22,11.15,11.89,11.95,10.95,32619,88838182.00,8.96,6.54,0.73,9.32
2015-01-23,11.82,11.45,11.82,11.42,15713,42929395.00,3.36,-3.70,-0.44,4.49
2015-01-26,11.45,11.36,11.55,11.14,12852,34572658.00,3.58,-0.79,-0.09,3.67
2015-01-27,11.36,11.56,11.65,11.04,16044,43250940.00,5.37,1.76,0.20,4.58
2015-01-28,11.44,11.47,11.71,11.34,8116,22113626.00,3.20,-0.78,-0.09,2.32
2015-01-29,11.39,11.49,11.63,11.28,7600,20634308.00,3.05,0.17,0.02,2.17
2015-01-30,11.40,11.42,11.56,11.29,9511,25753541.00,2.35,-0.61,-0.07,2.72
2015-02-02,11.34,11.85,12.03,11.20,21604,59645556.00,7.27,3.77,0.43,6.17
2015-02-03,11.39,11.87,12.08,11.39,19086,53327337.00,5.82,0.17,0.02,5.45
2015-02-04,11.87,11.46,11.88,11.40,10834,29825748.00,4.04,-3.45,-0.41,3.10
2015-02-05,11.80,11.71,12.14,11.46,19058,53048795.00,5.93,2.18,0.25,5.45
2015-02-06,11.62,11.65,12.09,11.60,11029,30772560.00,4.18,-0.51,-0.06,3.15
2015-02-09,11.59,11.23,11.65,11.13,10001,26796933.00,4.46,-3.61,-0.42,2.86
2015-02-10,11.23,11.28,11.39,10.94,7589,20146492.00,4.01,0.45,0.05,2.17
2015-02-11,11.29,11.32,11.45,11.19,4142,11106559.00,2.30,0.35,0.04,1.18
2015-02-12,11.32,11.37,11.42,11.24,6000,16129451.00,1.59,0.44,0.05,1.71
2015-02-13,11.41,11.72,11.85,11.37,9103,25072098.00,4.22,3.08,0.35,2.60
2015-02-16,11.73,11.80,11.85,11.70,7144,19804157.00,1.28,0.68,0.08,2.04
2015-02-17,11.88,11.49,11.89,11.35,15026,41046714.00,4.58,-2.63,-0.31,4.29
2015-02-25,11.50,11.29,11.51,11.27,8723,23461673.00,2.09,-1.74,-0.20,2.49
2015-02-26,11.29,11.39,11.43,11.24,5738,15448320.00,1.68,0.89,0.10,1.64
2015-02-27,11.33,11.86,11.88,11.33,15636,43099706.00,4.83,4.13,0.47,4.47
2015-03-02,11.97,12.37,12.42,11.88,27470,78431838.00,4.55,4.30,0.51,7.85
2015-03-03,12.26,12.02,12.58,11.96,27362,78415878.00,5.01,-2.83,-0.35,7.82
2015-03-04,11.93,12.01,12.20,11.90,20771,58658893.00,2.50,-0.08,-0.01,5.93
2015-03-05,12.01,11.80,12.01,11.75,14321,39914062.00,2.16,-1.75,-0.21,4.09
2015-03-06,11.80,11.94,12.04,11.70,10641,29736454.00,2.88,1.19,0.14,3.04
2015-03-09,11.95,11.85,11.95,11.70,8242,22883334.00,2.09,-0.75,-0.09,2.35
2015-03-10,11.89,11.71,11.89,11.65,14085,38990050.00,2.03,-1.18,-0.14,4.02
2015-03-11,11.74,11.53,11.81,11.49,9678,26621434.00,2.73,-1.54,-0.18,2.77
2015-03-12,11.54,11.39,11.61,11.35,9886,26791765.00,2.25,-1.21,-0.14,2.82
2015-03-13,11.50,11.78,11.79,11.45,7828,21484413.00,2.99,3.42,0.39,2.24
2015-03-16,11.91,12.09,12.14,11.78,16300,46037033.00,3.06,2.63,0.31,4.66
2015-03-17,12.16,12.01,12.19,11.86,20003,56466371.00,2.73,-0.66,-0.08,5.72
2015-03-18,12.01,12.41,12.42,11.92,32472,92768483.00,4.16,3.33,0.40,9.28
2015-03-19,12.34,12.55,12.60,12.24,29481,85536283.00,2.90,1.13,0.14,8.42
2015-03-20,12.55,12.46,12.60,12.31,22570,65451490.00,2.31,-0.72,-0.09,6.45
2015-03-23,12.44,12.51,12.54,12.33,25533,74201480.00,1.69,0.40,0.05,7.30
2015-03-24,12.55,12.34,12.61,11.97,24373,70266781.00,5.12,-1.36,-0.17,6.96
2015-03-25,12.38,13.31,13.44,12.34,53313,161735287.00,8.91,7.86,0.97,15.23
2015-03-26,13.19,13.03,13.23,12.75,25649,77256187.00,3.61,-2.10,-0.28,7.33
2015-03-27,13.03,13.37,13.38,12.89,22670,68853492.00,3.76,2.61,0.34,6.48
2015-03-30,13.60,13.87,14.11,13.60,36261,115227988.00,3.81,3.74,0.50,10.36
2015-03-31,14.01,13.47,14.11,13.44,32294,101411331.00,4.83,-2.88,-0.40,9.23
2015-04-01,13.18,13.23,13.32,12.70,49592,149457800.00,4.60,-1.78,-0.24,14.17
2015-04-02,13.12,13.42,13.61,13.12,38443,118465224.00,3.70,1.44,0.19,10.98
2015-04-03,13.28,13.53,13.59,13.11,38392,118352403.00,3.58,0.82,0.11,10.97
2015-04-07,13.53,14.03,14.11,13.53,45228,144152604.00,4.29,3.70,0.50,12.92
2015-04-08,14.20,13.68,14.26,13.49,35794,113672863.00,5.49,-2.49,-0.35,10.23
2015-04-09,13.71,13.38,13.74,12.88,26741,81785915.00,6.29,-2.19,-0.30,7.64
2015-04-10,13.36,13.79,13.84,13.15,29206,91453224.00,5.16,3.06,0.41,8.34
2015-04-13,13.96,14.93,15.27,13.96,61030,204602943.00,9.50,8.27,1.14,17.44
2015-04-14,14.73,14.52,14.84,14.47,31353,104513768.00,2.48,-2.75,-0.41,8.96
2015-04-15,14.49,13.76,14.49,13.75,29902,96379293.00,5.10,-5.23,-0.76,8.54
2015-04-16,13.44,13.83,13.97,13.34,21796,68816320.00,4.58,0.51,0.07,6.23
2015-04-17,13.91,13.86,14.09,13.66,25979,82639371.00,3.11,0.22,0.03,7.42
2015-04-20,13.84,13.27,14.06,12.93,31238,98042819.00,8.15,-4.26,-0.59,8.93
2015-04-21,13.85,14.85,14.85,13.85,57929,193312916.00,7.54,11.91,1.58,16.55
2015-04-22,15.65,16.01,16.26,15.38,95530,339831920.00,5.93,7.81,1.16,27.29
2015-04-23,15.96,16.53,17.03,15.63,68770,250511089.00,8.74,3.25,0.52,19.65
2015-04-24,16.01,16.63,17.02,16.01,52563,194661956.00,6.11,0.60,0.10,15.02
2015-04-27,16.88,16.58,17.01,16.20,42212,156230161.00,4.87,-0.30,-0.05,12.06
2015-04-28,16.57,15.57,16.57,15.49,42006,149713642.00,6.51,-6.09,-1.01,12.00
2015-04-29,15.75,16.08,16.36,15.49,34828,124585924.00,5.59,3.28,0.51,9.95
2015-04-30,16.52,16.35,17.44,16.16,40614,152348566.00,7.96,1.68,0.27,11.60
2015-05-04,16.35,16.41,16.56,15.80,25494,92678476.00,4.65,0.37,0.06,7.28
2015-05-05,16.41,16.02,16.41,15.71,22128,79382252.00,4.27,-2.38,-0.39,6.32
2015-05-06,16.01,16.04,16.78,15.81,33515,122907577.00,6.05,0.12,0.02,9.58
2015-05-07,16.01,15.34,16.25,15.32,23309,82525767.00,5.80,-4.36,-0.70,6.66
2015-05-08,15.51,16.04,16.04,15.51,24504,87047696.00,3.46,4.56,0.70,7.00
2015-05-11,16.34,17.37,17.54,16.07,47379,178956573.00,9.16,8.29,1.33,13.54
2015-05-12,17.44,18.54,18.93,17.19,62043,247568493.00,10.02,6.74,1.17,17.73
2015-05-13,18.16,18.20,18.54,17.86,36080,144890741.00,3.67,-1.83,-0.34,10.31
2015-05-14,18.16,19.62,20.10,18.00,42459,180148219.00,11.54,7.80,1.42,12.13
2015-05-15,19.62,20.35,20.89,18.83,38724,168259723.00,10.50,3.72,0.73,11.06
2015-05-18,20.12,22.62,22.63,19.86,45260,215037541.00,13.61,11.15,2.27,12.93
2015-05-19,22.67,22.60,23.96,21.14,47798,231787562.00,12.47,-0.09,-0.02,13.66
2015-05-20,22.17,21.95,23.44,21.87,34949,171298103.00,6.95,-2.88,-0.65,9.99
2015-05-26,24.39,24.39,24.39,24.22,10184,53299304.00,0.77,11.12,2.44,2.91
2015-05-27,27.07,27.07,27.07,26.28,38765,221623849.00,3.24,10.99,2.68,11.08
2015-05-28,29.64,27.28,30.02,26.78,51431,321483248.00,11.97,0.78,0.21,14.69
2015-05-29,26.34,30.26,30.26,25.49,88091,530893024.00,17.49,10.92,2.98,25.17
2015-06-01,30.58,30.24,31.49,27.66,71379,444438608.00,12.66,-0.07,-0.02,20.39
2015-06-02,29.35,28.45,29.98,28.10,53359,324632832.00,6.22,-5.92,-1.79,15.25
2015-06-03,28.36,28.15,29.96,27.29,40350,244977102.00,9.38,-1.05,-0.30,11.53
2015-06-04,27.48,25.61,28.15,25.09,39958,222051306.00,10.87,-9.02,-2.54,11.42
2015-06-05,26.06,25.65,27.14,25.12,37549,209478174.00,7.89,0.16,0.04,10.73
2015-06-08,25.95,24.87,26.20,24.01,35600,188385375.00,8.54,-3.04,-0.78,10.17
2015-06-09,24.87,25.58,26.03,24.24,22999,125518839.00,7.20,2.85,0.71,6.57
2015-06-10,25.65,26.69,27.03,24.78,28179,158628512.00,8.80,4.34,1.11,8.05
2015-06-11,26.47,27.17,27.52,26.27,23961,137292227.00,4.68,1.80,0.48,6.85
2015-06-12,26.88,26.11,27.62,26.09,21952,123716630.00,5.63,-3.90,-1.06,6.27
2015-06-15,26.03,24.30,26.09,24.26,23271,123947192.00,7.01,-6.93,-1.81,6.65
2015-06-16,23.87,22.53,23.89,22.24,22636,111319313.00,6.79,-7.28,-1.77,6.47
2015-06-17,22.30,23.56,23.77,22.27,18102,89274617.00,6.66,4.57,1.03,5.17
2015-06-18,23.26,23.63,25.05,23.26,23654,122642455.00,7.60,0.30,0.07,6.76
2015-06-19,23.27,21.58,23.27,21.21,18629,90233282.00,8.72,-8.68,-2.05,5.32
2015-06-23,21.28,22.44,22.49,20.20,17559,82161048.00,10.61,3.99,0.86,5.02
2015-06-24,22.65,23.47,23.62,22.65,22483,112075441.00,4.32,4.59,1.03,6.42
2015-06-25,23.78,21.92,23.78,21.84,18253,90087154.00,8.27,-6.60,-1.55,5.22
2015-06-26,22.09,19.49,22.09,19.49,23402,103332224.00,11.86,-11.09,-2.43,6.69
2015-06-29,19.93,17.32,20.52,17.31,24572,97592795.00,16.47,-11.13,-2.17,7.02
2015-06-30,16.65,19.14,19.22,15.35,41437,156938121.00,22.34,10.51,1.82,11.84
2015-07-01,18.55,17.37,19.62,17.12,25514,104978113.00,13.06,-9.25,-1.77,7.29
2015-07-02,17.52,15.92,17.87,15.58,26604,98392079.00,13.18,-8.35,-1.45,7.60
2015-07-03,15.57,14.66,17.05,14.09,30836,105875849.00,18.59,-7.91,-1.26,8.81
2015-07-06,16.36,15.58,16.36,14.12,35047,123472370.00,15.28,6.28,0.92,10.01
2015-07-07,14.54,13.79,15.47,13.79,24498,79515857.00,10.78,-11.49,-1.79,7.00
2015-07-08,12.17,12.17,13.32,12.17,20945,59881075.00,8.34,-11.75,-1.62,5.98
2015-07-09,11.21,13.63,13.63,11.21,24694,73794309.00,19.88,12.00,1.46,7.06
2015-07-10,14.45,15.23,15.23,14.45,18895,64412809.00,5.72,11.74,1.60,5.40
2015-07-13,16.39,16.99,16.99,15.88,39178,145171800.00,7.29,11.56,1.76,11.19
2015-07-14,17.05,17.34,18.37,16.35,50469,194356913.00,11.89,2.06,0.35,14.42
2015-07-15,16.66,15.37,17.16,15.37,32580,116984278.00,10.32,-11.36,-1.97,9.31
2015-07-16,14.55,16.08,16.60,13.78,28957,101298397.00,18.35,4.62,0.71,8.27
2015-07-17,15.98,17.22,17.62,15.98,20871,78760127.00,10.20,7.09,1.14,5.96
2015-07-20,17.11,17.28,17.93,16.80,25057,96283792.00,6.56,0.35,0.06,7.16
2015-07-21,16.91,17.21,17.50,16.64,25355,96009652.00,4.98,-0.41,-0.07,7.24
2015-07-22,17.27,17.22,17.62,16.95,23773,90979800.00,3.89,0.06,0.01,6.79
2015-07-23,17.28,18.96,18.99,17.28,40139,160720090.00,9.93,10.10,1.74,11.47
2015-07-24,18.66,17.89,19.16,17.62,40203,164373102.00,8.12,-5.64,-1.07,11.49
2015-07-27,17.41,15.86,17.76,15.86,29898,112550694.00,10.62,-11.35,-2.03,8.54
2015-07-28,14.80,15.53,16.96,14.06,29576,101517638.00,18.28,-2.08,-0.33,8.45
2015-07-29,15.83,16.78,16.80,15.06,22094,79157954.00,11.20,8.05,1.25,6.31
2015-07-30,16.62,16.32,17.61,16.18,26272,98871938.00,8.52,-2.74,-0.46,7.51
2015-07-31,15.68,15.82,16.54,15.57,19372,69317197.00,5.94,-3.06,-0.50,5.53
2015-08-03,15.65,14.55,15.78,14.14,19430,65417594.00,10.37,-8.03,-1.27,5.55
2015-08-04,14.56,15.92,15.93,14.56,18178,63182815.00,9.42,9.42,1.37,5.19
2015-08-05,15.78,16.10,16.49,15.56,25282,91235548.00,5.84,1.13,0.18,7.22
2015-08-06,15.74,15.71,16.09,15.42,13897,49144244.00,4.16,-2.42,-0.39,3.97
2015-08-07,15.87,16.42,16.46,15.87,21860,79449947.00,3.76,4.52,0.71,6.25
2015-08-10,16.65,17.26,17.59,16.58,23827,90764370.00,6.15,5.12,0.84,6.81
2015-08-11,17.37,18.45,19.22,17.23,44004,180207134.00,11.53,6.89,1.19,12.57
2015-08-12,18.29,17.78,18.51,17.73,29565,117896539.00,4.23,-3.63,-0.67,8.45
2015-08-13,17.65,18.20,18.24,17.47,28920,113844517.00,4.33,2.36,0.42,8.26
2015-08-14,18.33,18.08,18.39,17.93,20142,80433322.00,2.53,-0.66,-0.12,5.75
2015-08-17,17.97,17.77,17.97,17.32,15427,60166925.00,3.60,-1.71,-0.31,4.41
2015-08-18,17.68,15.91,18.33,15.77,25079,95720896.00,14.41,-10.47,-1.86,7.17
2015-08-19,15.88,17.74,17.74,15.06,29399,108796725.00,16.84,11.50,1.83,8.40
2015-08-20,17.16,17.62,18.38,16.86,34882,137462942.00,8.57,-0.68,-0.12,9.97
2015-08-21,16.89,15.62,17.56,15.62,31970,116554462.00,11.01,-11.35,-2.00,9.13
2015-08-24,14.55,13.82,14.83,13.82,25684,81629480.00,6.47,-11.52,-1.80,7.34
2015-08-25,12.21,12.20,12.95,12.20,21036,60408343.00,5.43,-11.72,-1.62,6.01
2015-08-26,12.32,11.90,13.16,11.32,23741,68363277.00,15.08,-2.46,-0.30,6.78
2015-08-27,12.29,12.75,13.01,11.52,16632,47806542.00,12.52,7.14,0.85,4.75
2015-08-28,12.97,13.72,13.79,12.80,24378,73761717.00,7.76,7.61,0.97,6.97
2015-08-31,13.77,12.82,13.77,12.81,20376,61288122.00,7.00,-6.56,-0.90,5.82
2015-09-01,12.80,11.38,12.80,11.38,17024,46863505.00,11.08,-11.23,-1.44,4.86
2015-09-02,10.86,10.93,12.11,10.71,15869,42258227.00,12.30,-3.95,-0.45,4.53
2015-09-07,11.27,11.46,11.97,11.21,12321,33631298.00,6.95,4.85,0.53,3.52
2015-09-08,11.33,12.34,12.50,11.31,12578,34867426.00,10.38,7.68,0.88,3.59
2015-09-09,12.51,12.97,13.15,12.41,20457,60759932.00,6.00,5.11,0.63,5.84
2015-09-10,12.50,12.39,12.99,12.26,12124,35732130.00,5.63,-4.47,-0.58,3.46
2015-09-11,12.40,12.63,12.85,12.32,10502,30647918.00,4.28,1.94,0.24,3.00
2015-09-14,12.73,11.13,12.83,11.13,14489,39792760.00,13.46,-11.88,-1.50,4.14
2015-09-15,10.95,10.79,11.47,10.76,11841,30968447.00,6.38,-3.05,-0.34,3.38
2015-09-16,11.26,12.11,12.11,10.80,11388,30730769.00,12.14,12.23,1.32,3.25
2015-09-17,11.88,11.63,12.49,11.57,17480,49496286.00,7.60,-3.96,-0.48,4.99
2015-09-18,11.70,11.86,12.01,11.60,10001,27604190.00,3.53,1.98,0.23,2.86
2015-09-21,11.82,12.54,12.57,11.73,15416,44173949.00,7.08,5.73,0.68,4.40
2015-09-22,12.60,12.46,12.73,12.26,18003,52436613.00,3.75,-0.64,-0.08,5.14
2015-09-23,12.09,12.13,12.36,11.94,14779,41842231.00,3.37,-2.65,-0.33,4.22
2015-09-24,12.06,12.36,12.65,12.06,10896,31359522.00,4.86,1.90,0.23,3.11
2015-09-25,12.43,11.79,12.63,11.72,13141,37442834.00,7.36,-4.61,-0.57,3.75
2015-09-28,11.73,12.45,12.48,11.47,10751,30424457.00,8.57,5.60,0.66,2.23
2015-09-29,12.18,11.66,12.18,11.47,23171,63961193.00,5.70,-6.35,-0.79,4.81
2015-09-30,11.72,11.85,11.87,11.47,9880,27244672.00,3.43,1.63,0.19,2.05
2015-10-08,12.44,12.51,12.65,12.17,18774,54240288.00,4.05,5.57,0.66,3.90
2015-10-09,12.52,12.60,12.75,12.36,16668,48547819.00,3.12,0.72,0.09,3.46
2015-10-12,12.68,13.45,13.58,12.68,25746,78162513.00,7.14,6.75,0.85,5.35
2015-10-13,13.29,13.57,13.60,13.17,19579,60296356.00,3.20,0.89,0.12,4.07
2015-10-14,13.52,13.33,13.67,13.28,16103,49617100.00,2.87,-1.77,-0.24,3.35
2015-10-15,13.33,14.11,14.13,13.25,19980,62869160.00,6.60,5.85,0.78,4.15
2015-10-16,14.24,14.38,15.06,13.99,29378,96735797.00,7.58,1.91,0.27,6.10
2015-10-19,14.52,14.17,14.70,13.97,25730,83733967.00,5.08,-1.46,-0.21,5.35
2015-10-20,14.19,14.39,14.42,14.07,17028,55294136.00,2.47,1.55,0.22,3.54
2015-10-21,14.39,13.40,14.52,13.07,28631,91241619.00,10.08,-6.88,-0.99,5.95
2015-10-22,13.40,13.98,14.20,13.36,20949,65727234.00,6.27,4.33,0.58,4.35
2015-10-23,14.08,14.52,14.78,14.03,24405,80052135.00,5.36,3.86,0.54,5.07
2015-10-26,14.81,14.65,14.85,14.19,22512,74426065.00,4.55,0.90,0.13,4.68
2015-10-27,14.55,15.09,15.15,13.94,22932,75287237.00,8.26,3.00,0.44,4.77
2015-10-28,15.35,14.99,15.87,14.92,32676,112869506.00,6.30,-0.66,-0.10,6.79
2015-10-29,15.07,15.23,15.48,14.96,20007,68407576.00,3.47,1.60,0.24,4.16
2015-10-30,15.06,15.26,15.47,14.93,17164,58787932.00,3.55,0.20,0.03,3.57
2015-11-02,15.06,15.61,16.08,14.72,30295,106269450.00,8.91,2.29,0.35,6.30
2015-11-03,15.58,16.38,16.52,15.57,33292,119971284.00,6.09,4.93,0.77,6.92
2015-11-04,16.45,17.32,17.37,16.34,38558,144554243.00,6.29,5.74,0.94,8.01
2015-11-05,17.42,16.84,17.67,16.68,35940,136830922.00,5.72,-2.77,-0.48,7.47
2015-11-06,16.75,17.55,17.57,16.75,27748,106037618.00,4.87,4.22,0.71,5.77
2015-11-09,17.47,17.97,18.49,17.12,41202,163009236.00,7.81,2.39,0.42,8.56
2015-11-10,17.78,17.79,18.27,17.47,30806,121844713.00,4.45,-1.00,-0.18,6.40
2015-11-11,17.73,19.12,19.45,17.56,41207,169041575.00,10.62,7.48,1.33,8.56
2015-11-12,19.27,20.18,20.45,18.92,45599,195945426.00,8.00,5.54,1.06,9.48
2015-11-13,19.78,18.34,20.03,18.19,44367,184662783.00,9.12,-9.12,-1.84,9.22
2015-11-16,17.63,18.55,18.83,17.62,26077,105121352.00,6.60,1.15,0.21,5.42
2015-11-17,18.70,18.66,19.21,18.48,31201,129164230.00,3.94,0.59,0.11,6.48
2015-11-18,18.65,17.82,18.79,17.63,20749,83606646.00,6.22,-4.50,-0.84,4.31
2015-11-19,17.93,18.40,18.43,17.78,22434,89723654.00,3.65,3.25,0.58,4.66
2015-11-20,18.51,18.71,18.78,18.31,24497,100265514.00,2.55,1.68,0.31,5.09
2015-11-23,18.82,18.09,18.88,17.94,25616,104026428.00,5.02,-3.31,-0.62,5.32
2015-11-24,18.04,19.75,19.93,18.01,40750,170393914.00,10.61,9.18,1.66,8.47
2015-11-25,19.73,20.08,20.16,19.27,37942,163909869.00,4.51,1.67,0.33,7.88
2015-11-26,20.14,20.07,20.65,19.68,34022,150298012.00,4.83,-0.05,-0.01,7.07
2015-11-27,19.93,19.46,20.54,18.66,38676,166522884.00,9.37,-3.04,-0.61,8.04
2015-11-30,19.16,20.90,20.96,18.18,50902,220387498.00,14.29,7.40,1.44,10.58
2015-12-01,20.70,20.41,21.21,19.68,37227,167599989.00,7.32,-2.34,-0.49,7.74
2015-12-02,19.83,19.74,20.31,18.40,31720,134470037.00,9.36,-3.28,-0.67,6.59
2015-12-03,19.93,20.37,20.50,19.69,25347,111477937.00,4.10,3.19,0.63,5.27
2015-12-04,20.38,20.28,20.86,19.99,25645,113605274.00,4.27,-0.44,-0.09,5.33
2015-12-07,20.38,20.19,20.58,19.68,21266,93286634.00,4.44,-0.44,-0.09,4.42
2015-12-08,20.14,19.88,20.14,19.58,19664,85107513.00,2.77,-1.54,-0.31,4.09
2015-12-09,19.67,19.69,19.97,19.32,16771,71995063.00,3.27,-0.96,-0.19,3.48
2015-12-10,19.48,19.40,19.74,19.21,17489,74556869.00,2.69,-1.47,-0.29,3.63
2015-12-11,19.18,19.44,19.52,19.18,10048,42671046.00,1.75,0.21,0.04,2.09
2015-12-14,19.17,19.90,19.93,18.91,12497,53414980.00,5.25,2.37,0.46,2.60
2015-12-15,20.00,20.14,20.38,19.83,14649,64298191.00,2.76,1.21,0.24,3.04
2015-12-16,20.39,20.62,20.83,20.04,22766,101838701.00,3.92,2.38,0.48,4.73
2015-12-17,20.71,21.52,21.73,20.70,30954,143014851.00,5.00,4.36,0.90,6.43
2015-12-18,21.52,20.88,21.52,20.79,23989,109851486.00,3.39,-2.97,-0.64,4.98
2015-12-21,20.87,20.76,21.00,20.53,14998,67718810.00,2.25,-0.57,-0.12,3.12
2015-12-22,20.99,20.85,21.00,20.55,13040,58772932.00,2.17,0.43,0.09,2.71
2015-12-23,20.81,20.79,21.19,20.58,20051,90823915.00,2.93,-0.29,-0.06,4.17
2015-12-24,20.56,20.89,20.94,20.13,21633,96554632.00,3.90,0.48,0.10,4.50
2015-12-25,21.06,21.21,21.37,20.70,21718,99415644.00,3.21,1.53,0.32,4.51
2015-12-28,21.25,19.85,21.43,19.75,23044,103609851.00,7.92,-6.41,-1.36,4.79
2015-12-29,19.94,20.03,20.29,19.63,12214,52900782.00,3.32,0.91,0.18,2.54
2015-12-30,20.02,20.03,20.16,19.65,14223,61778324.00,2.55,0.00,0.00,2.96
2015-12-31,19.84,19.26,20.01,19.06,18551,78964752.00,4.74,-3.84,-0.77,3.85