2020-01-02,13.11,13.18,13.36,13.08,13953,19400892.00,2.13,0.38,0.05,0.45
2020-01-03,13.26,13.50,13.53,13.26,18631,26258432.00,2.05,2.43,0.32,0.61
2020-01-06,13.45,13.47,13.63,12.51,20848,29453386.00,8.30,-0.22,-0.03,0.68
2020-01-07,13.54,13.40,13.54,13.26,13239,18655450.00,2.08,-0.52,-0.07,0.43
2020-01-08,13.42,13.80,14.10,13.18,27495,39745880.00,6.87,2.99,0.40,0.90
2020-01-09,13.83,13.86,14.13,13.66,16013,23287369.00,3.41,0.43,0.06,0.52
2020-01-10,13.90,14.93,15.32,13.90,115311,182436527.00,10.25,7.72,1.07,3.76
2020-01-13,14.40,14.83,15.16,14.33,52178,80813417.00,5.56,-0.67,-0.10,1.70
2020-01-14,14.77,15.58,15.98,14.72,62691,101302048.00,8.50,5.06,0.75,2.04
2020-01-15,15.48,15.06,15.48,14.85,36171,57237878.00,4.04,-3.34,-0.52,1.18
2020-01-16,15.01,14.68,15.12,14.54,23600,36434055.00,3.85,-2.52,-0.38,0.77
2020-01-17,14.67,14.26,14.84,14.20,24522,37093185.00,4.36,-2.86,-0.42,0.80
2020-01-20,14.19,14.25,14.45,14.02,19597,29263390.00,3.02,-0.07,-0.01,0.64
2020-01-21,14.16,13.98,14.44,13.95,10999,16239902.00,3.44,-1.89,-0.27,0.36
2020-01-22,13.98,13.73,14.22,13.23,23166,33046232.00,7.08,-1.79,-0.25,0.75
2020-01-23,13.63,13.13,13.75,13.10,21176,29676064.00,4.73,-4.37,-0.60,0.69
2020-02-03,11.75,11.75,11.75,11.75,11639,14490555.00,0.00,-10.51,-1.38,0.38
2020-02-04,10.55,11.78,12.30,10.55,18748,23226941.00,14.89,0.26,0.03,0.61
2020-02-05,11.94,12.99,13.01,11.85,39885,53376313.00,9.85,10.27,1.21,1.30
2020-02-06,12.80,12.85,12.99,12.53,22075,29697158.00,3.54,-1.08,-0.14,0.72
2020-02-07,12.76,12.35,12.79,12.17,26108,34130975.00,4.82,-3.89,-0.50,0.85
2020-02-10,12.40,12.64,12.76,12.17,16818,22000930.00,4.78,2.35,0.29,0.55
2020-02-11,12.60,12.58,12.73,12.39,12283,16326589.00,2.69,-0.47,-0.06,0.40
2020-02-12,12.50,12.67,12.78,12.50,7024,9366691.00,2.23,0.72,0.09,0.23
2020-02-13,12.68,12.44,12.76,12.41,9276,12268285.00,2.76,-1.82,-0.23,0.30
2020-02-14,12.39,12.34,12.52,12.30,9275,12159568.00,1.77,-0.80,-0.10,0.30
2020-02-17,12.40,12.84,12.90,12.40,15673,21100045.00,4.05,4.05,0.50,0.51
2020-02-18,12.93,13.60,13.60,12.80,29565,41220496.00,6.23,5.92,0.76,0.96
2020-02-19,13.58,13.64,14.08,13.32,19230,27904602.00,5.59,0.29,0.04,0.63
2020-02-20,13.66,13.88,13.96,13.53,18572,26833775.00,3.15,1.76,0.24,0.60
2020-02-21,13.78,13.69,13.86,13.55,19046,27405382.00,2.23,-1.37,-0.19,0.62
2020-02-24,13.66,13.59,13.77,13.31,17395,24860583.00,3.36,-0.73,-0.10,0.57
2020-02-25,13.60,13.20,13.60,12.77,29752,41397809.00,6.11,-2.87,-0.39,0.97
2020-02-26,13.25,13.27,13.76,13.00,30405,42868795.00,5.76,0.53,0.07,0.99
2020-02-27,13.29,13.23,13.50,12.92,21485,29772784.00,4.37,-0.30,-0.04,0.70
2020-02-28,12.96,12.60,13.19,12.48,20847,28148586.00,5.37,-4.76,-0.63,0.68
2020-03-02,12.72,13.55,13.67,12.63,28694,40432579.00,8.25,7.54,0.95,0.93
2020-03-03,13.67,14.10,14.18,13.56,50687,74328365.00,4.58,4.06,0.55,1.65
2020-03-04,13.90,15.05,15.30,13.82,70020,108587105.00,10.50,6.74,0.95,2.28
2020-03-05,15.61,16.63,16.63,15.52,148765,252505448.00,7.38,10.50,1.58,4.85
2020-03-06,16.52,16.19,18.10,15.92,187943,331832832.00,13.11,-2.65,-0.44,6.12
2020-03-09,15.69,15.58,16.56,15.18,116948,194009355.00,8.52,-3.77,-0.61,3.81
2020-03-10,15.58,15.29,15.60,13.95,107902,168405129.00,10.59,-1.86,-0.29,3.51
2020-03-11,15.50,15.56,16.30,15.32,99182,163737234.00,6.41,1.77,0.27,3.23
2020-03-12,15.80,15.30,15.80,14.76,63496,101328810.00,6.68,-1.67,-0.26,2.07
2020-03-13,14.40,14.90,15.18,14.23,56291,86543453.00,6.21,-2.61,-0.40,1.83
2020-03-16,15.06,13.93,15.08,13.91,67441,102292587.00,7.85,-6.51,-0.97,2.20
2020-03-17,14.26,14.95,15.30,13.10,88788,134833779.00,15.79,7.32,1.02,2.89
2020-03-18,15.19,14.45,15.30,14.45,43194,67364362.00,5.69,-3.34,-0.50,1.41
2020-03-19,14.38,14.73,15.00,14.10,56697,87267985.00,6.23,1.94,0.28,1.85
2020-03-20,14.90,14.45,15.03,14.32,30161,46042617.00,4.82,-1.90,-0.28,0.98
2020-03-23,14.30,13.48,14.30,13.25,32654,47238467.00,7.27,-6.71,-0.97,1.06
2020-03-24,13.64,13.25,13.85,12.80,33625,46785676.00,7.79,-1.71,-0.23,1.10
2020-03-25,13.35,13.51,13.88,13.31,31136,44245990.00,4.30,1.96,0.26,1.01
2020-03-26,13.55,12.90,13.58,12.78,33386,46000172.00,5.92,-4.52,-0.61,1.09
2020-03-27,13.05,13.30,13.40,12.86,45738,63431263.00,4.19,3.10,0.40,1.49
2020-03-30,13.25,13.07,13.25,12.70,24516,33337239.00,4.14,-1.73,-0.23,0.80
2020-03-31,13.10,12.91,13.24,12.87,12750,17447213.00,2.83,-1.22,-0.16,0.42
2020-04-01,12.91,12.91,13.27,12.75,24683,33917051.00,4.03,0.00,0.00,0.80
2020-04-02,13.10,13.02,13.12,12.54,19166,26035089.00,4.49,0.85,0.11,0.62
2020-04-03,12.93,13.18,13.26,12.83,11238,15423058.00,3.30,1.23,0.16,0.37
2020-04-07,13.23,13.90,14.03,13.13,45198,64174298.00,6.83,5.46,0.72,1.47
2020-04-08,13.85,13.51,13.85,13.40,22690,32369750.00,3.24,-2.81,-0.39,0.74
2020-04-09,13.54,13.20,13.62,13.11,22330,31260932.00,3.77,-2.29,-0.31,0.73
2020-04-10,13.30,12.75,13.30,12.75,24181,33020603.00,4.17,-3.41,-0.45,0.79
2020-04-13,12.89,12.53,12.89,12.48,16555,21962745.00,3.22,-1.73,-0.22,0.54
2020-04-14,12.61,12.74,12.84,12.21,27662,36565033.00,5.03,1.68,0.21,0.90
2020-04-15,12.74,12.38,12.83,12.33,25531,33675620.00,3.92,-2.83,-0.36,0.83
2020-04-16,12.60,12.52,12.67,12.32,27432,36174052.00,2.83,1.13,0.14,0.89
2020-04-17,12.62,12.49,12.66,12.48,14866,19687023.00,1.44,-0.24,-0.03,0.48
2020-04-20,12.57,12.54,12.74,12.46,12686,16802417.00,2.24,0.40,0.05,0.41
2020-04-21,12.57,12.50,12.57,12.35,9983,13140137.00,1.75,-0.32,-0.04,0.33
2020-04-22,12.56,12.61,12.68,12.40,15726,20831102.00,2.24,0.88,0.11,0.51
2020-04-23,12.61,12.64,12.75,12.53,9704,12972129.00,1.74,0.24,0.03,0.32
2020-04-24,12.65,12.64,12.85,12.51,12723,16991039.00,2.69,0.00,0.00,0.41
2020-04-27,12.66,13.14,13.38,12.65,33443,46273249.00,5.78,3.96,0.50,1.09
2020-04-28,13.27,14.00,14.12,13.10,59125,84837731.00,7.76,6.54,0.86,1.93
2020-04-29,13.98,13.36,13.99,13.30,37182,53050187.00,4.93,-4.57,-0.64,1.21
2020-04-30,13.30,13.95,14.35,13.30,43501,63116725.00,7.86,4.42,0.59,1.42
2020-05-08,15.42,15.42,15.42,15.42,47598,76728524.00,0.00,10.54,1.47,1.55
2020-05-11,15.31,14.94,15.31,14.45,91442,142884496.00,5.58,-3.11,-0.48,2.98
2020-05-12,14.72,14.35,14.80,14.07,58063,87728694.00,4.89,-3.95,-0.59,1.89
2020-05-13,14.30,15.49,15.80,13.97,82696,130136121.00,12.75,7.94,1.14,2.69
2020-05-14,15.80,15.34,16.59,15.32,95137,158096060.00,8.20,-0.97,-0.15,3.10
2020-05-15,15.00,15.50,15.60,14.87,64519,102965063.00,4.76,1.04,0.16,2.10
2020-05-18,15.00,14.65,15.47,14.59,52222,81107137.00,5.68,-5.48,-0.85,1.70
2020-05-19,14.72,14.75,14.78,14.42,26577,40613290.00,2.46,0.68,0.10,0.87
2020-05-20,14.59,14.41,14.82,14.35,17875,27191228.00,3.19,-2.31,-0.34,0.58
2020-05-21,14.41,14.04,14.56,13.99,16576,24681421.00,3.96,-2.57,-0.37,0.54
2020-05-22,13.96,13.78,14.21,13.70,13771,20071680.00,3.63,-1.85,-0.26,0.45
2020-05-25,13.73,13.34,13.95,13.26,16034,22633089.00,5.01,-3.19,-0.44,0.52
2020-05-26,13.34,13.47,13.60,13.33,13332,18848211.00,2.02,0.97,0.13,0.43
2020-05-27,13.49,13.29,13.52,13.26,10596,14959018.00,1.93,-1.34,-0.18,0.35
2020-05-28,13.30,13.56,13.66,13.17,20414,28863342.00,3.69,2.03,0.27,0.66
2020-05-29,13.53,13.46,13.66,13.35,15551,22036771.00,2.29,-0.74,-0.10,0.51
2020-06-01,13.50,14.25,14.38,13.50,38017,55901548.00,6.54,5.87,0.79,1.24
2020-06-02,14.34,14.31,14.48,14.02,23520,35081871.00,3.23,0.42,0.06,0.77
2020-06-03,14.31,14.51,14.53,14.25,27478,40252646.00,1.96,1.40,0.20,0.89
2020-06-04,14.45,14.53,14.69,14.35,21040,31027904.00,2.34,0.14,0.02,0.69
2020-06-05,14.50,14.45,14.65,14.15,21881,31879664.00,3.44,-0.55,-0.08,0.71
2020-06-08,14.42,14.32,14.50,14.11,17920,26065484.00,2.70,-0.90,-0.13,0.58
2020-06-09,14.37,14.31,14.45,14.21,14197,20690042.00,1.68,-0.07,-0.01,0.46
2020-06-10,14.33,14.14,14.40,14.05,15848,22867767.00,2.45,-1.19,-0.17,0.52
2020-06-11,14.07,14.16,14.29,13.95,12756,18314729.00,2.40,0.14,0.02,0.42
2020-06-12,13.98,13.87,14.04,13.71,13544,19075110.00,2.33,-2.05,-0.29,0.44
2020-06-15,14.13,13.63,14.13,13.58,17842,25048338.00,3.97,-1.73,-0.24,0.58
2020-06-16,13.64,13.78,13.84,13.60,13262,18525997.00,1.76,1.10,0.15,0.43
2020-06-17,13.81,13.68,13.92,13.62,12946,18033520.00,2.18,-0.73,-0.10,0.42
2020-06-18,13.72,13.66,13.74,13.52,15521,21506948.00,1.61,-0.15,-0.02,0.51
2020-06-19,13.80,13.80,13.84,13.69,10293,14445188.00,1.10,1.02,0.14,0.34
2020-06-22,13.93,14.04,14.25,13.78,22804,32690789.00,3.41,1.74,0.24,0.74
2020-06-23,14.04,13.68,14.04,13.65,19770,27736141.00,2.78,-2.56,-0.36,0.64
2020-06-24,13.70,13.70,13.80,13.61,13496,18818473.00,1.39,0.15,0.02,0.44
2020-06-29,13.70,13.46,13.76,13.40,16197,22288443.00,2.63,-1.75,-0.24,0.53
2020-06-30,13.56,13.65,13.66,13.51,16737,23159452.00,1.11,1.41,0.19,0.55
2020-07-01,13.68,13.69,13.85,13.55,21520,29919644.00,2.20,0.29,0.04,0.70
2020-07-02,13.83,13.74,13.83,13.63,22428,31399616.00,1.46,0.37,0.05,0.73
2020-07-03,13.77,13.83,13.90,13.70,28439,39953331.00,1.46,0.66,0.09,0.93
2020-07-06,13.83,14.37,14.39,13.79,53768,77651652.00,4.34,3.90,0.54,1.75
2020-07-07,14.51,15.03,15.29,14.22,72294,109167399.00,7.45,4.59,0.66,2.35
2020-07-08,15.08,15.25,15.42,14.88,36079,55505107.00,3.59,1.46,0.22,1.18
2020-07-09,15.22,15.20,15.44,15.05,52720,81414480.00,2.56,-0.33,-0.05,1.72
2020-07-10,15.18,15.78,16.72,14.95,88329,141607217.00,11.64,3.82,0.58,2.88
2020-07-13,16.17,16.35,16.40,15.95,45600,74946835.00,2.85,3.61,0.57,1.49
2020-07-14,16.40,16.38,16.84,16.11,54953,91902533.00,4.46,0.18,0.03,1.79
2020-07-15,16.45,15.74,16.51,15.73,60992,99208494.00,4.76,-3.91,-0.64,1.99
2020-07-16,15.74,14.78,15.91,14.75,36111,55927252.00,7.37,-6.10,-0.96,1.18
2020-07-17,14.79,14.77,15.05,14.60,26546,39872733.00,3.04,-0.07,-0.01,0.86
2020-07-20,14.86,15.19,15.22,14.65,31763,48294581.00,3.86,2.84,0.42,1.03
2020-07-21,15.16,15.66,16.03,15.07,41041,64653162.00,6.32,3.09,0.47,1.34
2020-07-22,15.69,15.65,15.89,15.50,25560,40793555.00,2.49,-0.06,-0.01,0.83
2020-07-23,15.56,15.84,15.90,15.10,32007,50412212.00,5.11,1.21,0.19,1.04
2020-07-24,15.82,15.88,16.20,15.45,52938,85429349.00,4.73,0.25,0.04,1.72
2020-07-27,15.80,16.11,16.20,15.45,32895,53050078.00,4.72,1.45,0.23,1.07
2020-07-28,16.09,16.15,16.43,15.76,40117,65860175.00,4.16,0.25,0.04,1.31
2020-07-29,16.12,16.28,16.33,15.83,29313,48059732.00,3.10,0.80,0.13,0.95
2020-07-30,16.28,16.00,16.43,15.88,26708,43501015.00,3.38,-1.72,-0.28,0.87
2020-07-31,15.99,16.16,16.16,15.75,37255,60344453.00,2.56,1.00,0.16,1.21
2020-08-03,16.16,16.63,16.84,16.03,57372,95890886.00,5.01,2.91,0.47,1.87
2020-08-04,16.64,15.70,16.75,15.50,73006,117647408.00,7.52,-5.59,-0.93,2.38
2020-08-05,15.63,17.11,17.30,15.38,99035,166133234.00,12.23,8.98,1.41,3.23
2020-08-06,17.03,17.15,17.63,16.75,73854,128391516.00,5.14,0.23,0.04,2.41
2020-08-07,17.30,17.63,17.72,16.86,66439,116312953.00,5.01,2.80,0.48,2.16
2020-08-10,17.40,17.03,17.59,16.75,60548,104623711.00,4.76,-3.40,-0.60,1.97
2020-08-11,16.85,16.28,17.03,16.17,42726,71504112.00,5.05,-4.40,-0.75,1.39
2020-08-12,16.15,16.47,16.59,16.15,25769,42778396.00,2.70,1.17,0.19,0.84
2020-08-13,16.47,16.11,16.60,16.10,22307,36892987.00,3.04,-2.19,-0.36,0.73
2020-08-14,16.16,16.29,16.35,16.14,19656,32431221.00,1.30,1.12,0.18,0.64
2020-08-17,16.35,17.87,17.93,16.30,91221,160987894.00,10.01,9.70,1.58,2.97
2020-08-18,17.93,18.35,18.58,17.67,72222,133061109.00,5.09,2.69,0.48,2.35
2020-08-19,18.41,18.85,19.30,18.35,75759,144513891.00,5.18,2.72,0.50,2.47
2020-08-20,18.93,17.73,18.97,17.55,71614,130824921.00,7.53,-5.94,-1.12,2.33
2020-08-21,18.13,18.55,18.95,18.05,54958,103383597.00,5.08,4.62,0.82,1.79
2020-08-24,18.59,19.88,20.43,18.58,94848,188146491.00,9.97,7.17,1.33,3.09
2020-08-25,19.98,19.80,20.22,19.37,57579,115002775.00,4.28,-0.40,-0.08,1.88
2020-08-26,19.70,17.80,20.05,17.80,95969,177270099.00,11.36,-10.10,-2.00,3.13
2020-08-27,16.08,17.10,17.33,16.08,87738,148731634.00,7.02,-3.93,-0.70,2.86
2020-08-28,16.73,16.11,16.99,15.81,68072,112169313.00,6.90,-5.79,-0.99,2.22
2020-08-31,16.36,16.87,17.60,16.36,69678,120875000.00,7.70,4.72,0.76,2.27
2020-09-01,16.77,16.65,16.94,16.44,30029,50681455.00,2.96,-1.30,-0.22,0.98
2020-09-02,16.81,17.61,17.87,16.42,60163,104801626.00,8.71,5.77,0.96,1.96
2020-09-03,18.03,17.26,18.03,17.15,31856,56198086.00,5.00,-1.99,-0.35,1.04
2020-09-04,17.02,16.98,17.19,16.71,20835,35726292.00,2.78,-1.62,-0.28,0.68
2020-09-07,17.01,16.76,17.24,16.66,23050,39564141.00,3.42,-1.30,-0.22,0.75
2020-09-08,16.94,16.59,16.98,16.30,22983,38475451.00,4.06,-1.01,-0.17,0.75
2020-09-09,16.34,16.40,16.95,16.28,26624,44939835.00,4.04,-1.15,-0.19,0.87
2020-09-10,16.53,16.11,16.56,15.84,22048,36275638.00,4.39,-1.77,-0.29,0.72
2020-09-11,15.76,16.07,16.12,15.54,17302,27782892.00,3.60,-0.25,-0.04,0.56
2020-09-14,16.01,16.82,16.92,15.97,25839,43384799.00,5.91,4.67,0.75,0.84
2020-09-15,16.88,16.74,17.15,16.61,23646,40483416.00,3.21,-0.48,-0.08,0.77
2020-09-16,16.73,16.76,17.00,16.52,17478,29706234.00,2.87,0.12,0.02,0.57
2020-09-17,16.79,16.79,16.92,16.69,22694,38741981.00,1.37,0.18,0.03,0.74
2020-09-18,16.70,17.36,17.70,16.65,36593,64296625.00,6.25,3.39,0.57,1.19
2020-09-21,17.19,16.75,17.62,16.70,35226,60986077.00,5.30,-3.51,-0.61,1.15
2020-09-22,16.71,16.32,16.71,16.25,18217,30356899.00,2.75,-2.57,-0.43,0.59
2020-09-23,16.38,16.48,16.93,16.31,12701,21344801.00,3.80,0.98,0.16,0.41
2020-09-24,16.48,16.59,16.85,16.36,14737,24822706.00,2.97,0.67,0.11,0.48
2020-09-25,16.60,16.96,17.19,16.41,26967,46236257.00,4.70,2.23,0.37,0.88
2020-09-28,16.95,17.47,17.94,16.95,39500,70313309.00,5.84,3.01,0.51,1.29
2020-09-29,17.75,17.41,17.75,17.28,23929,42414810.00,2.69,-0.34,-0.06,0.78
2020-09-30,17.40,17.47,17.69,17.11,17508,30909868.00,3.33,0.34,0.06,0.57
2020-10-09,17.55,17.93,18.07,17.35,44937,80673106.00,4.12,2.63,0.46,1.46
2020-10-12,17.97,18.10,18.10,17.77,39664,72178566.00,1.84,0.95,0.17,1.29
2020-10-13,18.11,19.00,19.30,17.85,55930,106058252.00,8.01,4.97,0.90,1.82
2020-10-14,19.02,18.55,19.62,18.55,34812,66899827.00,5.63,-2.37,-0.45,1.13
2020-10-15,18.78,18.57,19.03,18.46,22911,43343670.00,3.07,0.11,0.02,0.75
2020-10-16,18.73,18.63,18.74,18.15,30340,56607861.00,3.18,0.32,0.06,0.99
2020-10-19,19.10,19.06,19.55,18.57,58530,113826266.00,5.26,2.31,0.43,1.91
2020-10-20,19.29,20.00,20.94,18.96,168766,341886080.00,10.39,4.93,0.94,5.50
2020-10-21,20.00,20.23,20.53,19.54,100686,205304998.00,4.95,1.15,0.23,3.28
2020-10-22,20.33,20.10,21.25,19.77,42967,87275008.00,7.32,-0.64,-0.13,1.40
2020-10-23,20.25,19.75,20.32,19.55,49713,100010525.00,3.83,-1.74,-0.35,1.62
2020-10-26,19.51,19.76,20.00,19.35,31671,63202967.00,3.29,0.05,0.01,1.03
2020-10-27,19.95,19.72,19.95,19.56,20381,40695597.00,1.97,-0.20,-0.04,0.66
2020-10-28,19.65,19.55,19.84,19.39,27122,53833948.00,2.28,-0.86,-0.17,0.88
2020-10-29,19.44,19.72,19.79,19.21,32987,65368094.00,2.97,0.87,0.17,1.07
2020-10-30,19.52,19.73,20.09,19.35,41597,83249889.00,3.75,0.05,0.01,1.35
2020-11-02,19.69,19.76,19.99,19.30,38667,77025250.00,3.50,0.15,0.03,1.26
2020-11-03,19.75,20.63,21.25,19.40,72838,152325798.00,9.36,4.40,0.87,2.37
2020-11-04,20.89,19.77,21.08,19.55,73074,148977407.00,7.42,-4.17,-0.86,2.38
2020-11-05,20.14,20.10,20.53,19.72,51397,105018521.00,4.10,1.67,0.33,1.67
2020-11-06,20.08,20.90,21.24,19.97,96758,201190247.00,6.32,3.98,0.80,3.15
2020-11-09,20.90,21.37,22.15,20.83,103960,226252865.00,6.32,2.25,0.47,3.39
2020-11-10,21.75,21.60,21.93,20.95,59127,128409914.00,4.59,1.08,0.23,1.93
2020-11-11,21.56,21.88,22.23,21.45,60191,133626203.00,3.61,1.30,0.28,1.96
2020-11-12,21.88,21.80,22.12,21.51,44381,97638618.00,2.79,-0.37,-0.08,1.45
2020-11-13,21.71,21.82,22.20,21.45,35569,78489027.00,3.44,0.09,0.02,1.16
2020-11-16,22.13,21.45,22.13,21.24,62330,136236678.00,4.08,-1.70,-0.37,2.03
2020-11-17,21.75,21.78,21.85,21.43,56171,123499424.00,1.96,1.54,0.33,1.83
2020-11-18,21.90,21.94,22.20,21.50,71843,158896559.00,3.21,0.73,0.16,2.34
2020-11-19,21.94,21.75,22.16,21.55,44085,97469957.00,2.78,-0.87,-0.19,1.44
2020-11-20,21.85,21.65,21.94,21.43,28888,63249802.00,2.34,-0.46,-0.10,0.94
2020-11-23,21.73,21.55,21.74,21.10,45294,98147002.00,2.96,-0.46,-0.10,1.48
2020-11-24,21.51,20.75,21.68,20.45,57683,122278728.00,5.71,-3.71,-0.80,1.88
2020-11-25,20.94,20.30,21.02,20.02,58841,121168888.00,4.82,-2.17,-0.45,1.92
2020-11-26,20.25,20.92,20.93,19.55,61305,125527557.00,6.80,3.05,0.62,2.00
2020-11-27,21.11,20.76,21.38,20.58,31593,66846586.00,3.82,-0.76,-0.16,1.03
2020-11-30,20.78,20.45,20.95,20.35,30521,63552978.00,2.89,-1.49,-0.31,0.99
2020-12-01,20.45,22.00,22.17,20.44,81041,177530447.00,8.46,7.58,1.55,2.64
2020-12-02,22.08,22.75,22.95,21.82,65005,147205356.00,5.14,3.41,0.75,2.12
2020-12-03,22.75,22.70,23.15,22.46,39726,91355537.00,3.03,-0.22,-0.05,1.29
2020-12-04,22.85,23.10,23.29,22.67,41745,96948086.00,2.73,1.76,0.40,1.36
2020-12-07,23.11,22.70,23.16,22.65,35552,82057554.00,2.21,-1.73,-0.40,1.16
2020-12-08,22.78,22.89,23.05,22.61,42735,98944864.00,1.94,0.84,0.19,1.39
2020-12-09,22.87,22.27,23.05,22.27,41838,95989999.00,3.41,-2.71,-0.62,1.36
2020-12-10,22.33,21.70,22.75,21.65,39601,88393794.00,4.94,-2.56,-0.57,1.29
2020-12-11,21.90,22.14,22.94,21.69,65126,146940816.00,5.76,2.03,0.44,2.12
2020-12-14,22.41,23.05,23.30,22.41,67672,157658479.00,4.02,4.11,0.91,2.20
2020-12-15,23.20,23.05,23.20,22.55,35535,82136638.00,2.82,0.00,0.00,1.16
2020-12-16,23.05,22.28,23.08,22.17,34198,77746400.00,3.95,-3.34,-0.77,1.11
2020-12-17,22.18,20.74,22.29,20.50,93946,201111454.00,8.03,-6.91,-1.54,3.06
2020-12-18,21.05,21.48,21.90,20.85,66869,145129790.00,5.06,3.57,0.74,2.18
2020-12-21,21.35,22.67,22.72,21.25,74877,169155166.00,6.84,5.54,1.19,2.44
2020-12-22,22.90,22.23,22.95,21.97,66572,151313338.00,4.32,-1.94,-0.44,2.17
2020-12-23,22.09,22.75,23.25,22.03,68093,157823726.00,5.49,2.34,0.52,2.22
2020-12-24,22.84,21.65,22.93,21.61,73348,163301775.00,5.80,-4.84,-1.10,2.39
2020-12-25,21.70,22.90,22.95,21.70,68743,156053123.00,5.77,5.77,1.25,2.24
2020-12-28,22.93,22.57,23.25,22.10,49539,113306250.00,5.02,-1.44,-0.33,1.61
2020-12-29,22.51,22.26,22.74,22.00,37820,85222504.00,3.28,-1.37,-0.31,1.23
2020-12-30,22.54,22.77,22.85,22.20,43859,100316379.00,2.92,2.29,0.51,1.43
2020-12-31,23.05,22.73,23.05,22.26,44174,100664244.00,3.47,-0.18,-0.04,1.44