2023-01-03,4.33,4.37,4.39,4.32,54012,23517944.00,1.62,1.16,0.05,1.18
2023-01-04,4.38,4.46,4.51,4.35,78125,34788117.00,3.66,2.06,0.09,1.71
2023-01-05,4.44,4.44,4.51,4.42,50817,22619845.00,2.02,-0.45,-0.02,1.11
2023-01-06,4.47,4.45,4.49,4.43,43124,19229574.00,1.35,0.23,0.01,0.94
2023-01-09,4.45,4.49,4.51,4.42,46713,20886253.00,2.02,0.90,0.04,1.02
2023-01-10,4.49,4.48,4.53,4.43,32820,14705946.00,2.23,-0.22,-0.01,0.72
2023-01-11,4.45,4.39,4.51,4.38,38961,17284142.96,2.90,-2.01,-0.09,0.85
2023-01-12,4.39,4.36,4.43,4.33,30472,13321289.00,2.28,-0.68,-0.03,0.67
2023-01-13,4.40,4.37,4.41,4.34,28430,12420979.00,1.61,0.23,0.01,0.62
2023-01-16,4.37,4.41,4.44,4.34,46330,20381897.00,2.29,0.92,0.04,1.01
2023-01-17,4.43,4.42,4.46,4.40,30435,13455904.00,1.36,0.23,0.01,0.66
2023-01-18,4.42,4.47,4.48,4.40,41934,18636611.00,1.81,1.13,0.05,0.92
2023-01-19,4.46,4.44,4.49,4.42,34248,15199302.00,1.57,-0.67,-0.03,0.75
2023-01-20,4.44,4.50,4.50,4.43,32122,14368086.00,1.58,1.35,0.06,0.70
2023-01-30,4.54,4.56,4.58,4.50,50639,23039009.00,1.78,1.33,0.06,1.11
2023-01-31,4.44,4.60,4.61,4.44,86237,39124739.32,3.73,0.88,0.04,1.88
2023-02-01,4.60,4.68,4.71,4.57,83518,38874452.00,3.04,1.74,0.08,1.82
2023-02-02,4.72,4.70,4.74,4.67,70063,32918705.00,1.50,0.43,0.02,1.53
2023-02-03,4.70,4.77,4.85,4.69,103495,49162861.60,3.40,1.49,0.07,2.26
2023-02-06,4.70,4.76,4.80,4.69,47738,22650280.00,2.31,-0.21,-0.01,1.04