2023-01-03,26.20,27.41,27.72,25.62,43032,116249563.72,8.01,4.58,1.20,12.75
2023-01-04,27.54,30.15,30.15,26.82,96612,283274295.50,12.15,10.00,2.74,28.63
2023-01-05,31.11,30.24,32.49,29.54,134070,415179567.60,9.78,0.30,0.09,39.73
2023-01-06,30.25,29.03,30.46,29.03,68748,202508261.48,4.73,-4.00,-1.21,20.37
2023-01-09,29.68,30.50,30.67,29.21,71805,215963549.44,5.03,5.06,1.47,21.28
2023-01-10,30.26,29.94,30.40,29.09,44054,131183278.80,4.30,-1.84,-0.56,13.05
2023-01-11,30.01,29.08,30.18,29.03,33776,99436765.00,3.84,-2.87,-0.86,10.01
2023-01-12,29.08,28.94,29.53,28.65,27758,80508792.00,3.03,-0.48,-0.14,8.22
2023-01-13,28.92,27.58,29.18,27.48,39162,109733133.50,5.87,-4.70,-1.36,11.60
2023-01-16,27.80,28.22,28.36,27.31,23000,64402595.00,3.81,2.32,0.64,6.82
2023-01-17,28.20,27.19,28.20,27.16,21059,57888385.00,3.69,-3.65,-1.03,6.24
2023-01-18,27.13,27.60,27.64,26.62,17721,48479188.00,3.75,1.51,0.41,5.25
2023-01-19,27.50,30.36,30.36,27.31,47667,141112199.00,11.05,10.00,2.76,14.12
2023-01-20,30.00,30.04,30.19,29.09,58622,174698062.00,3.62,-1.05,-0.32,17.37
2023-01-30,30.22,30.69,30.77,30.15,56181,171085645.00,2.06,2.16,0.65,16.65
2023-01-31,30.67,31.25,31.55,29.78,65425,202101849.00,5.77,1.82,0.56,19.39
2023-02-01,30.93,31.76,31.91,30.70,58221,182064020.92,3.87,1.63,0.51,17.25
2023-02-02,31.44,31.72,34.94,31.24,79591,261150425.00,11.65,-0.13,-0.04,23.58
2023-02-03,31.91,34.89,34.89,31.91,70111,239984428.00,9.39,9.99,3.17,20.77
2023-02-06,36.00,34.09,36.00,33.38,104231,357308845.00,7.51,-2.29,-0.80,30.88
2023-02-07,33.68,34.73,35.80,33.33,80526,278988219.00,7.25,1.88,0.64,23.86
2023-02-08,33.36,32.55,34.11,32.17,63651,207720007.99,5.59,-6.28,-2.18,18.86
2023-02-09,32.54,34.12,35.50,32.31,79404,268284863.08,9.80,4.82,1.57,23.53
2023-02-10,33.67,32.00,33.78,31.62,71329,231635076.00,6.33,-6.21,-2.12,21.14
2023-02-13,32.08,31.73,32.19,31.33,37046,117046571.00,2.69,-0.84,-0.27,10.98
2023-02-14,31.88,32.30,32.38,31.51,39997,128147746.00,2.74,1.80,0.57,11.85
2023-02-15,32.22,32.56,32.72,31.61,44931,145160661.00,3.44,0.80,0.26,13.31
2023-02-16,32.42,31.33,32.77,30.80,46590,149651499.64,6.05,-3.78,-1.23,13.81
2023-02-17,31.14,29.78,31.53,29.51,41590,125874524.44,6.45,-4.95,-1.55,12.32
2023-02-20,29.79,30.41,30.54,29.30,23791,71529720.88,4.16,2.12,0.63,7.05