2022-01-04,97.90,91.30,99.04,88.46,43815,404534896.00,11.13,-3.97,-3.77,20.55
2022-01-05,89.10,82.98,90.20,82.85,35222,304051952.00,8.05,-9.11,-8.32,16.52
2022-01-06,82.80,90.40,93.51,80.60,39379,347631696.00,15.56,8.94,7.42,18.47
2022-01-07,91.49,91.51,93.18,86.59,32546,292544496.00,7.29,1.23,1.11,15.26
2022-01-10,89.61,91.37,95.08,87.71,27262,250744921.00,8.05,-0.15,-0.14,12.78
2022-01-11,91.50,86.50,93.71,85.61,29263,264817821.00,8.87,-5.33,-4.87,13.72
2022-01-12,86.70,103.88,103.88,86.70,47577,453571312.00,19.86,20.09,17.38,22.31
2022-01-13,100.60,106.68,109.89,100.60,49789,524018320.00,8.94,2.70,2.80,23.35
2022-01-14,103.75,107.60,115.09,101.26,45917,497885520.00,12.96,0.86,0.92,21.53
2022-01-17,108.60,111.81,118.40,108.60,38935,440339744.00,9.11,3.91,4.21,18.26
2022-01-18,111.59,106.62,115.13,106.06,32238,354838800.00,8.11,-4.64,-5.19,15.12
2022-01-19,106.48,109.35,110.10,103.16,26752,284866512.00,6.51,2.56,2.73,12.54
2022-01-20,107.80,106.00,108.60,103.81,19399,206634781.00,4.38,-3.06,-3.35,9.10
2022-01-21,107.40,100.49,114.48,100.11,30846,331630784.00,13.56,-5.20,-5.51,14.46
2022-01-24,98.10,100.39,104.00,95.60,23233,235581809.00,8.36,-0.10,-0.10,10.89
2022-01-25,99.80,96.79,103.57,95.60,16123,159955868.00,7.94,-3.59,-3.60,7.56
2022-01-26,96.49,98.81,100.48,96.31,13761,136035472.00,4.31,2.09,2.02,6.45
2022-01-27,97.65,92.30,99.34,91.33,21186,201203893.00,8.11,-6.59,-6.51,9.93
2022-01-28,93.40,90.38,96.40,89.48,14742,137858473.00,7.50,-2.08,-1.92,6.91
2022-02-07,92.61,90.90,94.84,89.60,18755,174171107.00,5.80,0.58,0.52,8.79
2022-02-08,90.61,88.60,92.00,84.60,16429,143763644.00,8.14,-2.53,-2.30,7.70
2022-02-09,87.51,88.30,89.55,86.63,13993,123758579.00,3.30,-0.34,-0.30,6.56
2022-02-10,88.20,83.64,89.20,81.91,20246,171263391.00,8.26,-5.28,-4.66,9.49
2022-02-11,82.96,77.60,83.94,76.02,36594,289944336.00,9.47,-7.22,-6.04,17.16
2022-02-14,75.60,76.08,77.37,74.60,14876,113633844.00,3.57,-1.96,-1.52,6.98
2022-02-15,76.61,77.81,78.66,75.96,19201,149850296.00,3.55,2.27,1.73,9.00
2022-02-16,77.74,77.89,79.23,77.37,15681,123318775.00,2.39,0.10,0.08,7.35
2022-02-17,77.91,78.25,80.08,77.28,16186,127554019.00,3.59,0.46,0.36,7.59
2022-02-18,77.20,79.19,80.47,76.61,16641,131703736.00,4.93,1.20,0.94,7.80
2022-02-21,79.09,78.62,79.11,76.83,14011,110147178.00,2.88,-0.72,-0.57,6.57
2022-02-22,77.63,75.60,77.80,73.60,23319,175793564.00,5.34,-3.84,-3.02,10.93
2022-02-23,74.89,79.80,81.23,74.89,27363,216557487.00,8.39,5.56,4.20,12.83
2022-02-24,80.01,74.75,80.10,73.60,23775,182772240.00,8.15,-6.33,-5.05,11.15
2022-02-25,76.10,77.15,79.60,75.30,19324,150119835.00,5.75,3.21,2.40,9.06
2022-02-28,76.32,77.99,78.49,75.32,11665,90663275.00,4.11,1.09,0.84,5.47
2022-03-01,78.80,78.50,79.60,77.40,12597,99208015.00,2.82,0.65,0.51,5.91
2022-03-02,77.61,78.65,79.40,76.26,11763,91884766.00,4.00,0.19,0.15,5.52
2022-03-03,78.81,76.60,80.10,76.10,14050,109127925.00,5.09,-2.61,-2.05,6.59
2022-03-04,76.22,74.38,77.56,73.76,14691,111324627.00,4.96,-2.90,-2.22,6.89
2022-03-07,73.01,71.40,73.79,70.49,14941,107977177.00,4.44,-4.01,-2.98,7.01
2022-03-08,71.40,68.80,72.40,68.77,12834,90568149.00,5.08,-3.64,-2.60,6.02
2022-03-09,69.24,66.10,69.54,63.60,22198,148607267.00,8.63,-3.92,-2.70,10.41
2022-03-10,68.10,69.15,70.32,67.50,17810,123999143.00,4.27,4.61,3.05,8.35
2022-03-11,68.10,67.86,68.78,66.00,11999,81392048.00,4.02,-1.87,-1.29,5.63
2022-03-14,66.90,64.60,67.05,64.38,9326,61600971.00,3.93,-4.80,-3.26,4.37
2022-03-15,64.30,61.64,65.89,61.02,19660,125202638.00,7.54,-4.58,-2.96,9.22
2022-03-16,63.57,63.20,63.93,60.10,16212,101252177.00,6.21,2.53,1.56,7.60
2022-03-17,64.10,66.30,68.39,64.06,20331,135648682.00,6.85,4.91,3.10,9.53
2022-03-18,66.30,64.84,67.25,64.60,13709,89786229.00,4.00,-2.20,-1.46,6.43
2022-03-21,65.00,67.75,68.24,63.95,16836,113087937.00,6.62,4.49,2.91,7.89
2022-03-22,67.75,68.47,69.40,65.87,17096,116129257.00,5.21,1.06,0.72,8.02
2022-03-23,68.22,66.66,68.58,65.60,11119,74807701.00,4.35,-2.64,-1.81,5.21
2022-03-24,65.89,65.59,65.89,64.30,7855,51403194.00,2.39,-1.61,-1.07,3.68
2022-03-25,66.49,64.47,66.70,63.97,7731,50520573.00,4.16,-1.71,-1.12,3.63
2022-03-28,64.00,63.49,65.09,63.30,6885,44421367.00,2.78,-1.52,-0.98,3.23
2022-03-29,63.48,62.32,64.39,62.04,6399,40465942.00,3.70,-1.84,-1.17,3.00
2022-03-30,63.39,63.65,63.97,62.75,5007,31940852.00,1.96,2.13,1.33,2.35
2022-03-31,63.68,61.51,63.68,61.39,8711,54410956.00,3.60,-3.36,-2.14,4.08
2022-04-01,60.75,60.55,63.23,60.20,8595,53200931.00,4.93,-1.56,-0.96,4.03
2022-04-06,60.62,59.36,61.58,58.63,10195,61118720.00,4.87,-1.97,-1.19,4.78
2022-04-07,59.35,58.92,59.85,57.94,8998,53087526.00,3.22,-0.74,-0.44,4.22
2022-04-08,59.70,55.81,60.08,55.70,11635,66659413.00,7.43,-5.28,-3.11,5.46
2022-04-11,55.55,52.70,55.60,52.37,14162,76538383.00,5.79,-5.57,-3.11,6.64
2022-04-12,51.48,53.20,53.80,51.48,7975,42548251.00,4.40,0.95,0.50,3.74
2022-04-13,52.99,52.79,53.21,50.98,6257,32970732.00,4.19,-0.77,-0.41,2.93
2022-04-14,53.31,52.99,54.19,52.59,7204,38615899.00,3.03,0.38,0.20,3.38
2022-04-15,52.43,53.09,54.94,50.88,11849,62662479.00,7.66,0.19,0.10,5.56
2022-04-18,51.40,54.90,55.07,51.32,14441,78170652.00,7.06,3.41,1.81,6.77
2022-04-19,54.44,52.56,56.30,52.28,15236,82434739.00,7.32,-4.26,-2.34,7.14
2022-04-20,52.79,52.27,54.44,52.22,12704,68193143.00,4.22,-0.55,-0.29,5.96
2022-04-21,50.80,48.77,51.89,48.72,13490,68344924.00,6.06,-6.70,-3.50,6.33
2022-04-22,47.38,48.00,49.11,47.16,12164,59102216.00,4.00,-1.58,-0.77,5.70
2022-04-25,47.18,43.20,47.47,43.10,12269,56029403.00,9.10,-10.00,-4.80,5.75
2022-04-26,43.32,40.10,44.10,39.92,13596,57460636.00,9.68,-7.18,-3.10,6.38
2022-04-27,39.60,42.17,42.46,38.85,13199,54007755.00,9.00,5.16,2.07,6.19
2022-04-28,42.26,38.67,42.26,38.62,23598,94535357.00,8.63,-8.30,-3.50,11.07
2022-04-29,39.27,42.04,42.28,39.27,14207,58783165.00,7.78,8.71,3.37,6.66
2022-05-05,42.15,42.75,43.64,41.79,18809,81614291.00,4.40,1.69,0.71,8.82
2022-05-06,41.80,42.62,43.63,41.20,11098,47570573.00,5.68,-0.30,-0.13,5.20
2022-05-09,42.62,43.02,43.33,42.07,8324,35867862.00,2.96,0.94,0.40,3.90
2022-05-10,42.53,44.35,44.81,42.00,13248,58794448.00,6.53,3.09,1.33,6.21
2022-05-11,44.66,47.28,47.93,43.60,25891,121554722.00,9.76,6.61,2.93,12.14
2022-05-12,46.13,46.60,46.90,45.75,15616,72984754.00,2.43,-1.44,-0.68,7.32
2022-05-13,46.65,46.45,48.16,45.79,12037,56628483.00,5.09,-0.32,-0.15,5.64
2022-05-16,47.32,47.60,51.50,47.20,24855,121747699.00,9.26,2.48,1.15,11.66
2022-05-17,47.60,48.98,50.31,46.60,22817,111444033.00,7.79,2.90,1.38,10.70
2022-05-18,48.98,48.14,50.25,48.08,17700,87356550.00,4.43,-1.71,-0.84,8.30
2022-05-19,47.19,47.78,48.48,47.19,11381,54829650.00,2.68,-0.75,-0.36,5.34
2022-05-20,48.59,48.90,49.57,47.88,13750,67486707.00,3.54,2.34,1.12,6.45
2022-05-23,49.03,48.88,49.40,47.37,11632,56641737.00,4.15,-0.04,-0.02,5.45
2022-05-24,49.23,45.65,51.60,45.40,22895,112287371.00,12.68,-6.61,-3.23,10.74
2022-05-25,45.59,46.28,47.36,45.41,11374,53171072.00,4.27,1.38,0.63,5.33
2022-05-26,46.58,44.93,46.58,43.80,13475,61051282.00,6.01,-2.92,-1.35,6.32
2022-05-27,45.56,45.29,47.09,44.69,11786,54534797.00,5.34,0.80,0.36,5.53
2022-05-30,45.90,45.33,46.20,44.60,9663,44167775.00,3.53,0.09,0.04,4.53
2022-05-31,45.22,46.82,47.15,44.10,11552,53297515.00,6.73,3.29,1.49,5.42
2022-06-01,46.80,49.09,51.85,46.47,25490,125217650.00,11.49,4.85,2.27,11.95
2022-06-02,49.10,51.61,52.24,48.00,28791,145067703.00,8.64,5.13,2.52,13.50
2022-06-06,54.21,55.44,59.82,52.03,50568,279443344.00,15.09,7.42,3.83,23.71
2022-06-07,54.82,53.32,56.15,52.60,30605,164822870.00,6.40,-3.82,-2.12,14.35
2022-06-08,53.32,53.45,54.99,51.78,26545,142133920.00,6.02,0.24,0.13,12.45
2022-06-09,52.12,50.01,52.77,49.60,20633,104896749.00,5.93,-6.44,-3.44,9.68
2022-06-10,50.30,52.16,52.89,49.60,18928,97963583.00,6.58,4.30,2.15,8.88
2022-06-13,53.59,55.66,57.30,53.00,34018,188745362.00,8.24,6.71,3.50,15.95
2022-06-14,54.60,58.02,58.29,53.25,41211,230198357.00,9.05,4.24,2.36,19.32
2022-06-15,58.99,55.19,61.45,55.10,39648,229118621.00,10.94,-4.88,-2.83,18.59
2022-06-16,54.72,54.66,57.40,54.29,24337,135632866.00,5.64,-0.96,-0.53,11.41
2022-06-17,54.00,58.79,59.77,53.01,34152,193272985.00,12.37,7.56,4.13,16.01
2022-06-20,59.83,58.21,60.00,57.60,21035,123203096.00,4.08,-0.99,-0.58,9.86
2022-06-21,58.00,56.16,58.59,55.60,16277,92459040.00,5.14,-3.52,-2.05,7.63
2022-06-22,55.54,56.78,58.10,55.35,26403,150101670.00,4.90,1.10,0.62,11.71
2022-06-23,56.37,60.78,62.37,56.32,34340,205796456.00,10.66,7.04,4.00,15.23
2022-06-24,62.11,64.40,66.04,60.00,38839,246010237.00,9.94,5.96,3.62,17.23
2022-06-27,64.42,67.92,72.17,62.59,41863,278454688.00,14.88,5.47,3.52,18.57
2022-06-28,67.87,66.91,68.19,64.18,32103,212039655.00,5.90,-1.49,-1.01,14.24
2022-06-29,66.78,62.94,68.90,62.51,29772,194802505.00,9.55,-5.93,-3.97,13.21
2022-06-30,63.00,64.83,65.86,62.52,21834,139933745.00,5.31,3.00,1.89,9.69
2022-07-01,64.89,63.89,65.00,62.10,16453,104667985.00,4.47,-1.45,-0.94,7.30
2022-07-04,62.95,61.88,63.85,60.00,23540,144855890.00,6.03,-3.15,-2.01,10.44
2022-07-05,62.00,59.10,62.90,58.18,20050,119944447.00,7.63,-4.49,-2.78,8.89
2022-07-06,58.69,59.48,60.80,58.30,15399,91815328.00,4.23,0.64,0.38,6.83
2022-07-07,60.02,61.60,63.05,59.90,22112,136277435.00,5.30,3.56,2.12,9.81
2022-07-08,61.12,59.64,61.87,58.72,17097,102747553.00,5.11,-3.18,-1.96,7.58
2022-07-11,59.61,60.68,61.10,58.00,13646,81906122.00,5.20,1.74,1.04,6.05
2022-07-12,60.08,56.20,60.66,56.19,15677,90886019.00,7.37,-7.38,-4.48,6.95
2022-07-13,56.28,55.03,58.50,54.66,27243,153359579.00,6.83,-2.08,-1.17,12.08
2022-07-14,54.83,57.54,58.08,54.28,15328,87082089.00,6.91,4.56,2.51,6.80
2022-07-15,58.00,59.00,60.85,56.50,19597,116203874.00,7.56,2.54,1.46,8.69
2022-07-18,59.28,59.69,60.50,58.05,14917,88606254.00,4.15,1.17,0.69,6.62
2022-07-19,59.78,61.89,62.97,59.15,27317,168292684.00,6.40,3.69,2.20,12.12
2022-07-20,61.50,59.56,61.50,59.23,23481,140707306.00,3.67,-3.76,-2.33,10.42
2022-07-21,59.34,58.55,60.80,58.23,15984,95397982.00,4.31,-1.70,-1.01,7.09
2022-07-22,58.50,57.69,59.33,57.60,13334,77577766.00,2.95,-1.47,-0.86,5.91
2022-07-25,57.30,58.35,59.00,56.13,19030,109909727.00,4.97,1.14,0.66,8.44
2022-07-26,57.86,61.31,61.88,57.03,31136,187960856.00,8.31,5.07,2.96,13.81
2022-07-27,61.50,63.90,65.18,60.08,28523,179555320.00,8.32,4.22,2.59,12.65
2022-07-28,65.00,67.80,68.50,63.59,28875,190777842.00,7.68,6.10,3.90,12.81
2022-07-29,67.50,72.65,75.00,66.72,40486,287580826.00,12.21,7.15,4.85,17.96
2022-08-01,74.15,72.31,74.44,69.50,31592,226215850.00,6.80,-0.47,-0.34,14.01
2022-08-02,71.05,69.50,72.10,68.44,22528,158619910.00,5.06,-3.89,-2.81,9.99
2022-08-03,70.40,74.50,82.98,70.33,38065,289780199.00,18.20,7.19,5.00,16.89
2022-08-04,74.22,73.34,77.85,72.00,36564,273276036.00,7.85,-1.56,-1.16,16.22
2022-08-05,71.79,71.93,74.87,71.00,23270,168813250.00,5.28,-1.92,-1.41,10.32
2022-08-08,72.70,73.15,73.73,68.51,16770,119872229.00,7.26,1.70,1.22,7.44
2022-08-09,74.90,75.21,79.00,74.00,25017,191860711.00,6.84,2.82,2.06,11.10
2022-08-10,74.68,72.69,76.00,72.20,14824,109125670.00,5.05,-3.35,-2.52,6.58
2022-08-11,73.16,71.19,73.49,69.00,24559,172959243.00,6.18,-2.06,-1.50,10.89
2022-08-12,70.58,67.90,71.50,67.83,12247,84832632.00,5.16,-4.62,-3.29,5.43
2022-08-15,68.25,66.87,68.28,66.01,11060,74067003.00,3.34,-1.52,-1.03,4.91
2022-08-16,67.48,67.84,71.50,66.00,24354,166474894.00,8.22,1.45,0.97,10.80
2022-08-17,67.10,66.72,67.75,65.52,12704,84467214.00,3.29,-1.65,-1.12,5.64
2022-08-18,66.60,68.79,69.95,66.29,15461,106300687.00,5.49,3.10,2.07,6.86
2022-08-19,68.97,62.90,70.44,62.10,30627,200412892.00,12.12,-8.56,-5.89,13.59
2022-08-22,62.01,62.84,65.80,62.00,24707,155995343.00,6.04,-0.10,-0.06,10.96
2022-08-23,63.31,61.20,64.44,60.50,18019,111669728.00,6.27,-2.61,-1.64,7.99
2022-08-24,60.93,56.89,61.49,56.89,19629,114585692.00,7.52,-7.04,-4.31,8.71
2022-08-25,56.90,55.47,57.99,54.80,13644,76271090.00,5.61,-2.50,-1.42,6.05
2022-08-26,55.94,52.93,56.46,52.51,20666,111638448.00,7.12,-4.58,-2.54,9.17
2022-08-29,52.08,51.88,53.35,50.89,18073,94074724.00,4.65,-1.98,-1.05,8.02
2022-08-30,51.59,52.00,52.37,50.80,17471,90272085.00,3.03,0.23,0.12,7.75
2022-08-31,51.80,48.73,52.00,48.60,23018,114269499.00,6.54,-6.29,-3.27,10.21
2022-09-01,49.14,48.51,50.19,48.20,15366,75396320.00,4.08,-0.45,-0.22,6.82
2022-09-02,48.92,50.43,50.84,48.58,15508,77157380.00,4.66,3.96,1.92,6.88
2022-09-05,50.25,49.16,50.31,48.90,13045,64576498.00,2.80,-2.52,-1.27,5.79
2022-09-06,49.75,50.32,50.48,48.63,12470,61994616.00,3.76,2.36,1.16,5.53
2022-09-07,50.09,52.22,53.20,49.98,25372,132305836.00,6.40,3.78,1.90,11.25
2022-09-08,52.10,51.69,52.98,51.33,12970,67571403.00,3.16,-1.01,-0.53,5.75
2022-09-09,51.69,51.18,52.14,49.96,13980,70941385.00,4.22,-0.99,-0.51,6.20
2022-09-13,51.29,51.87,52.64,51.00,11277,58568106.00,3.20,1.35,0.69,5.00
2022-09-14,50.80,51.55,51.75,50.32,7349,37672745.00,2.76,-0.62,-0.32,3.26
2022-09-15,51.39,49.85,51.48,48.80,10557,52745024.00,5.20,-3.30,-1.70,4.68
2022-09-16,50.00,48.40,50.75,48.40,10867,53811531.00,4.71,-2.91,-1.45,4.82
2022-09-19,48.91,47.50,48.91,46.95,9748,46358924.00,4.05,-1.86,-0.90,4.32
2022-09-20,47.95,47.90,48.99,47.40,8174,39428533.00,3.35,0.84,0.40,3.63
2022-09-21,47.88,47.29,47.88,45.90,7402,34848106.00,4.13,-1.27,-0.61,3.28
2022-09-22,46.91,46.52,48.20,46.38,7710,36322672.00,3.85,-1.63,-0.77,3.42
2022-09-23,46.64,44.83,46.81,44.37,8928,40341117.00,5.25,-3.63,-1.69,3.96
2022-09-26,44.41,44.57,45.89,44.00,8569,38424358.00,4.22,-0.58,-0.26,3.80
2022-09-27,44.58,45.11,45.46,44.00,9213,41138785.00,3.28,1.21,0.54,4.09
2022-09-28,45.00,42.61,45.02,42.61,10310,44981089.00,5.34,-5.54,-2.50,4.57
2022-09-29,43.00,42.85,44.39,42.63,12276,53376413.00,4.13,0.56,0.24,5.45
2022-09-30,43.29,41.43,43.29,41.21,8181,34521929.00,4.85,-3.31,-1.42,3.63
2022-10-10,41.70,40.68,42.38,40.45,8595,35468184.00,4.66,-1.81,-0.75,3.81
2022-10-11,40.68,41.20,41.55,39.90,8433,34359087.00,4.06,1.28,0.52,3.74
2022-10-12,41.24,43.00,43.00,40.31,10886,45255647.00,6.53,4.37,1.80,4.83
2022-10-13,42.75,44.15,45.46,42.52,14614,64517149.00,6.84,2.67,1.15,6.48
2022-10-14,44.16,45.38,45.60,44.02,10414,46857381.00,3.58,2.79,1.23,4.62
2022-10-17,45.00,46.93,46.98,44.58,10880,50272952.00,5.29,3.42,1.55,4.83
2022-10-18,46.80,46.30,48.50,46.10,9087,42498878.00,5.11,-1.34,-0.63,4.03
2022-10-19,46.21,46.58,46.80,45.79,8895,41175290.00,2.18,0.60,0.28,3.95
2022-10-20,46.00,45.69,47.40,45.20,10591,48721495.00,4.72,-1.91,-0.89,4.70
2022-10-21,45.68,45.67,46.45,45.00,7254,33190960.00,3.17,-0.04,-0.02,3.22
2022-10-24,45.66,45.31,46.96,44.82,8423,38677259.00,4.69,-0.79,-0.36,3.74
2022-10-25,45.00,44.46,45.44,43.90,9052,40329944.00,3.40,-1.88,-0.85,4.02
2022-10-26,42.03,44.68,45.59,41.00,19174,84198026.00,10.32,0.49,0.22,8.51
2022-10-27,44.66,45.15,46.36,44.58,12729,58027308.00,3.98,1.05,0.47,5.65
2022-10-28,45.16,41.78,45.63,41.50,11801,51032831.00,9.15,-7.46,-3.37,5.23
2022-10-31,42.38,44.88,45.40,41.60,15387,68100088.00,9.10,7.42,3.10,6.83
2022-11-01,45.00,45.55,45.62,44.27,11154,50248311.00,3.01,1.49,0.67,4.95
2022-11-02,45.55,47.50,48.84,45.52,19541,92548765.00,7.29,4.28,1.95,8.67
2022-11-03,47.50,47.57,48.50,46.51,10482,49519255.00,4.19,0.15,0.07,4.65
2022-11-04,47.48,48.77,49.90,46.86,15990,77446271.00,6.39,2.52,1.20,7.09
2022-11-07,49.21,50.16,50.39,48.16,18774,92863101.00,4.57,2.85,1.39,8.33
2022-11-08,49.70,48.47,49.99,47.51,18517,89262695.00,4.94,-3.37,-1.69,8.21
2022-11-09,48.35,48.23,48.90,47.67,8894,42968541.00,2.54,-0.50,-0.24,3.95
2022-11-10,48.00,47.56,48.89,47.32,9428,45322341.00,3.26,-1.39,-0.67,4.18
2022-11-11,48.80,48.00,49.18,47.01,13540,64931411.00,4.56,0.93,0.44,6.01
2022-11-14,47.55,47.00,48.00,46.00,14334,67160973.00,4.17,-2.08,-1.00,6.36
2022-11-15,46.66,48.97,49.10,46.53,16530,79625311.00,5.47,4.19,1.97,7.33
2022-11-16,48.66,47.91,49.20,47.59,10913,52692593.00,3.29,-2.16,-1.06,4.84
2022-11-17,47.22,48.70,48.77,46.96,10938,52369966.00,3.78,1.65,0.79,4.85
2022-11-18,48.68,47.62,49.69,47.26,11855,57305039.00,4.99,-2.22,-1.08,5.26
2022-11-21,47.05,47.19,47.47,45.67,7946,37074655.00,3.78,-0.90,-0.43,3.52
2022-11-22,47.10,45.55,47.32,45.26,10845,49990401.00,4.37,-3.48,-1.64,4.81
2022-11-23,45.99,44.26,45.99,43.32,10093,44597637.00,5.86,-2.83,-1.29,4.48
2022-11-24,44.00,44.11,44.78,43.59,7230,31897752.00,2.69,-0.34,-0.15,3.21
2022-11-25,45.00,43.05,45.00,43.01,6000,25970116.00,4.51,-2.40,-1.06,2.66
2022-11-28,42.46,41.95,43.18,41.59,7165,30193862.00,3.69,-2.56,-1.10,3.18
2022-11-29,42.19,42.80,43.19,41.85,9463,40411018.00,3.19,2.03,0.85,4.20
2022-11-30,43.00,42.89,43.63,42.30,7848,33739161.00,3.11,0.21,0.09,3.48
2022-12-01,43.95,42.98,43.95,42.64,8740,37808565.00,3.05,0.21,0.09,3.88
2022-12-02,43.01,43.54,43.95,42.73,7476,32511664.00,2.84,1.30,0.56,3.32
2022-12-05,43.99,43.09,44.24,42.61,8557,36896689.00,3.74,-1.03,-0.45,3.80
2022-12-06,43.09,42.76,43.43,42.32,7768,33247330.00,2.58,-0.77,-0.33,3.45
2022-12-07,42.41,42.35,43.10,42.14,6369,27134165.00,2.25,-0.96,-0.41,2.83
2022-12-08,42.16,41.75,42.29,41.45,9271,38734700.00,1.98,-1.42,-0.60,4.11
2022-12-09,41.76,41.29,41.84,41.18,6377,26402402.00,1.58,-1.10,-0.46,2.83
2022-12-12,41.07,42.24,42.51,40.87,8907,37300565.00,3.97,2.30,0.95,3.95
2022-12-13,42.02,40.71,42.45,40.00,12966,53347434.00,5.80,-3.62,-1.53,5.75
2022-12-14,40.22,40.11,41.21,40.00,7463,30173247.00,2.97,-1.47,-0.60,3.31
2022-12-15,40.02,41.29,41.55,39.99,8755,35944500.00,3.89,2.94,1.18,3.88
2022-12-16,41.29,40.09,41.40,40.00,7367,29742030.00,3.39,-2.91,-1.20,3.27
2022-12-19,40.00,39.38,40.58,39.22,7139,28495041.00,3.39,-1.77,-0.71,3.17
2022-12-20,39.48,39.51,39.76,38.88,4612,18154874.00,2.23,0.33,0.13,2.05
2022-12-21,39.51,38.41,39.61,38.00,8515,32811524.00,4.07,-2.78,-1.10,3.78
2022-12-22,38.45,38.15,39.30,38.08,7693,29805448.00,3.18,-0.68,-0.26,1.78
2022-12-23,37.96,38.33,38.36,37.72,5667,21579978.00,1.68,0.47,0.18,1.31
2022-12-26,38.33,39.03,39.70,38.17,5948,23292815.00,3.99,1.83,0.70,1.37
2022-12-27,39.45,38.83,39.60,38.07,5815,22472297.00,3.92,-0.51,-0.20,1.34
2022-12-28,38.15,38.46,39.00,37.91,5395,20676943.00,2.81,-0.95,-0.37,1.25
2022-12-29,38.25,39.81,40.09,38.22,14871,58591133.00,4.86,3.51,1.35,3.43
2022-12-30,39.95,38.91,40.01,38.73,9602,37634085.00,3.22,-2.26,-0.90,2.22