2013-01-04,3.85,3.87,3.98,3.75,87373,90244649.00,5.99,0.78,0.03,6.81
2013-01-07,3.83,3.81,3.85,3.77,48290,49158343.00,2.07,-1.55,-0.06,3.77
2013-01-08,3.80,3.82,3.90,3.75,50557,51717843.00,3.94,0.26,0.01,3.94
2013-01-09,3.81,3.75,3.87,3.70,44511,45383063.00,4.45,-1.83,-0.07,3.47
2013-01-10,3.77,3.81,3.89,3.73,50129,51387306.00,4.27,1.60,0.06,3.91
2013-01-11,3.81,3.58,3.81,3.56,53485,52969045.00,6.56,-6.04,-0.23,4.17
2013-01-14,3.58,3.72,3.74,3.54,47257,46476509.00,5.59,3.91,0.14,3.69
2013-01-15,3.72,3.76,3.81,3.68,54931,55318029.00,3.49,1.08,0.04,4.28
2013-01-16,3.73,3.65,3.74,3.60,46252,45595591.00,3.72,-2.93,-0.11,3.61
2013-01-17,3.64,3.67,3.76,3.59,44138,43853853.00,4.66,0.55,0.02,3.44
2013-01-18,3.66,3.84,3.85,3.65,72819,73756701.00,5.45,4.63,0.17,5.68
2013-01-21,3.87,3.84,4.06,3.82,76176,79643244.00,6.25,0.00,0.00,5.94
2013-01-22,3.83,3.72,3.83,3.68,47242,47522583.00,3.91,-3.13,-0.12,3.68
2013-01-23,3.68,3.76,3.83,3.67,40907,41134382.00,4.30,1.08,0.04,3.19
2013-01-24,3.78,3.59,3.82,3.56,50290,50110699.00,6.91,-4.52,-0.17,3.92
2013-01-25,3.61,3.51,3.62,3.49,25295,24116838.00,3.62,-2.23,-0.08,1.97
2013-01-28,3.49,3.64,3.65,3.49,24798,24057759.00,4.56,3.70,0.13,1.93
2013-01-29,3.64,3.63,3.71,3.62,29443,29031450.00,2.47,-0.27,-0.01,2.30
2013-01-30,3.63,3.70,3.70,3.61,32343,31914250.00,2.48,1.93,0.07,2.52
2013-01-31,3.70,3.49,3.70,3.28,48114,45816948.00,11.35,-5.68,-0.21,3.75
2013-02-01,3.49,3.51,3.53,3.46,23451,22208258.00,2.01,0.57,0.02,1.83
2013-02-04,3.51,3.40,3.52,3.39,28909,26964383.00,3.70,-3.13,-0.11,2.25
2013-02-05,3.40,3.54,3.59,3.37,35049,33212735.00,6.47,4.12,0.14,2.73
2013-02-06,3.53,3.49,3.53,3.48,18168,17218882.00,1.41,-1.41,-0.05,1.42
2013-02-07,3.48,3.47,3.50,3.46,15591,14692450.00,1.15,-0.57,-0.02,1.22
2013-02-08,3.49,3.52,3.54,3.46,17809,16930733.00,2.31,1.44,0.05,1.39
2013-02-18,3.52,3.56,3.58,3.51,29322,28152319.00,1.99,1.14,0.04,2.29
2013-02-19,3.54,3.44,3.56,3.42,26428,24856113.00,3.93,-3.37,-0.12,2.06
2013-02-20,3.45,3.46,3.47,3.36,21810,20184470.00,3.20,0.58,0.02,1.70
2013-02-21,3.40,3.27,3.40,3.25,31951,29012523.00,4.34,-5.49,-0.19,2.49
2013-02-22,3.25,3.26,3.32,3.25,17470,15683128.00,2.14,-0.31,-0.01,1.36
2013-02-25,3.33,3.31,3.37,3.26,14507,13110238.00,3.37,1.53,0.05,1.13
2013-02-26,3.23,3.18,3.27,3.18,22561,19987118.00,2.72,-3.93,-0.13,1.76
2013-02-27,3.18,3.22,3.25,3.18,14697,12960497.00,2.20,1.26,0.04,1.15
2013-02-28,3.25,3.33,3.38,3.24,29258,26512553.00,4.35,3.42,0.11,2.28
2013-03-01,3.36,3.33,3.36,3.28,18476,16701329.00,2.40,0.00,0.00,1.44
2013-03-04,3.21,2.94,3.21,2.94,47021,38955090.00,8.11,-11.71,-0.39,3.67
2013-03-05,2.86,2.96,2.96,2.86,23750,19307763.00,3.40,0.68,0.02,1.85
2013-03-06,2.97,2.99,2.99,2.93,23127,19078446.00,2.03,1.01,0.03,1.80
2013-03-07,3.00,3.01,3.05,2.96,23475,19544352.00,3.01,0.67,0.02,1.83
2013-03-08,3.03,2.96,3.03,2.95,15716,13005571.00,2.66,-1.66,-0.05,1.23
2013-03-11,2.96,2.99,3.01,2.93,11120,9191329.00,2.70,1.01,0.03,0.87
2013-03-12,2.99,2.92,3.03,2.90,19868,16315521.00,4.35,-2.34,-0.07,1.55
2013-03-13,2.93,2.93,2.94,2.89,10157,8250077.00,1.71,0.34,0.01,0.79
2013-03-14,2.93,2.98,3.02,2.92,16903,14004340.00,3.41,1.71,0.05,1.32
2013-03-15,2.98,2.95,3.00,2.89,19009,15538441.00,3.69,-1.01,-0.03,1.48
2013-03-18,2.95,2.96,2.99,2.93,11322,9297743.00,2.03,0.34,0.01,0.88
2013-03-19,2.98,3.10,3.10,2.95,37222,31328786.00,5.07,4.73,0.14,2.90
2013-03-20,3.08,3.12,3.14,3.02,51439,43680517.00,3.87,0.65,0.02,4.01
2013-03-21,3.12,3.06,3.12,3.05,33119,28100873.00,2.24,-1.92,-0.06,2.58
2013-03-22,3.05,3.30,3.36,3.04,103367,91853942.00,10.46,7.84,0.24,8.06
2013-03-25,3.25,3.27,3.35,3.21,64153,57495701.00,4.24,-0.91,-0.03,5.00
2013-03-26,3.22,3.22,3.27,3.19,29073,25684214.00,2.45,-1.53,-0.05,2.27
2013-03-27,3.18,3.19,3.25,3.15,25871,22723354.00,3.11,-0.93,-0.03,2.02
2013-03-28,3.16,3.01,3.16,2.99,24154,20466610.00,5.33,-5.64,-0.18,1.88
2013-03-29,3.04,3.10,3.11,2.96,26971,22789261.00,4.98,2.99,0.09,2.10
2013-04-01,3.08,3.17,3.21,3.06,36608,31842301.00,4.84,2.26,0.07,2.86
2013-04-02,3.15,3.17,3.24,3.13,30826,26982380.00,3.47,0.00,0.00,2.40
2013-04-03,3.16,3.13,3.19,3.10,20354,17599023.00,2.84,-1.26,-0.04,1.59
2013-04-08,3.06,3.02,3.06,2.98,20226,16803956.00,2.56,-3.51,-0.11,1.58
2013-04-09,3.02,3.08,3.09,3.01,15718,13256594.00,2.65,1.99,0.06,1.23
2013-04-10,3.08,3.12,3.17,3.06,25319,21814292.00,3.57,1.30,0.04,1.97
2013-04-11,3.12,3.11,3.17,3.06,20966,17912986.00,3.53,-0.32,-0.01,1.64
2013-04-12,3.10,3.12,3.15,3.08,13946,11995884.00,2.25,0.32,0.01,1.09
2013-04-15,3.12,3.19,3.19,3.00,22465,19399298.00,6.09,2.24,0.07,1.75
2013-04-16,3.14,3.21,3.23,3.14,33057,29066407.00,2.82,0.63,0.02,2.58
2013-04-17,3.23,3.19,3.23,3.16,27690,24164996.00,2.18,-0.62,-0.02,2.16
2013-04-18,3.17,3.17,3.21,3.13,22170,19257828.00,2.51,-0.63,-0.02,1.73
2013-04-19,3.12,3.21,3.21,3.12,26687,23329475.00,2.84,1.26,0.04,2.08
2013-04-22,3.18,3.17,3.19,3.15,20812,18100521.00,1.25,-1.25,-0.04,1.62
2013-04-23,3.17,3.07,3.17,3.04,20349,17463107.00,4.10,-3.15,-0.10,1.59
2013-04-24,3.08,3.10,3.12,3.00,13123,11101046.00,3.91,0.98,0.03,1.02
2013-04-25,3.08,3.02,3.09,3.01,13678,11555569.00,2.58,-2.58,-0.08,1.07
2013-04-26,3.01,2.96,3.05,2.93,7044,5843677.00,3.97,-1.99,-0.06,0.55
2013-05-02,2.96,2.96,3.01,2.91,7424,6080698.00,3.38,0.00,0.00,0.58
2013-05-03,2.95,3.01,3.05,2.95,8022,6704950.00,3.38,1.69,0.05,0.63
2013-05-06,3.05,3.04,3.06,3.02,5626,4728708.00,1.33,1.00,0.03,0.44
2013-05-07,3.04,3.06,3.08,3.04,7439,6292849.00,1.32,0.66,0.02,0.58
2013-05-08,3.06,3.12,3.19,3.06,12872,11093347.00,4.25,1.96,0.06,1.00
2013-05-09,3.11,3.08,3.14,3.06,9797,8372951.00,2.56,-1.28,-0.04,0.76
2013-05-10,3.05,3.13,3.13,3.02,10410,8862748.00,3.57,1.62,0.05,0.81
2013-05-13,3.12,3.11,3.15,3.09,9064,7793417.00,1.92,-0.64,-0.02,0.71
2013-05-14,3.09,3.05,3.10,3.03,7472,6311838.00,2.25,-1.93,-0.06,0.58
2013-05-15,3.09,3.08,3.09,3.05,5480,4645041.00,1.31,0.98,0.03,0.43
2013-05-16,3.08,3.17,3.17,3.04,21433,18499565.00,4.22,2.92,0.09,1.67
2013-05-17,3.19,3.25,3.32,3.17,37312,33241583.00,4.73,2.52,0.08,2.91
2013-05-20,3.25,3.26,3.32,3.22,35820,32044061.00,3.08,0.31,0.01,2.79
2013-05-21,3.23,3.25,3.26,3.20,21848,19314937.00,1.84,-0.31,-0.01,1.70
2013-05-22,3.25,3.28,3.33,3.23,34639,31175850.00,3.08,0.92,0.03,2.70
2013-05-23,3.29,3.22,3.36,3.21,26423,23767438.00,4.57,-1.83,-0.06,2.06
2013-05-24,3.21,3.20,3.25,3.16,17440,15250042.00,2.80,-0.62,-0.02,1.36
2013-05-27,3.19,3.20,3.22,3.14,18806,16392745.00,2.50,0.00,0.00,1.47
2013-05-28,3.21,3.35,3.37,3.17,54509,49156045.00,6.25,4.69,0.15,4.25
2013-05-29,3.36,3.33,3.42,3.29,38076,34751358.00,3.88,-0.60,-0.02,2.97
2013-05-30,3.31,3.28,3.33,3.23,25432,22745074.00,3.00,-1.50,-0.05,1.98
2013-05-31,3.28,3.27,3.31,3.25,15961,14303838.00,1.83,-0.30,-0.01,1.24
2013-06-03,3.26,3.31,3.37,3.25,25707,23326005.00,3.67,1.22,0.04,2.00
2013-06-04,3.31,3.20,3.31,3.17,21335,18874063.00,4.23,-3.32,-0.11,1.66
2013-06-05,3.19,3.33,3.34,3.16,28699,25582863.00,5.63,4.06,0.13,2.24
2013-06-06,3.31,3.38,3.42,3.28,87198,80042129.00,4.20,1.50,0.05,6.80
2013-06-07,3.37,3.48,3.55,3.27,104713,97782502.00,8.28,2.96,0.10,8.17
2013-06-13,3.40,3.32,3.40,3.22,95478,87325499.00,5.17,-4.60,-0.16,7.45
2013-06-14,3.31,3.34,3.51,3.24,74155,67437936.00,8.13,0.60,0.02,5.78
2013-06-17,3.25,3.29,3.36,3.19,49780,44460169.00,5.09,-1.50,-0.05,3.88
2013-06-18,3.27,3.34,3.36,3.21,52440,47270521.00,4.56,1.52,0.05,4.09
2013-06-19,3.29,3.25,3.29,3.17,33662,29741150.00,3.59,-2.69,-0.09,2.63
2013-06-20,3.21,3.11,3.29,3.06,53186,46888099.00,7.08,-4.31,-0.14,4.15
2013-06-21,3.04,3.20,3.24,2.91,36677,30914792.00,10.61,2.89,0.09,2.86
2013-06-24,3.19,3.18,3.37,3.01,68247,58983533.00,11.25,-0.63,-0.02,5.32
2013-06-25,3.10,3.14,3.15,2.81,33605,27785424.00,10.69,-1.26,-0.04,2.62
2013-06-26,3.08,3.02,3.17,2.96,65290,54905404.00,6.69,-3.82,-0.12,5.09
2013-06-27,2.94,2.75,3.02,2.73,50199,40754576.00,9.60,-8.94,-0.27,3.92
2013-06-28,2.74,2.58,2.85,2.55,49415,37620754.00,10.91,-6.18,-0.17,3.85
2013-07-01,2.55,2.51,2.57,2.43,36978,26405018.00,5.43,-2.71,-0.07,2.88
2013-07-02,2.51,2.55,2.58,2.49,25869,18664333.00,3.59,1.59,0.04,2.02
2013-07-03,2.53,2.45,2.53,2.37,26255,18418083.00,6.27,-3.92,-0.10,2.05
2013-07-04,2.44,2.52,2.53,2.40,25108,17914610.00,5.31,2.86,0.07,1.96
2013-07-05,2.53,2.55,2.62,2.53,25286,18476860.00,3.57,1.19,0.03,1.97
2013-07-08,2.50,2.33,2.52,2.33,20276,14126761.00,7.45,-8.63,-0.22,1.58
2013-07-09,2.33,2.33,2.38,2.28,11855,7992126.00,4.29,0.00,0.00,0.92
2013-07-10,2.34,2.44,2.45,2.31,17493,12034908.00,6.01,4.72,0.11,1.36
2013-07-11,2.44,2.57,2.61,2.42,36602,26595190.00,7.79,5.33,0.13,2.85
2013-07-12,2.57,2.50,2.58,2.49,19244,13877370.00,3.50,-2.72,-0.07,1.50
2013-07-15,2.49,2.54,2.56,2.49,16036,11571103.00,2.80,1.60,0.04,1.25
2013-07-16,2.55,2.55,2.55,2.49,15138,10939578.00,2.36,0.39,0.01,1.18
2013-07-17,2.55,2.57,2.67,2.49,31466,23091289.00,7.06,0.78,0.02,2.45
2013-07-18,2.55,2.50,2.58,2.48,22836,16418845.00,3.89,-2.72,-0.07,1.78
2013-07-19,2.50,2.34,2.51,2.34,23724,16567282.00,6.80,-6.40,-0.16,1.85
2013-07-22,2.33,2.37,2.37,2.31,11540,7814508.00,2.56,1.28,0.03,0.90
2013-07-23,2.37,2.43,2.46,2.37,14252,9922444.00,3.80,2.53,0.06,1.11
2013-07-24,2.42,2.37,2.43,2.34,16966,11646345.00,3.70,-2.47,-0.06,1.32
2013-07-25,2.38,2.40,2.42,2.36,12732,8771118.00,2.53,1.27,0.03,0.99
2013-07-26,2.40,2.38,2.41,2.34,8021,5493178.00,2.92,-0.83,-0.02,0.63
2013-07-29,2.37,2.31,2.37,2.29,12767,8590693.00,3.36,-2.94,-0.07,1.00
2013-07-30,2.30,2.33,2.36,2.28,9414,6341616.00,3.46,0.87,0.02,0.73
2013-07-31,2.40,2.38,2.52,2.37,22618,15800414.00,6.44,2.15,0.05,1.76
2013-08-01,2.40,2.50,2.52,2.36,28907,20333916.00,6.72,5.04,0.12,2.25
2013-08-02,2.54,2.52,2.61,2.52,30460,22251883.00,3.60,0.80,0.02,2.38
2013-08-05,2.51,2.52,2.52,2.46,15604,11117351.00,2.38,0.00,0.00,1.22
2013-08-06,2.51,2.53,2.55,2.49,13504,9692542.00,2.38,0.40,0.01,1.05
2013-08-07,2.53,2.53,2.60,2.52,22399,16347113.00,3.16,0.00,0.00,1.75
2013-08-08,2.53,2.56,2.57,2.52,17673,12786709.00,1.98,1.19,0.03,1.38
2013-08-09,2.54,2.60,2.60,2.54,17323,12659504.00,2.34,1.56,0.04,1.35
2013-08-12,2.59,2.75,2.78,2.58,30840,23277843.00,7.69,5.77,0.15,2.40
2013-08-13,2.73,2.71,2.74,2.67,17788,13533924.00,2.55,-1.45,-0.04,1.39
2013-08-14,2.72,2.70,2.74,2.68,18272,13929935.00,2.21,-0.37,-0.01,1.42
2013-08-15,2.68,2.67,2.74,2.66,17338,13150418.00,2.96,-1.11,-0.03,1.35
2013-08-16,2.66,2.64,2.76,2.63,16366,12414323.00,4.87,-1.12,-0.03,1.28
2013-08-19,2.57,2.59,2.60,2.50,18404,13406923.00,3.79,-1.89,-0.05,1.44
2013-08-20,2.59,2.57,2.63,2.55,10413,7642147.00,3.09,-0.77,-0.02,0.81
2013-08-21,2.57,2.56,2.58,2.54,10803,7876885.00,1.56,-0.39,-0.01,0.84
2013-08-22,2.55,2.61,2.63,2.52,10561,7766915.00,4.30,1.95,0.05,0.82
2013-08-23,2.61,2.54,2.63,2.51,10342,7530367.00,4.60,-2.68,-0.07,0.81
2013-08-26,2.54,2.60,2.60,2.54,11396,8347113.00,2.36,2.36,0.06,0.89
2013-08-27,2.60,2.63,2.64,2.57,16047,11897447.00,2.69,1.15,0.03,1.25
2013-08-28,2.61,2.61,2.64,2.57,13209,9747282.00,2.66,-0.76,-0.02,1.03
2013-08-29,2.80,2.93,2.93,2.79,129312,103977598.00,5.36,12.26,0.32,10.08
2013-08-30,2.93,2.97,3.14,2.85,117040,97870252.00,9.90,1.37,0.04,9.13
2013-09-02,2.93,2.72,2.93,2.64,63422,48716262.00,9.76,-8.42,-0.25,4.95
2013-09-03,2.70,2.84,2.87,2.67,52442,41138211.00,7.35,4.41,0.12,4.09
2013-09-04,2.87,2.77,2.90,2.74,46687,36560493.00,5.63,-2.46,-0.07,3.64
2013-09-05,2.73,2.75,2.80,2.71,29851,23047552.00,3.25,-0.72,-0.02,2.33
2013-09-06,2.74,2.70,2.75,2.68,39115,29860045.00,2.55,-1.82,-0.05,3.05
2013-09-09,2.72,2.79,2.83,2.67,48514,37804583.00,5.93,3.33,0.09,3.78
2013-09-10,2.77,2.80,2.84,2.76,39793,31191924.00,2.87,0.36,0.01,3.10
2013-09-11,2.81,2.79,2.83,2.75,37150,29138375.00,2.86,-0.36,-0.01,2.90
2013-09-12,2.78,2.86,3.01,2.72,59987,47817692.00,10.39,2.51,0.07,4.68
2013-09-13,2.82,2.84,2.85,2.78,35910,28341128.00,2.45,-0.70,-0.02,2.80
2013-09-16,2.82,2.79,2.85,2.78,18890,14835545.00,2.46,-1.76,-0.05,1.47
2013-09-17,2.79,2.70,2.80,2.70,19162,14744055.00,3.58,-3.23,-0.09,1.49
2013-09-18,2.67,2.65,2.72,2.65,24230,18291525.00,2.59,-1.85,-0.05,1.89
2013-09-23,2.66,2.70,2.71,2.66,23038,17443414.00,1.89,1.89,0.05,1.80
2013-09-24,2.71,2.71,2.75,2.64,32432,24621937.00,4.07,0.37,0.01,2.53
2013-09-25,2.69,2.68,2.72,2.67,24227,18388836.00,1.85,-1.11,-0.03,1.89
2013-09-26,2.68,2.59,2.69,2.59,19615,14639845.00,3.73,-3.36,-0.09,1.53
2013-09-27,2.61,2.58,2.61,2.55,12137,8905550.00,2.32,-0.39,-0.01,0.95
2013-09-30,2.58,2.59,2.60,2.55,11120,8143895.00,1.94,0.39,0.01,0.87
2013-10-08,2.58,2.67,2.68,2.57,17687,13249681.00,4.25,3.09,0.08,1.38
2013-10-09,2.67,2.70,2.71,2.64,18891,14264854.00,2.62,1.12,0.03,1.47
2013-10-10,2.70,2.70,2.72,2.65,21056,15926014.00,2.59,0.00,0.00,1.64
2013-10-11,2.70,2.77,2.77,2.67,29715,22810832.00,3.70,2.59,0.07,2.32
2013-10-14,2.77,2.75,2.77,2.72,21474,16565740.00,1.81,-0.72,-0.02,1.67
2013-10-15,2.74,2.72,2.75,2.68,19258,14719904.00,2.55,-1.09,-0.03,1.50
2013-10-16,2.71,2.61,2.71,2.59,20067,14998672.00,4.41,-4.04,-0.11,1.56
2013-10-17,2.64,2.66,2.67,2.62,13990,10467186.00,1.92,1.92,0.05,1.09
2013-10-18,2.64,2.69,2.70,2.64,12709,9571101.00,2.26,1.13,0.03,0.99
2013-10-21,2.68,2.69,2.71,2.66,24757,18746865.00,1.86,0.00,0.00,1.93
2013-10-22,2.69,2.69,2.71,2.67,17260,13085425.00,1.49,0.00,0.00,1.35
2013-10-23,2.71,2.66,2.77,2.65,26635,20375877.00,4.46,-1.12,-0.03,2.08
2013-10-24,2.66,2.55,2.66,2.54,19937,14642393.00,4.51,-4.14,-0.11,1.55
2013-10-25,2.55,2.49,2.57,2.48,13773,9888216.00,3.53,-2.35,-0.06,1.07
2013-10-28,2.49,2.43,2.49,2.40,14949,10449959.00,3.61,-2.41,-0.06,1.17
2013-10-29,2.43,2.37,2.46,2.30,14835,10125427.00,6.58,-2.47,-0.06,1.16
2013-10-30,2.35,2.40,2.40,2.34,8646,5916891.00,2.53,1.27,0.03,0.67
2013-10-31,2.40,2.44,2.47,2.40,14712,10308491.00,2.92,1.67,0.04,1.15
2013-11-01,2.43,2.44,2.47,2.41,8194,5743770.00,2.46,0.00,0.00,0.64
2013-11-04,2.43,2.42,2.44,2.40,6286,4366427.00,1.64,-0.82,-0.02,0.49
2013-11-05,2.42,2.44,2.44,2.36,9105,6298844.00,3.31,0.83,0.02,0.71
2013-11-06,2.43,2.43,2.55,2.39,17224,12156789.00,6.56,-0.41,-0.01,1.34
2013-11-07,2.43,2.40,2.44,2.40,8352,5805533.00,1.65,-1.23,-0.03,0.65
2013-11-08,2.40,2.34,2.40,2.33,10383,7078717.00,2.92,-2.50,-0.06,0.81
2013-11-11,2.32,2.37,2.40,2.32,6709,4589556.00,3.42,1.28,0.03,0.52
2013-11-12,2.37,2.39,2.41,2.35,6011,4130686.00,2.53,0.84,0.02,0.47
2013-11-13,2.39,2.35,2.47,2.34,9849,6767931.00,5.44,-1.67,-0.04,0.77
2013-11-14,2.35,2.37,2.40,2.35,5119,3495555.00,2.13,0.85,0.02,0.40
2013-11-15,2.36,2.41,2.45,2.36,13055,9068832.00,3.80,1.69,0.04,1.02
2013-11-18,2.41,2.47,2.49,2.40,17801,12529347.00,3.73,2.49,0.06,1.39
2013-11-19,2.47,2.47,2.50,2.45,12321,8728504.00,2.02,0.00,0.00,0.96
2013-11-20,2.48,2.49,2.50,2.44,12266,8694771.00,2.43,0.81,0.02,0.96
2013-11-21,2.49,2.52,2.58,2.43,33124,23813588.00,6.02,1.20,0.03,2.58
2013-11-22,2.50,2.49,2.60,2.48,25212,18205924.00,4.76,-1.19,-0.03,1.97
2013-11-25,2.46,2.46,2.52,2.43,15338,10874959.00,3.61,-1.20,-0.03,1.20
2013-11-26,2.46,2.46,2.52,2.45,12559,8869175.00,2.85,0.00,0.00,0.98
2013-11-27,2.46,2.47,2.49,2.45,11589,8193714.00,1.63,0.41,0.01,0.90
2013-11-28,2.47,2.50,2.55,2.47,15976,11431763.00,3.24,1.21,0.03,1.25
2013-11-29,2.52,2.52,2.56,2.48,18757,13489656.00,3.20,0.80,0.02,1.46
2013-12-02,2.49,2.39,2.49,2.37,23057,16034547.00,4.76,-5.16,-0.13,1.80
2013-12-03,2.37,2.41,2.43,2.35,11033,7607492.00,3.35,0.84,0.02,0.86
2013-12-04,2.41,2.46,2.52,2.40,20153,14234489.00,4.98,2.07,0.05,1.57
2013-12-05,2.46,2.46,2.49,2.44,8793,6211123.00,2.03,0.00,0.00,0.69
2013-12-06,2.46,2.47,2.48,2.43,11641,8199616.00,2.03,0.41,0.01,0.91
2013-12-09,2.48,2.47,2.48,2.46,7930,5606196.00,0.81,0.00,0.00,0.62
2013-12-10,2.48,2.49,2.51,2.46,12649,8999956.00,2.02,0.81,0.02,0.99
2013-12-11,2.47,2.42,2.48,2.41,13746,9638936.00,2.81,-2.81,-0.07,1.07
2013-12-12,2.40,2.46,2.50,2.40,16955,11964434.00,4.13,1.65,0.04,1.32
2013-12-13,2.46,2.46,2.48,2.44,9402,6628438.00,1.63,0.00,0.00,0.73
2013-12-16,2.46,2.42,2.48,2.41,8789,6164052.00,2.85,-1.63,-0.04,0.69
2013-12-17,2.43,2.40,2.43,2.39,7501,5196833.00,1.65,-0.83,-0.02,0.58
2013-12-18,2.40,2.42,2.44,2.39,4940,3428929.00,2.08,0.83,0.02,0.39
2013-12-19,2.42,2.39,2.43,2.38,7362,5096646.00,2.07,-1.24,-0.03,0.57
2013-12-20,2.39,2.33,2.40,2.32,8683,5908310.00,3.35,-2.51,-0.06,0.68
2013-12-23,2.32,2.27,2.34,2.25,9945,6616752.00,3.86,-2.58,-0.06,0.78
2013-12-24,2.27,2.31,2.33,2.27,9088,6062693.00,2.64,1.76,0.04,0.71
2013-12-25,2.29,2.29,2.31,2.27,7231,4802857.00,1.73,-0.87,-0.02,0.56
2013-12-26,2.28,2.22,2.28,2.22,11287,7400263.00,2.62,-3.06,-0.07,0.88
2013-12-27,2.20,2.30,2.30,2.18,14177,9350941.00,5.41,3.60,0.08,1.11
2013-12-30,2.30,2.36,2.38,2.28,11712,7870641.00,4.35,2.61,0.06,0.91
2013-12-31,2.35,2.42,2.46,2.31,32529,22567879.00,6.36,2.54,0.06,2.54