2017-01-03,7.64,7.88,8.33,7.38,857262,1081507712.00,12.31,2.07,0.16,10.54
2017-01-04,7.74,8.27,8.53,7.45,1058232,1337917152.00,13.71,4.95,0.39,13.01
2017-01-05,8.01,7.68,8.11,7.62,830677,1038248576.00,5.93,-7.13,-0.59,10.21
2017-01-06,7.53,7.09,7.81,6.96,722286,858222672.00,11.07,-7.68,-0.59,8.88
2017-01-09,7.09,7.19,7.30,6.88,499699,581573392.00,5.92,1.41,0.10,6.14
2017-01-10,7.14,7.18,7.35,6.94,495645,577637264.00,5.70,-0.14,-0.01,6.09
2017-01-11,7.07,6.71,7.09,6.68,499295,565556896.00,5.71,-6.55,-0.47,6.14
2017-01-12,6.80,6.68,6.87,6.52,393750,438423216.00,5.22,-0.45,-0.03,4.84
2017-01-13,6.78,6.02,6.83,5.97,436162,466328864.00,12.87,-9.88,-0.66,5.36
2017-01-16,5.91,5.86,6.14,5.37,442966,449614336.00,12.79,-2.66,-0.16,5.44
2017-01-17,5.81,6.23,6.39,5.67,468955,482701680.00,12.29,6.31,0.37,5.76
2017-01-18,6.10,6.39,6.83,6.06,691683,750718704.00,12.36,2.57,0.16,8.50
2017-01-19,6.11,6.56,6.92,6.11,629098,690893120.00,12.68,2.66,0.17,7.73
2017-01-20,6.48,6.53,6.76,6.40,441421,483171824.00,5.49,-0.46,-0.03,5.43
2017-01-23,6.45,6.63,6.93,6.31,554681,614026320.00,9.49,1.53,0.10,6.82
2017-01-24,6.55,6.83,7.12,6.38,729878,819778688.00,11.16,3.02,0.20,8.97
2017-01-25,6.70,6.29,6.96,6.24,520086,567628400.00,10.54,-7.91,-0.54,6.39
2017-01-26,6.46,6.26,6.51,6.19,253392,270000368.00,5.09,-0.48,-0.03,3.11
2017-02-03,6.27,6.27,6.34,6.21,164180,174291686.00,2.08,0.16,0.01,2.02
2017-02-06,6.23,6.63,6.67,5.93,517493,553331904.00,11.80,5.74,0.36,6.36
2017-02-07,6.52,7.54,7.54,6.43,583757,681081984.00,16.74,13.73,0.91,7.17
2017-02-08,7.89,7.93,8.23,7.71,1299015,1641146224.00,6.90,5.17,0.39,15.97
2017-02-09,7.55,7.81,8.56,7.55,1090011,1387949328.00,12.74,-1.51,-0.12,13.40
2017-02-10,7.61,8.85,8.85,7.28,1584126,2065586224.00,20.10,13.32,1.04,19.47
2017-02-13,8.50,8.00,8.78,7.80,1253554,1615106432.00,11.07,-9.60,-0.85,15.41
2017-02-14,7.86,8.21,8.56,7.61,1072780,1383420416.00,11.88,2.63,0.21,13.19
2017-02-15,7.92,7.68,8.04,7.59,743909,927997648.00,5.48,-6.46,-0.53,9.14
2017-02-16,7.68,7.73,8.05,7.57,470613,585992768.00,6.25,0.65,0.05,5.78
2017-02-17,7.60,7.48,7.84,7.43,465181,565796752.00,5.30,-3.23,-0.25,5.72
2017-02-20,7.44,7.64,7.84,7.40,419082,514792032.00,5.88,2.14,0.16,5.15
2017-02-21,7.61,7.67,7.85,7.55,504154,620710656.00,3.93,0.39,0.03,6.20
2017-02-22,7.53,8.10,8.27,7.45,1022566,1294741472.00,10.69,5.61,0.43,12.57
2017-02-23,7.98,7.56,7.99,7.12,782383,952462224.00,10.74,-6.67,-0.54,9.62
2017-02-24,7.39,7.18,7.39,7.13,417720,490951072.00,3.44,-5.03,-0.38,5.13
2017-02-27,7.08,7.19,7.24,7.03,259200,302378624.00,2.92,0.14,0.01,3.19
2017-02-28,7.20,7.31,7.39,7.08,333641,392908896.00,4.31,1.67,0.12,4.10
2017-03-01,7.27,7.60,7.68,7.19,590280,715147680.00,6.70,3.97,0.29,7.25
2017-03-02,7.62,7.23,7.68,7.23,394426,470571408.00,5.92,-4.87,-0.37,4.85
2017-03-03,7.14,6.80,7.14,6.77,359999,408175248.00,5.12,-5.95,-0.43,4.42
2017-03-06,6.77,6.82,6.89,6.60,207352,232422049.00,4.26,0.29,0.02,2.55
2017-03-07,6.82,6.77,6.89,6.75,181618,204217663.00,2.05,-0.73,-0.05,2.23
2017-03-08,6.73,6.90,7.01,6.70,259234,293265296.00,4.58,1.92,0.13,3.19
2017-03-09,6.78,6.68,6.86,6.61,218038,243392346.00,3.62,-3.19,-0.22,2.68
2017-03-10,6.63,6.68,6.81,6.63,163034,181900606.00,2.69,0.00,0.00,2.00
2017-03-13,6.65,6.78,6.83,6.64,180469,201508107.00,2.84,1.50,0.10,2.22
2017-03-14,6.78,6.75,6.91,6.73,218703,246034854.00,2.65,-0.44,-0.03,2.69
2017-03-15,6.73,6.84,7.01,6.60,368196,416354560.00,6.07,1.33,0.09,4.53
2017-03-16,6.83,6.86,6.88,6.73,273505,307443696.00,2.19,0.29,0.02,3.36
2017-03-17,6.85,6.94,7.12,6.78,448432,511472048.00,4.96,1.17,0.08,5.51
2017-03-20,6.88,7.05,7.10,6.78,382045,438057392.00,4.61,1.59,0.11,4.70
2017-03-21,7.07,6.82,7.07,6.81,301365,341833536.00,3.69,-3.26,-0.23,3.70
2017-03-22,6.82,6.75,6.93,6.73,230456,259603328.00,2.93,-1.03,-0.07,2.83
2017-03-23,6.73,6.70,6.80,6.60,261656,290551536.00,2.96,-0.74,-0.05,3.22
2017-03-24,6.70,7.63,7.63,6.66,954903,1132175952.00,14.48,13.88,0.93,11.74
2017-03-27,7.88,8.03,8.48,7.73,1505893,1916785712.00,9.83,5.24,0.40,18.51
2017-03-28,7.63,7.80,8.02,7.35,724688,892939648.00,8.34,-2.86,-0.23,8.91
2017-03-29,7.60,7.95,8.42,7.56,935628,1195762352.00,11.03,1.92,0.15,11.50
2017-03-30,7.73,7.45,7.93,7.43,670152,819378512.00,6.29,-6.29,-0.50,8.24
2017-03-31,7.28,6.66,7.33,6.60,617581,692939056.00,9.80,-10.60,-0.79,7.59
2017-04-05,6.89,7.01,7.33,6.89,449218,521122000.00,6.61,5.26,0.35,5.52
2017-04-06,7.18,6.95,7.26,6.85,404825,466615968.00,5.85,-0.86,-0.06,4.98
2017-04-07,6.89,6.78,6.93,6.73,276605,310414384.00,2.88,-2.45,-0.17,3.40
2017-04-10,6.78,6.92,6.98,6.73,282879,320398192.00,3.69,2.06,0.14,3.48
2017-04-11,6.88,7.19,7.41,6.74,526977,608238384.00,9.68,3.90,0.27,6.48
2017-04-12,7.08,7.07,7.40,6.89,499757,585486464.00,7.09,-1.67,-0.12,6.14
2017-04-13,6.92,6.98,7.25,6.88,252107,290220592.00,5.23,-1.27,-0.09,3.10
2017-04-14,6.98,6.73,6.98,6.69,250250,280814000.00,4.15,-3.58,-0.25,3.08
2017-04-26,5.80,5.80,5.80,5.80,63675,63929700.00,0.00,-13.82,-0.93,0.78
2017-04-27,4.97,6.24,6.58,4.97,481837,476889216.00,27.76,7.59,0.44,5.92
2017-04-28,5.92,5.99,6.28,5.83,234255,242102565.00,7.21,-4.01,-0.25,2.88
2017-05-02,5.98,5.94,6.15,5.85,186979,191747069.00,5.01,-0.83,-0.05,2.30
2017-05-03,5.93,6.07,6.32,5.85,260816,271424592.00,7.91,2.19,0.13,3.21
2017-05-04,5.98,5.89,6.06,5.88,210864,214917386.00,2.97,-2.97,-0.18,2.59
2017-05-05,5.89,5.38,5.95,5.35,244645,241260480.00,10.19,-8.66,-0.51,3.01
2017-05-08,5.38,4.98,5.51,4.77,222978,206397433.00,13.75,-7.43,-0.40,2.74
2017-05-09,4.96,5.03,5.05,4.79,139851,125904439.00,5.22,1.00,0.05,1.72
2017-05-10,5.03,4.74,5.08,4.72,153634,138196957.00,7.16,-5.77,-0.29,1.89
2017-05-11,4.54,4.60,4.73,4.13,232160,195666818.00,12.66,-2.95,-0.14,2.85
2017-05-12,4.58,4.59,4.70,4.52,170928,147302641.00,3.91,-0.22,-0.01,2.10
2017-05-15,4.77,4.83,5.09,4.69,230689,206544740.00,8.71,5.23,0.24,2.84
2017-05-16,4.83,4.92,4.92,4.62,194669,171466069.00,6.21,1.86,0.09,2.39
2017-05-17,4.85,5.04,5.17,4.80,237559,216709300.00,7.52,2.44,0.12,2.92
2017-05-18,4.93,4.85,5.02,4.85,159089,142958663.00,3.37,-3.77,-0.19,1.96
2017-05-19,4.85,4.72,4.87,4.70,120207,105786431.00,3.51,-2.68,-0.13,1.48
2017-05-22,4.73,4.42,4.73,4.39,135368,115479493.00,7.20,-6.36,-0.30,1.66
2017-05-23,4.37,4.08,4.46,3.98,156416,126543721.00,10.86,-7.69,-0.34,1.92
2017-05-24,4.06,4.02,4.09,3.77,120780,94427364.00,7.84,-1.47,-0.06,1.48
2017-05-25,3.98,4.03,4.07,3.83,124286,97619502.00,5.97,0.25,0.01,1.53
2017-05-26,4.05,3.95,4.05,3.95,94461,74459489.00,2.48,-1.99,-0.08,1.16
2017-05-31,4.01,3.87,4.06,3.86,103844,81439750.00,5.06,-2.03,-0.08,1.28
2017-06-01,3.87,3.44,3.87,3.44,164675,122073074.00,11.11,-11.11,-0.43,2.02
2017-06-02,3.44,3.52,3.54,3.23,146102,104666787.00,9.01,2.33,0.08,1.80
2017-06-05,3.52,4.13,4.13,3.48,164567,127714753.00,18.47,17.33,0.61,2.02
2017-06-06,4.39,4.17,4.39,4.13,389930,319149184.00,6.30,0.97,0.04,4.79
2017-06-07,4.11,4.75,4.84,4.03,410891,343983840.00,19.42,13.91,0.58,5.05
2017-06-08,4.60,5.06,5.48,4.57,587274,539574096.00,19.16,6.53,0.31,7.22
2017-06-09,5.00,4.83,5.03,4.70,331562,294510352.00,6.52,-4.55,-0.23,4.08
2017-06-12,4.83,4.49,4.84,4.47,222320,190941311.00,7.66,-7.04,-0.34,2.73
2017-06-13,4.51,4.80,4.94,4.50,292607,256150532.00,9.80,6.90,0.31,3.60
2017-06-14,4.73,4.98,5.21,4.65,426077,385260592.00,11.67,3.75,0.18,5.24
2017-06-15,4.84,5.20,5.38,4.82,403448,367590752.00,11.24,4.42,0.22,4.96
2017-06-16,5.13,5.03,5.21,4.98,293036,267380601.00,4.42,-3.27,-0.17,3.60
2017-06-19,4.98,5.03,5.16,4.93,236102,214806425.00,4.57,0.00,0.00,2.90
2017-06-20,5.04,4.88,5.08,4.88,221003,199334949.00,3.98,-2.98,-0.15,2.72
2017-06-21,4.88,4.83,4.98,4.75,170830,151439431.00,4.71,-1.02,-0.05,2.10
2017-06-22,4.83,4.68,4.93,4.63,163497,143932321.00,6.21,-3.11,-0.15,2.01
2017-06-23,4.68,4.82,4.82,4.56,165985,144885566.00,5.56,2.99,0.14,2.04
2017-06-26,4.81,4.95,5.08,4.72,228690,204587510.00,7.47,2.70,0.13,2.81
2017-06-27,4.92,4.89,5.01,4.81,151212,135055855.00,4.04,-1.21,-0.06,1.86
2017-06-28,4.87,5.03,5.06,4.77,298167,268568832.00,5.93,2.86,0.14,3.66
2017-06-29,5.00,5.16,5.31,4.97,414042,382820384.00,6.76,2.58,0.13,5.09
2017-06-30,5.07,4.99,5.12,4.93,224000,203364245.00,3.68,-3.29,-0.17,2.75
2017-07-03,4.98,5.13,5.28,4.92,302307,278378496.00,7.21,2.81,0.14,3.72
2017-07-04,5.13,5.08,5.14,5.01,196850,179220472.00,2.53,-0.97,-0.05,2.42
2017-07-05,5.04,5.09,5.15,5.01,178068,163014957.00,2.76,0.20,0.01,2.19
2017-07-06,5.09,5.03,5.10,4.98,167913,152627778.00,2.36,-1.18,-0.06,2.06
2017-07-07,5.02,5.62,5.76,4.97,656662,632103824.00,15.71,11.73,0.59,8.07
2017-07-10,5.55,5.85,6.00,5.54,669586,669464624.00,8.19,4.09,0.23,8.23
2017-07-11,5.81,5.65,6.26,5.63,675201,693725104.00,10.77,-3.42,-0.20,8.30
2017-07-12,5.78,5.74,5.83,5.30,435538,423101696.00,9.38,1.59,0.09,5.35
2017-07-13,5.64,5.97,6.21,5.64,551410,564425760.00,9.93,4.01,0.23,6.78
2017-07-14,6.42,6.24,6.75,6.21,798616,860184352.00,9.05,4.52,0.27,9.82
2017-07-17,6.23,5.88,6.35,5.37,534749,543811792.00,15.71,-5.77,-0.36,6.57
2017-07-18,5.88,6.72,6.72,5.88,852361,917794656.00,14.29,14.29,0.84,10.48
2017-07-19,6.58,6.92,7.28,6.47,1077984,1219332736.00,12.05,2.98,0.20,13.25
2017-07-20,6.83,7.21,7.38,6.78,923557,1066210576.00,8.67,4.19,0.29,11.35
2017-07-21,7.30,7.02,7.40,6.88,630702,727210752.00,7.21,-2.64,-0.19,7.75
2017-07-24,6.94,6.90,7.10,6.65,440043,496934032.00,6.41,-1.71,-0.12,5.41
2017-07-25,6.83,6.80,6.88,6.53,432463,479269840.00,5.07,-1.45,-0.10,5.32
2017-07-26,6.83,6.83,6.92,6.67,377630,423469424.00,3.68,0.44,0.03,4.64
2017-07-27,6.84,6.45,6.98,6.34,534935,590366256.00,9.37,-5.56,-0.38,6.57
2017-07-28,6.29,6.68,6.86,6.22,439392,477638496.00,9.92,3.57,0.23,5.40
2017-07-31,6.58,6.78,6.86,6.48,433077,482428272.00,5.69,1.50,0.10,5.32
2017-08-01,6.76,6.72,6.94,6.54,443749,496308352.00,5.90,-0.88,-0.06,5.45
2017-08-02,6.73,6.40,6.73,6.39,361386,392731568.00,5.06,-4.76,-0.32,4.44
2017-08-03,6.22,6.25,6.62,6.13,306215,326875840.00,7.66,-2.34,-0.15,3.76
2017-08-04,6.23,6.21,6.46,6.17,290850,309410656.00,4.64,-0.64,-0.04,3.57
2017-08-07,6.12,6.21,6.21,5.90,235271,243141464.00,4.99,0.00,0.00,2.89
2017-08-08,6.21,6.18,6.42,6.13,217950,230509026.00,4.67,-0.48,-0.03,2.68
2017-08-09,6.33,6.30,6.39,6.12,240319,254286410.00,4.37,1.94,0.12,2.95
2017-08-10,6.21,6.94,7.02,6.18,820426,908468928.00,13.33,10.16,0.64,10.08
2017-08-11,6.79,6.14,6.82,6.04,548824,595896992.00,11.24,-11.53,-0.80,6.75
2017-08-14,6.03,6.09,6.19,5.82,319093,327505776.00,6.03,-0.81,-0.05,3.92
2017-08-15,6.00,5.98,6.08,5.90,204278,208803135.00,2.96,-1.81,-0.11,2.51
2017-08-16,5.92,5.94,6.05,5.88,170143,173293687.00,2.84,-0.67,-0.04,2.09
2017-08-17,5.98,6.02,6.08,5.92,178334,182707747.00,2.69,1.35,0.08,2.19
2017-08-18,5.95,5.95,6.04,5.86,147238,150286261.00,2.99,-1.16,-0.07,1.81
2017-08-21,5.91,6.02,6.07,5.91,131905,135222066.00,2.69,1.18,0.07,1.62
2017-08-22,6.04,6.18,6.46,6.01,325045,343691504.00,7.48,2.66,0.16,4.00
2017-08-23,6.14,5.97,6.26,5.96,186756,192419045.00,4.85,-3.40,-0.21,2.30
2017-08-24,6.00,5.87,6.03,5.84,139384,141445477.00,3.18,-1.68,-0.10,1.71
2017-08-25,5.90,5.98,6.04,5.88,143895,146862736.00,2.73,1.87,0.11,1.77
2017-08-28,6.08,6.08,6.08,5.95,169221,174022190.00,2.17,1.67,0.10,2.08
2017-08-29,6.09,6.33,6.54,6.05,356696,377171280.00,8.06,4.11,0.25,4.38
2017-08-30,6.31,6.39,6.46,6.13,344623,365149680.00,5.21,0.95,0.06,4.24
2017-08-31,6.37,6.32,6.44,6.25,195290,207644476.00,2.97,-1.10,-0.07,2.40
2017-09-01,6.36,6.48,6.65,6.29,354457,383429360.00,5.70,2.53,0.16,4.36
2017-09-04,6.45,6.35,6.47,6.28,227463,242801508.00,2.93,-2.01,-0.13,2.80
2017-09-05,6.33,6.20,6.33,6.16,192070,201799476.00,2.68,-2.36,-0.15,2.36
2017-09-06,6.21,6.13,6.24,6.07,134964,140480044.00,2.74,-1.13,-0.07,1.66
2017-09-07,6.17,6.06,6.27,6.04,167369,174798171.00,3.75,-1.14,-0.07,2.06
2017-09-08,6.08,6.12,6.22,6.00,136969,141935683.00,3.63,0.99,0.06,1.68
2017-09-11,6.09,6.08,6.12,6.00,123965,127809110.00,1.96,-0.65,-0.04,1.52
2017-09-12,6.12,6.36,6.42,6.12,377776,401564464.00,4.93,4.61,0.28,4.64
2017-09-13,6.33,6.42,6.52,6.28,296201,318143184.00,3.77,0.94,0.06,3.64
2017-09-14,6.45,6.68,6.94,6.44,564205,626927536.00,7.79,4.05,0.26,6.93
2017-09-15,6.58,6.28,6.59,6.21,319342,340560096.00,5.69,-5.99,-0.40,3.92
2017-09-18,6.21,6.32,6.38,6.21,171101,181191151.00,2.71,0.64,0.04,2.10
2017-09-19,6.29,6.16,6.31,6.15,148306,155748188.00,2.53,-2.53,-0.16,1.82
2017-09-20,6.13,6.16,6.16,5.98,170431,176060226.00,2.92,0.00,0.00,2.09
2017-09-21,6.13,6.14,6.41,6.08,211068,223513870.00,5.36,-0.32,-0.02,2.59
2017-09-22,6.08,5.83,6.08,5.79,233060,235937384.00,4.72,-5.05,-0.31,2.86
2017-09-25,5.79,5.83,5.98,5.73,145199,146984076.00,4.29,0.00,0.00,1.78
2017-09-26,5.83,5.83,5.91,5.66,158867,158796147.00,4.29,0.00,0.00,1.95
2017-09-27,5.83,5.82,5.88,5.75,119694,120128527.00,2.23,-0.17,-0.01,1.47
2017-09-28,5.83,5.76,5.91,5.76,106877,107376718.00,2.58,-1.03,-0.06,1.31
2017-09-29,5.76,5.70,5.83,5.62,133911,132553391.00,3.65,-1.04,-0.06,1.65
2017-10-09,5.73,5.76,5.82,5.71,94133,93633073.00,1.93,1.05,0.06,1.16
2017-10-10,5.83,5.95,5.99,5.80,194084,196276099.00,3.30,3.30,0.19,2.39
2017-10-11,5.94,5.86,5.94,5.81,115744,116701292.00,2.18,-1.51,-0.09,1.42
2017-10-12,5.87,5.79,5.88,5.69,112412,112226503.00,3.24,-1.19,-0.07,1.38
2017-10-13,5.78,5.88,5.92,5.75,114271,114939102.00,2.94,1.55,0.09,1.40
2017-10-16,5.92,5.72,5.92,5.72,159910,160368523.00,3.40,-2.72,-0.16,1.97
2017-10-17,5.70,5.78,5.88,5.64,104529,104316272.00,4.20,1.05,0.06,1.28
2017-10-18,5.73,5.58,5.78,5.56,118394,116487625.00,3.81,-3.46,-0.20,1.46
2017-10-19,5.55,5.45,5.71,5.45,105156,102266099.00,4.66,-2.33,-0.13,1.29
2017-10-20,5.46,5.66,5.71,5.38,122434,119001993.00,6.06,3.85,0.21,1.50
2017-10-23,5.63,5.64,5.67,5.58,63130,61844596.00,1.59,-0.35,-0.02,0.78
2017-10-24,5.67,5.72,5.84,5.64,132729,131938900.00,3.55,1.42,0.08,1.63
2017-10-25,5.68,5.78,5.81,5.66,98744,98150441.00,2.62,1.05,0.06,1.21
2017-10-26,6.18,6.05,6.35,5.99,411684,427751440.00,6.23,4.67,0.27,5.06
2017-10-27,6.08,6.07,6.33,6.01,288194,300567328.00,5.29,0.33,0.02,3.54
2017-10-30,5.95,5.88,5.97,5.71,228701,230825667.00,4.28,-3.13,-0.19,2.81
2017-10-31,5.89,6.17,6.17,5.81,244023,250665108.00,6.12,4.93,0.29,3.00
2017-11-01,6.18,6.20,6.27,6.08,282938,296011328.00,3.08,0.49,0.03,3.48
2017-11-02,6.18,6.03,6.19,5.95,177402,182820289.00,3.87,-2.74,-0.17,2.18
2017-11-03,6.03,5.91,6.05,5.80,141107,142881654.00,4.15,-1.99,-0.12,1.73
2017-11-06,5.84,5.88,5.88,5.67,134443,134102144.00,3.55,-0.51,-0.03,1.65
2017-11-07,5.88,5.93,5.93,5.77,128214,129337128.00,2.72,0.85,0.05,1.58
2017-11-08,5.86,5.80,5.91,5.79,129978,130862183.00,2.02,-2.19,-0.13,1.60
2017-11-09,5.76,5.81,5.86,5.73,88568,88561845.00,2.24,0.17,0.01,1.09
2017-11-10,5.79,5.68,5.79,5.68,122785,121521978.00,1.89,-2.24,-0.13,1.51
2017-11-13,5.65,5.73,5.77,5.50,128672,125947446.00,4.75,0.88,0.05,1.58
2017-11-14,5.70,5.84,5.90,5.64,183227,184114650.00,4.54,1.92,0.11,2.25
2017-11-15,5.88,5.84,5.92,5.77,166749,167829701.00,2.57,0.00,0.00,2.05
2017-11-16,5.85,5.68,5.92,5.68,153649,153253216.00,4.11,-2.74,-0.16,1.89
2017-11-17,5.63,5.12,5.69,4.98,238745,226563638.00,12.50,-9.86,-0.56,2.93
2017-11-20,5.08,5.02,5.08,4.61,132547,117410748.00,9.18,-1.95,-0.10,1.63
2017-11-21,4.93,4.88,5.03,4.83,101085,90291104.00,3.98,-2.79,-0.14,1.24
2017-11-22,4.91,4.82,4.92,4.79,82595,73242206.00,2.66,-1.23,-0.06,1.02
2017-11-23,4.82,4.73,5.00,4.73,124274,110606893.00,5.60,-1.87,-0.09,1.53
2017-11-24,4.69,4.74,4.81,4.65,64481,56332731.00,3.38,0.21,0.01,0.79
2017-11-27,4.81,4.82,4.97,4.81,126524,112830434.00,3.38,1.69,0.08,1.56
2017-11-28,4.84,5.05,5.09,4.75,175714,158431282.00,7.05,4.77,0.23,2.16
2017-11-29,5.58,5.81,5.81,5.58,181943,181962952.00,4.55,15.05,0.76,2.24
2017-11-30,6.54,6.47,6.63,6.08,1078965,1154512368.00,9.47,11.36,0.66,13.26
2017-12-01,6.43,6.64,6.72,6.32,740358,804699488.00,6.18,2.63,0.17,9.10
2017-12-04,6.98,6.53,7.36,6.48,835258,947728304.00,13.25,-1.66,-0.11,10.27
2017-12-05,6.50,6.69,6.88,6.30,730562,806705600.00,8.88,2.45,0.16,8.98
2017-12-06,6.50,6.88,6.89,6.14,707221,762674896.00,11.21,2.84,0.19,8.69
2017-12-07,6.62,6.38,6.92,6.33,562121,617155616.00,8.58,-7.27,-0.50,6.91
2017-12-08,6.46,6.58,6.86,6.32,579850,634663088.00,8.46,3.13,0.20,7.13
2017-12-11,6.51,6.73,6.79,6.38,489091,535607888.00,6.23,2.28,0.15,6.01
2017-12-12,6.63,6.70,6.87,6.56,523973,582646512.00,4.61,-0.45,-0.03,6.44
2017-12-13,6.56,6.43,6.59,6.25,410158,439000800.00,5.07,-4.03,-0.27,5.04
2017-12-14,6.41,6.64,6.64,6.33,457937,497962448.00,4.82,3.27,0.21,5.63
2017-12-15,6.54,6.03,6.58,5.99,503731,531977648.00,8.89,-9.19,-0.61,6.19
2017-12-18,6.00,5.75,6.13,5.56,347916,348074080.00,9.45,-4.64,-0.28,4.28
2017-12-19,5.79,5.79,5.83,5.65,185125,184670609.00,3.13,0.70,0.04,2.28
2017-12-20,5.79,5.47,5.83,5.33,262690,254615970.00,8.64,-5.53,-0.32,3.23
2017-12-21,5.52,5.51,5.63,5.33,226143,218713677.00,5.48,0.73,0.04,2.78
2017-12-22,5.52,5.55,5.64,5.48,161840,157710966.00,2.90,0.73,0.04,1.99
2017-12-25,5.48,5.79,5.87,5.48,329501,326600128.00,7.03,4.32,0.24,4.05
2017-12-26,5.72,5.70,5.78,5.56,192056,189097929.00,3.80,-1.55,-0.09,2.36
2017-12-27,5.71,5.68,5.88,5.58,239823,237749399.00,5.26,-0.35,-0.02,2.95
2017-12-28,5.58,5.54,5.64,5.41,237709,229542978.00,4.05,-2.46,-0.14,2.92
2017-12-29,5.52,5.56,5.64,5.48,175768,170661435.00,2.89,0.36,0.02,2.16