2022-01-04,19.04,18.74,19.38,18.35,24596,46341051.00,5.40,-1.78,-0.34,0.29
2022-01-05,18.66,17.50,18.73,17.10,88044,156428790.00,8.70,-6.62,-1.24,1.02
2022-01-06,17.46,17.18,17.46,16.76,52384,90297404.00,4.00,-1.83,-0.32,0.61
2022-01-07,16.98,17.11,17.43,16.73,47183,81896678.00,4.07,-0.41,-0.07,0.55
2022-01-10,17.26,17.51,17.76,16.70,52737,92742304.00,6.20,2.34,0.40,0.61
2022-01-11,17.41,17.23,17.70,16.89,32400,56489583.00,4.63,-1.60,-0.28,0.38
2022-01-12,17.20,18.31,18.76,17.06,55298,100561650.00,9.87,6.27,1.08,0.64
2022-01-13,18.91,19.11,19.77,18.33,108524,208678013.00,7.86,4.37,0.80,1.26
2022-01-14,19.11,21.04,21.04,18.93,117447,245132830.00,11.04,10.10,1.93,1.37
2022-01-17,20.90,21.80,23.02,20.81,173232,382486000.00,10.50,3.61,0.76,2.01
2022-01-18,21.33,21.75,22.33,20.80,105425,229312293.00,7.02,-0.23,-0.05,1.23
2022-01-19,21.37,20.70,21.66,20.40,45721,96741192.00,5.79,-4.83,-1.05,0.53
2022-01-20,20.80,20.01,20.80,19.82,50593,103161744.00,4.73,-3.33,-0.69,0.59
2022-01-21,19.99,19.42,20.00,19.24,50310,98963801.00,3.80,-2.95,-0.59,0.59
2022-01-24,19.34,19.41,20.26,19.08,43498,86336411.00,6.08,-0.05,-0.01,0.51
2022-01-25,19.41,18.32,19.69,18.31,52460,98893965.00,7.11,-5.62,-1.09,0.61
2022-01-26,18.64,19.37,19.88,18.27,85618,165389077.00,8.79,5.73,1.05,1.00
2022-01-27,19.26,18.73,19.84,18.60,45719,87724138.00,6.40,-3.30,-0.64,0.53
2022-01-28,18.82,18.30,19.13,17.83,52365,97211865.00,6.94,-2.30,-0.43,0.61
2022-02-07,18.80,17.70,19.02,17.35,63975,115890941.00,9.13,-3.28,-0.60,0.74
2022-02-08,17.70,17.05,17.73,16.47,50997,87276656.00,7.12,-3.67,-0.65,0.59
2022-02-09,16.97,18.37,18.78,16.70,102765,185235223.00,12.20,7.74,1.32,1.20
2022-02-10,18.36,18.35,18.55,17.67,64263,117272858.00,4.79,-0.11,-0.02,0.75
2022-02-11,18.35,16.51,18.35,16.50,93190,160554216.00,10.08,-10.03,-1.84,1.08
2022-02-14,16.45,16.38,16.98,15.98,51531,86334549.00,6.06,-0.79,-0.13,0.60
2022-02-15,16.38,17.08,17.37,16.21,74931,129275062.00,7.08,4.27,0.70,0.87
2022-02-16,17.33,16.55,17.33,16.50,40630,68856776.00,4.86,-3.10,-0.53,0.47
2022-02-17,16.55,16.66,16.89,16.03,52976,88570238.00,5.20,0.66,0.11,0.62
2022-02-18,16.50,16.73,16.88,16.07,45088,75418452.00,4.86,0.42,0.07,0.52
2022-02-21,16.66,16.68,16.90,16.50,39339,66295861.00,2.39,-0.30,-0.05,0.46
2022-02-22,16.63,16.14,16.65,15.88,56188,91480545.00,4.62,-3.24,-0.54,0.65
2022-02-23,16.18,16.65,16.89,16.16,52512,88386161.00,4.52,3.16,0.51,0.61
2022-02-24,16.55,16.23,16.97,15.96,49890,83025131.00,6.07,-2.52,-0.42,0.58
2022-02-25,16.19,16.32,16.61,16.17,32733,54245328.00,2.71,0.55,0.09,0.38
2022-02-28,16.16,16.39,16.47,15.87,27502,45071994.00,3.68,0.43,0.07,0.32
2022-03-01,16.45,16.67,16.81,16.20,32226,54058519.00,3.72,1.71,0.28,0.37
2022-03-02,16.51,16.16,16.64,16.04,33127,54240917.00,3.60,-3.06,-0.51,0.39
2022-03-03,16.12,15.32,16.29,15.16,77502,121513915.00,6.99,-5.20,-0.84,0.90
2022-03-04,15.10,14.52,15.16,14.20,134865,199478851.00,6.27,-5.22,-0.80,1.57
2022-03-07,14.35,13.74,14.50,13.51,75871,106461311.00,6.82,-5.37,-0.78,0.88
2022-03-08,13.87,13.21,13.88,13.09,62550,85105768.00,5.75,-3.86,-0.53,0.73
2022-03-09,13.30,13.10,13.47,12.61,59983,79711711.00,6.51,-0.83,-0.11,0.70
2022-03-10,13.48,13.54,13.71,13.32,56604,77708466.00,2.98,3.36,0.44,0.66
2022-03-11,13.30,13.37,13.55,13.08,65019,87536551.00,3.47,-1.26,-0.17,0.76
2022-03-14,13.30,12.97,13.37,12.93,38341,50960559.00,3.29,-2.99,-0.40,0.45
2022-03-15,12.83,12.35,13.10,12.35,58988,76292172.00,5.78,-4.78,-0.62,0.69
2022-03-16,12.55,12.76,12.98,12.01,66586,84988950.00,7.85,3.32,0.41,0.77
2022-03-17,12.96,13.44,13.83,12.96,92905,126553346.00,6.82,5.33,0.68,1.08
2022-03-18,13.24,13.11,13.48,12.70,118011,155910553.00,5.80,-2.46,-0.33,1.37
2022-03-21,13.25,12.80,13.26,12.67,68626,89727563.00,4.50,-2.36,-0.31,0.80
2022-03-22,12.71,12.78,12.88,12.50,36507,47145698.00,2.97,-0.16,-0.02,0.42
2022-03-23,12.91,12.71,12.93,12.58,31984,41351349.00,2.74,-0.55,-0.07,0.37
2022-03-24,12.70,12.25,12.70,12.17,48786,60990475.00,4.17,-3.62,-0.46,0.57
2022-03-25,12.34,12.06,12.55,11.98,53045,65908790.00,4.65,-1.55,-0.19,0.62
2022-03-28,11.99,11.71,11.99,11.60,60205,71882366.00,3.23,-2.90,-0.35,0.70
2022-03-29,11.77,11.52,11.78,11.27,69925,81566667.00,4.36,-1.62,-0.19,0.81
2022-03-30,11.56,11.82,11.95,11.56,70393,84225038.00,3.39,2.60,0.30,0.82
2022-03-31,11.81,11.57,11.83,11.34,61266,72040853.00,4.15,-2.12,-0.25,0.71
2022-04-01,11.55,11.50,11.70,11.37,45919,53964767.00,2.85,-0.61,-0.07,0.53
2022-04-06,11.52,11.39,11.58,11.19,50188,57614123.00,3.39,-0.96,-0.11,0.58
2022-04-07,11.48,10.91,11.48,10.79,67436,75821725.00,6.06,-4.21,-0.48,0.78
2022-04-08,10.80,10.73,10.99,10.41,70300,76544316.00,5.32,-1.65,-0.18,0.82
2022-04-11,10.67,10.15,10.67,10.05,64891,68216917.00,5.78,-5.41,-0.58,0.75
2022-04-12,10.09,10.23,10.33,9.95,62389,64558654.00,3.74,0.79,0.08,0.73
2022-04-13,10.17,9.77,10.17,9.73,65213,65435875.00,4.30,-4.50,-0.46,0.76
2022-04-14,9.81,10.31,10.42,9.77,75283,78519006.00,6.65,5.53,0.54,0.88
2022-04-15,10.27,11.05,11.15,9.90,107126,116262888.00,12.12,7.18,0.74,1.25
2022-04-18,11.08,11.08,11.59,10.79,108226,122291258.00,7.24,0.27,0.03,1.26
2022-04-19,11.08,10.61,11.49,10.51,119021,131031180.00,8.84,-4.24,-0.47,1.38
2022-04-20,10.54,10.70,11.13,10.54,88361,97876689.00,5.56,0.85,0.09,1.03
2022-04-21,10.60,10.37,10.91,10.35,78595,84997848.00,5.23,-3.08,-0.33,0.91
2022-04-22,10.33,10.17,10.46,10.11,42689,44536008.00,3.38,-1.93,-0.20,0.50
2022-04-25,10.08,9.32,10.10,9.31,75589,74381969.00,7.77,-8.36,-0.85,0.88
2022-04-26,9.45,8.99,9.62,8.96,50531,48135385.00,7.08,-3.54,-0.33,0.59
2022-04-27,8.92,9.77,9.88,8.75,52645,50241235.00,12.57,8.68,0.78,0.61
2022-04-28,9.51,9.50,9.85,9.42,59994,58676386.00,4.40,-2.76,-0.27,0.70
2022-04-29,9.57,10.47,10.47,9.57,70914,73451080.00,9.47,10.21,0.97,0.82
2022-05-05,10.67,11.00,11.34,10.60,90817,101808014.00,7.07,5.06,0.53,1.06
2022-05-06,10.81,10.58,10.81,10.36,52166,56153199.00,4.09,-3.82,-0.42,0.61
2022-05-09,10.53,10.85,11.45,10.43,97888,109123919.00,9.64,2.55,0.27,1.14
2022-05-10,10.57,11.46,11.92,10.51,142360,165411403.00,13.00,5.62,0.61,1.66
2022-05-11,11.48,12.63,12.63,11.47,104443,130799496.00,10.12,10.21,1.17,1.21
2022-05-12,12.80,12.34,12.80,11.80,178149,221935770.00,7.92,-2.30,-0.29,2.07
2022-05-13,12.39,12.68,12.79,12.18,113012,143684732.00,4.94,2.76,0.34,1.31
2022-05-16,12.55,12.22,12.67,12.20,72780,91208303.00,3.71,-3.63,-0.46,0.85
2022-05-17,12.30,12.75,12.83,12.01,90184,115066519.00,6.71,4.34,0.53,1.05
2022-05-18,12.87,12.69,13.18,12.56,66214,86010016.00,4.86,-0.47,-0.06,0.77
2022-05-19,12.48,12.55,12.64,12.26,56858,71732488.00,2.99,-1.10,-0.14,0.66
2022-05-20,12.53,12.88,12.96,12.42,68878,89288562.00,4.30,2.63,0.33,0.80
2022-05-23,13.21,13.18,13.43,12.82,67916,90678098.00,4.74,2.33,0.30,0.79
2022-05-24,13.70,13.00,14.16,12.99,165567,230233118.00,8.88,-1.37,-0.18,1.93
2022-05-25,13.00,13.12,13.32,12.57,68172,89606264.00,5.77,0.92,0.12,0.79
2022-05-26,13.12,13.10,13.55,12.82,58894,78569163.00,5.56,-0.15,-0.02,0.68
2022-05-27,13.10,12.95,13.35,12.82,42198,56076103.00,4.05,-1.15,-0.15,0.49
2022-05-30,13.05,13.10,13.20,12.85,30302,40115317.00,2.70,1.16,0.15,0.35
2022-05-31,13.10,13.56,13.70,12.97,65280,89005425.00,5.57,3.51,0.46,0.76
2022-06-01,13.79,13.98,14.86,13.60,119000,172051886.00,9.29,3.10,0.42,1.38
2022-06-02,13.89,14.91,15.25,13.83,167880,249693491.00,10.16,6.65,0.93,1.95
2022-06-06,14.81,14.83,15.20,14.51,125552,188476532.00,4.63,-0.54,-0.08,1.46
2022-06-07,14.95,14.99,15.08,14.68,64347,97110129.00,2.70,1.08,0.16,0.75
2022-06-08,15.00,14.79,15.60,14.70,105321,161234040.00,6.00,-1.33,-0.20,1.22
2022-06-09,14.80,14.14,14.86,13.86,88593,127234236.00,6.76,-4.39,-0.65,1.03
2022-06-10,14.05,15.57,15.57,13.73,149056,229662532.00,13.01,10.11,1.43,1.73
2022-06-13,15.49,15.79,16.67,15.49,157291,254397123.00,7.58,1.41,0.22,1.83
2022-06-14,15.70,16.48,16.93,14.71,136348,213150527.00,14.06,4.37,0.69,1.58
2022-06-15,16.47,16.24,16.88,16.01,102855,170101941.00,5.28,-1.46,-0.24,1.19
2022-06-16,16.28,16.59,16.91,15.92,85869,141134814.00,6.10,2.16,0.35,1.00
2022-06-17,16.34,16.85,16.86,16.01,75318,124429040.00,5.12,1.57,0.26,0.87
2022-06-20,16.80,16.47,16.90,16.22,55595,91891810.00,4.04,-2.26,-0.38,0.64
2022-06-21,16.47,16.01,16.49,15.80,64534,103435345.00,4.19,-2.79,-0.46,0.75
2022-06-22,16.01,15.93,16.50,15.81,59696,96699465.00,4.31,-0.50,-0.08,0.69
2022-06-23,16.10,17.52,17.52,16.01,112777,191844577.00,9.48,9.98,1.59,1.31
2022-06-24,17.79,18.70,19.27,17.55,193521,358077328.00,9.82,6.74,1.18,2.24
2022-06-27,18.82,19.80,20.05,17.88,124628,236813619.00,11.60,5.88,1.10,1.44
2022-06-28,19.42,18.52,19.42,18.42,128505,240205930.00,5.05,-6.46,-1.28,1.49
2022-06-29,18.59,16.67,18.65,16.67,165750,282421488.00,10.69,-9.99,-1.85,1.92
2022-06-30,16.15,16.38,16.94,15.56,152542,248075775.00,8.28,-1.74,-0.29,1.77
2022-07-01,16.37,16.83,17.35,16.16,110846,187553618.00,7.26,2.75,0.45,1.28
2022-07-04,17.09,16.81,17.48,16.10,111998,187627414.00,8.20,-0.12,-0.02,1.30
2022-07-05,16.79,16.25,17.10,15.90,94054,152208593.00,7.14,-3.33,-0.56,1.09
2022-07-06,16.23,16.80,17.62,15.92,156129,264696197.00,10.46,3.38,0.55,1.81
2022-07-07,16.93,17.75,18.10,16.31,166695,291257008.00,10.65,5.65,0.95,1.93
2022-07-08,17.52,16.45,17.80,16.16,147373,247569241.00,9.24,-7.32,-1.30,1.71
2022-07-11,16.02,16.14,16.36,15.71,79934,127810244.00,3.95,-1.88,-0.31,0.91
2022-07-12,16.08,16.48,17.00,16.01,92870,153765834.00,6.13,2.11,0.34,1.06
2022-07-13,16.39,16.80,17.13,16.11,89375,150321856.00,6.19,1.94,0.32,1.02
2022-07-14,16.88,17.32,17.95,16.55,114765,199692038.00,8.33,3.10,0.52,1.30
2022-07-15,17.00,18.02,18.53,16.98,176312,317562305.00,8.95,4.04,0.70,2.00
2022-07-18,18.45,19.39,19.60,17.76,199100,376024377.00,10.21,7.60,1.37,2.26
2022-07-19,19.13,18.32,20.30,17.80,205990,391955666.00,12.89,-5.52,-1.07,2.34
2022-07-20,18.28,17.96,18.41,17.40,90637,162851911.00,5.51,-1.97,-0.36,1.03
2022-07-21,17.81,18.45,19.12,17.68,116922,217155108.00,8.02,2.73,0.49,1.33
2022-07-22,18.44,18.16,18.92,17.90,72329,132409830.00,5.53,-1.57,-0.29,0.82
2022-07-25,18.19,17.68,18.68,17.49,73510,131173329.00,6.55,-2.64,-0.48,0.84
2022-07-26,17.50,17.69,18.00,16.99,93117,163540431.00,5.71,0.06,0.01,1.06
2022-07-27,17.74,19.46,19.46,17.70,165955,311300667.00,9.95,10.01,1.77,1.89
2022-07-28,19.80,19.70,19.80,18.80,163665,317198609.00,5.14,1.23,0.24,1.86
2022-07-29,19.70,19.60,20.48,19.21,184763,365874036.00,6.45,-0.51,-0.10,2.10
2022-08-01,19.47,19.97,20.60,19.16,192620,383971222.00,7.35,1.89,0.37,2.19
2022-08-02,19.49,20.28,20.58,18.70,172527,340212244.00,9.41,1.55,0.31,1.96
2022-08-03,20.23,19.24,20.76,18.80,143311,283448085.00,9.66,-5.13,-1.04,1.63
2022-08-04,18.59,18.14,18.68,17.33,206726,371708319.00,7.02,-5.72,-1.10,2.35
2022-08-05,17.95,18.23,18.66,17.93,116387,212798167.00,4.02,0.50,0.09,1.32
2022-08-08,18.50,18.63,18.78,17.68,78408,144254173.00,6.03,2.19,0.40,0.89
2022-08-09,18.74,18.67,19.32,18.52,94482,179305191.00,4.29,0.21,0.04,1.07
2022-08-10,18.66,18.82,19.38,18.51,85010,160523008.00,4.66,0.80,0.15,0.97
2022-08-11,19.10,18.87,19.15,18.39,64859,121316917.00,4.04,0.27,0.05,0.74
2022-08-12,18.78,18.55,19.27,18.46,44548,83343994.00,4.29,-1.70,-0.32,0.51
2022-08-15,18.39,17.20,18.65,17.11,219452,386829110.00,8.30,-7.28,-1.35,2.49
2022-08-16,17.21,18.14,18.76,17.21,208039,377937501.00,9.01,5.47,0.94,2.36
2022-08-17,18.01,18.14,18.80,17.72,156129,285534474.00,5.95,0.00,0.00,1.77
2022-08-18,19.85,19.95,19.95,18.92,145833,288200385.00,5.68,9.98,1.81,1.66
2022-08-19,20.34,20.92,21.21,19.95,389010,805338800.00,6.32,4.86,0.97,4.42
2022-08-22,21.10,19.95,21.15,19.60,258316,520266835.00,7.41,-4.64,-0.97,2.94
2022-08-23,20.13,20.21,20.67,19.80,167162,340107238.00,4.36,1.30,0.26,1.90
2022-08-24,20.23,18.88,20.40,18.83,128533,248205059.00,7.77,-6.58,-1.33,1.46
2022-08-25,18.92,19.47,20.15,18.90,184544,357841992.00,6.62,3.13,0.59,2.10
2022-08-26,19.13,19.15,19.68,18.88,97838,188758935.00,4.11,-1.64,-0.32,1.11
2022-08-29,18.57,18.78,19.32,18.50,84417,159657313.00,4.28,-1.93,-0.37,0.96
2022-08-30,18.70,18.23,18.92,18.06,73555,135217048.00,4.58,-2.93,-0.55,0.84
2022-08-31,18.40,16.76,18.41,16.62,126123,215878633.00,9.82,-8.06,-1.47,1.43
2022-09-01,16.85,17.01,17.15,16.48,78761,132760061.00,4.00,1.49,0.25,0.89
2022-09-02,17.03,17.93,18.28,17.03,127357,227370737.00,7.35,5.41,0.92,1.45
2022-09-05,17.74,17.75,18.50,17.60,86950,155789349.00,5.02,-1.00,-0.18,0.99
2022-09-06,17.82,18.92,19.08,17.70,140290,260034338.00,7.77,6.59,1.17,1.59
2022-09-07,19.20,19.99,20.19,19.13,222190,443154260.00,5.60,5.66,1.07,2.52
2022-09-08,20.19,20.31,20.69,19.69,155441,315370300.00,5.00,1.60,0.32,1.77
2022-09-09,20.36,19.85,20.44,19.62,84594,168365742.00,4.04,-2.26,-0.46,0.96
2022-09-13,19.87,19.69,19.99,19.40,46479,91329178.00,2.97,-0.81,-0.16,0.53
2022-09-14,19.63,18.89,19.86,18.71,58764,112518280.00,5.84,-4.06,-0.80,0.67
2022-09-15,18.91,17.84,18.99,17.41,110827,198726905.00,8.36,-5.56,-1.05,1.26
2022-09-16,17.86,17.76,18.68,17.51,95579,172788917.00,6.56,-0.45,-0.08,1.09
2022-09-19,17.71,17.53,18.25,17.31,65697,116077062.00,5.29,-1.30,-0.23,0.75
2022-09-20,17.75,19.28,19.28,17.75,107896,204190823.00,8.73,9.98,1.75,1.23
2022-09-21,19.37,18.55,19.48,18.38,162505,305430743.00,5.71,-3.79,-0.73,1.85
2022-09-22,18.59,19.32,19.59,17.93,145148,277608119.00,8.95,4.15,0.77,1.65
2022-09-23,18.73,18.31,19.15,18.27,123267,228966000.00,4.55,-5.23,-1.01,1.40
2022-09-26,18.55,19.13,19.48,18.06,115659,219978195.00,7.76,4.48,0.82,1.31
2022-09-27,19.40,19.01,19.73,18.67,83468,159099414.00,5.54,-0.63,-0.12,0.95
2022-09-28,19.09,18.22,19.55,18.09,67519,125428666.00,7.68,-4.16,-0.79,0.77
2022-09-29,18.35,19.17,19.43,18.03,97717,184921714.00,7.68,5.21,0.95,1.11
2022-09-30,19.02,18.18,19.17,18.05,86070,158612639.00,5.84,-5.16,-0.99,0.98
2022-10-10,18.13,17.43,18.32,17.09,77269,135261828.00,6.77,-4.13,-0.75,0.88
2022-10-11,17.64,17.45,17.68,17.18,44600,77839174.00,2.87,0.11,0.02,0.51
2022-10-12,17.44,19.20,19.20,17.30,114755,208943248.00,10.89,10.03,1.75,1.30
2022-10-13,19.36,19.60,20.17,19.30,125574,248141065.00,4.53,2.08,0.40,1.43
2022-10-14,19.80,20.24,20.26,19.20,112925,224748320.00,5.41,3.27,0.64,1.28
2022-10-17,19.91,19.35,20.39,18.90,133656,258546750.00,7.36,-4.40,-0.89,1.52
2022-10-18,19.58,20.38,20.63,19.15,111703,221471452.00,7.65,5.32,1.03,1.27
2022-10-19,20.00,20.13,20.42,19.56,94833,189365272.00,4.22,-1.23,-0.25,1.08
2022-10-20,19.66,19.09,20.00,18.21,126779,239903074.00,8.89,-5.17,-1.04,1.44
2022-10-21,19.00,18.61,19.65,18.46,111957,212856132.00,6.23,-2.51,-0.48,1.27
2022-10-24,18.80,19.08,19.47,18.64,95020,182043778.00,4.46,2.53,0.47,1.08
2022-10-25,19.09,20.93,20.93,18.64,183084,368543553.00,12.00,9.70,1.85,2.08
2022-10-26,20.85,20.21,20.85,19.85,147964,300373673.00,4.78,-3.44,-0.72,1.68
2022-10-27,20.17,19.55,20.34,19.50,95577,190339817.00,4.16,-3.27,-0.66,1.09
2022-10-28,19.55,18.77,20.20,18.57,125419,242229428.00,8.34,-3.99,-0.78,1.42
2022-10-31,18.55,18.95,19.30,18.30,111935,211224128.00,5.33,0.96,0.18,1.27
2022-11-01,18.85,19.33,19.51,18.59,117872,225589010.00,4.85,2.01,0.38,1.34
2022-11-02,19.06,19.86,20.25,18.75,151754,297185935.00,7.76,2.74,0.53,1.72
2022-11-03,19.66,19.99,20.29,19.50,95491,190307685.00,3.98,0.65,0.13,1.08
2022-11-04,19.87,21.99,21.99,19.81,127835,273232736.00,10.91,10.01,2.00,1.45
2022-11-07,23.00,23.15,23.50,22.40,265544,609919847.00,5.00,5.28,1.16,3.02
2022-11-08,23.05,22.73,23.25,21.98,187477,421739947.00,5.49,-1.81,-0.42,2.13
2022-11-09,22.76,22.38,23.06,22.28,145942,330597984.00,3.43,-1.54,-0.35,1.66
2022-11-10,22.15,22.46,22.85,22.05,117590,263286312.00,3.57,0.36,0.08,1.34
2022-11-11,23.00,21.45,23.25,20.91,194343,427761758.00,10.42,-4.50,-1.01,2.21
2022-11-14,21.05,21.17,22.23,20.86,148528,317007755.00,6.39,-1.31,-0.28,1.69
2022-11-15,21.01,21.79,21.85,20.54,128963,274715668.00,6.19,2.93,0.62,1.46
2022-11-16,21.69,21.12,21.90,20.94,83092,176644364.00,4.41,-3.07,-0.67,0.94
2022-11-17,20.90,20.26,20.90,19.90,120140,243183245.00,4.73,-4.07,-0.86,1.36
2022-11-18,20.11,20.38,20.74,19.55,141122,285747918.00,5.87,0.59,0.12,1.60
2022-11-21,20.36,20.79,20.88,20.02,104083,213714794.00,4.22,2.01,0.41,1.18
2022-11-22,20.97,19.92,20.97,19.79,97332,196230325.00,5.68,-4.18,-0.87,1.11
2022-11-23,19.90,20.14,20.28,19.17,83705,165878416.00,5.57,1.10,0.22,0.95
2022-11-24,20.06,19.85,20.35,19.75,57277,114414868.00,2.98,-1.44,-0.29,0.65
2022-11-25,19.68,19.10,20.25,19.09,103684,201956164.00,5.84,-3.78,-0.75,1.17
2022-11-28,18.74,18.61,19.06,18.12,154277,285892879.00,4.92,-2.57,-0.49,1.75
2022-11-29,18.75,18.79,18.88,17.91,136665,251693582.00,5.21,0.97,0.18,1.55
2022-11-30,18.70,19.77,20.31,18.36,215672,421584014.00,10.38,5.22,0.98,2.44
2022-12-01,20.19,20.09,20.51,19.81,133246,268410712.00,3.54,1.62,0.32,1.51
2022-12-02,19.94,19.48,20.25,19.32,72354,142512779.00,4.63,-3.04,-0.61,0.82
2022-12-05,19.67,18.98,19.78,18.89,101961,195537067.00,4.57,-2.57,-0.50,1.15
2022-12-06,18.86,19.21,19.38,18.51,76535,145124297.00,4.58,1.21,0.23,0.87
2022-12-07,19.10,18.97,19.49,18.82,112037,214217421.00,3.49,-1.25,-0.24,1.27
2022-12-08,18.80,18.76,19.26,18.73,56763,107501588.00,2.79,-1.11,-0.21,0.64
2022-12-09,18.71,18.91,18.95,18.61,56908,107321939.00,1.81,0.80,0.15,0.64
2022-12-12,18.88,19.00,19.08,18.50,60292,113286575.00,3.07,0.48,0.09,0.68
2022-12-13,18.92,18.21,19.10,18.20,76380,141452472.00,4.74,-4.16,-0.79,0.86
2022-12-14,18.17,18.54,18.77,18.10,51768,95915779.00,3.68,1.81,0.33,0.59
2022-12-15,18.64,19.33,19.48,18.36,87152,165369211.00,6.04,4.26,0.79,0.99
2022-12-16,19.17,18.91,19.21,18.70,63430,119838669.00,2.64,-2.17,-0.42,0.72
2022-12-19,18.87,19.56,19.86,18.79,110805,217111198.00,5.66,3.44,0.65,1.25
2022-12-20,19.68,19.39,19.78,18.95,72196,139210186.00,4.24,-0.87,-0.17,0.82
2022-12-21,19.35,18.68,19.60,18.53,60518,114394221.00,5.52,-3.66,-0.71,0.69
2022-12-22,18.71,18.52,18.93,18.24,59175,109965234.00,3.69,-0.86,-0.16,0.67
2022-12-23,18.59,18.27,18.59,18.13,46878,85805743.00,2.48,-1.35,-0.25,0.53
2022-12-26,18.28,19.02,19.10,18.20,48908,92124060.00,4.93,4.11,0.75,0.55
2022-12-27,19.02,19.40,19.48,18.93,51716,99822427.00,2.89,2.00,0.38,0.59
2022-12-28,19.38,18.26,19.38,18.00,114380,211126262.00,7.11,-5.88,-1.14,1.29
2022-12-29,18.35,18.26,18.60,18.03,50022,91759241.00,3.12,0.00,0.00,0.57
2022-12-30,18.40,18.21,18.84,18.00,93495,171663464.00,4.60,-0.27,-0.05,1.06