2021-01-04,8.62,8.65,8.72,8.47,82384,89346265.00,2.89,-0.12,-0.01,1.48
2021-01-05,8.58,8.62,8.82,8.54,48605,53301607.00,3.24,-0.35,-0.03,0.87
2021-01-06,8.74,8.64,8.77,8.52,50295,54810377.00,2.90,0.23,0.02,0.90
2021-01-07,8.64,8.20,8.64,8.18,71756,75721913.00,5.32,-5.09,-0.44,1.29
2021-01-08,8.23,8.21,8.44,8.09,47559,49736179.00,4.27,0.12,0.01,0.85
2021-01-11,8.28,8.02,8.28,8.00,43723,45076445.00,3.41,-2.31,-0.19,0.78
2021-01-12,8.07,8.03,8.11,7.88,64316,65146355.00,2.87,0.12,0.01,1.15
2021-01-13,8.02,7.97,8.24,7.82,80828,82185329.00,5.23,-0.75,-0.06,1.45
2021-01-14,8.01,8.15,8.22,7.92,68839,70719034.00,3.76,2.26,0.18,1.24
2021-01-15,8.18,8.05,8.20,8.00,49965,51290429.00,2.45,-1.23,-0.10,0.90
2021-01-18,7.99,8.11,8.17,7.94,52028,53363021.00,2.86,0.75,0.06,0.93
2021-01-19,8.11,8.14,8.28,8.02,43612,45182734.00,3.21,0.37,0.03,0.78
2021-01-20,8.14,8.09,8.16,8.06,39356,40423272.00,1.23,-0.61,-0.05,0.71
2021-01-21,8.10,8.06,8.12,8.03,39230,40233388.00,1.11,-0.37,-0.03,0.70
2021-01-22,8.03,8.04,8.16,7.91,53444,54441016.00,3.10,-0.25,-0.02,0.96
2021-01-25,8.03,8.05,8.10,7.94,32122,32778134.00,1.99,0.12,0.01,0.58
2021-01-26,8.05,8.26,8.27,7.94,48905,50421288.00,4.10,2.61,0.21,0.88
2021-01-27,8.17,8.18,8.38,8.08,48750,50765253.00,3.63,-0.97,-0.08,0.87
2021-01-28,8.14,8.07,8.23,8.05,34706,35822439.00,2.20,-1.34,-0.11,0.62
2021-01-29,8.12,7.95,8.20,7.85,39892,40479510.00,4.34,-1.49,-0.12,0.72
2021-02-01,7.94,8.50,8.63,7.87,99434,104483856.00,9.56,6.92,0.55,1.78
2021-02-02,8.40,8.47,8.62,8.37,57320,61256986.00,2.94,-0.35,-0.03,1.03
2021-02-03,8.40,8.49,8.54,8.27,48703,52097088.00,3.19,0.24,0.02,0.87
2021-02-04,8.47,8.51,8.61,8.37,38653,41541757.00,2.83,0.24,0.02,0.69
2021-02-05,8.42,8.22,8.57,8.22,56506,60222551.00,4.11,-3.41,-0.29,1.01
2021-02-08,8.22,8.19,8.46,8.18,47684,49993497.00,3.41,-0.36,-0.03,0.86
2021-02-09,8.18,8.37,8.38,8.14,38845,40788680.00,2.93,2.20,0.18,0.70
2021-02-10,8.31,8.21,8.36,8.19,36650,38362423.00,2.03,-1.91,-0.16,0.66
2021-02-18,8.28,8.82,8.90,8.23,105638,115624613.00,8.16,7.43,0.61,1.90
2021-02-19,8.78,8.80,8.82,8.70,50172,55610619.00,1.36,-0.23,-0.02,0.90
2021-02-22,8.82,8.87,9.01,8.80,81617,91688308.00,2.39,0.80,0.07,1.46
2021-02-23,8.86,8.97,9.03,8.76,59334,66772750.00,3.04,1.13,0.10,1.06
2021-02-24,8.95,9.01,9.07,8.89,64585,73381752.00,2.01,0.45,0.04,1.16
2021-02-25,9.08,9.20,9.32,9.01,78239,90663140.00,3.44,2.11,0.19,1.40
2021-02-26,8.96,8.91,9.24,8.84,54433,61845558.00,4.35,-3.15,-0.29,0.98
2021-03-01,8.91,9.05,9.15,8.87,35695,40411112.00,3.14,1.57,0.14,0.64
2021-03-02,9.07,8.95,9.20,8.92,38791,44383179.00,3.09,-1.10,-0.10,0.70
2021-03-03,8.93,9.12,9.15,8.93,38387,44011678.00,2.46,1.90,0.17,0.69
2021-03-04,9.07,8.99,9.14,8.96,28829,32829002.00,1.97,-1.43,-0.13,0.52
2021-03-05,8.91,8.98,9.02,8.83,24624,27858300.00,2.11,-0.11,-0.01,0.44
2021-03-08,8.95,9.18,9.32,8.93,87876,101757880.00,4.34,2.23,0.20,1.58
2021-03-09,9.24,9.26,9.33,8.97,64546,74684713.00,3.92,0.87,0.08,1.16
2021-03-10,9.27,8.85,9.44,8.78,75730,86790283.00,7.13,-4.43,-0.41,1.36
2021-03-11,8.82,8.97,9.09,8.78,37711,42611471.00,3.50,1.36,0.12,0.68
2021-03-12,8.92,9.13,9.18,8.85,30791,35233547.00,3.68,1.78,0.16,0.55
2021-03-15,9.19,9.10,9.19,8.99,26394,30182334.00,2.19,-0.33,-0.03,0.47
2021-03-16,9.07,9.07,9.13,8.97,23892,27343683.00,1.76,-0.33,-0.03,0.43
2021-03-17,9.11,8.93,9.11,8.88,23547,26624610.00,2.54,-1.54,-0.14,0.42
2021-03-18,8.99,9.02,9.06,8.89,23725,26889261.00,1.90,1.01,0.09,0.43
2021-03-19,9.02,9.00,9.13,8.92,26179,29886766.00,2.33,-0.22,-0.02,0.47
2021-03-22,8.96,9.27,9.30,8.93,42744,49428666.00,4.11,3.00,0.27,0.77
2021-03-23,9.33,9.25,9.39,9.17,36403,42615042.00,2.37,-0.22,-0.02,0.65
2021-03-24,9.26,9.24,9.31,9.15,18523,21486855.00,1.73,-0.11,-0.01,0.33
2021-03-25,9.22,9.16,9.22,9.04,20473,23543038.00,1.95,-0.87,-0.08,0.37
2021-03-26,9.16,9.23,9.31,9.12,25611,29780227.00,2.07,0.76,0.07,0.46
2021-03-29,9.23,9.17,9.32,9.11,26705,30966502.00,2.28,-0.65,-0.06,0.48
2021-03-30,9.28,9.07,9.32,8.87,46434,53150659.00,4.91,-1.09,-0.10,0.83
2021-03-31,9.03,9.43,9.43,8.95,66585,78191999.00,5.29,3.97,0.36,1.20
2021-04-01,9.41,9.45,9.50,9.32,40040,47473934.00,1.91,0.21,0.02,0.72
2021-04-02,9.46,9.12,9.46,9.10,49461,57534444.00,3.81,-3.49,-0.33,0.89
2021-04-06,9.12,9.00,9.18,8.94,48837,55662102.00,2.63,-1.32,-0.12,0.88
2021-04-07,9.00,9.00,9.12,8.92,37473,42508688.00,2.22,0.00,0.00,0.67
2021-04-08,8.97,8.93,9.03,8.88,41898,47274026.00,1.67,-0.78,-0.07,0.75
2021-04-09,8.92,8.80,8.92,8.80,28431,31779989.00,1.34,-1.46,-0.13,0.51
2021-04-12,8.84,8.81,8.87,8.74,19589,21801158.00,1.48,0.11,0.01,0.35
2021-04-13,8.78,8.92,8.96,8.74,32372,36179387.00,2.50,1.25,0.11,0.58
2021-04-14,8.87,8.92,8.93,8.82,20136,22562959.00,1.23,0.00,0.00,0.36
2021-04-15,8.92,8.88,8.93,8.82,17863,20002921.00,1.23,-0.45,-0.04,0.32
2021-04-16,8.91,8.99,9.01,8.88,20175,22871275.00,1.46,1.24,0.11,0.36
2021-04-19,8.99,9.00,9.02,8.93,26952,30562390.00,1.00,0.11,0.01,0.48
2021-04-20,9.02,8.91,9.02,8.85,30975,34846148.00,1.89,-1.00,-0.09,0.56
2021-04-21,8.84,8.90,8.94,8.84,16684,18719919.00,1.12,-0.11,-0.01,0.30
2021-04-22,8.93,8.88,8.97,8.86,16138,18138149.00,1.24,-0.22,-0.02,0.29
2021-04-23,8.87,8.91,8.94,8.84,18527,20809446.00,1.13,0.34,0.03,0.33
2021-04-26,8.92,8.87,8.96,8.87,17071,19208627.00,1.01,-0.45,-0.04,0.31
2021-04-27,8.82,8.80,8.88,8.74,25893,28801472.00,1.58,-0.79,-0.07,0.46
2021-04-28,8.81,8.65,8.81,8.60,28735,31557654.00,2.39,-1.70,-0.15,0.52
2021-04-29,8.72,8.86,8.86,8.57,26260,29117917.00,3.35,2.43,0.21,0.47
2021-04-30,8.80,8.73,8.88,8.56,34359,37722046.00,3.61,-1.47,-0.13,0.62
2021-05-06,8.73,8.75,8.79,8.66,20526,22592383.00,1.49,0.23,0.02,0.37
2021-05-07,8.70,8.71,8.86,8.69,16175,17872257.00,1.94,-0.46,-0.04,0.29
2021-05-10,8.70,8.35,8.75,8.28,48470,51834991.00,5.40,-4.13,-0.36,0.87
2021-05-11,8.28,8.36,8.39,8.23,20444,21544647.00,1.92,0.12,0.01,0.37
2021-05-12,8.37,8.26,8.37,8.17,29749,31056286.00,2.39,-1.20,-0.10,0.53
2021-05-13,8.22,8.24,8.29,8.12,20140,21060060.00,2.06,-0.24,-0.02,0.36
2021-05-14,8.24,8.38,8.38,8.24,14529,15343879.00,1.70,1.70,0.14,0.26
2021-05-17,8.40,8.33,8.42,8.17,29774,31213857.00,2.98,-0.60,-0.05,0.53
2021-05-18,8.34,8.25,8.34,8.18,18865,19695814.00,1.92,-0.96,-0.08,0.34
2021-05-19,8.27,8.17,8.27,8.15,27914,28961658.00,1.45,-0.97,-0.08,0.50
2021-05-20,8.19,8.15,8.22,8.07,21652,22350241.00,1.84,-0.24,-0.02,0.39
2021-05-21,8.12,8.12,8.17,8.06,16539,17015134.00,1.35,-0.37,-0.03,0.30
2021-05-24,8.16,8.14,8.19,8.06,14522,14938798.00,1.60,0.25,0.02,0.26
2021-05-25,8.14,8.22,8.23,8.11,17041,17660076.00,1.47,0.98,0.08,0.31
2021-05-26,8.21,8.22,8.28,8.16,18700,19518233.00,1.46,0.00,0.00,0.34
2021-05-27,8.23,8.28,8.35,8.21,16975,17822476.00,1.70,0.73,0.06,0.30
2021-05-28,8.32,8.16,8.32,8.12,23272,24182720.00,2.42,-1.45,-0.12,0.42
2021-05-31,8.24,8.13,8.25,8.11,15949,16477120.00,1.72,-0.37,-0.03,0.29
2021-06-01,8.12,8.13,8.16,8.01,35420,36362185.00,1.85,0.00,0.00,0.64
2021-06-02,8.16,8.02,8.16,8.00,29519,30159126.00,1.97,-1.35,-0.11,0.53
2021-06-03,8.02,8.06,8.07,7.98,15483,15804242.00,1.12,0.50,0.04,0.28
2021-06-04,8.10,8.12,8.17,8.04,28648,29447577.00,1.61,0.74,0.06,0.51
2021-06-07,8.15,8.17,8.24,8.13,24271,25211956.00,1.35,0.62,0.05,0.44
2021-06-08,8.17,8.14,8.22,8.11,17039,17584283.00,1.35,-0.37,-0.03,0.31
2021-06-09,8.14,8.06,8.17,8.05,23447,24063445.00,1.47,-0.98,-0.08,0.42
2021-06-10,8.12,8.10,8.14,8.05,19090,15945656.00,1.12,0.50,0.04,0.29
2021-06-11,8.06,7.99,8.13,7.97,20247,16764867.00,1.98,-1.36,-0.11,0.30
2021-06-15,8.00,7.97,8.03,7.90,18018,14767220.00,1.63,-0.25,-0.02,0.27
2021-06-16,8.02,8.08,8.18,7.95,23237,19410694.00,2.89,1.38,0.11,0.35
2021-06-17,8.12,8.12,8.19,8.04,19743,16540492.00,1.86,0.50,0.04,0.30
2021-06-18,8.12,8.09,8.15,8.00,13723,11435575.00,1.85,-0.37,-0.03,0.21
2021-06-21,8.00,7.99,8.05,7.93,20776,17127252.00,1.48,-1.24,-0.10,0.31
2021-06-22,8.00,8.00,8.04,7.95,15908,13124781.00,1.13,0.13,0.01,0.24
2021-06-23,8.03,7.96,8.04,7.93,16994,13966537.00,1.38,-0.50,-0.04,0.25
2021-06-24,7.97,7.97,8.04,7.93,26390,21736881.00,1.38,0.13,0.01,0.39
2021-06-25,7.99,7.96,8.01,7.91,24722,20339209.00,1.25,-0.13,-0.01,0.37
2021-06-28,7.97,7.93,7.98,7.91,21595,17696519.00,0.88,-0.38,-0.03,0.32
2021-06-29,7.93,7.83,7.94,7.83,27637,22453251.00,1.39,-1.26,-0.10,0.41
2021-06-30,7.83,7.69,7.86,7.67,33168,26556843.00,2.43,-1.79,-0.14,0.50
2021-07-01,7.74,7.71,7.80,7.69,15260,12223180.00,1.43,0.26,0.02,0.23
2021-07-02,7.74,7.68,7.75,7.63,19770,15716376.00,1.56,-0.39,-0.03,0.30
2021-07-05,7.68,7.55,7.77,7.48,35868,28047896.00,3.78,-1.69,-0.13,0.54
2021-07-06,7.56,7.64,7.68,7.53,24458,19250058.00,1.99,1.19,0.09,0.37
2021-07-07,7.58,7.57,7.66,7.54,17130,13434731.00,1.57,-0.92,-0.07,0.26
2021-07-08,7.59,7.57,7.60,7.49,18806,14645195.00,1.45,0.00,0.00,0.28
2021-07-09,7.55,7.55,7.58,7.49,15735,12272420.00,1.19,-0.26,-0.02,0.24
2021-07-12,7.57,7.63,7.67,7.54,32747,25790452.00,1.72,1.06,0.08,0.49
2021-07-13,7.64,7.81,7.87,7.60,44070,35365647.00,3.54,2.36,0.18,0.66
2021-07-14,7.79,7.55,7.79,7.53,60188,47387056.00,3.33,-3.33,-0.26,0.90
2021-07-15,7.57,7.60,7.63,7.50,18678,14610395.00,1.72,0.66,0.05,0.28
2021-07-16,7.59,7.52,7.61,7.51,20498,15998218.00,1.32,-1.05,-0.08,0.31
2021-07-19,7.52,7.53,7.56,7.43,25608,19848730.00,1.73,0.13,0.01,0.38
2021-07-20,7.51,7.55,7.57,7.48,17275,13463776.00,1.20,0.27,0.02,0.26
2021-07-21,7.54,7.44,7.58,7.42,36641,28347095.00,2.12,-1.46,-0.11,0.55
2021-07-22,7.44,7.51,7.54,7.41,25786,19971328.00,1.75,0.94,0.07,0.39
2021-07-23,7.50,7.22,7.52,7.18,60768,46085898.00,4.53,-3.86,-0.29,0.91
2021-07-26,7.18,6.94,7.18,6.90,60246,43662112.00,3.88,-3.88,-0.28,0.90
2021-07-27,6.94,6.84,6.99,6.82,33708,24121459.00,2.45,-1.44,-0.10,0.50
2021-07-28,6.87,6.75,6.88,6.60,60939,42463001.00,4.09,-1.32,-0.09,0.91
2021-07-29,6.76,6.64,6.84,6.51,74004,51031203.00,4.89,-1.63,-0.11,1.11
2021-07-30,6.64,6.77,6.84,6.62,45306,31727919.00,3.31,1.96,0.13,0.68
2021-08-02,6.75,7.06,7.17,6.55,154724,111076240.00,9.16,4.28,0.29,2.31
2021-08-03,7.05,7.01,7.12,6.98,41979,30643180.00,1.98,-0.71,-0.05,0.63
2021-08-04,6.99,7.00,7.06,6.93,20080,14591444.00,1.85,-0.14,-0.01,0.30
2021-08-05,7.00,7.03,7.06,6.93,22288,16191908.00,1.86,0.43,0.03,0.33
2021-08-06,6.97,7.01,7.01,6.85,28826,20745555.00,2.28,-0.28,-0.02,0.43
2021-08-09,6.99,7.11,7.17,6.93,34456,25371942.00,3.42,1.43,0.10,0.52
2021-08-10,7.16,7.04,7.16,7.00,32570,23775247.00,2.25,-0.98,-0.07,0.49
2021-08-11,7.04,7.02,7.13,6.97,39441,28781037.00,2.27,-0.28,-0.02,0.59
2021-08-12,7.05,7.01,7.06,6.98,17047,12393735.00,1.14,-0.14,-0.01,0.25
2021-08-13,7.02,7.05,7.07,6.90,35757,25901430.00,2.43,0.57,0.04,0.53
2021-08-16,7.05,7.40,7.48,7.05,94634,71963770.00,6.10,4.96,0.35,1.42
2021-08-17,7.44,7.51,7.74,7.32,142594,111614140.00,5.68,1.49,0.11,2.13
2021-08-18,7.51,7.80,7.97,7.39,163540,131829655.00,7.72,3.86,0.29,2.45
2021-08-19,7.79,7.75,7.85,7.64,52727,42117437.00,2.69,-0.64,-0.05,0.79
2021-08-20,7.40,7.40,7.50,7.24,108659,82737750.00,3.35,-4.52,-0.35,1.63
2021-08-23,7.40,7.62,7.64,7.32,56339,43482969.00,4.32,2.97,0.22,0.84
2021-08-24,7.59,7.75,7.82,7.55,53575,42737146.00,3.54,1.71,0.13,0.80
2021-08-25,7.81,7.73,7.81,7.64,31161,24798818.00,2.19,-0.26,-0.02,0.47
2021-08-26,7.70,7.59,7.75,7.56,34664,27342821.00,2.46,-1.81,-0.14,0.52
2021-08-27,7.54,7.60,7.69,7.54,28495,22438815.00,1.98,0.13,0.01,0.43
2021-08-30,7.60,7.71,7.80,7.47,57799,45951702.00,4.34,1.45,0.11,0.86
2021-08-31,7.66,7.82,7.82,7.66,38793,31083747.00,2.08,1.43,0.11,0.58
2021-09-01,7.84,8.05,8.07,7.79,95130,78351855.00,3.58,2.94,0.23,1.42
2021-09-02,8.04,8.02,8.10,7.95,44226,36615626.00,1.86,-0.37,-0.03,0.66
2021-09-03,7.99,7.97,8.06,7.90,38735,31877759.00,2.00,-0.62,-0.05,0.58
2021-09-06,8.01,8.64,8.67,7.96,153472,133721084.00,8.91,8.41,0.67,2.30
2021-09-07,8.62,8.65,8.72,8.47,72974,64840400.00,2.89,0.12,0.01,1.09
2021-09-08,8.64,8.69,8.72,8.49,52260,46305456.00,2.66,0.46,0.04,0.78
2021-09-09,8.60,8.52,8.73,8.46,77519,68183498.00,3.11,-1.96,-0.17,1.16
2021-09-10,8.56,8.35,8.72,8.35,65429,57352451.00,4.34,-2.00,-0.17,0.98
2021-09-13,8.39,8.35,8.45,8.28,39904,34297569.00,2.04,0.00,0.00,0.60
2021-09-14,8.31,8.00,8.35,8.00,53825,45101534.00,4.19,-4.19,-0.35,0.81
2021-09-15,8.00,8.04,8.09,7.95,31003,25651529.00,1.75,0.50,0.04,0.46
2021-09-16,8.00,7.99,8.13,7.96,28193,23393363.00,2.11,-0.62,-0.05,0.42
2021-09-17,7.97,7.92,8.04,7.82,38759,31666960.00,2.75,-0.88,-0.07,0.58
2021-09-22,7.82,7.97,8.00,7.81,25003,20465025.00,2.40,0.63,0.05,0.37
2021-09-23,8.03,8.33,8.37,8.00,62723,53455316.00,4.64,4.52,0.36,0.94
2021-09-24,8.34,8.00,8.37,7.98,41558,34823773.00,4.68,-3.96,-0.33,0.62
2021-09-27,7.95,7.93,8.09,7.86,39637,32548931.00,2.88,-0.88,-0.07,0.59
2021-09-28,7.93,7.82,7.98,7.76,39409,32058596.00,2.77,-1.39,-0.11,0.59
2021-09-29,7.86,7.49,7.88,7.44,47039,37066841.00,5.63,-4.22,-0.33,0.70
2021-09-30,7.50,7.49,7.67,7.44,38097,29730079.00,3.07,0.00,0.00,0.57
2021-10-08,7.56,7.61,7.67,7.54,27759,21813916.00,1.74,1.60,0.12,0.42
2021-10-11,7.62,7.58,7.62,7.50,19291,15093161.00,1.58,-0.39,-0.03,0.29
2021-10-12,7.57,7.45,7.58,7.32,29268,22545936.00,3.43,-1.72,-0.13,0.44
2021-10-13,7.45,7.43,7.49,7.32,19397,14875446.00,2.28,-0.27,-0.02,0.29
2021-10-14,7.44,7.32,7.47,7.07,46334,34843801.00,5.38,-1.48,-0.11,0.69
2021-10-15,7.29,7.36,7.41,7.24,22559,17166803.00,2.32,0.55,0.04,0.34
2021-10-18,7.39,7.40,7.49,7.31,28101,21618269.00,2.45,0.54,0.04,0.42
2021-10-19,7.36,7.44,7.46,7.34,14642,11262632.00,1.62,0.54,0.04,0.22
2021-10-20,7.43,7.22,7.48,7.20,27412,20630579.00,3.76,-2.96,-0.22,0.41
2021-10-21,7.23,7.22,7.26,7.02,54619,40457299.00,3.32,0.00,0.00,0.82
2021-10-22,7.21,7.22,7.27,7.14,22940,17159588.00,1.80,0.00,0.00,0.34
2021-10-25,7.22,7.18,7.32,7.09,24996,18634451.00,3.19,-0.55,-0.04,0.37
2021-10-26,7.24,7.04,7.24,7.04,27564,20259680.00,2.79,-1.95,-0.14,0.41
2021-10-27,7.07,6.84,7.09,6.80,35923,25652505.00,4.12,-2.84,-0.20,0.54
2021-10-28,6.79,6.78,6.86,6.65,28647,20057163.00,3.07,-0.88,-0.06,0.43
2021-10-29,6.78,6.78,6.81,6.69,24470,17158115.00,1.77,0.00,0.00,0.37
2021-11-01,6.78,6.78,6.85,6.74,19288,13588592.00,1.62,0.00,0.00,0.29
2021-11-02,6.77,6.52,6.81,6.44,59326,40606003.00,5.46,-3.83,-0.26,0.89
2021-11-03,6.54,6.60,6.64,6.49,31350,21406487.00,2.30,1.23,0.08,0.47
2021-11-04,6.65,6.72,6.73,6.55,23699,16350158.00,2.73,1.82,0.12,0.35
2021-11-05,6.73,6.68,6.74,6.64,14350,9957826.00,1.49,-0.60,-0.04,0.21
2021-11-08,6.69,6.76,6.79,6.67,23109,16158357.00,1.80,1.20,0.08,0.35
2021-11-09,6.78,6.77,6.80,6.71,16986,11940665.00,1.33,0.15,0.01,0.25
2021-11-10,6.76,6.79,6.83,6.69,20190,14164861.00,2.07,0.30,0.02,0.30
2021-11-11,6.79,6.81,6.85,6.73,33872,23931215.00,1.77,0.29,0.02,0.51
2021-11-12,6.79,6.87,6.90,6.79,20402,14493197.00,1.62,0.88,0.06,0.31
2021-11-15,6.87,6.91,6.96,6.84,29544,21171211.00,1.75,0.58,0.04,0.44
2021-11-16,6.93,6.95,7.07,6.90,55089,40002903.00,2.46,0.58,0.04,0.82
2021-11-17,6.96,6.96,6.98,6.91,18007,12987607.00,1.01,0.14,0.01,0.27
2021-11-18,7.03,6.85,7.03,6.84,33020,23672289.00,2.73,-1.58,-0.11,0.49
2021-11-19,6.82,6.91,6.93,6.79,24570,17508088.00,2.04,0.88,0.06,0.37
2021-11-22,6.91,6.91,6.97,6.87,19526,14006630.00,1.45,0.00,0.00,0.29
2021-11-23,6.92,6.83,6.94,6.80,31371,22280831.00,2.03,-1.16,-0.08,0.47
2021-11-24,6.85,6.83,6.86,6.78,18330,12969423.00,1.17,0.00,0.00,0.27
2021-11-25,6.85,6.88,6.89,6.80,34667,24628151.00,1.32,0.73,0.05,0.52
2021-11-26,6.86,6.83,6.89,6.83,17872,12709630.00,0.87,-0.73,-0.05,0.27
2021-11-29,6.80,7.02,7.05,6.71,84847,61277272.00,4.98,2.78,0.19,1.27
2021-11-30,7.03,7.26,7.28,6.97,87299,64596312.00,4.42,3.42,0.24,1.31
2021-12-01,7.32,7.42,7.47,7.16,77272,58865986.00,4.27,2.20,0.16,1.16
2021-12-02,7.41,7.89,7.99,7.34,173953,139900407.00,8.76,6.33,0.47,2.60
2021-12-03,7.75,7.79,8.04,7.61,120706,97581202.00,5.45,-1.27,-0.10,1.81
2021-12-06,7.84,8.09,8.35,7.84,172709,145092250.00,6.55,3.85,0.30,2.58
2021-12-07,8.11,8.06,8.44,7.94,85390,71220147.00,6.18,-0.37,-0.03,1.28
2021-12-08,8.02,8.08,8.14,7.78,57934,47573423.00,4.47,0.25,0.02,0.87
2021-12-09,8.03,8.08,8.23,7.89,101305,84304227.00,4.21,0.00,0.00,1.52
2021-12-10,7.99,8.26,8.29,7.93,99766,83654491.00,4.46,2.23,0.18,1.49
2021-12-13,8.36,8.50,8.61,8.25,137109,119435875.00,4.36,2.91,0.24,2.05
2021-12-14,8.40,8.50,8.54,8.30,44707,38960327.00,2.82,0.00,0.00,0.67
2021-12-15,8.48,8.71,8.80,8.37,120411,107403820.00,5.06,2.47,0.21,1.80
2021-12-16,8.73,8.68,8.81,8.54,69051,61750242.00,3.10,-0.34,-0.03,1.03
2021-12-17,8.73,8.42,8.78,8.40,71402,62643442.00,4.38,-3.00,-0.26,1.07
2021-12-20,8.39,8.35,8.44,8.19,66344,56969169.00,2.97,-0.83,-0.07,0.99
2021-12-21,8.38,8.32,8.49,8.16,77456,66422488.00,3.95,-0.36,-0.03,1.16
2021-12-22,8.39,8.32,8.58,8.25,64363,55581251.00,3.97,0.00,0.00,0.96
2021-12-23,8.32,8.33,8.38,8.22,45200,38739852.00,1.92,0.12,0.01,0.68
2021-12-24,8.39,8.12,8.42,8.12,45737,38784230.00,3.60,-2.52,-0.21,0.68
2021-12-27,8.07,8.10,8.18,7.98,62695,52286940.00,2.46,-0.25,-0.02,0.94
2021-12-28,8.12,8.02,8.22,7.92,67437,55959118.00,3.70,-0.99,-0.08,1.01
2021-12-29,8.02,7.97,8.06,7.89,44991,37113454.00,2.12,-0.62,-0.05,0.67
2021-12-30,7.97,8.07,8.17,7.91,50273,41754432.00,3.26,1.25,0.10,0.75
2021-12-31,8.12,8.10,8.17,7.95,67277,56082546.00,2.73,0.37,0.03,1.01