2018-01-02,4.74,4.74,4.77,4.72,20263,11026970.00,1.05,0.00,0.00,0.24
2018-01-03,4.76,4.79,4.79,4.72,25497,13918630.00,1.48,1.05,0.05,0.30
2018-01-04,4.77,4.81,4.81,4.76,22806,12491146.00,1.04,0.42,0.02,0.27
2018-01-05,4.79,4.86,4.86,4.79,27596,15227014.00,1.46,1.04,0.05,0.33
2018-01-08,4.85,4.80,4.85,4.77,28725,15770109.00,1.65,-1.23,-0.06,0.34
2018-01-09,4.80,4.84,4.89,4.78,38050,21053604.00,2.29,0.83,0.04,0.45
2018-01-10,4.81,4.78,4.82,4.76,27016,14792159.00,1.24,-1.24,-0.06,0.32
2018-01-11,4.77,4.79,4.81,4.74,16570,9054012.00,1.46,0.21,0.01,0.20
2018-01-12,4.78,4.78,4.82,4.77,16565,9087240.00,1.04,-0.21,-0.01,0.20
2018-01-15,4.79,4.75,4.79,4.70,39991,21679244.00,1.88,-0.63,-0.03,0.47
2018-01-16,4.75,4.72,4.75,4.68,23525,12728708.00,1.47,-0.63,-0.03,0.28
2018-01-17,4.73,4.72,4.74,4.69,25427,13723791.00,1.06,0.00,0.00,0.30
2018-01-18,4.72,4.72,4.73,4.69,19823,10696321.00,0.85,0.00,0.00,0.23
2018-01-19,4.72,4.73,4.74,4.70,21433,11588915.00,0.85,0.21,0.01,0.25
2018-01-22,4.73,4.89,4.93,4.70,108263,60140890.00,4.86,3.38,0.16,1.28
2018-01-23,4.89,4.97,5.00,4.86,98684,55729154.00,2.86,1.64,0.08,1.16
2018-01-24,4.94,4.93,4.97,4.90,46704,26224897.00,1.41,-0.80,-0.04,0.55
2018-01-25,4.93,4.85,4.97,4.85,64535,36068484.00,2.43,-1.62,-0.08,0.76
2018-01-26,4.85,4.85,4.89,4.81,24947,13828072.00,1.65,0.00,0.00,0.29
2018-01-29,4.85,4.73,4.85,4.70,43893,24010254.00,3.09,-2.47,-0.12,0.52
2018-01-30,4.78,4.79,4.90,4.74,35842,19652581.00,3.38,1.27,0.06,0.42
2018-01-31,4.78,4.72,4.80,4.69,30798,16668216.00,2.30,-1.46,-0.07,0.36
2018-02-01,4.72,4.59,4.74,4.57,45086,23975286.00,3.60,-2.75,-0.13,0.53
2018-02-02,4.60,4.60,4.63,4.56,18917,9980001.00,1.53,0.22,0.01,0.22
2018-02-05,4.59,4.64,4.68,4.57,30043,16031022.00,2.39,0.87,0.04,0.35
2018-02-06,4.60,4.54,4.63,4.53,35702,18754752.00,2.16,-2.16,-0.10,0.42
2018-02-07,4.57,4.54,4.61,4.52,22827,11950442.00,1.98,0.00,0.00,0.27
2018-02-08,4.55,4.58,4.60,4.53,15769,8288992.00,1.54,0.88,0.04,0.19
2018-02-09,4.55,4.46,4.56,4.45,51338,26618583.00,2.40,-2.62,-0.12,0.61
2018-02-12,4.49,4.56,4.58,4.48,18182,9491255.00,2.24,2.24,0.10,0.21
2018-02-13,4.60,4.61,4.62,4.54,26509,14002725.00,1.75,1.10,0.05,0.31
2018-02-14,4.61,4.58,4.61,4.55,9979,5251751.00,1.30,-0.65,-0.03,0.12
2018-02-22,4.60,4.62,4.65,4.57,13150,6965258.00,1.75,0.87,0.04,0.16
2018-02-23,4.62,4.58,4.62,4.58,10522,5560154.00,0.87,-0.87,-0.04,0.12
2018-02-26,4.58,4.64,4.64,4.57,21172,11232075.00,1.53,1.31,0.06,0.25
2018-02-27,4.64,4.61,4.67,4.60,19289,10255620.00,1.51,-0.65,-0.03,0.23
2018-02-28,4.59,4.80,4.85,4.59,107197,58336634.00,5.64,4.12,0.19,1.27
2018-03-01,4.75,4.81,4.83,4.74,48209,26476625.00,1.88,0.21,0.01,0.57
2018-03-02,4.81,4.88,4.89,4.78,63763,35408572.00,2.29,1.46,0.07,0.75
2018-03-05,4.93,5.10,5.13,4.88,137866,78572195.00,5.12,4.51,0.22,1.63
2018-03-06,5.06,5.18,5.22,5.01,118677,69036958.00,4.12,1.57,0.08,1.40
2018-03-07,5.17,5.06,5.17,5.06,71037,41150755.00,2.12,-2.32,-0.12,0.84
2018-03-08,5.07,5.11,5.14,5.06,43922,25447444.00,1.58,0.99,0.05,0.49
2018-03-09,5.08,5.23,5.24,5.05,91914,53644547.00,3.72,2.35,0.12,1.02
2018-03-12,5.20,5.24,5.34,5.20,69711,41525161.00,2.68,0.19,0.01,0.77
2018-03-13,5.21,5.16,5.23,5.12,57836,33860201.00,2.10,-1.53,-0.08,0.64
2018-03-14,5.15,5.11,5.16,5.08,71176,41215540.00,1.55,-0.97,-0.05,0.79
2018-03-15,5.11,5.11,5.19,5.05,72883,42264576.00,2.74,0.00,0.00,0.81
2018-03-16,5.12,5.26,5.41,5.10,164352,98245707.00,6.07,2.94,0.15,1.82
2018-03-19,5.29,5.27,5.33,5.22,59686,35693045.00,2.09,0.19,0.01,0.66
2018-03-20,5.23,5.34,5.35,5.17,84280,50619644.00,3.42,1.33,0.07,0.93
2018-03-21,5.34,5.30,5.35,5.28,50955,30562851.00,1.31,-0.75,-0.04,0.56
2018-03-22,5.27,5.27,5.31,5.23,35588,21187630.00,1.51,-0.57,-0.03,0.39
2018-03-23,5.17,5.01,5.21,4.97,124700,72200341.00,4.55,-4.93,-0.26,1.38
2018-03-26,4.99,5.21,5.21,4.92,74739,43485063.00,5.79,3.99,0.20,0.83
2018-03-27,5.19,5.32,5.39,5.19,123717,74351410.00,3.84,2.11,0.11,1.37
2018-03-28,5.28,5.31,5.35,5.25,95862,57474603.00,1.88,-0.19,-0.01,1.06
2018-03-29,5.32,5.32,5.34,5.25,49395,29545749.00,1.69,0.19,0.01,0.55
2018-03-30,5.32,5.38,5.40,5.28,73065,44128778.00,2.26,1.13,0.06,0.81
2018-04-02,5.38,5.32,5.40,5.32,41897,25293370.00,1.49,-1.12,-0.06,0.46
2018-04-03,5.27,5.28,5.32,5.24,40454,24145561.00,1.50,-0.75,-0.04,0.45
2018-04-04,5.32,5.43,5.54,5.31,127104,78279940.00,4.36,2.84,0.15,1.41
2018-04-09,5.39,5.47,5.49,5.38,54134,33186711.00,2.03,0.74,0.04,0.60
2018-04-10,5.43,5.38,5.46,5.31,62170,37655638.00,2.74,-1.65,-0.09,0.69
2018-04-11,5.37,5.39,5.47,5.37,49951,30430248.00,1.86,0.19,0.01,0.55
2018-04-12,5.36,5.52,5.56,5.33,106905,66049798.00,4.27,2.41,0.13,1.18
2018-04-13,5.59,5.44,5.68,5.37,114364,71209227.00,5.62,-1.45,-0.08,1.27
2018-04-16,5.38,5.42,5.46,5.37,71950,43895716.00,1.65,-0.37,-0.02,0.80
2018-04-17,5.44,5.40,5.48,5.37,70691,43129703.00,2.03,-0.37,-0.02,0.78
2018-04-18,5.40,5.34,5.43,5.24,76263,45888393.00,3.52,-1.11,-0.06,0.84
2018-04-19,5.33,5.34,5.38,5.29,47662,28752744.00,1.69,0.00,0.00,0.53
2018-04-20,5.36,5.27,5.46,5.27,54235,32880764.00,3.56,-1.31,-0.07,0.60
2018-04-23,5.24,5.16,5.33,5.10,71086,41705703.00,4.36,-2.09,-0.11,0.79
2018-04-24,5.16,5.24,5.26,5.16,24971,14778658.00,1.94,1.55,0.08,0.28
2018-04-25,5.24,5.49,5.53,5.21,119566,73113362.00,6.11,4.77,0.25,1.32
2018-04-26,5.49,5.50,5.60,5.44,144054,89871544.00,2.91,0.18,0.01,1.59
2018-04-27,5.47,5.74,5.77,5.47,242498,154452029.00,5.45,4.36,0.24,2.68
2018-05-02,5.75,5.73,5.86,5.64,117171,75473716.00,3.83,-0.17,-0.01,1.30
2018-05-03,5.71,5.75,5.77,5.64,81596,52259499.00,2.27,0.35,0.02,0.90
2018-05-04,5.77,5.73,5.85,5.69,98171,63389691.00,2.78,-0.35,-0.02,1.09
2018-05-07,5.67,5.82,5.84,5.66,130592,83914038.00,3.14,1.57,0.09,1.45
2018-05-08,5.77,5.76,5.82,5.75,45717,29562435.00,1.20,-1.03,-0.06,0.51
2018-05-09,5.77,5.73,5.78,5.68,63848,40989562.00,1.74,-0.52,-0.03,0.71
2018-05-10,5.74,5.80,5.81,5.67,66558,42784239.00,2.44,1.22,0.07,0.74
2018-05-11,5.82,5.82,5.98,5.73,184118,120678889.00,4.31,0.34,0.02,2.04
2018-05-14,5.78,5.65,5.83,5.61,106556,67978997.00,3.78,-2.92,-0.17,1.18
2018-05-15,5.65,5.74,5.78,5.62,70934,45336690.00,2.83,1.59,0.09,0.78
2018-05-16,5.73,5.86,5.94,5.70,209829,137192396.00,4.18,2.09,0.12,2.32
2018-05-17,5.78,5.73,5.88,5.69,61164,39577192.00,3.24,-2.22,-0.13,0.68
2018-05-18,5.80,6.01,6.09,5.77,243133,161741455.00,5.58,4.89,0.28,2.69
2018-05-21,6.12,6.06,6.16,5.95,172150,115594114.00,3.49,0.83,0.05,1.90
2018-05-22,6.02,6.14,6.17,5.98,163756,111179951.00,3.14,1.32,0.08,1.81
2018-05-23,6.14,6.11,6.23,6.09,137861,94541597.00,2.28,-0.49,-0.03,1.53
2018-05-24,6.12,6.12,6.15,5.99,79236,53619595.00,2.62,0.16,0.01,0.88
2018-05-25,6.14,6.05,6.26,5.99,79948,54165493.00,4.41,-1.14,-0.07,0.88
2018-05-28,6.03,6.08,6.09,5.95,141177,94860503.00,2.31,0.50,0.03,1.56
2018-05-29,6.08,5.85,6.14,5.85,129061,86584050.00,4.77,-3.78,-0.23,1.43
2018-05-30,5.72,5.73,5.95,5.71,134155,87248692.00,4.10,-2.05,-0.12,1.48
2018-05-31,5.82,5.79,5.89,5.69,86923,56173934.00,3.49,1.05,0.06,0.96
2018-06-01,5.73,5.56,5.85,5.50,179598,113037145.00,6.04,-3.97,-0.23,1.99
2018-06-04,5.58,5.40,5.60,5.37,137513,84321893.00,4.14,-2.88,-0.16,1.52
2018-06-05,5.40,5.51,5.52,5.39,83153,51400713.00,2.41,2.04,0.11,0.92
2018-06-06,5.55,5.61,5.61,5.48,70191,43764744.00,2.36,1.81,0.10,0.78
2018-06-07,5.61,5.45,5.62,5.44,72103,44663150.00,3.21,-2.85,-0.16,0.80
2018-06-08,5.50,5.47,5.50,5.40,46944,28762729.00,1.83,0.37,0.02,0.52
2018-06-11,5.48,5.40,5.50,5.34,61183,37274578.00,2.93,-1.28,-0.07,0.68
2018-06-12,5.40,5.40,5.42,5.28,65848,39757083.00,2.59,0.00,0.00,0.73
2018-06-13,5.40,5.38,5.54,5.34,75314,46034700.00,3.70,-0.37,-0.02,0.83
2018-06-14,5.39,5.34,5.45,5.31,52736,31902180.00,2.60,-0.74,-0.04,0.58
2018-06-15,5.33,5.23,5.33,5.19,62881,37332442.00,2.62,-2.06,-0.11,0.70
2018-06-19,5.20,4.83,5.20,4.70,111840,63049141.00,9.56,-7.65,-0.40,1.24
2018-06-20,4.77,4.99,5.07,4.76,48220,27142997.00,6.42,3.31,0.16,0.53
2018-06-21,5.05,4.86,5.05,4.79,47484,26359623.00,5.21,-2.61,-0.13,0.53
2018-06-22,4.85,4.92,4.97,4.78,35115,19371136.00,3.91,1.23,0.06,0.39
2018-06-25,4.93,4.95,5.02,4.93,29716,16593068.00,1.83,0.61,0.03,0.33
2018-06-26,4.88,4.99,5.04,4.85,43114,24044654.00,3.84,0.81,0.04,0.48
2018-06-27,4.99,4.89,5.02,4.88,62028,34329226.00,2.81,-2.00,-0.10,0.69
2018-06-28,4.91,4.88,4.96,4.85,50477,27900982.00,2.25,-0.20,-0.01,0.56
2018-06-29,4.86,4.98,5.04,4.80,59210,32827355.00,4.92,2.05,0.10,0.66
2018-07-02,5.05,4.94,5.14,4.91,59557,33540468.00,4.62,-0.80,-0.04,0.66
2018-07-03,4.93,5.04,5.04,4.84,54591,30238792.00,4.05,2.02,0.10,0.60
2018-07-04,5.38,5.23,5.39,5.13,195305,114239398.00,5.16,3.77,0.19,2.16
2018-07-05,5.19,4.89,5.22,4.89,112457,63222303.00,6.31,-6.50,-0.34,1.24
2018-07-06,4.94,4.96,5.07,4.86,85921,47759303.00,4.29,1.43,0.07,0.95
2018-07-09,4.98,5.12,5.14,4.93,98585,55963094.00,4.23,3.23,0.16,1.09
2018-07-10,5.10,5.09,5.13,5.01,73805,41911036.00,2.34,-0.59,-0.03,0.82
2018-07-11,5.03,4.94,5.06,4.90,57953,32276154.00,3.14,-2.95,-0.15,0.64
2018-07-12,4.96,5.13,5.13,4.93,88840,50523819.00,4.05,3.85,0.19,0.98
2018-07-13,5.11,5.16,5.21,5.08,61442,35397481.00,2.53,0.58,0.03,0.68
2018-07-16,5.16,5.11,5.16,5.09,37125,21238781.00,1.36,-0.97,-0.05,0.41
2018-07-17,5.11,5.11,5.14,5.04,34047,19386464.00,1.96,0.00,0.00,0.38
2018-07-18,5.12,4.94,5.17,4.94,77893,44045496.00,4.50,-3.33,-0.17,0.86
2018-07-19,4.93,4.89,4.98,4.80,65097,35787577.00,3.64,-1.01,-0.05,0.72
2018-07-20,4.89,4.93,4.93,4.79,46307,25343473.00,2.86,0.82,0.04,0.51
2018-07-23,4.83,4.70,4.83,4.63,128377,68064632.00,4.06,-4.67,-0.23,1.42
2018-07-24,4.68,4.73,4.77,4.65,136513,72673559.00,2.55,0.64,0.03,1.51
2018-07-25,4.73,4.75,4.76,4.66,84891,45189518.00,2.11,0.42,0.02,0.94
2018-07-26,4.73,4.74,4.77,4.71,59832,31992491.00,1.26,-0.21,-0.01,0.66
2018-07-27,4.74,4.72,4.77,4.70,54787,29237153.00,1.48,-0.42,-0.02,0.61
2018-07-30,4.72,4.61,4.72,4.59,56546,29712337.00,2.75,-2.33,-0.11,0.63
2018-07-31,4.60,4.62,4.64,4.58,28417,14843065.00,1.30,0.22,0.01,0.31
2018-08-01,4.68,4.66,4.72,4.62,52432,27698115.00,2.16,0.87,0.04,0.58
2018-08-02,4.64,4.54,4.67,4.43,50550,26028766.00,5.15,-2.58,-0.12,0.56
2018-08-03,4.51,4.47,4.54,4.47,24082,12292064.00,1.54,-1.54,-0.07,0.27
2018-08-06,4.51,4.41,4.51,4.39,32837,16537272.00,2.68,-1.34,-0.06,0.36
2018-08-07,4.44,4.42,4.47,4.31,96275,47993242.00,3.63,0.23,0.01,1.07
2018-08-08,4.38,4.29,4.39,4.28,58759,28971497.00,2.49,-2.94,-0.13,0.65
2018-08-09,4.26,4.30,4.32,4.15,114513,55551855.00,3.96,0.23,0.01,1.27
2018-08-10,4.26,4.29,4.32,4.24,63765,31203968.00,1.86,-0.23,-0.01,0.71
2018-08-13,4.25,4.28,4.28,4.18,49066,23733551.00,2.33,-0.23,-0.01,0.54
2018-08-14,4.30,4.32,4.35,4.29,40062,19743485.00,1.40,0.93,0.04,0.44
2018-08-15,4.31,4.19,4.32,4.19,46696,22629759.00,3.01,-3.01,-0.13,0.52
2018-08-16,4.17,4.12,4.19,4.09,33383,15839920.00,2.39,-1.67,-0.07,0.37
2018-08-17,4.14,3.98,4.18,3.96,62650,29213915.00,5.34,-3.40,-0.14,0.69
2018-08-20,3.97,3.99,4.02,3.91,33400,15253706.00,2.76,0.25,0.01,0.37
2018-08-21,3.99,4.03,4.06,3.98,28075,13026882.00,2.01,1.00,0.04,0.31
2018-08-22,4.03,4.06,4.14,4.03,31306,14681967.00,2.73,0.74,0.03,0.35
2018-08-23,4.07,4.03,4.07,3.98,35028,16228692.00,2.22,-0.74,-0.03,0.39
2018-08-24,4.02,4.00,4.04,3.97,25920,11972365.00,1.74,-0.74,-0.03,0.29
2018-08-27,3.99,4.10,4.12,3.99,43160,20242061.00,3.25,2.50,0.10,0.48
2018-08-28,4.12,4.19,4.20,4.09,45511,21650543.00,2.68,2.20,0.09,0.50
2018-08-29,4.18,4.14,4.29,4.12,33455,15932746.00,4.06,-1.19,-0.05,0.37
2018-08-30,4.12,4.03,4.15,4.03,28827,13535276.00,2.90,-2.66,-0.11,0.32
2018-08-31,4.07,4.02,4.07,3.99,18502,8564854.00,1.99,-0.25,-0.01,0.20
2018-09-03,4.01,4.03,4.04,3.95,21780,10009281.00,2.24,0.25,0.01,0.24
2018-09-04,4.02,4.15,4.19,4.00,52327,24825034.00,4.71,2.98,0.12,0.58
2018-09-05,4.14,4.11,4.20,4.10,28854,13737599.00,2.41,-0.96,-0.04,0.32
2018-09-06,4.11,4.12,4.13,4.03,34036,15998882.00,2.43,0.24,0.01,0.38
2018-09-07,4.11,4.11,4.17,4.09,22124,10497282.00,1.94,-0.24,-0.01,0.24
2018-09-10,4.04,4.08,4.16,4.04,26071,12316421.00,2.92,-0.73,-0.03,0.29
2018-09-11,4.08,4.07,4.13,4.03,19318,9050612.00,2.45,-0.25,-0.01,0.21
2018-09-12,4.12,4.10,4.14,4.05,27573,12966459.00,2.21,0.74,0.03,0.31
2018-09-13,4.12,4.13,4.15,4.07,21932,10341311.00,1.95,0.73,0.03,0.24
2018-09-14,4.13,4.12,4.14,4.11,12749,6036779.00,0.73,-0.24,-0.01,0.14
2018-09-17,4.13,4.06,4.13,4.06,12851,6024353.00,1.70,-1.46,-0.06,0.14
2018-09-18,4.06,4.09,4.10,4.04,17388,8133773.00,1.48,0.74,0.03,0.19
2018-09-19,4.07,4.12,4.14,4.07,23553,11118666.00,1.71,0.73,0.03,0.26
2018-09-20,4.11,4.13,4.16,4.11,20464,9707662.00,1.21,0.24,0.01,0.23
2018-09-21,4.15,4.20,4.22,4.12,40150,19240571.00,2.42,1.69,0.07,0.44
2018-09-25,4.18,4.19,4.20,4.15,15044,7205664.00,1.19,-0.24,-0.01,0.17
2018-09-26,4.18,4.17,4.21,4.15,30294,14508148.00,1.43,-0.48,-0.02,0.34
2018-09-27,4.17,4.17,4.22,4.17,25697,12340554.00,1.20,0.00,0.00,0.28
2018-09-28,4.18,4.17,4.18,4.13,18211,8672374.00,1.20,0.00,0.00,0.20
2018-10-08,4.10,3.97,4.10,3.97,31539,14684205.00,3.12,-4.80,-0.20,0.35
2018-10-09,3.98,3.95,4.03,3.94,22448,10299989.00,2.27,-0.50,-0.02,0.25
2018-10-10,3.95,3.93,4.01,3.89,22936,10435475.00,3.04,-0.51,-0.02,0.25
2018-10-11,3.88,3.51,3.88,3.48,69681,29660821.00,10.18,-10.69,-0.42,0.77
2018-10-12,3.50,3.49,3.54,3.34,35767,14493466.00,5.70,-0.57,-0.02,0.40
2018-10-15,3.50,3.41,3.53,3.39,28626,11636351.00,4.01,-2.29,-0.08,0.32
2018-10-16,3.41,3.20,3.44,3.17,43729,17251012.00,7.92,-6.16,-0.21,0.48
2018-10-17,3.25,3.26,3.29,3.09,44668,17040204.00,6.25,1.88,0.06,0.49
2018-10-18,3.22,3.17,3.23,3.15,24877,9454172.00,2.45,-2.76,-0.09,0.28
2018-10-19,3.15,3.19,3.23,3.09,58987,22295844.00,4.42,0.63,0.02,0.65
2018-10-22,3.22,3.37,3.40,3.22,86928,34220963.00,5.64,5.64,0.18,0.96
2018-10-23,3.39,3.28,3.39,3.25,44269,17375634.00,4.15,-2.67,-0.09,0.49
2018-10-24,3.28,3.29,3.33,3.25,35244,13743063.00,2.44,0.30,0.01,0.39
2018-10-25,3.23,3.28,3.28,3.20,28751,11048998.00,2.43,-0.30,-0.01,0.32
2018-10-26,3.30,3.33,3.36,3.28,42882,16847418.00,2.44,1.52,0.05,0.47
2018-10-29,3.29,3.34,3.39,3.28,30467,12037340.00,3.30,0.30,0.01,0.34
2018-10-30,3.33,3.38,3.39,3.29,32953,13052693.00,2.99,1.20,0.04,0.36
2018-10-31,3.39,3.41,3.43,3.36,34731,13959027.00,2.07,0.89,0.03,0.38
2018-11-01,3.40,3.39,3.46,3.39,39166,15813079.00,2.05,-0.59,-0.02,0.43
2018-11-02,3.43,3.47,3.48,3.43,43114,17526253.00,1.47,2.36,0.08,0.48
2018-11-05,3.47,3.52,3.57,3.43,76023,31233658.00,4.03,1.44,0.05,0.84
2018-11-06,3.52,3.49,3.53,3.45,40376,16493522.00,2.27,-0.85,-0.03,0.45
2018-11-07,3.50,3.49,3.54,3.48,36391,14986468.00,1.72,0.00,0.00,0.40
2018-11-08,3.51,3.49,3.53,3.47,25187,10347286.00,1.72,0.00,0.00,0.28
2018-11-09,3.47,3.45,3.48,3.44,24534,9985104.00,1.15,-1.15,-0.04,0.27
2018-11-12,3.47,3.54,3.54,3.44,40529,16670202.00,2.90,2.61,0.09,0.45
2018-11-13,3.52,3.67,3.70,3.50,82652,35006003.00,5.65,3.67,0.13,0.91
2018-11-14,3.64,3.68,3.77,3.63,83087,35925264.00,3.81,0.27,0.01,0.92
2018-11-15,3.69,3.75,3.76,3.66,65568,28409010.00,2.72,1.90,0.07,0.73
2018-11-16,3.77,3.76,3.81,3.73,48663,21301763.00,2.13,0.27,0.01,0.54
2018-11-19,3.78,3.76,3.81,3.71,37550,16342702.00,2.66,0.00,0.00,0.42
2018-11-20,3.73,3.62,3.76,3.59,64203,27457836.00,4.52,-3.72,-0.14,0.71
2018-11-21,3.59,3.61,3.65,3.56,68604,28871242.00,2.49,-0.28,-0.01,0.76
2018-11-22,3.65,3.69,3.69,3.62,63131,26921484.00,1.94,2.22,0.08,0.70
2018-11-23,3.69,3.49,3.69,3.48,58429,24307893.00,5.69,-5.42,-0.20,0.65
2018-11-26,3.49,3.52,3.53,3.46,25397,10458350.00,2.01,0.86,0.03,0.28
2018-11-27,3.53,3.52,3.56,3.51,26587,11021990.00,1.42,0.00,0.00,0.29
2018-11-28,3.52,3.54,3.54,3.44,33512,13774562.00,2.84,0.57,0.02,0.37
2018-11-29,3.53,3.46,3.58,3.45,37186,15379786.00,3.67,-2.26,-0.08,0.41
2018-11-30,3.43,3.47,3.49,3.41,29068,11803025.00,2.31,0.29,0.01,0.32
2018-12-03,3.54,3.56,3.59,3.51,49091,20425948.00,2.31,2.59,0.09,0.54
2018-12-04,3.56,3.60,3.61,3.54,42620,17842573.00,1.97,1.12,0.04,0.47
2018-12-05,3.54,3.61,3.64,3.52,45139,18889128.00,3.33,0.28,0.01,0.50
2018-12-06,3.59,3.53,3.59,3.52,34215,14231216.00,1.94,-2.22,-0.08,0.38
2018-12-07,3.56,3.47,3.56,3.45,44797,18365254.00,3.12,-1.70,-0.06,0.50
2018-12-10,3.47,3.39,3.47,3.38,32328,12968170.00,2.59,-2.31,-0.08,0.36
2018-12-11,3.38,3.41,3.42,3.38,19486,7818334.00,1.18,0.59,0.02,0.22
2018-12-12,3.41,3.41,3.43,3.39,23597,9486835.00,1.17,0.00,0.00,0.26
2018-12-13,3.43,3.42,3.45,3.40,26290,10619051.00,1.47,0.29,0.01,0.29
2018-12-14,3.42,3.41,3.46,3.39,35392,14252110.00,2.05,-0.29,-0.01,0.39
2018-12-17,3.37,3.35,3.39,3.31,27382,10812300.00,2.35,-1.76,-0.06,0.30
2018-12-18,3.35,3.32,3.35,3.28,21355,8374490.00,2.09,-0.90,-0.03,0.24
2018-12-19,3.32,3.27,3.33,3.25,24916,9681847.00,2.41,-1.51,-0.05,0.28
2018-12-20,3.26,3.31,3.34,3.25,22186,8678446.00,2.75,1.22,0.04,0.25
2018-12-21,3.29,3.28,3.29,3.24,21506,8326292.00,1.51,-0.91,-0.03,0.24
2018-12-24,3.25,3.28,3.30,3.23,20361,7884442.00,2.13,0.00,0.00,0.23
2018-12-25,3.24,3.22,3.25,3.17,24176,9230594.00,2.44,-1.83,-0.06,0.27
2018-12-26,3.24,3.17,3.24,3.16,24996,9495478.00,2.48,-1.55,-0.05,0.28
2018-12-27,3.21,3.13,3.22,3.13,29476,11185879.00,2.84,-1.26,-0.04,0.33
2018-12-28,3.14,3.19,3.19,3.12,19238,7245255.00,2.24,1.92,0.06,0.21