2000-01-04,-1.19,-1.18,-1.18,-1.19,2501,1589000.00,-0.84,0.84,0.01,0.36
2000-01-05,-1.18,-1.17,-1.16,-1.18,4039,2609000.00,-1.69,0.85,0.01,0.58
2000-01-06,-1.18,-1.16,-1.15,-1.18,4790,3122000.00,-2.56,0.85,0.01,0.68
2000-01-07,-1.15,-1.14,-1.14,-1.16,25310,17059000.00,-1.72,1.72,0.02,3.62
2000-01-10,-1.14,-1.14,-1.13,-1.15,12225,8398000.00,-1.75,0.00,0.00,1.75
2000-01-11,-1.13,-1.16,-1.13,-1.16,12200,8266000.00,-2.63,-1.75,-0.02,1.74
2000-01-12,-1.17,-1.17,-1.16,-1.17,7214,4696000.00,-0.86,-0.86,-0.01,1.03
2000-01-13,-1.17,-1.18,-1.17,-1.18,3810,2438000.00,-0.85,-0.85,-0.01,0.54
2000-01-14,-1.18,-1.18,-1.17,-1.18,3261,2075000.00,-0.85,0.00,0.00,0.47
2000-01-17,-1.18,-1.18,-1.17,-1.18,3196,2035000.00,-0.85,0.00,0.00,0.46
2000-01-18,-1.18,-1.17,-1.16,-1.18,3571,2314000.00,-1.69,0.85,0.01,0.51
2000-01-19,-1.17,-1.15,-1.15,-1.17,4601,3060000.00,-1.71,1.71,0.02,0.66
2000-01-20,-1.15,-1.16,-1.15,-1.16,4512,3005000.00,-0.87,-0.87,-0.01,0.64
2000-01-21,-1.15,-1.16,-1.15,-1.17,7441,4887000.00,-1.72,0.00,0.00,1.06
2000-01-24,-1.17,-1.18,-1.17,-1.18,8167,5198000.00,-0.86,-1.72,-0.02,1.17
2000-01-25,-1.18,-1.16,-1.16,-1.18,7690,4947000.00,-1.69,1.69,0.02,1.10
2000-01-26,-1.17,-1.16,-1.16,-1.17,5233,3411000.00,-0.86,0.00,0.00,0.75
2000-01-27,-1.16,-1.17,-1.15,-1.17,11070,7246000.00,-1.72,-0.86,-0.01,1.58
2000-01-28,-1.17,-1.17,-1.16,-1.18,9750,6250000.00,-1.71,0.00,0.00,1.39
2000-02-14,-1.16,-1.12,-1.12,-1.16,15012,10320000.00,-3.42,4.27,0.05,2.14
2000-02-15,-1.11,-1.12,-1.07,-1.13,46630,35054000.00,-5.36,0.00,0.00,6.66
2000-02-16,-1.12,-1.10,-1.09,-1.12,23282,16986000.00,-2.68,1.79,0.02,3.33
2000-02-17,-1.09,-1.12,-1.05,-1.12,38828,29549000.00,-6.36,-1.82,-0.02,5.55
2000-02-18,-1.12,-1.09,-1.08,-1.12,31510,23519000.00,-3.57,2.68,0.03,4.50
2000-02-21,-1.07,-1.03,-1.03,-1.09,116978,94805000.00,-5.50,5.50,0.06,16.71
2000-02-22,-1.02,-1.06,-1.02,-1.07,73476,59483000.00,-4.85,-2.91,-0.03,10.50
2000-02-23,-1.07,-1.09,-1.04,-1.09,40489,31768000.00,-4.72,-2.83,-0.03,5.78
2000-02-24,-1.09,-1.09,-1.08,-1.10,16426,12359000.00,-1.83,0.00,0.00,2.35
2000-02-25,-1.09,-1.11,-1.08,-1.11,18898,14042000.00,-2.75,-1.83,-0.02,2.70
2000-02-28,-1.11,-1.06,-1.06,-1.11,28552,22110000.00,-4.50,4.50,0.05,4.08
2000-02-29,-1.03,-1.02,-1.00,-1.05,104360,88368000.00,-4.72,3.77,0.04,14.91
2000-03-01,-1.02,-1.04,-1.02,-1.05,26816,21982000.00,-2.94,-1.96,-0.02,3.83
2000-03-02,-1.04,-1.04,-1.02,-1.06,22643,18569000.00,-3.85,0.00,0.00,3.23
2000-03-03,-1.03,-1.04,-1.02,-1.05,22847,18914000.00,-2.88,0.00,0.00,3.26
2000-03-06,-1.04,-1.08,-1.03,-1.08,24832,19855000.00,-4.81,-3.85,-0.04,3.55
2000-03-07,-1.09,-1.08,-1.07,-1.09,12460,9515000.00,-1.85,0.00,0.00,1.78
2000-03-08,-1.07,-1.07,-1.05,-1.07,8895,6994000.00,-1.85,0.93,0.01,1.27
2000-03-09,-1.06,-1.07,-1.06,-1.09,11504,8893000.00,-2.80,0.00,0.00,1.64
2000-03-10,-1.08,-1.07,-1.06,-1.08,13368,10449000.00,-1.87,0.00,0.00,1.91
2000-03-13,-1.07,-1.05,-1.04,-1.07,11516,9217000.00,-2.80,1.87,0.02,1.65
2000-03-14,-1.05,-1.05,-1.04,-1.08,22997,18322000.00,-3.81,0.00,0.00,3.29
2000-03-15,-1.04,-1.01,-0.99,-1.05,66816,56917000.00,-5.71,3.81,0.04,9.55
2000-03-16,-1.02,-1.06,-1.02,-1.06,36450,29797000.00,-3.96,-4.95,-0.05,5.21
2000-03-17,-1.07,-1.04,-1.02,-1.07,21911,17944000.00,-4.72,1.89,0.02,3.13
2000-03-20,-1.04,-1.00,-1.00,-1.05,35248,30194000.00,-4.81,3.85,0.04,5.04
2000-03-21,-1.00,-0.98,-0.95,-1.00,57986,52254000.00,-5.00,2.00,0.02,8.28
2000-03-22,-0.98,-0.99,-0.98,-1.02,27485,24025000.00,-4.08,-1.02,-0.01,3.93
2000-03-23,-0.99,-0.98,-0.96,-1.00,30277,27330000.00,-4.04,1.01,0.01,4.33
2000-03-24,-0.98,-0.99,-0.97,-0.99,25168,22443000.00,-2.04,-1.02,-0.01,3.60
2000-03-27,-0.98,-0.96,-0.95,-0.99,24465,22390000.00,-4.04,3.03,0.03,3.50
2000-03-28,-0.96,-0.96,-0.93,-0.97,35467,33389000.00,-4.17,0.00,0.00,5.07
2000-03-29,-0.96,-0.98,-0.95,-0.99,23772,21414000.00,-4.17,-2.08,-0.02,3.40
2000-03-30,-0.97,-0.97,-0.97,-0.99,20072,18012000.00,-2.04,1.02,0.01,2.87
2000-03-31,-0.97,-0.98,-0.95,-0.98,26004,23850000.00,-3.09,-1.03,-0.01,3.71
2000-04-03,-0.98,-0.99,-0.98,-1.00,20355,17991000.00,-2.04,-1.02,-0.01,2.91
2000-04-04,-0.99,-1.01,-0.99,-1.01,15085,13071000.00,-2.02,-2.02,-0.02,2.16
2000-04-05,-1.01,-1.01,-0.99,-1.02,14889,12911000.00,-2.97,0.00,0.00,2.13
2000-04-06,-1.01,-0.99,-0.99,-1.01,12069,10579000.00,-1.98,1.98,0.02,1.72
2000-04-07,-0.98,-0.99,-0.98,-1.00,11904,10530000.00,-2.02,0.00,0.00,1.70
2000-04-10,-0.99,-0.99,-0.99,-1.00,12357,10883000.00,-1.01,0.00,0.00,1.77
2000-04-11,-0.99,-1.01,-0.99,-1.01,10869,9431000.00,-2.02,-2.02,-0.02,1.55
2000-04-12,-1.01,-0.99,-0.99,-1.02,10489,9086000.00,-2.97,1.98,0.02,1.50
2000-04-13,-0.99,-0.97,-0.97,-1.00,15939,14318000.00,-3.03,2.02,0.02,2.28
2000-04-14,-0.97,-0.98,-0.97,-0.99,11123,10027000.00,-2.06,-1.03,-0.01,1.59
2000-04-17,-0.98,-1.00,-0.98,-1.01,12211,10678000.00,-3.06,-2.04,-0.02,1.74
2000-04-18,-0.99,-0.99,-0.98,-1.00,6535,5767000.00,-2.00,1.00,0.01,0.93
2000-04-19,-0.99,-0.99,-0.98,-1.00,9321,8226000.00,-2.02,0.00,0.00,1.33
2000-04-20,-1.00,-0.99,-0.99,-1.00,10675,9395000.00,-1.01,0.00,0.00,1.53
2000-04-21,-0.99,-0.98,-0.97,-1.00,4566,4012285.00,-3.03,1.01,0.01,0.65
2000-04-24,-0.98,-0.96,-0.96,-0.98,19749,18144000.00,-2.04,2.04,0.02,2.82
2000-04-25,-0.96,-0.98,-0.95,-0.98,8553,7812000.00,-3.13,-2.08,-0.02,1.22
2000-04-26,-0.97,-0.98,-0.97,-0.98,8738,7925000.00,-1.02,0.00,0.00,1.25
2000-04-27,-0.98,-0.98,-0.97,-1.00,9403,8343000.00,-3.06,0.00,0.00,1.34
2000-04-28,-0.99,-1.00,-0.98,-1.00,8637,7542000.00,-2.04,-2.04,-0.02,1.23
2000-05-08,-1.00,-1.00,-0.99,-1.01,4922,4298000.00,-2.00,0.00,0.00,0.70
2000-05-09,-1.00,-1.01,-0.99,-1.01,5499,4742000.00,-2.00,-1.00,-0.01,0.79
2000-05-10,-1.01,-1.04,-1.01,-1.04,6858,5708000.00,-2.97,-2.97,-0.03,0.98
2000-05-11,-1.04,-1.04,-1.03,-1.05,7349,6011000.00,-1.92,0.00,0.00,1.05
2000-05-12,-1.04,-1.06,-1.04,-1.06,4410,3556000.00,-1.92,-1.92,-0.02,0.63
2000-05-15,-1.06,-1.06,-1.05,-1.07,3675,2900000.00,-1.89,0.00,0.00,0.53
2000-05-16,-1.06,-1.06,-1.05,-1.07,2509,1993000.00,-1.89,0.00,0.00,0.36
2000-05-17,-1.05,-1.06,-1.05,-1.06,2759,2202000.00,-0.94,0.00,0.00,0.39
2000-05-18,-1.06,-1.04,-1.04,-1.06,3104,2515000.00,-1.89,1.89,0.02,0.44
2000-05-19,-1.04,-1.03,-1.03,-1.04,5166,4266000.00,-0.96,0.96,0.01,0.74
2000-05-22,-1.03,-1.03,-1.02,-1.04,10277,8580000.00,-1.94,0.00,0.00,1.47
2000-05-23,-1.02,-1.02,-1.02,-1.03,6484,5442000.00,-0.97,0.97,0.01,0.93
2000-05-25,-1.01,-0.99,-0.98,-1.02,15030,13192000.00,-3.92,2.94,0.03,2.15
2000-05-26,-0.98,-1.00,-0.98,-1.01,10343,9060000.00,-3.03,-1.01,-0.01,1.48
2000-05-29,-1.00,-1.00,-0.99,-1.01,12393,10752000.00,-2.00,0.00,0.00,1.77
2000-05-30,-1.00,-1.01,-0.99,-1.02,9758,8419000.00,-3.00,-1.00,-0.01,1.39
2000-05-31,-1.01,-0.99,-0.98,-1.02,22164,19545000.00,-3.96,1.98,0.02,3.17
2000-06-01,-0.99,-0.99,-0.98,-1.00,11743,10361000.00,-2.02,0.00,0.00,1.68
2000-06-02,-0.99,-0.97,-0.97,-0.99,25167,22740000.00,-2.02,2.02,0.02,3.60
2000-06-05,-0.96,-0.99,-0.96,-0.99,21047,19140000.00,-3.09,-2.06,-0.02,3.01
2000-06-06,-0.99,-0.98,-0.98,-1.01,9853,8749000.00,-3.03,1.01,0.01,1.41
2000-06-07,-0.97,-0.98,-0.97,-0.99,11385,10278000.00,-2.04,0.00,0.00,1.63
2000-06-08,-0.97,-0.95,-0.93,-0.98,39715,37064000.00,-5.10,3.06,0.03,5.67
2000-06-09,-0.95,-0.97,-0.94,-0.97,18816,17430000.00,-3.16,-2.11,-0.02,2.69
2000-06-12,-0.97,-0.94,-0.94,-0.98,23691,22108000.00,-4.12,3.09,0.03,3.38
2000-06-13,-0.94,-0.92,-0.92,-0.95,30140,29006000.00,-3.19,2.13,0.02,4.31
2000-06-14,-0.92,-0.94,-0.92,-0.94,30561,29523000.00,-2.17,-2.17,-0.02,4.37
2000-06-15,-0.94,-0.95,-0.92,-0.96,17037,16176000.00,-4.26,-1.06,-0.01,2.43
2000-06-16,-0.96,-0.95,-0.94,-0.96,16625,15613000.00,-2.11,0.00,0.00,2.38
2000-06-19,-0.96,-0.96,-0.94,-0.96,12086,11288000.00,-2.11,-1.05,-0.01,1.73
2000-06-20,-0.96,-0.98,-0.96,-0.99,11323,10289000.00,-3.13,-2.08,-0.02,1.62
2000-06-21,-0.98,-0.97,-0.96,-0.98,7120,6467000.00,-2.04,1.02,0.01,1.02
2000-06-22,-0.97,-0.97,-0.97,-0.98,5748,5233000.00,-1.03,0.00,0.00,0.82
2000-06-23,-0.97,-0.96,-0.96,-0.98,8312,7602000.00,-2.06,1.03,0.01,1.19
2000-06-26,-0.96,-0.95,-0.95,-0.96,13507,12642000.00,-1.04,1.04,0.01,1.93
2000-06-27,-0.95,-0.96,-0.95,-0.96,8315,7746000.00,-1.05,-1.05,-0.01,1.19
2000-06-28,-0.96,-0.97,-0.95,-0.97,11283,10442000.00,-2.08,-1.04,-0.01,1.61
2000-06-29,-0.97,-0.96,-0.95,-0.97,19922,18392000.00,-2.06,1.03,0.01,2.85
2000-06-30,-0.96,-0.96,-0.95,-0.96,10123,9464000.00,-1.04,0.00,0.00,1.45
2000-07-03,-0.96,-0.98,-0.96,-0.99,9623,8714000.00,-3.13,-2.08,-0.02,1.37
2000-07-04,-0.98,-0.98,-0.98,-0.99,6600,5892000.00,-1.02,0.00,0.00,0.94
2000-07-05,-0.98,-0.98,-0.96,-0.98,3463,3149000.00,-2.04,0.00,0.00,0.49
2000-07-06,-0.97,-0.97,-0.97,-0.98,7436,6765000.00,-1.02,1.02,0.01,1.06
2000-07-07,-0.97,-0.97,-0.96,-0.98,4710,4311000.00,-2.06,0.00,0.00,0.67
2000-07-10,-0.96,-0.95,-0.95,-0.97,8912,8283000.00,-2.06,2.06,0.02,1.27
2000-07-11,-0.95,-0.95,-0.94,-0.96,7947,7432000.00,-2.11,0.00,0.00,1.14
2000-07-12,-0.95,-0.93,-0.92,-0.95,24961,24001000.00,-3.16,2.11,0.02,3.57
2000-07-13,-0.92,-0.93,-0.90,-0.93,25345,25103713.00,-3.23,0.00,0.00,3.62
2000-07-14,-0.93,-0.93,-0.92,-0.93,12186,11816000.00,-1.08,0.00,0.00,1.74
2000-07-17,-0.93,-0.92,-0.90,-0.93,26430,26308000.00,-3.23,1.08,0.01,3.78
2000-07-18,-0.92,-0.91,-0.90,-0.92,8850,8766000.00,-2.17,1.09,0.01,1.26
2000-07-19,-0.91,-0.93,-0.91,-0.93,11285,11011000.00,-2.20,-2.20,-0.02,1.61
2000-07-20,-0.93,-0.93,-0.92,-0.94,8074,7822000.00,-2.15,0.00,0.00,1.15
2000-07-21,-0.93,-0.93,-0.92,-0.94,15362,14866000.00,-2.15,0.00,0.00,2.19
2000-07-24,-0.93,-0.90,-0.89,-0.93,33192,32945000.00,-4.30,3.23,0.03,4.74
2000-07-25,-0.90,-0.87,-0.86,-0.91,43278,44650000.00,-5.56,3.33,0.03,6.18
2000-07-26,-0.87,-0.86,-0.85,-0.87,40981,43441000.00,-2.30,1.15,0.01,5.85
2000-07-27,-0.86,-0.84,-0.83,-0.86,46364,50086000.00,-3.49,2.33,0.02,6.62
2000-07-28,-0.84,-0.83,-0.83,-0.85,29161,31702000.00,-2.38,1.19,0.01,4.17
2000-07-31,-0.83,-0.80,-0.79,-0.83,37349,42256000.00,-4.82,3.61,0.03,5.34
2000-08-01,-0.80,-0.83,-0.80,-0.83,26777,29802000.00,-3.75,-3.75,-0.03,3.83
2000-08-02,-0.83,-0.84,-0.82,-0.85,21588,23482000.00,-3.61,-1.20,-0.01,3.08
2000-08-03,-0.84,-0.81,-0.81,-0.84,20596,22873000.00,-3.57,3.57,0.03,2.94
2000-08-04,-0.81,-0.84,-0.80,-0.85,21112,23167000.00,-6.17,-3.70,-0.03,3.02
2000-08-07,-0.85,-0.86,-0.84,-0.87,29255,31016000.00,-3.57,-2.38,-0.02,4.18
2000-08-08,-0.86,-0.84,-0.84,-0.87,15135,16187000.00,-3.49,2.33,0.02,2.16
2000-08-09,-0.84,-0.85,-0.84,-0.86,11096,11881000.00,-2.38,-1.19,-0.01,1.59
2000-08-10,-0.85,-0.84,-0.84,-0.87,24459,25977000.00,-3.53,1.18,0.01,3.49
2000-08-11,-0.84,-0.83,-0.82,-0.85,17550,19157000.00,-3.57,1.19,0.01,2.51
2000-08-14,-0.82,-0.83,-0.82,-0.84,12562,13808000.00,-2.41,0.00,0.00,1.79
2000-08-15,-0.82,-0.83,-0.81,-0.84,8766,9671000.00,-3.61,0.00,0.00,1.25
2000-08-16,-0.83,-0.84,-0.83,-0.84,9078,9852000.00,-1.20,-1.20,-0.01,1.30
2000-08-17,-0.84,-0.83,-0.83,-0.84,8243,9027000.00,-1.19,1.19,0.01,1.18
2000-08-18,-0.83,-0.84,-0.83,-0.84,5627,6146000.00,-1.20,-1.20,-0.01,0.80
2000-08-21,-0.83,-0.77,-0.76,-0.83,33171,38408000.00,-8.33,8.33,0.07,4.74
2000-08-22,-0.76,-0.80,-0.76,-0.80,22067,25680000.00,-5.19,-3.90,-0.03,3.15
2000-08-23,-0.81,-0.81,-0.80,-0.86,35678,39328000.00,-7.50,-1.25,-0.01,5.10
2000-08-24,-0.81,-0.79,-0.79,-0.82,23283,26331000.00,-3.70,2.47,0.02,3.33
2000-08-25,-0.78,-0.78,-0.77,-0.79,15626,16974000.00,-2.53,1.27,0.01,2.11
2000-08-28,-0.78,-0.78,-0.77,-0.79,11037,11999000.00,-2.56,0.00,0.00,1.49
2000-08-29,-0.78,-0.74,-0.74,-0.79,25527,28491000.00,-6.41,5.13,0.04,3.44
2000-08-30,-0.74,-0.73,-0.72,-0.77,28586,32745000.00,-6.76,1.35,0.01,3.85
2000-08-31,-0.75,-0.74,-0.72,-0.75,41005,47087000.00,-4.11,-1.37,-0.01,5.53
2000-09-01,-0.76,-0.76,-0.73,-0.78,34695,38914000.00,-6.76,-2.70,-0.02,4.68
2000-09-04,-0.76,-0.77,-0.75,-0.79,18172,20029000.00,-5.26,-1.32,-0.01,2.45
2000-09-05,-0.77,-0.76,-0.73,-0.78,28247,31892000.00,-6.49,1.30,0.01,3.81
2000-09-06,-0.75,-0.73,-0.70,-0.75,87209,101988000.00,-6.58,3.95,0.03,11.75
2000-09-07,-0.73,-0.71,-0.71,-0.74,34403,40116000.00,-4.11,2.74,0.02,4.64
2000-09-08,-0.71,-0.69,-0.67,-0.72,47809,57720000.00,-7.04,2.82,0.02,6.44
2000-09-11,-0.66,-0.67,-0.66,-0.70,48194,58845000.00,-5.80,2.90,0.02,6.50
2000-09-12,-0.67,-0.68,-0.67,-0.70,25042,30270000.00,-4.48,-1.49,-0.01,3.37
2000-09-13,-0.69,-0.71,-0.68,-0.72,23969,28618000.00,-5.88,-4.41,-0.03,3.23
2000-09-14,-0.71,-0.69,-0.69,-0.72,17634,20911000.00,-4.23,2.82,0.02,2.38
2000-09-18,-0.69,-0.73,-0.69,-0.74,18234,21329000.00,-7.25,-5.80,-0.04,2.46
2000-09-19,-0.74,-0.78,-0.74,-0.81,27904,30452000.00,-9.59,-6.85,-0.05,3.76
2000-09-20,-0.79,-0.77,-0.77,-0.80,12236,13305000.00,-3.85,1.28,0.01,1.65
2000-09-21,-0.77,-0.77,-0.75,-0.79,10056,11122000.00,-5.19,0.00,0.00,1.36
2000-09-22,-0.78,-0.76,-0.74,-0.79,24716,27808000.00,-6.49,1.30,0.01,3.33
2000-09-25,-0.75,-0.78,-0.75,-0.78,11585,12784000.00,-3.95,-2.63,-0.02,1.56
2000-09-26,-0.78,-0.77,-0.77,-0.79,7969,8667000.00,-2.56,1.28,0.01,1.07
2000-09-27,-0.77,-0.76,-0.75,-0.78,5045,5584000.00,-3.90,1.30,0.01,0.68
2000-09-28,-0.76,-0.78,-0.76,-0.79,4839,5323000.00,-3.95,-2.63,-0.02,0.65
2000-09-29,-0.78,-0.78,-0.77,-0.78,4456,4884000.00,-1.28,0.00,0.00,0.60
2000-10-09,-0.77,-0.78,-0.77,-0.81,17687,19106000.00,-5.13,0.00,0.00,2.38
2000-10-10,-0.77,-0.75,-0.75,-0.78,9742,10829000.00,-3.85,3.85,0.03,1.31
2000-10-11,-0.75,-0.76,-0.73,-0.77,12784,14489000.00,-5.33,-1.33,-0.01,1.72
2000-10-12,-0.76,-0.73,-0.73,-0.77,11991,13578000.00,-5.26,3.95,0.03,1.62
2000-10-13,-0.73,-0.74,-0.72,-0.74,15819,18298000.00,-2.74,-1.37,-0.01,2.13
2000-10-16,-0.74,-0.76,-0.74,-0.76,8768,9838000.00,-2.70,-2.70,-0.02,1.18
2000-10-17,-0.76,-0.74,-0.74,-0.76,4591,5176000.00,-2.63,2.63,0.02,0.62
2000-10-18,-0.74,-0.74,-0.73,-0.75,6142,7023000.00,-2.70,0.00,0.00,0.83
2000-10-19,-0.73,-0.74,-0.73,-0.75,7380,8412000.00,-2.70,0.00,0.00,0.99
2000-10-20,-0.75,-0.73,-0.73,-0.77,14672,16626000.00,-5.41,1.35,0.01,1.98
2000-10-23,-0.73,-0.72,-0.72,-0.74,12416,14311000.00,-2.74,1.37,0.01,1.67
2000-10-24,-0.73,-0.73,-0.71,-0.74,10147,11734000.00,-4.17,-1.39,-0.01,1.37
2000-10-25,-0.72,-0.72,-0.71,-0.74,9604,11223000.00,-4.11,1.37,0.01,1.29
2000-10-26,-0.72,-0.70,-0.69,-0.72,24089,28736000.00,-4.17,2.78,0.02,3.25
2000-10-27,-0.70,-0.70,-0.69,-0.71,10544,12557000.00,-2.86,0.00,0.00,1.42
2000-10-30,-0.70,-0.69,-0.68,-0.70,10445,12563000.00,-2.86,1.43,0.01,1.41
2000-10-31,-0.69,-0.69,-0.68,-0.70,16075,19299000.00,-2.90,0.00,0.00,2.17
2000-11-01,-0.69,-0.69,-0.68,-0.70,15612,18768000.00,-2.90,0.00,0.00,2.10
2000-11-02,-0.69,-0.72,-0.69,-0.72,13398,15867000.00,-4.35,-4.35,-0.03,1.81
2000-11-03,-0.72,-0.69,-0.68,-0.73,16206,19198000.00,-6.94,4.17,0.03,2.18
2000-11-06,-0.69,-0.71,-0.69,-0.71,7177,8590000.00,-2.90,-2.90,-0.02,0.97
2000-11-07,-0.70,-0.69,-0.69,-0.72,12975,15430000.00,-4.23,2.82,0.02,1.75
2000-11-08,-0.69,-0.70,-0.69,-0.71,5724,6828000.00,-2.90,-1.45,-0.01,0.77
2000-11-09,-0.69,-0.68,-0.68,-0.70,19703,23877000.00,-2.86,2.86,0.02,2.66
2000-11-10,-0.67,-0.65,-0.64,-0.68,34438,42752000.00,-5.88,4.41,0.03,4.64
2000-11-13,-0.64,-0.65,-0.63,-0.66,29024,36604000.00,-4.62,0.00,0.00,3.91
2000-11-14,-0.65,-0.62,-0.61,-0.67,30388,38777000.00,-9.23,4.62,0.03,4.10
2000-11-15,-0.60,-0.62,-0.60,-0.64,17163,22177000.00,-6.45,0.00,0.00,2.31
2000-11-16,-0.62,-0.61,-0.60,-0.63,21235,27554000.00,-4.84,1.61,0.01,2.86
2000-11-17,-0.61,-0.62,-0.60,-0.64,17896,23019000.00,-6.56,-1.64,-0.01,2.41
2000-11-20,-0.65,-0.66,-0.63,-0.67,39435,49127000.00,-6.45,-6.45,-0.04,5.31
2000-11-21,-0.69,-0.68,-0.66,-0.69,19211,23574000.00,-4.55,-3.03,-0.02,2.59
2000-11-22,-0.68,-0.65,-0.64,-0.69,14998,18635000.00,-7.35,4.41,0.03,2.02
2000-11-23,-0.65,-0.65,-0.65,-0.67,13631,16924000.00,-3.08,0.00,0.00,1.84
2000-11-24,-0.65,-0.69,-0.65,-0.70,18544,22673000.00,-7.69,-6.15,-0.04,2.50
2000-11-27,-0.70,-0.69,-0.69,-0.71,10907,13015000.00,-2.90,0.00,0.00,1.47
2000-11-28,-0.68,-0.68,-0.67,-0.69,6523,7926000.00,-2.90,1.45,0.01,0.88
2000-11-29,-0.68,-0.68,-0.67,-0.71,12835,15397000.00,-5.88,0.00,0.00,1.73
2000-11-30,-0.68,-0.67,-0.67,-0.70,7044,8530000.00,-4.41,1.47,0.01,0.95
2000-12-01,-0.67,-0.67,-0.67,-0.69,6075,7423000.00,-2.99,0.00,0.00,0.82
2000-12-04,-0.68,-0.66,-0.66,-0.68,10923,13385000.00,-2.99,1.49,0.01,1.47
2000-12-05,-0.66,-0.66,-0.66,-0.67,7641,9424000.00,-1.52,0.00,0.00,1.03
2000-12-06,-0.66,-0.68,-0.65,-0.68,8757,10860000.00,-4.55,-3.03,-0.02,1.18
2000-12-07,-0.68,-0.68,-0.67,-0.70,13095,15849000.00,-4.41,0.00,0.00,1.76
2000-12-08,-0.69,-0.69,-0.68,-0.70,5261,6332000.00,-2.94,-1.47,-0.01,0.71
2000-12-11,-0.69,-0.71,-0.69,-0.72,11459,13536000.00,-4.35,-2.90,-0.02,1.54
2000-12-12,-0.71,-0.72,-0.70,-0.73,8397,9791000.00,-4.23,-1.41,-0.01,1.13
2000-12-13,-0.71,-0.71,-0.70,-0.72,4432,5211000.00,-2.78,1.39,0.01,0.60
2000-12-14,-0.71,-0.72,-0.71,-0.73,4878,5714000.00,-2.82,-1.41,-0.01,0.66
2000-12-15,-0.72,-0.73,-0.71,-0.74,6703,7731000.00,-4.17,-1.39,-0.01,0.90
2000-12-18,-0.73,-0.72,-0.72,-0.74,9956,11522000.00,-2.74,1.37,0.01,1.34
2000-12-19,-0.71,-0.70,-0.69,-0.72,9599,11315000.00,-4.17,2.78,0.02,1.29
2000-12-20,-0.70,-0.67,-0.67,-0.71,10709,12897000.00,-5.71,4.29,0.03,1.44
2000-12-21,-0.67,-0.68,-0.67,-0.70,15141,18295000.00,-4.48,-1.49,-0.01,2.04
2000-12-22,-0.68,-0.67,-0.66,-0.70,27524,33548000.00,-5.88,1.47,0.01,3.71
2000-12-25,-0.67,-0.65,-0.65,-0.69,12503,15387000.00,-5.97,2.99,0.02,1.69
2000-12-26,-0.66,-0.64,-0.64,-0.67,22456,28112000.00,-4.62,1.54,0.01,3.03
2000-12-27,-0.65,-0.65,-0.63,-0.66,20793,26159000.00,-4.69,-1.56,-0.01,2.80
2000-12-29,-0.65,-0.67,-0.62,-0.68,35141,44502000.00,-9.23,-3.08,-0.02,4.74