2015-01-05,8.35,8.18,8.35,7.96,13783,59024731.00,4.65,-2.39,-0.20,4.05
2015-01-06,8.14,8.52,8.59,8.04,22191,97498535.00,6.72,4.16,0.34,6.53
2015-01-07,8.51,8.19,8.51,8.11,18172,78766006.00,4.69,-3.87,-0.33,5.34
2015-01-08,8.15,8.09,8.33,8.08,15017,64872861.00,3.05,-1.22,-0.10,4.42
2015-01-09,7.96,7.93,8.21,7.91,16048,67923149.00,3.71,-1.98,-0.16,4.72
2015-01-12,7.87,7.57,7.96,7.48,16787,68486644.00,6.05,-4.54,-0.36,4.94
2015-01-13,7.57,8.46,8.46,7.56,26965,115575705.00,11.89,11.76,0.89,7.93
2015-01-14,8.52,8.33,8.53,8.19,31508,137714108.00,4.02,-1.54,-0.13,9.27
2015-01-15,8.47,8.25,8.53,8.23,25632,112328722.00,3.60,-0.96,-0.08,7.54
2015-01-16,8.15,8.37,8.49,8.09,23161,101211659.00,4.85,1.45,0.12,6.81
2015-01-19,8.18,8.66,9.34,8.07,60375,278787264.00,15.17,3.46,0.29,17.76
2015-01-20,8.67,9.10,9.16,8.44,50947,235155828.00,8.31,5.08,0.44,14.98
2015-01-21,9.07,9.01,9.21,8.92,35162,164482250.00,3.19,-0.99,-0.09,10.34
2015-01-22,8.96,9.17,9.29,8.92,32001,151477035.00,4.11,1.78,0.16,9.41
2015-01-23,9.25,8.86,9.29,8.81,28501,133106015.00,5.23,-3.38,-0.31,8.38
2015-01-26,8.86,8.91,8.95,8.81,13242,61060690.00,1.58,0.56,0.05,3.89
2015-01-27,8.91,8.77,8.98,8.65,17164,78662696.00,3.70,-1.57,-0.14,5.05
2015-01-28,8.79,8.74,8.87,8.69,12735,58226714.00,2.05,-0.34,-0.03,3.75
2015-01-29,8.64,8.62,8.76,8.59,8046,36318149.00,1.95,-1.37,-0.12,2.37
2015-01-30,8.71,8.41,8.71,8.41,11690,52106290.00,3.48,-2.44,-0.21,3.44
2015-02-02,8.29,8.42,8.48,8.20,7713,33803374.00,3.33,0.12,0.01,2.27
2015-02-03,8.38,8.67,8.74,8.38,12818,57685324.00,4.28,2.97,0.25,3.77
2015-02-04,8.73,8.52,8.79,8.52,10593,47715526.00,3.11,-1.73,-0.15,3.12
2015-02-05,8.55,8.37,8.67,8.36,12641,56397067.00,3.64,-1.76,-0.15,3.72
2015-02-06,8.25,7.95,8.33,7.94,16469,70123505.00,4.66,-5.02,-0.42,4.84
2015-02-09,7.94,7.82,8.00,7.79,6967,29051702.00,2.64,-1.64,-0.13,2.05
2015-02-10,7.82,7.95,7.95,7.82,6323,26312746.00,1.66,1.66,0.13,1.86
2015-02-11,7.96,8.01,8.10,7.93,5587,23580410.00,2.14,0.75,0.06,1.64
2015-02-12,8.02,8.16,8.23,8.02,8929,38315400.00,2.62,1.87,0.15,2.63
2015-02-13,8.20,8.30,8.34,8.19,11745,51069168.00,1.84,1.72,0.14,3.45
2015-02-16,8.31,8.38,8.42,8.25,9591,41957198.00,2.05,0.96,0.08,2.82
2015-02-17,8.36,8.40,8.48,8.36,8450,37168926.00,1.43,0.24,0.02,2.49
2015-02-25,8.47,8.17,8.47,8.12,8579,37194238.00,4.17,-2.74,-0.23,2.52
2015-02-26,8.17,8.26,8.27,8.10,7771,33383227.00,2.08,1.10,0.09,2.29
2015-02-27,8.25,8.39,8.40,8.19,10938,47803712.00,2.54,1.57,0.13,3.22
2015-03-02,8.47,8.72,8.74,8.41,19848,88999877.00,3.93,3.93,0.33,5.84
2015-03-03,8.73,8.46,8.73,8.45,17233,77059682.00,3.21,-2.98,-0.26,5.07
2015-03-04,8.41,8.57,8.62,8.41,12471,55748641.00,2.48,1.30,0.11,3.67
2015-03-05,8.63,8.83,8.91,8.58,31315,142622783.00,3.85,3.03,0.26,9.21
2015-03-06,8.93,8.58,8.93,8.51,23291,105048815.00,4.76,-2.83,-0.25,6.85
2015-03-09,8.41,8.50,8.57,8.36,9696,42983234.00,2.45,-0.93,-0.08,2.85
2015-03-10,8.49,8.61,8.69,8.48,12310,55285849.00,2.47,1.29,0.11,3.62
2015-03-11,8.60,8.43,8.62,8.37,12885,56995621.00,2.90,-2.09,-0.18,3.79
2015-03-12,8.36,8.19,8.43,8.16,16483,71509624.00,3.20,-2.85,-0.24,4.85
2015-03-13,8.23,8.42,8.43,8.23,11897,52200141.00,2.44,2.81,0.23,3.50
2015-03-16,8.52,8.74,8.77,8.52,23167,104618628.00,2.97,3.80,0.32,6.81
2015-03-17,8.84,8.76,8.85,8.64,30521,139314098.00,2.40,0.23,0.02,8.98
2015-03-18,8.80,9.49,9.67,8.76,58404,278736512.00,10.39,8.33,0.73,17.18
2015-03-19,9.52,10.38,10.56,9.30,86411,440897040.00,13.28,9.38,0.89,25.42
2015-03-20,10.48,10.19,10.50,10.07,42837,224232823.00,4.14,-1.83,-0.19,12.60
2015-03-23,10.21,10.40,10.41,9.93,35791,185713187.00,4.71,2.06,0.21,10.53
2015-03-24,10.39,10.21,10.55,9.84,42192,219003375.00,6.83,-1.83,-0.19,12.41
2015-03-25,10.15,10.18,10.28,9.85,30893,158891531.00,4.21,-0.29,-0.03,9.09
2015-03-26,10.16,9.63,10.16,9.49,32998,166137160.00,6.58,-5.40,-0.55,9.71
2015-03-27,9.62,10.18,10.18,9.54,31965,162706501.00,6.65,5.71,0.55,9.40
2015-03-30,10.18,10.04,10.18,9.85,23288,119186364.00,3.24,-1.38,-0.14,6.85
2015-03-31,9.89,9.94,10.18,9.83,20021,102551453.00,3.49,-1.00,-0.10,5.89
2015-04-01,9.90,9.93,10.02,9.89,30939,157343902.00,1.31,-0.10,-0.01,9.10
2015-04-02,9.91,10.34,10.34,9.91,45318,234186017.00,4.33,4.13,0.41,13.33
2015-04-03,10.34,11.11,11.32,10.18,64590,353625472.00,11.03,7.45,0.77,19.00
2015-04-07,11.09,11.12,11.40,10.99,37324,210557141.00,3.69,0.09,0.01,10.98
2015-04-08,11.21,10.57,11.21,10.30,48034,261406686.00,8.18,-4.95,-0.55,14.13
2015-04-09,10.53,10.59,10.63,9.96,32389,169835914.00,6.34,0.19,0.02,9.53
2015-04-10,10.53,10.89,10.99,10.41,29067,159470331.00,5.48,2.83,0.30,8.55
2015-04-13,10.93,11.55,11.86,10.89,47884,275987856.00,8.91,6.06,0.66,14.08
2015-04-14,11.55,12.00,12.36,11.41,51175,308036160.00,8.23,3.90,0.45,15.05
2015-04-15,12.63,12.00,12.63,11.47,55004,332189616.00,9.67,0.00,0.00,16.18
2015-04-16,11.95,13.09,13.31,11.70,61627,391351296.00,13.42,9.08,1.09,18.13
2015-04-17,13.16,12.83,13.43,12.52,42259,272203696.00,6.95,-1.99,-0.26,12.43
2015-04-20,12.63,11.69,12.96,11.52,46206,282790144.00,11.22,-8.89,-1.14,13.59
2015-04-21,11.63,12.08,12.11,11.53,26913,160996117.00,4.96,3.34,0.39,7.92
2015-04-22,12.10,12.15,12.35,11.94,25265,153464739.00,3.39,0.58,0.07,7.43
2015-04-23,12.45,11.97,12.45,11.89,22593,135844009.00,4.61,-1.48,-0.18,6.64
2015-04-24,11.85,11.70,11.85,11.32,27340,158223176.00,4.43,-2.26,-0.27,8.04
2015-04-27,11.73,12.09,12.45,11.73,28112,169907215.00,6.15,3.33,0.39,8.27
2015-04-28,12.08,11.56,12.12,11.47,22209,130033206.00,5.38,-4.38,-0.53,6.53
2015-04-29,11.41,11.87,11.96,11.41,15689,91997950.00,4.76,2.68,0.31,4.61
2015-04-30,11.85,12.08,12.21,11.83,24392,146589708.00,3.20,1.77,0.21,7.17
2015-05-04,12.07,11.77,12.11,11.63,14681,86081406.00,3.97,-2.57,-0.31,4.32
2015-05-05,11.65,11.36,11.72,11.18,20761,118340499.00,4.59,-3.48,-0.41,6.11
2015-05-06,11.37,11.20,11.71,11.18,16281,93304971.00,4.67,-1.41,-0.16,4.79
2015-05-07,11.07,10.56,11.29,10.56,15875,86598272.00,6.52,-5.71,-0.64,4.67
2015-05-08,10.74,11.06,11.08,10.72,19310,105352369.00,3.41,4.73,0.50,5.68
2015-05-11,11.21,12.15,12.25,11.21,31948,187325192.00,9.40,9.86,1.09,9.40
2015-05-12,12.22,12.18,12.98,12.07,51184,316902768.00,7.49,0.25,0.03,15.05
2015-05-13,11.83,12.48,12.92,11.65,36065,218836100.00,10.43,2.46,0.30,10.61
2015-05-14,12.45,13.85,13.85,12.30,56620,371555056.00,12.42,10.98,1.37,16.65
2015-05-15,13.79,13.36,13.85,12.85,37121,244544745.00,7.22,-3.54,-0.49,10.92
2015-05-18,13.43,14.46,14.82,13.43,42063,294121184.00,10.40,8.23,1.10,12.37
2015-05-19,14.84,14.32,15.38,13.85,38726,270345920.00,10.58,-0.97,-0.14,11.39
2015-05-20,14.38,13.80,14.81,13.71,37029,259637050.00,7.68,-3.63,-0.52,10.89
2015-05-21,13.47,14.05,14.20,13.43,30906,210177790.00,5.58,1.81,0.25,9.09
2015-05-22,14.44,14.41,14.56,13.58,36244,250045836.00,6.98,2.56,0.36,10.66
2015-05-25,13.19,14.43,14.85,13.19,37937,264486469.00,11.52,0.14,0.02,11.16
2015-05-26,14.51,15.74,15.98,14.38,44193,330693744.00,11.09,9.08,1.31,13.00
2015-05-27,15.81,17.41,17.44,15.09,59639,476026768.00,14.93,10.61,1.67,17.54
2015-05-28,17.49,16.27,19.00,16.25,66748,580088688.00,15.80,-6.55,-1.14,19.63
2015-05-29,16.29,15.85,16.92,15.09,46614,363343952.00,11.25,-2.58,-0.42,13.71
2015-06-01,15.97,16.27,16.51,15.47,34058,265100441.00,6.56,2.65,0.42,10.02
2015-06-02,16.27,16.58,16.73,15.86,32725,257683360.00,5.35,1.91,0.31,9.63
2015-06-03,16.99,17.10,18.05,16.68,35900,299695360.00,8.26,3.14,0.52,10.56
2015-06-04,16.92,15.32,17.07,15.27,38745,299079680.00,10.53,-10.41,-1.78,11.40
2015-06-05,15.82,15.09,16.01,14.73,33069,245894030.00,8.36,-1.50,-0.23,9.73
2015-06-08,15.36,13.69,15.38,13.61,51783,357393840.00,11.73,-9.28,-1.40,15.23
2015-06-09,13.63,14.05,14.27,13.52,32343,221284378.00,5.48,2.63,0.36,9.51
2015-06-10,13.95,14.78,14.84,13.81,32390,229244111.00,7.33,5.20,0.73,9.53
2015-06-11,14.75,14.74,14.87,14.55,23256,166924966.00,2.17,-0.27,-0.04,6.84
2015-06-12,14.81,14.42,14.87,14.25,25040,178365309.00,4.21,-2.17,-0.32,7.36
2015-06-15,14.47,13.47,14.49,13.47,32370,218927843.00,7.07,-6.59,-0.95,9.52
2015-06-16,13.21,13.80,14.03,12.71,31640,207952819.00,9.80,2.45,0.33,9.31
2015-06-17,13.80,14.29,14.34,13.55,25515,175010059.00,5.72,3.55,0.49,7.50
2015-06-18,14.14,13.18,14.23,13.18,21465,144798610.00,7.35,-7.77,-1.11,6.31
2015-06-19,12.76,12.23,12.96,12.09,21692,134992961.00,6.60,-7.21,-0.95,6.38
2015-06-23,12.39,12.96,12.96,11.76,18184,112639936.00,9.81,5.97,0.73,5.35
2015-06-24,13.26,13.39,13.60,12.96,23490,153816211.00,4.94,3.32,0.43,6.91
2015-06-25,13.40,12.48,13.43,12.30,18744,120294833.00,8.44,-6.80,-0.91,5.51
2015-06-26,12.07,11.11,12.20,11.11,26230,151408728.00,8.73,-10.98,-1.37,7.71
2015-06-29,11.63,9.89,11.63,9.88,29107,155048360.00,15.75,-10.98,-1.22,8.56
2015-06-30,9.27,10.98,11.00,9.27,40753,210545313.00,17.49,11.02,1.09,11.99
2015-07-01,10.63,10.35,11.40,10.33,25136,138515678.00,9.74,-5.74,-0.63,7.39
2015-07-02,10.51,9.51,10.70,9.19,27997,140205296.00,14.59,-8.12,-0.84,8.23
2015-07-03,9.25,9.14,10.07,8.53,25515,120355915.00,16.19,-3.89,-0.37,7.50
2015-07-06,10.18,8.32,10.18,8.10,38745,177269827.00,22.76,-8.97,-0.82,11.40
2015-07-07,8.07,7.36,8.07,7.36,20760,82911515.00,8.53,-11.54,-0.96,6.11
2015-07-08,6.50,6.50,6.94,6.50,46231,162929874.00,5.98,-11.68,-0.86,13.60
2015-07-09,5.98,7.28,7.28,5.98,34047,126981120.00,20.00,12.00,0.78,10.01
2015-07-10,8.03,8.13,8.13,7.76,14869,62212303.00,5.08,11.68,0.85,4.37
2015-07-13,8.74,9.07,9.07,8.60,29474,135387941.00,5.78,11.56,0.94,8.67
2015-07-14,9.20,9.46,10.03,9.05,50759,245815946.00,10.80,4.30,0.39,14.93
2015-07-15,9.11,8.39,9.36,8.39,29029,130022033.00,10.25,-11.31,-1.07,8.54
2015-07-16,8.39,8.75,9.05,7.63,24324,107854257.00,16.92,4.29,0.36,7.15
2015-07-17,8.85,9.53,9.63,8.78,19787,93576619.00,9.71,8.91,0.78,5.82
2015-07-20,9.53,9.53,9.82,9.19,24987,121474282.00,6.61,0.00,0.00,7.35
2015-07-21,9.41,9.67,9.76,9.16,19145,92992074.00,6.30,1.47,0.14,5.63
2015-07-22,9.72,9.67,9.80,9.36,20103,98248827.00,4.55,0.00,0.00,5.91
2015-07-23,9.67,10.41,10.52,9.42,29636,151043540.00,11.38,7.65,0.74,8.72
2015-07-24,10.41,9.83,10.50,9.77,34406,178333745.00,7.01,-5.57,-0.58,10.12
2015-07-27,9.49,8.72,9.96,8.72,30478,145471049.00,12.61,-11.29,-1.11,8.96
2015-07-28,8.15,8.71,9.36,7.74,27387,121085204.00,18.58,-0.11,-0.01,8.05
2015-07-29,8.91,9.32,9.34,8.37,19926,90569494.00,11.14,7.00,0.61,5.86
2015-07-30,9.19,9.28,9.68,9.09,24607,118514245.00,6.33,-0.43,-0.04,7.24
2015-07-31,8.96,9.39,9.61,8.85,21403,100943646.00,8.19,1.19,0.11,6.30
2015-08-03,9.25,8.61,9.39,8.36,19094,87469916.00,10.97,-8.31,-0.78,5.62
2015-08-04,8.63,9.34,9.40,8.43,21182,97214792.00,11.27,8.48,0.73,6.23
2015-08-05,9.26,9.54,9.84,9.07,25965,125199152.00,8.24,2.14,0.20,7.64
2015-08-06,9.19,9.65,9.84,9.18,18463,90064975.00,6.92,1.15,0.11,5.43
2015-08-07,9.65,9.94,10.02,9.65,22397,112444199.00,3.83,3.01,0.29,6.59
2015-08-10,10.05,10.35,10.47,9.86,24293,125292782.00,6.14,4.12,0.41,7.14
2015-08-11,10.34,10.41,10.69,10.26,24969,131602038.00,4.15,0.58,0.06,7.34
2015-08-12,10.30,9.89,10.47,9.87,21692,111695064.00,5.76,-5.00,-0.52,6.38
2015-08-13,9.90,10.27,10.32,9.81,14705,74761456.00,5.16,3.84,0.38,4.33
2015-08-14,10.43,10.24,10.43,10.13,12565,65188677.00,2.92,-0.29,-0.03,3.70
2015-08-17,10.27,10.07,10.47,9.92,16769,86177174.00,5.37,-1.66,-0.17,4.93
2015-08-18,10.08,8.94,10.23,8.94,23262,114148743.00,12.81,-11.22,-1.13,6.84
2015-08-19,8.33,8.95,9.05,8.05,17464,77117986.00,11.19,0.11,0.01,5.14
2015-08-20,8.85,8.57,9.04,8.39,10843,48882088.00,7.26,-4.25,-0.38,3.19
2015-08-21,8.32,7.85,8.47,7.65,12540,53120688.00,9.57,-8.40,-0.72,3.69
2015-08-24,7.41,6.94,7.50,6.94,10841,40432024.00,7.13,-11.59,-0.91,3.19
2015-08-25,6.12,6.12,6.57,6.12,16868,57219401.00,6.48,-11.82,-0.82,4.96
2015-08-26,6.34,6.29,6.85,5.87,19526,67690804.00,16.01,2.78,0.17,5.74
2015-08-27,6.56,6.72,6.85,6.40,15251,54261121.00,7.15,6.84,0.43,4.49
2015-08-28,6.88,7.23,7.27,6.61,14870,54781415.00,9.82,7.59,0.51,4.37
2015-08-31,7.01,7.01,7.54,6.96,13944,53578476.00,8.02,-3.04,-0.22,4.10
2015-09-01,6.92,6.29,6.92,6.29,10605,37266191.00,8.99,-10.27,-0.72,3.12
2015-09-02,6.07,6.29,6.93,5.56,11198,38982645.00,21.78,0.00,0.00,3.29
2015-09-07,6.43,6.58,6.83,6.43,10672,38076417.00,6.36,4.61,0.29,3.14
2015-09-08,6.54,7.24,7.35,6.48,16799,61613003.00,13.22,10.03,0.66,4.94
2015-09-09,7.24,7.44,7.62,7.14,18084,70291077.00,6.63,2.76,0.20,5.32
2015-09-10,7.29,7.09,7.40,7.05,9419,35993214.00,4.70,-4.70,-0.35,2.77
2015-09-11,7.11,7.18,7.27,7.07,6787,25740533.00,2.82,1.27,0.09,2.00
2015-09-14,7.27,6.34,7.27,6.34,10729,38073492.00,12.95,-11.70,-0.84,3.16
2015-09-15,6.25,6.00,6.34,5.89,7939,26281082.00,7.10,-5.36,-0.34,2.34
2015-09-16,6.23,6.73,6.73,6.03,9872,34170314.00,11.67,12.17,0.73,2.90
2015-09-17,6.62,6.63,7.28,6.49,17866,65273782.00,11.74,-1.49,-0.10,5.25
2015-09-18,6.74,6.76,6.87,6.55,9403,33760863.00,4.83,1.96,0.13,2.77
2015-09-21,6.68,7.13,7.25,6.56,12186,45276665.00,10.21,5.47,0.37,3.58
2015-09-22,7.21,7.20,7.36,7.03,16475,62927989.00,4.63,0.98,0.07,4.85
2015-09-23,7.04,7.21,7.36,7.03,11965,45469162.00,4.58,0.14,0.01,3.52
2015-09-24,7.28,7.35,7.47,7.19,13167,50940004.00,3.88,1.94,0.14,3.87
2015-09-25,7.31,6.78,7.37,6.75,10807,40315024.00,8.44,-7.76,-0.57,3.18
2015-09-28,6.85,7.14,7.17,6.74,6666,24702738.00,6.34,5.31,0.36,1.96
2015-09-29,6.97,7.05,7.18,6.90,6162,22994292.00,3.92,-1.26,-0.09,1.81
2015-09-30,7.09,7.14,7.23,6.92,8044,30261729.00,4.40,1.28,0.09,2.37
2015-10-08,7.41,7.51,7.62,7.30,16540,65241658.00,4.48,5.18,0.37,4.86
2015-10-09,7.49,7.60,7.69,7.42,11667,46468828.00,3.60,1.20,0.09,3.43
2015-10-12,7.70,7.97,8.07,7.60,14783,61043711.00,6.18,4.87,0.37,4.35
2015-10-13,7.88,8.32,8.34,7.82,15135,63300488.00,6.52,4.39,0.35,4.45
2015-10-14,8.34,8.05,8.34,8.05,11310,48013246.00,3.49,-3.25,-0.27,3.33
2015-10-15,7.97,8.41,8.49,7.94,14883,64024763.00,6.83,4.47,0.36,4.38
2015-10-16,8.54,8.36,8.61,8.18,18410,79510144.00,5.11,-0.59,-0.05,5.41
2015-10-19,8.31,8.07,8.36,7.98,15485,65474872.00,4.55,-3.47,-0.29,4.55
2015-10-20,8.12,8.48,8.50,8.12,18432,79840174.00,4.71,5.08,0.41,5.42
2015-10-21,8.74,7.83,8.85,7.81,21374,92361582.00,12.26,-7.67,-0.65,6.29
2015-10-22,7.63,8.25,8.27,7.63,11802,49739615.00,8.17,5.36,0.42,3.47
2015-10-23,8.41,8.63,8.71,8.38,19072,84484719.00,4.00,4.61,0.38,5.61
2015-10-26,8.76,9.27,9.38,8.71,33859,155702700.00,7.76,7.42,0.64,9.96
2015-10-27,9.05,9.20,9.37,8.74,22023,101943741.00,6.80,-0.76,-0.07,6.48
2015-10-28,9.20,8.81,9.28,8.74,14352,66437001.00,5.87,-4.24,-0.39,4.22
2015-10-29,8.96,8.89,9.07,8.71,15464,70566870.00,4.09,0.91,0.08,4.55
2015-10-30,8.85,9.12,9.26,8.76,17954,83813575.00,5.62,2.59,0.23,3.23
2015-11-02,8.78,9.19,9.69,8.76,24240,115700993.00,10.20,0.77,0.07,4.36
2015-11-03,9.24,9.63,9.73,9.07,22462,108003526.00,7.18,4.79,0.44,4.04
2015-11-04,9.73,10.07,10.07,9.54,27740,137905727.00,5.50,4.57,0.44,4.99
2015-11-05,10.00,9.98,10.40,9.78,25945,132145873.00,6.16,-0.89,-0.09,4.67
2015-11-06,10.07,10.45,10.46,9.96,22226,115836553.00,5.01,4.71,0.47,4.00
2015-11-09,10.45,11.00,11.08,10.23,28422,154131232.00,8.13,5.26,0.55,5.12
2015-11-10,10.91,10.87,11.23,10.68,25034,137109657.00,5.00,-1.18,-0.13,4.51
2015-11-11,10.94,11.65,11.74,10.74,29579,167434781.00,9.20,7.18,0.78,5.32
2015-11-12,11.66,12.12,12.29,11.37,44191,259327339.00,7.90,4.03,0.47,7.95
2015-11-13,11.83,10.78,11.85,10.78,41258,231561336.00,8.83,-11.06,-1.34,7.43
2015-11-16,10.49,11.21,11.24,10.41,21073,114908936.00,7.70,3.99,0.43,3.79
2015-11-17,11.40,10.51,11.55,10.41,33481,185965453.00,10.17,-6.24,-0.70,6.03
2015-11-18,10.54,10.21,10.71,10.04,31481,164217745.00,6.37,-2.85,-0.30,5.67
2015-11-19,10.27,10.90,10.92,10.27,23902,127655127.00,6.37,6.76,0.69,4.30
2015-11-20,11.18,10.97,11.18,10.73,25871,142515420.00,4.13,0.64,0.07,4.66
2015-11-23,11.03,11.14,11.69,10.79,35052,197718384.00,8.20,1.55,0.17,6.31
2015-11-24,11.27,12.05,12.07,11.26,41745,242499783.00,7.27,8.17,0.91,7.51
2015-11-25,12.05,11.89,12.45,11.81,50155,301881456.00,5.31,-1.33,-0.16,9.03
2015-11-26,11.85,11.91,12.38,11.74,35547,213076524.00,5.38,0.17,0.02,6.40
2015-11-27,11.81,11.18,12.06,11.11,35094,202972718.00,7.98,-6.13,-0.73,6.32
2015-11-30,11.32,12.43,12.43,11.31,55760,332933296.00,10.02,11.18,1.25,10.04
2015-12-01,12.55,12.07,13.06,11.83,51588,317688176.00,9.90,-2.90,-0.36,9.29
2015-12-02,11.85,11.63,11.97,11.23,34662,201266159.00,6.13,-3.65,-0.44,6.24
2015-12-03,11.72,12.16,12.29,11.72,25498,152059339.00,4.90,4.56,0.53,4.59
2015-12-04,12.11,11.88,12.29,11.69,24287,145455526.00,4.93,-2.30,-0.28,4.37
2015-12-07,11.86,11.95,11.99,11.52,19069,111985038.00,3.96,0.59,0.07,3.43
2015-12-08,11.83,11.98,12.18,11.70,19904,118636853.00,4.02,0.25,0.03,3.58
2015-12-09,11.85,11.48,12.03,11.47,19482,113431911.00,4.67,-4.17,-0.50,3.51
2015-12-10,11.48,11.26,11.63,11.18,19495,110350877.00,3.92,-1.92,-0.22,3.51
2015-12-11,11.25,11.08,11.38,11.07,13251,74265332.00,2.75,-1.60,-0.18,2.39
2015-12-14,11.03,11.56,11.58,10.83,12627,71186293.00,6.77,4.33,0.48,2.27
2015-12-15,11.52,11.74,11.89,11.52,15848,92712587.00,3.20,1.56,0.18,2.85
2015-12-16,11.76,11.92,12.15,11.74,18425,110114681.00,3.49,1.53,0.18,3.32
2015-12-17,12.19,12.24,12.36,11.99,28956,174707037.00,3.10,2.68,0.32,5.21
2015-12-18,12.21,11.93,12.21,11.89,16283,97151733.00,2.61,-2.53,-0.31,2.93
2015-12-21,11.87,12.13,12.25,11.86,14989,90103111.00,3.27,1.68,0.20,2.70
2015-12-22,12.18,12.09,12.25,11.89,13014,77841904.00,2.97,-0.33,-0.04,2.34
2015-12-23,12.09,11.96,12.29,11.85,15329,91831678.00,3.64,-1.08,-0.13,2.76
2015-12-24,11.85,13.21,13.28,11.69,58080,368138944.00,13.29,10.45,1.25,10.46
2015-12-25,12.92,12.83,13.25,12.71,36548,233759415.00,4.09,-2.88,-0.38,6.58
2015-12-28,12.84,12.03,13.00,11.97,31651,196524984.00,8.03,-6.24,-0.80,5.70
2015-12-29,12.08,12.16,12.27,11.74,17422,103871969.00,4.41,1.08,0.13,3.14
2015-12-30,12.16,12.20,12.26,11.94,11096,66996409.00,2.63,0.33,0.04,2.00
2015-12-31,12.19,12.17,12.86,12.15,17665,109253800.00,5.82,-0.25,-0.03,3.00