2012-01-04,4.66,4.36,4.72,4.35,75489,42867757.00,8.04,-5.22,-0.24,2.01
2012-01-05,4.36,3.92,4.40,3.86,96919,50048177.00,12.39,-10.09,-0.44,2.58
2012-01-06,3.91,3.99,4.05,3.78,71418,35660257.00,6.89,1.79,0.07,1.90
2012-01-09,4.00,4.32,4.37,3.91,118306,62382496.00,11.53,8.27,0.33,3.15
2012-01-10,4.32,4.86,4.86,4.26,299182,172382225.00,13.89,12.50,0.54,7.98
2012-01-11,4.79,5.08,5.11,4.72,296340,178148972.00,8.02,4.53,0.22,7.90
2012-01-12,4.99,5.01,5.56,4.93,278388,174657627.00,12.40,-1.38,-0.07,7.42
2012-01-13,4.90,4.90,5.02,4.74,199328,118771565.00,5.59,-2.20,-0.11,5.31
2012-01-16,4.78,4.74,4.87,4.64,81072,47246692.00,4.69,-3.27,-0.16,2.16
2012-01-17,4.79,5.10,5.15,4.74,244769,148065059.00,8.65,7.59,0.36,6.52
2012-01-18,5.10,4.94,5.18,4.88,200041,122515791.00,5.88,-3.14,-0.16,5.33
2012-01-19,4.95,4.99,5.03,4.83,101867,61511290.00,4.05,1.01,0.05,2.72
2012-01-20,5.02,4.85,5.06,4.83,116587,69898271.00,4.61,-2.81,-0.14,3.11
2012-01-30,4.87,4.75,4.88,4.71,62717,36955898.00,3.51,-2.06,-0.10,1.67
2012-01-31,4.76,4.85,4.87,4.72,55646,32849851.00,3.16,2.11,0.10,1.48
2012-02-01,4.81,4.81,4.95,4.79,71445,42489212.00,3.30,-0.82,-0.04,1.90
2012-02-02,4.86,4.93,4.94,4.75,80637,47889133.00,3.95,2.49,0.12,2.15
2012-02-03,4.88,5.23,5.38,4.88,253949,158485568.00,10.14,6.09,0.30,6.77
2012-02-06,5.26,5.86,5.86,5.13,546945,367115888.00,13.96,12.05,0.63,14.58
2012-02-07,5.71,5.84,5.88,5.68,326086,223734140.00,3.41,-0.34,-0.02,8.69
2012-02-08,5.78,6.42,6.46,5.73,633494,461541312.00,12.50,9.93,0.58,16.89
2012-02-15,6.43,6.42,6.76,6.20,589719,444704656.00,8.72,0.00,0.00,15.72
2012-02-16,6.42,6.38,6.55,6.26,402360,302339872.00,4.52,-0.62,-0.04,10.73
2012-02-17,6.31,6.22,6.42,6.06,255522,187152315.00,5.64,-2.51,-0.16,6.81
2012-02-20,6.26,6.09,6.41,6.07,305953,224494949.00,5.47,-2.09,-0.13,8.16
2012-02-21,6.07,6.26,6.35,5.97,269851,195992663.00,6.24,2.79,0.17,7.19
2012-02-22,6.21,6.30,6.35,6.14,252297,185066646.00,3.35,0.64,0.04,6.73
2012-02-23,6.31,6.16,6.31,6.12,214372,156458356.00,3.02,-2.22,-0.14,5.71
2012-02-24,6.13,6.27,6.32,6.11,213815,156107235.00,3.41,1.79,0.11,5.70
2012-02-27,6.32,6.33,6.71,6.25,403594,304167312.00,7.34,0.96,0.06,10.76
2012-02-28,6.21,6.11,6.30,6.03,199897,144612169.00,4.27,-3.48,-0.22,5.33
2012-02-29,6.12,6.15,6.53,6.12,208449,154215216.00,6.71,0.65,0.04,5.56
2012-03-01,6.05,6.15,6.21,5.97,110414,79509382.00,3.90,0.00,0.00,2.94
2012-03-02,6.15,6.29,6.31,6.15,156346,114760350.00,2.60,2.28,0.14,4.17
2012-03-05,6.34,6.42,6.49,6.31,229626,171991865.00,2.86,2.07,0.13,6.12
2012-03-06,6.42,6.21,6.44,6.14,137910,101138388.00,4.67,-3.27,-0.21,3.68
2012-03-07,6.04,6.07,6.23,6.02,128975,92852344.00,3.38,-2.25,-0.14,3.44
2012-03-08,6.09,6.18,6.26,6.09,101542,73714422.00,2.80,1.81,0.11,2.71
2012-03-09,6.22,6.46,6.61,6.17,292091,219214565.00,7.12,4.53,0.28,7.79
2012-03-12,6.41,6.58,6.67,6.32,291937,221478826.00,5.42,1.86,0.12,7.78
2012-03-13,6.52,7.35,7.35,6.42,661120,541535328.00,14.13,11.70,0.77,17.62
2012-03-14,7.40,7.19,7.79,6.92,858718,724590000.00,11.84,-2.18,-0.16,22.89
2012-03-15,7.12,7.12,7.37,6.93,489301,405917968.00,6.12,-0.97,-0.07,13.04
2012-03-16,6.97,7.01,7.26,6.66,386707,311287984.00,8.43,-1.54,-0.11,10.31
2012-03-19,7.01,7.09,7.16,6.79,236277,191601643.00,5.28,1.14,0.08,6.30
2012-03-20,7.01,6.60,7.04,6.57,220276,173602446.00,6.63,-6.91,-0.49,5.87
2012-03-21,6.66,6.79,6.85,6.41,213064,165096983.00,6.67,2.88,0.19,5.68
2012-03-22,6.72,6.60,6.77,6.56,119724,92686890.00,3.09,-2.80,-0.19,3.19
2012-03-23,6.57,6.13,6.57,6.12,174448,129084370.00,6.82,-7.12,-0.47,4.65
2012-03-26,6.12,5.96,6.19,5.77,141427,100062523.00,6.85,-2.77,-0.17,3.77
2012-03-27,6.04,6.05,6.14,5.96,112871,80528503.00,3.02,1.51,0.09,3.01
2012-03-28,5.99,5.55,5.99,5.50,119086,81259417.00,8.10,-8.26,-0.50,3.17
2012-03-29,5.49,5.27,5.50,5.16,125201,80509163.00,6.13,-5.05,-0.28,3.34
2012-03-30,5.27,5.34,5.39,5.18,83023,53068012.00,3.98,1.33,0.07,2.21
2012-04-05,5.39,5.66,5.66,5.32,116874,77374084.00,6.37,5.99,0.32,3.12
2012-04-06,5.62,5.71,5.81,5.59,115536,78540512.00,3.89,0.88,0.05,3.08
2012-04-09,5.56,5.43,5.59,5.41,109093,71759547.00,3.15,-4.90,-0.28,2.91
2012-04-10,5.26,5.33,5.36,4.97,162919,101789247.00,7.18,-1.84,-0.10,4.34
2012-04-11,5.16,5.97,5.97,5.10,288190,195020302.00,16.32,12.01,0.64,7.68
2012-04-12,5.98,6.11,6.18,5.81,276298,196870290.00,6.20,2.35,0.14,7.37
2012-04-13,6.08,6.16,6.40,6.02,353926,257262167.00,6.22,0.82,0.05,9.43
2012-04-16,6.01,5.92,6.06,5.83,199140,139779100.00,3.73,-3.90,-0.24,5.31
2012-04-17,5.86,5.84,5.95,5.76,114942,79739877.00,3.21,-1.35,-0.08,3.06
2012-04-18,5.85,6.04,6.06,5.85,143806,101657912.00,3.60,3.42,0.20,3.83
2012-04-19,6.00,6.01,6.10,5.96,105032,74690090.00,2.32,-0.50,-0.03,2.80
2012-04-20,6.02,6.11,6.20,5.91,177659,127333965.00,4.83,1.66,0.10,4.74
2012-04-23,6.06,6.09,6.34,6.01,200053,145230998.00,5.40,-0.33,-0.02,5.33
2012-04-24,6.01,5.86,6.15,5.53,157252,108995997.00,10.18,-3.78,-0.23,4.19
2012-04-25,5.78,5.91,6.01,5.66,136504,94848364.00,5.97,0.85,0.05,3.64
2012-04-26,5.84,5.88,6.08,5.83,102248,72001927.00,4.23,-0.51,-0.03,2.73
2012-05-02,5.51,5.57,5.81,5.51,178932,119899529.00,5.10,-5.27,-0.31,4.77
2012-05-03,5.54,5.39,5.54,5.25,168696,108748465.00,5.21,-3.23,-0.18,4.50
2012-05-04,5.31,5.49,5.54,5.31,107655,70635975.00,4.27,1.86,0.10,2.87
2012-05-07,5.47,5.49,5.52,5.36,73075,47701307.00,2.91,0.00,0.00,1.95
2012-05-08,5.51,5.94,6.15,5.47,288680,200995081.00,12.39,8.20,0.45,7.70
2012-05-09,5.80,5.96,6.06,5.70,215626,150636315.00,6.06,0.34,0.02,5.75
2012-05-10,5.95,5.90,6.11,5.86,155014,109624220.00,4.19,-1.01,-0.06,4.13
2012-05-11,5.88,5.70,6.01,5.69,104935,72627140.00,5.42,-3.39,-0.20,2.80
2012-05-14,5.76,5.70,5.88,5.61,74904,51204582.00,4.74,0.00,0.00,2.00
2012-05-15,5.60,5.81,5.83,5.55,85452,58329825.00,4.91,1.93,0.11,2.28
2012-05-16,5.85,6.03,6.40,5.79,317631,230272560.00,10.50,3.79,0.22,8.47
2012-05-17,6.03,6.31,6.39,5.89,375941,273281456.00,8.29,4.64,0.28,10.02
2012-05-18,6.36,6.25,6.79,6.21,483190,366567776.00,9.19,-0.95,-0.06,12.88
2012-05-21,6.19,5.75,6.23,5.60,293147,203544163.00,10.08,-8.00,-0.50,7.81
2012-05-22,5.73,5.98,6.03,5.66,182527,126733987.00,6.43,4.00,0.23,4.87
2012-05-23,5.89,5.95,6.03,5.72,160937,112386456.00,5.18,-0.50,-0.03,4.29
2012-05-24,5.96,5.87,6.07,5.81,138987,98149683.00,4.37,-1.34,-0.08,3.71
2012-05-25,5.81,5.83,6.00,5.67,144185,99262832.00,5.62,-0.68,-0.04,3.84
2012-05-28,5.72,5.93,5.97,5.66,120185,83318824.00,5.32,1.72,0.10,3.20
2012-05-29,5.94,6.20,6.26,5.86,229670,164240484.00,6.75,4.55,0.27,6.12
2012-05-30,6.16,6.07,6.23,6.03,148524,107014609.00,3.23,-2.10,-0.13,3.96
2012-05-31,6.03,6.26,6.29,5.96,181513,131869709.00,5.44,3.13,0.19,4.84
2012-06-01,6.21,6.13,6.41,6.09,165889,121470222.00,5.11,-2.08,-0.13,4.42
2012-06-04,5.96,5.83,6.08,5.82,121953,86148044.00,4.24,-4.89,-0.30,3.25
2012-06-05,5.78,5.83,5.95,5.78,79748,55409130.00,2.92,0.00,0.00,2.13
2012-06-06,5.88,5.62,5.96,5.52,116083,79143376.00,7.55,-3.60,-0.21,3.09
2012-06-07,5.69,5.55,5.81,5.47,89612,60252389.00,6.05,-1.25,-0.07,2.39
2012-06-08,5.66,5.45,5.66,5.44,58447,38687682.00,3.96,-1.80,-0.10,1.56
2012-06-11,5.46,5.58,5.59,5.41,45761,30271657.00,3.30,2.39,0.13,1.22
2012-06-12,5.56,5.55,5.61,5.49,46389,30777685.00,2.15,-0.54,-0.03,1.24
2012-06-13,5.60,5.69,5.69,5.54,69261,46499381.00,2.70,2.52,0.14,1.85
2012-06-14,5.67,5.58,5.81,5.57,78109,52919555.00,4.22,-1.93,-0.11,2.08
2012-06-15,5.60,5.42,5.60,5.28,132862,86543769.00,5.73,-2.87,-0.16,3.54
2012-06-18,5.41,5.43,5.48,5.38,71712,46692580.00,1.85,0.18,0.01,1.91
2012-06-19,5.45,5.29,5.45,5.28,68896,44147558.00,3.13,-2.58,-0.14,1.84
2012-06-20,5.32,5.29,5.35,5.25,38354,24433788.00,1.89,0.00,0.00,0.97
2012-06-21,5.28,5.10,5.28,5.08,49445,30784828.00,3.78,-3.59,-0.19,1.25
2012-06-25,5.08,4.88,5.09,4.84,54432,32892856.00,4.90,-4.31,-0.22,1.38
2012-06-26,4.87,4.83,4.89,4.56,57615,33587734.00,6.76,-1.02,-0.05,1.46
2012-06-27,4.82,4.75,4.94,4.72,55203,32716910.00,4.55,-1.66,-0.08,1.39
2012-06-28,4.75,4.60,4.85,4.56,40869,23814421.00,6.11,-3.16,-0.15,1.03
2012-06-29,4.55,4.68,4.71,4.47,42828,24300919.00,5.22,1.74,0.08,1.08
2012-07-02,4.70,4.77,4.86,4.70,38306,22468681.00,3.42,1.92,0.09,0.97
2012-07-03,4.78,4.78,4.87,4.73,43030,25364988.00,2.94,0.21,0.01,1.09
2012-07-04,4.78,4.67,4.83,4.62,38798,22443479.00,4.39,-2.30,-0.11,0.98
2012-07-05,4.65,4.43,4.65,4.42,43850,24462405.00,4.93,-5.14,-0.24,1.11
2012-07-06,4.53,4.55,4.57,4.36,40381,22509297.00,4.74,2.71,0.12,1.02
2012-07-09,4.53,4.40,4.58,4.38,33783,18835346.00,4.40,-3.30,-0.15,0.85
2012-07-10,4.21,4.03,4.21,3.92,68038,35102048.00,6.59,-8.41,-0.37,1.72
2012-07-11,4.00,4.27,4.37,3.95,72042,37975827.00,10.42,5.96,0.24,1.82
2012-07-12,4.16,4.25,4.31,4.11,53694,28475653.00,4.68,-0.47,-0.02,1.36
2012-07-13,4.21,4.21,4.35,4.17,39044,20910880.00,4.24,-0.94,-0.04,0.99
2012-07-16,4.21,3.96,4.21,3.91,49542,25439540.00,7.13,-5.94,-0.25,1.25
2012-07-17,3.96,4.11,4.18,3.93,44001,22780681.00,6.31,3.79,0.15,1.11
2012-07-18,4.07,4.18,4.20,3.99,57538,29883126.00,5.11,1.70,0.07,1.45
2012-07-19,4.18,4.26,4.35,4.14,89091,47698883.00,5.02,1.91,0.08,2.25
2012-07-20,4.26,4.23,4.33,4.20,55173,29536770.00,3.05,-0.70,-0.03,1.39
2012-07-23,4.11,4.15,4.22,4.10,35038,18336224.00,2.84,-1.89,-0.08,0.89
2012-07-24,4.15,4.27,4.27,4.11,44172,23413902.00,3.86,2.89,0.12,1.12
2012-07-25,4.27,4.14,4.27,4.12,40006,21084510.00,3.51,-3.04,-0.13,1.01
2012-07-26,4.13,4.08,4.21,4.03,36406,18979143.00,4.35,-1.45,-0.06,0.92
2012-07-27,4.16,4.16,4.19,4.03,39327,20507421.00,3.92,1.96,0.08,0.99
2012-07-30,4.15,3.98,4.19,3.95,40343,20648632.00,5.77,-4.33,-0.18,1.02
2012-07-31,3.99,3.86,4.02,3.79,39783,19708551.00,5.78,-3.02,-0.12,1.01
2012-08-01,3.86,3.95,3.97,3.86,27778,13944364.00,2.85,2.33,0.09,0.70
2012-08-02,3.91,3.85,3.96,3.80,30219,14951189.00,4.05,-2.53,-0.10,0.76
2012-08-03,3.88,4.06,4.14,3.85,55106,28118891.00,7.53,5.45,0.21,1.39
2012-08-06,4.00,4.18,4.20,3.97,60945,31669538.00,5.67,2.96,0.12,1.54
2012-08-07,4.16,4.41,4.67,4.13,146137,79846015.00,12.92,5.50,0.23,3.69
2012-08-08,4.39,4.96,4.96,4.36,411312,242812185.00,13.61,12.47,0.55,10.39
2012-08-09,4.96,5.57,5.57,4.82,443180,277778016.00,15.12,12.30,0.61,11.20
2012-08-10,5.57,5.42,5.71,5.41,458580,304379760.00,5.39,-2.69,-0.15,11.59
2012-08-13,5.45,5.36,5.56,5.33,163710,106609281.00,4.24,-1.11,-0.06,4.14
2012-08-14,5.29,5.37,5.47,4.97,162394,103414451.00,9.33,0.19,0.01,4.10
2012-08-15,5.28,5.34,5.54,5.26,103171,67024262.00,5.21,-0.56,-0.03,2.61
2012-08-16,5.33,5.34,5.40,5.14,93861,59851865.00,4.87,0.00,0.00,2.37
2012-08-17,5.31,5.52,5.65,5.29,276544,182801926.00,6.74,3.37,0.18,6.99
2012-08-20,5.38,6.18,6.18,5.22,658918,457692464.00,17.39,11.96,0.66,16.65
2012-08-21,6.17,5.85,6.23,5.74,714730,501669232.00,7.93,-5.34,-0.33,18.06
2012-08-22,5.81,5.36,5.81,5.17,469899,306081520.00,10.94,-8.38,-0.49,11.87
2012-08-23,5.20,5.20,5.34,5.08,257214,161743760.00,4.85,-2.99,-0.16,6.50
2012-08-24,5.15,4.98,5.16,4.97,189247,116092073.00,3.65,-4.23,-0.22,4.78
2012-08-27,4.91,4.67,4.91,4.65,163557,95792939.00,5.22,-6.22,-0.31,4.13
2012-08-28,4.61,4.69,4.77,4.60,114897,66553313.00,3.64,0.43,0.02,2.90
2012-08-29,4.69,4.44,4.69,4.43,119508,67533593.00,5.54,-5.33,-0.25,3.02
2012-08-30,4.45,4.49,4.60,4.27,135009,75010260.00,7.43,1.13,0.05,3.41
2012-08-31,4.46,4.53,4.59,4.37,104513,58266859.00,4.90,0.89,0.04,2.64
2012-09-03,4.51,4.66,4.68,4.43,118202,67250278.00,5.52,2.87,0.13,2.99
2012-09-04,4.68,4.44,4.68,4.43,104949,59097540.00,5.36,-4.72,-0.22,2.65
2012-09-05,4.38,4.51,4.57,4.37,70175,39149205.00,4.50,1.58,0.07,1.77
2012-09-06,4.51,4.59,4.59,4.45,82517,46461633.00,3.10,1.77,0.08,2.08
2012-09-07,4.63,4.75,4.95,4.61,215201,126259592.00,7.41,3.49,0.16,5.44
2012-09-10,4.76,4.85,4.94,4.70,164513,97254246.00,5.05,2.11,0.10,4.16
2012-09-11,4.79,5.01,5.03,4.72,234956,140533936.00,6.39,3.30,0.16,5.94
2012-09-12,5.01,5.04,5.12,4.93,200089,122225743.00,3.79,0.60,0.03,5.06
2012-09-13,5.03,4.71,5.06,4.70,164960,98454426.00,7.14,-6.55,-0.33,4.17
2012-09-14,4.72,4.73,4.86,4.56,128157,74616927.00,6.37,0.42,0.02,3.24
2012-09-17,4.72,5.31,5.31,4.62,548357,340658736.00,14.59,12.26,0.58,13.85
2012-09-18,5.20,5.34,5.40,5.15,486676,310255520.00,4.71,0.56,0.03,12.30
2012-09-19,5.27,5.19,5.30,5.15,165717,104407956.00,2.81,-2.81,-0.15,4.19
2012-09-20,5.15,5.05,5.16,4.96,179037,109904206.00,3.85,-2.70,-0.14,4.52
2012-09-21,4.97,5.19,5.42,4.94,270342,171339312.00,9.50,2.77,0.14,6.83
2012-09-24,5.11,5.25,5.28,4.97,127936,80111446.00,5.97,1.16,0.06,3.23
2012-09-25,5.23,5.17,5.57,5.13,355326,229163899.00,8.38,-1.52,-0.08,8.98
2012-09-26,4.99,4.96,5.16,4.85,169364,102959099.00,6.00,-4.06,-0.21,4.28
2012-09-27,4.96,5.11,5.26,4.93,282703,174913284.00,6.65,3.02,0.15,7.14
2012-09-28,5.01,5.73,5.73,4.99,616721,403594592.00,14.48,12.13,0.62,15.58
2012-10-08,5.68,5.75,5.83,5.62,539237,367701120.00,3.66,0.35,0.02,13.62
2012-10-09,5.71,6.38,6.43,5.63,589756,423733200.00,13.91,10.96,0.63,14.90
2012-10-10,6.26,6.38,6.43,6.01,716612,525503264.00,6.58,0.00,0.00,18.11
2012-10-11,6.23,6.12,6.46,6.11,653684,480872928.00,5.49,-4.08,-0.26,16.52
2012-10-12,6.04,6.39,6.46,5.86,606069,441276624.00,9.80,4.41,0.27,15.31
2012-10-15,6.26,6.31,6.34,6.07,414247,301923504.00,4.23,-1.25,-0.08,10.47
2012-10-16,6.24,6.27,6.46,6.15,406185,298523472.00,4.91,-0.63,-0.04,10.26
2012-10-17,6.17,6.22,6.32,5.92,468783,338808672.00,6.38,-0.80,-0.05,11.84
2012-10-18,6.18,5.92,6.19,5.87,405670,286589968.00,5.14,-4.82,-0.30,10.25
2012-10-19,5.78,5.68,5.87,5.66,223868,153291578.00,3.55,-4.05,-0.24,5.66
2012-10-22,5.60,5.79,5.91,5.51,264801,182449010.00,7.04,1.94,0.11,6.69
2012-10-23,5.66,5.69,5.81,5.62,150070,102245104.00,3.28,-1.73,-0.10,3.79
2012-10-24,5.63,5.65,5.74,5.60,115519,78106483.00,2.46,-0.70,-0.04,2.92
2012-10-25,5.63,5.27,5.73,5.24,179646,118143703.00,8.67,-6.73,-0.38,4.54
2012-10-26,5.24,5.37,5.57,5.24,310129,202771237.00,6.26,1.90,0.10,7.84
2012-10-29,5.27,5.33,5.46,5.25,196861,126934163.00,3.91,-0.74,-0.04,4.97
2012-10-30,5.27,5.16,5.31,5.00,181918,112951853.00,5.82,-3.19,-0.17,4.60
2012-10-31,5.16,5.15,5.17,5.06,82243,51008010.00,2.13,-0.19,-0.01,2.08
2012-11-01,5.13,5.40,5.50,5.13,220757,142078025.00,7.18,4.85,0.25,5.58
2012-11-02,5.34,5.42,5.48,5.32,145679,94810030.00,2.96,0.37,0.02,3.68
2012-11-05,5.46,5.31,5.65,5.30,146055,95813109.00,6.46,-2.03,-0.11,3.69
2012-11-06,5.31,5.17,5.36,5.04,116629,72914324.00,6.03,-2.64,-0.14,2.95
2012-11-07,5.17,5.23,5.28,5.11,68824,43407615.00,3.29,1.16,0.06,1.74
2012-11-08,5.19,5.01,5.19,5.00,93282,57452135.00,3.63,-4.21,-0.22,2.36
2012-11-09,4.95,4.86,5.03,4.83,76196,45794292.00,3.99,-2.99,-0.15,1.93
2012-11-12,4.91,4.97,5.03,4.87,48287,29217855.00,3.29,2.26,0.11,1.22
2012-11-13,4.92,4.82,5.03,4.81,60130,36239212.00,4.43,-3.02,-0.15,1.52
2012-11-14,4.83,4.74,4.84,4.63,63818,37044681.00,4.36,-1.66,-0.08,1.61
2012-11-15,4.67,4.56,4.78,4.54,51815,29781800.00,5.06,-3.80,-0.18,1.31
2012-11-16,4.56,4.60,4.63,4.47,54338,30761941.00,3.51,0.88,0.04,1.37
2012-11-19,4.60,4.76,4.80,4.53,58898,34020487.00,5.87,3.48,0.16,1.49
2012-11-20,4.76,4.64,4.80,4.61,48830,28404928.00,3.99,-2.52,-0.12,1.23
2012-11-21,4.71,4.81,4.91,4.67,85641,50447033.00,5.17,3.66,0.17,2.16
2012-11-22,4.81,4.81,4.90,4.73,68928,40771957.00,3.53,0.00,0.00,1.74
2012-11-23,4.82,4.74,4.85,4.72,49698,29165429.00,2.70,-1.46,-0.07,1.26
2012-11-26,4.73,4.54,4.73,4.53,51620,29368183.00,4.22,-4.22,-0.20,1.30
2012-11-27,4.54,4.29,4.54,4.27,56660,30814795.00,5.95,-5.51,-0.25,1.43
2012-11-28,4.35,4.08,4.35,3.97,77081,39954053.00,8.86,-4.90,-0.21,1.95
2012-11-29,4.16,4.07,4.18,4.02,65337,34035261.00,3.92,-0.25,-0.01,1.65
2012-11-30,4.04,4.18,4.23,4.04,57262,30067436.00,4.67,2.70,0.11,1.45
2012-12-03,4.15,4.02,4.23,3.98,48770,25376778.00,5.98,-3.83,-0.16,1.23
2012-12-04,3.99,4.19,4.21,3.89,72471,37392683.00,7.96,4.23,0.17,1.83
2012-12-05,4.15,4.40,4.50,4.15,106074,57758028.00,8.35,5.01,0.21,2.68
2012-12-06,4.38,4.35,4.50,4.30,71966,39429514.00,4.55,-1.14,-0.05,1.82
2012-12-07,4.38,4.67,4.77,4.33,158149,89304179.00,10.11,7.36,0.32,4.00
2012-12-10,4.61,4.72,4.84,4.59,143754,83388673.00,5.35,1.07,0.05,3.63
2012-12-11,4.72,4.57,4.74,4.51,110172,62820416.00,4.87,-3.18,-0.15,2.78
2012-12-12,4.56,4.62,4.65,4.51,71387,40496768.00,3.06,1.09,0.05,1.80
2012-12-13,4.58,4.54,4.79,4.53,104593,60118254.00,5.63,-1.73,-0.08,2.64
2012-12-14,4.55,4.76,4.79,4.55,150222,87182720.00,5.29,4.85,0.22,3.80
2012-12-17,4.76,4.79,4.84,4.72,128011,75226085.00,2.52,0.63,0.03,3.23
2012-12-18,4.82,4.80,5.07,4.76,187470,112604525.00,6.47,0.21,0.01,4.74
2012-12-19,4.70,4.77,4.83,4.67,101678,59222684.00,3.33,-0.63,-0.03,2.57
2012-12-20,4.79,4.91,4.98,4.70,159721,94976659.00,5.87,2.94,0.14,4.04
2012-12-21,4.91,4.80,4.95,4.77,116019,68761469.00,3.67,-2.24,-0.11,2.93