2019-01-02,9.32,9.24,9.35,9.22,9644,9429939.00,1.40,-0.22,-0.02,0.48
2019-01-03,9.22,9.25,9.46,9.08,12433,12171963.00,4.11,0.11,0.01,0.61
2019-01-04,9.13,9.44,9.45,9.12,16156,15922514.00,3.57,2.05,0.19,0.80
2019-01-07,9.49,9.85,9.98,9.49,30965,31757113.00,5.19,4.34,0.41,1.53
2019-01-08,9.85,9.70,9.85,9.60,19954,20353258.00,2.54,-1.52,-0.15,0.99
2019-01-09,9.90,10.10,10.16,9.78,49091,51409528.00,3.92,4.12,0.40,2.43
2019-01-10,10.10,9.86,10.22,9.79,41637,43490352.00,4.26,-2.38,-0.24,2.06
2019-01-11,10.00,10.06,10.40,9.65,40347,42945952.00,7.61,2.03,0.20,1.99
2019-01-14,9.96,9.77,10.05,9.72,27751,28516289.00,3.28,-2.88,-0.29,1.37
2019-01-15,10.12,9.89,10.16,9.79,22491,23482801.00,3.79,1.23,0.12,1.11
2019-01-16,9.96,9.89,10.04,9.84,17626,18347961.00,2.02,0.00,0.00,0.87
2019-01-17,9.89,9.63,9.89,9.60,20437,20817968.00,2.93,-2.63,-0.26,1.01
2019-01-18,9.58,9.64,9.69,9.58,11164,11306577.00,1.14,0.10,0.01,0.55
2019-01-21,9.62,9.68,9.73,9.60,10888,11092030.00,1.35,0.41,0.04,0.54
2019-01-22,9.68,9.59,9.71,9.54,9600,9706783.00,1.76,-0.93,-0.09,0.47
2019-01-23,9.55,9.59,9.65,9.55,8941,9028029.00,1.04,0.00,0.00,0.44
2019-01-24,9.66,9.67,9.70,9.59,10740,10911173.00,1.15,0.83,0.08,0.53
2019-01-25,9.64,9.49,9.67,9.47,13577,13645980.00,2.07,-1.86,-0.18,0.67
2019-01-28,9.53,9.45,9.63,9.44,9355,9373556.00,2.00,-0.42,-0.04,0.46
2019-01-29,9.42,9.26,9.49,9.08,13514,13187351.00,4.34,-2.01,-0.19,0.67
2019-01-30,8.95,8.50,9.06,8.50,24248,22441232.00,6.05,-8.21,-0.76,1.20
2019-01-31,8.46,8.27,8.62,8.05,17544,15524789.00,6.71,-2.71,-0.23,0.87
2019-02-01,8.26,8.54,8.57,8.26,8669,7761662.00,3.75,3.26,0.27,0.43
2019-02-11,8.51,8.79,8.82,8.51,10828,9972371.00,3.63,2.93,0.25,0.54
2019-02-12,8.81,8.96,8.99,8.79,15416,14533599.00,2.28,1.93,0.17,0.76
2019-02-13,8.95,9.18,9.24,8.92,19195,18451323.00,3.57,2.46,0.22,0.95
2019-02-14,9.14,9.20,9.27,9.09,14200,13763376.00,1.96,0.22,0.02,0.70
2019-02-15,9.20,9.16,9.31,9.14,16128,15664403.00,1.85,-0.43,-0.04,0.80
2019-02-18,9.28,9.52,9.55,9.16,24808,24640559.00,4.26,3.93,0.36,1.23
2019-02-19,9.66,9.58,9.74,9.40,22581,22688177.00,3.57,0.63,0.06,1.12
2019-02-20,9.63,9.54,9.63,9.46,16593,16655063.00,1.77,-0.42,-0.04,0.82
2019-02-21,9.53,9.46,9.70,9.43,28802,29077399.00,2.83,-0.84,-0.08,1.42
2019-02-22,9.45,9.64,9.66,9.40,26736,26867209.00,2.75,1.90,0.18,1.32
2019-02-25,9.76,10.10,10.22,9.67,46004,48139307.00,5.71,4.77,0.46,2.27
2019-02-26,10.16,10.14,10.46,10.05,48050,51878024.00,4.06,0.40,0.04,2.38
2019-02-27,10.16,10.26,10.35,9.94,33761,36073725.00,4.04,1.18,0.12,1.67
2019-02-28,10.28,10.51,10.90,10.18,58651,64783754.00,7.02,2.44,0.25,2.90
2019-03-01,10.53,10.32,10.64,10.23,38953,42144774.00,3.90,-1.81,-0.19,1.93
2019-03-04,10.32,10.33,10.57,10.30,40301,44064368.00,2.62,0.10,0.01,1.99
2019-03-05,10.36,10.68,10.78,10.30,47520,52378980.00,4.65,3.39,0.35,2.35
2019-03-06,10.79,11.07,11.09,10.53,70651,79841677.00,5.24,3.65,0.39,3.49
2019-03-07,10.78,11.17,11.38,10.78,76013,87927394.00,5.42,0.90,0.10,3.76
2019-03-08,10.99,10.63,11.48,10.62,67855,78294812.00,7.70,-4.83,-0.54,3.36
2019-03-11,10.88,11.28,11.34,10.77,58293,67536203.00,5.36,6.11,0.65,2.88
2019-03-12,11.31,11.70,11.80,11.22,83317,99659298.00,5.14,3.72,0.42,4.12
2019-03-13,11.46,11.45,12.00,11.21,95931,115912668.00,6.75,-2.14,-0.25,4.74
2019-03-14,11.54,10.98,11.54,10.63,50990,58298642.00,7.95,-4.10,-0.47,2.52
2019-03-15,11.21,10.95,11.21,10.74,33852,38806562.00,4.28,-0.27,-0.03,1.67
2019-03-18,10.96,11.12,11.15,10.74,30332,34807507.00,3.74,1.55,0.17,1.50
2019-03-19,11.13,11.05,11.16,10.90,28593,32963790.00,2.34,-0.63,-0.07,1.41
2019-03-20,11.09,11.01,11.27,10.78,29779,34201084.00,4.43,-0.36,-0.04,1.47
2019-03-21,11.15,11.02,11.18,11.00,34601,40020899.00,1.63,0.09,0.01,1.71
2019-03-22,11.10,11.13,11.19,10.90,33670,38963589.00,2.63,1.00,0.11,1.66
2019-03-25,10.91,11.09,11.26,10.85,28578,33104213.00,3.68,-0.36,-0.04,1.41
2019-03-26,10.99,10.88,11.20,10.64,32300,36812080.00,5.05,-1.89,-0.21,1.60
2019-03-27,10.94,10.82,10.94,10.52,23396,26367600.00,3.86,-0.55,-0.06,1.16
2019-03-28,10.86,10.82,11.04,10.71,21902,24892304.00,3.05,0.00,0.00,1.08
2019-03-29,10.82,11.02,11.07,10.55,34238,38863458.00,4.81,1.85,0.20,1.69
2019-04-01,11.10,11.41,11.44,11.06,53018,62268060.00,3.45,3.54,0.39,2.62
2019-04-02,11.60,11.47,11.60,11.32,49367,58900240.00,2.45,0.53,0.06,2.44
2019-04-03,11.49,11.60,11.69,11.35,44225,53290401.00,2.96,1.13,0.13,2.19
2019-04-04,11.65,12.81,12.81,11.50,117004,153034746.00,11.29,10.43,1.21,5.79
2019-04-08,13.05,12.35,13.19,12.31,151016,198886656.00,6.87,-3.59,-0.46,7.47
2019-04-09,12.20,12.48,12.63,11.81,107858,136976911.00,6.64,1.05,0.13,5.33
2019-04-10,12.17,12.08,12.44,11.90,64783,81868945.00,4.33,-3.21,-0.40,3.20
2019-04-11,12.00,13.34,13.34,11.89,110419,143673348.00,12.00,10.43,1.26,5.46
2019-04-12,12.98,12.31,12.98,12.24,101262,133456454.00,5.55,-7.72,-1.03,5.01
2019-04-15,12.44,12.66,13.30,12.20,91149,120608331.00,8.94,2.84,0.35,4.51
2019-04-16,12.45,12.85,12.93,12.10,78393,102692743.00,6.56,1.50,0.19,3.88
2019-04-17,12.85,13.22,13.85,12.85,121308,168256082.00,7.78,2.88,0.37,6.00
2019-04-18,12.95,12.81,13.76,12.77,92126,126255656.00,7.49,-3.10,-0.41,4.56
2019-04-19,12.70,12.47,12.81,12.20,63306,81998818.00,4.76,-2.65,-0.34,3.13
2019-04-22,12.50,12.07,12.57,12.05,42142,53603197.00,4.17,-3.21,-0.40,2.08
2019-04-23,12.07,11.76,12.12,11.51,35951,44187422.00,5.05,-2.57,-0.31,1.78
2019-04-24,11.80,11.90,11.91,11.60,23828,29282799.00,2.64,1.19,0.14,1.18
2019-04-25,11.76,11.19,11.93,11.05,40154,47919166.00,7.39,-5.97,-0.71,1.99
2019-04-26,11.00,11.03,11.27,10.99,20323,23631272.00,2.50,-1.43,-0.16,1.00
2019-04-29,11.05,10.40,11.21,10.35,26385,29462969.00,7.80,-5.71,-0.63,1.30
2019-04-30,10.40,10.44,10.68,10.40,13652,15090360.00,2.69,0.38,0.04,0.68
2019-05-06,10.01,9.39,10.01,9.35,31767,32230004.00,6.32,-10.06,-1.05,1.57
2019-05-07,9.42,9.55,9.65,9.37,17787,17827406.00,2.98,1.70,0.16,0.88
2019-05-08,9.38,9.60,9.69,9.26,14295,14343695.00,4.50,0.52,0.05,0.71
2019-05-09,9.40,9.51,9.66,9.40,11118,11162062.00,2.71,-0.94,-0.09,0.55
2019-05-10,9.52,9.82,9.87,9.46,23745,24247730.00,4.31,3.26,0.31,1.17
2019-05-13,9.65,9.79,9.80,9.65,13356,13653417.00,1.53,-0.31,-0.03,0.66
2019-05-14,9.59,9.71,9.86,9.54,16095,16477123.00,3.27,-0.82,-0.08,0.80
2019-05-15,9.81,10.21,10.21,9.71,23143,24129187.00,5.15,5.15,0.50,1.14
2019-05-16,10.17,10.16,10.35,10.07,23730,25389978.00,2.74,-0.49,-0.05,1.17
2019-05-17,10.18,9.53,10.19,9.51,26809,27532435.00,6.69,-6.20,-0.63,1.33
2019-05-20,9.66,9.54,9.66,9.19,13833,13675618.00,4.93,0.10,0.01,0.68
2019-05-21,9.54,9.74,9.76,9.44,12414,12613588.00,3.35,2.10,0.20,0.61
2019-05-22,9.81,9.61,9.81,9.52,10245,10411614.00,2.98,-1.33,-0.13,0.51
2019-05-23,9.90,10.05,10.25,9.60,41221,42921617.00,6.76,4.58,0.44,2.04
2019-05-24,9.94,10.19,10.26,9.90,30572,32481841.00,3.58,1.39,0.14,1.51
2019-05-27,10.15,10.56,10.68,10.15,33310,36689947.00,5.20,3.63,0.37,1.65
2019-05-28,10.55,10.37,10.67,10.27,24828,27262076.00,3.79,-1.80,-0.19,1.23
2019-05-29,10.30,10.90,10.98,10.23,35204,39418443.00,7.23,5.11,0.53,1.74
2019-05-30,10.75,10.80,10.86,10.58,20555,23092561.00,2.57,-0.92,-0.10,1.02
2019-05-31,10.72,10.55,10.89,10.48,22615,25188501.00,3.80,-2.31,-0.25,1.12
2019-06-03,10.72,10.16,10.83,9.98,30792,33235526.00,8.06,-3.70,-0.39,1.52
2019-06-04,10.22,10.00,10.31,10.00,24412,26064950.00,3.05,-1.57,-0.16,1.21
2019-06-05,10.19,10.54,10.68,10.11,34130,37447235.00,5.70,5.40,0.54,1.69
2019-06-06,10.64,10.20,11.03,10.16,31850,35097391.00,8.25,-3.23,-0.34,1.57
2019-06-10,10.26,10.75,10.75,10.02,33442,36647273.00,7.16,5.39,0.55,1.65
2019-06-11,10.75,10.96,11.02,10.45,51416,58066343.00,5.30,1.95,0.21,2.54
2019-06-12,10.87,10.71,10.98,10.68,27205,30733589.00,2.74,-2.28,-0.25,1.35
2019-06-13,10.73,10.94,11.54,10.69,50109,57879085.00,7.94,2.15,0.23,2.48
2019-06-14,10.81,10.51,10.95,10.49,25864,28931686.00,4.20,-3.93,-0.43,1.28
2019-06-17,10.51,10.53,10.61,10.33,13246,14564278.00,2.66,0.19,0.02,0.65
2019-06-18,10.47,10.75,10.86,10.47,14676,16435690.00,3.70,2.09,0.22,0.73
2019-06-19,10.90,10.85,11.05,10.80,23533,26806028.00,2.33,0.93,0.10,1.16
2019-06-20,10.88,11.09,11.30,10.59,35448,40841354.00,6.54,2.21,0.24,1.75
2019-06-21,10.96,11.15,11.36,10.92,35552,41364637.00,3.97,0.54,0.06,1.76
2019-06-24,11.16,11.12,11.24,11.01,20196,23414355.00,2.06,-0.27,-0.03,1.00
2019-06-25,11.10,11.06,11.21,10.92,15845,18270993.00,2.61,-0.54,-0.06,0.78
2019-06-26,10.92,11.11,11.14,10.92,10983,12707045.00,1.99,0.45,0.05,0.54
2019-06-27,11.16,10.96,11.20,10.95,18301,21192944.00,2.25,-1.35,-0.15,0.90
2019-06-28,10.96,10.79,11.06,10.67,15431,17491759.00,3.56,-1.55,-0.17,0.76
2019-07-01,10.96,11.23,11.25,10.93,23378,27248219.00,2.97,4.08,0.44,1.16
2019-07-02,11.17,11.18,11.59,11.16,27791,32853237.00,3.83,-0.45,-0.05,1.37
2019-07-03,11.10,10.89,11.11,10.83,19312,22107023.00,2.50,-2.59,-0.29,0.95
2019-07-04,10.99,10.79,11.05,10.74,12489,14205619.00,2.85,-0.92,-0.10,0.62
2019-07-05,10.72,10.70,10.87,10.66,9956,11184454.00,1.95,-0.83,-0.09,0.49
2019-07-08,10.66,10.15,10.74,10.03,15196,16344779.00,6.64,-5.14,-0.55,0.75
2019-07-09,10.00,10.00,10.21,9.92,14415,15149996.00,2.86,-1.48,-0.15,0.71
2019-07-10,10.01,9.75,10.06,9.70,10531,10904391.00,3.60,-2.50,-0.25,0.52
2019-07-11,9.83,9.84,9.95,9.80,14802,15354946.00,1.54,0.92,0.09,0.73
2019-07-12,9.83,9.81,9.89,9.70,10028,10336916.00,1.93,-0.30,-0.03,0.50
2019-07-15,9.91,10.20,10.24,9.88,18126,19200615.00,3.67,3.98,0.39,0.90
2019-07-16,10.11,10.17,10.23,10.09,11134,11871011.00,1.37,-0.29,-0.03,0.55
2019-07-17,10.22,10.27,10.34,10.12,11608,12490938.00,2.16,0.98,0.10,0.57
2019-07-18,10.20,10.18,10.26,9.96,11308,12018316.00,2.92,-0.88,-0.09,0.56
2019-07-19,10.23,10.29,10.34,10.16,9926,10668596.00,1.77,1.08,0.11,0.49
2019-07-22,10.34,9.96,10.35,9.81,14205,14926140.00,5.25,-3.21,-0.33,0.70
2019-07-23,9.95,10.01,10.07,9.91,6913,7261152.00,1.61,0.50,0.05,0.34
2019-07-24,10.06,10.16,10.29,9.96,11444,12233466.00,3.30,1.50,0.15,0.57
2019-07-25,10.26,10.21,10.28,10.12,8868,9502732.00,1.57,0.49,0.05,0.44
2019-07-26,10.16,10.24,10.28,10.09,7143,7639769.00,1.86,0.29,0.03,0.35
2019-07-29,10.29,10.18,10.29,10.09,6816,7298946.00,1.95,-0.59,-0.06,0.34
2019-07-30,10.25,10.40,10.47,10.19,14412,15705384.00,2.75,2.16,0.22,0.71
2019-07-31,10.49,10.27,10.49,10.26,9205,9964376.00,2.21,-1.25,-0.13,0.46
2019-08-01,10.19,10.19,10.34,10.12,8797,9441563.00,2.14,-0.78,-0.08,0.43
2019-08-02,10.05,9.86,10.06,9.78,12868,13363677.00,2.75,-3.24,-0.33,0.64
2019-08-05,9.90,9.81,10.07,9.75,11215,11666857.00,3.25,-0.51,-0.05,0.55
2019-08-06,9.78,9.68,9.83,9.38,13695,13864107.00,4.59,-1.33,-0.13,0.68
2019-08-07,9.80,9.59,9.84,9.55,8901,9079630.00,3.00,-0.93,-0.09,0.44
2019-08-08,9.59,9.56,9.70,9.48,10265,10344759.00,2.29,-0.31,-0.03,0.51
2019-08-09,9.62,9.54,9.66,9.48,9937,9998796.00,1.88,-0.21,-0.02,0.49
2019-08-12,9.50,9.83,9.86,9.45,14233,14476274.00,4.30,3.04,0.29,0.70
2019-08-13,9.75,9.74,9.84,9.64,7503,7677028.00,2.03,-0.92,-0.09,0.37
2019-08-14,9.84,9.86,9.96,9.75,15092,15668429.00,2.16,1.23,0.12,0.75
2019-08-15,9.76,9.94,9.95,9.62,11190,11505553.00,3.35,0.81,0.08,0.55
2019-08-16,9.90,10.29,10.40,9.88,21924,23560312.00,5.23,3.52,0.35,1.08
2019-08-19,10.29,10.52,10.60,10.21,26315,28784363.00,3.79,2.24,0.23,1.30
2019-08-20,10.53,10.46,10.60,10.43,13885,15268813.00,1.62,-0.57,-0.06,0.69
2019-08-21,10.46,10.49,10.56,10.41,11033,12125923.00,1.43,0.29,0.03,0.55
2019-08-22,10.58,10.47,10.58,10.33,12451,13619998.00,2.38,-0.19,-0.02,0.62
2019-08-23,10.41,10.36,10.59,10.34,8912,9761219.00,2.39,-1.05,-0.11,0.44
2019-08-26,10.10,10.49,10.60,10.10,16906,18459727.00,4.83,1.25,0.13,0.84
2019-08-27,10.49,10.80,10.98,10.49,29320,33082949.00,4.67,2.96,0.31,1.45
2019-08-28,10.87,10.91,11.39,10.76,44848,51920680.00,5.83,1.02,0.11,2.22
2019-08-29,11.08,10.84,11.13,10.77,22543,25681322.00,3.30,-0.64,-0.07,1.11
2019-08-30,10.95,10.62,11.01,10.50,18831,21192011.00,4.70,-2.03,-0.22,0.93
2019-09-02,10.68,10.88,10.90,10.55,15343,17314128.00,3.30,2.45,0.26,0.76
2019-09-03,10.83,10.90,10.94,10.77,15973,18146030.00,1.56,0.18,0.02,0.79
2019-09-04,10.88,11.04,11.09,10.81,17990,20523389.00,2.57,1.28,0.14,0.89
2019-09-05,11.04,10.93,11.15,10.90,27925,32194726.00,2.26,-1.00,-0.11,1.38
2019-09-06,11.00,11.10,11.28,10.92,27615,31947347.00,3.29,1.56,0.17,1.37
2019-09-09,11.19,11.41,11.41,11.00,36837,43255102.00,3.69,2.79,0.31,1.82
2019-09-10,11.36,11.38,11.50,11.31,30992,36831807.00,1.67,-0.26,-0.03,1.53
2019-09-11,11.40,11.37,11.52,11.31,18620,22144886.00,1.85,-0.09,-0.01,0.92
2019-09-12,11.38,11.36,11.51,11.35,22740,27110756.00,1.41,-0.09,-0.01,1.12
2019-09-16,11.42,11.43,11.81,11.40,40299,48531895.00,3.61,0.62,0.07,1.99
2019-09-17,11.46,10.97,11.57,10.93,32696,38267697.00,5.60,-4.02,-0.46,1.62
2019-09-18,11.14,10.88,11.14,10.82,24641,28254207.00,2.92,-0.82,-0.09,1.22
2019-09-19,10.91,10.96,10.97,10.72,19193,21809515.00,2.30,0.74,0.08,0.95
2019-09-20,11.16,10.86,11.17,10.86,18077,20775758.00,2.83,-0.91,-0.10,0.89
2019-09-23,11.35,12.00,12.00,11.34,47697,59290292.00,6.08,10.50,1.14,2.36
2019-09-24,12.41,13.25,13.25,12.38,228569,309200000.00,7.25,10.42,1.25,11.30
2019-09-25,12.57,12.00,12.94,12.00,193645,252161470.00,7.09,-9.43,-1.25,9.57
2019-09-26,11.91,11.29,12.05,11.18,117452,141198804.00,7.25,-5.92,-0.71,5.81
2019-09-27,11.29,11.28,11.47,11.08,67713,80107913.00,3.45,-0.09,-0.01,3.35
2019-09-30,11.25,10.70,11.25,10.70,49234,56222342.00,4.88,-5.14,-0.58,2.43
2019-10-08,10.78,10.72,10.95,10.72,34334,38888593.00,2.15,0.19,0.02,1.70
2019-10-09,10.29,10.20,10.33,10.02,57264,61111105.00,2.89,-4.85,-0.52,2.83
2019-10-10,10.20,10.32,10.32,10.12,38897,41674150.00,1.96,1.18,0.12,1.92
2019-10-11,10.27,10.23,10.31,10.04,32487,34705634.00,2.62,-0.87,-0.09,1.61
2019-10-14,10.31,10.40,10.45,10.23,29822,32394393.00,2.15,1.66,0.17,1.47
2019-10-15,10.37,10.95,11.12,10.36,87416,98631241.00,7.31,5.29,0.55,4.32
2019-10-16,10.73,10.65,10.89,10.58,47885,53557966.00,2.83,-2.74,-0.30,2.37
2019-10-17,10.64,10.82,10.95,10.53,37794,42469746.00,3.94,1.60,0.17,1.87
2019-10-18,10.78,10.85,11.20,10.70,46996,53726726.00,4.62,0.28,0.03,2.32
2019-10-21,10.65,10.29,10.75,10.09,40219,43503220.00,6.08,-5.16,-0.56,1.99
2019-10-22,10.32,10.35,10.47,10.21,26004,28130444.00,2.53,0.58,0.06,1.29
2019-10-23,10.36,10.26,10.43,10.22,21239,22968201.00,2.03,-0.87,-0.09,1.05
2019-10-24,10.29,10.23,10.39,10.11,17983,19352089.00,2.73,-0.29,-0.03,0.89
2019-10-25,10.24,10.30,10.39,10.05,22123,23675454.00,3.32,0.68,0.07,1.09
2019-10-28,10.34,10.49,10.56,10.24,29961,32659078.00,3.11,1.84,0.19,1.48
2019-10-29,10.49,10.21,10.49,10.17,23510,25421160.00,3.05,-2.67,-0.28,1.16
2019-10-30,10.16,10.03,10.21,10.01,16697,17691531.00,1.96,-1.76,-0.18,0.83
2019-10-31,10.03,9.80,10.13,9.78,19258,20035001.00,3.49,-2.29,-0.23,0.95
2019-11-01,9.87,9.93,9.95,9.76,11223,11664770.00,1.94,1.33,0.13,0.55
2019-11-04,10.00,9.94,10.07,9.90,11307,11845276.00,1.71,0.10,0.01,0.56
2019-11-05,10.01,9.94,10.02,9.80,10726,11159974.00,2.21,0.00,0.00,0.53
2019-11-06,9.98,9.96,10.09,9.88,13930,14617486.00,2.11,0.20,0.02,0.69
2019-11-07,9.99,10.06,10.11,9.91,11116,11717785.00,2.01,1.00,0.10,0.55
2019-11-08,10.09,10.52,10.61,10.02,48502,52770455.00,5.86,4.57,0.46,2.40
2019-11-11,10.33,10.54,10.75,10.16,48024,52839668.00,5.61,0.19,0.02,2.37
2019-11-12,10.40,10.88,10.90,10.32,56110,62588099.00,5.50,3.23,0.34,2.77
2019-11-13,10.93,10.76,10.98,10.54,43476,48880788.00,4.04,-1.10,-0.12,2.15
2019-11-14,10.69,10.62,10.73,10.50,27514,30539939.00,2.14,-1.30,-0.14,1.36
2019-11-15,10.67,10.46,11.08,10.45,35205,39597034.00,5.93,-1.51,-0.16,1.74
2019-11-18,10.40,10.45,10.59,10.33,22362,24467210.00,2.49,-0.10,-0.01,1.11
2019-11-19,10.41,10.65,10.69,10.30,29804,32703403.00,3.73,1.91,0.20,1.47
2019-11-20,10.60,10.43,10.88,10.43,27835,31015380.00,4.23,-2.07,-0.22,1.38
2019-11-21,10.33,10.33,10.55,10.15,22877,24720684.00,3.84,-0.96,-0.10,1.13
2019-11-22,10.30,10.10,10.52,10.03,23759,25588405.00,4.74,-2.23,-0.23,1.17
2019-11-25,10.11,9.96,10.11,9.91,16565,17368879.00,1.98,-1.39,-0.14,0.82
2019-11-26,9.96,9.99,10.04,9.94,6785,7118210.00,1.00,0.30,0.03,0.34
2019-11-27,9.98,10.08,10.13,9.93,10112,10685166.00,2.00,0.90,0.09,0.50
2019-11-28,10.05,9.95,10.10,9.92,8994,9444542.00,1.79,-1.29,-0.13,0.44
2019-11-29,9.93,10.17,10.35,9.80,18132,19042222.00,5.53,2.21,0.22,0.90
2019-12-02,10.07,10.19,10.26,10.03,16481,17499932.00,2.26,0.20,0.02,0.81
2019-12-03,10.08,10.83,11.14,10.06,52246,58059927.00,10.60,6.28,0.64,2.58
2019-12-04,10.66,10.91,11.05,10.64,61654,70171649.00,3.79,0.74,0.08,3.05
2019-12-05,11.27,11.41,11.91,11.27,105405,126930396.00,5.87,4.58,0.50,5.21
2019-12-06,11.37,11.66,11.85,11.18,94034,113814529.00,5.87,2.19,0.25,4.65
2019-12-09,11.68,11.62,11.86,11.51,71207,86605765.00,3.00,-0.34,-0.04,3.52
2019-12-10,11.48,12.00,12.16,11.40,101778,126635487.00,6.54,3.27,0.38,5.03
2019-12-11,11.88,11.73,12.17,11.51,91778,112793741.00,5.50,-2.25,-0.27,4.54
2019-12-12,11.52,11.55,11.68,11.41,55368,66840799.00,2.30,-1.53,-0.18,2.74
2019-12-13,11.56,11.55,11.77,11.46,41970,50705547.00,2.68,0.00,0.00,2.08
2019-12-16,11.62,12.76,12.76,11.62,100030,128223297.00,9.87,10.48,1.21,4.95
2019-12-17,13.66,13.25,14.09,13.17,280370,396531152.00,7.21,3.84,0.49,13.86
2019-12-18,13.19,13.35,13.75,12.94,195332,270595792.00,6.11,0.75,0.10,9.66
2019-12-19,13.12,13.29,13.58,12.93,117939,162962459.00,4.87,-0.45,-0.06,5.83
2019-12-20,13.43,13.48,13.98,13.16,154101,217638990.00,6.17,1.43,0.19,7.62
2019-12-23,13.44,12.08,13.44,12.08,125696,159547443.00,10.09,-10.39,-1.40,6.21
2019-12-24,11.86,11.81,11.98,11.41,94318,115023927.00,4.72,-2.24,-0.27,4.66
2019-12-25,11.84,11.82,11.92,11.62,60739,74666356.00,2.54,0.08,0.01,3.00
2019-12-26,11.79,11.73,11.80,11.59,56537,68754216.00,1.78,-0.76,-0.09,2.80
2019-12-27,11.73,11.51,11.85,11.43,64721,78672150.00,3.58,-1.88,-0.22,3.20
2019-12-30,11.31,11.47,11.53,10.98,51825,61028580.00,4.78,-0.35,-0.04,2.56
2019-12-31,11.44,11.38,11.59,11.31,34286,40798984.00,2.44,-0.78,-0.09,1.70