2013-01-04,5.56,5.38,5.59,5.30,16307,21776900.00,5.23,-3.06,-0.17,3.11
2013-01-07,5.35,5.45,5.50,5.30,16013,21403452.00,3.72,1.30,0.07,3.05
2013-01-08,5.55,5.48,5.55,5.32,16505,22173131.00,4.22,0.55,0.03,3.14
2013-01-09,5.47,5.48,5.53,5.40,11672,15760209.00,2.37,0.00,0.00,2.22
2013-01-10,5.46,5.50,5.53,5.41,16345,22081590.00,2.19,0.36,0.02,3.11
2013-01-11,5.51,5.60,5.67,5.45,29433,40519060.00,4.00,1.82,0.10,5.61
2013-01-14,5.64,5.68,5.71,5.55,26515,36883584.00,2.86,1.43,0.08,5.05
2013-01-15,5.68,5.79,5.90,5.66,27834,39766534.00,4.23,1.94,0.11,5.30
2013-01-16,5.81,5.71,5.90,5.58,20983,29847374.00,5.53,-1.38,-0.08,4.00
2013-01-17,5.71,5.58,5.73,5.55,13830,19214183.00,3.15,-2.28,-0.13,2.63
2013-01-18,5.61,5.59,5.66,5.53,16837,23237616.00,2.33,0.18,0.01,3.21
2013-01-21,5.60,5.62,5.65,5.55,14627,20251927.00,1.79,0.54,0.03,2.79
2013-01-22,5.62,5.53,5.66,5.51,7834,10759935.00,2.67,-1.60,-0.09,1.49
2013-01-23,5.53,5.51,5.59,5.43,12005,16293791.00,2.89,-0.36,-0.02,2.29
2013-01-24,5.51,5.44,5.57,5.36,14885,20103528.00,3.81,-1.27,-0.07,2.84
2013-01-25,5.39,5.43,5.45,5.38,6204,8287965.00,1.29,-0.18,-0.01,1.18
2013-01-28,5.43,5.51,5.51,5.43,8641,11656231.00,1.47,1.47,0.08,1.65
2013-01-29,5.53,5.52,5.53,5.48,4876,6614849.00,0.91,0.18,0.01,0.93
2013-01-30,5.54,5.43,5.54,5.40,5298,7129293.00,2.54,-1.63,-0.09,1.01
2013-01-31,5.45,5.39,5.45,5.36,4330,5741799.00,1.66,-0.74,-0.04,0.82
2013-02-01,5.36,5.47,5.51,5.36,10179,13721801.00,2.78,1.48,0.08,1.94
2013-02-04,5.45,5.46,5.53,5.36,9788,13159962.00,3.11,-0.18,-0.01,1.86
2013-02-05,5.67,5.58,5.67,5.48,15189,20978140.00,3.48,2.20,0.12,2.89
2013-02-06,5.59,5.59,5.63,5.49,12263,16947360.00,2.51,0.18,0.01,2.34
2013-02-07,5.58,5.59,5.61,5.51,11264,15450333.00,1.79,0.00,0.00,2.15
2013-02-08,5.52,5.65,5.66,5.52,13756,19094843.00,2.50,1.07,0.06,2.62
2013-02-18,5.66,5.58,5.74,5.58,13537,18889757.00,2.83,-1.24,-0.07,2.58
2013-02-19,5.62,5.57,5.69,5.55,9545,13258820.00,2.51,-0.18,-0.01,1.82
2013-02-20,5.57,5.72,5.73,5.55,18774,26331443.00,3.23,2.69,0.15,3.58
2013-02-21,5.80,5.66,5.81,5.64,20632,29254723.00,2.97,-1.05,-0.06,3.93
2013-02-22,5.67,5.60,5.74,5.58,12805,17868480.00,2.83,-1.06,-0.06,2.44
2013-02-25,5.58,5.57,5.64,5.55,12702,17528118.00,1.61,-0.54,-0.03,2.42
2013-02-26,5.59,5.48,5.59,5.46,10840,14816815.00,2.33,-1.62,-0.09,2.06
2013-02-27,5.53,5.47,5.59,5.46,9118,12421936.00,2.37,-0.18,-0.01,1.74
2013-02-28,5.46,5.51,5.55,5.46,12844,17435987.00,1.65,0.73,0.04,2.45
2013-03-01,5.52,5.53,5.55,5.45,10996,14908118.00,1.81,0.36,0.02,2.09
2013-03-04,5.52,5.27,5.52,5.23,9556,12660214.00,5.24,-4.70,-0.26,1.82
2013-03-05,5.28,5.26,5.28,5.21,7543,9725411.00,1.33,-0.19,-0.01,0.63
2013-03-06,5.25,5.33,5.34,5.21,8403,10906712.00,2.47,1.33,0.07,0.70
2013-03-07,5.33,5.25,5.36,5.24,9092,11855899.00,2.25,-1.50,-0.08,0.76
2013-03-08,5.28,5.24,5.28,5.22,4202,5412515.00,1.14,-0.19,-0.01,0.35
2013-03-11,5.24,5.27,5.28,5.17,5307,6838925.00,2.10,0.57,0.03,0.44
2013-03-12,5.26,5.27,5.33,5.15,8358,10746638.00,3.42,0.00,0.00,0.70
2013-03-13,5.28,5.36,5.38,5.25,12029,15754733.00,2.47,1.71,0.09,1.00
2013-03-14,5.37,5.36,5.42,5.32,8426,11141964.00,1.87,0.00,0.00,0.70
2013-03-15,5.36,5.30,5.43,5.25,5199,6824225.00,3.36,-1.12,-0.06,0.43
2013-03-18,5.28,5.12,5.28,5.10,5519,6999882.00,3.40,-3.40,-0.18,0.46
2013-03-19,5.12,5.17,5.21,5.11,5799,7372162.00,1.95,0.98,0.05,0.48
2013-03-20,5.21,5.25,5.26,5.18,4518,5800051.00,1.55,1.55,0.08,0.38
2013-03-21,5.24,5.26,5.30,5.20,9424,12171885.00,1.90,0.19,0.01,0.79
2013-03-22,5.25,5.21,5.30,5.04,5896,7520468.00,4.94,-0.95,-0.05,0.49
2013-03-25,5.18,5.15,5.23,5.15,3635,4619067.00,1.54,-1.15,-0.06,0.30
2013-03-26,5.12,5.13,5.18,5.10,2774,3487485.00,1.55,-0.39,-0.02,0.23
2013-03-27,5.10,5.13,5.15,5.10,3723,4689366.00,0.97,0.00,0.00,0.31
2013-03-28,5.09,5.08,5.10,4.98,6255,7709747.00,2.34,-0.97,-0.05,0.52
2013-03-29,5.12,5.13,5.17,5.08,6684,8422686.00,1.77,0.98,0.05,0.56
2013-04-01,5.13,5.14,5.20,5.01,9189,11605233.00,3.70,0.19,0.01,0.77
2013-04-02,5.10,5.15,5.20,5.05,4819,6088207.00,2.92,0.19,0.01,0.40
2013-04-03,5.12,5.17,5.21,5.12,6894,8776483.00,1.75,0.39,0.02,0.57
2013-04-08,5.16,5.17,5.20,5.05,10068,12750654.00,2.90,0.00,0.00,0.84
2013-04-09,5.15,5.19,5.19,5.13,4685,5954813.00,1.16,0.39,0.02,0.39
2013-04-10,5.20,5.28,5.29,5.17,16252,20973033.00,2.31,1.73,0.09,1.35
2013-04-11,5.28,5.26,5.33,5.19,12918,16725428.00,2.65,-0.38,-0.02,1.08
2013-04-12,5.24,5.16,5.34,5.15,8816,11427492.00,3.61,-1.90,-0.10,0.73
2013-04-15,5.11,4.97,5.11,4.96,4903,6034738.00,2.91,-3.68,-0.19,0.41
2013-04-16,4.96,4.99,5.00,4.91,3543,4290574.00,1.81,0.40,0.02,0.30
2013-04-17,5.01,5.00,5.02,4.96,1822,2227057.00,1.20,0.20,0.01,0.15
2013-04-18,4.99,5.01,5.03,4.98,2853,3498531.00,1.00,0.20,0.01,0.24
2013-04-19,5.01,5.16,5.18,5.01,12402,15591217.00,3.39,2.99,0.15,1.03
2013-04-22,5.13,5.14,5.20,5.03,8065,10159518.00,3.29,-0.39,-0.02,0.67
2013-04-23,5.15,5.06,5.20,5.02,9342,11681904.00,3.50,-1.56,-0.08,0.78
2013-04-24,5.09,5.15,5.20,5.08,9811,12382441.00,2.37,1.78,0.09,0.82
2013-04-25,5.17,5.07,5.26,5.07,13187,16724478.00,3.69,-1.55,-0.08,1.10
2013-04-26,5.13,4.98,5.16,4.91,10884,13357945.00,4.93,-1.78,-0.09,0.91
2013-05-02,4.96,5.00,5.06,4.92,6341,7760104.00,2.81,0.40,0.02,0.53
2013-05-03,4.95,5.04,5.11,4.94,9598,11928424.00,3.40,0.80,0.04,0.80
2013-05-06,5.08,5.10,5.16,5.01,10125,12653945.00,2.98,1.19,0.06,0.84
2013-05-07,5.06,5.14,5.14,5.04,10845,13514393.00,1.96,0.78,0.04,0.90
2013-05-08,5.28,5.21,5.28,5.16,15817,20251217.00,2.33,1.36,0.07,1.32
2013-05-09,5.16,5.13,5.24,5.11,11378,14414596.00,2.50,-1.54,-0.08,0.95
2013-05-10,5.16,5.20,5.20,5.11,9470,11989198.00,1.75,1.36,0.07,0.79
2013-05-13,5.21,5.17,5.24,5.15,8288,10579781.00,1.73,-0.58,-0.03,0.69
2013-05-14,5.13,5.08,5.18,5.03,7190,8982682.00,2.90,-1.74,-0.09,0.60
2013-05-15,5.11,4.95,5.12,4.94,29465,36017568.00,3.54,-2.56,-0.13,2.46
2013-05-16,4.95,4.86,4.95,4.76,42752,50570462.00,3.84,-1.82,-0.09,3.56
2013-05-17,4.86,4.90,4.90,4.83,21685,25835245.00,1.44,0.82,0.04,1.81
2013-05-20,4.90,4.98,4.99,4.88,23329,28211614.00,2.24,1.63,0.08,1.94
2013-05-21,4.99,5.00,5.00,4.95,14037,17126611.00,1.00,0.40,0.02,1.17
2013-05-22,5.00,4.96,5.00,4.94,19514,23771075.00,1.20,-0.80,-0.04,1.63
2013-05-23,4.96,4.93,4.98,4.91,11718,14192266.00,1.41,-0.60,-0.03,0.98
2013-05-24,4.95,4.99,5.00,4.92,10976,13327420.00,1.62,1.22,0.06,0.91
2013-05-27,4.99,5.00,5.02,4.98,11610,14242331.00,0.80,0.20,0.01,0.97
2013-05-28,5.00,5.01,5.02,4.94,10379,12697733.00,1.60,0.20,0.01,0.86
2013-05-29,4.98,5.06,5.09,4.98,19428,24053047.00,2.20,1.00,0.05,1.62
2013-05-30,5.03,5.08,5.09,5.03,13052,16193259.00,1.19,0.40,0.02,1.09
2013-05-31,5.09,5.05,5.12,5.03,13641,16998553.00,1.77,-0.59,-0.03,1.14
2013-06-03,5.03,5.04,5.10,5.03,9788,12177486.00,1.39,-0.20,-0.01,0.82
2013-06-04,5.05,4.91,5.05,4.87,10895,13224491.00,3.57,-2.58,-0.13,0.91
2013-06-05,4.94,4.95,4.95,4.88,4537,5464415.00,1.43,0.81,0.04,0.38
2013-06-06,4.95,4.89,4.96,4.88,4529,5462019.00,1.62,-1.21,-0.06,0.38
2013-06-07,4.86,4.80,4.93,4.79,6917,8203916.00,2.86,-1.84,-0.09,0.58
2013-06-13,4.77,4.68,4.78,4.56,5453,6209919.00,4.58,-2.50,-0.12,0.45
2013-06-14,4.67,4.71,4.72,4.65,3764,4307889.00,1.50,0.64,0.03,0.31
2013-06-17,4.71,4.75,4.79,4.71,5084,5894679.00,1.70,0.85,0.04,0.42
2013-06-18,4.78,4.74,4.78,4.69,2945,3404938.00,1.89,-0.21,-0.01,0.25
2013-06-19,4.73,4.72,4.76,4.65,4646,5353482.00,2.32,-0.42,-0.02,0.39
2013-06-20,4.72,4.58,4.72,4.58,5556,6312123.00,2.97,-2.97,-0.14,0.46
2013-06-21,4.55,4.60,4.64,4.50,4986,5567737.00,3.06,0.44,0.02,0.42
2013-06-24,4.63,4.34,4.63,4.33,8228,8931920.00,6.52,-5.65,-0.26,0.69
2013-06-25,4.36,4.26,4.40,4.05,7132,7332608.00,8.06,-1.84,-0.08,0.59
2013-06-26,4.22,4.27,4.30,4.15,6077,6213823.00,3.52,0.23,0.01,0.51
2013-06-27,4.26,4.21,4.32,4.19,5669,5859738.00,3.04,-1.41,-0.06,0.47
2013-06-28,4.21,4.22,4.27,4.16,3765,3854924.00,2.61,0.24,0.01,0.31
2013-07-01,4.19,4.26,4.26,4.17,3805,3892816.00,2.13,0.95,0.04,0.32
2013-07-02,4.25,4.31,4.32,4.25,4709,4902341.00,1.64,1.17,0.05,0.39
2013-07-03,4.29,4.46,4.47,4.25,9383,9937057.00,5.10,3.48,0.15,0.78
2013-07-04,4.44,4.50,4.50,4.42,10684,11620202.00,1.79,0.90,0.04,0.89
2013-07-05,4.51,4.44,4.51,4.43,5289,5739372.00,1.78,-1.33,-0.06,0.44
2013-07-08,4.38,4.21,4.38,4.20,5576,5756362.00,4.05,-5.18,-0.23,0.46
2013-07-09,4.21,4.25,4.27,4.18,3721,3814520.00,2.14,0.95,0.04,0.31
2013-07-10,4.25,4.33,4.35,4.25,4182,4364778.00,2.35,1.88,0.08,0.35
2013-07-11,4.35,4.42,4.45,4.33,6978,7474917.00,2.77,2.08,0.09,0.58
2013-07-12,4.42,4.42,4.49,4.38,6629,7169376.00,2.49,0.00,0.00,0.55
2013-07-15,4.41,4.48,4.50,4.40,5707,6202328.00,2.26,1.36,0.06,0.48
2013-07-16,4.50,4.50,4.52,4.43,5326,5820534.00,2.01,0.45,0.02,0.44
2013-07-17,4.50,4.41,4.50,4.41,4064,4414200.00,2.00,-2.00,-0.09,0.34
2013-07-18,4.40,4.40,4.44,4.36,2768,2958825.00,1.81,-0.23,-0.01,0.23
2013-07-19,4.40,4.28,4.43,4.23,5565,5900999.00,4.55,-2.73,-0.12,0.46
2013-07-22,4.27,4.31,4.31,4.26,3313,3447830.00,1.17,0.70,0.03,0.28
2013-07-23,4.32,4.48,4.48,4.30,5443,5837175.00,4.18,3.94,0.17,0.45
2013-07-24,4.47,4.62,4.89,4.43,13280,14962783.00,10.27,3.13,0.14,1.11
2013-07-25,4.64,4.53,4.64,4.51,7154,7938275.00,2.81,-1.95,-0.09,0.60
2013-07-26,4.52,4.53,4.61,4.49,3585,3953576.00,2.65,0.00,0.00,0.30
2013-07-29,4.50,4.57,4.82,4.44,7736,8661229.00,8.39,0.88,0.04,0.64
2013-07-30,4.57,4.51,4.58,4.45,4700,5163794.00,2.84,-1.31,-0.06,0.39
2013-07-31,4.46,4.51,4.58,4.46,3718,4093849.00,2.66,0.00,0.00,0.31
2013-08-01,4.54,4.59,4.59,4.52,6268,6980865.00,1.55,1.77,0.08,0.52
2013-08-02,4.61,4.61,4.66,4.58,7486,8441211.00,1.74,0.44,0.02,0.62
2013-08-05,4.61,4.70,4.70,4.60,7881,8948736.00,2.17,1.95,0.09,0.66
2013-08-06,4.66,4.70,4.71,4.64,5621,6438141.00,1.49,0.00,0.00,0.47
2013-08-07,4.70,4.65,4.71,4.64,5821,6625753.00,1.49,-1.06,-0.05,0.49
2013-08-08,4.62,4.63,4.68,4.58,4542,5137959.00,2.15,-0.43,-0.02,0.38
2013-08-09,4.61,4.64,4.69,4.60,5096,5772200.00,1.94,0.22,0.01,0.42
2013-08-12,4.64,4.71,4.71,4.64,6192,7073806.00,1.51,1.51,0.07,0.52
2013-08-13,4.70,4.73,4.76,4.69,7251,8383380.00,1.49,0.42,0.02,0.60
2013-08-14,4.73,4.68,4.75,4.68,6310,7261506.00,1.48,-1.06,-0.05,0.53
2013-08-15,4.70,4.67,4.73,4.67,4263,4883046.00,1.28,-0.21,-0.01,0.36
2013-08-16,4.66,4.56,4.70,4.55,6389,7206837.00,3.21,-2.36,-0.11,0.53
2013-08-19,4.53,4.61,4.62,4.51,3070,3431068.00,2.41,1.10,0.05,0.26
2013-08-20,4.61,4.65,4.66,4.61,3716,4208337.00,1.08,0.87,0.04,0.31
2013-08-21,4.65,4.69,4.69,4.62,3701,4203871.00,1.51,0.86,0.04,0.31
2013-08-22,4.70,4.74,4.77,4.67,6216,7177141.00,2.13,1.07,0.05,0.52
2013-08-23,4.81,4.73,4.81,4.62,7074,8163816.00,4.01,-0.21,-0.01,0.59
2013-08-26,4.75,4.79,4.85,4.75,9255,10827579.00,2.11,1.27,0.06,0.77
2013-08-27,4.76,4.76,4.82,4.74,9213,10729718.00,1.67,-0.63,-0.03,0.77
2013-08-28,4.74,4.70,4.75,4.69,6502,7493437.00,1.26,-1.26,-0.06,0.54
2013-08-29,4.71,4.71,4.74,4.69,4845,5576805.00,1.06,0.21,0.01,0.40
2013-08-30,4.73,4.68,4.77,4.66,5933,6837903.00,2.34,-0.64,-0.03,0.49
2013-09-02,4.68,4.75,4.78,4.66,7317,8465512.00,2.56,1.50,0.07,0.61
2013-09-03,4.71,4.78,4.80,4.71,5826,6808839.00,1.89,0.63,0.03,0.49
2013-09-04,4.79,4.78,4.80,4.76,3364,3926795.00,0.84,0.00,0.00,0.28
2013-09-05,4.76,4.78,4.81,4.75,4459,5213003.00,1.26,0.00,0.00,0.37
2013-09-06,4.80,4.78,4.80,4.76,3925,4589654.00,0.84,0.00,0.00,0.33
2013-09-09,4.78,4.83,4.83,4.76,7590,8918317.00,1.46,1.05,0.05,0.63
2013-09-10,4.81,4.83,4.96,4.81,7241,8591896.00,3.11,0.00,0.00,0.60
2013-09-11,4.85,4.79,4.85,4.77,8988,10541739.00,1.66,-0.83,-0.04,0.75
2013-09-12,4.79,4.83,4.85,4.78,4687,5539964.00,1.46,0.84,0.04,0.39
2013-09-13,4.83,4.88,4.89,4.80,5395,6397530.00,1.86,1.04,0.05,0.45
2013-09-16,4.86,4.90,4.93,4.86,5546,6652886.00,1.43,0.41,0.02,0.46
2013-09-17,4.92,5.00,5.01,4.86,16580,20098091.00,3.06,2.04,0.10,1.38
2013-09-18,4.98,4.92,5.03,4.92,8411,10214123.00,2.20,-1.60,-0.08,0.70
2013-09-23,4.92,5.01,5.03,4.92,9228,11292314.00,2.24,1.83,0.09,0.77
2013-09-24,5.01,5.11,5.15,4.96,13442,16746917.00,3.79,2.00,0.10,1.12
2013-09-25,5.11,5.09,5.15,5.03,9470,11819931.00,2.35,-0.39,-0.02,0.79
2013-09-26,5.05,4.98,5.15,4.98,10271,12776279.00,3.34,-2.16,-0.11,0.86
2013-09-27,4.98,5.01,5.07,4.98,4592,5662738.00,1.81,0.60,0.03,0.38
2013-09-30,5.01,5.06,5.06,4.98,5909,7279142.00,1.60,1.00,0.05,0.49
2013-10-08,5.06,5.08,5.10,5.03,7251,9039325.00,1.38,0.40,0.02,0.60
2013-10-09,5.06,5.08,5.12,5.06,5175,6477242.00,1.18,0.00,0.00,0.43
2013-10-10,5.08,5.06,5.08,4.94,11748,14419476.00,2.76,-0.39,-0.02,0.98
2013-10-11,5.03,5.20,5.26,5.03,17721,22618984.00,4.55,2.77,0.14,1.48
2013-10-14,5.17,5.20,5.24,5.16,7506,9568751.00,1.54,0.00,0.00,0.63
2013-10-15,5.17,5.15,5.22,5.12,8347,10595823.00,1.92,-0.96,-0.05,0.70
2013-10-16,5.10,5.01,5.16,5.00,6997,8698135.00,3.11,-2.72,-0.14,0.58
2013-10-17,5.04,5.03,5.11,5.01,7900,9821790.00,2.00,0.40,0.02,0.66
2013-10-18,5.07,5.06,5.09,5.00,5162,6396982.00,1.79,0.60,0.03,0.43
2013-10-21,5.05,5.11,5.13,5.03,8639,10819171.00,1.98,0.99,0.05,0.72
2013-10-22,5.08,5.08,5.17,5.08,11899,14966398.00,1.76,-0.59,-0.03,0.99
2013-10-23,5.10,5.01,5.16,5.01,7079,8812643.00,2.95,-1.38,-0.07,0.59
2013-10-24,5.01,5.02,5.03,4.93,5781,7080282.00,2.00,0.20,0.01,0.48
2013-10-25,5.02,4.96,5.05,4.94,9129,11198909.00,2.19,-1.20,-0.06,0.76
2013-10-28,4.94,4.86,5.00,4.85,6156,7390777.00,3.02,-2.02,-0.10,0.51
2013-10-29,4.88,4.78,4.92,4.70,8549,10037398.00,4.53,-1.65,-0.08,0.71
2013-10-30,4.79,4.84,4.84,4.76,5856,6895492.00,1.67,1.26,0.06,0.49
2013-10-31,4.84,4.93,4.96,4.84,6712,8112096.00,2.48,1.86,0.09,0.56
2013-11-01,4.94,4.94,4.96,4.90,4670,5654543.00,1.22,0.20,0.01,0.39
2013-11-04,4.90,4.97,5.00,4.90,4502,5480754.00,2.02,0.61,0.03,0.38
2013-11-05,4.95,5.06,5.07,4.94,6688,8229529.00,2.62,1.81,0.09,0.56
2013-11-06,5.07,5.05,5.13,5.03,7495,9352855.00,1.98,-0.20,-0.01,0.62
2013-11-07,5.01,5.04,5.10,5.01,4779,5939249.00,1.78,-0.20,-0.01,0.40
2013-11-08,5.04,5.03,5.08,4.98,3742,4608846.00,1.98,-0.20,-0.01,0.31
2013-11-11,5.06,5.09,5.10,5.01,2421,3003435.00,1.79,1.19,0.06,0.20
2013-11-12,5.06,5.14,5.15,5.03,6957,8713922.00,2.36,0.98,0.05,0.58
2013-11-13,5.14,5.06,5.14,5.06,4487,5606654.00,1.56,-1.56,-0.08,0.37
2013-11-14,5.02,5.35,5.36,5.02,21614,27980845.00,6.72,5.73,0.29,1.80
2013-11-15,5.31,5.46,5.48,5.26,28155,37468340.00,4.11,2.06,0.11,2.35
2013-11-18,5.47,5.45,5.55,5.42,22268,30000412.00,2.38,-0.18,-0.01,1.86
2013-11-19,5.45,5.43,5.53,5.36,13476,18095116.00,3.12,-0.37,-0.02,1.12
2013-11-20,5.43,5.51,5.51,5.40,11562,15553577.00,2.03,1.47,0.08,0.96
2013-11-21,5.49,5.43,5.51,5.41,13150,17689914.00,1.81,-1.45,-0.08,1.10
2013-11-22,5.41,5.43,5.48,5.38,6498,8691389.00,1.84,0.00,0.00,0.54
2013-11-25,5.43,5.56,5.57,5.43,11824,16093845.00,2.58,2.39,0.13,0.99
2013-11-26,5.55,5.59,5.65,5.52,11101,15288003.00,2.34,0.54,0.03,0.93
2013-11-27,5.60,5.60,5.65,5.56,6881,9529652.00,1.61,0.18,0.01,0.57
2013-11-28,5.60,5.70,5.74,5.60,12439,17462677.00,2.50,1.79,0.10,1.04
2013-11-29,5.70,5.79,5.96,5.70,20155,29127999.00,4.56,1.58,0.09,1.68
2013-12-02,5.65,5.30,5.65,5.25,24077,32325863.00,6.91,-8.46,-0.49,2.01
2013-12-03,5.27,5.68,5.68,5.25,15592,21151730.00,8.11,7.17,0.38,1.30
2013-12-04,5.67,5.71,5.86,5.64,14461,20683217.00,3.87,0.53,0.03,1.21
2013-12-05,5.71,5.90,5.98,5.68,14560,21128626.00,5.25,3.33,0.19,1.21
2013-12-06,5.90,5.89,5.96,5.76,11379,16431560.00,3.39,-0.17,-0.01,0.95
2013-12-09,5.89,6.11,6.18,5.83,21832,32655990.00,5.94,3.74,0.22,1.82
2013-12-10,6.12,6.11,6.15,6.06,12130,18365713.00,1.47,0.00,0.00,1.01
2013-12-11,6.12,6.06,6.12,6.00,13034,19490152.00,1.96,-0.82,-0.05,1.09
2013-12-12,6.04,6.08,6.12,6.01,13304,20009854.00,1.82,0.33,0.02,1.11
2013-12-13,6.06,6.23,6.35,5.98,19106,29456901.00,6.09,2.47,0.15,1.59
2013-12-16,6.31,6.21,6.38,6.15,19043,29711120.00,3.69,-0.32,-0.02,1.59
2013-12-17,6.21,6.16,6.24,6.07,11018,16788904.00,2.74,-0.81,-0.05,0.92
2013-12-18,6.11,6.32,6.42,6.11,15701,24565518.00,5.03,2.60,0.16,1.31
2013-12-19,6.32,6.33,6.39,6.27,11337,17796793.00,1.90,0.16,0.01,0.94
2013-12-20,6.36,6.47,6.59,6.28,25615,41280266.00,4.90,2.21,0.14,2.13
2013-12-23,6.44,6.41,6.56,6.28,17067,27246620.00,4.33,-0.93,-0.06,1.42
2013-12-24,6.40,6.89,6.99,6.34,42203,70915782.00,10.14,7.49,0.48,3.52
2013-12-25,6.93,7.05,7.07,6.82,46662,80737732.00,3.63,2.32,0.16,3.89
2013-12-26,6.98,6.75,6.99,6.75,29815,50794674.00,3.40,-4.26,-0.30,2.48
2013-12-27,6.71,6.75,6.94,6.68,24178,41126674.00,3.85,0.00,0.00,2.01
2013-12-30,6.82,7.13,7.13,6.63,37743,65137030.00,7.41,5.63,0.38,3.15
2013-12-31,7.03,6.91,7.09,6.82,22752,39375859.00,3.79,-3.09,-0.22,1.90