2010-01-04,4.09,3.95,4.09,3.92,177353,150832857.00,4.21,-2.23,-0.09,1.89
2010-01-05,3.97,3.89,3.98,3.83,142974,119805501.00,3.80,-1.52,-0.06,1.52
2010-01-06,3.87,4.09,4.14,3.87,316769,274499286.00,6.94,5.14,0.20,3.37
2010-01-07,4.09,3.99,4.16,3.91,152824,131754067.00,6.11,-2.44,-0.10,1.63
2010-01-08,3.96,3.94,3.96,3.83,112584,94467321.00,3.26,-1.25,-0.05,1.20
2010-01-11,3.97,3.85,4.03,3.75,191534,160016403.00,7.11,-2.28,-0.09,2.04
2010-01-12,3.82,3.92,3.95,3.79,178243,149388872.00,4.16,1.82,0.07,1.90
2010-01-13,3.84,3.97,4.02,3.80,168573,142323023.00,5.61,1.28,0.05,1.79
2010-01-14,3.97,4.15,4.19,3.93,266542,231914033.00,6.55,4.53,0.18,2.84
2010-01-15,4.15,4.24,4.30,4.08,278349,246004021.00,5.30,2.17,0.09,2.96
2010-01-18,4.24,4.20,4.25,4.09,178526,156997714.00,3.77,-0.94,-0.04,1.90
2010-01-19,4.21,4.08,4.22,4.07,162248,141485235.00,3.57,-2.86,-0.12,1.73
2010-01-20,4.08,3.81,4.12,3.76,193949,163218677.00,8.82,-6.62,-0.27,2.07
2010-01-21,3.82,3.69,3.87,3.61,224741,181921719.00,6.82,-3.15,-0.12,2.39
2010-01-22,3.61,3.53,3.65,3.43,122433,95958131.00,5.96,-4.34,-0.16,1.30
2010-01-25,3.51,3.55,3.57,3.47,43016,33795496.00,2.83,0.57,0.02,0.46
2010-01-26,3.55,3.23,3.57,3.16,96238,72978542.00,11.55,-9.01,-0.32,1.02
2010-01-27,3.21,3.15,3.27,3.08,63565,46587730.00,5.88,-2.48,-0.08,0.68
2010-01-28,3.15,3.18,3.26,3.11,65034,47764344.00,4.76,0.95,0.03,0.69
2010-01-29,3.18,3.25,3.33,3.15,83686,62428350.00,5.66,2.20,0.07,0.89
2010-02-01,3.25,3.06,3.29,3.01,81153,58446577.00,8.62,-5.85,-0.19,0.86
2010-02-02,3.06,2.95,3.13,2.89,70967,50489856.00,7.84,-3.59,-0.11,0.76
2010-02-03,2.95,3.03,3.05,2.63,107047,74100167.00,14.24,2.71,0.08,1.14
2010-02-04,2.96,3.04,3.11,2.93,93072,66431028.00,5.94,0.33,0.01,0.99
2010-02-05,2.99,2.79,2.99,2.73,199415,135079401.00,8.55,-8.22,-0.25,2.12
2010-02-08,2.79,2.83,2.85,2.73,137212,92525847.00,4.30,1.43,0.04,1.46
2010-02-09,2.81,2.94,2.96,2.76,223249,153503784.00,7.07,3.89,0.11,2.38
2010-02-10,2.94,2.96,3.01,2.90,152695,106787285.00,3.74,0.68,0.02,1.63
2010-02-11,2.95,2.98,3.04,2.92,160589,113253714.00,4.05,0.68,0.02,1.71
2010-02-12,2.99,3.06,3.11,2.99,117853,84117749.00,4.03,2.68,0.08,1.25
2010-02-22,3.03,2.99,3.10,2.98,137186,97274715.00,3.92,-2.29,-0.07,1.46
2010-02-23,2.99,3.09,3.12,2.85,162243,113539897.00,9.03,3.34,0.10,1.73
2010-02-24,3.02,3.29,3.35,3.00,271294,199840367.00,11.33,6.47,0.20,2.89
2010-02-25,3.29,3.29,3.33,3.22,216437,161715095.00,3.34,0.00,0.00,2.30
2010-02-26,3.29,3.29,3.34,3.23,121471,91030806.00,3.34,0.00,0.00,1.29
2010-03-01,3.30,3.34,3.44,3.30,125111,95305218.00,4.26,1.52,0.05,1.33
2010-03-02,3.35,3.28,3.41,3.22,134693,100831131.00,5.69,-1.80,-0.06,1.43
2010-03-03,3.28,3.43,3.43,3.19,235734,177613679.00,7.32,4.57,0.15,2.51
2010-03-04,3.45,3.25,3.60,3.19,228120,174975229.00,11.95,-5.25,-0.18,2.43
2010-03-05,3.23,3.24,3.31,3.17,102669,76281004.00,4.31,-0.31,-0.01,1.09
2010-03-08,3.25,3.31,3.37,3.22,140917,105572337.00,4.63,2.16,0.07,1.50
2010-03-09,3.31,3.43,3.44,3.27,285389,218233966.00,5.14,3.63,0.12,3.04
2010-03-10,3.43,3.45,3.55,3.37,239838,185700169.00,5.25,0.58,0.02,2.55
2010-03-11,3.49,3.39,3.52,3.31,152470,116633140.00,6.09,-1.74,-0.06,1.62
2010-03-12,3.36,3.21,3.36,3.21,152289,113704078.00,4.42,-5.31,-0.18,1.62
2010-03-15,3.19,3.07,3.23,2.99,170343,122650834.00,7.48,-4.36,-0.14,1.81
2010-03-16,3.07,3.06,3.11,2.95,141122,100263146.00,5.21,-0.33,-0.01,1.50
2010-03-17,3.09,3.23,3.25,3.06,148372,107888466.00,6.21,5.56,0.17,1.58
2010-03-18,3.21,3.26,3.27,3.17,125433,92666629.00,3.10,0.93,0.03,1.34
2010-03-19,3.25,3.32,3.33,3.20,137501,102604543.00,3.99,1.84,0.06,1.46
2010-03-22,3.30,3.35,3.37,3.27,126113,95212693.00,3.01,0.90,0.03,1.34
2010-03-23,3.35,3.31,3.42,3.27,153997,116514065.00,4.48,-1.19,-0.04,1.64
2010-03-24,3.31,3.26,3.36,3.23,119026,88919801.00,3.93,-1.51,-0.05,1.27
2010-03-25,3.25,3.12,3.25,3.08,117287,85392840.00,5.21,-4.29,-0.14,1.25
2010-03-26,3.12,3.23,3.23,3.09,110674,80681523.00,4.49,3.53,0.11,1.18
2010-03-29,3.24,3.27,3.32,3.21,125025,93254710.00,3.41,1.24,0.04,1.33
2010-03-30,3.28,3.30,3.34,3.24,136392,102216336.00,3.06,0.92,0.03,1.45
2010-03-31,3.30,3.22,3.32,3.20,120287,89507476.00,3.64,-2.42,-0.08,1.28
2010-04-01,3.18,3.33,3.35,3.18,178071,133546058.00,5.28,3.42,0.11,1.90
2010-04-02,3.35,3.41,3.44,3.31,254451,194601799.00,3.90,2.40,0.08,2.71
2010-04-06,3.41,3.45,3.48,3.39,192041,148067749.00,2.64,1.17,0.04,2.04
2010-04-07,3.51,3.49,3.62,3.46,369939,290545647.00,4.64,1.16,0.04,3.94
2010-04-08,3.49,3.39,3.49,3.37,183365,140861904.00,3.44,-2.87,-0.10,1.95
2010-04-09,3.39,3.45,3.46,3.38,166235,127840107.00,2.36,1.77,0.06,1.77
2010-04-12,3.49,3.41,3.53,3.39,233942,180940078.00,4.06,-1.16,-0.04,2.49
2010-04-13,3.41,3.39,3.49,3.23,192057,146769666.00,7.62,-0.59,-0.02,2.05
2010-04-14,3.40,3.66,3.69,3.36,370214,292081167.00,9.73,7.96,0.27,3.94
2010-04-15,3.63,3.57,3.67,3.49,274035,217890200.00,4.92,-2.46,-0.09,2.92
2010-04-16,3.56,3.64,3.73,3.53,331880,267104601.00,5.60,1.96,0.07,3.53
2010-04-19,3.61,3.39,3.71,3.37,280288,220713038.00,9.34,-6.87,-0.25,2.98
2010-04-20,3.35,3.41,3.44,3.25,205400,155666642.00,5.60,0.59,0.02,2.19
2010-04-21,3.43,3.59,3.60,3.33,240292,186502782.00,7.92,5.28,0.18,2.56
2010-04-22,3.54,3.66,3.73,3.46,305853,244016587.00,7.52,1.95,0.07,3.26
2010-04-23,3.64,3.59,3.79,3.55,256730,207083342.00,6.56,-1.91,-0.07,2.73
2010-04-26,3.60,3.61,3.67,3.53,223581,178227933.00,3.90,0.56,0.02,2.38
2010-04-27,3.61,3.37,3.61,3.23,234602,179069078.00,10.53,-6.65,-0.24,2.50
2010-04-28,3.26,3.67,3.69,3.20,372002,292730876.00,14.54,8.90,0.30,3.96
2010-04-29,3.67,3.75,3.93,3.62,628835,516571351.00,8.45,2.18,0.08,6.70
2010-04-30,3.69,3.53,3.86,3.33,453104,361867042.00,14.13,-5.87,-0.22,4.82
2010-05-04,3.33,3.94,3.95,3.29,524921,427528829.00,18.70,11.61,0.41,5.59
2010-05-05,3.83,4.03,4.08,3.79,688649,585577994.00,7.36,2.28,0.09,7.33
2010-05-06,3.96,3.77,4.02,3.75,445077,373945774.00,6.70,-6.45,-0.26,4.74
2010-05-07,3.60,4.09,4.21,3.51,721484,613533280.00,18.57,8.49,0.32,7.68
2010-05-10,4.08,3.93,4.14,3.73,516983,439434004.00,10.02,-3.91,-0.16,5.50
2010-05-11,4.03,3.63,4.08,3.56,443226,365018621.00,13.23,-7.63,-0.30,4.72
2010-05-12,3.56,3.10,3.57,3.10,464542,343722713.00,12.95,-14.60,-0.53,4.95
2010-05-13,2.94,3.01,3.07,2.64,411449,281576447.00,13.87,-2.90,-0.09,4.38
2010-05-14,2.89,2.94,3.11,2.83,301857,211682568.00,9.30,-2.33,-0.07,3.21
2010-05-17,2.83,2.47,2.92,2.47,310339,203661780.00,15.31,-15.99,-0.47,3.30
2010-05-18,2.44,2.54,2.57,2.31,233820,145777951.00,10.53,2.83,0.07,2.49
2010-05-19,2.49,2.45,2.61,2.39,181034,113802596.00,8.66,-3.54,-0.09,1.93
2010-05-20,2.40,2.45,2.58,2.37,177234,111439876.00,8.57,0.00,0.00,1.89
2010-05-21,2.33,2.47,2.47,2.23,228113,139380110.00,9.80,0.82,0.02,2.43
2010-05-24,2.49,2.66,2.69,2.49,310867,201438079.00,8.10,7.69,0.19,3.31
2010-05-25,2.63,2.59,2.64,2.53,192980,123933535.00,4.14,-2.63,-0.07,2.05
2010-05-26,2.57,2.67,2.75,2.55,227587,149628645.00,7.72,3.09,0.08,2.42
2010-05-27,2.65,2.71,2.75,2.54,210171,138007241.00,7.87,1.50,0.04,2.24
2010-05-28,2.78,2.67,2.81,2.65,181106,120088301.00,5.90,-1.48,-0.04,1.93
2010-05-31,2.63,2.43,2.67,2.41,167397,107234007.00,9.74,-8.99,-0.24,1.78
2010-06-01,2.37,2.45,2.45,2.29,155885,95372705.00,6.58,0.82,0.02,1.66
2010-06-02,2.41,2.49,2.49,2.33,109566,67695914.00,6.53,1.63,0.04,1.17
2010-06-03,2.50,2.39,2.51,2.38,107931,67381101.00,5.22,-4.02,-0.10,1.15
2010-06-04,2.37,2.42,2.43,2.36,69654,42914826.00,2.93,1.26,0.03,0.74
2010-06-07,2.32,2.32,2.38,2.27,107830,65225921.00,4.55,-4.13,-0.10,1.15
2010-06-08,2.31,2.37,2.37,2.29,84867,51454367.00,3.45,2.16,0.05,0.90
2010-06-09,2.37,2.49,2.49,2.36,148510,92118439.00,5.49,5.06,0.12,1.58
2010-06-10,2.43,2.50,2.58,2.43,150620,95541146.00,6.02,0.40,0.01,1.60
2010-06-11,2.51,2.51,2.57,2.46,122978,78065059.00,4.40,0.40,0.01,1.31
2010-06-17,2.53,2.54,2.65,2.53,113199,72888138.00,4.78,1.20,0.03,1.21
2010-06-21,2.40,2.61,2.61,2.37,142739,90464491.00,9.45,2.76,0.07,1.52
2010-06-22,2.59,2.55,2.67,2.53,171568,110415220.00,5.36,-2.30,-0.06,1.83
2010-06-23,2.51,2.50,2.56,2.46,87858,55493884.00,3.92,-1.96,-0.05,0.94
2010-06-24,2.52,2.56,2.57,2.49,86475,55100844.00,3.20,2.40,0.06,0.92
2010-06-25,2.55,2.69,2.73,2.51,252572,164741081.00,8.59,5.08,0.13,2.69
2010-06-28,2.68,2.59,2.75,2.56,150771,98460777.00,7.06,-3.72,-0.10,1.61
2010-06-29,2.60,2.33,2.65,2.30,162444,102603858.00,13.51,-10.04,-0.26,1.73
2010-06-30,2.29,2.23,2.39,2.23,113065,67827615.00,6.87,-4.29,-0.10,1.20
2010-07-01,2.23,2.12,2.31,2.08,108696,62877178.00,10.31,-4.93,-0.11,1.16
2010-08-02,2.50,2.50,2.50,2.50,5278,3330431.00,0.00,17.92,0.38,0.06
2010-08-03,2.92,2.92,2.92,2.92,17929,12442636.00,0.00,16.80,0.42,0.19
2010-08-04,3.38,3.29,3.38,3.09,697994,519293320.00,9.93,12.67,0.37,7.43
2010-08-05,3.22,3.13,3.22,3.09,366074,266700884.00,3.95,-4.86,-0.16,3.90
2010-08-06,3.11,3.17,3.20,3.03,248532,180301734.00,5.43,1.28,0.04,2.65
2010-08-09,3.16,3.15,3.18,3.09,198891,144334622.00,2.84,-0.63,-0.02,2.12
2010-08-10,3.15,2.89,3.15,2.86,303485,214198230.00,9.21,-8.25,-0.26,3.23
2010-08-11,2.82,2.88,2.93,2.81,179069,122623426.00,4.15,-0.35,-0.01,1.91
2010-08-12,2.81,2.91,2.99,2.79,171454,118630329.00,6.94,1.04,0.03,1.83
2010-08-13,2.91,2.93,2.94,2.83,112967,78058244.00,3.78,0.69,0.02,1.20
2010-08-16,2.92,2.99,3.01,2.87,189514,132843547.00,4.78,2.05,0.06,2.02
2010-08-17,3.01,3.05,3.16,3.00,237377,170309749.00,5.35,2.01,0.06,2.53
2010-08-18,3.03,2.99,3.08,2.89,160106,112718283.00,6.23,-1.97,-0.06,1.70
2010-08-19,2.98,2.94,3.00,2.89,138074,96388476.00,3.68,-1.67,-0.05,1.47
2010-08-20,2.90,2.83,2.90,2.82,139087,95205983.00,2.72,-3.74,-0.11,1.48
2010-08-23,2.84,2.91,2.91,2.83,85464,58788697.00,2.83,2.83,0.08,0.91
2010-08-24,2.91,3.00,3.06,2.91,194067,137134964.00,5.15,3.09,0.09,2.07
2010-08-25,3.01,2.85,3.01,2.84,113164,78365397.00,5.67,-5.00,-0.15,1.20
2010-08-26,2.84,2.82,2.89,2.78,93965,63972020.00,3.86,-1.05,-0.03,1.00
2010-08-27,2.81,2.83,2.86,2.77,81366,55217081.00,3.19,0.35,0.01,0.87
2010-08-30,2.85,2.89,2.91,2.80,115655,79375971.00,3.89,2.12,0.06,1.23
2010-08-31,2.88,2.85,2.89,2.82,112998,77167319.00,2.42,-1.38,-0.04,1.20
2010-09-01,2.83,2.71,2.87,2.67,151360,101663737.00,7.02,-4.91,-0.14,1.61
2010-09-02,2.75,2.76,2.79,2.66,166224,110614255.00,4.80,1.85,0.05,1.77
2010-09-03,2.76,2.71,2.77,2.67,136980,90675476.00,3.62,-1.81,-0.05,1.46
2010-09-06,2.73,2.80,2.85,2.73,154041,104290758.00,4.43,3.32,0.09,1.64
2010-09-07,2.95,3.25,3.25,2.95,738690,545303867.00,10.71,16.07,0.45,7.87
2010-09-08,3.11,3.18,3.24,3.06,379138,276004695.00,5.54,-2.15,-0.07,4.04
2010-09-09,3.17,3.02,3.17,2.99,280906,200906042.00,5.66,-5.03,-0.16,2.99
2010-09-10,3.06,3.17,3.19,2.93,298622,213790824.00,8.61,4.97,0.15,3.18
2010-09-14,3.25,3.15,3.35,3.11,283540,208980291.00,7.57,-0.63,-0.02,3.02
2010-09-15,3.11,3.05,3.11,3.00,203012,144686657.00,3.49,-3.17,-0.10,2.16
2010-09-16,3.03,3.02,3.08,2.97,133860,94707842.00,3.61,-0.98,-0.03,1.43
2010-09-17,3.04,3.05,3.07,2.97,88162,62371772.00,3.31,0.99,0.03,0.94
2010-09-20,3.06,3.13,3.15,2.98,159167,114350502.00,5.57,2.62,0.08,1.69
2010-09-21,3.11,3.12,3.19,3.05,110473,80016852.00,4.47,-0.32,-0.01,1.18
2010-09-27,3.15,3.35,3.37,3.15,359853,268030977.00,7.05,7.37,0.23,3.83
2010-09-28,3.29,3.20,3.31,3.17,185390,137154585.00,4.18,-4.48,-0.15,1.97
2010-09-29,3.20,3.04,3.20,3.03,142631,102721427.00,5.31,-5.00,-0.16,1.52
2010-09-30,3.01,3.05,3.08,2.99,87036,62075821.00,2.96,0.33,0.01,0.93
2010-10-08,3.12,3.13,3.19,3.05,145163,105418991.00,4.59,2.62,0.08,1.55
2010-10-11,3.13,3.23,3.36,3.13,302489,225987714.00,7.35,3.19,0.10,3.22
2010-10-12,3.19,3.41,3.47,3.17,371083,282170657.00,9.29,5.57,0.18,3.95
2010-10-13,3.43,3.51,3.57,3.31,344303,265139440.00,7.62,2.93,0.10,3.67
2010-10-14,3.49,3.25,3.49,3.23,258420,195153846.00,7.41,-7.41,-0.26,2.75
2010-10-15,3.23,3.27,3.33,3.17,186180,138279012.00,4.92,0.62,0.02,1.98
2010-10-18,3.25,3.43,3.56,3.16,376319,289280783.00,12.23,4.89,0.16,4.01
2010-10-19,3.40,3.45,3.51,3.30,222240,170217934.00,6.12,0.58,0.02,2.37
2010-10-20,3.31,3.37,3.51,3.26,260476,199159818.00,7.25,-2.32,-0.08,2.77
2010-10-21,3.56,3.57,3.81,3.54,503879,403601323.00,8.01,5.93,0.20,5.37
2010-10-22,3.51,3.62,3.76,3.50,348224,280562202.00,7.28,1.40,0.05,3.71
2010-10-25,3.63,3.81,3.88,3.56,369305,301851677.00,8.84,5.25,0.19,3.93
2010-10-26,3.93,4.05,4.29,3.93,597433,521136404.00,9.45,6.30,0.24,6.36
2010-10-27,4.02,4.05,4.23,3.99,314316,274175572.00,5.93,0.00,0.00,3.35
2010-10-28,4.05,4.29,4.35,3.96,420073,371477004.00,9.63,5.93,0.24,4.47
2010-10-29,4.28,4.17,4.31,4.03,287965,253500573.00,6.53,-2.80,-0.12,3.07
2010-11-01,4.27,4.29,4.31,4.14,362992,323895341.00,4.08,2.88,0.12,3.87
2010-11-02,4.29,4.11,4.42,4.09,382001,338544962.00,7.69,-4.20,-0.18,4.07
2010-11-03,4.13,3.82,4.19,3.81,346506,293962541.00,9.25,-7.06,-0.29,3.69
2010-11-04,3.82,3.91,3.93,3.81,164311,137674299.00,3.14,2.36,0.09,1.75
2010-11-05,3.98,3.89,4.01,3.83,281433,236107151.00,4.60,-0.51,-0.02,3.00
2010-11-08,3.91,4.27,4.28,3.91,386757,336936986.00,9.51,9.77,0.38,4.12
2010-11-09,4.25,4.20,4.25,4.09,288365,253887847.00,3.75,-1.64,-0.07,3.07
2010-11-10,4.18,4.33,4.39,4.12,375204,338292401.00,6.43,3.10,0.13,4.00
2010-11-11,4.29,4.41,4.65,4.23,450623,416177626.00,9.70,1.85,0.08,4.80
2010-11-12,4.42,4.07,4.71,3.88,508917,462763147.00,18.82,-7.71,-0.34,5.42
2010-11-15,4.05,4.16,4.21,3.97,197259,171728656.00,5.90,2.21,0.09,2.10
2010-11-16,4.15,3.96,4.36,3.93,258201,226582078.00,10.34,-4.81,-0.20,2.75
2010-11-17,3.85,3.51,3.95,3.46,178052,144590057.00,12.37,-11.36,-0.45,1.90
2010-11-18,3.63,3.55,3.69,3.40,121378,95164972.00,8.26,1.14,0.04,1.29
2010-11-19,3.57,3.66,3.67,3.41,119865,94360799.00,7.32,3.10,0.11,1.28
2010-11-22,3.59,3.77,3.91,3.53,191870,157981587.00,10.38,3.01,0.11,2.04
2010-11-23,3.73,3.67,3.79,3.58,121562,97664203.00,5.57,-2.65,-0.10,1.29
2010-11-24,3.63,3.81,3.83,3.63,104549,85591074.00,5.45,3.81,0.14,1.11
2010-11-25,3.86,4.21,4.23,3.80,261199,225206173.00,11.29,10.50,0.40,2.78
2010-11-26,4.13,4.12,4.32,4.00,254203,223076298.00,7.60,-2.14,-0.09,2.71
2010-11-29,4.11,4.21,4.38,4.11,398842,357540291.00,6.55,2.18,0.09,4.25
2010-11-30,4.16,4.35,4.43,3.91,359230,320741385.00,12.35,3.33,0.14,3.83
2010-12-01,4.34,4.46,4.53,4.29,298816,275762080.00,5.52,2.53,0.11,3.18
2010-12-02,4.46,4.45,4.63,4.37,290486,270800176.00,5.83,-0.22,-0.01,3.09
2010-12-03,4.46,4.40,4.48,4.19,221713,200557820.00,6.52,-1.12,-0.05,2.36
2010-12-06,4.38,4.22,4.40,4.16,120610,107441994.00,5.45,-4.09,-0.18,1.28
2010-12-07,4.22,4.23,4.33,4.09,93004,82556971.00,5.69,0.24,0.01,0.99
2010-12-08,4.23,4.07,4.27,4.06,102623,89925384.00,4.96,-3.78,-0.16,1.09
2010-12-09,4.09,4.06,4.11,3.79,144757,122602309.00,7.86,-0.25,-0.01,1.54
2010-12-10,3.96,4.15,4.26,3.96,109427,96393289.00,7.39,2.22,0.09,1.17
2010-12-13,4.18,4.26,4.31,4.14,127950,113873800.00,4.10,2.65,0.11,1.36
2010-12-14,4.29,4.38,4.40,4.19,129391,116091234.00,4.93,2.82,0.12,1.38
2010-12-15,4.36,4.40,4.46,4.30,151779,138614845.00,3.65,0.46,0.02,1.62
2010-12-16,4.42,4.35,4.49,4.31,93752,85814884.00,4.09,-1.14,-0.05,1.00
2010-12-17,4.35,4.25,4.36,4.21,70718,63141381.00,3.45,-2.30,-0.10,0.75
2010-12-20,4.23,4.08,4.28,3.93,100798,88005991.00,8.24,-4.00,-0.17,1.07
2010-12-24,4.29,4.23,4.60,4.16,328252,298975897.00,10.78,3.68,0.15,3.50
2010-12-27,4.11,3.87,4.23,3.83,144781,124194122.00,9.46,-8.51,-0.36,1.54
2010-12-28,3.83,3.59,3.86,3.56,80227,64995404.00,7.75,-7.24,-0.28,0.85
2010-12-29,3.60,3.69,3.69,3.55,42653,34216350.00,3.90,2.79,0.10,0.45
2010-12-30,3.69,3.66,3.72,3.59,39567,31765220.00,3.52,-0.81,-0.03,0.42
2010-12-31,3.68,3.80,3.82,3.61,98307,79542223.00,5.74,3.83,0.14,1.05