2015-01-07,16.02,16.02,16.02,15.20,218061,549479744.00,5.65,10.41,1.51,5.08
2015-01-08,17.04,15.51,17.39,15.49,572673,1490654656.00,11.86,-3.18,-0.51,13.35
2015-01-09,15.33,14.49,15.66,14.39,364635,861678592.00,8.19,-6.58,-1.02,8.50
2015-01-12,14.22,13.43,14.35,13.24,254537,558489904.00,7.66,-7.32,-1.06,5.93
2015-01-13,13.17,13.54,14.03,13.14,205585,444445232.00,6.63,0.82,0.11,4.79
2015-01-14,13.49,13.37,13.73,13.13,172059,366124272.00,4.43,-1.26,-0.17,4.01
2015-01-15,13.24,13.89,13.99,13.14,220743,477403216.00,6.36,3.89,0.52,5.14
2015-01-16,13.82,14.36,14.41,13.30,286963,633264160.00,7.99,3.38,0.47,6.69
2015-01-19,13.09,12.86,13.28,12.86,224108,463376176.00,2.92,-10.45,-1.50,5.22
2015-01-20,12.70,12.92,13.22,12.41,226785,465983168.00,6.30,0.47,0.06,5.29
2015-01-21,13.13,13.72,13.95,13.01,235818,509567280.00,7.28,6.19,0.80,5.50
2015-01-22,13.72,14.02,14.27,13.36,237307,523676992.00,6.63,2.19,0.30,5.53
2015-01-23,14.09,14.14,14.61,13.90,214155,484416304.00,5.06,0.86,0.12,4.99
2015-01-26,13.89,14.36,14.60,13.69,216443,485985248.00,6.44,1.56,0.22,5.04
2015-01-27,14.15,14.07,14.36,13.95,122864,276184736.00,2.86,-2.02,-0.29,2.86
2015-01-28,14.07,14.22,14.59,13.99,126756,288520656.00,4.26,1.07,0.15,2.95
2015-01-29,13.83,13.86,13.99,13.69,91620,201825059.00,2.11,-2.53,-0.36,2.14
2015-01-30,13.85,13.29,14.01,13.26,75053,162378380.00,5.41,-4.11,-0.57,1.75
2015-02-02,13.05,12.44,13.14,12.42,115084,233664119.00,5.42,-6.40,-0.85,2.68
2015-02-03,12.58,12.86,13.00,12.51,97532,198442403.00,3.94,3.38,0.42,2.27
2015-02-04,12.84,12.68,13.20,12.66,89605,185013142.00,4.20,-1.40,-0.18,2.09
2015-02-05,13.07,12.47,13.11,12.45,95334,194956548.00,5.21,-1.66,-0.21,2.22
2015-02-06,12.37,12.68,12.84,12.22,74499,149207930.00,4.97,1.68,0.21,1.74
2015-02-09,12.57,13.38,13.72,12.54,160913,338260784.00,9.31,5.52,0.70,3.75
2015-02-10,13.24,13.40,13.66,13.13,94477,201800438.00,3.96,0.15,0.02,2.20
2015-02-11,13.44,13.36,13.46,13.11,51072,108332776.00,2.61,-0.30,-0.04,1.19
2015-02-12,13.42,13.51,13.72,13.15,69231,147577225.00,4.27,1.12,0.15,1.61
2015-02-13,13.52,14.21,14.66,13.52,186640,422573952.00,8.44,5.18,0.70,4.35
2015-02-16,14.27,14.45,14.53,13.99,104577,237222866.00,3.80,1.69,0.24,2.44
2015-02-17,14.47,14.36,14.98,14.15,114498,264330431.00,5.74,-0.62,-0.09,2.67
2015-02-25,14.22,13.84,14.30,13.66,79137,174771988.00,4.46,-3.62,-0.52,1.84
2015-02-26,13.83,14.44,14.61,13.67,119357,270486496.00,6.79,4.34,0.60,2.78
2015-02-27,14.43,14.28,14.48,14.16,80406,183149932.00,2.22,-1.11,-0.16,1.87
2015-03-02,14.46,14.16,14.57,14.03,139237,316068272.00,3.78,-0.84,-0.12,3.24
2015-03-03,14.03,13.47,14.07,13.40,154654,336232544.00,4.73,-4.87,-0.69,3.60
2015-03-04,13.35,13.36,13.45,13.13,100796,213288798.00,2.38,-0.82,-0.11,2.35
2015-03-05,12.90,13.26,13.41,12.89,84710,177954030.00,3.89,-0.75,-0.10,1.97
2015-03-06,13.16,13.27,13.45,13.00,97613,206254441.00,3.39,0.08,0.01,2.27
2015-03-09,12.95,13.09,13.23,12.64,95891,197319373.00,4.45,-1.36,-0.18,2.23
2015-03-10,13.09,13.68,13.78,13.00,114141,245429326.00,5.96,4.51,0.59,2.66
2015-03-11,13.68,13.55,14.05,13.47,109946,240612346.00,4.24,-0.95,-0.13,2.56
2015-03-12,13.56,13.76,13.92,13.43,103311,226167490.00,3.62,1.55,0.21,2.41
2015-03-13,13.80,13.82,14.14,13.63,107524,237891833.00,3.71,0.44,0.06,2.51
2015-03-16,13.79,14.11,14.21,13.61,148597,329460432.00,4.34,2.10,0.29,3.46
2015-03-17,14.22,15.58,15.58,14.01,322839,753330912.00,11.13,10.42,1.47,7.52
2015-03-18,15.60,16.24,16.37,15.60,341428,864234768.00,4.94,4.24,0.66,7.96
2015-03-19,16.47,15.87,16.47,15.80,169491,427746976.00,4.13,-2.28,-0.37,3.95
2015-03-20,15.86,16.52,17.33,15.80,270175,702693664.00,9.64,4.10,0.65,6.30
2015-03-23,16.72,16.80,17.01,16.26,204838,537524384.00,4.54,1.69,0.28,4.77
2015-03-24,16.71,16.46,17.05,16.13,178632,465765024.00,5.48,-2.02,-0.34,4.16
2015-03-25,16.88,16.61,17.37,16.41,156706,416244384.00,5.83,0.91,0.15,3.65
2015-03-26,16.52,16.72,17.03,16.13,146211,384892880.00,5.42,0.66,0.11,3.41
2015-03-27,16.75,16.84,16.95,16.65,110083,292392352.00,1.79,0.72,0.12,2.57
2015-03-30,16.78,17.31,17.63,16.49,191702,517821536.00,6.77,2.79,0.47,4.47
2015-03-31,17.52,17.00,18.20,16.78,205222,565215232.00,8.20,-1.79,-0.31,4.78
2015-04-01,16.91,17.11,17.38,16.72,159497,428393360.00,3.88,0.65,0.11,3.72
2015-04-02,17.10,16.79,17.21,16.68,164830,438853568.00,3.10,-1.87,-0.32,3.84
2015-04-03,16.70,17.03,17.21,16.59,129942,347433488.00,3.69,1.43,0.24,3.03
2015-04-07,17.18,17.60,17.93,17.18,229715,636253120.00,4.40,3.35,0.57,5.35
2015-04-08,17.60,19.42,19.42,17.49,416930,1238909072.00,10.97,10.34,1.82,9.72
2015-04-09,20.07,19.76,21.13,19.38,435811,1369252352.00,9.01,1.75,0.34,10.16
2015-04-10,19.38,19.83,19.98,18.88,227487,690081840.00,5.57,0.35,0.07,5.30
2015-04-13,19.77,19.29,19.81,19.01,200540,609039728.00,4.03,-2.72,-0.54,4.67
2015-04-14,19.09,18.66,19.16,18.30,219813,646280672.00,4.46,-3.27,-0.63,5.12
2015-04-15,18.50,17.34,18.50,17.31,149571,424449456.00,6.38,-7.07,-1.32,3.49
2015-04-16,17.03,17.80,18.06,16.66,194250,533602272.00,8.07,2.65,0.46,4.53
2015-04-17,17.93,17.79,18.39,17.41,203809,571278784.00,5.51,-0.06,-0.01,4.75
2015-04-20,18.03,17.35,18.10,17.11,171490,476412032.00,5.56,-2.47,-0.44,4.00
2015-04-21,17.34,18.18,18.40,17.14,195882,554939136.00,7.26,4.78,0.83,4.57
2015-04-22,18.20,19.24,19.61,18.20,234589,691090992.00,7.76,5.83,1.06,5.47
2015-04-23,19.55,19.07,19.98,18.97,213442,651922496.00,5.25,-0.88,-0.17,4.97
2015-04-24,18.69,18.14,18.82,18.05,188853,546016160.00,4.04,-4.88,-0.93,4.40
2015-04-27,18.57,19.30,19.72,18.26,246004,730847168.00,8.05,6.39,1.16,5.73
2015-04-28,19.48,18.71,19.93,18.30,237006,718186576.00,8.45,-3.06,-0.59,5.52
2015-04-29,18.71,19.22,19.47,18.10,145118,429401328.00,7.32,2.73,0.51,3.38
2015-04-30,19.08,18.53,19.39,18.43,147395,437201632.00,4.99,-3.59,-0.69,3.44
2015-05-04,18.36,18.01,18.38,17.55,102053,289973136.00,4.48,-2.81,-0.52,2.38
2015-05-05,17.73,17.37,18.61,17.28,110464,312792128.00,7.38,-3.55,-0.64,2.57
2015-05-06,17.44,17.45,18.29,17.28,95988,267306055.00,5.81,0.46,0.08,2.24
2015-05-07,17.43,17.55,17.72,17.28,76035,210255176.00,2.52,0.57,0.10,1.77
2015-05-08,17.74,17.77,17.89,16.91,92661,255702674.00,5.58,1.25,0.22,2.16
2015-05-11,17.97,18.31,18.33,17.55,156458,440232768.00,4.39,3.04,0.54,3.65
2015-05-12,18.32,19.67,20.20,18.20,337934,1045286800.00,10.92,7.43,1.36,7.88
2015-05-13,19.23,19.01,19.47,18.72,214828,642776896.00,3.81,-3.36,-0.66,5.01
2015-05-14,19.01,18.70,19.41,18.52,146179,432203904.00,4.68,-1.63,-0.31,3.41
2015-05-15,18.59,17.91,18.61,17.70,137736,390963360.00,4.87,-4.22,-0.79,3.21
2015-05-18,17.44,18.03,18.18,17.11,126250,351152752.00,5.97,0.67,0.12,2.94
2015-05-19,17.77,18.93,19.68,17.74,248172,738686784.00,10.76,4.99,0.90,5.78
2015-05-20,18.88,18.86,19.41,18.64,208899,622831184.00,4.07,-0.37,-0.07,4.87
2015-05-21,18.85,19.38,19.39,18.63,186421,558737152.00,4.03,2.76,0.52,4.34
2015-05-22,19.55,20.12,20.72,19.41,279366,881413696.00,6.76,3.82,0.74,6.51
2015-05-25,20.11,21.13,22.18,19.98,292623,977487456.00,10.93,5.02,1.01,6.82
2015-05-26,21.46,21.67,21.91,20.65,262361,873243360.00,5.96,2.56,0.54,6.11
2015-05-27,21.67,21.15,21.82,21.06,195570,654034112.00,3.51,-2.40,-0.52,4.56
2015-05-28,20.93,18.97,21.00,18.97,219042,694352064.00,9.60,-10.31,-2.18,5.10
2015-05-29,18.76,18.85,19.41,17.14,203338,593825760.00,11.97,-0.63,-0.12,4.74
2015-06-01,18.61,19.62,20.07,18.33,207524,625120352.00,9.23,4.08,0.77,4.84
2015-06-02,19.59,19.49,19.68,18.99,183121,555499888.00,3.52,-0.66,-0.13,4.27
2015-06-03,19.47,20.63,20.72,19.16,257463,804900208.00,8.00,5.85,1.14,6.00
2015-06-04,20.38,22.76,22.76,19.61,371048,1235451328.00,15.27,10.32,2.13,8.65
2015-06-05,23.89,24.23,25.07,22.77,458607,1709130288.00,10.11,6.46,1.47,10.69
2015-07-20,21.74,21.74,21.74,21.74,14152,48173408.00,0.00,-10.28,-2.49,0.33
2015-07-21,19.51,19.51,19.51,19.51,10383,31813512.00,0.00,-10.26,-2.23,0.24
2015-07-22,17.49,18.49,19.96,17.49,745769,2142347008.00,12.66,-5.23,-1.02,17.38
2015-07-23,18.10,18.54,19.22,17.79,419441,1213545408.00,7.73,0.27,0.05,9.78
2015-07-24,18.36,17.41,18.82,16.82,374403,1067190816.00,10.79,-6.09,-1.13,8.73
2015-07-27,16.68,15.61,17.11,15.61,274420,707045936.00,8.62,-10.34,-1.80,6.40
2015-07-28,13.98,13.98,15.34,13.98,392570,885043664.00,8.71,-10.44,-1.63,9.15
2015-07-29,14.22,13.82,14.48,12.70,351867,757005008.00,12.73,-1.14,-0.16,8.20
2015-07-30,13.72,14.05,15.14,13.10,383058,881734960.00,14.76,1.66,0.23,8.93
2015-07-31,13.62,12.91,13.97,12.70,236672,505750736.00,9.04,-8.11,-1.14,5.52
2015-08-03,12.70,12.12,12.70,11.59,262902,505525440.00,8.60,-6.12,-0.79,6.13
2015-08-04,12.12,13.39,13.39,12.12,267933,550198576.00,10.48,10.48,1.27,6.24
2015-08-05,13.51,13.44,14.07,12.86,296003,640709568.00,9.04,0.37,0.05,6.90
2015-08-06,12.87,12.64,13.14,12.61,161556,331975408.00,3.94,-5.95,-0.80,3.77
2015-08-07,12.92,13.09,13.16,12.84,167877,349186048.00,2.53,3.56,0.45,3.91
2015-08-10,13.36,14.47,14.47,13.11,290214,643793584.00,10.39,10.54,1.38,6.76
2015-08-11,14.47,14.45,15.00,14.25,322261,749004176.00,5.18,-0.14,-0.02,7.51
2015-08-12,14.20,14.77,15.47,14.03,280897,663200256.00,9.97,2.21,0.32,6.55
2015-08-13,14.61,14.86,15.03,14.15,267094,622388784.00,5.96,0.61,0.09,6.22
2015-08-14,14.94,15.81,16.24,14.66,338627,815506128.00,10.63,6.39,0.95,7.89
2015-08-17,15.60,16.62,16.91,15.36,346644,889087920.00,9.80,5.12,0.81,8.08
2015-08-18,16.65,14.89,16.74,14.89,306179,757303264.00,11.13,-10.41,-1.73,7.14
2015-08-19,13.84,14.44,15.12,13.34,275208,612074448.00,11.95,-3.02,-0.45,6.41
2015-08-20,14.26,12.95,14.26,12.93,189130,410353408.00,9.21,-10.32,-1.49,4.41
2015-08-21,12.80,12.45,13.48,12.14,160953,329810448.00,10.35,-3.86,-0.50,3.75
2015-08-24,11.85,11.14,11.91,11.14,172661,311187856.00,6.18,-10.52,-1.31,4.02
2015-08-25,9.97,9.96,10.34,9.96,147958,241095561.00,3.41,-10.59,-1.18,3.45
2015-08-26,9.61,8.90,10.53,8.90,238633,370109072.00,16.37,-10.64,-1.06,5.56
2015-08-27,9.28,9.39,9.51,8.10,222351,324321392.00,15.84,5.51,0.49,5.18
2015-08-28,9.51,10.34,10.35,9.43,296227,474943744.00,9.80,10.12,0.95,6.90
2015-08-31,10.53,9.34,10.53,9.32,191539,308082560.00,11.70,-9.67,-1.00,4.46
2015-09-01,9.35,8.49,9.43,8.38,199277,284827728.00,11.24,-9.10,-0.85,4.64
2015-09-02,7.91,7.71,8.80,7.58,192864,258506111.00,14.37,-9.19,-0.78,4.49
2015-09-07,7.91,8.09,8.36,7.91,184906,247586640.00,5.84,4.93,0.38,4.31
2015-09-08,7.92,8.88,8.97,7.90,183756,250981944.00,13.23,9.77,0.79,4.28
2015-09-09,8.94,9.25,9.41,8.76,242480,361510512.00,7.32,4.17,0.37,5.65
2015-09-10,9.08,8.89,9.19,8.89,135545,199868591.00,3.24,-3.89,-0.36,3.16
2015-09-11,8.89,8.81,9.06,8.51,133548,192079525.00,6.19,-0.90,-0.08,3.11
2015-09-14,9.06,7.86,9.21,7.86,254212,354197312.00,15.32,-10.78,-0.95,5.92
2015-09-15,7.48,7.25,7.82,7.11,178630,219367408.00,9.03,-7.76,-0.61,4.16
2015-09-16,7.35,8.04,8.04,7.18,164243,206155128.00,11.86,10.90,0.79,3.83
2015-09-17,8.10,8.01,8.68,7.91,244614,333113056.00,9.58,-0.37,-0.03,5.70
2015-09-18,8.18,8.34,8.42,7.94,145211,195066809.00,5.99,4.12,0.33,3.38
2015-09-21,8.11,8.62,8.67,8.07,151254,209195679.00,7.19,3.36,0.28,3.53
2015-09-22,8.59,9.03,9.51,8.53,257099,381066336.00,11.37,4.76,0.41,5.99
2015-09-23,8.76,8.59,8.92,8.49,175200,249553722.00,4.76,-4.87,-0.44,4.08
2015-09-24,8.63,8.75,8.84,8.58,116296,165309783.00,3.03,1.86,0.16,2.71
2015-09-25,8.74,8.31,8.83,8.24,117608,164455054.00,6.74,-5.03,-0.44,2.74
2015-09-28,8.28,8.63,8.66,8.23,88214,122551288.00,5.17,3.85,0.32,2.06
2015-09-29,8.37,8.59,8.95,8.23,136640,191436362.00,8.34,-0.46,-0.04,3.18
2015-09-30,8.64,9.05,9.52,8.57,329422,492708080.00,11.06,5.36,0.46,7.68
2015-10-08,9.35,9.48,9.86,9.26,301385,467871776.00,6.63,4.75,0.43,7.02
2015-10-09,9.39,9.80,9.86,9.25,224413,350504960.00,6.43,3.38,0.32,5.23
2015-10-12,9.88,10.42,10.64,9.71,233178,384966544.00,9.49,6.33,0.62,5.43
2015-10-13,10.20,10.35,10.55,10.11,175780,292694544.00,4.22,-0.67,-0.07,4.10
2015-10-14,10.22,9.74,10.46,9.71,232329,377484976.00,7.25,-5.89,-0.61,5.41
2015-10-15,9.76,10.24,10.32,9.76,221828,362282000.00,5.75,5.13,0.50,5.17
2015-10-16,10.41,10.59,10.68,10.11,345531,584750704.00,5.57,3.42,0.35,8.05
2015-10-19,10.60,10.97,11.49,10.53,311767,553750928.00,9.07,3.59,0.38,7.27
2015-10-20,10.67,10.99,11.05,10.55,193093,336239616.00,4.56,0.18,0.02,4.50
2015-10-21,10.89,9.89,11.16,9.82,252048,429394848.00,12.19,-10.01,-1.10,5.87
2015-10-22,9.90,10.24,10.36,9.64,192278,314279632.00,7.28,3.54,0.35,4.48
2015-10-23,10.31,10.48,10.59,10.07,177266,295101152.00,5.08,2.34,0.24,4.13
2015-10-26,10.74,10.68,11.19,10.47,216737,377388512.00,6.87,1.91,0.20,5.05
2015-10-27,10.50,10.42,10.58,9.78,189485,312300352.00,7.49,-2.43,-0.26,4.42
2015-10-28,10.30,9.93,10.43,9.88,137723,225205382.00,5.28,-4.70,-0.49,3.21
2015-10-29,10.01,10.09,10.20,9.88,115490,187929003.00,3.22,1.61,0.16,2.69
2015-10-30,10.07,11.16,11.16,9.89,232206,403195504.00,12.59,10.60,1.07,5.41
2015-11-02,11.20,11.37,12.09,11.04,497947,925665856.00,9.41,1.88,0.21,11.60
2015-11-03,11.24,12.04,12.24,11.05,386916,716104496.00,10.47,5.89,0.67,9.02
2015-11-04,12.00,13.31,13.31,11.89,499982,1026114800.00,11.79,10.55,1.27,11.65
2015-11-05,14.15,14.70,14.70,14.15,631152,1465494000.00,4.13,10.44,1.39,14.71
2015-11-06,15.14,16.24,16.24,14.49,681851,1662160784.00,11.90,10.48,1.54,15.89
2015-11-09,16.85,16.54,17.93,16.18,808852,2176588880.00,10.78,1.85,0.30,18.85
2015-11-10,16.13,16.55,17.95,16.05,714492,1909767264.00,11.49,0.06,0.01,16.65
2015-11-11,16.13,16.86,17.54,15.72,593324,1538925872.00,11.00,1.87,0.31,13.83
2015-11-12,16.45,16.17,16.70,15.88,497259,1281482784.00,4.86,-4.09,-0.69,11.59
2015-11-13,15.83,16.37,17.14,15.81,549407,1429290384.00,8.23,1.24,0.20,12.80
2015-11-16,15.80,16.28,16.32,15.70,322936,816569152.00,3.79,-0.55,-0.09,7.53
2015-11-17,17.24,17.97,17.97,17.24,907021,2549125008.00,4.48,10.38,1.69,21.14
2015-11-18,17.77,16.11,17.82,16.11,561444,1503919744.00,9.52,-10.35,-1.86,13.08
2015-11-19,15.81,16.11,16.16,15.29,422618,1056518896.00,5.40,0.00,0.00,9.85
2015-11-20,15.86,15.75,15.99,15.43,295486,733994192.00,3.48,-2.23,-0.36,6.89
2015-11-23,15.60,15.17,16.16,14.91,381892,936456416.00,7.94,-3.68,-0.58,8.90
2015-11-24,15.11,15.88,16.35,14.98,418379,1038802256.00,9.03,4.68,0.71,9.75
2015-11-25,15.66,16.28,16.45,15.38,394355,996697216.00,6.74,2.52,0.40,9.19
2015-11-26,16.78,16.97,17.97,16.66,708472,1955371408.00,8.05,4.24,0.69,16.51
2015-11-27,16.36,15.21,16.89,15.21,535009,1349770848.00,9.90,-10.37,-1.76,12.47
2015-11-30,15.14,15.64,15.84,14.22,392119,943494592.00,10.65,2.83,0.43,9.14
2015-12-01,15.34,15.03,15.53,14.49,263315,629576656.00,6.65,-3.90,-0.61,6.14
2015-12-02,14.88,16.12,16.43,14.82,428450,1062130816.00,10.71,7.25,1.09,9.99
2015-12-03,15.80,15.88,16.43,15.47,346439,872469232.00,5.96,-1.49,-0.24,8.07
2015-12-04,15.59,15.41,15.80,15.26,271089,665288576.00,3.40,-2.96,-0.47,6.32
2015-12-07,15.38,15.28,15.39,14.99,201057,482911200.00,2.60,-0.84,-0.13,4.69
2015-12-08,15.20,15.47,16.13,15.07,399560,994574400.00,6.94,1.24,0.19,9.31
2015-12-09,15.13,15.28,15.70,14.80,257041,619353616.00,5.82,-1.23,-0.19,5.99
2015-12-10,15.32,15.56,16.82,15.30,424236,1078642896.00,9.95,1.83,0.28,9.89
2015-12-11,15.14,16.07,16.56,14.94,430242,1070636560.00,10.41,3.28,0.51,10.03
2015-12-14,15.80,17.74,17.74,15.68,648882,1739682640.00,12.82,10.39,1.67,15.12
2015-12-15,18.36,18.71,19.58,17.70,902857,2648091488.00,10.60,5.47,0.97,21.04
2015-12-16,18.84,18.52,19.66,18.30,620908,1838490112.00,7.27,-1.02,-0.19,14.47
2015-12-17,18.74,18.81,19.72,18.35,638152,1898142288.00,7.40,1.57,0.29,14.87
2015-12-18,18.48,18.25,18.93,17.99,391854,1132466816.00,5.00,-2.98,-0.56,9.13
2015-12-21,18.06,18.27,18.78,18.06,290884,842159808.00,3.95,0.11,0.02,6.78
2015-12-22,18.16,18.74,18.76,17.84,337791,974190736.00,5.04,2.57,0.47,7.87
2015-12-23,18.76,18.73,20.27,18.43,612261,1834625392.00,9.82,-0.05,-0.01,14.27
2015-12-24,18.35,17.38,18.46,17.25,416296,1163992816.00,6.46,-7.21,-1.35,9.70
2015-12-25,17.41,17.53,17.66,17.25,179740,494185632.00,2.36,0.86,0.15,4.19
2015-12-28,17.73,16.50,17.97,16.45,307459,829860320.00,8.67,-5.88,-1.03,7.17
2015-12-29,16.59,16.79,16.89,16.38,204894,540073072.00,3.09,1.76,0.29,4.78
2015-12-30,16.72,16.72,16.83,16.37,195380,512022400.00,2.74,-0.42,-0.07,4.55
2015-12-31,16.72,16.41,16.94,16.39,143350,377668336.00,3.29,-1.85,-0.31,3.34