2023-01-03,6.32,6.20,6.32,6.08,621670,381964234.00,3.76,-2.97,-0.19,0.97
2023-01-04,6.17,6.20,6.22,6.15,322190,199487930.00,1.13,0.00,0.00,0.50
2023-01-05,6.22,6.26,6.29,6.21,334118,208738091.00,1.29,0.97,0.06,0.52
2023-01-06,6.25,6.23,6.31,6.22,212270,132641255.00,1.44,-0.48,-0.03,0.33
2023-01-09,6.25,6.33,6.39,6.25,373196,236026360.00,2.25,1.61,0.10,0.58
2023-01-10,6.33,6.35,6.52,6.30,381374,244264040.00,3.48,0.32,0.02,0.59
2023-01-11,6.36,6.33,6.46,6.32,225449,143962599.00,2.20,-0.31,-0.02,0.35
2023-01-12,6.37,6.41,6.41,6.28,199334,126669524.00,2.05,1.26,0.08,0.31
2023-01-13,6.44,6.48,6.49,6.37,282754,182198819.00,1.87,1.09,0.07,0.44
2023-01-16,6.50,6.60,6.75,6.46,591249,391510905.00,4.48,1.85,0.12,0.92
2023-01-17,6.59,6.71,6.75,6.50,438343,290531932.00,3.79,1.67,0.11,0.68
2023-01-18,6.66,6.73,6.82,6.64,321682,216762139.00,2.68,0.30,0.02,0.50
2023-01-19,6.72,6.94,6.94,6.70,469121,320872679.00,3.57,3.12,0.21,0.73
2023-01-20,6.95,6.88,6.96,6.81,402029,276651714.00,2.16,-0.86,-0.06,0.63
2023-01-30,6.96,6.87,7.01,6.81,493446,339938617.00,2.91,-0.15,-0.01,0.77
2023-01-31,6.88,6.82,6.94,6.79,339904,232988432.00,2.18,-0.73,-0.05,0.53
2023-02-01,6.83,7.02,7.03,6.81,359135,248416701.00,3.23,2.93,0.20,0.56
2023-02-02,7.10,6.90,7.11,6.88,488733,339258380.00,3.28,-1.71,-0.12,0.76
2023-02-03,6.87,6.84,6.89,6.74,327265,223085238.00,2.17,-0.87,-0.06,0.51
2023-02-06,6.78,6.76,6.82,6.73,204683,138611131.00,1.32,-1.17,-0.08,0.32
2023-02-07,6.78,6.80,6.82,6.75,161731,109706133.00,1.04,0.59,0.04,0.25
2023-02-08,6.81,6.71,6.84,6.70,169000,113828665.00,2.06,-1.32,-0.09,0.26
2023-02-09,6.70,6.82,6.84,6.69,213910,145021915.00,2.24,1.64,0.11,0.33
2023-02-10,6.82,6.81,6.83,6.78,141873,96549634.00,0.73,-0.15,-0.01,0.22
2023-02-13,6.80,6.90,6.91,6.78,219112,150089582.00,1.91,1.32,0.09,0.34
2023-02-14,6.90,6.93,6.93,6.86,164189,113286690.00,1.01,0.43,0.03,0.26
2023-02-15,6.92,6.85,6.93,6.81,169958,116445033.00,1.73,-1.15,-0.08,0.26
2023-02-16,6.86,6.77,6.97,6.73,319758,220069123.00,3.50,-1.17,-0.08,0.50
2023-02-17,6.75,6.67,6.81,6.65,199941,134610557.00,2.36,-1.48,-0.10,0.31
2023-02-20,6.73,6.95,6.98,6.71,345784,237501016.00,4.05,4.20,0.28,0.54
2023-02-21,6.95,6.98,7.04,6.92,186102,130023869.00,1.73,0.43,0.03,0.29