2016-01-04,13.08,11.58,13.24,11.58,120138,197708091.00,12.73,-11.20,-1.46,1.24
2016-01-05,10.47,10.78,11.69,10.28,172668,255687763.00,12.18,-6.91,-0.80,1.78
2016-01-06,11.04,10.93,11.10,10.18,162466,238602642.00,8.53,1.39,0.15,1.68
2016-01-07,10.63,9.68,10.63,9.68,39164,54107080.00,8.69,-11.44,-1.25,0.40
2016-01-08,9.96,9.25,10.13,8.63,171836,225999132.00,15.50,-4.44,-0.43,1.77
2016-01-11,8.92,8.18,8.99,8.18,128739,155008784.00,8.76,-11.57,-1.07,1.33
2016-01-12,8.29,8.43,8.63,8.00,152568,181543622.00,7.70,3.06,0.25,1.57
2016-01-13,8.58,7.68,8.67,7.55,151818,178670924.00,13.29,-8.90,-0.75,1.57
2016-01-14,7.31,8.32,8.40,7.23,149161,169111701.00,15.23,8.33,0.64,1.54
2016-01-15,8.23,8.06,8.63,7.84,173605,204939906.00,9.50,-3.13,-0.26,1.79
2016-01-18,8.17,9.02,9.02,7.89,214480,262908982.00,14.02,11.91,0.96,2.21
2016-01-19,9.18,9.44,9.67,8.78,295075,380465664.00,9.87,4.66,0.42,3.04
2016-01-20,9.29,9.50,9.87,9.10,246502,325800832.00,8.16,0.64,0.06,2.54
2016-01-21,9.28,8.44,9.69,8.42,199211,256639739.00,13.37,-11.16,-1.06,2.05
2016-01-22,8.87,9.44,9.44,8.63,149618,193294055.00,9.60,11.85,1.00,1.54
2016-01-25,10.54,10.54,10.54,10.54,22409,32492658.00,0.00,11.65,1.10,0.23
2016-01-26,11.38,11.38,11.75,11.15,790770,1243920912.00,5.69,7.97,0.84,8.15
2016-01-27,10.86,11.88,12.03,10.18,727817,1104511984.00,16.26,4.39,0.50,7.50
2016-01-28,11.05,10.53,11.24,10.53,491377,721945056.00,5.98,-11.36,-1.35,5.07
2016-01-29,9.92,10.43,11.04,9.58,446246,636608288.00,13.87,-0.95,-0.10,4.60
2016-02-01,10.44,11.63,11.63,10.38,668143,1044081600.00,11.98,11.51,1.20,6.89
2016-02-02,11.53,12.24,12.83,10.97,633886,1021324640.00,15.99,5.25,0.61,6.54
2016-02-03,11.80,12.45,13.20,11.63,552882,928044608.00,12.83,1.72,0.21,5.70
2016-02-04,11.55,12.03,12.51,11.55,560593,908525456.00,7.71,-3.37,-0.42,5.78
2016-02-05,11.52,11.13,11.87,10.68,430952,663106864.00,9.89,-7.48,-0.90,4.44
2016-02-15,10.71,11.60,11.92,10.60,384822,594532064.00,11.86,4.22,0.47,3.97
2016-02-16,11.63,11.88,12.15,11.23,466767,744572912.00,7.93,2.41,0.28,4.81
2016-02-17,11.72,13.22,13.22,11.38,516268,849530144.00,15.49,11.28,1.34,5.32
2016-02-18,13.78,14.38,14.69,13.37,914260,1721226048.00,9.98,8.77,1.16,9.43
2016-02-19,14.06,14.71,15.92,13.96,810137,1585466384.00,13.63,2.29,0.33,8.35
2016-02-22,14.67,14.91,15.53,14.23,705287,1387347600.00,8.84,1.36,0.20,7.27
2016-02-23,14.54,15.54,16.55,14.29,785768,1586977328.00,15.16,4.23,0.63,8.10
2016-02-24,14.97,14.79,15.37,14.44,505177,999560224.00,5.98,-4.83,-0.75,5.21
2016-02-25,14.72,14.25,15.41,13.81,742558,1443128464.00,10.82,-3.65,-0.54,7.66
2016-02-26,14.53,14.29,15.13,13.78,630784,1221920016.00,9.47,0.28,0.04,6.50
2016-02-29,13.71,12.71,13.71,12.71,144147,252035910.00,7.00,-11.06,-1.58,1.49
2016-03-01,11.54,13.27,13.88,11.28,724432,1179534752.00,20.46,4.41,0.56,7.47
2016-03-02,12.67,13.66,13.86,12.67,613295,1092570384.00,8.97,2.94,0.39,6.32
2016-03-03,13.48,14.46,15.18,13.34,807865,1560608832.00,13.47,5.86,0.80,8.33
2016-03-04,14.20,13.60,14.71,12.96,682320,1270670928.00,12.10,-5.95,-0.86,7.04
2016-03-07,13.78,14.17,14.86,13.60,505224,955103584.00,9.26,4.19,0.57,5.21
2016-03-08,13.83,13.56,13.83,12.64,489601,875840528.00,8.40,-4.30,-0.61,5.05
2016-03-09,13.00,12.51,13.79,12.42,470220,825589584.00,10.10,-7.74,-1.05,4.85
2016-03-10,12.29,11.53,12.69,11.38,432348,700812304.00,10.47,-7.83,-0.98,4.46
2016-03-11,11.19,11.70,12.00,11.11,319894,509087536.00,7.72,1.47,0.17,3.30
2016-03-14,11.98,12.30,12.68,11.88,388003,647783360.00,6.84,5.13,0.60,4.00
2016-03-15,12.08,12.48,12.96,11.88,569689,953788608.00,8.78,1.46,0.18,5.87
2016-03-16,12.41,11.70,12.54,11.63,551713,898762064.00,7.29,-6.25,-0.78,5.69
2016-03-17,11.61,12.48,12.76,11.61,684970,1131908992.00,9.83,6.67,0.78,7.06
2016-03-18,12.55,13.04,13.18,12.44,793684,1367019904.00,5.93,4.49,0.56,8.18
2016-03-21,13.34,14.50,14.50,12.90,909309,1687018816.00,12.27,11.20,1.46,9.38
2016-03-22,14.31,14.17,14.91,14.11,838679,1614460320.00,5.52,-2.28,-0.33,8.65
2016-03-23,14.19,14.91,15.28,14.17,840402,1646403504.00,7.83,5.22,0.74,8.67
2016-03-24,14.79,14.56,15.78,14.51,807056,1618127712.00,8.52,-2.35,-0.35,8.32
2016-03-25,14.54,15.29,15.58,14.18,761500,1518526288.00,9.62,5.01,0.73,7.85
2016-03-28,15.33,14.61,15.79,14.39,671837,1339731680.00,9.16,-4.45,-0.68,6.93
2016-03-29,14.32,14.88,15.19,14.05,537230,1046096352.00,7.80,1.85,0.27,5.54
2016-03-30,15.04,15.83,15.93,14.72,686412,1392068560.00,8.13,6.38,0.95,7.08
2016-03-31,15.54,15.64,15.96,15.25,674947,1384726544.00,4.49,-1.20,-0.19,6.96
2016-04-01,15.48,14.67,15.50,14.13,541425,1061037344.00,8.76,-6.20,-0.97,5.58
2016-04-05,14.67,16.29,16.29,14.39,708610,1453630896.00,12.95,11.04,1.62,7.31
2016-04-06,16.27,16.39,16.79,16.11,773434,1665710224.00,4.17,0.61,0.10,7.97
2016-04-07,16.20,15.38,16.58,15.38,576914,1210203632.00,7.32,-6.16,-1.01,5.95
2016-04-08,15.13,15.48,15.98,14.97,508197,1039912704.00,6.57,0.65,0.10,5.24
2016-04-11,15.56,17.18,17.18,15.44,577753,1269546256.00,11.24,10.98,1.70,5.96
2016-04-12,17.38,16.68,17.53,15.96,822303,1813029952.00,9.14,-2.91,-0.50,8.48
2016-04-13,16.78,17.79,18.51,16.62,991547,2313310480.00,11.33,6.65,1.11,10.22
2016-04-14,17.63,19.46,19.61,17.56,868452,2082883360.00,11.52,9.39,1.67,8.95
2016-04-15,19.25,19.15,20.23,18.89,858005,2163193216.00,6.89,-1.59,-0.31,8.85
2016-04-18,18.71,19.29,19.88,18.28,648249,1598873840.00,8.36,0.73,0.14,6.68
2016-04-19,19.28,19.08,19.96,19.04,653655,1646581952.00,4.77,-1.09,-0.21,6.74
2016-04-20,18.65,17.92,18.88,17.21,759394,1792597968.00,8.75,-6.08,-1.16,7.83
2016-04-21,17.77,17.24,18.27,17.08,516926,1192123152.00,6.64,-3.79,-0.68,5.33
2016-04-22,17.00,17.63,17.79,17.00,399871,911740304.00,4.58,2.26,0.39,4.12
2016-04-25,17.54,17.36,17.58,16.93,299734,677666704.00,3.69,-1.53,-0.27,3.09
2016-04-26,17.30,17.66,17.75,16.94,377917,860025168.00,4.67,1.73,0.30,3.90
2016-04-27,17.71,16.56,17.83,16.52,455128,1023770592.00,7.42,-6.23,-1.10,4.69
2016-04-28,16.42,16.35,16.50,15.58,458310,970165040.00,5.56,-1.27,-0.21,4.73
2016-04-29,16.13,15.60,16.18,15.57,482758,1009381104.00,3.73,-4.59,-0.75,4.98
2016-05-03,15.61,16.88,16.89,15.47,615841,1320140400.00,9.10,8.21,1.28,6.35
2016-05-04,16.79,17.04,17.58,16.63,650093,1464111184.00,5.63,0.95,0.16,6.70
2016-05-05,17.15,17.50,17.53,16.92,505057,1138285792.00,3.58,2.70,0.46,5.21
2016-05-06,17.58,15.86,17.58,15.63,615068,1350014032.00,11.14,-9.37,-1.64,6.34
2016-05-09,15.46,14.93,15.61,14.62,370395,745024768.00,6.24,-5.86,-0.93,3.82
2016-05-10,14.96,14.99,15.38,14.79,288091,575849568.00,3.95,0.40,0.06,2.97
2016-05-11,15.14,14.04,15.22,13.88,407532,774940656.00,8.94,-6.34,-0.95,4.20
2016-05-12,13.64,13.78,14.03,12.95,345203,621546000.00,7.69,-1.85,-0.26,3.56
2016-05-13,13.62,13.28,14.03,13.05,317833,576394352.00,7.11,-3.63,-0.50,3.28
2016-05-16,13.73,14.77,14.77,13.63,482773,908581952.00,8.58,11.22,1.49,4.98
2016-05-17,14.84,14.57,14.96,14.19,490860,950550816.00,5.21,-1.35,-0.20,5.06
2016-05-18,14.18,13.58,14.25,13.20,358634,658794832.00,7.21,-6.79,-0.99,3.70
2016-05-19,13.74,14.15,14.93,13.69,477862,912445376.00,9.13,4.20,0.57,4.93
2016-05-20,13.70,14.42,14.58,13.58,370525,699733024.00,7.07,1.91,0.27,3.82
2016-05-23,14.45,14.64,14.98,14.45,380001,740769104.00,3.68,1.53,0.22,3.92
2016-05-24,14.67,14.66,14.68,14.13,285929,546835648.00,3.76,0.14,0.02,2.95
2016-05-25,14.92,14.36,15.03,14.29,278923,541193088.00,5.05,-2.05,-0.30,2.88
2016-05-26,14.16,14.69,14.71,13.66,315847,596637120.00,7.31,2.30,0.33,3.26
2016-05-27,14.66,15.12,15.74,14.48,578500,1163363408.00,8.58,2.93,0.43,5.96
2016-05-30,14.71,14.74,15.28,14.51,282770,555748016.00,5.09,-2.51,-0.38,2.92
2016-05-31,14.82,15.58,15.78,14.82,487640,990054560.00,6.51,5.70,0.84,5.03
2016-06-01,15.61,15.61,16.33,15.46,486140,1013559680.00,5.58,0.19,0.03,5.01
2016-06-02,15.48,16.88,17.06,15.44,661666,1419537424.00,10.38,8.14,1.27,6.82
2016-06-03,16.67,16.50,16.81,16.23,492765,1065517216.00,3.44,-2.25,-0.38,5.08
2016-06-06,16.71,16.60,16.86,16.23,346522,752632512.00,3.82,0.61,0.10,3.57
2016-06-07,16.63,16.60,16.71,16.27,271222,585606656.00,2.65,0.00,0.00,2.80
2016-06-08,16.44,16.20,16.58,16.14,268753,577314480.00,2.65,-2.41,-0.40,2.77
2016-06-13,15.71,14.43,16.11,14.43,327950,664694960.00,10.37,-10.93,-1.77,3.38
2016-06-14,14.29,14.19,14.53,13.88,244985,463126480.00,4.50,-1.66,-0.24,2.53
2016-06-15,13.94,14.79,15.06,13.86,275586,536708288.00,8.46,4.23,0.60,2.84
2016-06-16,14.79,14.75,15.28,14.58,255903,505165712.00,4.73,-0.27,-0.04,2.64
2016-06-17,14.77,14.61,15.07,14.50,227108,444305888.00,3.86,-0.95,-0.14,2.34
2016-06-20,14.82,14.70,14.87,14.19,210045,406390480.00,4.65,0.62,0.09,2.17
2016-06-21,14.77,14.18,14.85,13.97,244539,469778624.00,5.99,-3.54,-0.52,2.52
2016-06-22,14.08,14.49,14.52,14.03,165023,314413456.00,3.46,2.19,0.31,1.70
2016-06-23,14.38,15.11,15.39,14.21,422118,834691968.00,8.14,4.28,0.62,4.35
2016-06-24,14.85,14.50,15.08,13.95,362135,700057424.00,7.48,-4.04,-0.61,3.73
2016-06-27,14.28,14.83,14.88,14.10,230024,446651600.00,5.38,2.28,0.33,2.37
2016-06-28,14.90,15.27,15.61,14.83,344286,695479216.00,5.26,2.97,0.44,3.55
2016-06-29,15.34,15.35,15.53,14.97,269222,541014656.00,3.67,0.52,0.08,2.78
2016-06-30,15.28,15.01,15.28,14.96,179942,358422080.00,2.08,-2.21,-0.34,1.85
2016-07-01,15.03,14.67,15.18,14.60,174361,342848480.00,3.86,-2.27,-0.34,1.80
2016-07-04,14.42,14.97,15.12,14.32,184989,365015504.00,5.45,2.04,0.30,1.90
2016-07-05,15.03,14.98,15.12,14.81,160332,316721680.00,2.07,0.07,0.01,1.65
2016-07-06,14.96,14.79,14.96,14.69,142149,278598128.00,1.80,-1.27,-0.19,1.46
2016-07-07,14.86,14.66,14.93,14.36,177772,345012976.00,3.85,-0.88,-0.13,1.83
2016-07-08,14.63,14.64,14.85,14.57,115930,226012678.00,1.91,-0.14,-0.02,1.19
2016-07-11,14.78,14.71,15.24,14.65,257573,510803648.00,4.03,0.48,0.07,2.65
2016-07-12,14.71,14.79,14.83,14.13,238153,456763520.00,4.76,0.54,0.08,2.45
2016-07-13,14.83,15.22,15.45,14.59,391163,780248176.00,5.81,2.91,0.43,4.03
2016-07-14,15.19,15.99,16.28,15.00,544938,1129976288.00,8.41,5.06,0.77,5.61
2016-07-15,15.65,15.41,15.86,15.31,296216,607434160.00,3.44,-3.63,-0.58,3.05
2016-07-18,15.38,15.52,15.89,15.21,253263,521140080.00,4.41,0.71,0.11,2.61
2016-07-19,15.46,16.08,16.17,15.22,382045,796766336.00,6.12,3.61,0.56,3.93
2016-07-20,16.03,15.83,16.28,15.79,327203,688251456.00,3.05,-1.55,-0.25,3.37
2016-07-21,15.67,15.56,15.92,15.54,182729,377478784.00,2.40,-1.71,-0.27,1.88
2016-07-22,15.47,15.47,15.83,15.38,161556,332494752.00,2.89,-0.58,-0.09,1.66
2016-07-25,15.48,15.44,15.75,15.28,131820,269852080.00,3.04,-0.19,-0.03,1.36
2016-07-26,15.43,15.61,15.63,15.34,137962,281844816.00,1.88,1.10,0.17,1.42
2016-07-27,15.61,14.00,15.61,13.96,342153,665530944.00,10.57,-10.31,-1.61,3.52
2016-07-28,14.00,13.28,14.18,12.63,300024,534385280.00,11.07,-5.14,-0.72,3.09
2016-07-29,13.04,12.91,13.28,12.71,141082,245768103.00,4.29,-2.79,-0.37,1.45
2016-08-01,12.64,12.59,12.88,12.38,134384,227942346.00,3.87,-2.48,-0.32,1.38
2016-08-02,12.64,12.75,12.87,12.63,89219,153057497.00,1.91,1.27,0.16,0.92
2016-08-03,12.76,12.68,12.83,12.56,92001,157246838.00,2.12,-0.55,-0.07,0.95
2016-08-04,12.68,12.91,13.04,12.63,125102,216203030.00,3.23,1.81,0.23,1.29
2016-08-05,12.88,12.64,12.90,12.63,95162,163161546.00,2.09,-2.09,-0.27,0.98
2016-08-08,12.79,12.81,12.83,12.55,73579,126107211.00,2.22,1.34,0.17,0.76
2016-08-09,12.72,13.84,14.19,12.72,218024,389186304.00,11.48,8.04,1.03,2.24
2016-08-10,13.70,13.52,13.89,13.48,158564,289697264.00,2.96,-2.31,-0.32,1.63
2016-08-11,13.48,13.05,13.49,13.05,113290,200603001.00,3.25,-3.48,-0.47,1.17
2016-08-12,12.87,13.13,13.28,12.79,84399,147736084.00,3.75,0.61,0.08,0.87
2016-08-15,13.14,13.60,13.88,12.87,192085,347624176.00,7.69,3.58,0.47,1.98
2016-08-16,13.66,13.55,13.85,13.51,134194,244810658.00,2.50,-0.37,-0.05,1.38
2016-08-17,13.66,13.56,13.68,13.42,102761,186051154.00,1.92,0.07,0.01,1.06
2016-08-18,13.61,13.59,14.06,13.48,159827,293447536.00,4.28,0.22,0.03,1.65
2016-08-19,13.53,13.42,13.62,13.38,99417,178963407.00,1.77,-1.25,-0.17,1.02
2016-08-22,13.43,13.19,13.62,13.16,78995,141800993.00,3.43,-1.71,-0.23,0.81
2016-08-23,13.18,13.18,13.43,13.04,68711,121800698.00,2.96,-0.08,-0.01,0.71
2016-08-24,13.25,13.50,13.70,13.23,158760,287063072.00,3.57,2.43,0.32,1.63
2016-08-25,13.30,13.02,13.38,12.93,133739,234522238.00,3.33,-3.56,-0.48,1.38
2016-08-26,13.13,13.03,13.29,13.01,88708,155955174.00,2.15,0.08,0.01,0.91
2016-08-29,13.00,12.98,13.14,12.92,61676,107755976.00,1.69,-0.38,-0.05,0.63
2016-08-30,13.08,13.10,13.35,13.06,79357,140110619.00,2.23,0.92,0.12,0.82
2016-08-31,13.13,13.09,13.27,12.88,79561,139461333.00,2.98,-0.08,-0.01,0.82
2016-09-01,13.13,12.92,13.19,12.92,77157,134639181.00,2.06,-1.30,-0.17,0.79
2016-09-02,12.88,12.82,13.01,12.68,69244,119663709.00,2.55,-0.77,-0.10,0.71
2016-09-05,12.90,12.88,12.98,12.84,54032,93684912.00,1.09,0.47,0.06,0.56
2016-09-06,12.88,13.08,13.13,12.68,92457,160538352.00,3.49,1.55,0.20,0.95
2016-09-07,13.21,13.05,13.28,13.03,111108,195711264.00,1.91,-0.23,-0.03,1.14
2016-09-08,13.12,12.96,13.17,12.93,74156,129446702.00,1.84,-0.69,-0.09,0.76
2016-09-09,12.97,12.78,12.99,12.78,77589,133779555.00,1.62,-1.39,-0.18,0.80
2016-09-12,12.48,11.71,12.48,11.68,159947,262328206.00,6.26,-8.37,-1.07,1.65
2016-09-13,11.81,11.72,11.95,11.64,86658,138418606.00,2.65,0.09,0.01,0.89
2016-09-14,11.56,11.63,11.84,11.51,71695,113924470.00,2.82,-0.77,-0.09,0.74
2016-09-19,11.78,11.88,12.11,11.78,71627,115817949.00,2.84,2.15,0.25,0.74
2016-09-20,11.80,11.73,11.87,11.71,49680,79303828.00,1.35,-1.26,-0.15,0.51
2016-09-21,11.72,11.78,11.93,11.71,54071,86766240.00,1.88,0.43,0.05,0.56
2016-09-22,11.93,11.79,11.96,11.74,56137,90123625.00,1.87,0.08,0.01,0.58
2016-09-23,11.76,11.59,11.85,11.58,57066,90583800.00,2.29,-1.70,-0.20,0.59
2016-09-26,11.63,11.01,11.66,10.96,119772,182245477.00,6.04,-5.00,-0.58,1.23
2016-09-27,11.02,11.18,11.25,11.02,73428,111683725.00,2.09,1.54,0.17,0.76
2016-09-28,11.30,11.13,11.30,11.06,43454,66223429.00,2.15,-0.45,-0.05,0.45
2016-09-29,11.20,11.15,11.23,11.12,49367,75342028.00,0.99,0.18,0.02,0.51
2016-09-30,11.10,11.17,11.23,11.09,42335,64610283.00,1.26,0.18,0.02,0.44
2016-10-10,11.29,11.70,11.72,11.23,99606,156297785.00,4.39,4.74,0.53,1.03
2016-10-11,11.73,11.58,11.75,11.57,64333,101716986.00,1.54,-1.03,-0.12,0.66
2016-10-12,11.60,11.60,11.75,11.47,57252,90481997.00,2.42,0.17,0.02,0.59
2016-10-13,11.60,11.62,11.73,11.48,68184,107499643.00,2.16,0.17,0.02,0.70
2016-10-14,11.61,11.63,11.69,11.53,51874,81925080.00,1.38,0.09,0.01,0.53
2016-10-17,11.67,11.43,11.73,11.42,53180,83639467.00,2.67,-1.72,-0.20,0.55
2016-10-18,11.43,11.68,11.68,11.38,77644,121839222.00,2.62,2.19,0.25,0.80
2016-10-19,11.65,11.63,11.75,11.54,67967,107511587.00,1.80,-0.43,-0.05,0.70
2016-10-20,11.66,11.96,12.00,11.57,158883,255463145.00,3.70,2.84,0.33,1.64
2016-10-21,11.91,11.66,11.92,11.50,102720,162931560.00,3.51,-2.51,-0.30,1.06
2016-10-24,11.67,11.69,11.87,11.52,80937,128881209.00,3.00,0.26,0.03,0.83
2016-10-25,11.67,11.86,11.99,11.58,107850,172539400.00,3.51,1.45,0.17,1.11
2016-10-26,11.84,11.73,11.98,11.68,94704,151530018.00,2.53,-1.10,-0.13,0.97
2016-10-27,11.71,11.65,11.72,11.59,51172,80916732.00,1.11,-0.68,-0.08,0.53
2016-10-28,11.65,11.32,11.73,11.29,88460,138138123.00,3.78,-2.83,-0.33,0.91
2016-10-31,11.31,11.37,11.39,11.17,42672,65657335.00,1.94,0.44,0.05,0.44
2016-11-01,11.37,11.41,11.42,11.23,49872,77127123.00,1.67,0.35,0.04,0.51
2016-11-02,11.34,11.18,11.38,11.17,61515,94435404.00,1.84,-2.02,-0.23,0.63
2016-11-03,11.15,12.46,12.46,11.13,464808,764890720.00,11.90,11.45,1.28,4.79
2016-11-04,12.57,12.16,12.57,12.13,326215,544925168.00,3.53,-2.41,-0.30,3.36
2016-11-07,12.13,12.18,12.55,12.13,178944,296955584.00,3.45,0.16,0.02,1.84
2016-11-08,12.29,12.65,12.78,12.19,305927,516981056.00,4.84,3.86,0.47,3.15
2016-11-09,12.54,12.40,12.73,12.13,241377,405388240.00,4.74,-1.98,-0.25,2.48
2016-11-10,12.61,12.49,12.73,12.42,158516,268031316.00,2.50,0.73,0.09,1.63
2016-11-11,12.49,12.61,12.72,12.26,161014,271080048.00,3.68,0.96,0.12,1.66
2016-11-14,12.66,12.42,12.74,12.31,151084,254591546.00,3.41,-1.51,-0.19,1.56
2016-11-15,12.38,12.54,12.61,12.29,104979,176496280.00,2.58,0.97,0.12,1.08
2016-11-16,12.60,12.78,12.99,12.47,261289,448814272.00,4.15,1.91,0.24,2.69
2016-11-17,12.77,12.44,12.77,12.40,162898,274829232.00,2.90,-2.66,-0.34,1.68
2016-11-18,12.44,12.33,12.58,12.29,92336,154668235.00,2.33,-0.88,-0.11,0.95
2016-11-21,12.29,12.41,12.49,12.28,68607,114802479.00,1.70,0.65,0.08,0.71
2016-11-22,12.42,13.04,13.43,12.41,342568,595101664.00,8.22,5.08,0.63,3.53
2016-11-23,13.00,13.05,13.23,12.75,265609,463442816.00,3.68,0.08,0.01,2.73
2016-11-24,12.96,13.05,13.25,12.83,170827,298705888.00,3.22,0.00,0.00,1.76
2016-11-25,12.89,12.79,13.00,12.48,151198,258820002.00,3.98,-1.99,-0.26,1.56
2016-11-28,12.75,12.77,12.99,12.75,103156,178265298.00,1.88,-0.16,-0.02,1.06
2016-11-29,12.69,12.21,12.78,12.21,146023,245545235.00,4.46,-4.39,-0.56,1.50
2016-11-30,12.22,12.04,12.43,11.93,105921,174393752.00,4.10,-1.39,-0.17,1.09
2016-12-01,12.03,12.08,12.26,12.01,74248,121869844.00,2.08,0.33,0.04,0.76
2016-12-02,11.96,11.96,12.13,11.91,60419,98207849.00,1.82,-0.99,-0.12,0.62
2016-12-05,11.92,11.62,12.03,11.54,67356,107990775.00,4.10,-2.84,-0.34,0.69
2016-12-06,11.63,11.85,12.07,11.63,56483,90289470.00,3.79,1.98,0.23,0.58
2016-12-07,11.92,12.12,12.34,11.73,85558,139919481.00,5.15,2.28,0.27,0.88
2016-12-08,12.21,11.89,12.21,11.86,53400,87052009.00,2.89,-1.90,-0.23,0.55
2016-12-09,11.85,11.89,12.14,11.69,50818,82553646.00,3.78,0.00,0.00,0.52
2016-12-12,11.96,11.05,11.96,11.02,92636,143782405.00,7.91,-7.06,-0.84,0.95
2016-12-13,11.09,10.99,11.18,10.82,53938,81219025.00,3.26,-0.54,-0.06,0.56
2016-12-14,11.01,10.92,11.15,10.89,39803,59981267.00,2.37,-0.64,-0.07,0.41
2016-12-15,10.92,11.07,11.34,10.88,51210,77724834.00,4.21,1.37,0.15,0.53
2016-12-16,11.18,11.14,11.26,11.05,32810,49983593.00,1.90,0.63,0.07,0.34
2016-12-19,11.19,11.12,11.21,10.99,29635,44933144.00,1.97,-0.18,-0.02,0.31
2016-12-20,11.10,11.20,11.39,11.04,60195,92380929.00,3.15,0.72,0.08,0.62
2016-12-21,11.18,11.19,11.24,11.10,49854,75969847.00,1.25,-0.09,-0.01,0.51
2016-12-22,11.21,11.04,11.21,11.00,43426,65673082.00,1.88,-1.34,-0.15,0.45
2016-12-23,11.04,11.11,11.50,11.04,87171,134258112.00,4.17,0.63,0.07,0.90
2016-12-26,10.97,11.27,11.28,10.63,70457,105834961.00,5.85,1.44,0.16,0.73
2016-12-27,11.25,11.13,11.33,11.10,44985,68810410.00,2.04,-1.24,-0.14,0.46
2016-12-28,11.09,10.98,11.23,10.96,40244,60817310.00,2.43,-1.35,-0.15,0.41
2016-12-29,10.99,10.88,11.08,10.88,39958,60029523.00,1.82,-0.91,-0.10,0.41
2016-12-30,10.89,10.73,10.94,10.73,47084,69759495.00,1.93,-1.38,-0.15,0.48