2021-01-04,13.58,13.67,13.71,13.40,32971,94950906.00,2.29,0.96,0.13,1.54
2021-01-05,13.64,13.50,13.74,13.21,41648,118959306.00,3.88,-1.24,-0.17,1.94
2021-01-06,13.66,13.85,14.52,13.66,66812,198680505.00,6.37,2.59,0.35,3.12
2021-01-07,13.74,12.99,13.97,12.74,54042,151227928.00,8.88,-6.21,-0.86,2.52
2021-01-08,13.00,13.11,13.39,12.88,27034,75322289.00,3.93,0.92,0.12,1.26
2021-01-11,13.20,12.65,13.20,12.59,37948,102928054.00,4.65,-3.51,-0.46,1.77
2021-01-12,12.53,12.50,12.73,12.45,29190,77653071.00,2.21,-1.19,-0.15,1.36
2021-01-13,12.50,11.93,12.71,11.89,50790,131908056.00,6.56,-4.56,-0.57,2.37
2021-01-14,11.92,11.99,12.16,11.64,30337,76960220.00,4.36,0.50,0.06,1.42
2021-01-15,12.07,12.19,12.19,11.85,27307,69779662.00,2.84,1.67,0.20,1.27
2021-01-18,12.26,12.54,12.68,12.10,34127,89632847.00,4.76,2.87,0.35,1.59
2021-01-19,12.62,12.03,12.62,11.99,32581,84643523.00,5.02,-4.07,-0.51,1.52
2021-01-20,12.03,11.88,12.11,11.78,27180,68649322.00,2.74,-1.25,-0.15,1.27
2021-01-21,11.88,12.00,12.14,11.70,25731,65128416.00,3.70,1.01,0.12,1.20
2021-01-22,12.03,11.53,12.15,11.40,36530,89980959.00,6.25,-3.92,-0.47,1.70
2021-01-25,11.42,10.90,11.43,10.90,48357,114096811.00,4.60,-5.46,-0.63,2.26
2021-01-26,10.91,11.16,11.63,10.91,40263,96740177.00,6.61,2.39,0.26,1.88
2021-01-27,11.16,11.40,11.48,11.00,27921,67096311.00,4.30,2.15,0.24,1.30
2021-01-28,11.88,11.61,12.40,11.60,66589,170447590.00,7.02,1.84,0.21,3.11
2021-01-29,11.57,11.28,11.77,11.14,35934,87071384.00,5.43,-2.84,-0.33,1.67
2021-02-08,11.28,11.87,12.14,10.97,47267,117508304.00,10.37,5.23,0.59,2.20
2021-02-09,11.85,12.54,12.60,11.71,46352,120678548.00,7.50,5.64,0.67,2.16
2021-02-10,12.56,13.47,13.64,12.47,68384,192956844.00,9.33,7.42,0.93,3.18
2021-02-18,13.21,13.67,13.95,13.18,47333,135868820.00,5.72,1.48,0.20,2.20
2021-02-19,13.59,13.38,13.69,13.26,34830,99469415.00,3.15,-2.12,-0.29,1.62
2021-02-22,13.38,12.72,13.44,12.51,58602,161668016.00,6.95,-4.93,-0.66,2.73
2021-02-23,12.54,12.34,12.72,12.28,36590,96847657.00,3.46,-2.99,-0.38,1.70
2021-02-24,12.28,12.35,12.62,12.28,27745,73190289.00,2.76,0.08,0.01,1.29
2021-02-25,12.33,12.02,12.68,11.99,22257,57369077.00,5.59,-2.67,-0.33,1.04
2021-02-26,11.66,11.90,12.15,11.65,20564,51984869.00,4.16,-1.00,-0.12,0.96
2021-03-01,11.99,12.42,12.50,11.93,34523,88937567.00,4.79,4.37,0.52,1.61
2021-03-02,12.56,12.31,12.67,12.26,19752,51786182.00,3.30,-0.89,-0.11,0.92
2021-03-03,12.45,12.17,12.45,11.93,19826,51141601.00,4.22,-1.14,-0.14,0.92
2021-03-04,12.16,11.70,12.16,11.65,33007,83015540.00,4.19,-3.86,-0.47,1.54
2021-03-05,11.59,12.00,12.05,11.59,26414,66714192.00,3.93,2.56,0.30,1.23
2021-03-08,12.20,11.60,12.20,11.59,21933,55144363.00,5.08,-3.33,-0.40,1.02
2021-03-09,11.49,11.24,11.60,11.12,23262,56079870.00,4.14,-3.10,-0.36,1.08
2021-03-10,11.33,11.07,11.44,11.04,18288,43335771.00,3.56,-1.51,-0.17,0.85
2021-03-11,11.24,11.50,11.54,11.03,16494,39722516.00,4.61,3.88,0.43,0.77
2021-03-12,11.51,11.43,11.52,11.26,10375,24988581.00,2.26,-0.61,-0.07,0.48
2021-03-15,11.43,11.09,11.54,11.08,14277,34029572.00,4.02,-2.97,-0.34,0.66
2021-03-16,11.35,11.33,11.68,11.31,18431,44860107.00,3.34,2.16,0.24,0.86
2021-03-17,11.35,11.17,11.52,11.11,14982,35681796.00,3.62,-1.41,-0.16,0.70
2021-03-18,11.25,11.23,11.40,11.12,12077,28924098.00,2.51,0.54,0.06,0.56
2021-03-19,11.19,11.32,11.48,11.08,13138,31525570.00,3.56,0.80,0.09,0.61
2021-03-22,11.40,11.32,11.42,11.27,10221,24587320.00,1.33,0.00,0.00,0.48
2021-03-23,11.44,11.25,11.44,11.21,11653,27946186.00,2.03,-0.62,-0.07,0.54
2021-03-24,11.21,11.13,11.35,11.10,11292,26837415.00,2.22,-1.07,-0.12,0.53
2021-03-25,11.08,11.21,11.42,11.07,12006,28689778.00,3.14,0.72,0.08,0.56
2021-03-26,11.30,11.32,11.38,11.13,12767,30577896.00,2.23,0.98,0.11,0.59
2021-03-29,11.30,11.19,11.40,11.17,12586,30122142.00,2.03,-1.15,-0.13,0.59
2021-03-30,11.13,11.10,11.23,11.07,11591,27373659.00,1.43,-0.80,-0.09,0.54
2021-03-31,11.18,11.14,11.21,10.97,7722,18187683.00,2.16,0.36,0.04,0.36
2021-04-01,11.11,11.16,11.26,11.07,8026,18959346.00,1.71,0.18,0.02,0.37
2021-04-02,11.21,11.37,11.39,11.11,12809,30654960.00,2.51,1.88,0.21,0.60
2021-04-06,11.35,11.30,11.38,11.21,13006,31122776.00,1.50,-0.62,-0.07,0.61
2021-04-07,11.30,11.37,11.40,11.23,11073,26644234.00,1.50,0.62,0.07,0.52
2021-04-08,11.36,12.21,12.44,11.30,56299,143927215.00,10.03,7.39,0.84,2.62
2021-04-09,12.14,12.27,12.38,12.06,30532,79070679.00,2.62,0.49,0.06,1.42
2021-04-12,12.32,11.96,12.40,11.92,21449,55217509.00,3.91,-2.53,-0.31,1.00
2021-04-13,11.91,11.92,12.20,11.87,18679,47726243.00,2.76,-0.33,-0.04,0.87
2021-04-14,11.88,12.23,12.27,11.78,17110,44036750.00,4.11,2.60,0.31,0.80
2021-04-15,12.13,12.05,12.26,12.01,12349,31738318.00,2.04,-1.47,-0.18,0.57
2021-04-16,12.05,12.22,12.25,12.00,17789,45944609.00,2.07,1.41,0.17,0.83
2021-04-19,12.25,12.97,13.10,12.15,50743,137039223.00,7.77,6.14,0.75,2.36
2021-04-20,12.96,12.61,13.02,12.56,29874,80996881.00,3.55,-2.78,-0.36,1.39
2021-04-21,12.73,13.15,13.26,12.65,40902,113265230.00,4.84,4.28,0.54,1.90
2021-04-22,13.26,13.19,13.26,13.00,27157,75600327.00,1.98,0.30,0.04,1.26
2021-04-23,12.45,12.28,12.88,12.03,64655,170648631.00,6.44,-6.90,-0.91,3.01
2021-04-26,12.26,12.02,12.44,12.00,37392,96553970.00,3.58,-2.12,-0.26,1.74
2021-04-27,11.98,11.89,12.09,11.69,23791,59881661.00,3.33,-1.08,-0.13,1.11
2021-04-28,11.94,11.97,12.23,11.83,16804,42804836.00,3.36,0.67,0.08,0.78
2021-04-29,11.97,12.11,12.25,11.83,18638,47742965.00,3.51,1.17,0.14,0.87
2021-04-30,12.11,12.18,12.33,11.88,14732,37795078.00,3.72,0.58,0.07,0.69
2021-05-06,12.35,13.32,13.41,12.35,61256,168765149.00,8.70,9.36,1.14,2.85
2021-05-07,13.31,12.80,13.37,12.72,36232,99986224.00,4.88,-3.90,-0.52,1.69
2021-05-10,12.75,12.66,12.99,12.62,18003,48609553.00,2.89,-1.09,-0.14,0.84
2021-05-11,12.53,12.57,12.67,12.41,17935,47770508.00,2.05,-0.71,-0.09,0.83
2021-05-12,12.54,12.74,12.86,12.38,15127,40602174.00,3.82,1.35,0.17,0.70
2021-05-13,12.57,12.94,13.09,12.57,20808,56995090.00,4.08,1.57,0.20,0.96
2021-05-14,12.94,13.05,13.11,12.78,19609,53876593.00,2.55,0.85,0.11,0.90
2021-05-17,13.14,12.91,13.25,12.84,19201,52913454.00,3.14,-1.07,-0.14,0.88
2021-05-18,12.91,12.75,12.91,12.60,14202,38315825.00,2.40,-1.24,-0.16,0.65
2021-05-19,12.40,12.23,12.53,12.18,32854,85778808.00,2.75,-4.08,-0.52,1.51
2021-05-20,12.16,12.08,12.39,11.98,22730,58493838.00,3.35,-1.23,-0.15,1.05
2021-05-21,12.02,12.04,12.27,11.97,13649,34996286.00,2.48,-0.33,-0.04,0.63
2021-05-24,12.11,12.43,12.59,11.94,19039,49720523.00,5.40,3.24,0.39,0.88
2021-05-25,12.50,12.33,12.57,12.23,15373,40217619.00,2.74,-0.80,-0.10,0.71
2021-05-26,12.35,12.82,12.91,12.27,27318,73534065.00,5.19,3.97,0.49,1.26
2021-05-27,12.80,12.90,12.95,12.69,21991,59678680.00,2.03,0.62,0.08,1.01
2021-05-28,12.83,12.83,13.00,12.78,17500,47764681.00,1.71,-0.54,-0.07,0.81
2021-05-31,12.99,13.01,13.26,12.73,31727,62236042.00,4.13,1.40,0.18,1.04
2021-06-01,13.27,13.15,13.39,13.07,35394,70532062.00,2.46,1.08,0.14,1.16
2021-06-02,13.01,12.91,13.30,12.87,32326,63759076.00,3.27,-1.83,-0.24,1.06
2021-06-03,13.07,12.97,13.27,12.97,29991,59360794.00,2.32,0.46,0.06,0.99
2021-06-04,12.97,12.87,13.07,12.83,20020,39042175.00,1.85,-0.77,-0.10,0.66
2021-06-07,12.85,13.17,13.31,12.55,42854,84025800.00,5.91,2.33,0.30,1.41
2021-06-08,13.17,12.93,13.24,12.85,32125,63077997.00,2.96,-1.82,-0.24,1.06
2021-06-09,12.89,12.63,13.03,12.53,30333,58050948.00,3.87,-2.32,-0.30,1.00
2021-06-10,12.73,13.50,13.60,12.67,91156,182716382.00,7.36,6.89,0.87,3.00
2021-06-11,13.40,13.35,13.65,13.17,63615,127873956.00,3.56,-1.11,-0.15,2.09
2021-06-15,13.47,13.30,13.48,13.15,34119,68451586.00,2.47,-0.37,-0.05,1.12
2021-06-16,13.37,12.74,13.41,12.67,49149,95873254.00,5.56,-4.21,-0.56,1.62
2021-06-17,12.74,12.79,12.91,12.63,23663,45460016.00,2.20,0.39,0.05,0.78
2021-06-18,12.79,12.32,12.87,12.22,63178,118071531.00,5.08,-3.67,-0.47,2.08
2021-06-21,12.25,12.45,12.45,12.10,24546,45629976.00,2.84,1.06,0.13,0.81
2021-06-22,12.37,12.02,12.57,11.94,53331,97577302.00,5.06,-3.45,-0.43,1.76
2021-06-23,12.12,12.21,12.31,11.96,31740,58037084.00,2.91,1.58,0.19,1.04
2021-06-24,12.21,12.07,12.21,12.03,18697,34092975.00,1.47,-1.15,-0.14,0.62
2021-06-25,12.11,11.97,12.12,11.73,27329,49061447.00,3.23,-0.83,-0.10,0.90
2021-06-28,11.94,12.06,12.13,11.87,16737,30401629.00,2.17,0.75,0.09,0.55
2021-06-29,12.09,11.72,12.17,11.72,27920,50087396.00,3.73,-2.82,-0.34,0.92
2021-06-30,11.73,11.77,11.93,11.73,18033,32075474.00,1.71,0.43,0.05,0.59
2021-07-01,11.86,11.80,12.14,11.77,28526,51467896.00,3.14,0.25,0.03,0.94
2021-07-02,11.80,11.49,11.83,11.40,28579,49586082.00,3.64,-2.63,-0.31,0.94
2021-07-05,11.48,11.62,11.67,11.44,15067,26280086.00,2.00,1.13,0.13,0.50
2021-07-06,11.62,11.77,11.78,11.55,14060,24755143.00,1.98,1.29,0.15,0.46
2021-07-07,11.77,11.61,11.77,11.50,24665,42996975.00,2.29,-1.36,-0.16,0.81
2021-07-08,11.32,12.00,12.03,11.32,29519,52439689.00,6.12,3.36,0.39,0.97
2021-07-09,11.99,11.93,12.05,11.77,20107,36025607.00,2.33,-0.58,-0.07,0.66
2021-07-12,11.90,11.89,12.02,11.78,19387,34816957.00,2.01,-0.34,-0.04,0.64
2021-07-13,11.89,12.13,12.21,11.85,29334,53370510.00,3.03,2.02,0.24,0.97
2021-07-14,12.08,11.85,12.13,11.85,19014,34226908.00,2.31,-2.31,-0.28,0.63
2021-07-15,11.78,11.62,11.83,11.53,20982,36750284.00,2.53,-1.94,-0.23,0.69
2021-07-16,11.59,11.63,11.73,11.47,11472,20102440.00,2.24,0.09,0.01,0.38
2021-07-19,11.63,11.62,11.71,11.48,13004,22697042.00,1.98,-0.09,-0.01,0.43
2021-07-20,11.62,11.68,11.70,11.49,11974,20913686.00,1.81,0.52,0.06,0.39
2021-07-21,11.60,11.74,11.76,11.59,13898,24513516.00,1.46,0.51,0.06,0.46
2021-07-22,11.73,11.67,11.73,11.58,13354,23421725.00,1.28,-0.60,-0.07,0.44
2021-07-23,11.67,11.53,11.67,11.50,16798,29290816.00,1.46,-1.20,-0.14,0.55
2021-07-26,11.45,11.21,11.53,11.12,24608,41965696.00,3.56,-2.78,-0.32,0.81
2021-07-27,11.25,11.21,11.46,11.16,20560,34968068.00,2.68,0.00,0.00,0.68
2021-07-28,11.24,10.81,11.24,10.64,24191,39791152.00,5.35,-3.57,-0.40,0.80
2021-07-29,10.93,11.00,11.13,10.93,12516,20810765.00,1.85,1.76,0.19,0.41
2021-07-30,10.97,11.69,12.91,10.85,79930,141617461.00,18.73,6.27,0.69,2.63
2021-08-02,11.27,11.87,12.06,11.27,45401,80005136.00,6.76,1.54,0.18,1.49
2021-08-03,11.77,11.43,11.80,11.27,35274,61287107.00,4.47,-3.71,-0.44,1.16
2021-08-04,11.41,11.79,12.09,11.27,55876,98336014.00,7.17,3.15,0.36,1.84
2021-08-05,11.63,11.42,11.63,11.42,29553,51431429.00,1.78,-3.14,-0.37,0.97
2021-08-06,11.66,11.80,12.00,11.34,40892,72079948.00,5.78,3.33,0.38,1.35
2021-08-09,11.72,12.11,12.30,11.68,47403,86493905.00,5.25,2.63,0.31,1.56
2021-08-10,12.07,12.59,12.73,11.95,57836,108478604.00,6.44,3.96,0.48,1.90
2021-08-11,12.65,12.37,12.69,12.29,33687,63012660.00,3.18,-1.75,-0.22,1.11
2021-08-12,12.33,12.39,12.50,12.19,32116,59594811.00,2.51,0.16,0.02,1.06
2021-08-13,12.30,12.04,12.38,11.97,29449,53697891.00,3.31,-2.82,-0.35,0.97
2021-08-16,12.04,12.03,12.35,11.96,21166,38536694.00,3.24,-0.08,-0.01,0.70
2021-08-17,11.97,11.60,12.03,11.52,26693,47120002.00,4.24,-3.57,-0.43,0.88
2021-08-18,11.60,11.73,11.92,11.45,18278,32258261.00,4.05,1.12,0.13,0.60
2021-08-19,11.79,11.74,11.82,11.67,9931,17579387.00,1.28,0.09,0.01,0.33
2021-08-20,11.71,11.52,11.74,11.45,15216,26545390.00,2.47,-1.87,-0.22,0.50
2021-08-23,11.52,11.60,11.68,11.47,17638,30821013.00,1.82,0.69,0.08,0.58
2021-08-24,11.60,11.71,11.71,11.50,24355,42733142.00,1.81,0.95,0.11,0.80
2021-08-25,11.80,11.60,11.85,11.54,18426,32295556.00,2.65,-0.94,-0.11,0.61
2021-08-26,11.65,11.31,11.65,11.27,23951,41118056.00,3.28,-2.50,-0.29,0.79
2021-08-27,11.27,11.33,11.39,11.19,17221,29329887.00,1.77,0.18,0.02,0.57
2021-08-30,11.34,11.35,11.46,11.25,17475,29847098.00,1.85,0.18,0.02,0.57
2021-08-31,11.33,11.25,11.33,11.17,14155,24002892.00,1.41,-0.88,-0.10,0.47
2021-09-01,11.19,11.44,11.57,11.07,18581,31742331.00,4.44,1.69,0.19,0.61
2021-09-02,11.43,11.58,11.60,11.27,19006,32752799.00,2.88,1.22,0.14,0.63
2021-09-03,11.52,12.44,12.59,11.48,83037,153284178.00,9.59,7.43,0.86,2.73
2021-09-06,12.60,12.99,13.17,12.38,87543,170359751.00,6.35,4.42,0.55,2.88
2021-09-07,12.97,12.97,13.02,12.74,51299,99649663.00,2.16,-0.15,-0.02,1.69
2021-09-08,12.81,13.21,13.61,12.81,86424,172749823.00,6.17,1.85,0.24,2.82
2021-09-09,13.77,13.17,13.80,12.87,79928,159346780.00,7.04,-0.30,-0.04,2.61
2021-09-10,12.80,13.10,13.39,12.76,49188,97612369.00,4.78,-0.53,-0.07,1.61
2021-09-13,13.25,12.95,13.32,12.94,34530,68160984.00,2.90,-1.15,-0.15,1.13
2021-09-14,13.12,12.59,13.16,12.49,49048,94596394.00,5.17,-2.78,-0.36,1.60
2021-09-15,12.62,12.27,12.62,12.12,62766,116697964.00,3.97,-2.54,-0.32,2.05
2021-09-16,12.27,12.41,12.73,12.19,44078,83028476.00,4.40,1.14,0.14,1.44
2021-09-17,12.53,12.43,12.53,12.28,27517,51483157.00,2.01,0.16,0.02,0.90
2021-09-22,12.42,13.46,13.73,12.27,92396,184676156.00,11.75,8.29,1.03,3.02
2021-09-23,13.50,13.15,13.56,13.07,50449,100503155.00,3.64,-2.30,-0.31,1.65
2021-09-24,12.99,13.01,13.49,12.94,51112,101520145.00,4.18,-1.06,-0.14,1.67
2021-09-27,13.01,12.69,13.25,12.53,61836,118676413.00,5.53,-2.46,-0.32,2.02
2021-09-28,12.67,12.60,12.79,12.40,26225,49916522.00,3.07,-0.71,-0.09,0.86
2021-09-29,12.60,12.35,12.66,12.29,32007,60113423.00,2.94,-1.98,-0.25,1.05
2021-09-30,12.46,12.47,12.53,12.33,19790,37062146.00,1.62,0.97,0.12,0.65
2021-10-08,12.54,12.97,13.53,12.50,49193,96560555.00,8.26,4.01,0.50,1.60
2021-10-11,13.03,13.12,13.25,12.84,29319,57754883.00,3.16,1.16,0.15,0.96
2021-10-12,13.05,13.03,13.10,12.84,27787,54308661.00,1.98,-0.69,-0.09,0.91
2021-10-13,12.97,13.29,13.47,12.94,42908,85763912.00,4.07,2.00,0.26,1.40
2021-10-14,13.25,13.38,13.53,13.00,36347,73397271.00,3.99,0.68,0.09,1.19
2021-10-15,13.20,13.17,13.46,13.12,30893,61692542.00,2.54,-1.57,-0.21,1.01
2021-10-18,13.11,13.11,13.25,13.00,19108,37833119.00,1.90,-0.46,-0.06,0.62
2021-10-19,13.09,13.70,13.72,12.97,54424,110967189.00,5.72,4.50,0.59,1.77
2021-10-20,13.87,13.64,14.03,13.43,42796,87879370.00,4.38,-0.44,-0.06,1.40
2021-10-21,13.59,13.39,13.77,13.25,30313,61540052.00,3.81,-1.83,-0.25,0.99
2021-10-22,13.40,13.47,13.72,13.25,28562,57936790.00,3.51,0.60,0.08,0.93
2021-10-25,13.49,13.21,13.51,13.11,33589,66983965.00,2.97,-1.93,-0.26,1.10
2021-10-26,13.25,13.32,13.53,13.06,30216,60477640.00,3.56,0.83,0.11,0.99
2021-10-27,13.17,13.10,13.25,12.68,41840,81542377.00,4.28,-1.65,-0.22,1.36
2021-10-28,13.05,12.74,13.11,12.70,24299,46993496.00,3.13,-2.75,-0.36,0.79
2021-10-29,12.73,12.81,12.99,12.67,16975,32871479.00,2.51,0.55,0.07,0.55
2021-11-01,12.80,13.00,13.11,12.70,19991,39028427.00,3.20,1.48,0.19,0.65
2021-11-02,13.00,12.81,13.21,12.55,41724,80613724.00,5.08,-1.46,-0.19,1.36
2021-11-03,12.81,13.26,13.39,12.75,54681,108778003.00,5.00,3.51,0.45,1.78
2021-11-04,13.33,13.60,13.69,13.11,55352,112420867.00,4.37,2.56,0.34,1.80
2021-11-05,13.70,13.59,13.71,13.47,40720,83413005.00,1.76,-0.07,-0.01,1.33
2021-11-08,13.58,13.43,13.63,13.31,30119,60944002.00,2.35,-1.18,-0.16,0.98
2021-11-09,13.43,13.50,13.58,13.32,24119,48906838.00,1.94,0.52,0.07,0.79
2021-11-10,13.40,13.47,13.60,13.27,29569,59797391.00,2.44,-0.22,-0.03,0.96
2021-11-11,13.57,13.34,13.57,13.25,26606,53600805.00,2.38,-0.97,-0.13,0.87
2021-11-12,13.27,13.18,13.45,13.13,29697,59239095.00,2.40,-1.20,-0.16,0.97
2021-11-15,13.18,13.89,14.23,13.11,83134,173647147.00,8.50,5.39,0.71,2.71
2021-11-16,13.74,14.23,14.50,13.71,90189,193279592.00,5.69,2.45,0.34,2.94
2021-11-17,14.37,14.03,14.45,13.73,82365,173015812.00,5.06,-1.41,-0.20,2.69
2021-11-18,14.27,14.85,15.09,14.15,124573,276751712.00,6.70,5.84,0.82,4.06
2021-11-19,14.60,14.70,14.79,14.37,67270,147500203.00,2.83,-1.01,-0.15,2.19
2021-11-22,14.60,14.42,14.60,14.11,55611,120467256.00,3.33,-1.90,-0.28,1.81
2021-11-23,14.33,14.43,14.56,14.16,35298,76307711.00,2.77,0.07,0.01,1.15
2021-11-24,14.33,14.29,14.42,14.03,39702,84863106.00,2.70,-0.97,-0.14,1.29
2021-11-25,14.25,14.47,14.69,14.25,39180,85569782.00,3.08,1.26,0.18,1.28
2021-11-26,14.47,14.43,14.59,13.93,41299,88270291.00,4.56,-0.28,-0.04,1.35
2021-11-29,14.12,14.33,14.44,14.09,32928,70789046.00,2.43,-0.69,-0.10,1.07
2021-11-30,14.40,14.49,14.93,14.27,46271,101915386.00,4.61,1.12,0.16,1.51
2021-12-01,14.49,14.23,14.53,14.09,38730,82936402.00,3.04,-1.79,-0.26,1.26
2021-12-02,14.29,13.59,14.29,13.50,50103,103915315.00,5.55,-4.50,-0.64,1.63
2021-12-03,13.67,13.75,13.81,13.43,24042,49280980.00,2.80,1.18,0.16,0.78
2021-12-06,13.75,13.59,13.78,13.42,23060,47030197.00,2.62,-1.16,-0.16,0.75
2021-12-07,13.59,13.60,13.69,13.39,21299,43499135.00,2.21,0.07,0.01,0.69
2021-12-08,13.63,13.70,13.71,13.50,18063,37036692.00,1.54,0.74,0.10,0.59
2021-12-09,13.78,13.70,14.07,13.68,25682,53546678.00,2.85,0.00,0.00,0.84
2021-12-10,13.69,13.46,13.69,13.25,42915,87012166.00,3.21,-1.75,-0.24,1.40
2021-12-13,13.40,13.26,13.45,13.23,30737,61696316.00,1.63,-1.49,-0.20,1.00
2021-12-14,13.32,13.39,13.43,13.25,17346,34866534.00,1.36,0.98,0.13,0.57
2021-12-15,13.40,13.37,13.50,13.26,17545,35358956.00,1.79,-0.15,-0.02,0.57
2021-12-16,13.37,13.35,13.47,13.24,18838,37795994.00,1.72,-0.15,-0.02,0.61
2021-12-17,13.35,13.13,13.35,12.99,28424,56253386.00,2.70,-1.65,-0.22,0.93
2021-12-20,13.06,13.02,13.24,12.97,22725,44870452.00,2.06,-0.84,-0.11,0.74
2021-12-21,13.02,13.53,13.66,12.97,38067,77226080.00,5.30,3.92,0.51,1.24
2021-12-22,13.47,14.49,14.67,13.45,114056,244476124.00,9.02,7.10,0.96,3.72
2021-12-23,14.72,14.65,14.84,14.27,106129,234006033.00,3.93,1.10,0.16,3.46
2021-12-24,14.75,14.41,14.75,14.09,53953,116599713.00,4.51,-1.64,-0.24,1.76
2021-12-27,14.55,14.38,14.72,14.02,46407,100074357.00,4.86,-0.21,-0.03,1.51
2021-12-28,14.41,15.15,15.27,14.37,105061,237824637.00,6.26,5.35,0.77,3.43
2021-12-29,15.15,15.05,15.24,14.87,45468,102809801.00,2.44,-0.66,-0.10,1.48
2021-12-30,15.44,15.45,15.92,15.25,99702,233785579.00,4.45,2.66,0.40,3.25
2021-12-31,15.47,15.52,15.74,15.12,54842,127382257.00,4.01,0.45,0.07,1.71