2022-01-04,8.33,8.15,8.38,8.10,136654,115907724.00,3.37,-1.93,-0.16,2.28
2022-01-05,8.08,7.85,8.18,7.83,141424,116767520.00,4.29,-3.68,-0.30,2.36
2022-01-06,7.82,7.93,7.97,7.77,65257,53504278.00,2.55,1.02,0.08,1.09
2022-01-07,7.97,7.83,7.97,7.77,74118,60518129.00,2.52,-1.26,-0.10,1.24
2022-01-10,7.79,7.93,7.96,7.75,81575,66695199.00,2.68,1.28,0.10,1.36
2022-01-11,7.93,8.16,8.33,7.93,130753,110768560.00,5.04,2.90,0.23,2.18
2022-01-12,8.25,8.21,8.39,8.19,113704,97592860.00,2.45,0.61,0.05,1.90
2022-01-13,8.27,8.56,8.58,8.13,208564,181693808.00,5.48,4.26,0.35,3.49
2022-01-14,8.43,8.36,8.52,8.23,144392,125195048.00,3.39,-2.34,-0.20,2.41
2022-01-17,8.40,8.34,8.45,8.26,99404,85868836.00,2.27,-0.24,-0.02,1.66
2022-01-18,8.33,8.20,8.37,8.13,106627,90878746.00,2.88,-1.68,-0.14,1.78
2022-01-19,8.16,8.17,8.35,8.15,63270,54015732.00,2.44,-0.37,-0.03,1.06
2022-01-20,8.17,7.90,8.28,7.90,76015,63416723.00,4.65,-3.30,-0.27,1.27
2022-01-21,7.82,7.81,7.97,7.80,55117,44987783.00,2.15,-1.14,-0.09,0.92
2022-01-24,7.78,7.93,8.02,7.78,70528,58009457.00,3.07,1.54,0.12,1.18
2022-01-25,7.90,7.34,7.91,7.24,165693,129536678.00,8.45,-7.44,-0.59,2.77
2022-01-26,7.34,7.70,7.70,7.34,109935,86356619.00,4.90,4.90,0.36,1.84
2022-01-27,7.70,7.30,7.70,7.27,124369,96097313.00,5.58,-5.19,-0.40,2.08
2022-01-28,7.35,7.40,7.52,7.15,94817,72539882.00,5.07,1.37,0.10,1.58
2022-02-07,7.53,7.41,7.63,7.26,117070,90356467.00,5.00,0.14,0.01,1.96
2022-02-08,7.40,7.42,7.47,7.18,150016,113830132.00,3.91,0.13,0.01,2.51
2022-02-09,7.49,7.56,7.60,7.33,126926,98916365.00,3.64,1.89,0.14,2.12
2022-02-10,7.50,7.78,7.82,7.38,162821,127243650.00,5.82,2.91,0.22,2.72
2022-02-11,7.70,7.38,7.70,7.28,184950,143651061.00,5.40,-5.14,-0.40,3.09
2022-02-14,7.26,7.20,7.35,7.17,92431,69658524.00,2.44,-2.44,-0.18,1.54
2022-02-15,7.17,7.25,7.27,7.15,62250,46766398.00,1.67,0.69,0.05,1.04
2022-02-16,7.30,7.37,7.37,7.24,71500,54296726.00,1.79,1.66,0.12,1.19
2022-02-17,7.31,7.43,7.50,7.26,118147,91235606.00,3.26,0.81,0.06,1.97
2022-02-18,7.41,7.43,7.47,7.36,64906,50093794.00,1.48,0.00,0.00,1.08
2022-02-21,7.43,7.49,7.52,7.39,61021,47397665.00,1.75,0.81,0.06,1.02
2022-02-22,7.42,7.38,7.45,7.33,61473,47185582.00,1.60,-1.47,-0.11,1.03
2022-02-23,7.38,7.60,7.63,7.36,93414,73353288.00,3.66,2.98,0.22,1.56
2022-02-24,7.55,7.55,7.95,7.44,173414,138812098.00,6.71,-0.66,-0.05,2.90
2022-02-25,7.65,7.61,7.74,7.48,125850,99290257.00,3.44,0.79,0.06,2.10
2022-02-28,7.69,7.55,7.69,7.46,103946,81587109.00,3.02,-0.79,-0.06,1.74
2022-03-01,7.55,7.55,7.65,7.48,84461,66385974.00,2.25,0.00,0.00,1.41
2022-03-02,7.48,7.49,7.53,7.35,83553,64769416.00,2.38,-0.79,-0.06,1.40
2022-03-03,7.55,7.36,7.59,7.32,99694,76784954.00,3.60,-1.74,-0.13,1.67
2022-03-04,7.32,7.20,7.35,7.19,105086,79351183.00,2.17,-2.17,-0.16,1.76
2022-03-07,7.17,6.99,7.20,6.95,106564,78459174.00,3.47,-2.92,-0.21,1.78
2022-03-08,7.00,6.64,7.08,6.59,175787,124929762.00,7.01,-5.01,-0.35,2.94
2022-03-09,6.66,6.45,6.71,6.15,143739,97527692.00,8.43,-2.86,-0.19,2.40
2022-03-10,6.59,6.59,6.72,6.56,94388,65409044.00,2.48,2.17,0.14,1.58
2022-03-11,6.50,6.77,6.77,6.42,124988,86509749.00,5.31,2.73,0.18,2.09
2022-03-14,6.68,6.71,6.89,6.67,93051,65935902.00,3.25,-0.89,-0.06,1.55
2022-03-15,6.66,6.36,6.74,6.36,88802,61037166.00,5.66,-5.22,-0.35,1.48
2022-03-16,6.45,6.78,6.81,6.30,101941,69822164.00,8.02,6.60,0.42,1.70
2022-03-17,6.85,6.70,6.88,6.67,106762,75349371.00,3.10,-1.18,-0.08,1.78
2022-03-18,6.63,6.69,6.72,6.56,66902,46555038.00,2.39,-0.15,-0.01,1.12
2022-03-21,6.66,6.64,6.75,6.56,57753,40148984.00,2.84,-0.75,-0.05,0.97
2022-03-22,6.59,6.58,6.66,6.55,45111,31069419.00,1.66,-0.90,-0.06,0.75
2022-03-23,6.63,6.70,6.81,6.62,69057,48433798.00,2.89,1.82,0.12,1.15
2022-03-24,6.65,6.58,6.69,6.56,53588,37060847.00,1.94,-1.79,-0.12,0.90
2022-03-25,6.58,6.52,6.64,6.47,57807,39537438.00,2.58,-0.91,-0.06,0.97
2022-03-28,6.47,6.51,6.58,6.38,45997,31177936.00,3.07,-0.15,-0.01,0.77
2022-03-29,6.50,6.48,6.62,6.43,60140,41218988.00,2.92,-0.46,-0.03,1.00
2022-03-30,6.51,6.64,6.66,6.51,54628,37767409.00,2.31,2.47,0.16,0.91
2022-03-31,6.69,6.74,6.94,6.60,134495,94633164.00,5.12,1.51,0.10,2.25
2022-04-01,6.71,6.88,6.97,6.69,123048,88183632.00,4.15,2.08,0.14,2.06
2022-04-06,6.87,6.79,6.87,6.75,112733,79875372.00,1.74,-1.31,-0.09,1.88
2022-04-07,6.76,6.66,6.85,6.65,107225,75348519.00,2.95,-1.91,-0.13,1.79
2022-04-08,6.70,6.60,6.72,6.57,55820,38638368.00,2.25,-0.90,-0.06,0.93
2022-04-11,6.58,6.32,6.58,6.26,90313,60609069.00,4.85,-4.24,-0.28,1.51
2022-04-12,6.29,6.37,6.38,6.20,79742,52459272.00,2.85,0.79,0.05,1.33
2022-04-13,6.35,6.39,6.51,6.25,64970,43542770.00,4.08,0.31,0.02,1.09
2022-04-14,6.39,6.30,6.43,6.29,66650,44255526.00,2.19,-1.41,-0.09,1.11
2022-04-15,6.27,6.07,6.30,6.00,83950,53925262.00,4.76,-3.65,-0.23,1.40
2022-04-18,6.01,6.25,6.28,5.96,78586,50740965.00,5.27,2.97,0.18,1.31
2022-04-19,6.29,6.30,6.44,6.25,54863,36389467.00,3.04,0.80,0.05,0.92
2022-04-20,6.39,6.24,6.40,6.22,45615,30139108.00,2.86,-0.95,-0.06,0.76
2022-04-21,6.24,6.04,6.29,6.02,56167,36242541.00,4.33,-3.21,-0.20,0.94
2022-04-22,6.04,5.92,6.06,5.92,50722,31795314.00,2.32,-1.99,-0.12,0.85
2022-04-25,5.85,5.33,5.87,5.32,97266,57319680.00,9.29,-9.97,-0.59,1.63
2022-04-26,5.36,5.45,5.72,5.36,118590,69389902.00,6.75,2.25,0.12,1.98
2022-04-27,5.38,5.73,5.74,5.30,120592,70401047.00,8.07,5.14,0.28,2.02
2022-04-28,5.68,5.54,5.74,5.46,97089,57109612.00,4.89,-3.32,-0.19,1.62
2022-04-29,5.64,5.79,5.82,5.61,92950,56065815.00,3.79,4.51,0.25,1.55
2022-05-05,5.80,6.02,6.13,5.76,105891,66717237.00,6.39,3.97,0.23,1.77
2022-05-06,5.95,5.96,6.02,5.87,57791,36031571.00,2.49,-1.00,-0.06,0.97
2022-05-09,5.91,6.10,6.11,5.91,56217,35709625.00,3.36,2.35,0.14,0.94
2022-05-10,6.03,6.12,6.14,5.98,79060,50313358.00,2.62,0.33,0.02,1.32
2022-05-11,6.15,6.12,6.28,6.08,115662,71533202.00,3.27,0.00,0.00,1.93
2022-05-12,6.08,6.16,6.25,6.05,88876,54604754.00,3.27,0.65,0.04,1.49
2022-05-13,6.18,6.17,6.19,6.09,55467,34104626.00,1.62,0.16,0.01,0.93
2022-05-16,6.18,6.20,6.29,6.17,61532,38259137.00,1.94,0.49,0.03,1.03
2022-05-17,6.23,6.19,6.26,6.08,75425,46442986.00,2.90,-0.16,-0.01,1.26
2022-05-18,6.25,6.25,6.32,6.19,72579,45541607.00,2.10,0.97,0.06,1.21
2022-05-19,6.16,6.47,6.51,6.14,121671,77374040.00,5.92,3.52,0.22,2.03
2022-05-20,6.53,6.50,6.53,6.41,78677,50992999.00,1.85,0.46,0.03,1.31
2022-05-23,6.48,6.59,6.61,6.44,87151,56867670.00,2.62,1.38,0.09,1.46
2022-05-24,6.64,6.31,6.64,6.30,96201,61973884.00,5.16,-4.25,-0.28,1.61
2022-05-25,6.27,6.44,6.45,6.27,64993,41354069.00,2.85,2.06,0.13,1.09
2022-05-26,6.46,6.55,6.62,6.31,116273,75609242.00,4.81,1.71,0.11,1.94
2022-05-27,6.58,6.41,6.64,6.36,134782,87355041.00,4.27,-2.14,-0.14,2.25
2022-05-30,6.44,6.57,6.59,6.40,121886,79219200.00,2.96,2.50,0.16,2.04
2022-05-31,6.64,6.75,6.83,6.51,128176,85733813.00,4.87,2.74,0.18,2.14
2022-06-01,6.77,6.87,6.95,6.69,122650,83548398.00,3.85,1.78,0.12,2.05
2022-06-02,6.86,6.88,6.91,6.77,81781,56043141.00,2.04,0.15,0.01,1.37
2022-06-06,6.93,7.02,7.14,6.83,113692,79858183.00,4.51,2.03,0.14,1.90
2022-06-07,7.02,6.91,7.05,6.80,107889,74344378.00,3.56,-1.57,-0.11,1.80
2022-06-08,6.91,6.80,6.92,6.64,80436,54414457.00,4.05,-1.59,-0.11,1.34
2022-06-09,6.80,6.80,6.89,6.69,93647,63828350.00,2.94,0.00,0.00,1.56
2022-06-10,6.76,7.10,7.15,6.74,131680,92383683.00,6.03,4.41,0.30,2.19
2022-06-13,6.99,7.28,7.30,6.97,158516,113805011.00,4.65,2.54,0.18,2.64
2022-06-14,7.20,7.33,7.84,7.11,328178,244338974.00,10.03,0.69,0.05,5.46
2022-06-15,7.32,7.20,7.32,7.05,205535,146916273.00,3.68,-1.77,-0.13,3.42
2022-06-16,7.14,7.12,7.27,7.06,172136,122819826.00,2.92,-1.11,-0.08,2.86
2022-06-17,7.15,7.20,7.28,7.09,122411,88057385.00,2.67,1.12,0.08,2.03
2022-06-20,7.25,7.28,7.45,7.10,254086,184318665.00,4.86,1.11,0.08,4.22
2022-06-21,7.28,7.20,7.35,7.12,121659,87776583.00,3.16,-1.10,-0.08,2.02
2022-06-22,7.10,7.11,7.27,7.08,86630,62138854.00,2.64,-1.25,-0.09,1.44
2022-06-23,7.12,7.47,7.48,7.10,198579,145740957.00,5.34,5.06,0.36,3.30
2022-06-24,7.48,7.41,7.53,7.36,121200,90069583.00,2.28,-0.80,-0.06,2.01
2022-06-27,7.46,7.39,7.48,7.31,115439,85139617.00,2.29,-0.27,-0.02,1.92
2022-06-28,7.35,7.55,7.58,7.34,150785,112922481.00,3.25,2.17,0.16,2.50
2022-06-29,7.54,7.15,7.61,7.14,176308,128505609.00,6.23,-5.30,-0.40,2.93
2022-06-30,7.16,7.09,7.23,7.01,123382,87580281.00,3.08,-0.84,-0.06,2.05
2022-07-01,7.12,7.16,7.29,7.10,88503,63697409.00,2.68,0.99,0.07,1.47
2022-07-04,7.17,7.21,7.28,7.03,79253,56892610.00,3.49,0.70,0.05,1.32
2022-07-05,7.20,7.19,7.28,7.08,89173,64292538.00,2.77,-0.28,-0.02,1.48
2022-07-06,7.19,7.19,7.32,7.11,86607,62584200.00,2.92,0.00,0.00,1.44
2022-07-07,7.19,7.40,7.47,7.15,156422,115351181.00,4.45,2.92,0.21,2.60
2022-07-08,7.46,7.17,7.58,7.13,232711,170819776.00,6.08,-3.11,-0.23,3.87
2022-07-11,7.13,7.22,7.31,7.11,149890,107763561.00,2.79,0.70,0.05,2.49
2022-07-12,7.20,7.20,7.37,7.13,126850,92004561.00,3.32,-0.28,-0.02,2.11
2022-07-13,7.24,7.45,7.50,7.18,206389,152572794.66,4.44,3.47,0.25,3.43
2022-07-14,7.43,7.59,7.66,7.35,194792,147286173.26,4.16,1.88,0.14,3.24
2022-07-15,7.55,8.35,8.35,7.53,519920,414928289.92,10.80,10.01,0.76,8.64
2022-07-18,8.91,8.52,9.19,8.42,1232023,1089289432.88,9.22,2.04,0.17,20.46
2022-07-19,8.10,8.05,8.35,8.00,867461,703658762.60,4.11,-5.52,-0.47,14.41
2022-07-20,8.05,8.86,8.86,7.97,842061,702413738.76,11.06,10.06,0.81,13.99
2022-07-21,9.09,8.62,9.75,8.60,1283840,1180414458.55,12.98,-2.71,-0.24,21.32
2022-07-22,8.79,8.82,9.00,8.57,757507,663709421.02,4.99,2.32,0.20,12.58
2022-07-25,8.61,8.23,8.63,8.18,562504,470086837.34,5.10,-6.69,-0.59,9.34
2022-07-26,8.20,8.50,8.67,8.14,473190,398475698.21,6.44,3.28,0.27,7.86
2022-07-27,8.63,8.80,8.98,8.59,569357,498357821.16,4.59,3.53,0.30,9.46
2022-07-28,8.70,9.08,9.25,8.65,647463,579278171.10,6.82,3.18,0.28,10.75
2022-07-29,8.80,8.71,9.10,8.67,537099,475759831.35,4.74,-4.07,-0.37,8.92
2022-08-01,8.72,8.96,9.18,8.65,524475,468307920.20,6.08,2.87,0.25,8.71
2022-08-02,8.89,9.03,9.35,8.68,805672,725482193.10,7.48,0.78,0.07,13.38
2022-08-03,9.03,8.42,9.21,8.24,845160,741993434.41,10.74,-6.76,-0.61,14.04
2022-08-04,8.42,8.56,8.75,8.40,446905,382354168.67,4.16,1.66,0.14,7.42
2022-08-05,8.53,8.20,8.65,8.10,487889,402050122.89,6.43,-4.21,-0.36,8.10
2022-08-08,8.15,8.32,8.40,8.06,308512,255922515.40,4.15,1.46,0.12,5.12
2022-08-09,8.34,8.18,8.46,8.16,245487,202979395.60,3.61,-1.68,-0.14,4.08
2022-08-10,8.17,8.29,8.43,8.11,241426,200112960.00,3.91,1.34,0.11,4.01
2022-08-11,8.36,8.36,8.43,8.20,256986,213929733.70,2.77,0.84,0.07,4.27
2022-08-12,8.33,8.28,8.42,8.27,247562,206810029.56,1.79,-0.96,-0.08,4.11
2022-08-15,8.21,8.35,8.38,8.19,182866,151976928.84,2.29,0.85,0.07,3.04
2022-08-16,8.39,8.80,8.90,8.39,504553,439519994.20,6.11,5.39,0.45,8.38
2022-08-17,8.77,8.88,9.00,8.65,374183,329963238.19,3.98,0.91,0.08,6.22
2022-08-18,8.89,8.95,9.05,8.78,379397,339711024.15,3.04,0.79,0.07,6.30
2022-08-19,8.93,8.68,8.93,8.58,341946,298343468.75,3.91,-3.02,-0.27,5.68
2022-08-22,8.63,8.54,8.70,8.44,172648,147328627.99,3.00,-1.61,-0.14,2.87
2022-08-23,8.54,8.68,8.74,8.52,197018,170236708.00,2.58,1.64,0.14,3.27
2022-08-24,8.65,8.11,8.83,8.11,362049,302701327.85,8.29,-6.57,-0.57,6.01
2022-08-25,8.18,7.82,8.30,7.70,268242,211945961.38,7.40,-3.58,-0.29,4.46
2022-08-26,7.78,7.86,8.13,7.77,179763,143153843.74,4.60,0.51,0.04,2.99
2022-08-29,7.75,7.81,7.87,7.56,127542,99205757.00,3.94,-0.64,-0.05,2.12
2022-08-30,7.87,7.63,7.88,7.61,155775,120247757.83,3.46,-2.30,-0.18,2.59
2022-08-31,7.63,7.19,7.66,7.17,194209,142054268.36,6.42,-5.77,-0.44,3.23
2022-09-01,7.23,7.17,7.29,7.15,86733,62560370.00,1.95,-0.28,-0.02,1.44
2022-09-02,7.19,7.20,7.25,7.07,87576,62903488.00,2.51,0.42,0.03,1.45
2022-09-05,7.20,7.18,7.29,7.12,100110,72037226.60,2.36,-0.28,-0.02,1.66
2022-09-06,7.25,7.39,7.39,7.14,138246,100753626.28,3.48,2.92,0.21,2.30
2022-09-07,7.33,7.36,7.39,7.29,144317,105943323.78,1.35,-0.41,-0.03,2.40
2022-09-08,7.37,7.24,7.44,7.22,101905,74592371.72,2.99,-1.63,-0.12,1.69
2022-09-09,7.24,7.19,7.27,7.12,78149,56131874.97,2.07,-0.69,-0.05,1.30
2022-09-13,7.20,7.15,7.25,7.12,88676,63608525.70,1.81,-0.56,-0.04,1.47
2022-09-14,7.05,6.94,7.13,6.88,131955,91989798.80,3.50,-2.94,-0.21,2.19
2022-09-15,7.08,6.67,7.09,6.56,182442,123026175.32,7.64,-3.89,-0.27,3.03
2022-09-16,6.59,6.55,6.75,6.55,98036,65091140.53,3.00,-1.80,-0.12,1.63
2022-09-19,6.58,6.45,6.59,6.42,86591,56220479.21,2.60,-1.53,-0.10,1.44
2022-09-20,6.51,6.63,6.66,6.51,73874,48852469.38,2.33,2.79,0.18,1.23
2022-09-21,6.60,6.65,6.68,6.53,66173,43907709.00,2.26,0.30,0.02,1.10
2022-09-22,6.63,6.66,6.75,6.58,63396,42358249.84,2.56,0.15,0.01,1.05
2022-09-23,6.66,6.59,6.73,6.52,77360,51180679.00,3.15,-1.05,-0.07,1.28
2022-09-26,6.55,6.45,6.61,6.43,75789,49371378.00,2.73,-2.12,-0.14,1.26
2022-09-27,6.45,6.61,6.64,6.45,91553,60078744.60,2.95,2.48,0.16,1.52
2022-09-28,6.59,6.28,6.67,6.27,136201,87372416.00,6.05,-4.99,-0.33,2.26
2022-09-29,6.33,6.34,6.39,6.27,76856,48620448.00,1.91,0.96,0.06,1.28
2022-09-30,6.32,6.26,6.37,6.25,51312,32302675.00,1.89,-1.26,-0.08,0.85
2022-10-10,6.27,6.12,6.30,6.10,68024,42090233.61,3.19,-2.24,-0.14,1.13
2022-10-11,6.18,6.27,6.28,6.09,66516,41257869.54,3.10,2.45,0.15,1.10
2022-10-12,6.22,6.51,6.52,6.20,95342,60554225.00,5.10,3.83,0.24,1.58
2022-10-13,6.46,6.49,6.57,6.41,117637,76536558.00,2.46,-0.31,-0.02,1.95
2022-10-14,6.55,6.60,6.64,6.49,106796,70155476.24,2.31,1.69,0.11,1.77
2022-10-17,6.53,6.63,6.65,6.51,76251,50255566.70,2.12,0.45,0.03,1.27
2022-10-18,6.68,6.73,6.78,6.62,102041,68453211.71,2.41,1.51,0.10,1.69
2022-10-19,6.72,6.68,6.78,6.66,69309,46692982.00,1.78,-0.74,-0.05,1.15
2022-10-20,6.63,6.62,6.73,6.51,92727,61343521.37,3.29,-0.90,-0.06,1.54
2022-10-21,6.62,6.77,6.85,6.62,112436,76106871.49,3.47,2.27,0.15,1.87
2022-10-24,6.85,6.70,6.85,6.63,107869,72993706.40,3.25,-1.03,-0.07,1.79
2022-10-25,6.63,6.74,6.79,6.55,104946,70208205.12,3.58,0.60,0.04,1.74
2022-10-26,6.75,6.81,6.91,6.74,121736,83118024.92,2.52,1.04,0.07,2.02
2022-10-27,6.81,6.63,6.91,6.63,118117,79832391.88,4.11,-2.64,-0.18,1.96
2022-10-28,6.60,6.19,6.62,6.16,215873,137245227.04,6.94,-6.64,-0.44,3.59
2022-10-31,6.19,6.36,6.40,6.16,109670,69217205.42,3.88,2.75,0.17,1.82
2022-11-01,6.41,6.60,6.63,6.41,131731,86283633.40,3.46,3.77,0.24,2.19
2022-11-02,6.60,6.58,6.63,6.49,139398,91622802.70,2.12,-0.30,-0.02,2.32
2022-11-03,6.53,6.58,6.63,6.51,80172,52774248.94,1.82,0.00,0.00,1.33
2022-11-04,6.58,6.82,6.90,6.56,173325,116857039.17,5.17,3.65,0.24,2.88
2022-11-07,6.87,6.77,6.89,6.71,119800,81073840.00,2.64,-0.73,-0.05,1.99
2022-11-08,6.74,6.75,6.78,6.64,109528,73276465.00,2.07,-0.30,-0.02,1.82
2022-11-09,6.75,6.86,6.88,6.71,134046,90907338.00,2.52,1.63,0.11,2.23
2022-11-10,6.78,6.71,6.80,6.63,188355,126184813.46,2.48,-2.19,-0.15,3.13
2022-11-11,6.80,6.73,6.83,6.72,165558,111976940.13,1.64,0.30,0.02,2.75
2022-11-14,6.76,6.63,6.76,6.58,129258,85974770.64,2.67,-1.49,-0.10,2.15
2022-11-15,6.63,6.77,6.80,6.60,145271,97687062.69,3.02,2.11,0.14,2.41
2022-11-16,6.76,6.71,6.80,6.67,108193,72873203.40,1.92,-0.89,-0.06,1.80
2022-11-17,6.67,6.65,6.69,6.58,108166,71711727.22,1.64,-0.89,-0.06,1.80
2022-11-18,6.66,6.65,6.74,6.60,104503,69733090.74,2.11,0.00,0.00,1.74
2022-11-21,6.60,6.71,6.74,6.53,93581,62461194.03,3.16,0.90,0.06,1.55
2022-11-22,6.70,6.51,6.71,6.50,123545,81347838.61,3.13,-2.98,-0.20,2.05
2022-11-23,6.51,6.56,6.58,6.39,88273,57283724.14,2.92,0.77,0.05,1.47
2022-11-24,6.59,6.64,6.69,6.54,95037,63018489.51,2.29,1.22,0.08,1.58
2022-11-25,6.64,6.47,6.64,6.44,92797,60407945.00,3.01,-2.56,-0.17,1.54
2022-11-28,6.46,6.38,6.46,6.33,79103,50401926.11,2.01,-1.39,-0.09,1.31
2022-11-29,6.37,6.52,6.53,6.36,87265,56342450.78,2.66,2.19,0.14,1.45
2022-11-30,6.52,6.53,6.61,6.50,90569,59320525.52,1.69,0.15,0.01,1.50
2022-12-01,6.60,6.52,6.62,6.51,74535,48985773.82,1.68,-0.15,-0.01,1.24
2022-12-02,6.52,6.57,6.59,6.51,55848,36611521.87,1.23,0.77,0.05,0.93
2022-12-05,6.59,6.64,6.69,6.56,100438,66474117.84,1.98,1.07,0.07,1.67
2022-12-06,6.61,6.60,6.63,6.57,84797,55916794.72,0.90,-0.60,-0.04,1.41
2022-12-07,6.60,6.59,6.64,6.56,72891,48087372.62,1.21,-0.15,-0.01,1.21
2022-12-08,6.57,6.53,6.60,6.52,56747,37206191.59,1.21,-0.91,-0.06,0.94
2022-12-09,6.54,6.47,6.57,6.45,78403,50900697.53,1.84,-0.92,-0.06,1.30
2022-12-12,6.47,6.43,6.53,6.38,84755,54466754.01,2.32,-0.62,-0.04,1.41
2022-12-13,6.42,6.38,6.46,6.38,61513,39394965.97,1.24,-0.78,-0.05,1.02
2022-12-14,6.38,6.36,6.40,6.35,49702,31684487.95,0.78,-0.31,-0.02,0.83
2022-12-15,6.36,6.47,6.48,6.35,60623,38987661.39,2.04,1.73,0.11,1.01
2022-12-16,6.46,6.32,6.46,6.32,61217,38943865.97,2.16,-2.32,-0.15,1.02
2022-12-19,6.30,6.16,6.34,6.11,67857,42052526.40,3.64,-2.53,-0.16,1.13
2022-12-20,6.14,6.20,6.24,6.14,40653,25192190.89,1.62,0.65,0.04,0.68
2022-12-21,6.19,6.11,6.21,6.09,43021,26409669.00,1.94,-1.45,-0.09,0.71
2022-12-22,6.14,5.97,6.15,5.94,66487,40107097.40,3.44,-2.29,-0.14,1.10
2022-12-23,5.93,5.93,6.01,5.90,45561,27087809.96,1.84,-0.67,-0.04,0.76
2022-12-26,5.96,6.13,6.13,5.94,56708,34474397.08,3.20,3.37,0.20,0.94
2022-12-27,6.12,6.17,6.18,6.09,60192,36977037.74,1.47,0.65,0.04,1.00
2022-12-28,6.12,6.12,6.14,6.08,41008,25026739.04,0.97,-0.81,-0.05,0.68
2022-12-29,6.09,5.98,6.11,5.97,46991,28336140.62,2.29,-2.29,-0.14,0.78
2022-12-30,6.01,6.05,6.09,5.99,33626,20341670.85,1.67,1.17,0.07,0.56