2008-01-02,1.33,1.38,1.40,1.33,24717,35578698.00,5.30,4.55,0.06,3.53
2008-01-03,1.38,1.39,1.42,1.36,19993,29006963.00,4.35,0.72,0.01,2.86
2008-01-04,1.39,1.35,1.39,1.33,20182,28767599.00,4.32,-2.88,-0.04,2.89
2008-01-07,1.35,1.42,1.43,1.33,26704,38368718.00,7.41,5.19,0.07,3.82
2008-01-08,1.42,1.34,1.45,1.34,23739,34442807.00,7.75,-5.63,-0.08,3.39
2008-01-09,1.34,1.37,1.39,1.33,14487,20702303.00,4.48,2.24,0.03,2.07
2008-01-10,1.38,1.36,1.41,1.35,20841,30082064.00,4.38,-0.73,-0.01,2.98
2008-01-11,1.36,1.33,1.36,1.29,24311,33955148.00,5.15,-2.21,-0.03,3.48
2008-01-14,1.32,1.36,1.37,1.32,23601,33559704.00,3.76,2.26,0.03,3.37
2008-01-15,1.36,1.41,1.44,1.35,27833,40655126.00,6.62,3.68,0.05,3.98
2008-01-16,1.40,1.42,1.44,1.38,32174,47374472.00,4.26,0.71,0.01,4.60
2008-01-17,1.42,1.46,1.51,1.32,44043,65620643.00,13.38,2.82,0.04,6.30
2008-01-18,1.46,1.56,1.57,1.41,55471,84837400.00,10.96,6.85,0.10,7.93
2008-01-21,1.58,1.47,1.66,1.46,58426,92982139.00,12.82,-5.77,-0.09,8.35
2008-01-22,1.39,1.26,1.43,1.26,44560,62530607.00,11.56,-14.29,-0.21,6.37
2008-01-23,1.26,1.32,1.34,1.17,39783,54444067.00,13.49,4.76,0.06,5.69
2008-01-24,1.32,1.34,1.38,1.28,31781,45015099.00,7.58,1.52,0.02,4.54
2008-01-25,1.35,1.31,1.37,1.30,25779,36426329.00,5.22,-2.24,-0.03,3.69
2008-01-28,1.29,1.12,1.31,1.12,26790,34988498.00,14.50,-14.50,-0.19,3.83
2008-01-29,1.13,1.21,1.22,1.10,19457,25103431.00,10.71,8.04,0.09,2.78
2008-01-30,1.21,1.23,1.25,1.17,14942,19704635.00,6.61,1.65,0.02,2.14
2008-01-31,1.24,1.14,1.24,1.13,12604,16384875.00,8.94,-7.32,-0.09,1.80
2008-02-01,1.10,1.04,1.13,1.00,17212,20846109.00,11.40,-8.77,-0.10,2.46
2008-02-04,1.09,1.20,1.21,1.07,18568,23720326.00,13.46,15.38,0.16,2.66
2008-02-05,1.17,1.19,1.22,1.14,10291,13457057.00,6.67,-0.83,-0.01,1.47
2008-02-13,1.15,1.21,1.25,1.15,10620,13979306.00,8.40,1.68,0.02,1.52
2008-02-14,1.25,1.22,1.25,1.20,8729,11589366.00,4.13,0.83,0.01,1.25
2008-02-15,1.22,1.21,1.22,1.16,10069,13126372.00,4.92,-0.82,-0.01,1.44
2008-02-18,1.23,1.24,1.27,1.21,13587,18272293.00,4.96,2.48,0.03,1.94
2008-02-19,1.24,1.30,1.33,1.23,17091,23616608.00,8.06,4.84,0.06,2.44
2008-02-20,1.30,1.26,1.32,1.25,12612,17346409.00,5.38,-3.08,-0.04,1.80
2008-02-21,1.25,1.28,1.29,1.22,15083,20469634.00,5.56,1.59,0.02,2.16
2008-02-22,1.26,1.25,1.31,1.23,12933,17603801.00,6.25,-2.34,-0.03,1.85
2008-02-25,1.26,1.16,1.26,1.15,11444,15028437.00,8.80,-7.20,-0.09,1.64
2008-02-26,1.20,1.19,1.23,1.11,8494,11032006.00,10.34,2.59,0.03,1.21
2008-02-27,1.21,1.22,1.23,1.18,8135,10811663.00,4.20,2.52,0.03,1.16
2008-02-28,1.24,1.23,1.24,1.20,6832,9092606.00,3.28,0.82,0.01,0.98
2008-02-29,1.23,1.25,1.26,1.22,9695,13072247.00,3.25,1.63,0.02,1.39
2008-03-03,1.25,1.33,1.33,1.25,18349,25486961.00,6.40,6.40,0.08,2.62
2008-03-04,1.35,1.30,1.35,1.29,14828,20715004.00,4.51,-2.26,-0.03,2.12
2008-03-05,1.29,1.32,1.33,1.25,12582,17276743.00,6.15,1.54,0.02,1.80
2008-03-06,1.33,1.34,1.38,1.32,16323,23184449.00,4.55,1.52,0.02,2.33
2008-03-07,1.32,1.28,1.33,1.27,9557,13185638.00,4.48,-4.48,-0.06,1.37
2008-03-10,1.27,1.26,1.30,1.25,9067,12395386.00,3.91,-1.56,-0.02,1.30
2008-03-11,1.27,1.36,1.36,1.22,17076,23741431.00,11.11,7.94,0.10,2.44
2008-03-12,1.39,1.32,1.39,1.30,21297,30402744.00,6.62,-2.94,-0.04,3.05
2008-03-13,1.29,1.36,1.36,1.27,22113,30931418.00,6.82,3.03,0.04,3.16
2008-03-14,1.34,1.32,1.36,1.29,17755,24975094.00,5.15,-2.94,-0.04,2.54
2008-03-17,1.31,1.13,1.31,1.13,18413,24168056.00,13.64,-14.39,-0.19,2.63
2008-03-18,1.06,0.95,1.10,0.95,16615,19540709.00,13.27,-15.93,-0.18,2.38
2008-03-19,1.00,1.01,1.05,0.96,10247,12053568.00,9.47,6.32,0.06,1.47
2008-03-20,1.00,1.08,1.10,0.93,10856,12874528.00,16.83,6.93,0.07,1.55
2008-03-21,1.08,1.12,1.13,1.06,8980,11139797.00,6.48,3.70,0.04,1.28
2008-03-24,1.17,1.29,1.29,1.17,20902,28400341.00,10.71,15.18,0.17,2.99
2008-03-25,1.48,1.43,1.49,1.32,118670,172455228.00,13.18,10.85,0.14,16.97
2008-03-26,1.41,1.43,1.55,1.41,83280,126037881.00,9.79,0.00,0.00,11.91
2008-03-27,1.39,1.40,1.49,1.37,59162,88018328.00,8.39,-2.10,-0.03,8.46
2008-03-28,1.41,1.48,1.49,1.30,58522,85326530.00,13.57,5.71,0.08,8.37
2008-03-31,1.41,1.35,1.46,1.33,35253,51194200.00,8.78,-8.78,-0.13,5.04
2008-04-01,1.34,1.24,1.39,1.22,31903,44040529.00,12.59,-8.15,-0.11,4.56
2008-04-02,1.26,1.23,1.34,1.16,31731,42855251.00,14.52,-0.81,-0.01,4.54
2008-04-03,1.18,1.31,1.33,1.14,27437,36884845.00,15.45,6.50,0.08,3.92
2008-04-07,1.25,1.50,1.50,1.23,60136,88524505.00,20.61,14.50,0.19,8.60
2008-04-08,1.49,1.54,1.56,1.44,71407,109521573.00,8.00,2.67,0.04,10.21
2008-04-09,1.54,1.35,1.59,1.34,68936,105081099.00,16.23,-12.34,-0.19,9.86
2008-04-10,1.31,1.46,1.46,1.27,49152,70681227.00,14.07,8.15,0.11,7.03
2008-04-11,1.47,1.46,1.51,1.42,39455,59411323.00,6.16,0.00,0.00,5.64
2008-04-14,1.41,1.29,1.41,1.28,33048,46779854.00,8.90,-11.64,-0.17,4.73
2008-04-15,1.29,1.35,1.37,1.19,29949,41114423.00,13.95,4.65,0.06,4.28
2008-04-16,1.32,1.22,1.33,1.22,23970,32704635.00,8.15,-9.63,-0.13,3.43
2008-04-17,1.19,1.06,1.25,1.06,34812,44541803.00,15.57,-13.11,-0.16,4.98
2008-04-18,1.05,1.07,1.16,1.04,25520,31675555.00,11.32,0.94,0.01,2.86
2008-04-21,1.17,0.99,1.19,0.99,36236,45233932.00,18.69,-7.48,-0.08,4.05
2008-04-22,0.96,0.93,0.96,0.83,30165,32816988.00,13.13,-6.06,-0.06,3.38
2008-04-23,0.90,1.00,1.03,0.88,26823,30570793.00,16.13,7.53,0.07,3.00
2008-04-24,1.04,1.16,1.16,0.84,223120,278439959.00,32.00,16.00,0.16,18.09
2008-04-25,1.11,1.18,1.26,1.08,141788,184197824.00,15.52,1.72,0.02,11.49
2008-04-29,1.14,1.17,1.25,1.14,63255,82820050.00,9.32,-0.85,-0.01,5.13
2008-04-30,1.18,1.23,1.24,1.18,68290,90467375.00,5.13,5.13,0.06,5.54
2008-05-05,1.25,1.33,1.33,1.23,81024,111186092.00,8.13,8.13,0.10,6.57
2008-05-06,1.30,1.29,1.33,1.26,67105,92738504.00,5.26,-3.01,-0.04,5.44
2008-05-07,1.29,1.23,1.36,1.23,65021,89962834.00,10.08,-4.65,-0.06,5.27
2008-05-08,1.28,1.39,1.41,1.28,96182,136279651.00,10.57,13.01,0.16,7.80
2008-05-09,1.39,1.37,1.43,1.30,81577,116953295.00,9.35,-1.44,-0.02,6.61
2008-05-12,1.35,1.42,1.45,1.28,78428,113285180.00,12.41,3.65,0.05,6.36
2008-05-13,1.34,1.31,1.40,1.30,79705,112476230.00,7.04,-7.75,-0.11,6.46
2008-05-14,1.33,1.32,1.38,1.31,52466,41226151.00,5.34,0.76,0.01,2.36
2008-05-15,1.33,1.35,1.37,1.28,100041,78107276.00,6.82,2.27,0.03,4.51
2008-05-16,1.34,1.24,1.35,1.21,84766,64549041.00,10.37,-8.15,-0.11,3.82
2008-05-19,1.24,1.21,1.26,1.15,53627,38945218.00,8.87,-2.42,-0.03,2.41
2008-05-20,1.21,1.04,1.24,1.02,81116,56803755.00,18.18,-14.05,-0.17,3.65
2008-05-21,1.04,1.10,1.12,0.97,90391,59865717.00,14.42,5.77,0.06,4.07
2008-05-22,1.05,1.04,1.10,1.04,50811,34386152.00,5.45,-5.45,-0.06,2.29
2008-05-23,1.05,1.10,1.14,1.01,62633,42646106.00,12.50,5.77,0.06,2.82
2008-05-26,1.08,1.05,1.08,1.03,34475,23082591.00,4.55,-4.55,-0.05,1.55
2008-05-27,1.02,1.04,1.07,1.02,20175,13428456.00,4.76,-0.95,-0.01,0.91
2008-05-28,1.06,1.07,1.08,1.02,35135,23594060.00,5.77,2.88,0.03,1.58
2008-05-29,1.08,1.00,1.08,1.00,31690,21016832.00,7.48,-6.54,-0.07,1.43
2008-05-30,1.01,0.98,1.02,0.94,33859,21714893.00,8.00,-2.00,-0.02,1.52
2008-06-02,0.97,0.97,1.00,0.96,24636,15747876.00,4.08,-1.02,-0.01,1.11
2008-06-03,0.99,1.00,1.01,0.97,24059,15500548.00,4.12,3.09,0.03,1.08
2008-06-04,0.98,0.95,0.99,0.95,20546,13020954.00,4.00,-5.00,-0.05,0.93
2008-06-05,0.95,0.95,0.97,0.94,19051,12021994.00,3.16,0.00,0.00,0.86
2008-06-06,0.96,1.02,1.04,0.96,45378,29521197.00,8.42,7.37,0.07,2.04
2008-06-10,0.94,0.85,0.97,0.85,35302,21419645.00,11.76,-16.67,-0.17,1.59
2008-06-11,0.82,0.76,0.85,0.72,33543,18776055.00,15.29,-10.59,-0.09,1.51
2008-06-12,0.76,0.74,0.77,0.69,38189,20639123.00,10.53,-2.63,-0.02,1.72
2008-06-13,0.75,0.68,0.77,0.66,26307,14065102.00,14.86,-8.11,-0.06,1.18
2008-06-16,0.68,0.65,0.70,0.63,22238,11390346.00,10.29,-4.41,-0.03,1.00
2008-06-17,0.66,0.53,0.67,0.53,25634,12623092.00,21.54,-18.46,-0.12,1.15
2008-06-19,0.60,0.51,0.65,0.51,124928,61227423.00,26.42,-3.77,-0.02,5.63
2008-06-20,0.49,0.52,0.60,0.42,86118,39223766.00,35.29,1.96,0.01,3.88
2008-06-23,0.49,0.46,0.53,0.45,37282,16595823.00,15.38,-11.54,-0.06,1.68
2008-06-24,0.46,0.52,0.52,0.45,30337,13579414.00,15.22,13.04,0.06,1.37
2008-06-25,0.51,0.60,0.63,0.51,56194,26955714.00,23.08,15.38,0.08,2.53
2008-06-26,0.61,0.60,0.63,0.56,54474,26575937.00,11.67,0.00,0.00,2.45
2008-06-27,0.54,0.49,0.55,0.48,52259,23727497.00,11.67,-18.33,-0.11,2.35
2008-06-30,0.46,0.48,0.50,0.45,24724,10875414.00,10.20,-2.04,-0.01,1.11
2008-07-01,0.48,0.48,0.51,0.48,18977,8447153.00,6.25,0.00,0.00,0.85
2008-07-02,0.48,0.51,0.53,0.48,16718,7553982.00,10.42,6.25,0.03,0.75
2008-07-03,0.50,0.55,0.58,0.48,36924,17278102.00,19.61,7.84,0.04,1.66
2008-07-04,0.56,0.53,0.57,0.53,25342,11859961.00,7.27,-3.64,-0.02,1.14
2008-07-07,0.54,0.61,0.61,0.54,39752,19239694.00,13.21,15.09,0.08,1.79
2008-07-08,0.63,0.64,0.65,0.58,45358,22389663.00,11.48,4.92,0.03,2.04
2008-07-09,0.64,0.69,0.70,0.62,62377,32211122.00,12.50,7.81,0.05,2.81
2008-07-10,0.67,0.65,0.71,0.65,57456,29782510.00,8.70,-5.80,-0.04,2.59
2008-07-11,0.67,0.72,0.73,0.65,98610,51671674.00,12.31,10.77,0.07,4.44
2008-07-14,0.71,0.72,0.73,0.68,53831,28678700.00,6.94,0.00,0.00,2.42
2008-07-15,0.72,0.65,0.75,0.64,62546,32807804.00,15.28,-9.72,-0.07,2.82
2008-07-16,0.63,0.55,0.63,0.53,42024,20309409.00,15.38,-15.38,-0.10,1.89
2008-07-17,0.58,0.54,0.60,0.53,22773,10850304.00,12.73,-1.82,-0.01,1.03
2008-07-18,0.54,0.60,0.61,0.54,26036,12471774.00,12.96,11.11,0.06,1.17
2008-07-21,0.60,0.66,0.67,0.58,34928,17585306.00,15.00,10.00,0.06,1.57
2008-07-22,0.66,0.67,0.70,0.65,38278,19880378.00,7.58,1.52,0.01,1.72
2008-07-23,0.68,0.65,0.69,0.64,38209,19808839.00,7.46,-2.99,-0.02,1.72
2008-07-24,0.68,0.69,0.69,0.65,32022,16637688.00,6.15,6.15,0.04,1.44
2008-07-25,0.67,0.67,0.68,0.65,22441,11592634.00,4.35,-2.90,-0.02,1.01
2008-07-28,0.68,0.71,0.71,0.68,38670,20492969.00,4.48,5.97,0.04,1.74
2008-07-29,0.70,0.67,0.70,0.66,32144,16691775.00,5.63,-5.63,-0.04,1.45
2008-07-30,0.69,0.71,0.72,0.67,50872,26838467.00,7.46,5.97,0.04,2.29
2008-07-31,0.72,0.67,0.73,0.66,52107,27625856.00,9.86,-5.63,-0.04,2.35
2008-08-01,0.65,0.67,0.68,0.57,59587,29846371.00,16.42,0.00,0.00,2.68
2008-08-04,0.65,0.64,0.70,0.63,46573,24082387.00,10.45,-4.48,-0.03,2.10
2008-08-05,0.65,0.65,0.69,0.64,38743,19863014.00,7.81,1.56,0.01,1.74
2008-08-06,0.66,0.63,0.67,0.60,31810,16022460.00,10.77,-3.08,-0.02,1.43
2008-08-07,0.60,0.62,0.65,0.60,25185,12547532.00,7.94,-1.59,-0.01,1.13
2008-08-08,0.64,0.54,0.66,0.53,37176,18328873.00,20.97,-12.90,-0.08,1.67
2008-08-11,0.55,0.43,0.57,0.43,33664,14729901.00,25.93,-20.37,-0.11,1.52
2008-08-12,0.43,0.41,0.44,0.38,18764,7795305.00,13.95,-4.65,-0.02,0.84
2008-08-13,0.41,0.41,0.43,0.36,17084,6951623.00,17.07,0.00,0.00,0.77
2008-08-14,0.41,0.41,0.43,0.39,10301,4272382.00,9.76,0.00,0.00,0.46
2008-08-15,0.42,0.41,0.43,0.40,12132,5064095.00,7.32,0.00,0.00,0.55
2008-08-18,0.42,0.35,0.43,0.34,21294,8503897.00,21.95,-14.63,-0.06,0.96
2008-08-19,0.35,0.35,0.37,0.33,14285,5596366.00,11.43,0.00,0.00,0.64
2008-08-20,0.35,0.44,0.45,0.34,33901,14082278.00,31.43,25.71,0.09,1.53
2008-08-21,0.41,0.40,0.45,0.39,27361,11441279.00,13.64,-9.09,-0.04,1.23
2008-08-22,0.40,0.38,0.40,0.35,19483,7785510.00,12.50,-5.00,-0.02,0.88
2008-08-25,0.38,0.37,0.39,0.36,13133,5272284.00,7.89,-2.63,-0.01,0.59
2008-08-26,0.37,0.33,0.38,0.32,18595,7203186.00,16.22,-10.81,-0.04,0.84
2008-08-27,0.33,0.34,0.35,0.32,14988,5756685.00,9.09,3.03,0.01,0.67
2008-08-28,0.34,0.34,0.35,0.33,12784,4942427.00,5.88,0.00,0.00,0.58
2008-08-29,0.35,0.37,0.39,0.34,18764,7393907.00,14.71,8.82,0.03,0.84
2008-09-01,0.36,0.39,0.39,0.34,25034,9851038.00,13.51,5.41,0.02,1.13
2008-09-02,0.39,0.44,0.47,0.38,88800,37423771.00,23.08,12.82,0.05,4.00
2008-09-03,0.43,0.41,0.44,0.38,47413,19525702.00,13.64,-6.82,-0.03,2.14
2008-09-04,0.40,0.41,0.42,0.38,21956,9006615.00,9.76,0.00,0.00,0.99
2008-09-05,0.38,0.33,0.39,0.33,27472,10833733.00,14.63,-19.51,-0.08,1.24
2008-09-08,0.30,0.28,0.34,0.28,24165,8992587.00,18.18,-15.15,-0.05,1.09
2008-09-09,0.30,0.30,0.31,0.28,13990,5146849.00,10.71,7.14,0.02,0.63
2008-09-10,0.30,0.31,0.33,0.29,19275,7218044.00,13.33,3.33,0.01,0.87
2008-09-11,0.30,0.29,0.32,0.28,17689,6499218.00,12.90,-6.45,-0.02,0.80
2008-09-12,0.30,0.30,0.31,0.28,10563,3890260.00,10.34,3.45,0.01,0.48
2008-09-16,0.31,0.30,0.32,0.28,18496,6849620.00,13.33,0.00,0.00,0.83
2008-09-17,0.30,0.27,0.31,0.26,14624,5334282.00,16.67,-10.00,-0.03,0.66
2008-09-18,0.25,0.23,0.27,0.19,27436,9350175.00,29.63,-14.81,-0.04,1.24
2008-09-19,0.32,0.32,0.32,0.28,23824,8916433.00,17.39,39.13,0.09,1.07
2008-09-22,0.38,0.36,0.41,0.33,63788,25278282.00,25.00,12.50,0.04,2.87
2008-09-23,0.34,0.28,0.34,0.28,30330,11240135.00,16.67,-22.22,-0.08,1.37
2008-09-24,0.26,0.30,0.30,0.26,21511,7750960.00,14.29,7.14,0.02,0.97
2008-09-25,0.31,0.31,0.33,0.29,29228,10941926.00,13.33,3.33,0.01,1.32
2008-09-26,0.31,0.30,0.33,0.28,24546,9055781.00,16.13,-3.23,-0.01,1.11
2008-10-06,0.29,0.25,0.29,0.25,18001,6382020.00,13.33,-16.67,-0.05,0.81
2008-10-07,0.23,0.24,0.25,0.22,13565,4650940.00,12.00,-4.00,-0.01,0.61
2008-10-08,0.23,0.22,0.24,0.21,8752,2963424.00,12.50,-8.33,-0.02,0.39
2008-10-09,0.25,0.21,0.25,0.21,12141,4113689.00,18.18,-4.55,-0.01,0.55
2008-10-10,0.19,0.15,0.19,0.15,18214,5724422.00,19.05,-28.57,-0.06,0.82
2008-10-13,0.14,0.17,0.17,0.11,15306,4644366.00,40.00,13.33,0.02,0.69
2008-10-14,0.19,0.14,0.20,0.14,21463,6881630.00,35.29,-17.65,-0.03,0.97
2008-10-15,0.14,0.13,0.15,0.12,12443,3749143.00,21.43,-7.14,-0.01,0.56
2008-10-16,0.10,0.09,0.11,0.08,14226,4113893.00,23.08,-30.77,-0.04,0.64
2008-10-17,0.10,0.10,0.11,0.10,10848,3157024.00,11.11,11.11,0.01,0.49
2008-10-20,0.11,0.13,0.13,0.10,10583,3133223.00,30.00,30.00,0.03,0.48
2008-10-21,0.14,0.13,0.14,0.12,18507,5597367.00,15.38,0.00,0.00,0.83
2008-10-22,0.12,0.12,0.13,0.11,10712,3205878.00,15.38,-7.69,-0.01,0.48
2008-10-23,0.10,0.13,0.13,0.09,13333,3890127.00,33.33,8.33,0.01,0.60
2008-10-24,0.13,0.14,0.16,0.12,29856,9156848.00,30.77,7.69,0.01,1.34
2008-10-27,0.13,0.09,0.14,0.09,31740,9458243.00,35.71,-35.71,-0.05,1.43
2008-10-28,0.09,0.14,0.14,0.08,29288,8638960.00,66.67,55.56,0.05,1.32
2008-10-29,0.14,0.11,0.15,0.11,23609,7102363.00,28.57,-21.43,-0.03,1.06
2008-10-30,0.12,0.13,0.14,0.11,23012,6911965.00,27.27,18.18,0.02,1.04
2008-10-31,0.13,0.13,0.13,0.11,19114,5695801.00,15.38,0.00,0.00,0.86
2008-11-03,0.13,0.15,0.16,0.13,64143,19890818.00,23.08,15.38,0.02,2.89
2008-11-04,0.15,0.14,0.15,0.12,31069,9374195.00,20.00,-6.67,-0.01,1.40
2008-11-05,0.14,0.16,0.17,0.14,43629,13563940.00,21.43,14.29,0.02,1.96
2008-11-06,0.14,0.13,0.14,0.12,32738,9871028.00,12.50,-18.75,-0.03,1.47
2008-11-07,0.11,0.13,0.14,0.10,22746,6823266.00,30.77,0.00,0.00,1.02
2008-11-10,0.14,0.19,0.19,0.14,64300,20446045.00,38.46,46.15,0.06,2.90
2008-11-11,0.18,0.17,0.20,0.16,63403,20396969.00,21.05,-10.53,-0.02,2.86
2008-11-12,0.16,0.20,0.20,0.16,48386,15640172.00,23.53,17.65,0.03,2.18
2008-11-13,0.19,0.23,0.25,0.18,81587,27656742.00,35.00,15.00,0.03,3.67
2008-11-14,0.24,0.31,0.31,0.22,152507,54631510.00,39.13,34.78,0.08,6.87
2008-11-17,0.34,0.41,0.41,0.32,237973,94479406.00,29.03,32.26,0.10,10.72
2008-11-18,0.38,0.30,0.41,0.30,148973,57868845.00,26.83,-26.83,-0.11,6.71
2008-11-19,0.29,0.36,0.38,0.28,100315,38638969.00,33.33,20.00,0.06,4.52
2008-11-20,0.34,0.34,0.38,0.33,89031,34519929.00,13.89,-5.56,-0.02,4.01
2008-11-21,0.32,0.33,0.35,0.27,90444,33858861.00,23.53,-2.94,-0.01,4.07
2008-11-24,0.33,0.28,0.33,0.27,47730,17704041.00,18.18,-15.15,-0.05,2.15
2008-11-25,0.30,0.27,0.31,0.24,32331,11569983.00,25.00,-3.57,-0.01,1.46
2008-11-26,0.27,0.28,0.29,0.26,24151,8702930.00,11.11,3.70,0.01,1.09
2008-11-27,0.35,0.28,0.35,0.28,76031,28501838.00,25.00,0.00,0.00,3.42
2008-11-28,0.26,0.27,0.30,0.26,36090,13071694.00,14.29,-3.57,-0.01,1.63
2008-12-01,0.27,0.33,0.34,0.27,69928,26252144.00,25.93,22.22,0.06,3.15
2008-12-02,0.31,0.37,0.38,0.30,120561,46805375.00,24.24,12.12,0.04,5.43
2008-12-03,0.37,0.39,0.39,0.36,120956,48432738.00,8.11,5.41,0.02,5.45
2008-12-04,0.39,0.37,0.42,0.35,138846,56794039.00,17.95,-5.13,-0.02,6.25
2008-12-05,0.36,0.40,0.40,0.35,68566,27695226.00,13.51,8.11,0.03,3.09
2008-12-08,0.41,0.50,0.50,0.40,134509,58033127.00,25.00,25.00,0.10,6.06
2008-12-09,0.48,0.53,0.57,0.45,236090,106999632.00,24.00,6.00,0.03,10.63
2008-12-10,0.50,0.52,0.54,0.47,115957,52577306.00,13.21,-1.89,-0.01,5.22
2008-12-11,0.52,0.44,0.54,0.44,95347,42180073.00,19.23,-15.38,-0.08,4.29
2008-12-12,0.44,0.40,0.46,0.37,72740,30163637.00,20.45,-9.09,-0.04,3.28
2008-12-15,0.41,0.43,0.44,0.40,43535,18142902.00,10.00,7.50,0.03,1.96
2008-12-16,0.41,0.42,0.43,0.37,52287,21334978.00,13.95,-2.33,-0.01,2.35
2008-12-17,0.42,0.45,0.48,0.41,76972,32844409.00,16.67,7.14,0.03,3.47
2008-12-18,0.45,0.46,0.47,0.42,57053,24453138.00,11.11,2.22,0.01,2.57
2008-12-19,0.46,0.49,0.52,0.44,90704,40397972.00,17.39,6.52,0.03,4.08
2008-12-22,0.49,0.55,0.56,0.48,167360,77196457.00,16.33,12.24,0.06,7.54
2008-12-23,0.55,0.46,0.55,0.43,88966,39533265.00,21.82,-16.36,-0.09,4.01
2008-12-24,0.45,0.44,0.47,0.43,45908,19657145.00,8.70,-4.35,-0.02,2.07
2008-12-25,0.45,0.47,0.50,0.45,82040,36095494.00,11.36,6.82,0.03,3.69
2008-12-26,0.47,0.44,0.49,0.43,57591,24972324.00,12.77,-6.38,-0.03,2.59
2008-12-29,0.43,0.39,0.44,0.37,66799,27102873.00,15.91,-11.36,-0.05,3.01
2008-12-30,0.39,0.39,0.42,0.38,37145,15166987.00,10.26,0.00,0.00,1.67
2008-12-31,0.40,0.39,0.42,0.35,48173,19422981.00,17.95,0.00,0.00,2.17