2011-01-04,5.39,5.43,5.43,5.37,18521,31653227.63,1.11,0.74,0.04,2.32
2011-01-05,5.42,5.38,5.45,5.37,15736,26856348.70,1.47,-0.92,-0.05,1.97
2011-01-06,5.37,5.35,5.42,5.35,14176,24133198.58,1.30,-0.56,-0.03,1.77
2011-01-07,5.35,5.31,5.39,5.27,18878,31836051.60,2.24,-0.75,-0.04,2.36
2011-01-10,5.33,5.21,5.33,5.19,16195,27069602.00,2.64,-1.88,-0.10,2.02
2011-01-11,5.18,5.22,5.24,5.16,11177,18494720.31,1.54,0.19,0.01,1.40
2011-01-12,5.22,5.23,5.26,5.16,11528,19099107.26,1.92,0.19,0.01,1.44
2011-01-13,5.27,5.27,5.34,5.25,12276,20618388.21,1.72,0.76,0.04,1.53
2011-01-14,5.25,5.14,5.25,5.14,13747,22668324.17,2.09,-2.47,-0.13,1.72
2011-01-17,5.14,4.80,5.14,4.77,20844,32951346.26,7.20,-6.61,-0.34,2.61
2011-01-18,4.71,4.76,4.78,4.71,9228,14150185.15,1.46,-0.83,-0.04,1.15
2011-01-19,4.80,4.85,4.85,4.73,10527,16277986.33,2.52,1.89,0.09,1.32
2011-01-20,4.85,4.54,4.85,4.54,16216,24524406.45,6.39,-6.39,-0.31,2.03
2011-01-21,4.52,4.56,4.62,4.43,11224,16606369.26,4.19,0.44,0.02,1.40
2011-01-24,4.56,4.42,4.56,4.41,10660,15613906.83,3.29,-3.07,-0.14,1.33
2011-01-25,4.41,4.32,4.45,4.26,10610,15075280.44,4.30,-2.26,-0.10,1.33
2011-01-26,4.31,4.41,4.42,4.31,9279,13354312.60,2.55,2.08,0.09,1.16
2011-01-28,4.48,4.57,4.58,4.46,18987,28064055.21,2.72,3.63,0.16,2.37
2011-01-31,4.54,4.60,4.63,4.53,10991,16390584.00,2.19,0.66,0.03,1.37
2011-02-01,4.60,4.59,4.62,4.56,8439,12576054.58,1.30,-0.22,-0.01,1.05
2011-02-09,4.57,4.59,4.64,4.57,9016,13482207.92,1.53,0.00,0.00,1.13
2011-02-10,4.58,4.74,4.76,4.55,14042,21246907.06,4.58,3.27,0.15,1.76
2011-02-11,4.74,4.78,4.81,4.73,15511,23919595.33,1.69,0.84,0.04,1.94
2011-02-14,4.80,4.83,4.84,4.74,18970,29342663.58,2.09,1.05,0.05,2.37
2011-02-15,4.83,4.78,4.87,4.77,19600,30421891.71,2.07,-1.04,-0.05,2.45
2011-02-16,4.77,4.88,4.88,4.75,15791,24599274.08,2.72,2.09,0.10,1.97
2011-02-17,4.87,4.91,4.93,4.84,18338,28811401.25,1.84,0.61,0.03,2.29
2011-02-18,4.91,4.80,4.92,4.80,14866,23160507.12,2.44,-2.24,-0.11,1.86
2011-02-21,4.77,4.87,4.87,4.74,13194,20485152.54,2.71,1.46,0.07,1.65
2011-02-22,4.87,4.68,4.89,4.66,19391,29880484.55,4.72,-3.90,-0.19,2.42
2011-02-23,4.68,4.73,4.75,4.63,11457,17447340.15,2.56,1.07,0.05,1.43
2011-02-24,4.73,4.76,4.78,4.70,13024,19946473.92,1.69,0.63,0.03,1.63
2011-02-25,4.75,4.79,4.81,4.70,14235,21888888.26,2.31,0.63,0.03,1.78
2011-02-28,4.80,4.92,4.97,4.80,24701,39016857.06,3.55,2.71,0.13,3.09
2011-03-01,4.94,4.92,4.95,4.85,18852,29729166.12,2.03,0.00,0.00,2.36
2011-03-02,4.91,4.88,4.91,4.82,14305,22369872.78,1.83,-0.81,-0.04,1.79
2011-03-03,4.88,4.77,4.90,4.77,13163,20501257.64,2.66,-2.25,-0.11,1.65
2011-03-04,4.77,4.84,4.86,4.77,9786,15182047.65,1.89,1.47,0.07,1.22
2011-03-07,4.84,4.91,4.92,4.83,17015,26761868.28,1.86,1.45,0.07,2.13
2011-03-08,4.91,4.98,4.99,4.89,22076,34971604.36,2.04,1.43,0.07,2.76
2011-03-09,5.00,4.95,5.03,4.94,18667,29754935.64,1.81,-0.60,-0.03,2.33
2011-03-10,4.96,4.94,4.97,4.88,16680,26407848.81,1.82,-0.20,-0.01,2.08
2011-03-11,4.98,5.12,5.22,4.98,64841,105940116.43,4.86,3.64,0.18,8.11
2011-03-14,5.16,5.13,5.24,5.07,35208,57677649.06,3.32,0.20,0.01,4.40
2011-03-15,5.14,4.99,5.15,4.92,29716,47559129.00,4.48,-2.73,-0.14,3.71
2011-03-16,5.00,5.06,5.09,5.00,19834,32085112.77,1.80,1.40,0.07,2.48
2011-03-17,5.02,4.91,5.02,4.90,18798,29795469.61,2.37,-2.96,-0.15,2.35
2011-03-18,4.94,4.96,4.99,4.92,10704,17000582.09,1.43,1.02,0.05,1.34
2011-03-21,4.96,4.96,4.99,4.93,7944,12620485.11,1.21,0.00,0.00,0.99
2011-03-22,4.98,4.96,4.98,4.86,10579,16734380.28,2.42,0.00,0.00,1.32
2011-03-23,4.96,5.21,5.23,4.92,51323,83958680.87,6.25,5.04,0.25,6.42
2011-03-24,5.20,5.13,5.24,5.12,39572,65141307.57,2.30,-1.54,-0.08,4.95
2011-03-25,5.16,5.12,5.16,5.09,17520,28621864.58,1.36,-0.19,-0.01,2.19
2011-03-28,5.13,5.04,5.20,5.03,25087,40773095.28,3.32,-1.56,-0.08,3.14
2011-03-29,5.01,4.97,5.06,4.96,18656,29883083.44,1.98,-1.39,-0.07,2.33
2011-03-30,4.96,4.92,5.00,4.89,12367,19607903.37,2.21,-1.01,-0.05,1.55
2011-03-31,4.92,4.81,4.98,4.81,13920,21840150.90,3.46,-2.24,-0.11,1.74
2011-04-01,4.81,4.87,4.88,4.79,8576,13349671.85,1.87,1.25,0.06,1.07
2011-04-06,4.86,4.84,4.88,4.83,8646,13510921.27,1.03,-0.62,-0.03,1.08
2011-04-07,4.84,4.92,4.93,4.81,9982,15609127.21,2.48,1.65,0.08,1.25
2011-04-11,4.96,4.87,4.99,4.86,13347,21100758.23,2.64,-1.02,-0.05,1.67
2011-04-12,4.84,4.82,4.88,4.81,10969,17076052.75,1.44,-1.03,-0.05,1.37
2011-04-13,4.82,4.89,4.90,4.76,9625,14943683.59,2.90,1.45,0.07,1.20
2011-04-14,4.89,4.86,4.89,4.84,7588,11880961.10,1.02,-0.61,-0.03,0.95
2011-04-15,4.85,4.82,4.86,4.78,10180,15789252.51,1.65,-0.82,-0.04,1.27
2011-04-18,4.81,4.78,4.81,4.77,9655,14900702.37,0.83,-0.83,-0.04,1.21
2011-04-19,4.79,4.69,4.79,4.67,13911,21159131.86,2.51,-1.88,-0.09,1.74
2011-04-20,4.69,4.73,4.75,4.69,6244,9539086.34,1.28,0.85,0.04,0.78
2011-04-21,4.73,4.79,4.79,4.73,9175,14117693.55,1.27,1.27,0.06,1.15
2011-04-22,4.79,4.86,4.88,4.73,16952,26268826.62,3.13,1.46,0.07,2.12
2011-04-25,4.86,4.76,4.90,4.76,14451,22536026.69,2.88,-2.06,-0.10,1.81
2011-04-26,4.77,4.62,4.80,4.53,13024,19576436.94,5.67,-2.94,-0.14,1.63
2011-04-27,4.62,4.51,4.64,4.47,6646,9868997.43,3.68,-2.38,-0.11,0.83
2011-04-28,4.52,4.31,4.57,4.26,14479,20804389.49,6.87,-4.43,-0.20,1.81
2011-04-29,4.31,4.38,4.38,4.31,6239,8915564.32,1.62,1.62,0.07,0.78
2011-05-03,4.39,4.43,4.43,4.36,4323,6236393.79,1.60,1.14,0.05,0.54
2011-05-04,4.43,4.30,4.45,4.28,6863,9835605.52,3.84,-2.93,-0.13,0.86
2011-05-05,4.36,4.33,4.38,4.26,4913,6976917.64,2.79,0.70,0.03,0.61
2011-05-06,4.31,4.34,4.38,4.28,3865,5504481.36,2.31,0.23,0.01,0.48
2011-05-09,4.34,4.39,4.40,4.34,3033,4359409.71,1.38,1.15,0.05,0.38
2011-05-10,4.41,4.40,4.41,4.36,3898,5605417.43,1.14,0.23,0.01,0.49
2011-05-11,4.40,4.40,4.43,4.37,4629,6673945.99,1.36,0.00,0.00,0.58
2011-05-12,4.39,4.36,4.46,4.36,5809,8371306.09,2.27,-0.91,-0.04,0.73
2011-05-13,4.36,4.49,4.49,4.36,8585,12449688.57,2.98,2.98,0.13,1.07
2011-05-16,4.49,4.49,4.62,4.45,10672,15726777.99,3.79,0.00,0.00,1.33
2011-05-17,4.50,4.48,4.54,4.45,7360,10773593.51,2.00,-0.22,-0.01,0.92
2011-05-18,4.49,4.51,4.53,4.48,5068,7455256.14,1.12,0.67,0.03,0.63
2011-05-19,4.52,4.47,4.56,4.46,7388,10857390.65,2.22,-0.89,-0.04,0.92
2011-05-20,4.32,4.33,4.46,4.32,8070,9531746.65,3.13,-3.13,-0.14,0.84
2011-05-23,4.33,4.03,4.33,4.03,11449,12903177.51,6.93,-6.93,-0.30,1.19
2011-05-24,4.02,4.08,4.11,4.02,6874,7627428.44,2.23,1.24,0.05,0.72
2011-05-25,4.06,3.92,4.08,3.90,6298,6908197.64,4.41,-3.92,-0.16,0.66
2011-05-26,3.92,3.85,3.99,3.85,6198,6668969.27,3.57,-1.79,-0.07,0.65
2011-05-27,3.88,3.58,3.88,3.55,14240,14479581.65,8.57,-7.01,-0.27,1.48
2011-05-30,3.58,3.66,3.69,3.53,10196,10360546.15,4.47,2.23,0.08,1.06
2011-05-31,3.57,3.71,3.74,3.57,6379,6563542.16,4.64,1.37,0.05,0.66
2011-06-01,3.71,3.81,3.85,3.67,9843,10257661.73,4.85,2.70,0.10,1.03
2011-06-02,3.76,3.80,3.84,3.74,9685,10150838.31,2.62,-0.26,-0.01,1.01
2011-06-03,3.82,3.88,3.89,3.78,6438,6831068.25,2.89,2.11,0.08,0.67
2011-06-07,3.86,3.97,4.00,3.83,9457,10265315.60,4.38,2.32,0.09,0.99
2011-06-08,3.96,3.95,3.97,3.88,4943,5330607.07,2.27,-0.50,-0.02,0.51
2011-06-09,3.95,4.13,4.33,3.93,59497,66877150.22,10.13,4.56,0.18,6.20
2011-06-10,4.04,4.06,4.11,3.88,30144,33011476.50,5.57,-1.69,-0.07,3.14
2011-06-13,3.97,4.09,4.18,3.92,17753,19396753.46,6.40,0.74,0.03,1.85
2011-06-14,4.09,3.88,4.23,3.88,38963,42763401.43,8.56,-5.13,-0.21,4.06
2011-06-15,3.88,3.76,3.92,3.75,19890,20933500.84,4.38,-3.09,-0.12,2.07
2011-06-16,3.74,3.58,3.74,3.58,11672,11906003.19,4.26,-4.79,-0.18,1.22
2011-06-17,3.63,3.63,3.69,3.56,8426,8548735.54,3.63,1.40,0.05,0.88
2011-06-20,3.62,3.65,3.67,3.57,6331,6407055.88,2.75,0.55,0.02,0.66
2011-06-21,3.65,3.70,3.71,3.62,8946,9128480.46,2.47,1.37,0.05,0.93
2011-06-22,3.70,3.65,3.71,3.60,7762,7894709.46,2.97,-1.35,-0.05,0.81
2011-06-23,3.61,3.74,3.76,3.61,10937,11287525.87,4.11,2.47,0.09,1.14
2011-06-24,3.75,3.85,3.86,3.72,15462,16322435.67,3.74,2.94,0.11,1.61
2011-06-27,3.86,3.88,3.91,3.82,15705,16774806.86,2.34,0.78,0.03,1.64
2011-06-28,3.82,3.90,3.92,3.82,12194,13062099.98,2.58,0.52,0.02,1.27
2011-06-29,3.88,3.81,3.92,3.78,15211,16238770.12,3.59,-2.31,-0.09,1.58
2011-06-30,3.81,3.85,3.87,3.80,8286,8797642.88,1.84,1.05,0.04,0.86
2011-07-01,3.87,3.90,3.92,3.84,12336,13193650.69,2.08,1.30,0.05,1.28
2011-07-04,3.87,3.97,3.98,3.87,15290,16602188.00,2.82,1.79,0.07,1.59
2011-07-05,3.99,3.97,3.99,3.92,13032,14149685.71,1.76,0.00,0.00,1.36
2011-07-06,3.94,3.96,3.97,3.90,12658,13689637.22,1.76,-0.25,-0.01,1.32
2011-07-07,3.97,3.94,4.02,3.94,15540,16941786.26,2.02,-0.51,-0.02,1.62
2011-07-08,3.94,3.89,3.94,3.86,12283,13168171.75,2.03,-1.27,-0.05,1.28
2011-07-11,3.87,3.94,3.95,3.86,10994,11847936.70,2.31,1.29,0.05,1.15
2011-07-12,3.88,3.87,3.94,3.86,11045,11848501.21,2.03,-1.78,-0.07,1.15
2011-07-13,3.87,4.00,4.02,3.85,17778,19305237.75,4.39,3.36,0.13,1.85
2011-07-14,4.01,4.09,4.09,4.01,23719,26301230.28,2.00,2.25,0.09,2.47
2011-07-15,4.06,4.09,4.13,4.04,14638,16335805.85,2.20,0.00,0.00,1.52
2011-07-18,4.13,4.04,4.13,4.02,12368,13768879.34,2.69,-1.22,-0.05,1.29
2011-07-19,4.02,3.94,4.02,3.93,10971,11912567.35,2.23,-2.48,-0.10,1.14
2011-07-20,3.97,4.00,4.03,3.93,9401,10264240.44,2.54,1.52,0.06,0.98
2011-07-21,3.93,3.91,4.01,3.91,9266,10009987.28,2.50,-2.25,-0.09,0.97
2011-07-22,3.92,3.87,3.95,3.86,10702,11505078.90,2.30,-1.02,-0.04,1.11
2011-07-25,3.87,3.66,3.87,3.65,15117,15637379.40,5.68,-5.43,-0.21,1.57
2011-07-26,3.68,3.68,3.70,3.64,5022,5133854.43,1.64,0.55,0.02,0.52
2011-07-28,3.68,3.72,3.77,3.68,11358,11766682.89,2.45,1.09,0.04,1.18
2011-07-29,3.72,3.66,3.72,3.65,8796,9000019.17,1.88,-1.61,-0.06,0.92
2011-08-01,3.65,3.70,3.71,3.58,7806,7977661.15,3.55,1.09,0.04,0.81
2011-08-02,3.70,3.66,3.70,3.60,7120,7228711.94,2.70,-1.08,-0.04,0.74
2011-08-03,3.63,3.89,3.90,3.61,34313,36304364.46,7.92,6.28,0.23,3.57
2011-08-04,3.89,3.82,3.95,3.77,17939,19048196.48,4.63,-1.80,-0.07,1.87
2011-08-05,3.70,3.69,3.76,3.63,10609,10937493.35,3.40,-3.40,-0.13,1.11
2011-08-08,3.63,3.36,3.66,3.30,17352,17023111.90,9.76,-8.94,-0.33,1.81
2011-08-09,3.27,3.31,3.37,3.18,16458,15295882.91,5.65,-1.49,-0.05,1.71
2011-08-10,3.36,3.34,3.42,3.33,9858,9441432.89,2.72,0.91,0.03,1.03
2011-08-11,3.24,3.40,3.40,3.21,12957,12262897.05,5.69,1.80,0.06,1.35
2011-08-12,3.43,3.45,3.50,3.41,10742,10482514.00,2.65,1.47,0.05,1.12
2011-08-15,3.48,3.50,3.51,3.43,12704,12417909.00,2.32,1.45,0.05,1.32
2011-08-16,3.51,3.46,3.51,3.43,9667,9430132.00,2.29,-1.14,-0.04,1.01
2011-08-17,3.44,3.39,3.45,3.38,10764,10384576.00,2.02,-2.02,-0.07,1.12
2011-08-18,3.26,3.54,3.81,3.26,48882,49525604.00,16.22,4.42,0.15,0.91
2011-08-19,3.34,3.30,3.44,3.25,47459,44984273.00,5.37,-6.78,-0.24,0.88
2011-08-22,3.25,3.33,3.38,3.25,45850,43250328.00,3.94,0.91,0.03,0.85
2011-08-23,3.37,3.35,3.37,3.27,52280,49219809.00,3.00,0.60,0.02,0.97
2011-08-24,3.37,3.30,3.38,3.29,65459,61848453.00,2.69,-1.49,-0.05,1.22
2011-08-25,3.30,3.38,3.40,3.17,102165,95595959.00,6.97,2.42,0.08,1.90
2011-08-26,3.34,3.51,3.53,3.31,124433,120338786.00,6.51,3.85,0.13,2.32
2011-08-29,3.48,3.54,3.67,3.44,122317,121905111.00,6.55,0.85,0.03,2.28
2011-08-30,3.56,3.62,3.65,3.53,122144,122503838.00,3.39,2.26,0.08,2.28
2011-08-31,3.63,3.57,3.64,3.54,69553,69826849.00,2.76,-1.38,-0.05,1.30
2011-09-01,3.58,3.51,3.60,3.45,83279,82109322.00,4.20,-1.68,-0.06,1.55
2011-09-02,3.49,3.44,3.53,3.37,48121,46717830.00,4.56,-1.99,-0.07,0.90
2011-09-05,3.39,3.30,3.40,3.29,30074,28581039.00,3.20,-4.07,-0.14,0.56
2011-09-06,3.27,3.10,3.27,3.09,60032,54661133.00,5.45,-6.06,-0.20,1.12
2011-09-07,3.11,3.19,3.19,3.08,38817,35130277.00,3.55,2.90,0.09,0.72
2011-09-08,3.20,3.13,3.23,3.12,29240,26771205.00,3.45,-1.88,-0.06,0.54
2011-09-09,3.12,3.15,3.20,3.11,20816,18844629.00,2.88,0.64,0.02,0.39
2011-09-13,3.08,3.00,3.10,2.97,28359,24952297.00,4.13,-4.76,-0.15,0.53
2011-09-14,3.02,3.09,3.09,2.97,18520,16332167.00,4.00,3.00,0.09,0.35
2011-09-15,3.10,3.13,3.15,3.07,25258,22749445.00,2.59,1.29,0.04,0.47
2011-09-16,3.14,3.12,3.16,3.11,18847,17006214.00,1.60,-0.32,-0.01,0.35
2011-09-19,3.12,3.03,3.12,3.03,13359,11820412.00,2.88,-2.88,-0.09,0.25
2011-09-20,3.03,3.05,3.08,2.99,13270,11718640.00,2.97,0.66,0.02,0.25
2011-09-21,3.05,3.17,3.17,3.03,34917,31508741.00,4.59,3.93,0.12,0.65
2011-09-22,3.13,3.00,3.15,3.00,28437,25342343.00,4.73,-5.36,-0.17,0.53
2011-09-23,2.95,2.95,2.98,2.90,19974,17175629.00,2.67,-1.67,-0.05,0.37
2011-09-26,2.94,2.91,3.01,2.89,16288,14051153.00,4.07,-1.36,-0.04,0.30
2011-09-27,2.97,2.92,3.00,2.89,12974,11147722.00,3.78,0.34,0.01,0.24
2011-09-28,2.96,2.86,2.97,2.86,13911,11892972.00,3.77,-2.05,-0.06,0.26
2011-09-29,2.86,2.77,2.87,2.76,19188,15967062.00,3.85,-3.15,-0.09,0.36
2011-09-30,2.77,2.80,2.82,2.75,10416,8611385.00,2.53,1.08,0.03,0.19
2011-10-10,2.82,2.79,2.82,2.77,8709,7208807.00,1.79,-0.36,-0.01,0.16
2011-10-11,2.85,2.75,2.92,2.75,14550,12203306.00,6.09,-1.43,-0.04,0.27
2011-10-12,2.75,2.87,2.87,2.70,34259,28471794.00,6.18,4.36,0.12,0.64
2011-10-13,2.87,2.91,2.94,2.84,46641,39739189.00,3.48,1.39,0.04,0.87
2011-10-14,2.89,2.93,2.94,2.86,42052,35837592.00,2.75,0.69,0.02,0.78
2011-10-17,2.92,2.86,2.94,2.85,37704,31997159.00,3.07,-2.39,-0.07,0.70
2011-10-18,2.84,2.70,2.85,2.69,33626,27685593.00,5.59,-5.59,-0.16,0.63
2011-10-19,2.71,2.67,2.74,2.66,17028,13732654.00,2.96,-1.11,-0.03,0.32
2011-10-20,2.66,2.50,2.68,2.48,28208,21867508.00,7.49,-6.37,-0.17,0.53
2011-10-21,2.50,2.39,2.54,2.39,28463,21401384.00,6.00,-4.40,-0.11,0.53
2011-10-24,2.39,2.45,2.48,2.32,23118,17175976.00,6.69,2.51,0.06,0.43
2011-10-25,2.44,2.53,2.54,2.39,37915,28860121.00,6.12,3.27,0.08,0.71
2011-10-26,2.49,2.54,2.60,2.49,41677,32272343.00,4.35,0.40,0.01,0.78
2011-10-27,2.54,2.51,2.57,2.50,38158,29417876.00,2.76,-1.18,-0.03,0.71
2011-10-28,2.55,2.58,2.63,2.54,65927,51507133.00,3.59,2.79,0.07,1.23
2011-10-31,2.59,2.61,2.62,2.57,45672,35817111.00,1.94,1.16,0.03,0.85
2011-11-01,2.58,2.61,2.64,2.57,44908,35306816.00,2.68,0.00,0.00,0.84
2011-11-02,2.57,2.70,2.70,2.48,81885,64338478.00,8.43,3.45,0.09,1.53
2011-11-03,2.70,2.77,2.88,2.69,99810,82768987.00,7.04,2.59,0.07,1.86
2011-11-04,2.79,2.76,2.80,2.74,60964,50180517.00,2.17,-0.36,-0.01,1.14
2011-11-07,2.75,2.85,2.86,2.72,62653,52075236.00,5.07,3.26,0.09,1.17
2011-11-09,2.90,2.83,2.92,2.74,85273,71006369.00,6.32,-0.70,-0.02,1.59
2011-11-10,2.75,2.78,2.85,2.75,45745,37943488.00,3.53,-1.77,-0.05,0.85
2011-11-11,2.78,2.79,2.83,2.76,27865,23094282.00,2.52,0.36,0.01,0.52
2011-11-14,2.83,2.87,2.89,2.81,102657,86176189.00,2.87,2.87,0.08,1.91
2011-11-15,2.86,2.82,2.87,2.81,71322,59675657.00,2.09,-1.74,-0.05,1.33
2011-11-16,2.83,2.73,2.84,2.71,68498,56453455.00,4.61,-3.19,-0.09,1.28
2011-11-17,2.72,2.75,2.80,2.72,33924,27844243.00,2.93,0.73,0.02,0.63
2011-11-18,2.73,2.58,2.76,2.56,44115,35080956.00,7.27,-6.18,-0.17,0.82
2011-11-21,2.58,2.62,2.63,2.56,17114,13448402.00,2.71,1.55,0.04,0.32
2011-11-22,2.57,2.60,2.63,2.56,12049,9444624.00,2.67,-0.76,-0.02,0.22
2011-11-23,2.58,2.58,2.63,2.58,18730,14738047.00,1.92,-0.77,-0.02,0.35
2011-11-24,2.57,2.62,2.66,2.53,24884,19477198.00,5.04,1.55,0.04,0.46
2011-11-25,2.62,2.59,2.66,2.57,16808,13245064.00,3.44,-1.15,-0.03,0.31
2011-11-28,2.61,2.54,2.62,2.53,17462,13559459.00,3.47,-1.93,-0.05,0.33
2011-11-29,2.57,2.60,2.60,2.53,24734,19252804.00,2.76,2.36,0.06,0.46
2011-11-30,2.59,2.39,2.60,2.36,30360,23024959.00,9.23,-8.08,-0.21,0.57
2011-12-01,2.49,2.43,2.52,2.42,27448,20839623.00,4.18,1.67,0.04,0.51
2011-12-02,2.42,2.41,2.45,2.37,16500,12247856.00,3.29,-0.82,-0.02,0.31
2011-12-05,2.41,2.34,2.41,2.33,13744,10096589.00,3.32,-2.90,-0.07,0.26
2011-12-06,2.32,2.35,2.39,2.32,10443,7638284.00,2.99,0.43,0.01,0.19
2011-12-07,2.37,2.34,2.38,2.33,12074,8813292.00,2.13,-0.43,-0.01,0.22
2011-12-08,2.35,2.34,2.38,2.30,18517,13472979.00,3.42,0.00,0.00,0.35
2011-12-09,2.33,2.33,2.36,2.30,10191,7400081.00,2.56,-0.43,-0.01,0.19
2011-12-12,2.34,2.37,2.38,2.32,20595,15053052.00,2.58,1.72,0.04,0.38
2011-12-13,2.35,2.23,2.35,2.23,17534,12541868.00,5.06,-5.91,-0.14,0.33
2011-12-14,2.25,2.22,2.30,2.22,22063,15649955.00,3.59,-0.45,-0.01,0.41
2011-12-15,2.24,2.13,2.24,2.13,20072,13895536.00,4.95,-4.05,-0.09,0.37
2011-12-16,2.16,2.28,2.30,2.16,20021,13996219.00,6.57,7.04,0.15,0.37
2011-12-19,2.28,2.31,2.34,2.17,21813,15415107.00,7.46,1.32,0.03,0.41
2011-12-20,2.28,2.29,2.38,2.26,20723,15013815.00,5.19,-0.87,-0.02,0.39
2011-12-21,2.30,2.23,2.34,2.21,15625,11221387.00,5.68,-2.62,-0.06,0.29
2011-12-22,2.17,2.15,2.21,2.08,26890,18394038.00,5.83,-3.59,-0.08,0.50
2011-12-23,2.13,2.14,2.21,2.09,21244,14617252.00,5.58,-0.47,-0.01,0.40
2011-12-26,2.12,2.12,2.18,2.11,12776,8748881.00,3.27,-0.93,-0.02,0.24
2011-12-27,2.12,2.02,2.19,2.00,25020,16803830.00,8.96,-4.72,-0.10,0.47
2011-12-28,2.01,1.99,2.01,1.92,22172,14303759.00,4.46,-1.49,-0.03,0.41
2011-12-29,1.98,1.99,2.02,1.92,13344,8692242.00,5.03,0.00,0.00,0.25
2011-12-30,2.00,2.03,2.06,1.98,15262,10045333.00,4.02,2.01,0.04,0.28