2019-01-02,18.13,17.89,18.28,17.70,3875,7162902.00,3.23,-0.50,-0.09,0.83
2019-01-03,17.71,17.67,18.04,17.65,4712,8629335.00,2.18,-1.23,-0.22,1.01
2019-01-04,17.48,17.93,17.96,17.30,5625,10276976.00,3.74,1.47,0.26,1.20
2019-01-07,17.93,18.15,18.26,17.89,6791,12649576.00,2.06,1.23,0.22,1.45
2019-01-08,18.15,18.01,18.15,17.88,4692,8678916.00,1.49,-0.77,-0.14,1.00
2019-01-09,17.93,18.00,18.44,17.93,7231,13557369.00,2.83,-0.06,-0.01,1.54
2019-01-10,18.12,17.78,18.12,17.73,5882,10839606.00,2.17,-1.22,-0.22,1.26
2019-01-11,17.85,18.05,18.07,17.70,6580,12138879.00,2.08,1.52,0.27,1.41
2019-01-14,18.00,17.77,18.14,17.71,6140,11305805.00,2.38,-1.55,-0.28,1.31
2019-01-15,17.77,17.99,18.04,17.68,6008,11073437.00,2.03,1.24,0.22,1.28
2019-01-16,18.07,17.93,18.15,17.89,6840,12670934.00,1.45,-0.33,-0.06,1.46
2019-01-17,17.98,17.68,18.03,17.63,5999,11020359.00,2.23,-1.39,-0.25,1.28
2019-01-18,17.86,17.84,17.95,17.66,5244,9616040.00,1.64,0.90,0.16,1.12
2019-01-21,17.86,18.04,18.13,17.86,5139,9529397.00,1.51,1.12,0.20,1.10
2019-01-22,18.06,18.08,18.12,17.94,5773,10703535.00,1.00,0.22,0.04,1.23
2019-01-23,17.98,17.99,18.12,17.90,4762,8809391.00,1.22,-0.50,-0.09,1.02
2019-01-24,18.07,18.10,18.21,17.94,6300,11727357.00,1.50,0.61,0.11,1.35
2019-01-25,18.11,17.88,18.42,17.88,7717,14434550.00,2.98,-1.22,-0.22,1.65
2019-01-28,17.92,17.68,18.06,17.66,5352,9820029.00,2.24,-1.12,-0.20,1.14
2019-01-29,17.60,16.54,17.62,16.03,10431,18031409.00,8.99,-6.45,-1.14,2.23
2019-01-30,16.46,16.23,16.76,16.16,4939,8436466.00,3.63,-1.87,-0.31,1.06
2019-01-31,16.58,15.98,16.58,15.88,5723,9598212.00,4.31,-1.54,-0.25,1.22
2019-02-01,15.98,16.35,16.45,15.98,3905,6547483.00,2.94,2.32,0.37,0.83
2019-02-11,16.25,16.81,16.82,16.25,5738,9866438.00,3.49,2.81,0.46,1.23
2019-02-12,16.80,17.15,17.46,16.63,7309,12879217.00,4.94,2.02,0.34,1.56
2019-02-13,17.07,17.75,17.94,17.01,13091,23809963.00,5.42,3.50,0.60,2.80
2019-02-14,17.77,17.74,17.94,17.64,9500,17387796.00,1.69,-0.06,-0.01,2.03
2019-02-15,17.86,17.76,17.86,17.65,7746,14153157.00,1.18,0.11,0.02,1.65
2019-02-18,17.98,18.20,18.22,17.86,11304,21025618.00,2.03,2.48,0.44,2.41
2019-02-19,19.49,18.40,19.51,18.36,30898,60139683.00,6.32,1.10,0.20,6.60
2019-02-20,18.15,18.19,18.39,18.02,14302,26743847.00,2.01,-1.14,-0.21,3.06
2019-02-21,18.35,18.12,18.45,18.08,10066,18904829.00,2.03,-0.38,-0.07,2.15
2019-02-22,18.00,18.21,18.26,17.98,8955,16704905.00,1.55,0.50,0.09,1.91
2019-02-25,18.38,18.91,18.96,18.36,18975,36466399.00,3.29,3.84,0.70,4.05
2019-02-26,18.95,18.77,19.06,18.53,20761,40097275.00,2.80,-0.74,-0.14,4.44
2019-02-27,18.64,18.62,18.95,18.57,11934,23000735.00,2.02,-0.80,-0.15,2.55
2019-02-28,18.63,18.90,18.98,18.59,11071,21458405.00,2.09,1.50,0.28,2.37
2019-03-01,18.70,18.84,18.98,18.70,8232,15917015.00,1.48,-0.32,-0.06,1.76
2019-03-04,18.95,19.08,19.43,18.88,17816,34979626.00,2.92,1.27,0.24,3.81
2019-03-05,19.07,19.35,19.38,18.79,14361,28188329.00,3.09,1.42,0.27,3.07
2019-03-06,19.39,19.75,19.83,19.09,21012,41881647.00,3.82,2.07,0.40,4.49
2019-03-07,19.65,20.10,20.36,19.43,24687,50394287.00,4.71,1.77,0.35,5.27
2019-03-08,19.58,18.78,19.77,18.72,21965,43702899.00,5.22,-6.57,-1.32,4.69
2019-03-11,18.86,19.79,19.94,18.86,19319,38804431.00,5.75,5.38,1.01,4.13
2019-03-12,20.13,20.03,20.45,19.76,21006,43204604.00,3.49,1.21,0.24,4.49
2019-03-13,20.05,19.63,20.37,19.53,16892,34632195.00,4.19,-2.00,-0.40,3.61
2019-03-14,19.69,19.67,19.94,19.29,13458,27068780.00,3.31,0.20,0.04,2.88
2019-03-15,19.69,19.82,19.99,19.58,13362,27092981.00,2.08,0.76,0.15,2.85
2019-03-18,19.98,19.96,20.03,19.53,13474,27335009.00,2.52,0.71,0.14,2.88
2019-03-19,19.93,19.78,20.01,19.69,12253,24934756.00,1.60,-0.90,-0.18,2.62
2019-03-20,19.77,19.75,19.86,19.50,10790,21806105.00,1.82,-0.15,-0.03,2.31
2019-03-21,19.88,19.91,20.33,19.68,18114,37145540.00,3.29,0.81,0.16,3.87
2019-03-22,19.79,20.24,20.32,19.79,16626,34239264.00,2.66,1.66,0.33,3.55
2019-03-25,19.96,19.82,20.23,19.67,13972,28507921.00,2.77,-2.08,-0.42,2.98
2019-03-26,19.88,19.28,19.92,19.18,10849,21798779.00,3.73,-2.72,-0.54,2.32
2019-03-27,19.43,19.71,19.74,19.20,8067,16085222.00,2.80,2.23,0.43,1.72
2019-03-28,19.71,20.06,20.23,19.50,17492,35856264.00,3.70,1.78,0.35,3.74
2019-03-29,20.18,20.96,20.97,19.99,26012,54952759.00,4.89,4.49,0.90,5.56
2019-04-01,20.99,21.44,21.44,20.62,36895,80143959.00,3.91,2.29,0.48,7.88
2019-04-02,21.83,20.95,21.83,20.90,27055,58492892.00,4.34,-2.29,-0.49,5.78
2019-04-03,20.73,22.16,22.68,20.34,49617,108831011.00,11.17,5.78,1.21,10.60
2019-04-04,21.99,21.89,21.99,20.99,36696,80991269.00,4.51,-1.22,-0.27,7.84
2019-04-08,21.58,21.24,21.60,20.89,21749,47329932.00,3.24,-2.97,-0.65,4.65
2019-04-09,21.17,21.03,21.18,20.83,12085,25981352.00,1.65,-0.99,-0.21,2.58
2019-04-10,21.05,20.73,21.10,20.64,13451,28614187.00,2.19,-1.43,-0.30,2.87
2019-04-11,20.93,20.19,20.93,20.18,13027,27463854.00,3.62,-2.60,-0.54,2.78
2019-04-12,20.27,19.95,20.27,19.73,11719,23982184.00,2.67,-1.19,-0.24,2.50
2019-04-15,20.19,19.84,20.63,19.78,10885,22554103.00,4.26,-0.55,-0.11,2.33
2019-04-16,19.69,20.26,20.31,19.59,11192,22937252.00,3.63,2.12,0.42,2.39
2019-04-17,20.27,20.35,20.40,20.12,11008,22918480.00,1.38,0.44,0.09,2.35
2019-04-18,20.35,20.27,20.37,20.10,9590,19904980.00,1.33,-0.39,-0.08,2.05
2019-04-19,20.18,20.58,20.69,20.16,8985,18788438.00,2.61,1.53,0.31,1.92
2019-04-22,20.54,20.56,20.90,20.40,10481,22187154.00,2.43,-0.10,-0.02,2.24
2019-04-23,20.40,20.10,20.67,19.98,8452,17581907.00,3.36,-2.24,-0.46,1.81
2019-04-24,20.08,20.54,20.63,19.96,8203,17016803.00,3.33,2.19,0.44,1.75
2019-04-25,20.54,20.08,20.55,20.06,8705,18137431.00,2.39,-2.24,-0.46,1.86
2019-04-26,19.98,19.21,19.99,19.08,7564,15200031.00,4.53,-4.33,-0.87,1.62
2019-04-29,19.42,18.87,19.53,18.83,5828,11507223.00,3.64,-1.77,-0.34,1.25
2019-04-30,18.87,19.29,19.44,18.48,7194,14215882.00,5.09,2.23,0.42,1.54
2019-05-06,19.09,17.70,19.09,17.49,7620,14375580.00,8.29,-8.24,-1.59,1.63
2019-05-07,18.37,17.87,18.37,17.66,4413,8117121.00,4.01,0.96,0.17,0.94
2019-05-08,17.63,18.07,18.13,17.63,3450,6379546.00,2.80,1.12,0.20,0.74
2019-05-09,18.15,17.84,18.15,17.79,3763,6955151.00,1.99,-1.27,-0.23,0.80
2019-05-10,17.94,18.31,18.43,17.63,6227,11654121.00,4.48,2.63,0.47,1.33
2019-05-13,18.26,18.38,18.39,18.06,4299,8100161.00,1.80,0.38,0.07,0.92
2019-05-14,18.34,18.26,18.48,18.14,3595,6755079.00,1.85,-0.65,-0.12,0.77
2019-05-15,18.36,18.58,18.58,18.32,4328,8235492.00,1.42,1.75,0.32,0.92
2019-05-16,18.43,18.60,18.64,18.43,2734,5212897.00,1.13,0.11,0.02,0.58
2019-05-17,18.70,17.97,18.70,17.92,4211,7902937.00,4.19,-3.39,-0.63,0.90
2019-05-20,18.16,17.78,18.23,17.27,5025,9159962.00,5.34,-1.06,-0.19,1.07
2019-05-21,17.83,18.01,18.04,17.65,3937,7204876.00,2.19,1.29,0.23,0.84
2019-05-22,18.01,17.87,18.07,17.79,3446,6290880.00,1.55,-0.78,-0.14,0.74
2019-05-23,17.96,17.44,17.96,17.18,4302,7668070.00,4.36,-2.41,-0.43,0.92
2019-05-24,17.53,17.49,17.59,17.26,3227,5750092.00,1.89,0.29,0.05,0.69
2019-05-27,17.26,17.89,17.90,17.26,4277,7729508.00,3.66,2.29,0.40,0.91
2019-05-28,17.89,17.91,18.06,17.66,3873,7079940.00,2.24,0.11,0.02,0.83
2019-05-29,17.92,17.96,18.06,17.81,3394,6211131.00,1.40,0.28,0.05,0.73
2019-05-30,17.96,18.28,18.63,17.76,5468,10085723.00,4.84,1.78,0.32,1.17
2019-05-31,18.22,18.37,18.86,18.17,4980,9323500.00,3.77,0.49,0.09,1.06
2019-06-03,20.24,19.28,20.24,19.28,31653,64194889.00,5.23,4.95,0.91,6.76
2019-06-04,18.16,17.73,18.63,17.32,21583,39876641.00,6.79,-8.04,-1.55,4.61
2019-06-05,17.77,17.46,17.96,17.38,9381,16825731.00,3.27,-1.52,-0.27,2.00
2019-06-06,17.53,16.77,17.53,16.74,9028,15662493.00,4.52,-3.95,-0.69,1.93
2019-06-10,16.77,16.88,17.04,16.68,4820,8292448.00,2.15,0.66,0.11,1.03
2019-06-11,17.01,17.48,17.53,16.89,5878,10366498.00,3.79,3.55,0.60,1.26
2019-06-12,17.53,17.29,17.53,17.19,5447,9639790.00,1.95,-1.09,-0.19,1.16
2019-06-13,17.26,17.45,17.50,17.22,3677,6528475.00,1.62,0.93,0.16,0.79
2019-06-14,17.45,17.04,17.72,17.01,5460,9644023.00,4.07,-2.35,-0.41,1.17
2019-06-17,17.22,17.24,17.56,17.05,3876,6849629.00,2.99,1.17,0.20,0.83
2019-06-18,17.29,17.30,17.46,17.09,3591,6332498.00,2.15,0.35,0.06,0.77
2019-06-19,17.56,17.60,17.78,17.47,8377,15045265.00,1.79,1.73,0.30,1.79
2019-06-20,17.70,17.78,17.85,17.38,6700,12005708.00,2.67,1.02,0.18,1.43
2019-06-21,17.84,18.08,18.32,17.83,9936,18280673.00,2.76,1.69,0.30,2.12
2019-06-24,18.10,18.09,18.21,17.93,5295,9744520.00,1.55,0.06,0.01,1.13
2019-06-25,18.06,17.84,18.19,17.70,5378,9776208.00,2.71,-1.38,-0.25,1.15
2019-06-26,17.83,17.98,18.14,17.79,4013,7357113.00,1.96,0.78,0.14,0.86
2019-06-27,18.15,18.00,18.22,17.88,4658,8559996.00,1.89,0.11,0.02,1.00
2019-06-28,17.96,17.95,18.19,17.72,5250,9592164.00,2.61,-0.28,-0.05,1.12
2019-07-01,18.04,18.31,18.44,18.04,8479,15779074.00,2.23,2.01,0.36,1.81
2019-07-02,18.36,18.36,18.39,18.21,5248,9787392.00,0.98,0.27,0.05,1.12
2019-07-03,18.45,18.23,18.45,18.00,4468,8282685.00,2.45,-0.71,-0.13,0.95
2019-07-04,18.32,18.28,18.41,18.13,4697,8736112.00,1.54,0.27,0.05,1.00
2019-07-05,18.37,18.28,18.37,18.14,3464,6448105.00,1.26,0.00,0.00,0.74
2019-07-08,18.28,17.53,18.35,17.41,6802,12332753.00,5.14,-4.10,-0.75,1.45
2019-07-09,17.58,18.09,18.11,17.42,7117,12914000.00,3.94,3.19,0.56,1.52
2019-07-10,17.88,17.82,18.13,17.53,6019,10929737.00,3.32,-1.49,-0.27,1.29
2019-07-11,18.00,17.87,18.06,17.74,4694,8566593.00,1.80,0.28,0.05,1.00
2019-07-12,18.01,18.00,18.13,17.78,3859,7071482.00,1.96,0.73,0.13,0.82
2019-07-15,18.03,18.08,18.21,17.62,3730,6863480.00,3.28,0.44,0.08,0.80
2019-07-16,18.09,18.39,18.39,17.97,5978,11106358.00,2.32,1.71,0.31,1.28
2019-07-17,18.45,18.17,18.45,17.97,5682,10522167.00,2.61,-1.20,-0.22,1.21
2019-07-18,18.16,17.72,18.16,17.68,4390,7977554.00,2.64,-2.48,-0.45,0.94
2019-07-19,17.93,17.79,18.18,17.73,4580,8347805.00,2.54,0.40,0.07,0.98
2019-07-22,17.89,17.24,17.94,17.18,5930,10496232.00,4.27,-3.09,-0.55,1.27
2019-07-23,17.44,17.22,17.44,16.99,7578,13253173.00,2.61,-0.12,-0.02,1.62
2019-07-24,17.26,17.43,17.63,17.19,5781,10249659.00,2.56,1.22,0.21,1.23
2019-07-25,17.45,17.57,17.57,17.30,5572,9926892.00,1.55,0.80,0.14,1.19
2019-07-26,17.46,17.64,17.75,17.31,5546,9908923.00,2.50,0.40,0.07,1.18
2019-07-29,17.64,17.47,17.70,17.38,4177,7462014.00,1.81,-0.96,-0.17,0.89
2019-07-30,17.64,17.66,17.85,17.39,5800,10464766.00,2.63,1.09,0.19,1.24
2019-07-31,17.83,17.69,17.87,17.37,6458,11651262.00,2.83,0.17,0.03,1.38
2019-08-01,17.71,17.55,17.71,17.32,5291,9437763.00,2.20,-0.79,-0.14,1.13
2019-08-02,17.42,17.23,17.42,16.26,6019,10511077.00,6.61,-1.82,-0.32,1.27
2019-08-05,17.24,17.04,17.61,16.97,6097,10757579.00,3.71,-1.10,-0.19,1.29
2019-08-06,16.66,16.89,17.12,16.49,7579,12994936.00,3.70,-0.88,-0.15,1.60
2019-08-07,17.09,16.66,17.09,16.46,5826,9923604.00,3.73,-1.36,-0.23,1.23
2019-08-08,16.64,16.64,16.72,16.44,6248,10541906.00,1.68,-0.12,-0.02,1.32
2019-08-09,16.49,16.29,16.65,16.25,5072,8502820.00,2.40,-2.10,-0.35,1.07
2019-08-12,16.39,16.41,16.49,16.14,3039,5062613.00,2.15,0.74,0.12,0.64
2019-08-13,16.35,16.21,16.35,16.08,2645,4372990.00,1.65,-1.22,-0.20,0.56
2019-08-14,16.37,16.34,16.52,16.25,3619,6043304.00,1.67,0.80,0.13,0.76
2019-08-15,16.16,16.36,16.36,15.71,4975,8151735.00,3.98,0.12,0.02,1.05
2019-08-16,16.32,16.41,16.60,16.04,4055,6801090.00,3.42,0.31,0.05,0.86
2019-08-19,16.56,16.89,16.91,16.14,7244,12377974.00,4.69,2.93,0.48,1.53
2019-08-20,16.91,16.91,17.03,16.85,5125,8856091.00,1.07,0.12,0.02,1.08
2019-08-21,16.91,16.82,16.96,16.75,2767,4756753.00,1.24,-0.53,-0.09,0.58
2019-08-22,17.16,16.79,17.16,16.64,3748,6420707.00,3.09,-0.18,-0.03,0.79
2019-08-23,16.79,16.80,16.93,16.66,3325,5709289.00,1.61,0.06,0.01,0.70
2019-08-26,16.47,16.67,16.76,16.34,4059,6860179.00,2.50,-0.77,-0.13,0.86
2019-08-27,16.66,16.83,17.02,16.60,6208,10690170.00,2.52,0.96,0.16,1.31
2019-08-28,16.84,17.06,17.10,16.83,5970,10332686.00,1.60,1.37,0.23,1.26
2019-08-29,16.99,17.06,17.11,16.93,6329,10990952.00,1.06,0.00,0.00,1.34
2019-08-30,17.18,16.96,17.41,16.84,9175,16078477.00,3.34,-0.59,-0.10,1.94
2019-09-02,17.06,17.38,17.38,16.85,10565,18570430.00,3.13,2.48,0.42,2.23
2019-09-03,17.38,17.45,17.55,17.16,6092,10806014.00,2.24,0.40,0.07,1.29
2019-09-04,17.48,17.48,17.61,17.32,8234,14674818.00,1.66,0.17,0.03,1.74
2019-09-05,17.54,17.50,17.73,17.46,11052,19806231.00,1.54,0.11,0.02,2.34
2019-09-06,17.59,17.49,17.59,17.34,7159,12748318.00,1.43,-0.06,-0.01,1.51
2019-09-09,17.58,17.77,17.80,17.51,7049,12703484.00,1.66,1.60,0.28,1.49
2019-09-10,17.81,17.86,17.91,17.62,5662,10238208.00,1.63,0.51,0.09,1.20
2019-09-11,17.91,17.95,18.11,17.72,6378,11643987.00,2.18,0.50,0.09,1.35
2019-09-12,18.04,17.87,18.04,17.74,4885,8891094.00,1.67,-0.45,-0.08,1.03
2019-09-16,17.91,17.97,18.04,17.72,5243,9584002.00,1.79,0.56,0.10,1.11
2019-09-17,17.94,17.68,18.01,17.43,5521,9914480.00,3.23,-1.61,-0.29,1.17
2019-09-18,17.68,17.72,17.78,17.62,3618,6528597.00,0.90,0.23,0.04,0.76
2019-09-19,17.58,17.94,17.98,17.58,5232,9509667.00,2.26,1.24,0.22,1.11
2019-09-20,18.03,18.12,18.44,18.00,8803,16280744.00,2.45,1.00,0.18,1.86
2019-09-23,17.91,17.99,18.11,17.60,5197,9453422.00,2.81,-0.72,-0.13,1.10
2019-09-24,17.97,18.08,18.16,17.86,5088,9337266.00,1.67,0.50,0.09,1.08
2019-09-25,18.08,18.01,18.09,17.01,5609,10235781.00,5.97,-0.39,-0.07,1.19
2019-09-26,18.20,17.54,18.20,17.26,8023,14355243.00,5.22,-2.61,-0.47,1.70
2019-09-27,17.58,17.72,17.79,16.96,7962,14248448.00,4.73,1.03,0.18,1.68
2019-09-30,17.78,17.93,18.54,17.56,16077,29572961.00,5.53,1.19,0.21,3.40
2019-10-08,17.84,17.52,18.16,17.52,7650,13987045.00,3.57,-2.29,-0.41,1.62
2019-10-09,17.62,19.31,19.31,17.62,35332,67387138.00,9.65,10.22,1.79,7.47
2019-10-10,20.16,21.28,21.28,19.91,59150,126441130.00,7.09,10.20,1.97,12.50
2019-10-11,21.17,19.75,21.61,19.70,92966,195946074.00,8.98,-7.19,-1.53,19.65
2019-10-14,19.72,20.24,20.65,19.33,62705,127781037.00,6.68,2.48,0.49,13.25
2019-10-15,19.65,19.36,19.81,19.16,42933,84884351.00,3.21,-4.35,-0.88,9.07
2019-10-16,19.22,19.46,19.89,19.22,29881,59329877.00,3.46,0.52,0.10,6.31
2019-10-17,19.32,18.89,19.56,18.77,26918,52295161.00,4.06,-2.93,-0.57,5.69
2019-10-18,18.88,19.07,19.14,18.71,20705,39908660.00,2.28,0.95,0.18,4.38
2019-10-21,18.95,19.89,20.15,18.52,38106,75263750.00,8.55,4.30,0.82,8.05
2019-10-22,19.86,19.80,20.12,19.43,30212,60684116.00,3.47,-0.45,-0.09,6.38
2019-10-23,19.56,19.23,19.61,19.13,20327,39997367.00,2.42,-2.88,-0.57,4.30
2019-10-24,19.04,18.85,19.31,18.69,15389,29728556.00,3.22,-1.98,-0.38,3.25
2019-10-25,18.85,19.11,19.21,18.72,14780,28643295.00,2.60,1.38,0.26,3.12
2019-10-28,19.01,19.54,19.81,18.78,20132,39722088.00,5.39,2.25,0.43,4.25
2019-10-29,19.55,19.58,20.00,19.51,23248,46584635.00,2.51,0.20,0.04,4.91
2019-10-30,19.47,19.82,20.15,19.36,24230,48954689.00,4.03,1.23,0.24,5.12
2019-10-31,19.84,19.81,20.10,19.33,16448,32978334.00,3.88,-0.05,-0.01,3.48
2019-11-01,19.95,19.46,19.95,19.39,13812,27474952.00,2.83,-1.77,-0.35,2.92
2019-11-04,19.38,19.55,19.72,18.97,17273,33832304.00,3.85,0.46,0.09,3.65
2019-11-05,19.46,19.13,19.61,19.06,10387,20352442.00,2.81,-2.15,-0.42,2.19
2019-11-06,19.32,18.42,19.32,18.38,12681,24158451.00,4.91,-3.71,-0.71,2.68
2019-11-07,18.38,18.56,18.71,18.38,8412,15889830.00,1.79,0.76,0.14,1.78
2019-11-08,18.61,18.37,18.77,18.34,7739,14617884.00,2.32,-1.02,-0.19,1.64
2019-11-11,18.13,18.59,18.90,18.10,11916,22481539.00,4.35,1.20,0.22,2.52
2019-11-12,18.40,18.09,18.65,17.81,10484,19386079.00,4.52,-2.69,-0.50,2.22
2019-11-13,17.78,17.38,18.12,16.96,11958,21385739.00,6.41,-3.92,-0.71,2.53
2019-11-14,17.43,17.79,18.00,17.27,10187,18411240.00,4.20,2.36,0.41,2.15
2019-11-15,17.97,17.63,18.05,17.63,6512,11829060.00,2.36,-0.90,-0.16,1.38
2019-11-18,17.63,17.86,17.96,17.51,6231,11304216.00,2.55,1.30,0.23,1.32
2019-11-19,17.89,18.27,18.46,17.86,8061,14881942.00,3.36,2.30,0.41,1.70
2019-11-20,18.06,17.78,18.27,17.71,6657,12179181.00,3.07,-2.68,-0.49,1.41
2019-11-21,18.24,17.74,18.30,17.67,5074,9207691.00,3.54,-0.22,-0.04,1.07
2019-11-22,17.75,17.47,18.08,17.31,5644,10127011.00,4.34,-1.52,-0.27,1.19
2019-11-25,17.51,17.41,17.58,17.16,4288,7584734.00,2.40,-0.34,-0.06,0.91
2019-11-26,17.41,17.51,17.73,17.26,3798,6758840.00,2.70,0.57,0.10,0.80
2019-11-27,17.64,17.25,17.64,17.21,4046,7150923.00,2.46,-1.48,-0.26,0.85
2019-11-28,17.25,17.01,17.32,16.94,2807,4900479.00,2.20,-1.39,-0.24,0.59
2019-11-29,16.96,16.93,17.01,16.76,3667,6308881.00,1.47,-0.47,-0.08,0.77
2019-12-02,17.12,16.92,17.12,16.82,3216,5555406.00,1.77,-0.06,-0.01,0.68
2019-12-03,16.92,16.89,16.92,16.68,3435,5877138.00,1.42,-0.18,-0.03,0.73
2019-12-04,16.96,16.90,16.96,16.66,3775,6483226.00,1.78,0.06,0.01,0.80
2019-12-05,16.91,17.18,17.21,16.81,4481,7787234.00,2.37,1.66,0.28,0.95
2019-12-06,17.17,17.33,17.33,17.08,4366,7679652.00,1.46,0.87,0.15,0.92
2019-12-09,17.23,17.40,17.49,17.19,3556,6303011.00,1.73,0.40,0.07,0.75
2019-12-10,17.33,17.39,17.50,17.26,2876,5096481.00,1.38,-0.06,-0.01,0.61
2019-12-11,17.47,17.52,17.62,17.29,4172,7432588.00,1.90,0.75,0.13,0.88
2019-12-12,17.55,17.30,17.61,17.23,4311,7626635.00,2.17,-1.26,-0.22,0.91
2019-12-13,17.33,17.64,17.71,17.32,5332,9521216.00,2.25,1.97,0.34,1.13
2019-12-16,17.95,18.00,18.04,17.64,4303,7827798.00,2.27,2.04,0.36,0.91
2019-12-17,18.06,18.69,18.77,17.88,15502,28958955.00,4.94,3.83,0.69,3.28
2019-12-18,18.71,18.36,19.16,18.26,17381,32840982.00,4.82,-1.77,-0.33,3.67
2019-12-19,18.37,18.37,18.48,18.28,6750,12627999.00,1.09,0.05,0.01,1.43
2019-12-20,18.38,18.22,18.61,18.16,6421,11979261.00,2.45,-0.82,-0.15,1.36
2019-12-23,18.18,17.76,18.18,17.67,4904,8963518.00,2.80,-2.52,-0.46,1.04
2019-12-24,17.76,18.02,18.07,17.76,3412,6226485.00,1.75,1.46,0.26,0.72
2019-12-25,18.06,18.18,18.40,17.95,5203,9650138.00,2.50,0.89,0.16,1.10
2019-12-26,18.17,18.19,18.27,18.00,3897,7196510.00,1.49,0.06,0.01,0.82
2019-12-27,18.28,18.09,18.51,18.07,5405,10089421.00,2.42,-0.55,-0.10,1.14
2019-12-30,18.26,18.58,18.98,18.04,10661,20074337.00,5.20,2.71,0.49,2.25
2019-12-31,18.58,18.62,18.63,18.32,6847,12876340.00,1.67,0.22,0.04,1.45