2018-07-19,15.02,12.63,15.02,12.63,121582,172548888.00,17.55,-7.27,-0.99,5.11
2018-07-20,13.24,13.47,13.93,13.24,117690,164785393.00,5.46,6.65,0.84,4.94
2018-07-23,12.37,12.49,12.90,12.37,96137,124240427.00,3.93,-7.28,-0.98,4.04
2018-07-24,12.28,12.50,12.82,12.16,57983,74211128.00,5.28,0.08,0.01,2.44
2018-07-25,12.38,12.23,12.50,12.15,34883,44126761.00,2.80,-2.16,-0.27,1.47
2018-07-26,12.08,12.07,12.22,11.80,45270,55762992.00,3.43,-1.31,-0.16,1.90
2018-07-27,12.00,11.76,12.25,11.72,27485,33940711.00,4.39,-2.57,-0.31,1.15
2018-07-30,11.67,11.14,11.83,10.97,45684,53541941.00,7.31,-5.27,-0.62,1.92
2018-07-31,11.14,11.02,11.25,10.89,19475,22317115.00,3.23,-1.08,-0.12,0.82
2018-08-01,11.14,10.51,11.19,10.47,32878,36469223.00,6.53,-4.63,-0.51,1.38
2018-08-02,10.47,9.69,10.47,9.54,51374,52011648.00,8.85,-7.80,-0.82,2.16
2018-08-03,9.88,9.72,10.25,9.60,32551,33185741.00,6.71,0.31,0.03,1.37
2018-08-06,9.72,9.45,10.13,9.38,25083,25115516.00,7.72,-2.78,-0.27,1.05
2018-08-07,9.50,9.75,9.79,9.27,25181,25097528.00,5.50,3.17,0.30,1.06
2018-08-08,9.76,9.67,9.94,9.63,21694,22003796.00,3.18,-0.82,-0.08,0.91
2018-08-09,9.72,9.82,9.87,9.58,15963,16219552.00,3.00,1.55,0.15,0.67
2018-08-10,9.81,10.39,10.63,9.76,50055,52720992.00,8.86,5.80,0.57,2.10
2018-08-13,10.05,10.30,10.85,10.05,37239,39807661.00,7.70,-0.87,-0.09,1.56
2018-08-14,10.34,10.26,10.54,10.07,21748,23055891.00,4.56,-0.39,-0.04,0.91
2018-08-15,10.36,9.97,10.50,9.94,19863,20959752.00,5.46,-2.83,-0.29,0.83
2018-08-16,9.65,9.70,9.89,9.63,19782,19966106.00,2.61,-2.71,-0.27,0.83
2018-08-17,9.80,9.53,9.92,9.45,15436,15546349.00,4.85,-1.75,-0.17,0.65
2018-08-20,9.65,9.53,9.65,9.33,11421,11216123.00,3.36,0.00,0.00,0.48
2018-08-21,9.45,9.70,9.90,9.45,15455,15524919.00,4.72,1.78,0.17,0.65
2018-08-22,9.66,9.38,9.76,9.37,14549,14463136.00,4.02,-3.30,-0.32,0.61
2018-08-23,9.35,9.51,9.58,9.35,10784,10603080.00,2.45,1.39,0.13,0.45
2018-08-24,9.50,9.35,9.51,9.25,14293,13893092.00,2.73,-1.68,-0.16,0.60
2018-08-27,9.36,9.63,9.63,9.36,16694,16545841.00,2.89,2.99,0.28,0.70
2018-08-28,9.67,9.60,9.73,9.59,13999,13998321.00,1.45,-0.31,-0.03,0.59
2018-08-29,9.60,9.90,10.31,9.56,26879,27624190.00,7.81,3.13,0.30,1.13
2018-08-30,9.80,9.41,9.97,9.40,23381,23292542.00,5.76,-4.95,-0.49,0.98
2018-08-31,9.42,9.42,9.52,9.32,11716,11452450.00,2.13,0.11,0.01,0.49
2018-09-03,9.43,9.24,9.48,9.05,12139,11601942.00,4.56,-1.91,-0.18,0.51
2018-09-04,9.24,9.34,9.40,9.20,10485,10143450.00,2.16,1.08,0.10,0.44
2018-09-05,9.34,9.29,9.48,9.26,10469,10206522.00,2.36,-0.54,-0.05,0.44
2018-09-06,9.29,9.06,9.40,9.05,11935,11391290.00,3.77,-2.48,-0.23,0.50
2018-09-07,9.08,9.18,9.30,9.07,9583,9138143.00,2.54,1.32,0.12,0.40
2018-09-10,9.20,8.89,9.21,8.86,11473,10759993.00,3.81,-3.16,-0.29,0.48
2018-09-11,8.92,8.95,9.05,8.85,8406,7842430.00,2.25,0.67,0.06,0.35
2018-09-12,8.98,8.97,9.04,8.86,6474,6042051.00,2.01,0.22,0.02,0.27
2018-09-13,9.01,8.94,9.12,8.90,7686,7158731.00,2.45,-0.33,-0.03,0.32
2018-09-14,9.03,8.84,9.03,8.84,8315,7700437.00,2.13,-1.12,-0.10,0.35
2018-09-17,8.79,8.46,8.83,8.46,11083,9926388.00,4.19,-4.30,-0.38,0.47
2018-09-18,8.44,8.56,8.62,8.41,12188,10805937.00,2.48,1.18,0.10,0.51
2018-09-19,8.65,8.94,9.03,8.57,19113,17558386.00,5.37,4.44,0.38,0.80
2018-09-20,8.87,8.78,8.95,8.78,11231,10320188.00,1.90,-1.79,-0.16,0.47
2018-09-21,8.82,8.95,8.97,8.77,12072,11152784.00,2.28,1.94,0.17,0.51
2018-09-25,8.96,8.79,8.96,8.73,14247,13043547.00,2.57,-1.79,-0.16,0.60
2018-09-26,8.85,8.79,8.88,8.70,13234,12140466.00,2.05,0.00,0.00,0.56
2018-09-27,8.79,8.54,8.85,8.53,15952,14357653.00,3.64,-2.84,-0.25,0.67
2018-09-28,8.58,8.80,8.82,8.57,16660,15134684.00,2.93,3.04,0.26,0.70
2018-10-08,8.80,8.59,8.80,8.56,13239,11967149.00,2.73,-2.39,-0.21,0.56
2018-10-09,8.55,8.54,8.73,8.53,11825,10591094.00,2.33,-0.58,-0.05,0.50
2018-10-10,8.59,8.67,8.70,8.55,8334,7499406.00,1.76,1.52,0.13,0.35
2018-10-11,8.53,7.77,8.53,7.77,23073,19126571.00,8.77,-10.38,-0.90,0.97
2018-10-12,7.55,7.44,7.67,7.08,21687,16795795.00,7.59,-4.25,-0.33,0.91
2018-10-15,7.44,7.28,7.60,7.27,11104,8630958.00,4.44,-2.15,-0.16,0.47
2018-10-16,7.40,7.03,7.40,7.00,14136,10637815.00,5.49,-3.43,-0.25,0.59
2018-10-17,7.15,6.92,7.15,6.76,13816,10092906.00,5.55,-1.56,-0.11,0.58
2018-10-18,6.92,6.79,6.94,6.73,11231,8058103.00,3.03,-1.88,-0.13,0.47
2018-10-19,6.79,6.89,6.90,6.57,13353,9535127.00,4.86,1.47,0.10,0.56
2018-10-22,6.95,7.40,7.43,6.95,24075,18301358.00,6.97,7.40,0.51,1.01
2018-10-23,7.27,7.43,7.71,7.27,29966,23545700.00,5.95,0.41,0.03,1.26
2018-10-24,7.43,7.39,7.63,7.38,18489,14516788.00,3.36,-0.54,-0.04,0.78
2018-10-25,7.25,7.26,7.38,7.15,19457,14810581.00,3.11,-1.76,-0.13,0.82
2018-10-26,7.35,7.35,7.51,7.32,18593,14414574.00,2.62,1.24,0.09,0.78
2018-10-29,7.47,7.23,7.47,7.18,16561,12688642.00,3.95,-1.63,-0.12,0.70
2018-10-30,7.35,7.38,7.42,7.15,20072,15381568.00,3.73,2.07,0.15,0.84
2018-10-31,7.43,7.44,7.52,7.35,15423,12026974.00,2.30,0.81,0.06,0.65
2018-11-01,7.45,7.52,7.62,7.45,22101,17411523.00,2.28,1.08,0.08,0.93
2018-11-02,7.65,7.77,7.77,7.56,22845,18312936.00,2.79,3.32,0.25,0.96
2018-11-05,7.81,7.78,7.87,7.66,20946,17024829.00,2.70,0.13,0.01,0.88
2018-11-06,7.79,7.80,7.83,7.72,15545,12617619.00,1.41,0.26,0.02,0.65
2018-11-07,7.92,7.88,8.00,7.81,20507,16967930.00,2.44,1.03,0.08,0.86
2018-11-08,7.96,7.82,7.98,7.79,15303,12600569.00,2.41,-0.76,-0.06,0.64
2018-11-09,7.84,7.86,7.95,7.75,11904,9743912.00,2.56,0.51,0.04,0.50
2018-11-12,7.87,8.06,8.11,7.78,19984,16672559.00,4.20,2.54,0.20,0.84
2018-11-13,7.94,8.30,8.33,7.94,25998,22167920.00,4.84,2.98,0.24,1.09
2018-11-14,8.39,8.21,8.44,8.19,23494,20346087.00,3.01,-1.08,-0.09,0.99
2018-11-15,8.21,8.69,8.92,8.21,41163,36782225.00,8.65,5.85,0.48,1.73
2018-11-16,8.75,8.64,8.79,8.51,25329,22713972.00,3.22,-0.58,-0.05,1.06
2018-11-19,8.59,8.64,8.75,8.53,21822,19578669.00,2.55,0.00,0.00,0.92
2018-11-20,8.55,8.50,8.71,8.44,20942,18719254.00,3.13,-1.62,-0.14,0.88
2018-11-21,8.40,8.40,8.46,8.29,21666,18891125.00,2.00,-1.18,-0.10,0.91
2018-11-22,8.48,8.46,8.54,8.37,17692,15582122.00,2.02,0.71,0.06,0.74
2018-11-23,8.39,7.76,8.52,7.75,24855,21017315.00,9.10,-8.27,-0.70,1.04
2018-11-26,7.76,8.07,8.24,7.70,27447,23114780.00,6.96,3.99,0.31,1.15
2018-11-27,8.05,8.65,8.72,8.05,42161,37210511.00,8.30,7.19,0.58,1.77
2018-11-28,8.65,8.39,8.66,8.34,36680,32220887.00,3.70,-3.01,-0.26,1.54
2018-11-29,8.41,8.04,8.51,8.02,29439,25461065.00,5.84,-4.17,-0.35,1.24
2018-11-30,8.02,8.00,8.10,7.87,18923,15761963.00,2.86,-0.50,-0.04,0.80
2018-12-03,8.17,8.19,8.25,8.05,37033,31481769.00,2.50,2.38,0.19,1.56
2018-12-04,8.19,8.21,8.28,8.14,17643,15081785.00,1.71,0.24,0.02,0.74
2018-12-05,8.10,8.14,8.22,8.03,15442,13090802.00,2.31,-0.85,-0.07,0.65
2018-12-06,8.16,7.95,8.16,7.91,15573,13051191.00,3.07,-2.33,-0.19,0.65
2018-12-07,8.35,8.19,8.53,8.18,58248,50583565.00,4.40,3.02,0.24,2.45
2018-12-10,7.80,7.88,7.99,7.80,34355,28333277.00,2.32,-3.79,-0.31,1.44
2018-12-11,7.85,7.86,7.92,7.78,16289,13330286.00,1.78,-0.25,-0.02,0.68
2018-12-12,7.86,7.78,7.89,7.71,14982,12214862.00,2.29,-1.02,-0.08,0.63
2018-12-13,7.76,7.86,7.93,7.75,15480,12688177.00,2.31,1.03,0.08,0.65
2018-12-14,7.79,7.58,7.83,7.56,19715,15952106.00,3.44,-3.56,-0.28,0.83
2018-12-17,7.51,7.43,7.63,7.35,15586,12209959.00,3.69,-1.98,-0.15,0.65
2018-12-18,7.41,7.38,7.53,7.32,16156,12548465.00,2.83,-0.67,-0.05,0.68
2018-12-19,7.46,7.30,7.48,7.28,13430,10389359.00,2.71,-1.08,-0.08,0.56
2018-12-20,7.30,7.39,7.44,7.27,10952,8451302.00,2.33,1.23,0.09,0.46
2018-12-21,7.31,7.34,7.39,7.21,10876,8325902.00,2.44,-0.68,-0.05,0.46
2018-12-24,7.31,7.38,7.41,7.23,11804,9039038.00,2.45,0.54,0.04,0.50
2018-12-25,7.29,7.16,7.32,6.99,17434,13028650.00,4.47,-2.98,-0.22,0.73
2018-12-26,7.19,7.16,7.22,7.06,9013,6769271.00,2.23,0.00,0.00,0.38
2018-12-27,7.28,7.03,7.33,7.01,10870,8192857.00,4.47,-1.82,-0.13,0.46
2018-12-28,7.05,7.03,7.13,6.95,9884,7304118.00,2.56,0.00,0.00,0.42