2017-01-03,8.01,8.10,8.13,7.99,27492,24899142.00,1.75,1.12,0.09,0.39
2017-01-04,8.13,8.17,8.17,8.06,45957,41749148.00,1.36,0.86,0.07,0.65
2017-01-05,8.19,8.15,8.22,8.13,40080,36588784.00,1.10,-0.24,-0.02,0.56
2017-01-06,8.15,8.19,8.21,8.12,27021,24641512.00,1.10,0.49,0.04,0.38
2017-01-09,8.19,8.20,8.22,8.09,34824,31770284.00,1.59,0.12,0.01,0.49
2017-01-10,8.16,8.18,8.23,8.16,29727,27242368.00,0.85,-0.24,-0.02,0.42
2017-01-11,8.13,8.04,8.19,8.04,26938,24442246.00,1.83,-1.71,-0.14,0.38
2017-01-12,8.04,7.99,8.10,7.99,23586,21207304.00,1.37,-0.62,-0.05,0.33
2017-01-13,7.99,7.89,8.03,7.87,28474,25396200.00,2.00,-1.25,-0.10,0.40
2017-01-16,7.85,7.72,7.91,7.53,55084,48004670.00,4.82,-2.15,-0.17,0.78
2017-01-17,7.71,7.82,7.84,7.64,26182,22813384.00,2.59,1.30,0.10,0.37
2017-01-18,7.80,7.85,7.92,7.75,24686,21747082.00,2.17,0.38,0.03,0.35
2017-01-19,7.85,7.79,7.86,7.77,25631,22490601.00,1.15,-0.76,-0.06,0.36
2017-01-20,7.79,7.88,7.92,7.79,31626,27922590.00,1.67,1.16,0.09,0.45
2017-01-23,7.87,7.85,7.94,7.79,56876,50174363.00,1.90,-0.38,-0.03,0.80
2017-01-24,7.87,7.84,7.90,7.75,47979,42040328.00,1.91,-0.13,-0.01,0.68
2017-01-25,7.81,7.81,7.84,7.75,33977,29752447.00,1.15,-0.38,-0.03,0.48
2017-01-26,7.81,7.88,7.89,7.80,28671,25298086.00,1.15,0.90,0.07,0.40
2017-02-03,7.88,7.84,7.88,7.80,18041,15868292.00,1.02,-0.51,-0.04,0.25
2017-02-06,7.89,7.89,7.94,7.84,59684,52740604.00,1.28,0.64,0.05,0.84
2017-02-07,7.91,7.83,7.91,7.79,72087,63414651.00,1.52,-0.76,-0.06,1.02
2017-02-08,7.80,7.86,7.86,7.74,74753,65416698.00,1.53,0.38,0.03,1.05
2017-02-09,7.86,8.04,8.07,7.82,115882,103027853.00,3.18,2.29,0.18,1.63
2017-02-10,8.04,8.08,8.22,7.97,154841,140613188.00,3.11,0.50,0.04,2.18
2017-02-13,8.08,8.20,8.25,7.97,156060,141139257.00,3.47,1.49,0.12,2.20
2017-02-14,8.17,8.16,8.24,8.07,101087,92005462.00,2.07,-0.49,-0.04,1.42
2017-02-15,8.14,8.32,8.57,8.10,285128,265578795.00,5.76,1.96,0.16,4.02
2017-02-16,8.24,8.35,8.40,8.21,155859,144206958.00,2.28,0.36,0.03,2.20
2017-02-17,8.40,8.15,8.40,8.15,103915,95655643.00,2.99,-2.40,-0.20,1.46
2017-02-20,8.11,8.24,8.28,8.11,93480,85801455.00,2.09,1.10,0.09,1.32
2017-02-21,8.23,8.25,8.26,8.18,127955,117366953.00,0.97,0.12,0.01,1.80
2017-02-22,8.27,8.28,8.30,8.20,100085,92115763.00,1.21,0.36,0.03,1.41
2017-02-23,8.26,8.21,8.27,8.17,84584,77479490.00,1.21,-0.85,-0.07,1.19
2017-02-24,8.24,8.28,8.42,8.21,107685,99830711.00,2.56,0.85,0.07,1.52
2017-02-27,8.30,8.42,8.47,8.26,179684,167803943.00,2.54,1.69,0.14,2.53
2017-02-28,8.42,8.45,8.48,8.33,110654,103726046.00,1.78,0.36,0.03,1.56
2017-03-01,8.43,8.39,8.49,8.36,91252,85607375.00,1.54,-0.71,-0.06,1.29
2017-03-02,8.40,8.26,8.42,8.23,87154,80722370.00,2.26,-1.55,-0.13,1.23
2017-03-03,8.22,8.26,8.33,8.21,56784,52401598.00,1.45,0.00,0.00,0.80
2017-03-06,8.25,8.36,8.40,8.25,64809,60290883.00,1.82,1.21,0.10,0.91
2017-03-07,8.36,8.38,8.41,8.33,56271,52518530.00,0.96,0.24,0.02,0.79
2017-03-08,8.36,8.31,8.43,8.28,50841,47321901.00,1.79,-0.84,-0.07,0.72
2017-03-09,8.27,8.18,8.31,8.15,61939,56688956.00,1.93,-1.56,-0.13,0.87
2017-03-10,8.18,8.27,8.28,8.17,38898,35747368.00,1.34,1.10,0.09,0.55
2017-03-13,8.22,8.25,8.28,8.18,48611,44656638.00,1.21,-0.24,-0.02,0.69
2017-03-14,8.26,8.23,8.28,8.21,38094,35051707.00,0.85,-0.24,-0.02,0.54
2017-03-15,8.23,8.19,8.23,8.15,44681,40809324.00,0.97,-0.49,-0.04,0.63
2017-03-16,8.19,8.28,8.28,8.18,55457,51076706.00,1.22,1.10,0.09,0.78
2017-03-17,8.28,8.20,8.31,8.19,46634,43024241.00,1.45,-0.97,-0.08,0.66
2017-03-20,8.19,8.26,8.26,8.15,68957,63213458.00,1.34,0.73,0.06,0.97
2017-03-21,8.26,8.23,8.28,8.18,36978,33981594.00,1.21,-0.36,-0.03,0.52
2017-03-22,8.19,8.11,8.21,8.05,64795,58945262.00,1.94,-1.46,-0.12,0.91
2017-03-23,8.13,8.18,8.21,8.07,50615,46109123.00,1.73,0.86,0.07,0.71
2017-03-24,8.18,8.22,8.23,8.13,57389,52484253.00,1.22,0.49,0.04,0.81
2017-03-27,8.22,8.19,8.28,8.18,57080,52429065.00,1.22,-0.36,-0.03,0.80
2017-03-28,8.18,8.35,8.44,8.17,112441,104466142.00,3.30,1.95,0.16,1.58
2017-03-29,8.34,8.40,8.49,8.26,131786,123428480.00,2.75,0.60,0.05,1.86
2017-03-30,8.46,8.47,8.62,8.34,221596,209689854.00,3.33,0.83,0.07,3.12
2017-03-31,8.44,8.25,8.52,8.17,137921,127517410.00,4.13,-2.60,-0.22,1.94
2017-04-05,8.20,8.34,8.35,8.14,87383,80833789.00,2.55,1.09,0.09,1.23
2017-04-06,8.34,8.26,8.34,8.23,69578,64238901.00,1.32,-0.96,-0.08,0.98
2017-04-07,8.27,8.18,8.27,8.16,78402,71860735.00,1.33,-0.97,-0.08,1.11
2017-04-10,8.22,8.15,8.26,8.13,85920,78714855.00,1.59,-0.37,-0.03,1.21
2017-04-11,8.15,8.29,8.29,8.12,79109,72587748.00,2.09,1.72,0.14,1.12
2017-04-12,8.30,8.18,8.31,8.17,68818,63178971.00,1.69,-1.33,-0.11,0.97
2017-04-13,8.20,8.20,8.23,8.17,46082,42173538.00,0.73,0.24,0.02,0.65
2017-04-14,8.20,7.93,8.20,7.87,113448,101944260.00,4.02,-3.29,-0.27,1.60
2017-04-17,7.93,7.92,7.98,7.86,34636,30729738.00,1.51,-0.13,-0.01,0.49
2017-04-18,7.95,7.91,8.02,7.87,32669,29128569.00,1.89,-0.13,-0.01,0.46
2017-04-19,7.91,7.94,7.95,7.73,47989,42140343.00,2.78,0.38,0.03,0.68
2017-04-20,7.87,7.79,7.94,7.74,58763,51573393.00,2.52,-1.89,-0.15,0.83
2017-04-21,7.79,7.75,7.84,7.73,25755,22502310.00,1.41,-0.51,-0.04,0.36
2017-04-24,7.77,7.59,7.78,7.58,49979,42977057.00,2.58,-2.06,-0.16,0.70
2017-04-25,7.59,7.70,7.79,7.55,33239,28785885.00,3.16,1.45,0.11,0.47
2017-04-26,7.70,7.56,7.74,7.54,63619,54436116.00,2.60,-1.82,-0.14,0.90
2017-04-27,7.57,7.57,7.59,7.35,46784,39369893.00,3.17,0.13,0.01,0.66
2017-04-28,7.64,7.72,7.74,7.60,64835,55958678.00,1.85,1.98,0.15,0.91
2017-05-02,7.71,7.62,7.71,7.58,45021,38595958.00,1.68,-1.30,-0.10,0.63
2017-05-03,7.59,7.49,7.66,7.43,53014,44971483.00,3.02,-1.71,-0.13,0.75
2017-05-04,7.49,7.41,7.51,7.39,40680,34188243.00,1.60,-1.07,-0.08,0.57
2017-05-05,7.38,7.26,7.38,7.24,52117,42986801.00,1.89,-2.02,-0.15,0.73
2017-05-08,7.24,7.09,7.24,7.08,33115,26899659.00,2.20,-2.34,-0.17,0.47
2017-05-09,7.14,7.18,7.20,7.09,22379,18178434.00,1.55,1.27,0.09,0.32
2017-05-10,7.15,7.09,7.22,7.06,29555,23991951.00,2.23,-1.25,-0.09,0.42
2017-05-11,7.09,6.97,7.13,6.82,43704,34643241.00,4.37,-1.69,-0.12,0.62
2017-05-12,6.97,6.93,7.02,6.88,23705,18700881.00,2.01,-0.57,-0.04,0.33
2017-05-15,6.94,6.93,7.02,6.93,20034,15866460.00,1.30,0.00,0.00,0.28
2017-05-16,6.93,7.04,7.06,6.81,34894,27552317.00,3.61,1.59,0.11,0.49
2017-05-17,7.04,7.04,7.09,7.02,24816,19890642.00,0.99,0.00,0.00,0.35
2017-05-18,7.00,6.99,7.03,6.95,16058,12770320.00,1.14,-0.71,-0.05,0.23
2017-05-19,7.00,7.06,7.08,6.98,18848,15055212.00,1.43,1.00,0.07,0.27
2017-05-22,7.07,6.95,7.10,6.93,21342,17013907.00,2.41,-1.56,-0.11,0.30
2017-05-23,6.97,6.69,6.97,6.67,35645,27773035.00,4.32,-3.74,-0.26,0.50
2017-05-24,6.70,6.76,6.80,6.64,22336,17149390.00,2.39,1.05,0.07,0.31
2017-05-25,6.81,6.83,6.86,6.68,27858,21248059.00,2.66,1.04,0.07,0.39
2017-05-26,6.83,6.83,6.89,6.81,19044,14664191.00,1.17,0.00,0.00,0.27
2017-05-31,6.87,6.85,6.94,6.84,26904,20870915.00,1.46,0.29,0.02,0.38
2017-06-01,6.87,6.76,6.88,6.74,19854,15259790.00,2.04,-1.31,-0.09,0.28
2017-06-02,6.76,6.85,6.86,6.69,17966,13717756.00,2.51,1.33,0.09,0.25
2017-06-05,6.88,6.90,6.93,6.86,17594,13655910.00,1.02,0.73,0.05,0.25
2017-06-06,6.92,6.93,6.96,6.88,14136,11001559.00,1.16,0.43,0.03,0.20
2017-06-07,6.96,7.06,7.07,6.91,28201,22189253.00,2.31,1.88,0.13,0.40
2017-06-08,7.05,7.03,7.09,7.00,21439,16952640.00,1.27,-0.42,-0.03,0.30
2017-06-09,7.05,7.01,7.05,6.97,20402,16038564.00,1.14,-0.28,-0.02,0.29
2017-06-12,6.98,6.92,6.99,6.91,18191,14214201.00,1.14,-1.28,-0.09,0.26
2017-06-13,6.92,7.06,7.07,6.89,24113,18965461.00,2.60,2.02,0.14,0.34
2017-06-14,7.04,7.09,7.12,7.02,24315,19306823.00,1.42,0.42,0.03,0.34
2017-06-15,7.09,7.22,7.27,7.05,34753,27953275.00,3.10,1.83,0.13,0.49
2017-06-16,7.17,7.23,7.25,7.17,27722,22385331.00,1.11,0.14,0.01,0.39
2017-06-19,7.21,7.26,7.29,7.18,20378,16543243.00,1.52,0.41,0.03,0.29
2017-06-20,7.26,7.21,7.30,7.20,22030,17881447.00,1.38,-0.69,-0.05,0.31
2017-06-21,7.24,7.19,7.25,7.12,26947,21643933.00,1.80,-0.28,-0.02,0.38
2017-06-22,7.20,7.06,7.21,7.04,23831,19098436.00,2.36,-1.81,-0.13,0.34
2017-06-23,7.04,7.11,7.19,7.02,16020,12748563.00,2.41,0.71,0.05,0.23
2017-06-26,7.10,7.19,7.20,7.08,19426,15571338.00,1.69,1.13,0.08,0.27
2017-06-27,7.17,7.16,7.22,7.12,18883,15172517.00,1.39,-0.42,-0.03,0.27
2017-06-28,7.19,7.10,7.19,7.09,13028,10401029.00,1.40,-0.84,-0.06,0.18
2017-06-29,7.10,7.12,7.15,7.10,10745,8578590.00,0.70,0.28,0.02,0.15
2017-06-30,7.11,7.17,7.17,7.09,17286,13817740.00,1.12,0.70,0.05,0.24
2017-07-03,7.15,7.24,7.25,7.11,20954,16904648.00,1.95,0.98,0.07,0.30
2017-07-04,7.25,7.20,7.25,7.18,15652,12614620.00,0.97,-0.55,-0.04,0.22
2017-07-05,7.17,7.25,7.29,7.17,18964,15351422.00,1.67,0.69,0.05,0.27
2017-07-06,7.24,7.23,7.26,7.18,17175,13874947.00,1.10,-0.28,-0.02,0.24
2017-07-07,7.23,7.26,7.27,7.20,19667,15946588.00,0.97,0.41,0.03,0.28
2017-07-10,7.24,7.24,7.27,7.20,22782,18446317.00,0.96,-0.28,-0.02,0.32
2017-07-11,7.20,7.14,7.25,7.14,23860,19240280.00,1.52,-1.38,-0.10,0.34
2017-07-12,7.11,7.07,7.16,7.00,28928,22919690.00,2.24,-0.98,-0.07,0.41
2017-07-13,7.07,7.09,7.12,7.04,19958,15853802.00,1.13,0.28,0.02,0.28
2017-07-14,7.09,7.11,7.17,7.08,15754,12598276.00,1.27,0.28,0.02,0.22
2017-07-17,7.14,6.92,7.14,6.79,42696,33381362.00,4.92,-2.67,-0.19,0.60
2017-07-18,6.92,6.99,7.01,6.85,25443,19815579.00,2.31,1.01,0.07,0.36
2017-07-19,6.99,7.05,7.08,6.95,25383,19970838.00,1.86,0.86,0.06,0.36
2017-07-20,7.01,7.17,7.23,6.98,31381,25169937.00,3.55,1.70,0.12,0.44
2017-07-21,7.17,7.12,7.20,7.10,21059,16847420.00,1.39,-0.70,-0.05,0.30
2017-07-24,7.12,7.17,7.18,7.08,16995,13588127.00,1.40,0.70,0.05,0.24
2017-07-25,7.17,7.24,7.24,7.12,31619,25447276.00,1.67,0.98,0.07,0.45
2017-07-26,7.24,7.17,7.26,7.14,21508,17290847.00,1.66,-0.97,-0.07,0.30
2017-07-27,7.18,7.26,7.26,7.14,38009,30693357.00,1.67,1.26,0.09,0.54
2017-07-28,7.28,7.37,7.42,7.25,66884,54877741.00,2.34,1.52,0.11,0.94
2017-07-31,7.39,7.31,7.40,7.29,43478,35541322.00,1.49,-0.81,-0.06,0.61
2017-08-01,7.31,7.31,7.36,7.26,46592,38097524.00,1.37,0.00,0.00,0.66
2017-08-02,7.33,7.22,7.33,7.20,36155,29315400.00,1.78,-1.23,-0.09,0.51
2017-08-03,7.19,7.23,7.29,7.19,23131,18766862.00,1.39,0.14,0.01,0.33
2017-08-04,7.23,7.22,7.26,7.20,21816,17650968.00,0.83,-0.14,-0.01,0.31
2017-08-07,7.22,7.28,7.28,7.20,29329,23779329.00,1.11,0.83,0.06,0.41
2017-08-08,7.28,7.87,7.91,7.24,201395,171163561.00,9.20,8.10,0.59,2.84
2017-08-09,7.75,7.64,7.78,7.52,120791,102347163.00,3.30,-2.92,-0.23,1.70
2017-08-10,7.57,7.46,7.60,7.40,72966,60866842.00,2.62,-2.36,-0.18,1.03
2017-08-11,7.39,7.40,7.51,7.37,47444,39365645.00,1.88,-0.80,-0.06,0.67
2017-08-14,7.44,7.44,7.49,7.39,52339,43445705.00,1.35,0.54,0.04,0.74
2017-08-15,7.46,7.43,7.49,7.40,34359,28498278.00,1.21,-0.13,-0.01,0.48
2017-08-16,7.42,7.51,7.54,7.40,43616,36307447.00,1.88,1.08,0.08,0.61
2017-08-17,7.51,7.51,7.53,7.45,31281,26146775.00,1.07,0.00,0.00,0.44
2017-08-18,7.50,7.50,7.55,7.46,30814,25751759.00,1.20,-0.13,-0.01,0.43
2017-08-21,7.49,7.50,7.51,7.46,25980,21675060.00,0.67,0.00,0.00,0.37
2017-08-22,7.51,7.49,7.55,7.46,36392,30422478.00,1.20,-0.13,-0.01,0.51
2017-08-23,7.44,7.31,7.44,7.28,57302,46875704.00,2.14,-2.40,-0.18,0.81
2017-08-24,7.29,7.28,7.31,7.25,21836,17752569.00,0.82,-0.41,-0.03,0.31
2017-08-25,7.25,7.34,7.35,7.25,18762,15332610.00,1.37,0.82,0.06,0.26
2017-08-28,7.33,7.40,7.44,7.32,27444,22636034.00,1.63,0.82,0.06,0.39
2017-08-29,7.43,7.38,7.44,7.37,22424,18536685.00,0.95,-0.27,-0.02,0.32
2017-08-30,7.38,7.35,7.39,7.34,22329,18366454.00,0.68,-0.41,-0.03,0.31
2017-08-31,7.37,7.40,7.41,7.34,17951,14789149.00,0.95,0.68,0.05,0.25
2017-09-01,7.40,7.39,7.42,7.35,20180,16633827.00,0.95,-0.14,-0.01,0.28
2017-09-04,7.40,7.35,7.42,7.32,29075,23859438.00,1.35,-0.54,-0.04,0.41
2017-09-05,7.35,7.39,7.41,7.31,23843,19647956.00,1.36,0.54,0.04,0.34
2017-09-06,7.40,7.41,7.42,7.34,19660,16228323.00,1.08,0.27,0.02,0.28
2017-09-07,7.40,7.44,7.46,7.40,35186,29208387.00,0.81,0.40,0.03,0.50
2017-09-08,7.44,7.49,7.51,7.42,32117,26784190.00,1.21,0.67,0.05,0.45
2017-09-11,7.51,7.51,7.52,7.45,25740,21480859.00,0.93,0.27,0.02,0.36
2017-09-12,7.51,7.44,7.53,7.43,29849,24899343.00,1.33,-0.93,-0.07,0.42
2017-09-13,7.44,7.47,7.48,7.42,23817,19833840.00,0.81,0.40,0.03,0.34
2017-09-14,7.46,7.56,7.58,7.42,48856,40955347.00,2.14,1.20,0.09,0.69
2017-09-15,7.54,7.53,7.58,7.48,25890,21672831.00,1.32,-0.40,-0.03,0.36
2017-09-18,7.53,7.54,7.59,7.50,25158,21137166.00,1.20,0.13,0.01,0.35
2017-09-19,7.54,7.49,7.57,7.48,25463,21307960.00,1.19,-0.66,-0.05,0.36
2017-09-20,7.49,7.48,7.50,7.43,24857,20679667.00,0.93,-0.13,-0.01,0.35
2017-09-21,7.47,7.45,7.50,7.43,20935,17423248.00,0.94,-0.40,-0.03,0.30
2017-09-22,7.44,7.42,7.47,7.39,24550,20352048.00,1.07,-0.40,-0.03,0.35
2017-09-25,7.37,7.42,7.46,7.37,22593,18686267.00,1.21,0.00,0.00,0.32
2017-09-26,7.42,7.40,7.44,7.38,14848,12271418.00,0.81,-0.27,-0.02,0.21
2017-09-27,7.39,7.40,7.43,7.38,13661,11283862.00,0.68,0.00,0.00,0.19
2017-09-28,7.38,7.33,7.41,7.33,13135,10817003.00,1.08,-0.95,-0.07,0.19
2017-09-29,7.39,7.35,7.39,7.33,16129,13250584.00,0.82,0.27,0.02,0.23
2017-10-09,7.38,7.43,7.50,7.38,26008,21599697.00,1.63,1.09,0.08,0.37
2017-10-10,7.43,7.50,7.51,7.43,29465,24591496.00,1.08,0.94,0.07,0.42
2017-10-11,7.50,7.51,7.60,7.49,32129,27024621.00,1.47,0.13,0.01,0.45
2017-10-12,7.48,7.52,7.54,7.47,25356,21223835.00,0.93,0.13,0.01,0.36
2017-10-13,7.52,7.51,7.55,7.49,50735,42495396.00,0.80,-0.13,-0.01,0.72
2017-10-16,7.50,7.34,7.56,7.34,28532,23654836.00,2.93,-2.26,-0.17,0.40
2017-10-17,7.33,7.29,7.37,7.20,20512,16729261.00,2.32,-0.68,-0.05,0.29
2017-10-18,7.30,7.30,7.39,7.29,20341,16645847.00,1.37,0.14,0.01,0.29
2017-10-19,7.31,7.17,7.34,7.15,21831,17677574.00,2.60,-1.78,-0.13,0.31
2017-10-20,7.17,7.27,7.28,7.15,10769,8707175.00,1.81,1.39,0.10,0.15
2017-10-23,7.24,7.30,7.34,7.23,13471,10967525.00,1.51,0.41,0.03,0.19
2017-10-24,7.32,7.33,7.38,7.25,21907,17906536.00,1.78,0.41,0.03,0.31
2017-10-25,7.35,7.33,7.35,7.28,17954,14664316.00,0.95,0.00,0.00,0.25
2017-10-26,7.33,7.33,7.38,7.29,16214,13273825.00,1.23,0.00,0.00,0.23
2017-10-27,7.33,7.34,7.36,7.29,18891,15452633.00,0.95,0.14,0.01,0.27
2017-10-30,7.34,7.16,7.34,7.14,20673,16695220.00,2.72,-2.45,-0.18,0.29
2017-10-31,7.16,7.28,7.29,7.16,14324,11594746.00,1.82,1.68,0.12,0.20
2017-11-01,7.29,7.35,7.36,7.28,15999,13098818.00,1.10,0.96,0.07,0.23
2017-11-02,7.31,7.38,7.39,7.29,35544,29188360.00,1.36,0.41,0.03,0.50
2017-11-03,7.69,7.33,7.69,7.27,61930,51719866.00,5.69,-0.68,-0.05,0.87
2017-11-06,7.24,7.23,7.29,7.11,34840,28082880.00,2.46,-1.36,-0.10,0.49
2017-11-07,7.20,7.28,7.29,7.18,24962,20263869.00,1.52,0.69,0.05,0.35
2017-11-08,7.29,7.27,7.32,7.24,15923,12949551.00,1.10,-0.14,-0.01,0.22
2017-11-09,7.26,7.31,7.36,7.23,23834,19453706.00,1.79,0.55,0.04,0.34
2017-11-10,7.27,7.38,7.38,7.27,22675,18613287.00,1.50,0.96,0.07,0.32
2017-11-13,7.37,7.42,7.45,7.35,23679,19596925.00,1.36,0.54,0.04,0.33
2017-11-14,7.42,7.43,7.46,7.36,29210,24155091.00,1.35,0.13,0.01,0.41
2017-11-15,7.43,7.42,7.53,7.39,62545,52203284.00,1.88,-0.13,-0.01,0.88
2017-11-16,7.42,7.44,7.53,7.38,48264,40170082.00,2.02,0.27,0.02,0.68
2017-11-17,7.43,7.38,7.51,7.31,59880,49652133.00,2.69,-0.81,-0.06,0.84
2017-11-20,7.38,7.61,7.61,7.31,72454,60666690.00,4.07,3.12,0.23,1.02
2017-11-21,7.55,7.56,7.62,7.48,52836,44381051.00,1.84,-0.66,-0.05,0.74
2017-11-22,7.55,7.52,7.60,7.45,45201,37808961.00,1.98,-0.53,-0.04,0.64
2017-11-23,7.49,7.23,7.51,7.14,38303,31417454.00,4.92,-3.86,-0.29,0.54
2017-11-24,7.19,7.29,7.32,7.16,23656,19172109.00,2.21,0.83,0.06,0.33
2017-11-27,7.52,7.42,7.60,7.41,60679,50782212.00,2.61,1.78,0.13,0.86
2017-11-28,7.36,7.39,7.47,7.34,30188,24859071.00,1.75,-0.40,-0.03,0.43
2017-11-29,7.38,7.43,7.49,7.36,27697,22969571.00,1.76,0.54,0.04,0.39
2017-11-30,7.38,7.34,7.41,7.32,22410,18395257.00,1.21,-1.21,-0.09,0.32
2017-12-01,7.32,7.36,7.40,7.30,15211,12489301.00,1.36,0.27,0.02,0.21
2017-12-04,7.34,7.53,7.57,7.34,45155,37661818.00,3.13,2.31,0.17,0.64
2017-12-05,7.54,7.49,7.54,7.43,36900,30775340.00,1.46,-0.53,-0.04,0.52
2017-12-06,7.48,7.37,7.48,7.20,37991,31014799.00,3.74,-1.60,-0.12,0.54
2017-12-07,7.33,7.25,7.33,7.24,20597,16754492.00,1.22,-1.63,-0.12,0.29
2017-12-08,7.24,7.40,7.40,7.24,21617,17698923.00,2.21,2.07,0.15,0.30
2017-12-11,7.37,7.34,7.45,7.30,19013,15605553.00,2.03,-0.81,-0.06,0.27
2017-12-12,7.32,7.26,7.33,7.25,14888,12124610.00,1.09,-1.09,-0.08,0.21
2017-12-13,7.28,7.38,7.38,7.25,17026,13918091.00,1.79,1.65,0.12,0.24
2017-12-14,7.35,7.29,7.35,7.27,19066,15546022.00,1.08,-1.22,-0.09,0.27
2017-12-15,7.29,7.33,7.33,7.25,20438,16639635.00,1.10,0.55,0.04,0.29
2017-12-18,7.33,7.24,7.35,7.24,15357,12523407.00,1.50,-1.23,-0.09,0.22
2017-12-19,7.23,7.25,7.32,7.23,14305,11614915.00,1.24,0.14,0.01,0.20
2017-12-20,7.27,7.22,7.29,7.21,13207,10691621.00,1.10,-0.41,-0.03,0.19
2017-12-21,7.22,7.29,7.30,7.21,18551,15040201.00,1.25,0.97,0.07,0.26
2017-12-22,7.24,7.22,7.28,7.21,20623,16696224.00,0.96,-0.96,-0.07,0.29
2017-12-25,7.17,7.04,7.20,6.91,31955,25228473.00,4.02,-2.49,-0.18,0.45
2017-12-26,7.04,7.20,7.24,6.99,21739,17394878.00,3.55,2.27,0.16,0.31
2017-12-27,7.16,7.19,7.28,7.16,11428,9238936.00,1.67,-0.14,-0.01,0.16
2017-12-28,7.19,7.24,7.28,7.15,10198,8241725.00,1.81,0.70,0.05,0.14
2017-12-29,7.31,7.26,7.31,7.23,11613,9432390.00,1.10,0.28,0.02,0.16