2017-02-17,12.44,12.30,13.12,12.30,158995,402642864.00,5.99,-10.22,-1.40,10.17
2017-02-20,11.64,11.06,11.64,11.04,193690,444337744.00,4.88,-10.08,-1.24,12.39
2017-02-21,10.95,11.10,11.16,10.86,80688,183499458.00,2.71,0.36,0.04,5.16
2017-02-22,11.09,11.23,11.45,11.05,79608,183981362.00,3.60,1.17,0.13,5.09
2017-02-23,11.25,11.19,11.29,11.06,48399,110608880.00,2.05,-0.36,-0.04,3.10
2017-02-24,11.15,11.23,11.28,11.12,41095,94660471.00,1.43,0.36,0.04,2.63
2017-02-27,11.24,11.14,11.40,10.74,54175,125101393.00,5.88,-0.80,-0.09,3.47
2017-02-28,11.10,11.16,11.21,11.07,30187,69051615.00,1.26,0.18,0.02,1.93
2017-03-01,11.18,11.25,11.30,11.08,44355,101864575.00,1.97,0.81,0.09,2.84
2017-03-02,11.24,11.09,11.25,11.09,36938,84501212.00,1.42,-1.42,-0.16,2.36
2017-03-03,11.12,11.17,11.19,10.97,33075,75383282.00,1.98,0.72,0.08,2.12
2017-03-06,11.19,11.36,11.36,11.16,50661,117539060.00,1.79,1.70,0.19,3.24
2017-03-07,11.39,11.82,11.90,11.32,94068,224120993.00,5.11,4.05,0.46,6.02
2017-03-08,11.75,11.63,11.85,11.61,50917,121951341.00,2.03,-1.61,-0.19,3.26
2017-03-09,11.60,11.59,11.75,11.56,34958,83530558.00,1.63,-0.34,-0.04,2.24
2017-03-10,11.59,11.63,11.72,11.56,30469,72834442.00,1.38,0.35,0.04,1.95
2017-03-13,11.63,11.83,11.83,11.51,44313,106464360.00,2.75,1.72,0.20,2.84
2017-03-14,11.85,11.75,11.89,11.66,32630,78533975.00,1.94,-0.68,-0.08,2.09
2017-03-15,11.73,11.65,11.73,11.52,37136,88480407.00,1.79,-0.85,-0.10,2.38
2017-03-16,11.74,11.88,11.99,11.59,74015,178285113.00,3.43,1.97,0.23,4.74
2017-03-17,11.95,11.55,11.95,11.55,53416,128783471.00,3.37,-2.78,-0.33,3.42
2017-03-20,11.58,11.61,11.70,11.51,25908,61522284.00,1.65,0.52,0.06,1.66
2017-03-21,11.57,11.52,11.64,11.45,30882,73108310.00,1.64,-0.78,-0.09,1.98
2017-03-22,11.49,11.24,11.49,11.23,31374,72963157.00,2.26,-2.43,-0.28,2.01
2017-03-23,11.24,11.33,11.38,11.09,25889,59928409.00,2.58,0.80,0.09,1.66
2017-03-24,11.32,11.43,11.43,11.20,23702,55153204.00,2.03,0.88,0.10,1.52
2017-03-27,11.44,11.44,11.54,11.38,20860,49034525.00,1.40,0.09,0.01,1.33
2017-03-28,11.43,11.43,11.50,11.36,20360,47705603.00,1.22,-0.09,-0.01,1.29
2017-03-29,11.35,11.09,11.35,11.04,41620,95265977.00,2.71,-2.97,-0.34,2.63
2017-03-30,11.03,10.45,11.10,10.45,44079,97014750.00,5.86,-5.77,-0.64,2.79
2017-03-31,10.48,10.52,10.60,10.41,21384,46180338.00,1.82,0.67,0.07,1.33
2017-04-05,10.65,10.94,10.94,10.59,28611,63703824.00,3.33,3.99,0.42,1.78
2017-04-06,10.98,11.26,11.70,10.94,49491,114572321.00,6.95,2.93,0.32,3.07
2017-04-07,11.19,11.26,11.41,11.12,30702,70976379.00,2.58,0.00,0.00,1.91
2017-04-10,11.20,10.71,11.22,10.70,50782,113134514.00,4.62,-4.88,-0.55,3.15
2017-04-11,10.82,11.08,11.08,10.80,38961,87691681.00,2.61,3.45,0.37,2.42
2017-04-12,11.01,10.86,11.01,10.79,22216,49871083.00,1.99,-1.99,-0.22,1.38
2017-04-13,10.88,11.05,11.12,10.86,22659,51395994.00,2.39,1.75,0.19,1.41
2017-04-14,11.09,11.12,11.24,10.91,36012,81951943.00,2.99,0.63,0.07,2.24
2017-04-17,10.83,10.61,10.97,10.30,45359,49285450.00,6.03,-4.59,-0.51,1.41
2017-04-18,10.64,10.03,10.73,9.81,66435,70198043.00,8.67,-5.47,-0.58,2.06
2017-04-19,9.97,10.20,10.30,9.76,47803,49134277.00,5.38,1.69,0.17,1.48
2017-04-20,10.17,9.74,10.28,9.73,53054,53877093.00,5.39,-4.51,-0.46,1.65
2017-04-21,9.82,9.40,9.85,9.28,62148,60818557.00,5.85,-3.49,-0.34,1.93
2017-04-24,9.36,8.63,9.36,8.63,67247,61835156.00,7.77,-8.19,-0.77,2.09
2017-04-25,8.71,8.61,8.88,8.59,47779,42940311.00,3.36,-0.23,-0.02,1.48
2017-04-26,8.67,8.60,8.72,8.56,34843,30920667.00,1.86,-0.12,-0.01,1.08
2017-04-27,8.58,8.83,8.90,8.29,59549,52729394.00,7.09,2.67,0.23,1.85
2017-05-08,9.25,9.74,9.74,9.25,164410,163271838.00,5.55,10.31,0.91,5.10
2017-05-09,9.65,10.05,10.23,9.53,263054,268161330.00,7.19,3.18,0.31,8.16
2017-05-10,9.75,9.50,9.86,9.45,173723,172160565.00,4.08,-5.47,-0.55,5.39
2017-05-11,9.27,9.11,9.38,8.85,112583,104601575.00,5.58,-4.11,-0.39,3.49
2017-05-12,9.08,8.91,9.27,8.91,87494,81521510.00,3.95,-2.20,-0.20,2.72
2017-05-15,8.85,8.69,9.09,8.69,90111,82112996.00,4.49,-2.47,-0.22,2.80
2017-05-16,8.68,9.58,9.58,8.46,132730,123117271.00,12.89,10.24,0.89,4.12
2017-05-17,9.71,9.46,9.90,9.46,162626,161485852.00,4.59,-1.25,-0.12,5.05
2017-05-18,9.55,9.83,10.29,9.35,185747,188426322.00,9.94,3.91,0.37,5.76
2017-05-19,9.80,9.35,9.91,9.35,144086,140890948.00,5.70,-4.88,-0.48,4.47
2017-05-22,9.47,8.86,9.47,8.85,87008,81115809.00,6.63,-5.24,-0.49,2.70
2017-05-23,8.85,8.65,9.03,8.54,84535,77006621.00,5.53,-2.37,-0.21,2.62
2017-05-24,8.65,9.03,9.03,8.41,106193,95960668.00,7.17,4.39,0.38,3.30
2017-05-25,8.96,9.00,9.17,8.70,101076,92548472.00,5.20,-0.33,-0.03,3.14
2017-05-26,9.00,9.10,9.25,8.93,91605,85805129.00,3.56,1.11,0.10,2.84
2017-05-31,9.24,8.79,9.38,8.78,91915,85668487.00,6.59,-3.41,-0.31,2.85
2017-06-01,8.68,8.27,8.74,8.26,81696,71710682.00,5.46,-5.92,-0.52,2.54
2017-06-02,8.19,8.38,8.51,7.93,67296,56800957.00,7.01,1.33,0.11,2.09
2017-06-05,8.35,8.55,8.60,8.32,49125,42880696.00,3.34,2.03,0.17,1.52
2017-06-06,8.75,8.65,9.04,8.55,84186,76263220.00,5.73,1.17,0.10,2.61
2017-06-07,8.54,8.94,9.02,8.52,93651,85261934.00,5.78,3.35,0.29,2.91
2017-06-08,9.00,8.96,9.20,8.92,89782,83618785.00,3.13,0.22,0.02,2.79
2017-06-09,8.88,8.99,9.00,8.78,55535,50719438.00,2.46,0.33,0.03,1.72
2017-06-12,8.93,8.54,8.93,8.46,62363,55893970.00,5.23,-5.01,-0.45,1.94
2017-06-13,8.50,8.81,8.89,8.50,57159,51645864.00,4.57,3.16,0.27,1.77
2017-06-14,8.83,8.76,8.90,8.69,48506,43755770.00,2.38,-0.57,-0.05,1.51
2017-06-15,8.76,9.02,9.17,8.75,98624,91562810.00,4.79,2.97,0.26,3.06
2017-06-16,9.04,9.02,9.13,8.97,58960,54754260.00,1.77,0.00,0.00,1.83
2017-06-19,8.97,9.10,9.15,8.94,60244,56006247.00,2.33,0.89,0.08,1.87
2017-06-20,9.10,9.07,9.37,9.05,92257,87093168.00,3.52,-0.33,-0.03,2.86
2017-06-21,9.11,8.99,9.19,8.90,71897,66605216.00,3.20,-0.88,-0.08,2.23
2017-06-22,8.99,8.61,9.01,8.57,81123,73658537.00,4.89,-4.23,-0.38,2.52
2017-06-23,8.65,8.58,8.70,8.38,68429,60233122.00,3.72,-0.35,-0.03,2.12
2017-06-26,8.56,8.74,8.81,8.55,49700,44456183.00,3.03,1.86,0.16,1.54
2017-06-27,8.70,8.79,8.90,8.70,42308,38293747.00,2.29,0.57,0.05,1.31
2017-06-28,8.75,8.61,8.81,8.53,48923,43455519.00,3.19,-2.05,-0.18,1.52
2017-06-29,8.66,8.77,9.13,8.56,52917,47926036.00,6.62,1.86,0.16,1.64
2017-06-30,8.75,8.74,8.78,8.62,33871,30356170.00,1.82,-0.34,-0.03,1.05
2017-07-03,8.75,8.80,8.84,8.67,40691,36733026.00,1.95,0.69,0.06,1.26
2017-07-04,8.73,8.70,8.83,8.66,40627,36457524.00,1.93,-1.14,-0.10,1.26
2017-07-05,8.75,8.87,8.90,8.69,62334,56480422.00,2.41,1.95,0.17,1.93
2017-07-06,8.89,8.76,8.91,8.70,54400,49247193.00,2.37,-1.24,-0.11,1.69
2017-07-07,8.77,8.71,8.80,8.71,41930,37685901.00,1.03,-0.57,-0.05,1.30
2017-07-10,8.66,8.62,8.78,8.57,55627,49445575.00,2.41,-1.03,-0.09,1.73
2017-07-11,8.64,8.59,8.78,8.58,56905,50954205.00,2.32,-0.35,-0.03,1.77
2017-07-12,8.65,8.39,8.65,8.24,77651,67055052.00,4.77,-2.33,-0.20,2.41
2017-07-13,8.41,8.26,8.45,8.25,43548,37189240.00,2.38,-1.55,-0.13,1.35
2017-07-14,8.17,8.11,8.22,8.06,52874,44238481.00,1.94,-1.82,-0.15,1.64
2017-07-17,8.06,7.27,8.09,7.27,89619,69630279.00,10.11,-10.36,-0.84,2.78
2017-07-18,7.13,7.23,7.30,6.92,80064,58957347.00,5.23,-0.55,-0.04,2.48
2017-07-19,7.15,7.21,7.24,7.07,39703,29432214.00,2.35,-0.28,-0.02,1.23
2017-07-20,7.18,7.20,7.36,7.18,41496,31187671.00,2.50,-0.14,-0.01,1.29
2017-07-21,7.25,7.31,7.49,7.25,44781,34064764.00,3.33,1.53,0.11,1.39
2017-07-24,7.34,7.39,7.44,7.27,43669,33189924.00,2.33,1.09,0.08,1.36
2017-07-25,7.37,7.29,7.43,7.24,39735,30078892.00,2.57,-1.35,-0.10,1.23
2017-07-26,7.29,7.83,8.03,7.24,106531,84506648.00,10.84,7.41,0.54,3.31
2017-07-27,7.63,7.95,7.99,7.55,113417,91469047.00,5.62,1.53,0.12,3.52
2017-07-28,7.89,7.77,7.94,7.77,58481,47215873.00,2.14,-2.26,-0.18,1.81
2017-07-31,7.87,7.82,7.88,7.61,57552,46022799.00,3.47,0.64,0.05,1.79
2017-08-01,7.77,7.85,7.85,7.68,55912,44788628.00,2.17,0.38,0.03,1.74
2017-08-02,7.80,7.64,7.85,7.63,47788,38082423.00,2.80,-2.68,-0.21,1.48
2017-08-03,7.64,7.67,7.84,7.63,42671,34075666.00,2.75,0.39,0.03,1.32
2017-08-04,7.64,7.74,7.85,7.64,46409,37132856.00,2.74,0.91,0.07,1.44
2017-08-07,7.74,7.74,7.85,7.71,32968,26399961.00,1.81,0.00,0.00,1.02
2017-08-08,7.73,7.74,7.80,7.65,37887,30248537.00,1.94,0.00,0.00,1.18
2017-08-09,7.75,7.79,7.81,7.69,35576,28465535.00,1.55,0.65,0.05,1.10
2017-08-10,7.79,7.57,7.81,7.55,51124,40518298.00,3.34,-2.82,-0.22,1.59
2017-08-11,7.54,7.69,7.70,7.43,57071,44800332.00,3.57,1.59,0.12,1.77
2017-08-14,7.65,8.48,8.48,7.65,98010,83016976.00,10.79,10.27,0.79,3.04
2017-08-15,9.15,9.35,9.35,8.89,341847,322001424.00,5.42,10.26,0.87,10.61
2017-08-16,9.52,9.63,9.93,9.37,515370,507420496.00,5.99,2.99,0.28,15.99
2017-08-17,9.53,10.14,10.61,9.38,541494,553604432.00,12.77,5.30,0.51,16.80
2017-08-18,9.89,9.67,9.99,9.57,347901,347722320.00,4.14,-4.64,-0.47,10.80
2017-08-21,9.73,9.78,9.89,9.52,230076,229683951.00,3.83,1.14,0.11,7.14
2017-08-22,9.73,9.49,9.73,9.36,189266,184763317.00,3.78,-2.97,-0.29,5.87
2017-08-23,9.52,9.32,9.57,9.25,138371,133312053.00,3.37,-1.79,-0.17,4.29
2017-08-24,9.41,9.02,9.42,8.95,158092,148151371.00,5.04,-3.22,-0.30,4.91
2017-08-25,9.13,9.13,9.20,8.94,131418,122813846.00,2.88,1.22,0.11,4.08
2017-08-28,9.09,9.76,9.86,9.06,296229,290256000.00,8.76,6.90,0.63,9.19
2017-08-29,9.65,9.56,9.71,9.45,159978,157005925.00,2.66,-2.05,-0.20,4.96
2017-08-30,9.51,9.83,10.07,9.49,220716,223396211.00,6.07,2.82,0.27,6.85
2017-08-31,9.94,9.79,10.02,9.60,140560,140531185.00,4.27,-0.41,-0.04,4.36
2017-09-01,9.72,9.81,9.93,9.58,156013,155481611.00,3.58,0.20,0.02,4.84
2017-09-04,9.91,10.23,10.63,9.74,316310,330296112.00,9.07,4.28,0.42,9.82
2017-09-05,10.16,9.90,10.16,9.76,170793,174004496.00,3.91,-3.23,-0.33,5.30
2017-09-06,9.83,9.81,9.89,9.56,140491,139909688.00,3.33,-0.91,-0.09,4.36
2017-09-07,9.79,9.56,9.94,9.55,139722,139562391.00,3.98,-2.55,-0.25,4.34
2017-09-08,9.52,9.46,9.67,9.40,96105,93685872.00,2.82,-1.05,-0.10,2.98
2017-09-11,9.47,9.73,9.73,9.35,105631,104017449.00,4.02,2.85,0.27,3.28
2017-09-12,9.72,9.51,9.77,9.50,102558,100861668.00,2.77,-2.26,-0.22,3.18
2017-09-13,9.52,9.53,9.69,9.49,60881,59766255.00,2.10,0.21,0.02,1.89
2017-09-14,9.52,9.45,9.59,9.40,65314,63540395.00,1.99,-0.84,-0.08,2.03
2017-09-15,9.37,9.36,9.43,9.26,57729,55339663.00,1.80,-0.95,-0.09,1.79
2017-09-18,9.45,9.74,9.74,9.33,119236,117379134.00,4.38,4.06,0.38,3.70
2017-09-19,9.77,9.56,9.83,9.50,84472,83566330.00,3.39,-1.85,-0.18,2.62
2017-09-20,9.51,9.59,9.64,9.32,75865,73869356.00,3.35,0.31,0.03,2.35
2017-09-21,9.57,9.27,9.59,9.27,86246,83432593.00,3.34,-3.34,-0.32,2.68
2017-09-22,9.20,9.30,9.34,8.99,78275,73781921.00,3.78,0.32,0.03,2.43
2017-09-25,9.28,8.97,9.43,8.96,73877,69979306.00,5.05,-3.55,-0.33,2.29
2017-09-26,9.00,8.87,9.10,8.77,68849,63050339.00,3.68,-1.11,-0.10,2.14
2017-09-27,8.93,9.06,9.10,8.83,59067,54564595.00,3.04,2.14,0.19,1.83
2017-09-28,9.06,9.07,9.22,9.03,54447,51140116.00,2.10,0.11,0.01,1.69
2017-09-29,9.07,9.35,9.37,9.03,70567,66832556.00,3.75,3.09,0.28,2.19
2017-10-09,9.60,9.52,9.68,9.46,97454,95484243.00,2.35,1.82,0.17,3.02
2017-10-10,9.43,9.52,9.54,9.36,87491,84887603.00,1.89,0.00,0.00,2.71
2017-10-11,9.46,9.06,9.52,9.03,93296,88677404.00,5.15,-4.83,-0.46,2.90
2017-10-12,8.96,9.15,9.20,8.95,51789,48493803.00,2.76,0.99,0.09,1.61
2017-10-13,9.16,9.08,9.20,9.01,40547,37813589.00,2.08,-0.77,-0.07,1.26
2017-10-16,9.05,8.54,9.05,8.54,89850,80728572.00,5.62,-5.95,-0.54,2.79
2017-10-17,8.54,8.57,8.63,8.45,36282,31953396.00,2.11,0.35,0.03,1.13
2017-10-18,8.58,8.13,8.59,8.09,79594,68286021.00,5.83,-5.13,-0.44,2.47
2017-10-19,8.20,8.17,8.20,8.00,45257,37875891.00,2.46,0.49,0.04,1.40
2017-10-20,8.17,8.25,8.25,8.04,35182,29667675.00,2.57,0.98,0.08,1.09
2017-10-23,8.31,8.34,8.43,8.23,31787,27214188.00,2.42,1.09,0.09,0.99
2017-10-24,8.33,8.15,8.33,8.05,38020,31972856.00,3.36,-2.28,-0.19,1.18
2017-10-25,8.18,8.30,8.32,8.10,34749,29382158.00,2.70,1.84,0.15,1.08
2017-10-26,8.23,8.48,8.49,8.20,60352,52034788.00,3.49,2.17,0.18,1.87
2017-10-27,8.47,8.32,8.47,8.25,48950,42010988.00,2.59,-1.89,-0.16,1.52
2017-10-30,8.26,7.81,8.31,7.70,65571,53362415.00,7.33,-6.13,-0.51,2.03
2017-10-31,8.10,8.62,8.62,8.06,164853,145513853.00,7.17,10.37,0.81,5.12
2017-11-01,8.66,8.91,9.11,8.55,286274,262020619.00,6.50,3.36,0.29,8.88
2017-11-02,8.75,8.58,8.75,8.48,134973,119723117.00,3.03,-3.70,-0.33,4.19
2017-11-03,8.45,8.57,8.62,8.24,114553,99360328.00,4.43,-0.12,-0.01,3.55
2017-11-06,8.50,8.87,8.89,8.44,133723,120201720.00,5.25,3.50,0.30,4.15
2017-11-07,8.80,8.77,8.85,8.62,82245,73749339.00,2.59,-1.13,-0.10,2.55
2017-11-08,8.67,8.55,8.67,8.46,103978,91469010.00,2.39,-2.51,-0.22,3.23
2017-11-09,8.49,8.39,8.53,8.28,79756,68775578.00,2.92,-1.87,-0.16,2.47
2017-11-10,8.36,8.41,8.49,8.35,58034,50259925.00,1.67,0.24,0.02,1.58
2017-11-13,8.38,8.15,8.42,8.07,77721,65448072.00,4.16,-3.09,-0.26,2.12
2017-11-14,8.15,8.03,8.15,7.99,53445,44377538.00,1.96,-1.47,-0.12,1.46
2017-11-15,8.03,8.06,8.15,7.99,40017,33295712.00,1.99,0.37,0.03,1.09
2017-11-16,8.06,7.88,8.08,7.85,38163,31327024.00,2.85,-2.23,-0.18,1.04
2017-11-17,7.87,7.42,7.87,7.38,86272,67806138.00,6.22,-5.84,-0.46,2.35
2017-11-20,7.43,7.63,7.65,7.13,52237,40054314.00,7.01,2.83,0.21,1.42
2017-11-21,7.56,7.57,7.66,7.43,43454,33863874.00,3.01,-0.79,-0.06,1.18
2017-11-22,7.58,7.61,7.69,7.49,43531,34131801.00,2.64,0.53,0.04,1.19
2017-11-23,7.61,7.27,7.63,7.27,42273,32542833.00,4.73,-4.47,-0.34,1.15
2017-11-24,7.32,7.45,7.71,7.32,61210,47850069.00,5.36,2.48,0.18,1.67
2017-11-27,7.45,7.54,7.59,7.34,39142,30305166.00,3.36,1.21,0.09,1.07
2017-11-28,8.08,8.32,8.32,8.08,42814,36557591.00,3.18,10.34,0.78,1.17
2017-11-29,9.03,8.16,9.03,8.15,237625,208356556.00,10.58,-1.92,-0.16,6.47
2017-11-30,8.01,8.32,8.73,7.94,186188,160637535.00,9.68,1.96,0.16,5.07
2017-12-01,8.25,8.15,8.33,8.07,126300,106551549.00,3.13,-2.04,-0.17,3.44
2017-12-04,8.18,8.24,8.25,7.91,97566,81453345.00,4.17,1.10,0.09,2.66
2017-12-05,8.05,7.63,8.22,7.55,89862,73260946.00,8.13,-7.40,-0.61,2.45
2017-12-06,7.73,7.84,7.89,7.57,73678,58982166.00,4.19,2.75,0.21,2.01
2017-12-07,7.81,8.00,8.09,7.72,61469,50200442.00,4.72,2.04,0.16,1.67
2017-12-08,8.21,8.26,8.50,8.11,108705,93118724.00,4.88,3.25,0.26,2.96
2017-12-11,8.15,8.32,8.46,8.15,80098,68855051.00,3.75,0.73,0.06,2.18
2017-12-12,8.21,8.01,8.33,7.96,72121,60454079.00,4.45,-3.73,-0.31,1.96
2017-12-13,7.96,8.25,8.25,7.96,72727,61172857.00,3.62,3.00,0.24,1.98
2017-12-14,8.22,8.14,8.22,8.06,49797,41724054.00,1.94,-1.33,-0.11,1.36
2017-12-15,8.14,8.24,8.27,8.10,54933,46396983.00,2.09,1.23,0.10,1.50
2017-12-18,8.17,7.97,8.28,7.83,72829,60330087.00,5.46,-3.28,-0.27,1.98
2017-12-19,7.96,8.15,8.19,7.95,57418,47846861.00,3.01,2.26,0.18,1.56
2017-12-20,8.15,7.93,8.17,7.92,51012,42333154.00,3.07,-2.70,-0.22,1.39
2017-12-21,7.96,7.83,7.96,7.67,54404,43879025.00,3.66,-1.26,-0.10,1.48
2017-12-22,7.84,7.77,7.87,7.71,40545,32572255.00,2.04,-0.77,-0.06,1.10
2017-12-25,7.71,7.46,7.74,7.40,54842,42870859.00,4.38,-3.99,-0.31,1.49
2017-12-26,7.44,7.56,7.60,7.44,37875,29477736.00,2.14,1.34,0.10,1.03
2017-12-27,7.55,7.47,7.62,7.44,35884,27913857.00,2.38,-1.19,-0.09,0.98
2017-12-28,7.48,7.40,7.57,7.40,39333,30416125.00,2.28,-0.94,-0.07,1.07
2017-12-29,7.39,7.49,7.49,7.37,34490,26494511.00,1.62,1.22,0.09,0.94