2016-01-04,13.47,11.72,13.47,11.66,52322,91915952.00,13.67,-11.48,-1.52,0.75
2016-01-05,11.36,11.38,11.93,10.70,76935,124215572.00,10.49,-2.90,-0.34,1.10
2016-01-06,11.52,12.20,12.25,11.39,64718,107691155.00,7.56,7.21,0.82,0.93
2016-01-07,12.13,10.65,12.13,10.65,20437,32985111.00,12.13,-12.70,-1.55,0.29
2016-01-08,11.20,10.85,11.49,9.75,73450,114013723.00,16.34,1.88,0.20,1.05
2016-01-11,10.30,9.47,10.60,9.44,73233,107698976.00,10.69,-12.72,-1.38,1.05
2016-01-12,9.53,9.28,9.79,8.93,49269,68661982.00,9.08,-2.01,-0.19,0.70
2016-01-13,9.38,9.06,9.72,8.95,42364,59266096.00,8.30,-2.37,-0.22,0.61
2016-01-14,8.56,9.41,9.47,8.53,41990,57651135.00,10.38,3.86,0.35,0.60
2016-01-15,9.36,8.65,9.41,8.54,48044,65034131.00,9.25,-8.08,-0.76,0.69
2016-01-18,8.31,8.71,8.95,8.22,41315,54766598.00,8.44,0.69,0.06,0.59
2016-01-19,8.65,9.07,9.13,8.62,51777,69870578.00,5.86,4.13,0.36,0.74
2016-01-20,8.93,8.95,9.34,8.84,46313,63200883.00,5.51,-1.32,-0.12,0.66
2016-01-21,8.74,8.50,9.16,8.48,41083,55125545.00,7.60,-5.03,-0.45,0.59
2016-01-22,8.63,8.73,8.84,8.46,29655,39119423.00,4.47,2.71,0.23,0.42
2016-01-25,8.76,9.11,9.12,8.76,42095,57036857.00,4.12,4.35,0.38,0.60
2016-01-26,8.92,7.94,8.98,7.86,46405,60483985.00,12.29,-12.84,-1.17,0.66
2016-01-27,8.07,7.53,8.16,7.17,69756,83185497.00,12.47,-5.16,-0.41,1.00
2016-01-28,7.47,7.24,7.71,7.20,31814,37819710.00,6.77,-3.85,-0.29,0.45
2016-01-29,7.25,7.61,7.73,7.25,33026,39588903.00,6.63,5.11,0.37,0.47
2016-02-01,7.66,7.56,7.94,7.38,39085,47373661.00,7.36,-0.66,-0.05,0.56
2016-02-02,7.83,7.88,7.94,7.38,37928,46593294.00,7.41,4.23,0.32,0.54
2016-02-03,7.71,7.90,7.92,7.65,26099,31891285.00,3.43,0.25,0.02,0.37
2016-02-04,7.92,8.09,8.21,7.92,31429,39538374.00,3.67,2.41,0.19,0.45
2016-02-05,8.13,7.98,8.29,7.96,24716,31085229.00,4.08,-1.36,-0.11,0.35
2016-02-15,7.67,7.82,7.96,7.45,25561,31049777.00,6.39,-2.01,-0.16,0.37
2016-02-16,7.86,8.45,8.45,7.86,36787,47032140.00,7.54,8.06,0.63,0.53
2016-02-17,8.45,8.55,8.55,8.29,36734,47593330.00,3.08,1.18,0.10,0.53
2016-02-18,8.65,8.44,8.95,8.39,41140,54321524.00,6.55,-1.29,-0.11,0.59
2016-02-19,8.38,8.49,8.56,8.38,24923,32330989.00,2.13,0.59,0.05,0.36
2016-02-22,8.70,8.75,8.81,8.55,38536,51011042.00,3.06,3.06,0.26,0.55
2016-02-23,8.88,8.56,8.88,8.39,35446,46539804.00,5.60,-2.17,-0.19,0.51
2016-02-24,8.54,8.59,8.69,8.38,29879,39043367.00,3.62,0.35,0.03,0.43
2016-02-25,8.56,7.68,8.65,7.56,52154,65546914.00,12.69,-10.59,-0.91,0.75
2016-02-26,7.74,7.82,7.88,7.63,27944,34256111.00,3.26,1.82,0.14,0.40
2016-02-29,7.65,7.25,7.74,7.11,41840,49031717.00,8.06,-7.29,-0.57,0.60
2016-03-01,7.34,7.45,7.60,7.21,36359,42948079.00,5.38,2.76,0.20,0.52
2016-03-02,7.43,8.54,8.54,7.39,63233,78920784.00,15.44,14.63,1.09,0.90
2016-03-03,8.57,8.69,9.20,8.54,99649,133604483.00,7.73,1.76,0.15,1.42
2016-03-04,8.57,8.29,8.79,8.22,55632,72294718.00,6.56,-4.60,-0.40,0.80
2016-03-07,8.47,8.49,8.64,8.25,44814,58155753.00,4.70,2.41,0.20,0.64
2016-03-08,8.37,8.41,8.43,7.78,45199,56927112.00,7.66,-0.94,-0.08,0.65
2016-03-09,8.12,8.04,8.21,7.89,31387,39434145.00,3.80,-4.40,-0.37,0.45
2016-03-10,8.06,7.70,8.14,7.70,29702,36687067.00,5.47,-4.23,-0.34,0.42
2016-03-11,7.70,7.71,7.86,7.59,22014,26835345.00,3.51,0.13,0.01,0.31
2016-03-14,7.89,8.12,8.34,7.89,39725,50364397.00,5.84,5.32,0.41,0.57
2016-03-15,8.11,8.02,8.15,7.95,24316,30441130.00,2.46,-1.23,-0.10,0.35
2016-03-16,8.11,7.85,8.20,7.80,31711,39424028.00,4.99,-2.12,-0.17,0.45
2016-03-17,8.00,8.20,8.25,7.84,48866,61545184.00,5.22,4.46,0.35,0.70
2016-03-18,8.23,8.72,8.76,8.23,69219,90773243.00,6.46,6.34,0.52,0.99
2016-03-21,8.82,8.95,8.99,8.75,60198,80964842.00,2.75,2.64,0.23,0.86
2016-03-22,8.85,8.80,8.94,8.75,47373,63419803.00,2.12,-1.68,-0.15,0.68
2016-03-23,8.79,8.89,8.96,8.70,36480,49038525.00,2.95,1.02,0.09,0.52
2016-03-24,8.78,8.62,8.78,8.57,46513,61544796.00,2.36,-3.04,-0.27,0.66
2016-03-25,8.55,8.98,8.98,8.55,49951,66814403.00,4.99,4.18,0.36,0.71
2016-03-28,9.25,9.23,9.72,9.15,133801,188018992.00,6.35,2.78,0.25,1.91
2016-03-29,9.31,8.85,9.34,8.72,68208,92677883.00,6.72,-4.12,-0.38,0.98
2016-03-30,9.11,9.21,9.25,8.85,59367,80843135.00,4.52,4.07,0.36,0.85
2016-03-31,9.23,9.05,9.26,8.97,52368,71640938.00,3.15,-1.74,-0.16,0.75
2016-04-01,8.96,9.05,9.16,8.78,42621,57924550.00,4.20,0.00,0.00,0.61
2016-04-05,8.94,9.24,9.32,8.94,52388,72197665.00,4.20,2.10,0.19,0.75
2016-04-06,9.24,9.31,9.45,9.16,60666,84477438.00,3.14,0.76,0.07,0.87
2016-04-07,9.29,9.22,9.53,9.20,65602,91665770.00,3.54,-0.97,-0.09,0.94
2016-04-08,9.06,8.93,9.19,8.69,71565,96307136.00,5.42,-3.15,-0.29,1.02
2016-04-11,9.02,9.51,9.52,8.98,64864,90090435.00,6.05,6.49,0.58,0.93
2016-04-12,9.47,9.75,9.83,9.39,103403,147730931.00,4.63,2.52,0.24,1.48
2016-05-05,10.26,10.13,10.75,10.02,163780,243134246.00,7.49,3.90,0.38,2.34
2016-05-06,10.06,9.47,10.25,9.38,84956,121324353.00,8.59,-6.52,-0.66,1.21
2016-05-09,9.38,8.72,9.38,8.65,52580,69498146.00,7.71,-7.92,-0.75,0.75
2016-05-10,8.54,8.65,8.84,8.54,24852,32380134.00,3.44,-0.80,-0.07,0.36
2016-05-11,8.65,8.66,8.99,8.65,40810,53861132.00,3.93,0.12,0.01,0.58
2016-05-12,8.58,8.47,8.58,8.06,28030,35702244.00,6.00,-2.19,-0.19,0.40
2016-05-13,8.48,8.33,8.64,8.25,31446,40011943.00,4.60,-1.65,-0.14,0.45
2016-05-16,8.26,8.46,8.47,8.11,26884,33928477.00,4.32,1.56,0.13,0.38
2016-05-17,8.55,8.36,8.56,8.19,27400,34622470.00,4.37,-1.18,-0.10,0.39
2016-05-18,8.29,7.84,8.29,7.75,56447,68913558.00,6.46,-6.22,-0.52,0.81
2016-05-19,7.82,7.90,8.10,7.82,28129,34519242.00,3.57,0.77,0.06,0.40
2016-05-20,7.83,8.07,8.11,7.76,22098,27005480.00,4.43,2.15,0.17,0.32
2016-05-23,8.10,8.23,8.34,7.93,26599,33342310.00,5.08,1.98,0.16,0.38
2016-05-24,8.18,8.29,8.55,8.15,41178,52201004.00,4.86,0.73,0.06,0.59
2016-05-25,8.34,8.18,8.45,8.14,18420,23137682.00,3.74,-1.33,-0.11,0.26
2016-05-26,8.20,8.21,8.28,7.89,26789,33072278.00,4.77,0.37,0.03,0.38
2016-05-27,8.24,8.19,8.29,8.11,15838,19815552.00,2.19,-0.24,-0.02,0.23
2016-05-30,8.12,8.08,8.20,7.95,16316,20226228.00,3.05,-1.34,-0.11,0.23
2016-05-31,8.06,8.55,8.61,8.05,41845,53180878.00,6.93,5.82,0.47,0.60
2016-06-01,8.65,8.46,8.65,8.44,35338,45426038.00,2.46,-1.05,-0.09,0.51
2016-06-02,8.46,8.47,8.51,8.30,42046,53445422.00,2.48,0.12,0.01,0.60
2016-06-03,8.47,8.57,8.64,8.34,44034,56523462.00,3.54,1.18,0.10,0.63
2016-06-06,8.66,9.09,9.35,8.57,85428,114617041.00,9.10,6.07,0.52,1.22
2016-06-07,8.91,8.89,9.11,8.78,50717,67515523.00,3.63,-2.20,-0.20,0.73
2016-06-08,8.82,8.83,8.96,8.71,28338,37467565.00,2.81,-0.67,-0.06,0.41
2016-06-13,8.61,8.15,8.70,8.10,36327,46467715.00,6.80,-7.70,-0.68,0.52
2016-06-14,8.08,8.19,8.31,8.02,30860,38474687.00,3.56,0.49,0.04,0.44
2016-06-15,8.02,8.62,8.63,8.02,42527,54126932.00,7.45,5.25,0.43,0.61
2016-06-16,8.55,8.38,8.55,8.29,39050,49716344.00,3.02,-2.78,-0.24,0.56
2016-06-17,8.35,8.48,8.61,8.35,30777,39543247.00,3.10,1.19,0.10,0.44
2016-06-20,8.55,8.44,8.55,8.24,28299,35987540.00,3.66,-0.47,-0.04,0.40
2016-06-21,8.55,8.45,8.78,8.41,34599,44735728.00,4.38,0.12,0.01,0.49
2016-06-22,8.45,8.82,8.85,8.44,53131,69551810.00,4.85,4.38,0.37,0.76
2016-06-23,8.78,8.84,8.91,8.67,41786,55060212.00,2.72,0.23,0.02,0.60
2016-06-24,8.81,9.05,9.34,8.54,84718,112570696.00,9.05,2.38,0.21,1.21
2016-06-27,8.91,9.18,9.20,8.88,49431,66759310.00,3.54,1.44,0.13,0.71
2016-06-28,9.15,9.11,9.18,8.78,42417,56967737.00,4.36,-0.76,-0.07,0.61
2016-06-29,9.15,9.07,9.24,8.94,28718,38661075.00,3.29,-0.44,-0.04,0.41
2016-06-30,9.08,9.29,9.50,9.00,46137,62808094.00,5.51,2.43,0.22,0.66
2016-07-01,9.31,9.14,9.37,9.14,33971,46369254.00,2.48,-1.61,-0.15,0.49
2016-07-04,9.04,9.25,9.30,9.04,29491,40225473.00,2.84,1.20,0.11,0.42
2016-07-05,9.29,9.24,9.35,9.16,28072,38267390.00,2.05,-0.11,-0.01,0.40
2016-07-06,9.23,9.22,9.32,9.13,23403,31909469.00,2.06,-0.22,-0.02,0.33
2016-07-07,9.23,9.38,9.49,9.17,48125,66381063.00,3.47,1.74,0.16,0.69
2016-07-08,9.31,9.16,9.38,9.12,33988,46182960.00,2.77,-2.35,-0.22,0.49
2016-07-11,9.23,9.23,9.45,9.15,47901,65538938.00,3.28,0.76,0.07,0.68
2016-07-12,9.12,9.76,9.88,9.12,97768,137553285.00,8.23,5.74,0.53,1.40
2016-07-13,9.75,9.68,9.83,9.60,47699,67549327.00,2.36,-0.82,-0.08,0.68
2016-07-14,9.68,9.56,9.68,9.47,39660,55486826.00,2.17,-1.24,-0.12,0.57
2016-07-15,9.52,9.48,9.64,9.40,30442,42376800.00,2.51,-0.84,-0.08,0.44
2016-07-18,9.49,9.57,9.60,9.25,40574,56255258.00,3.69,0.95,0.09,0.58
2016-07-19,9.56,9.42,9.56,9.33,32227,44589957.00,2.40,-1.57,-0.15,0.46
2016-07-20,9.45,9.57,9.80,9.43,45255,63674715.00,3.93,1.59,0.15,0.65
2016-07-21,9.58,9.45,9.71,9.42,32352,45261234.00,3.03,-1.25,-0.12,0.46
2016-07-22,9.42,9.36,9.50,9.29,32295,44567740.00,2.22,-0.95,-0.09,0.46
2016-07-25,9.32,9.45,9.50,9.32,20964,29006946.00,1.92,0.96,0.09,0.30
2016-07-26,9.45,9.54,9.54,9.44,18251,25382427.00,1.06,0.95,0.09,0.26
2016-07-27,9.55,9.00,9.67,8.92,58265,79706806.00,7.86,-5.66,-0.54,0.83
2016-07-28,8.97,9.06,9.15,8.93,35137,47131937.00,2.44,0.67,0.06,0.50
2016-07-29,9.02,9.05,9.10,8.98,16973,22798536.00,1.32,-0.11,-0.01,0.24
2016-08-01,9.05,8.76,9.09,8.64,21991,28945922.00,4.97,-3.20,-0.29,0.31
2016-08-02,8.84,8.95,9.00,8.77,15445,20533358.00,2.63,2.17,0.19,0.22
2016-08-03,8.95,9.11,9.11,8.84,12330,16520678.00,3.02,1.79,0.16,0.18
2016-08-04,9.11,9.02,9.20,8.97,17645,23669103.00,2.52,-0.99,-0.09,0.25
2016-08-05,9.06,9.28,9.38,9.06,32641,44629235.00,3.55,2.88,0.26,0.47
2016-08-08,9.26,9.73,9.76,9.26,68185,95773336.00,5.39,4.85,0.45,0.97
2016-08-09,9.75,9.60,9.79,9.55,61449,86370172.00,2.47,-1.34,-0.13,0.88
2016-08-10,9.74,9.47,9.83,9.47,40162,56344995.00,3.75,-1.35,-0.13,0.57
2016-08-11,9.48,9.41,9.65,9.38,22418,31214065.00,2.85,-0.63,-0.06,0.32
2016-08-12,9.41,9.55,9.58,9.39,20408,28427501.00,2.02,1.49,0.14,0.29
2016-08-15,9.50,9.76,9.85,9.50,63849,90732883.00,3.66,2.20,0.21,0.91
2016-08-16,9.84,9.80,10.08,9.79,50662,72940669.00,2.97,0.41,0.04,0.72
2016-08-17,9.77,9.79,9.93,9.73,24527,34973834.00,2.04,-0.10,-0.01,0.35
2016-08-18,9.79,9.71,9.87,9.66,27700,39371839.00,2.15,-0.82,-0.08,0.40
2016-08-19,9.72,9.69,9.76,9.63,30574,43224972.00,1.34,-0.21,-0.02,0.44
2016-08-22,9.64,9.54,9.69,9.49,22931,32112109.00,2.06,-1.55,-0.15,0.33
2016-08-23,9.45,9.58,9.63,9.45,13675,19166532.00,1.89,0.42,0.04,0.20
2016-08-24,9.56,9.40,9.65,9.38,30319,42076469.00,2.82,-1.88,-0.18,0.43
2016-08-25,9.38,9.36,9.44,9.11,15206,20878315.00,3.51,-0.43,-0.04,0.22
2016-08-26,9.40,9.49,9.56,9.40,20369,28403403.00,1.71,1.39,0.13,0.29
2016-08-29,9.52,9.43,9.55,9.40,13857,19259003.00,1.58,-0.63,-0.06,0.20
2016-08-30,9.42,9.43,9.49,9.39,10814,14983847.00,1.06,0.00,0.00,0.15
2016-08-31,9.41,9.43,9.56,9.33,21853,30287537.00,2.44,0.00,0.00,0.31
2016-09-01,9.37,9.25,9.49,9.24,23359,32054617.00,2.65,-1.91,-0.18,0.33
2016-09-02,9.22,9.30,9.36,9.13,16715,22846245.00,2.49,0.54,0.05,0.24
2016-09-05,9.39,9.25,9.43,9.21,14375,19742125.00,2.37,-0.54,-0.05,0.21
2016-09-06,9.29,9.40,9.41,9.11,23691,32414096.00,3.24,1.62,0.15,0.34
2016-09-07,9.41,9.39,9.50,9.38,18342,25413282.00,1.28,-0.11,-0.01,0.26
2016-09-08,9.42,9.35,9.49,9.29,17692,24365779.00,2.13,-0.43,-0.04,0.25
2016-09-09,9.40,9.64,9.75,9.34,69312,97465207.00,4.39,3.10,0.29,0.99
2016-09-12,9.51,9.41,9.60,9.38,38525,53558971.00,2.28,-2.39,-0.23,0.55
2016-09-13,9.60,9.52,9.74,9.46,37852,53014490.00,2.98,1.17,0.11,0.54
2016-09-14,9.52,9.52,9.56,9.20,35467,48731703.00,3.78,0.00,0.00,0.51
2016-09-19,9.53,9.62,9.68,9.48,27809,39048680.00,2.10,1.05,0.10,0.40
2016-09-20,9.62,9.35,9.70,9.27,33994,47144990.00,4.47,-2.81,-0.27,0.49
2016-09-21,9.35,9.36,9.45,9.31,17940,24737798.00,1.50,0.11,0.01,0.26
2016-09-22,9.37,9.36,9.44,9.32,21341,29413208.00,1.28,0.00,0.00,0.31
2016-09-23,9.41,9.34,9.42,9.32,12958,17840087.00,1.07,-0.21,-0.02,0.19
2016-09-26,9.34,9.11,9.38,9.11,19869,27009379.00,2.89,-2.46,-0.23,0.28
2016-09-27,9.15,9.21,9.25,9.11,11355,15412542.00,1.54,1.10,0.10,0.16
2016-09-28,9.33,9.15,9.33,9.11,9484,12908292.00,2.39,-0.65,-0.06,0.14
2016-09-29,9.15,9.20,9.24,9.11,13620,18492021.00,1.42,0.55,0.05,0.19
2016-09-30,9.23,9.25,9.31,9.12,11062,15111170.00,2.07,0.54,0.05,0.16
2016-10-10,9.29,9.42,9.46,9.24,24932,34309205.00,2.38,1.84,0.17,0.36
2016-10-11,9.42,9.44,9.49,9.37,18687,25888086.00,1.27,0.21,0.02,0.27
2016-10-12,9.43,9.50,9.54,9.38,26091,36278471.00,1.69,0.64,0.06,0.37
2016-10-13,9.50,9.47,9.57,9.42,24423,33911580.00,1.58,-0.32,-0.03,0.35
2016-10-14,9.47,9.46,9.55,9.37,17641,24438654.00,1.90,-0.11,-0.01,0.25
2016-10-17,9.47,9.33,9.50,9.27,17225,23814119.00,2.43,-1.37,-0.13,0.25
2016-10-18,9.32,9.50,9.50,9.28,18951,26239242.00,2.36,1.82,0.17,0.27
2016-10-19,9.50,9.35,9.53,9.28,22352,30882893.00,2.63,-1.58,-0.15,0.32
2016-10-20,9.35,9.35,9.39,9.29,17436,23966395.00,1.07,0.00,0.00,0.25
2016-10-21,9.35,9.36,9.38,9.20,21107,28922305.00,1.93,0.11,0.01,0.30
2016-10-24,9.32,9.38,9.45,9.31,43221,59650842.00,1.50,0.21,0.02,0.62
2016-10-25,9.40,9.41,9.50,9.35,28480,39463676.00,1.60,0.32,0.03,0.41
2016-10-26,9.45,9.49,9.52,9.38,35594,49469612.00,1.49,0.85,0.08,0.51
2016-10-27,9.51,9.37,9.52,9.30,21068,29107966.00,2.32,-1.26,-0.12,0.30
2016-10-28,9.37,9.23,9.43,9.21,19237,26411820.00,2.35,-1.49,-0.14,0.28
2016-10-31,9.22,9.26,9.30,9.17,14645,19995190.00,1.41,0.33,0.03,0.21
2016-11-01,9.26,9.39,9.42,9.26,22384,30851294.00,1.73,1.40,0.13,0.32
2016-11-02,9.38,9.29,9.41,9.25,17794,24466708.00,1.70,-1.06,-0.10,0.25
2016-11-03,9.25,9.34,9.38,9.22,21418,29411462.00,1.72,0.54,0.05,0.31
2016-11-04,9.34,9.30,9.44,9.27,18940,26102673.00,1.82,-0.43,-0.04,0.27
2016-11-07,9.37,9.73,10.07,9.36,97008,138329981.00,7.63,4.62,0.43,1.39
2016-11-08,9.82,9.75,9.82,9.57,57217,80910876.00,2.57,0.21,0.02,0.82
2016-11-09,9.75,9.58,9.78,9.43,50818,71369249.00,3.59,-1.74,-0.17,0.73
2016-11-10,9.65,9.84,9.84,9.65,61634,87662306.00,1.98,2.71,0.26,0.88
2016-11-11,9.84,9.74,10.01,9.66,44312,63094538.00,3.56,-1.02,-0.10,0.63
2016-11-14,9.79,9.64,9.80,9.59,36869,52180306.00,2.16,-1.03,-0.10,0.53
2016-11-15,9.65,9.77,9.78,9.61,30228,42770608.00,1.76,1.35,0.13,0.43
2016-11-16,9.88,9.85,9.96,9.72,47651,68302536.00,2.46,0.82,0.08,0.68
2016-11-17,9.85,10.28,10.45,9.79,100861,148041934.00,6.70,4.37,0.43,1.44
2016-11-18,10.37,10.15,10.37,10.03,54301,79907580.00,3.31,-1.26,-0.13,0.78
2016-11-21,10.24,10.16,10.25,10.06,39512,57816341.00,1.87,0.10,0.01,0.56
2016-11-22,10.17,10.26,10.36,10.13,46124,68018405.00,2.26,0.98,0.10,0.66
2016-11-23,10.29,10.05,10.43,10.02,59634,87997556.00,4.00,-2.05,-0.21,0.85
2016-11-24,10.04,10.08,10.27,9.94,40521,59212867.00,3.28,0.30,0.03,0.58
2016-11-25,10.02,10.06,10.13,9.70,50005,71916832.00,4.27,-0.20,-0.02,0.71
2016-11-28,10.10,9.92,10.13,9.89,33819,48830702.00,2.39,-1.39,-0.14,0.48
2016-11-29,9.93,9.77,10.01,9.76,34778,49873079.00,2.52,-1.51,-0.15,0.50
2016-11-30,9.78,9.71,9.82,9.62,30993,43912892.00,2.05,-0.61,-0.06,0.44
2016-12-01,9.70,9.72,9.79,9.63,34163,48281756.00,1.65,0.10,0.01,0.49
2016-12-02,9.74,9.50,9.76,9.45,37692,52762221.00,3.19,-2.26,-0.22,0.54
2016-12-05,9.40,9.44,9.55,9.40,19011,26395676.00,1.58,-0.63,-0.06,0.27
2016-12-06,9.45,9.45,9.56,9.45,18567,25868654.00,1.17,0.11,0.01,0.27
2016-12-07,9.52,9.57,9.61,9.41,18188,25412481.00,2.12,1.27,0.12,0.26
2016-12-08,9.64,9.48,9.65,9.44,16335,22790729.00,2.19,-0.94,-0.09,0.23
2016-12-09,9.45,9.55,9.56,9.35,29426,40899549.00,2.22,0.74,0.07,0.42
2016-12-12,9.52,8.93,9.55,8.75,49368,66571515.00,8.38,-6.49,-0.62,0.71
2016-12-13,8.90,8.95,9.04,8.77,18888,25114085.00,3.02,0.22,0.02,0.27
2016-12-14,8.97,9.03,9.18,8.93,19830,26648645.00,2.79,0.89,0.08,0.28
2016-12-15,8.97,9.05,9.20,8.95,14076,18929677.00,2.77,0.22,0.02,0.20
2016-12-16,9.12,9.04,9.14,8.98,13419,18047961.00,1.77,-0.11,-0.01,0.19
2016-12-19,8.98,9.07,9.15,8.92,13874,18668151.00,2.54,0.33,0.03,0.20
2016-12-20,9.07,9.15,9.19,8.93,15111,20350041.00,2.87,0.88,0.08,0.22
2016-12-21,9.26,9.15,9.37,9.10,15006,20425321.00,2.95,0.00,0.00,0.21
2016-12-22,9.20,9.17,9.31,8.99,16283,22120029.00,3.50,0.22,0.02,0.23
2016-12-23,9.19,9.12,9.25,9.06,11553,15695222.00,2.07,-0.55,-0.05,0.17
2016-12-26,9.10,9.11,9.12,8.97,7938,10681943.00,1.64,-0.11,-0.01,0.11
2016-12-27,9.11,9.02,9.19,9.02,10009,13475123.00,1.87,-0.99,-0.09,0.14
2016-12-28,9.07,8.93,9.13,8.86,18621,24858938.00,2.99,-1.00,-0.09,0.27
2016-12-29,8.93,8.95,8.97,8.81,13874,18425378.00,1.79,0.22,0.02,0.20
2016-12-30,8.95,9.06,9.23,8.95,19393,26136707.00,3.13,1.23,0.11,0.28