2014-05-19,16.12,16.12,16.12,16.12,2587,4312295.00,0.00,10.41,1.52,0.07
2014-05-20,17.79,17.79,17.79,17.79,5029,9223149.00,0.00,10.36,1.67,0.15
2014-05-21,19.62,19.62,19.62,19.62,7461,15048272.00,0.00,10.29,1.83,0.22
2014-05-22,21.64,21.64,21.64,21.64,11310,25096313.00,0.00,10.30,2.02,0.33
2014-05-23,23.86,23.86,23.86,23.86,88409,215805612.00,0.00,10.26,2.22,2.56
2014-05-26,26.30,26.30,26.30,25.57,520748,1390184832.00,3.06,10.23,2.44,15.09
2014-05-27,26.55,26.12,27.45,26.12,638664,1746063696.00,5.06,-0.68,-0.18,18.50
2014-05-28,26.85,27.14,28.52,26.43,486681,1355172656.00,8.00,3.91,1.02,14.10
2014-05-29,26.87,29.91,29.91,26.77,490807,1426857872.00,11.57,10.21,2.77,14.22
2014-05-30,29.45,28.78,30.03,28.46,372190,1106271696.00,5.25,-3.78,-1.13,10.78
2014-06-03,29.24,29.03,29.74,28.65,247184,732949088.00,3.79,0.87,0.25,7.16
2014-06-04,29.05,28.58,29.28,27.55,231277,665984960.00,5.96,-1.55,-0.45,6.70
2014-06-05,28.36,28.59,28.78,28.05,150055,435379744.00,2.55,0.03,0.01,4.35
2014-06-06,28.75,28.70,30.40,28.33,290239,867802304.00,7.24,0.38,0.11,8.41
2014-06-09,28.28,30.85,31.63,28.28,336746,1027830688.00,11.67,7.49,2.15,9.76
2014-06-10,30.45,31.13,32.40,30.20,308050,978501440.00,7.13,0.91,0.28,8.92
2014-06-11,30.88,33.74,33.74,30.65,312793,1021558704.00,9.93,8.38,2.61,9.06
2014-06-12,34.03,37.17,37.17,33.46,348690,1262811616.00,11.00,10.17,3.43,10.10
2014-06-13,37.96,38.75,40.35,37.50,437984,1714627408.00,7.67,4.25,1.58,12.69
2014-06-16,38.46,42.68,42.68,38.46,394186,1641837824.00,10.89,10.14,3.93,11.42
2014-06-17,41.95,40.45,42.93,40.25,358581,1509595152.00,6.28,-5.22,-2.23,10.39
2014-06-18,41.13,41.24,43.93,40.46,393061,1678849440.00,8.58,1.95,0.79,11.39
2014-06-19,41.42,38.45,41.92,37.21,366724,1453044880.00,11.42,-6.77,-2.79,10.62
2014-06-20,38.30,38.91,38.95,37.63,239190,930482656.00,3.43,1.20,0.46,6.93
2014-06-23,39.27,42.85,42.85,39.05,355557,1493907696.00,9.77,10.13,3.94,10.30
2014-06-24,43.60,47.19,47.19,43.39,326109,1496579840.00,8.87,10.13,4.34,9.45
2014-06-25,48.86,46.70,49.38,45.38,400996,1918667024.00,8.48,-1.04,-0.49,11.62
2014-06-26,47.00,51.42,51.42,46.10,337022,1678896624.00,11.39,10.11,4.72,9.76
2014-06-27,52.05,53.39,56.50,50.71,449037,2415368176.00,11.26,3.83,1.97,13.01
2014-06-30,54.45,58.50,58.50,52.51,338117,1923331424.00,11.22,9.57,5.11,9.80
2014-07-01,58.50,58.57,61.18,56.38,369361,2194609632.00,8.21,0.12,0.07,10.70
2014-07-02,58.61,56.55,59.86,54.67,330023,1897476352.00,8.86,-3.45,-2.02,9.56
2014-07-03,55.29,54.01,55.48,53.05,318495,1739303120.00,4.30,-4.49,-2.54,9.23
2014-07-04,53.55,59.46,59.46,53.55,438565,2557409808.00,10.94,10.09,5.45,12.71
2014-07-07,61.81,65.46,65.46,60.37,320515,2059657248.00,8.56,10.09,6.00,9.29
2014-07-08,67.00,67.90,68.20,62.05,385973,2541243808.00,9.40,3.73,2.44,11.18
2014-07-09,66.05,64.15,71.69,63.78,413509,2807835120.00,11.65,-5.52,-3.75,11.98
2014-07-10,63.24,65.08,66.50,61.80,274809,1784144592.00,7.33,1.45,0.93,7.96
2014-07-11,66.16,71.28,71.50,65.50,355817,2479061360.00,9.22,9.53,6.20,10.31
2014-07-14,71.28,67.27,72.10,67.17,355291,2454736832.00,6.92,-5.63,-4.01,10.29
2014-07-15,67.50,68.58,69.25,64.38,304582,2049013024.00,7.24,1.95,1.31,8.82
2014-07-16,67.45,66.00,68.83,65.40,203703,1375320320.00,5.00,-3.76,-2.58,5.90
2014-07-17,64.50,59.35,64.50,59.35,281073,1737314832.00,7.80,-10.08,-6.65,8.14
2014-07-18,57.30,55.17,59.50,54.06,416542,2369152176.00,9.17,-7.04,-4.18,12.07
2014-07-21,56.28,60.74,60.74,55.18,410174,2373746000.00,10.08,10.10,5.57,11.88
2014-07-22,58.51,58.07,59.85,57.27,298707,1763277040.00,4.25,-4.40,-2.67,8.65
2014-07-23,57.18,57.95,61.08,56.70,284415,1705757680.00,7.54,-0.21,-0.12,8.24
2014-07-24,56.88,53.68,57.46,52.11,346150,1888685584.00,9.23,-7.37,-4.27,10.03
2014-07-25,53.70,54.36,55.09,52.63,190926,1045860944.00,4.58,1.27,0.68,5.53
2014-07-28,55.50,58.31,59.47,54.68,284521,1632532048.00,8.81,7.27,3.95,8.24
2014-07-29,58.24,58.50,60.60,57.12,309080,1834390768.00,5.97,0.33,0.19,8.95
2014-07-30,59.00,57.77,60.50,55.51,323997,1905530208.00,8.53,-1.25,-0.73,9.39
2014-07-31,56.50,61.15,63.51,55.86,417494,2535306000.00,13.24,5.85,3.38,12.09
2014-08-01,59.66,58.35,62.00,58.12,287419,1729118208.00,6.35,-4.58,-2.80,8.33
2014-08-04,58.00,57.71,58.96,57.29,171758,1004550768.00,2.86,-1.10,-0.64,4.98
2014-08-05,58.10,57.50,58.81,56.00,189678,1100778336.00,4.87,-0.36,-0.21,5.49
2014-08-06,57.39,58.20,59.98,56.80,219586,1300862064.00,5.53,1.22,0.70,6.36
2014-08-07,58.19,57.83,58.98,57.00,197422,1155487408.00,3.40,-0.64,-0.37,5.72
2014-08-08,58.49,56.50,58.79,56.28,210827,1215946896.00,4.34,-2.30,-1.33,6.11
2014-08-11,56.30,56.80,57.80,56.00,123203,706087808.00,3.19,0.53,0.30,3.57
2014-08-12,57.17,57.56,58.00,56.13,161957,935397616.00,3.29,1.34,0.76,4.69
2014-08-13,57.80,57.34,58.83,56.87,184951,1079662624.00,3.41,-0.38,-0.22,5.36
2014-08-14,56.51,55.00,56.58,54.31,215978,1204629392.00,3.96,-4.08,-2.34,6.26
2014-08-15,54.85,54.68,55.38,53.63,138608,761683440.00,3.18,-0.58,-0.32,4.02
2014-08-18,54.43,54.84,55.23,54.35,119302,659488448.00,1.61,0.29,0.16,3.46
2014-08-19,55.07,58.25,59.39,54.30,371851,2144765904.00,9.28,6.22,3.41,10.77
2014-08-20,57.31,62.48,63.98,56.93,448012,2773069680.00,12.10,7.26,4.23,12.98
2014-08-21,61.50,62.16,65.45,61.41,345314,2202043200.00,6.47,-0.51,-0.32,10.00
2014-08-22,61.39,60.43,62.75,59.25,235957,1442027232.00,5.63,-2.78,-1.73,6.84
2014-08-25,60.00,58.28,61.06,58.25,166078,990132352.00,4.65,-3.56,-2.15,4.81
2014-08-26,57.80,56.38,57.80,55.56,169708,967136256.00,3.84,-3.26,-1.90,4.92
2014-08-27,56.75,56.74,58.34,56.50,145012,839826064.00,3.26,0.64,0.36,4.20
2014-08-28,56.14,55.76,57.39,54.91,129030,726627136.00,4.37,-1.73,-0.98,3.74
2014-08-29,56.00,59.95,61.08,55.50,256118,1515967264.00,10.01,7.51,4.19,7.42
2014-09-01,60.00,60.18,61.20,59.28,202372,1230615616.00,3.20,0.38,0.23,5.86
2014-09-02,60.79,60.15,61.05,58.23,267318,1612648240.00,4.69,-0.05,-0.03,7.74
2014-09-03,60.20,60.70,62.66,59.43,269667,1657449248.00,5.37,0.91,0.55,7.81
2014-09-04,60.40,60.72,61.96,59.45,241885,1479486320.00,4.14,0.03,0.02,7.01
2014-09-05,60.49,62.31,64.40,59.80,321522,2025563008.00,7.58,2.62,1.59,9.31
2014-09-09,61.50,60.35,61.90,60.30,217381,1334882784.00,2.57,-3.15,-1.96,6.30
2014-09-10,59.51,59.39,60.38,58.74,143005,857690656.00,2.72,-1.59,-0.96,4.14
2014-09-11,59.35,59.10,60.27,58.40,132122,789875856.00,3.15,-0.49,-0.29,3.83
2014-09-12,59.78,60.07,61.30,59.25,165802,1010314416.00,3.47,1.64,0.97,4.80
2014-09-15,60.07,59.70,60.70,59.07,119325,717760000.00,2.71,-0.62,-0.37,3.46
2014-09-16,59.90,59.78,63.01,58.90,275847,1698955264.00,6.88,0.13,0.08,7.99
2014-09-17,58.68,56.50,58.98,54.30,251017,1422518336.00,7.83,-5.49,-3.28,7.27
2014-09-18,56.00,55.71,56.08,55.10,88834,498414064.00,1.73,-1.40,-0.79,2.57
2014-09-19,56.30,56.31,56.76,55.70,91066,516778272.00,1.90,1.08,0.60,2.64
2014-09-22,56.24,55.10,56.70,55.10,89743,505220160.00,2.84,-2.15,-1.21,2.60
2014-09-23,54.70,56.08,56.38,54.70,88133,497686384.00,3.05,1.78,0.98,2.55
2014-09-24,56.40,56.43,57.46,55.82,138529,790900048.00,2.92,0.62,0.35,4.01
2014-09-25,56.67,56.98,58.29,56.41,155944,903273408.00,3.33,0.97,0.55,4.52
2014-09-26,57.47,55.60,57.47,55.20,117814,664672736.00,3.98,-2.42,-1.38,3.41
2014-09-29,55.60,55.47,56.09,55.40,81220,455924912.00,1.24,-0.23,-0.13,2.35
2014-09-30,55.65,55.95,57.00,55.44,88138,499029936.00,2.81,0.87,0.48,2.55
2014-10-08,56.10,56.70,56.73,55.53,89277,506925648.00,2.14,1.34,0.75,2.59
2014-10-09,57.00,56.59,57.16,55.80,105913,603864752.00,2.40,-0.19,-0.11,3.07
2014-10-10,56.40,56.80,57.35,55.70,137746,787637152.00,2.92,0.37,0.21,3.99
2014-10-13,56.51,55.58,56.79,55.08,102821,577279088.00,3.01,-2.15,-1.22,2.98
2014-10-14,55.30,60.62,61.04,55.30,387390,2319041504.00,10.33,9.07,5.04,11.22
2014-10-15,60.49,59.30,60.80,58.66,192029,1151725088.00,3.53,-2.18,-1.32,5.56
2014-10-16,58.75,55.65,58.90,55.62,210501,1212035408.00,5.53,-6.16,-3.65,6.10
2014-10-17,55.38,54.55,55.90,52.95,156668,860325136.00,5.30,-1.98,-1.10,4.54
2014-10-20,54.50,55.00,55.42,54.50,63031,349734032.00,1.69,0.82,0.45,1.83
2014-10-21,54.71,54.90,55.78,54.20,60445,334362768.00,2.87,-0.18,-0.10,1.75
2014-10-22,55.10,54.55,55.74,54.33,70990,394637824.00,2.57,-0.64,-0.35,2.06
2014-10-23,54.39,53.34,54.72,53.20,66158,359551136.00,2.79,-2.22,-1.21,1.92
2014-10-24,52.93,52.82,53.78,52.70,46613,250415252.00,2.02,-0.97,-0.52,1.35
2014-10-27,52.50,51.90,52.50,50.78,51218,267655013.00,3.26,-1.74,-0.92,1.48
2014-10-28,51.98,54.25,54.30,51.98,81500,439726208.00,4.47,4.53,2.35,2.36
2014-10-29,53.90,54.42,55.15,53.61,86930,476612880.00,2.84,0.31,0.17,2.52
2014-10-30,54.44,53.85,54.93,53.77,62635,342827504.00,2.13,-1.05,-0.57,1.81
2014-10-31,53.98,53.90,54.35,53.50,46079,250409815.00,1.58,0.09,0.05,1.33
2014-11-03,53.86,54.35,55.22,53.80,65980,363379840.00,2.63,0.83,0.45,1.91
2014-11-04,54.18,53.13,54.18,53.01,59816,322337936.00,2.15,-2.24,-1.22,1.73
2014-11-05,52.53,54.40,55.78,52.50,92419,509398320.00,6.17,2.39,1.27,2.68
2014-11-06,54.42,54.25,54.50,53.20,60990,331211632.00,2.39,-0.28,-0.15,1.77
2014-11-07,54.99,54.39,55.70,53.96,82556,456982656.00,3.21,0.26,0.14,2.39
2014-11-10,54.38,54.01,54.85,53.40,54431,295561840.00,2.67,-0.70,-0.38,1.58
2014-11-11,53.50,53.19,55.49,52.71,89452,486286000.00,5.15,-1.52,-0.82,2.59
2014-11-12,52.50,52.96,53.46,52.30,56731,303328240.00,2.18,-0.43,-0.23,1.64
2014-11-13,52.80,51.13,52.85,51.10,73174,382014864.00,3.30,-3.46,-1.83,2.12
2014-11-14,51.13,51.85,53.00,51.13,55692,293879104.00,3.66,1.41,0.72,1.61
2014-11-17,53.39,53.79,54.47,52.60,52546,285008960.00,3.61,3.74,1.94,1.52
2014-12-15,48.36,48.36,48.36,48.36,12154,59384444.00,0.00,-10.09,-5.43,0.35
2014-12-16,43.47,43.47,43.47,43.47,9695,42628915.00,0.00,-10.11,-4.89,0.28
2014-12-17,39.07,39.07,39.07,39.07,13456,53245392.00,0.00,-10.12,-4.40,0.39
2014-12-18,35.49,39.77,41.49,35.49,813254,3128848528.00,15.36,1.79,0.70,23.56
2014-12-19,36.94,36.48,39.70,35.74,589962,2179123856.00,9.96,-8.27,-3.29,17.09
2014-12-22,34.50,33.60,36.00,33.19,330373,1144159024.00,7.70,-7.89,-2.88,9.57
2014-12-23,33.90,31.35,34.83,31.10,293922,992268464.00,11.10,-6.70,-2.25,8.51
2014-12-24,31.20,32.66,32.89,31.16,245430,797976640.00,5.52,4.18,1.31,7.11
2014-12-25,32.00,33.52,34.50,31.51,278071,925923472.00,9.15,2.63,0.86,8.06
2014-12-26,33.02,32.95,33.90,32.78,182182,613669728.00,3.34,-1.70,-0.57,5.28
2014-12-29,32.39,31.68,32.42,31.20,188378,608038720.00,3.70,-3.85,-1.27,5.46
2014-12-30,31.64,30.15,32.15,30.01,185508,586470208.00,6.76,-4.83,-1.53,5.37
2014-12-31,29.95,31.50,32.15,29.95,198127,625497632.00,7.30,4.48,1.35,5.74