2018-01-02,52.92,53.63,54.07,52.38,3644,24677026.00,3.18,0.79,0.42,1.09
2018-01-03,53.40,51.83,53.82,51.32,5580,36899011.00,4.66,-3.36,-1.80,1.67
2018-01-04,52.07,50.83,52.40,50.32,4988,32295588.00,4.01,-1.93,-1.00,1.50
2018-01-05,50.49,49.86,51.24,49.21,7395,46788232.00,3.99,-1.91,-0.97,2.22
2018-01-08,49.99,48.49,50.15,47.70,7343,45149685.00,4.91,-2.75,-1.37,2.20
2018-01-09,48.23,48.43,48.89,47.86,8716,53438203.00,2.12,-0.12,-0.06,2.61
2018-01-10,48.48,46.81,48.94,46.32,9503,57852501.00,5.41,-3.35,-1.62,2.85
2018-01-11,46.65,49.84,50.53,46.32,9947,61858245.00,8.99,6.47,3.03,2.98
2018-01-12,49.66,49.50,50.22,49.25,3848,24291092.00,1.95,-0.68,-0.34,1.15
2018-01-15,49.00,48.17,50.01,47.65,7401,45350229.00,4.77,-2.69,-1.33,2.22
2018-01-16,47.98,48.24,49.09,47.76,3566,21899085.00,2.76,0.15,0.07,1.07
2018-01-17,47.92,49.22,49.48,46.88,4782,29245616.00,5.39,2.03,0.98,1.43
2018-01-18,49.00,47.97,49.00,47.65,3050,18638977.00,2.74,-2.54,-1.25,0.91
2018-01-19,47.57,47.16,48.39,47.15,2912,17617313.00,2.58,-1.69,-0.81,0.87
2018-01-22,47.19,48.44,48.89,46.28,5656,34559513.00,5.53,2.71,1.28,1.70
2018-01-23,48.44,48.67,49.06,48.43,3256,20132743.00,1.30,0.47,0.23,0.98
2018-01-24,48.48,50.37,51.52,48.13,9397,59869469.00,6.97,3.49,1.70,2.82
2018-01-25,49.73,51.22,52.89,49.73,9532,62820744.00,6.27,1.69,0.85,2.86
2018-01-26,50.88,49.30,51.98,49.25,7331,46935671.00,5.33,-3.75,-1.92,2.20
2018-01-29,50.18,49.29,50.65,48.82,4358,27565160.00,3.71,-0.02,-0.01,1.31
2018-01-30,49.73,51.40,51.63,48.99,9261,59995067.00,5.36,4.28,2.11,2.78
2018-01-31,51.07,50.67,51.85,49.23,4504,28724527.00,5.10,-1.42,-0.73,1.35
2018-02-01,50.65,48.98,51.05,48.12,6033,37798401.00,5.78,-3.34,-1.69,1.81
2018-02-02,48.97,49.27,50.02,47.40,2657,16609756.00,5.35,0.59,0.29,0.80
2018-02-05,48.57,48.13,48.88,47.65,3352,20471805.00,2.50,-2.31,-1.14,1.00
2018-02-06,47.15,46.82,48.82,46.73,4280,25889100.00,4.34,-2.72,-1.31,1.28
2018-02-07,47.25,47.62,47.97,45.40,5857,34682196.00,5.49,1.71,0.80,1.76
2018-02-08,47.15,47.45,48.61,46.50,2472,15007747.00,4.43,-0.36,-0.17,0.74
2018-02-09,47.15,47.81,48.47,43.82,5992,35287971.00,9.80,0.76,0.36,1.80
2018-02-12,47.81,48.28,48.30,47.15,3169,19263830.00,2.41,0.98,0.47,0.95
2018-02-13,48.31,49.14,49.23,47.67,3366,20871610.00,3.23,1.78,0.86,1.01
2018-02-14,49.27,49.22,49.44,48.63,1406,8766790.00,1.65,0.16,0.08,0.42
2018-02-22,49.90,50.38,50.61,49.65,2859,18238306.00,1.95,2.36,1.16,0.86
2018-02-23,50.38,49.92,51.28,49.70,2316,14835673.00,3.14,-0.91,-0.46,0.69
2018-02-26,50.07,50.76,51.26,49.65,2597,16654697.00,3.23,1.68,0.84,0.78
2018-02-27,50.47,51.84,53.00,48.98,4433,29102710.00,7.92,2.13,1.08,1.33
2018-02-28,52.18,54.87,55.71,51.69,8824,60235151.00,7.75,5.84,3.03,2.65
2018-03-01,54.48,54.56,55.90,53.73,9150,63087222.00,3.95,-0.56,-0.31,2.74
2018-03-02,54.32,53.88,54.90,53.19,3213,21930150.00,3.13,-1.25,-0.68,0.96
2018-03-05,53.81,55.48,56.55,53.81,6257,43806331.00,5.09,2.97,1.60,1.88
2018-03-06,55.37,56.93,58.53,55.07,5582,40189545.00,6.24,2.61,1.45,1.67
2018-03-07,57.15,55.32,57.15,54.86,5106,35737952.00,4.02,-2.83,-1.61,1.53
2018-03-08,55.48,55.29,55.84,54.75,3160,22050150.00,1.97,-0.05,-0.03,0.95
2018-03-09,55.41,57.52,58.40,55.41,5116,36907622.00,5.41,4.03,2.23,1.53
2018-03-12,57.52,59.87,60.48,56.87,8111,60161925.00,6.28,4.09,2.35,2.43
2018-03-13,59.66,62.13,63.82,59.65,9614,74778968.00,6.97,3.77,2.26,2.88
2018-03-14,61.98,59.56,62.78,58.82,5261,40257994.00,6.37,-4.14,-2.57,1.58
2018-03-15,60.48,57.95,60.48,57.65,8139,59876631.00,4.75,-2.70,-1.61,2.44
2018-03-16,58.14,57.76,59.20,57.16,6276,45871754.00,3.52,-0.33,-0.19,1.88
2018-03-19,58.07,60.49,61.13,57.75,5015,37867789.00,5.85,4.73,2.73,1.50
2018-03-20,60.27,59.36,61.11,58.98,3951,29564261.00,3.52,-1.87,-1.13,1.18
2018-03-21,59.46,58.81,59.80,58.26,2496,18579598.00,2.59,-0.93,-0.55,0.75
2018-03-22,59.63,55.48,59.97,55.23,8358,59713958.00,8.06,-5.66,-3.33,2.51
2018-03-23,54.44,55.58,57.70,52.65,10520,73483646.00,9.10,0.18,0.10,3.15
2018-03-26,55.06,57.64,57.88,54.23,5015,35934167.00,6.57,3.71,2.06,1.50
2018-03-27,58.07,58.79,60.44,57.41,5190,38721150.00,5.26,2.00,1.15,1.56
2018-03-28,59.38,58.44,60.11,58.02,6637,49180217.00,3.56,-0.60,-0.35,1.99
2018-03-29,58.43,56.01,59.57,55.49,9462,69067663.00,6.98,-4.16,-2.43,2.84
2018-03-30,54.65,61.89,61.89,54.65,13263,100142748.00,12.93,10.50,5.88,3.98
2018-04-02,64.82,62.38,65.47,61.57,11301,88986740.00,6.30,0.79,0.49,3.39
2018-04-03,63.08,60.99,63.08,60.61,8281,63911585.00,3.96,-2.23,-1.39,2.48
2018-04-04,61.73,59.07,61.90,58.40,8348,63096162.00,5.74,-3.15,-1.92,2.50
2018-04-09,59.05,61.73,62.63,58.40,7962,61280544.00,7.16,4.50,2.66,2.39
2018-04-10,61.73,64.48,65.02,61.73,9498,75720949.00,5.33,4.45,2.75,2.85
2018-04-11,62.90,63.49,66.30,62.90,4748,38388294.00,5.27,-1.54,-0.99,1.42
2018-04-12,64.07,62.95,65.17,62.32,5933,47490006.00,4.49,-0.85,-0.54,1.78
2018-04-13,63.67,62.17,63.67,60.97,6660,51604924.00,4.29,-1.24,-0.78,2.00
2018-04-16,62.69,62.65,64.47,60.65,8865,69581582.00,6.14,0.77,0.48,2.66
2018-04-17,62.98,62.47,65.29,62.02,5504,43845430.00,5.22,-0.29,-0.18,1.65
2018-04-18,63.82,63.24,63.98,60.49,9287,72247757.00,5.59,1.23,0.77,2.78
2018-04-19,62.97,65.01,65.07,61.73,7837,63066400.00,5.28,2.80,1.77,2.35
2018-04-20,64.53,63.65,65.86,62.98,5188,41945146.00,4.43,-2.09,-1.36,1.56
2018-04-23,63.71,62.25,66.05,61.15,7919,62432107.00,7.70,-2.20,-1.40,2.37
2018-04-24,62.15,62.22,63.38,60.97,3878,30255727.00,3.87,-0.05,-0.03,1.16
2018-04-25,61.73,60.36,62.79,59.50,8717,66329349.00,5.29,-2.99,-1.86,1.66
2018-04-26,60.77,61.39,63.39,60.48,5685,44268150.00,4.82,1.71,1.03,1.08
2018-04-27,60.69,62.08,62.81,60.69,2708,21106251.00,3.45,1.12,0.69,0.51
2018-05-02,60.55,62.32,63.65,59.27,9242,71796528.00,7.06,0.39,0.24,1.76
2018-05-03,62.12,61.73,63.17,60.07,6089,46837435.00,4.97,-0.95,-0.59,1.16
2018-05-04,60.68,67.07,67.55,60.68,9311,75113938.00,11.13,8.65,5.34,1.77
2018-05-07,66.60,68.13,69.46,65.92,4459,37658708.00,5.28,1.58,1.06,0.85
2018-05-08,68.13,68.07,68.80,67.35,3976,33854915.00,2.13,-0.09,-0.06,0.76
2018-05-09,67.97,69.77,70.98,67.38,4303,37401523.00,5.29,2.50,1.70,0.82
2018-05-10,69.48,69.58,71.98,68.82,5344,47108594.00,4.53,-0.27,-0.19,1.02
2018-05-11,69.40,69.70,71.97,68.49,4078,35615977.00,5.00,0.17,0.12,0.77
2018-05-14,70.98,70.79,72.23,69.87,2980,26088823.00,3.39,1.56,1.09,0.57
2018-05-15,70.79,76.61,77.62,70.79,5520,50893279.00,9.65,8.22,5.82,1.05
2018-05-16,75.98,74.02,79.73,73.52,8982,84203149.00,8.11,-3.38,-2.59,1.71
2018-05-17,74.80,72.26,75.03,71.74,4529,40775846.00,4.44,-2.38,-1.76,0.86
2018-05-18,72.78,72.27,73.83,71.92,3526,31766034.00,2.64,0.01,0.01,0.67
2018-05-21,71.90,73.52,76.19,71.90,4423,40755332.00,5.94,1.73,1.25,0.84
2018-05-22,73.52,74.32,77.07,73.45,3251,29985209.00,4.92,1.09,0.80,0.62
2018-05-23,74.68,73.44,75.97,72.37,4322,39313502.00,4.84,-1.18,-0.88,0.82
2018-05-24,73.57,72.44,75.02,71.90,2977,27015376.00,4.25,-1.36,-1.00,0.57
2018-05-25,71.82,71.53,72.89,68.56,6758,58893730.00,5.98,-1.26,-0.91,1.28
2018-05-28,71.53,70.14,71.72,69.32,4575,39904031.00,3.36,-1.94,-1.39,0.87
2018-05-29,69.32,70.87,73.48,68.93,4384,39044253.00,6.49,1.04,0.73,0.83
2018-05-30,70.73,70.37,71.53,66.98,4337,37405757.00,6.42,-0.71,-0.50,0.82
2018-05-31,70.11,70.88,71.80,69.46,3807,33592700.00,3.33,0.72,0.51,0.72
2018-06-01,70.87,69.40,71.55,68.32,5033,43280571.00,4.56,-2.09,-1.48,0.96
2018-06-04,69.32,69.34,70.98,66.42,9139,76317067.00,6.57,-0.09,-0.06,1.74
2018-06-05,68.64,69.05,69.72,67.72,5478,46722608.00,2.88,-0.42,-0.29,1.04
2018-06-06,69.16,70.99,72.65,68.97,7036,61959101.00,5.33,2.81,1.94,1.34
2018-06-07,70.73,68.87,71.52,68.15,4268,36654987.00,4.75,-2.99,-2.12,0.81
2018-06-08,68.48,68.88,69.14,67.23,4104,34616722.00,2.77,0.01,0.01,0.78
2018-06-11,69.24,69.03,71.13,68.52,4489,38913408.00,3.79,0.22,0.15,0.85
2018-06-12,69.03,72.42,72.56,68.14,3363,29404946.00,6.40,4.91,3.39,0.64
2018-06-13,72.42,72.07,74.31,71.41,2904,26297705.00,4.00,-0.48,-0.35,0.55
2018-06-14,72.07,73.22,73.27,70.68,1201,10706874.00,3.59,1.60,1.15,0.23
2018-06-15,73.22,72.70,73.61,70.72,2764,24757542.00,3.95,-0.71,-0.52,0.53
2018-06-19,71.57,68.65,72.36,67.65,5006,42897539.00,6.48,-5.57,-4.05,0.95
2018-06-20,68.48,67.97,68.86,67.45,4512,38174403.00,2.05,-0.99,-0.68,0.86
2018-06-21,67.77,65.40,69.27,65.17,5051,42282615.00,6.03,-3.78,-2.57,0.96
2018-06-22,65.07,65.26,67.30,59.32,5536,44556853.00,12.20,-0.21,-0.14,1.05
2018-06-25,65.57,65.42,67.04,63.53,1469,11936784.00,5.38,0.25,0.16,0.28
2018-06-26,63.59,65.28,65.96,63.57,1782,14453455.00,3.65,-0.21,-0.14,0.34
2018-06-27,66.07,65.98,67.40,65.32,2861,23655407.00,3.19,1.07,0.70,0.54
2018-06-28,66.80,63.67,66.80,63.57,1628,13188240.00,4.90,-3.50,-2.31,0.31
2018-06-29,63.69,67.47,68.23,63.14,2190,17943602.00,7.99,5.97,3.80,0.42
2018-07-02,66.82,68.57,69.48,65.99,1560,13284042.00,5.17,1.63,1.10,0.30
2018-07-03,69.07,70.25,70.32,67.95,1684,14480774.00,3.46,2.45,1.68,0.32
2018-07-04,69.73,69.53,70.64,68.73,1034,8924794.00,2.72,-1.02,-0.72,0.20
2018-07-05,68.47,68.40,70.22,66.03,3781,32120877.00,6.03,-1.63,-1.13,0.72
2018-07-06,67.13,67.77,69.40,66.54,2030,17130223.00,4.18,-0.92,-0.63,0.39
2018-07-09,66.37,69.16,70.03,66.37,1358,11607954.00,5.40,2.05,1.39,0.26
2018-07-10,69.18,71.32,72.14,69.16,2984,26297241.00,4.31,3.12,2.16,0.57
2018-07-11,69.80,70.87,71.20,69.80,575,5042051.00,1.96,-0.63,-0.45,0.11
2018-07-12,71.07,74.86,77.67,70.05,2701,25117126.00,10.75,5.63,3.99,0.51
2018-07-13,76.15,74.70,77.06,73.07,1931,17856088.00,5.33,-0.21,-0.16,0.37
2018-07-16,74.70,77.60,78.07,73.32,1846,17271387.00,6.36,3.88,2.90,0.35
2018-07-17,75.82,77.38,78.32,74.35,1309,12341740.00,5.12,-0.28,-0.22,0.25
2018-07-18,77.23,80.97,85.09,76.01,4921,49354575.00,11.73,4.64,3.59,0.94
2018-07-19,80.92,81.17,82.57,79.52,2632,26298099.00,3.77,0.25,0.20,0.50
2018-07-20,80.36,77.97,81.16,77.41,3705,36162690.00,4.62,-3.94,-3.20,0.70
2018-07-23,77.60,71.04,79.98,69.94,11715,105875996.00,12.88,-8.89,-6.93,2.23
2018-07-24,70.82,71.91,73.98,70.18,6321,57054418.00,5.35,1.22,0.87,1.20
2018-07-25,71.51,75.82,79.33,71.51,4759,44710780.00,10.87,5.44,3.91,0.90
2018-07-26,76.17,73.95,76.37,73.55,1738,15981961.00,3.72,-2.47,-1.87,0.33
2018-07-27,74.73,73.67,75.14,71.13,3249,29586308.00,5.42,-0.38,-0.28,0.62
2018-07-30,73.46,69.10,73.46,68.66,4450,38795416.00,6.52,-6.20,-4.57,0.85
2018-07-31,69.39,69.29,71.65,67.75,4695,40422897.00,5.64,0.27,0.19,0.89
2018-08-01,68.67,67.30,70.66,66.17,6715,55885088.00,6.48,-2.87,-1.99,1.28
2018-08-02,66.18,63.57,67.22,61.53,7903,62994342.00,8.45,-5.54,-3.73,1.50
2018-08-03,62.78,62.60,66.51,61.82,6767,53877124.00,7.38,-1.53,-0.97,1.29
2018-08-06,62.90,61.99,63.82,59.47,5343,41323590.00,6.95,-0.97,-0.61,1.02
2018-08-07,61.60,62.36,63.40,60.17,3277,25141528.00,5.21,0.60,0.37,0.62
2018-08-08,61.08,59.80,61.52,59.47,6971,52253323.00,3.29,-4.11,-2.56,1.32
2018-08-09,58.81,60.14,61.48,57.65,7741,57962146.00,6.40,0.57,0.34,1.47
2018-08-10,59.98,57.72,59.98,54.08,11661,82898095.00,9.81,-4.02,-2.42,2.22
2018-08-13,56.82,56.82,57.71,55.67,8192,58375933.00,3.53,-1.56,-0.90,1.54
2018-08-14,57.86,57.15,58.27,57.01,5113,36756891.00,2.22,0.58,0.33,0.96
2018-08-15,56.17,55.52,57.22,54.98,3490,24349033.00,3.92,-2.85,-1.63,0.66
2018-08-16,54.58,56.02,58.47,54.48,2543,17855953.00,7.19,0.90,0.50,0.48
2018-08-17,55.98,56.92,57.56,55.98,3148,22346892.00,2.82,1.61,0.90,0.59
2018-08-20,56.92,58.09,58.20,55.59,4154,29629466.00,4.59,2.06,1.17,0.78
2018-08-21,58.11,59.98,60.27,57.23,4352,32127819.00,5.23,3.25,1.89,0.82
2018-08-22,57.55,60.15,60.88,57.55,7167,53133323.00,5.55,0.28,0.17,1.35
2018-08-23,59.88,62.00,62.46,58.16,2869,21914504.00,7.15,3.08,1.85,0.54
2018-08-24,61.88,63.77,64.31,60.98,3093,24444498.00,5.37,2.85,1.77,0.58
2018-08-27,63.82,62.82,64.98,62.46,4883,38729212.00,3.95,-1.49,-0.95,0.92
2018-08-28,62.41,63.19,63.22,61.37,2779,21585759.00,2.94,0.59,0.37,0.52
2018-08-29,61.92,61.54,62.81,61.40,3203,24757244.00,2.23,-2.61,-1.65,0.60
2018-08-30,61.76,60.16,62.20,59.97,3485,26270788.00,3.62,-2.24,-1.38,0.65
2018-08-31,60.57,60.69,63.15,59.80,1980,15183968.00,5.57,0.88,0.53,0.37
2018-09-03,61.79,59.52,62.89,58.92,2531,18929634.00,6.54,-1.93,-1.17,0.48
2018-09-04,59.85,61.86,62.32,59.05,3411,25826200.00,5.49,3.93,2.34,0.64
2018-09-05,61.86,60.40,61.87,60.15,2375,18031533.00,2.78,-2.36,-1.46,0.45
2018-09-06,59.32,60.15,60.82,57.79,1930,14345382.00,5.02,-0.41,-0.25,0.36
2018-09-07,60.77,60.46,60.77,59.09,1194,8955614.00,2.79,0.52,0.31,0.22
2018-09-10,60.82,55.57,60.82,55.16,7949,56707259.00,9.36,-8.09,-4.89,1.49
2018-09-11,55.46,58.90,59.55,53.90,4167,29793918.00,10.17,5.99,3.33,0.78
2018-09-12,58.07,57.48,59.01,57.31,1697,12283794.00,2.89,-2.41,-1.42,0.32
2018-09-13,58.28,54.73,58.47,52.73,5525,37518222.00,9.99,-4.78,-2.75,1.04
2018-09-14,54.17,53.36,54.47,52.03,5625,37542040.00,4.46,-2.50,-1.37,1.06
2018-09-17,52.73,49.52,53.06,49.28,5721,36401808.00,7.08,-7.20,-3.84,1.07
2018-09-18,49.31,50.97,51.32,49.02,4020,25370306.00,4.64,2.93,1.45,0.75
2018-09-19,51.19,51.69,53.98,50.67,3570,23343584.00,6.49,1.41,0.72,0.67
2018-09-20,51.90,50.81,52.48,50.15,5983,38444655.00,4.51,-1.70,-0.88,1.12
2018-09-21,50.99,51.93,52.48,50.79,5239,34032636.00,3.33,2.20,1.12,0.98
2018-09-25,50.71,51.77,52.98,50.71,2916,19090044.00,4.37,-0.31,-0.16,0.54
2018-09-26,51.70,51.80,52.29,51.12,2717,17672795.00,2.26,0.06,0.03,0.50
2018-09-27,52.18,51.74,52.18,51.44,1982,12890091.00,1.43,-0.12,-0.06,0.37
2018-09-28,51.57,52.61,53.04,50.98,2252,14661528.00,3.98,1.68,0.87,0.42
2018-10-08,52.48,50.15,52.55,49.57,1265,8055103.00,5.66,-4.68,-2.46,0.23
2018-10-09,49.32,48.50,50.43,46.90,4746,29033387.00,7.04,-3.29,-1.65,0.88
2018-10-10,48.14,49.19,49.88,48.14,4448,27488706.00,3.59,1.42,0.69,0.82
2018-10-11,48.47,47.65,49.87,45.23,3366,19988946.00,9.43,-3.13,-1.54,0.62
2018-10-12,46.82,48.17,50.56,46.39,2800,17042992.00,8.75,1.09,0.52,0.52
2018-10-15,47.66,47.61,48.97,46.85,1754,10495917.00,4.40,-1.16,-0.56,0.33
2018-10-16,47.44,46.98,48.32,45.57,1695,9981548.00,5.78,-1.32,-0.63,0.31
2018-10-17,46.49,46.60,46.78,42.65,3770,21567551.00,8.79,-0.81,-0.38,0.70
2018-10-18,45.98,46.40,46.40,43.79,1962,11177742.00,5.60,-0.43,-0.20,0.36
2018-10-19,44.67,47.24,47.67,44.32,2731,15940442.00,7.22,1.81,0.84,0.51
2018-10-22,47.24,49.32,51.31,46.82,2444,15157723.00,9.50,4.40,2.08,0.45
2018-10-23,49.15,47.77,49.79,46.82,1794,10859912.00,6.02,-3.14,-1.55,0.33
2018-10-24,47.57,46.24,47.63,45.83,921,5419548.00,3.77,-3.20,-1.53,0.17
2018-10-25,45.15,44.98,45.98,43.32,2637,14877024.00,5.75,-2.72,-1.26,0.49
2018-10-26,45.15,44.71,45.77,42.98,2585,14415310.00,6.20,-0.60,-0.27,0.48
2018-10-29,44.48,43.66,44.48,41.06,3925,21281335.00,7.65,-2.35,-1.05,0.73
2018-10-30,42.74,41.79,42.77,41.15,5633,29783491.00,3.71,-4.28,-1.87,1.04
2018-10-31,41.81,40.93,41.81,40.19,9043,46821692.00,3.88,-2.06,-0.86,1.68
2018-11-01,41.12,41.28,42.23,40.32,13906,73030430.00,4.67,0.86,0.35,2.58
2018-11-02,41.90,43.39,44.98,41.32,19794,107526603.00,8.87,5.11,2.11,3.67
2018-11-05,43.22,43.57,45.22,42.65,12314,68367327.00,5.92,0.41,0.18,2.28
2018-11-06,43.62,41.02,43.73,40.88,12587,66493193.00,6.54,-5.85,-2.55,2.33
2018-11-07,41.31,41.18,42.23,41.11,8854,46792263.00,2.73,0.39,0.16,1.64
2018-11-08,41.42,41.48,42.46,41.32,5614,29779552.00,2.77,0.73,0.30,1.04
2018-11-09,41.48,40.73,41.50,40.57,4211,21854185.00,2.24,-1.81,-0.75,0.78
2018-11-12,40.53,42.90,42.90,40.52,8301,44080952.00,5.84,5.33,2.17,1.54
2018-11-13,42.65,46.91,47.42,42.32,16033,91900521.00,11.89,9.35,4.01,2.97
2018-11-14,46.22,46.20,48.39,45.16,6771,39933175.00,6.89,-1.51,-0.71,1.26
2018-11-15,46.72,47.44,47.58,45.62,9554,56157796.00,4.24,2.68,1.24,1.77
2018-11-16,46.65,47.19,48.19,46.11,6991,41399047.00,4.38,-0.53,-0.25,1.30
2018-11-19,46.92,46.65,48.05,45.98,6593,38851742.00,4.39,-1.14,-0.54,1.22
2018-11-20,46.40,44.76,46.40,44.34,8016,45843298.00,4.42,-4.05,-1.89,1.49
2018-11-21,44.92,44.15,44.92,43.03,10521,57907730.00,4.22,-1.36,-0.61,1.95
2018-11-22,44.24,44.14,44.90,43.63,5152,28749239.00,2.88,-0.02,-0.01,0.96
2018-11-23,44.22,41.72,44.22,41.40,6538,35122972.00,6.39,-5.48,-2.42,1.21
2018-11-26,41.97,41.39,42.19,41.14,3952,20930480.00,2.52,-0.79,-0.33,0.73
2018-11-27,42.15,42.65,43.90,41.39,6212,33478664.00,6.06,3.04,1.26,1.15
2018-11-28,42.50,43.23,43.32,41.92,2375,12851089.00,3.28,1.36,0.58,0.44
2018-11-29,43.89,42.57,43.89,42.57,3720,20357587.00,3.05,-1.53,-0.66,0.69
2018-11-30,42.58,42.34,42.90,41.48,1846,9845945.00,3.34,-0.54,-0.23,0.34
2018-12-03,43.48,44.87,45.92,42.80,4155,23358291.00,7.37,5.98,2.53,0.77
2018-12-04,44.87,44.90,45.52,44.44,2411,13710250.00,2.41,0.07,0.03,0.45
2018-12-05,43.87,46.77,47.65,43.17,6924,40441432.00,9.98,4.16,1.87,1.28
2018-12-06,46.20,43.52,46.98,43.33,7815,43895439.00,7.80,-6.95,-3.25,1.45
2018-12-07,43.32,44.73,44.83,43.32,3428,19192792.00,3.47,2.78,1.21,0.64
2018-12-10,44.68,45.72,46.31,44.21,2922,16768114.00,4.69,2.21,0.99,0.54
2018-12-11,45.72,47.60,47.78,45.16,6029,35833155.00,5.73,4.11,1.88,1.12
2018-12-12,47.65,46.82,47.65,46.49,3580,21129919.00,2.44,-1.64,-0.78,0.66
2018-12-13,46.47,46.04,46.80,45.73,4507,26316141.00,2.29,-1.67,-0.78,0.84
2018-12-14,46.08,45.90,46.40,45.17,1892,10959746.00,2.67,-0.30,-0.14,0.35
2018-12-17,45.45,46.25,46.38,44.34,2764,15862253.00,4.44,0.76,0.35,0.51
2018-12-18,45.73,46.45,47.40,44.32,2495,14696164.00,6.66,0.43,0.20,0.46
2018-12-19,46.82,47.11,47.65,45.32,7531,44482616.00,5.02,1.42,0.66,1.40
2018-12-20,47.47,47.42,48.48,46.15,3711,22104708.00,4.95,0.66,0.31,0.69
2018-12-21,46.49,47.90,48.27,46.49,2909,17475835.00,3.75,1.01,0.48,0.54
2018-12-24,47.90,46.65,48.23,45.99,3472,20546586.00,4.68,-2.61,-1.25,0.64
2018-12-25,46.31,46.24,47.01,45.66,3225,18895116.00,2.89,-0.88,-0.41,0.60
2018-12-26,46.15,48.32,48.73,46.15,6608,39764568.00,5.58,4.50,2.08,1.23
2018-12-27,48.34,47.48,49.19,47.25,3725,22521197.00,4.01,-1.74,-0.84,0.69
2018-12-28,47.90,49.08,49.38,47.05,5174,31745208.00,4.91,3.37,1.60,0.96