2019-01-02,2.55,2.71,2.74,2.52,92433,25075597.00,8.70,7.11,0.18,0.78
2019-01-03,2.66,2.66,2.69,2.58,60510,16345638.00,4.06,-1.85,-0.05,0.51
2019-01-04,2.62,2.70,2.70,2.60,57759,15782907.00,3.76,1.50,0.04,0.48
2019-01-07,2.68,2.77,2.80,2.68,108075,30437602.00,4.44,2.59,0.07,0.91
2019-01-08,2.76,2.77,2.77,2.73,39186,11030276.00,1.44,0.00,0.00,0.33
2019-01-09,2.77,2.73,2.82,2.73,78471,22255565.00,3.25,-1.44,-0.04,0.66
2019-01-10,2.72,2.76,2.78,2.71,55617,15620436.00,2.56,1.10,0.03,0.47
2019-01-11,2.78,2.89,3.00,2.77,190427,56294616.00,8.33,4.71,0.13,1.60
2019-01-14,2.86,2.82,2.89,2.79,97775,28242207.00,3.46,-2.42,-0.07,0.82
2019-01-15,2.82,2.80,2.82,2.77,54033,15421386.00,1.77,-0.71,-0.02,0.45
2019-01-16,2.78,2.77,2.81,2.76,43946,12466768.00,1.79,-1.07,-0.03,0.37
2019-01-17,2.76,2.74,2.77,2.71,50367,14093570.00,2.17,-1.08,-0.03,0.42
2019-01-18,2.74,2.77,2.87,2.73,66206,18818936.00,5.11,1.09,0.03,0.56
2019-01-21,2.77,2.79,2.81,2.76,34408,9798495.00,1.81,0.72,0.02,0.29
2019-01-22,2.77,2.74,2.79,2.73,36463,10279387.00,2.15,-1.79,-0.05,0.31
2019-01-23,2.74,2.73,2.76,2.71,24185,6753109.00,1.82,-0.36,-0.01,0.20
2019-01-24,2.72,2.75,2.77,2.71,30799,8635142.00,2.20,0.73,0.02,0.26
2019-01-25,2.76,2.70,2.76,2.69,44294,12322957.00,2.55,-1.82,-0.05,0.37
2019-01-28,2.74,2.64,2.75,2.62,65853,18037587.00,4.81,-2.22,-0.06,0.55
2019-01-29,2.64,2.64,2.65,2.55,64044,17111996.00,3.79,0.00,0.00,0.54
2019-01-30,2.66,2.62,2.66,2.60,27949,7554800.00,2.27,-0.76,-0.02,0.23
2019-01-31,2.63,2.62,2.67,2.58,35828,9565197.00,3.44,0.00,0.00,0.30
2019-02-01,2.63,2.66,2.68,2.60,36793,9933792.00,3.05,1.53,0.04,0.31
2019-02-11,2.66,2.70,2.71,2.64,50643,13913343.00,2.63,1.50,0.04,0.43
2019-02-12,2.70,2.80,2.85,2.68,129426,36618557.00,6.30,3.70,0.10,1.09
2019-02-13,2.78,2.81,2.84,2.75,102879,29386946.00,3.21,0.36,0.01,0.86
2019-02-14,2.82,2.81,2.84,2.79,58090,16680416.00,1.78,0.00,0.00,0.49
2019-02-15,2.79,2.79,2.82,2.77,58910,16850534.00,1.78,-0.71,-0.02,0.49
2019-02-18,2.80,2.85,2.88,2.80,88970,25917813.00,2.87,2.15,0.06,0.75
2019-02-19,2.86,2.87,2.90,2.81,105174,30720745.00,3.16,0.70,0.02,0.88
2019-02-20,2.86,2.86,2.87,2.83,93601,27175678.00,1.39,-0.35,-0.01,0.79
2019-02-21,2.86,2.86,2.88,2.82,122408,35602997.00,2.10,0.00,0.00,1.03
2019-02-22,2.85,2.91,2.91,2.82,150614,44140797.00,3.15,1.75,0.05,1.26
2019-02-25,2.94,3.01,3.04,2.90,316472,95630377.00,4.81,3.44,0.10,2.66
2019-02-26,3.01,3.06,3.16,2.96,343271,106443110.00,6.64,1.66,0.05,2.88
2019-02-27,3.03,3.03,3.08,3.00,233827,72451309.00,2.61,-0.98,-0.03,1.96
2019-02-28,3.02,3.04,3.07,3.00,142285,44035200.00,2.31,0.33,0.01,1.19
2019-03-01,3.03,3.01,3.05,2.95,155010,47367726.00,3.29,-0.99,-0.03,1.30
2019-03-04,3.02,3.03,3.08,3.00,204108,63340530.00,2.66,0.66,0.02,1.71
2019-03-05,3.03,3.15,3.16,3.01,276920,87780591.00,4.95,3.96,0.12,2.32
2019-03-06,3.15,3.32,3.47,3.14,500689,171470553.00,10.48,5.40,0.17,4.20
2019-03-07,3.28,3.35,3.40,3.24,344062,116138872.00,4.82,0.90,0.03,2.89
2019-03-08,3.29,3.13,3.32,3.07,292738,96385554.00,7.46,-6.57,-0.22,2.46
2019-03-11,3.10,3.27,3.27,3.10,173495,56612918.00,5.43,4.47,0.14,1.46
2019-03-12,3.30,3.29,3.36,3.23,241501,81239271.00,3.98,0.61,0.02,2.03
2019-03-13,3.29,3.25,3.34,3.24,226964,76159223.00,3.04,-1.22,-0.04,1.90
2019-03-14,3.19,3.11,3.25,3.06,191940,61068691.00,5.85,-4.31,-0.14,1.61
2019-03-15,3.14,3.15,3.19,3.11,109153,35061734.00,2.57,1.29,0.04,0.92
2019-03-18,3.15,3.25,3.29,3.15,152846,50358568.00,4.44,3.17,0.10,1.28
2019-03-19,3.27,3.34,3.36,3.24,203241,68100312.00,3.69,2.77,0.09,1.71
2019-03-20,3.34,3.31,3.36,3.24,178939,59960719.00,3.59,-0.90,-0.03,1.50
2019-03-21,3.27,3.38,3.42,3.27,201277,68774099.00,4.53,2.11,0.07,1.69
2019-03-22,3.36,3.72,3.72,3.32,624165,229542045.00,11.83,10.06,0.34,5.24
2019-03-25,3.62,3.53,3.79,3.50,587016,216092370.00,7.80,-5.11,-0.19,4.93
2019-03-26,3.49,3.46,3.58,3.35,340551,119479084.00,6.52,-1.98,-0.07,2.86
2019-03-27,3.44,3.41,3.49,3.29,212431,73263711.00,5.78,-1.45,-0.05,1.78
2019-03-28,3.36,3.45,3.61,3.32,268297,95019110.00,8.50,1.17,0.04,2.25
2019-03-29,3.36,3.48,3.49,3.35,224285,78332144.00,4.06,0.87,0.03,1.88
2019-04-01,3.49,3.56,3.59,3.46,297350,107166468.00,3.74,2.30,0.08,2.50
2019-04-02,3.55,3.60,3.69,3.51,382518,140360301.00,5.06,1.12,0.04,3.21
2019-04-03,3.56,3.80,3.93,3.54,494334,187336208.00,10.83,5.56,0.20,4.15
2019-04-04,3.75,3.71,3.87,3.66,358222,136464664.00,5.53,-2.37,-0.09,3.01
2019-04-08,3.74,3.93,4.09,3.64,679848,270121520.00,12.13,5.93,0.22,5.71
2019-04-09,3.84,3.88,3.89,3.74,460271,178083766.00,3.82,-1.27,-0.05,3.86
2019-04-10,3.82,4.27,4.27,3.72,528294,221329324.00,14.18,10.05,0.39,4.43
2019-04-11,4.70,4.70,4.70,4.70,113293,53927287.00,0.00,10.07,0.43,0.95
2019-04-12,4.91,5.18,5.18,4.79,2392151,1225432528.00,8.30,10.21,0.48,20.08
2019-04-15,4.93,5.54,5.70,4.93,2644694,1459761568.00,14.86,6.95,0.36,22.19
2019-04-16,5.29,5.41,5.64,5.15,1945210,1062375760.00,8.84,-2.35,-0.13,16.32
2019-04-17,5.48,5.96,5.96,5.37,2258565,1316121520.00,10.91,10.17,0.55,18.95
2019-04-18,5.64,5.46,5.89,5.36,2325910,1326513840.00,8.89,-8.39,-0.50,19.52
2019-04-19,5.24,5.34,5.43,5.16,1163808,622050880.00,4.95,-2.20,-0.12,9.77
2019-04-22,5.30,5.39,5.52,5.12,1016072,546119984.00,7.49,0.94,0.05,8.53
2019-04-23,5.29,5.60,5.94,5.25,1744929,1001654160.00,12.80,3.90,0.21,14.64
2019-04-24,5.14,5.19,5.28,5.03,1477384,761614288.00,4.46,-7.32,-0.41,12.40
2019-04-25,5.13,5.72,5.72,5.07,1806424,1003746560.00,12.52,10.21,0.53,15.16
2019-04-26,6.13,6.30,6.30,6.13,1608039,1019552272.00,2.97,10.14,0.58,13.50
2019-04-29,6.09,5.66,6.12,5.66,957368,563122992.00,7.30,-10.16,-0.64,8.03
2019-04-30,5.09,5.56,5.92,5.09,2108303,1157067616.00,14.66,-1.77,-0.10,17.69
2019-05-06,5.14,5.00,5.30,5.00,1199986,616889936.00,5.40,-10.07,-0.56,10.07
2019-05-07,5.01,4.81,5.09,4.52,1200181,577973008.00,11.40,-3.80,-0.19,10.07
2019-05-08,4.54,4.94,5.20,4.41,1428484,698851264.00,16.42,2.70,0.13,11.99
2019-05-09,4.79,4.76,5.08,4.74,904663,447345872.00,6.88,-3.64,-0.18,7.59
2019-05-10,4.89,5.09,5.24,4.80,1525794,780967744.00,9.24,6.93,0.33,12.80
2019-05-13,4.97,5.61,5.61,4.95,926474,500358960.00,12.97,10.22,0.52,7.78
2019-05-14,5.84,5.72,6.17,5.56,2440394,1446057808.00,10.87,1.96,0.11,20.48
2019-05-15,5.86,6.30,6.30,5.77,2361014,1463806592.00,9.27,10.14,0.58,19.81
2019-05-16,6.08,5.97,6.39,5.84,2396410,1473769440.00,8.73,-5.24,-0.33,20.11
2019-05-17,5.78,5.95,6.38,5.78,1931010,1188586384.00,10.05,-0.34,-0.02,16.21
2019-05-20,5.85,5.36,5.93,5.36,1169935,638868240.00,9.58,-9.92,-0.59,9.82
2019-05-21,5.29,5.51,5.70,5.29,1092799,605355648.00,7.65,2.80,0.15,9.17
2019-05-22,5.46,5.69,6.01,5.35,1399227,798065824.00,11.98,3.27,0.18,11.74
2019-05-23,5.48,5.53,5.98,5.41,1381493,795155872.00,10.02,-2.81,-0.16,11.59
2019-05-24,5.34,4.97,5.34,4.97,1364237,697195504.00,6.69,-10.13,-0.56,11.45
2019-05-27,5.08,5.12,5.14,4.88,798480,406037312.00,5.23,3.02,0.15,6.70
2019-05-28,5.12,5.27,5.50,5.07,1116949,596056352.00,8.40,2.93,0.15,9.37
2019-05-29,5.39,5.20,5.46,5.18,895860,477863104.00,5.31,-1.33,-0.07,7.52
2019-05-30,5.08,5.08,5.16,4.93,853591,432248864.00,4.42,-2.31,-0.12,7.16
2019-05-31,5.16,4.97,5.19,4.91,671715,339296416.00,5.51,-2.17,-0.11,5.64
2019-06-03,4.92,4.77,5.04,4.71,685194,334884912.00,6.64,-4.02,-0.20,5.75
2019-06-04,4.70,4.79,4.96,4.53,902794,431473696.00,9.01,0.42,0.02,7.58
2019-06-05,4.89,4.59,4.89,4.58,639215,303542784.00,6.47,-4.18,-0.20,5.36
2019-06-06,4.54,4.43,4.61,4.31,611799,275316400.00,6.54,-3.49,-0.16,5.13
2019-06-10,4.48,4.38,4.51,4.31,371229,164539494.00,4.51,-1.13,-0.05,3.12
2019-06-11,4.42,4.61,4.62,4.37,633101,288952384.00,5.71,5.25,0.23,5.31
2019-06-12,4.61,4.44,4.63,4.42,557941,252861103.00,4.56,-3.69,-0.17,4.68
2019-06-13,4.40,4.51,4.60,4.36,535338,243953597.00,5.41,1.58,0.07,4.49
2019-06-14,4.50,4.29,4.53,4.27,477065,210929125.00,5.76,-4.88,-0.22,4.00
2019-06-17,4.34,4.30,4.49,4.16,441776,192333878.00,7.69,0.23,0.01,3.71
2019-06-18,4.34,4.25,4.38,4.21,257290,110921868.00,3.95,-1.16,-0.05,2.16
2019-06-19,4.44,4.38,4.50,4.33,560971,249291130.00,4.00,3.06,0.13,4.71
2019-06-20,4.36,4.44,4.46,4.27,476340,211027519.00,4.34,1.37,0.06,4.00
2019-06-21,4.41,4.45,4.53,4.41,505879,227563705.00,2.70,0.23,0.01,4.25
2019-06-24,4.48,4.56,4.60,4.41,619113,282453200.00,4.27,2.47,0.11,5.20
2019-06-25,4.52,4.45,4.56,4.36,436884,195575845.00,4.39,-2.41,-0.11,3.67
2019-06-26,4.39,4.38,4.42,4.33,217712,96167799.00,2.02,-1.57,-0.07,1.83
2019-06-27,4.37,4.40,4.45,4.37,269882,119845181.00,1.83,0.46,0.02,2.26
2019-06-28,4.39,4.42,4.60,4.17,596428,264355807.00,9.77,0.45,0.02,5.01
2019-07-01,4.48,4.67,4.70,4.45,744381,342277040.00,5.66,5.66,0.25,6.25
2019-07-02,4.56,4.56,4.62,4.54,425886,196747539.00,1.71,-2.36,-0.11,3.57
2019-07-03,4.56,4.44,4.57,4.42,286668,129194872.00,3.29,-2.63,-0.12,2.41
2019-07-04,4.45,4.33,4.50,4.27,323791,143058653.00,5.18,-2.48,-0.11,2.72
2019-07-05,4.33,4.37,4.41,4.32,181110,79669950.00,2.08,0.92,0.04,1.52
2019-07-08,4.35,4.18,4.35,4.18,268318,114511899.00,3.89,-4.35,-0.19,2.25
2019-07-09,4.18,4.12,4.20,4.06,213841,88705991.00,3.35,-1.44,-0.06,1.79
2019-07-10,4.16,4.10,4.23,4.08,157782,66167155.00,3.64,-0.49,-0.02,1.32
2019-07-11,4.11,4.22,4.41,4.10,359105,153824777.00,7.56,2.93,0.12,3.01
2019-07-12,4.16,4.15,4.20,4.13,194839,81913242.00,1.66,-1.66,-0.07,1.64
2019-07-15,4.14,4.14,4.19,4.01,207702,86074939.00,4.34,-0.24,-0.01,1.74
2019-07-16,4.14,4.16,4.20,4.08,153168,64200538.00,2.90,0.48,0.02,1.29
2019-07-17,4.14,4.14,4.17,4.11,148905,62269586.00,1.44,-0.48,-0.02,1.25
2019-07-18,4.10,3.97,4.13,3.97,224969,91766076.00,3.86,-4.11,-0.17,1.89
2019-07-19,3.99,3.98,4.07,3.96,162402,65895506.00,2.77,0.25,0.01,1.36
2019-07-22,4.02,3.79,4.03,3.75,258261,100465210.00,7.04,-4.77,-0.19,2.17
2019-07-23,3.82,3.83,3.89,3.78,148095,57268074.00,2.90,1.06,0.04,1.24
2019-07-24,3.91,4.03,4.03,3.87,345606,138492309.00,4.18,5.22,0.20,2.90
2019-07-25,3.96,4.04,4.08,3.93,314919,127758767.00,3.72,0.25,0.01,2.64
2019-07-26,4.03,4.14,4.18,3.99,399900,165984054.00,4.70,2.48,0.10,3.36
2019-07-29,4.08,4.06,4.11,4.03,237122,97468245.00,1.93,-1.93,-0.08,1.99
2019-07-30,4.47,4.36,4.47,4.28,1007971,450682016.00,4.68,7.39,0.30,8.46
2019-07-31,4.30,4.18,4.34,4.15,625513,266414629.00,4.36,-4.13,-0.18,5.25
2019-08-01,4.13,4.16,4.18,4.09,289165,120646108.00,2.15,-0.48,-0.02,2.43
2019-08-02,4.04,4.03,4.08,3.96,255514,103939580.00,2.88,-3.13,-0.13,2.14
2019-08-05,3.99,4.03,4.10,3.97,217822,88741243.00,3.23,0.00,0.00,1.83
2019-08-06,3.90,3.87,3.95,3.74,341703,133009322.00,5.21,-3.97,-0.16,2.87
2019-08-07,3.94,3.83,3.95,3.82,182083,71261332.00,3.36,-1.03,-0.04,1.53
2019-08-08,3.82,3.83,3.87,3.81,139196,54004098.00,1.57,0.00,0.00,1.17
2019-08-09,3.86,3.74,3.88,3.73,175044,67067002.00,3.92,-2.35,-0.09,1.47
2019-08-12,3.71,3.79,3.83,3.71,113683,43417401.00,3.21,1.34,0.05,0.95
2019-08-13,3.74,3.72,3.77,3.71,121663,45937222.00,1.58,-1.85,-0.07,1.02
2019-08-14,3.80,3.77,3.82,3.77,152950,58575878.00,1.34,1.34,0.05,1.28
2019-08-15,3.60,3.72,3.74,3.58,152518,56672331.00,4.24,-1.33,-0.05,1.28
2019-08-16,3.72,3.75,3.81,3.70,176651,67077964.00,2.96,0.81,0.03,1.48
2019-08-19,3.78,3.88,3.93,3.76,279414,109155606.00,4.53,3.47,0.13,2.31
2019-08-20,3.96,4.01,4.10,3.91,476004,192979081.00,4.90,3.35,0.13,3.93
2019-08-21,4.01,4.08,4.16,3.96,422472,173673595.00,4.99,1.75,0.07,3.49
2019-08-22,4.08,4.10,4.12,4.03,283034,116410778.00,2.21,0.49,0.02,2.33
2019-08-23,4.10,4.09,4.18,4.07,299780,124358809.00,2.68,-0.24,-0.01,2.47
2019-08-26,3.96,4.11,4.22,3.92,510758,210975231.00,7.33,0.49,0.02,4.21
2019-08-27,4.14,4.10,4.21,4.08,494182,206311066.00,3.16,-0.24,-0.01,4.08
2019-08-28,4.13,4.07,4.16,4.06,280159,116123918.00,2.44,-0.73,-0.03,2.31
2019-08-29,4.08,4.10,4.13,4.07,228635,94767062.00,1.47,0.74,0.03,1.89
2019-08-30,4.12,4.51,4.51,4.09,1072047,469048848.00,10.24,10.00,0.41,8.84
2019-09-02,4.41,4.62,4.74,4.32,998486,452539760.00,9.31,2.44,0.11,8.24
2019-09-03,4.42,4.42,4.53,4.41,767481,345612768.00,2.60,-4.33,-0.20,6.33
2019-09-04,4.37,4.31,4.42,4.26,584943,254541394.00,3.62,-2.49,-0.11,4.83
2019-09-05,4.34,4.31,4.38,4.31,464901,203738007.00,1.62,0.00,0.00,3.84
2019-09-06,4.31,4.32,4.39,4.29,326107,142420757.00,2.32,0.23,0.01,2.69
2019-09-09,4.35,4.40,4.42,4.32,398466,175456159.00,2.31,1.85,0.08,3.29
2019-09-10,4.40,4.35,4.40,4.32,300321,131567095.00,1.82,-1.14,-0.05,2.48
2019-09-11,4.35,4.28,4.36,4.28,249732,108706959.00,1.84,-1.61,-0.07,2.06
2019-09-12,4.30,4.33,4.33,4.28,198550,86281493.00,1.17,1.17,0.05,1.64
2019-09-16,4.36,4.34,4.43,4.32,347484,153713786.00,2.54,0.23,0.01,2.87
2019-09-17,4.34,4.18,4.34,4.16,266559,113876519.00,4.15,-3.69,-0.16,2.20
2019-09-18,4.19,4.17,4.23,4.16,149441,63252400.00,1.67,-0.24,-0.01,1.23
2019-09-19,4.19,4.31,4.34,4.19,331573,143855637.00,3.60,3.36,0.14,2.74
2019-09-20,4.32,4.25,4.32,4.24,186778,80586582.00,1.86,-1.39,-0.06,1.54
2019-09-23,4.21,4.17,4.24,4.12,201225,84456247.00,2.82,-1.88,-0.08,1.66
2019-09-24,4.17,4.18,4.25,4.13,207532,87718294.00,2.88,0.24,0.01,1.71
2019-09-25,4.15,4.14,4.20,4.13,170734,71645720.00,1.67,-0.96,-0.04,1.41
2019-09-26,4.15,3.90,4.17,3.88,341907,137401835.00,7.00,-5.80,-0.24,2.82
2019-09-27,3.75,3.92,3.99,3.74,259753,101466597.00,6.41,0.51,0.02,2.14
2019-09-30,3.92,3.84,3.93,3.83,122077,47634601.00,2.55,-2.04,-0.08,1.01
2019-10-08,3.84,3.83,3.88,3.80,102474,39774939.00,2.08,-0.26,-0.01,0.85
2019-10-09,3.79,3.88,3.88,3.78,102928,39987082.00,2.61,1.31,0.05,0.85
2019-10-10,3.93,4.04,4.11,3.92,264370,107715449.00,4.90,4.12,0.16,2.18
2019-10-11,4.01,4.00,4.08,3.98,189769,77092560.00,2.48,-0.99,-0.04,1.57
2019-10-14,4.06,4.16,4.17,4.01,337333,139883671.00,4.00,4.00,0.16,2.78
2019-10-15,4.14,4.23,4.24,4.08,337332,141412043.00,3.85,1.68,0.07,2.78
2019-10-16,4.36,4.28,4.55,4.26,774141,343550832.00,6.86,1.18,0.05,6.39
2019-10-17,4.21,4.13,4.23,4.09,326965,137189279.00,3.27,-3.50,-0.15,2.70
2019-10-18,4.12,4.06,4.17,4.04,218356,90381821.00,3.15,-1.69,-0.07,1.80
2019-10-21,4.03,4.16,4.20,3.94,266486,109650611.00,6.40,2.46,0.10,2.20
2019-10-22,4.05,4.11,4.12,4.01,252564,103624235.00,2.64,-1.20,-0.05,2.08
2019-10-23,4.10,4.15,4.24,4.07,351879,148109472.00,4.14,0.97,0.04,2.90
2019-10-24,4.17,4.06,4.18,4.02,210226,86697055.00,3.86,-2.17,-0.09,1.73
2019-10-25,4.04,4.09,4.11,4.03,134488,55390292.00,1.97,0.74,0.03,1.11
2019-10-28,4.05,4.39,4.49,4.03,974796,426928832.00,11.25,7.33,0.30,8.04
2019-10-29,4.42,4.37,4.49,4.34,785410,350396880.00,3.42,-0.46,-0.02,6.48
2019-10-30,4.45,4.16,4.50,4.14,518127,223682986.00,8.24,-4.81,-0.21,4.27
2019-10-31,4.26,4.21,4.41,4.17,472304,204585960.00,5.77,1.20,0.05,3.90
2019-11-01,4.18,4.20,4.27,4.14,302709,128481660.00,3.09,-0.24,-0.01,2.50
2019-11-04,4.21,4.25,4.27,4.14,355167,150395371.00,3.10,1.19,0.05,2.93
2019-11-05,4.26,4.18,4.26,4.16,294260,124683904.00,2.35,-1.65,-0.07,2.43
2019-11-06,4.15,4.04,4.19,4.02,309290,127464889.00,4.07,-3.35,-0.14,2.55
2019-11-07,4.01,4.01,4.05,3.95,188690,76179762.00,2.48,-0.74,-0.03,1.56
2019-11-08,4.03,4.05,4.06,3.99,154178,62667621.00,1.75,1.00,0.04,1.27
2019-11-11,4.00,3.95,4.02,3.95,130247,52292586.00,1.73,-2.47,-0.10,1.07
2019-11-12,3.92,3.94,4.01,3.92,138144,55222921.00,2.28,-0.25,-0.01,1.14
2019-11-13,3.96,3.92,3.97,3.92,78954,31416570.00,1.27,-0.51,-0.02,0.65
2019-11-14,3.87,3.80,3.88,3.75,269384,103350303.00,3.32,-3.06,-0.12,2.22
2019-11-15,3.77,3.68,3.81,3.66,173153,65311589.00,3.95,-3.16,-0.12,1.43
2019-11-18,3.66,3.78,3.79,3.64,152251,57110902.00,4.08,2.72,0.10,1.26
2019-11-19,3.78,3.79,3.80,3.74,150601,57340081.00,1.59,0.26,0.01,1.24
2019-11-20,3.76,3.72,3.77,3.70,111984,42210149.00,1.85,-1.85,-0.07,0.92
2019-11-21,3.69,3.72,3.74,3.67,104701,39127848.00,1.88,0.00,0.00,0.86
2019-11-22,3.76,3.73,3.80,3.71,130150,49295185.00,2.42,0.27,0.01,1.07
2019-11-25,3.76,3.74,3.76,3.67,82135,30849650.00,2.41,0.27,0.01,0.68
2019-11-26,3.76,3.81,3.86,3.72,171463,65561429.00,3.74,1.87,0.07,1.41
2019-11-27,3.79,3.77,3.80,3.75,98528,37546097.00,1.31,-1.05,-0.04,0.81
2019-11-28,3.75,3.71,3.77,3.70,80654,30401481.00,1.86,-1.59,-0.06,0.67
2019-11-29,3.73,3.69,3.74,3.66,77743,28977831.00,2.16,-0.54,-0.02,0.64
2019-12-02,3.78,3.74,3.85,3.73,198680,75863515.00,3.25,1.36,0.05,1.64
2019-12-03,3.68,3.70,3.71,3.64,133296,49507399.00,1.87,-1.07,-0.04,1.10
2019-12-04,3.66,3.68,3.71,3.66,71576,26634540.00,1.35,-0.54,-0.02,0.59
2019-12-05,3.68,3.74,3.75,3.66,165096,61808219.00,2.45,1.63,0.06,1.36
2019-12-06,3.74,3.72,3.75,3.69,93677,35162664.00,1.60,-0.53,-0.02,0.77
2019-12-09,3.76,3.76,3.78,3.71,122074,46093473.00,1.88,1.08,0.04,1.01
2019-12-10,3.83,3.75,3.83,3.73,153391,58240546.00,2.66,-0.27,-0.01,1.27
2019-12-11,3.73,3.72,3.76,3.70,91031,34193929.00,1.60,-0.80,-0.03,0.75
2019-12-12,3.72,3.69,3.73,3.69,75097,28116293.00,1.08,-0.81,-0.03,0.62
2019-12-13,3.71,3.71,3.73,3.69,107750,40401335.00,1.08,0.54,0.02,0.89
2019-12-16,3.72,3.77,3.78,3.71,149560,56638949.00,1.89,1.62,0.06,1.23
2019-12-17,3.78,3.83,3.84,3.75,253637,97557418.00,2.39,1.59,0.06,2.09
2019-12-18,3.82,3.80,3.84,3.79,233402,89877933.00,1.31,-0.78,-0.03,1.93
2019-12-19,3.79,3.84,3.85,3.79,171742,66260822.00,1.58,1.05,0.04,1.42
2019-12-20,3.82,3.83,3.91,3.82,222611,86963975.00,2.34,-0.26,-0.01,1.84
2019-12-23,3.82,3.72,3.86,3.71,161623,61573109.00,3.92,-2.87,-0.11,1.33
2019-12-24,3.72,3.76,3.76,3.72,89234,33731559.00,1.08,1.08,0.04,0.74
2019-12-25,3.76,3.74,3.76,3.72,110113,41603822.00,1.06,-0.53,-0.02,0.91
2019-12-26,3.73,3.75,3.76,3.72,110756,41806116.00,1.07,0.27,0.01,0.91
2019-12-27,3.74,3.73,3.78,3.73,142144,53959659.00,1.33,-0.53,-0.02,1.17
2019-12-30,3.73,3.74,3.75,3.68,119510,44959482.00,1.88,0.27,0.01,0.99
2019-12-31,3.75,3.78,3.81,3.73,152951,58257697.00,2.14,1.07,0.04,1.26