2021-01-04,11.41,11.88,12.02,11.41,108327,193968975.00,5.33,3.85,0.44,7.96
2021-01-05,11.88,11.82,12.01,11.62,96432,172844614.00,3.28,-0.51,-0.06,7.09
2021-01-06,11.82,11.25,12.20,11.18,130870,231722024.00,8.63,-4.82,-0.57,9.62
2021-01-07,11.12,10.56,11.12,10.28,145843,237122312.00,7.47,-6.13,-0.69,10.72
2021-01-08,10.46,10.62,10.86,10.18,106138,170946947.00,6.44,0.57,0.06,7.80
2021-01-11,10.77,11.46,11.82,10.68,178430,306132048.00,10.73,7.91,0.84,13.12
2021-01-12,11.42,11.59,11.66,11.07,126427,218194902.00,5.15,1.13,0.13,9.30
2021-01-13,11.74,10.98,11.74,10.96,103513,176901510.00,6.73,-5.26,-0.61,7.61
2021-01-14,11.00,11.27,11.61,10.98,98005,169011142.00,5.74,2.64,0.29,7.21
2021-01-15,11.18,11.40,11.74,11.03,115509,201362098.00,6.30,1.15,0.13,8.49
2021-01-18,11.26,11.61,11.71,11.20,99161,173667300.00,4.47,1.84,0.21,7.29
2021-01-19,11.63,12.30,12.67,11.30,193943,355517264.00,11.80,5.94,0.69,14.26
2021-01-20,12.18,12.06,12.18,11.89,129755,236960664.00,2.36,-1.95,-0.24,9.54
2021-01-21,11.92,11.85,12.08,11.58,108894,195729048.00,4.15,-1.74,-0.21,8.01
2021-01-22,11.78,11.02,12.03,11.01,120505,208222655.00,8.61,-7.00,-0.83,8.86
2021-01-25,12.36,13.26,13.26,11.98,314803,606254128.00,11.62,20.33,2.24,23.15
2021-01-26,13.56,12.51,13.56,12.18,243717,468772576.00,10.41,-5.66,-0.75,17.92
2021-01-27,12.30,12.24,12.38,11.78,143043,262441846.00,4.80,-2.16,-0.27,10.52
2021-01-28,12.06,12.66,13.03,11.92,189127,363296976.00,9.07,3.43,0.42,13.91
2021-01-29,12.69,13.12,14.51,12.12,225051,443985376.00,18.88,3.63,0.46,16.55
2021-02-01,13.18,13.27,13.78,12.72,186922,377595344.00,8.08,1.14,0.15,13.74
2021-02-02,13.29,12.86,13.76,12.84,191470,386163088.00,6.93,-3.09,-0.41,14.08
2021-02-03,12.70,12.14,12.85,11.96,153204,284346112.00,6.92,-5.60,-0.72,11.26
2021-02-04,11.84,11.54,11.96,11.11,131502,229373703.00,7.00,-4.94,-0.60,9.67
2021-02-05,11.38,10.64,11.61,10.60,97345,163883186.00,8.75,-7.80,-0.90,7.16
2021-02-08,10.64,10.92,11.04,10.50,68233,112179475.00,5.08,2.63,0.28,5.02
2021-02-09,10.78,11.10,11.23,10.72,70469,118121670.00,4.67,1.65,0.18,5.18
2021-02-10,11.31,11.17,11.90,11.14,87521,153606788.00,6.85,0.63,0.07,6.44
2021-02-18,11.45,11.53,11.73,11.19,72004,125900157.00,4.83,3.22,0.36,5.29
2021-02-19,11.40,11.94,12.02,11.30,89359,158873132.00,6.24,3.56,0.41,6.57
2021-02-22,11.84,11.92,12.45,11.83,105791,195025472.00,5.19,-0.17,-0.02,7.78
2021-02-23,12.01,11.44,12.01,11.34,84780,148759970.00,5.62,-4.03,-0.48,6.22
2021-02-24,11.50,11.97,12.22,11.40,118369,213406206.00,7.17,4.63,0.53,8.69
2021-02-25,12.06,12.12,12.12,11.62,90720,163358334.00,4.18,1.25,0.15,6.66
2021-02-26,12.02,12.52,13.42,11.84,162512,313711664.00,13.04,3.30,0.40,11.93
2021-03-01,12.45,12.71,12.88,12.32,113826,217436038.00,4.47,1.52,0.19,8.35
2021-03-02,12.58,12.74,12.91,12.38,106506,204295206.00,4.17,0.24,0.03,7.82
2021-03-03,12.61,12.52,12.64,12.25,88512,167460821.00,3.06,-1.73,-0.22,6.50
2021-03-04,12.38,12.33,12.74,12.30,78543,148938439.00,3.51,-1.52,-0.19,5.76
2021-03-05,12.24,12.62,12.72,12.21,84709,161400172.00,4.14,2.35,0.29,6.22
2021-03-08,12.62,12.08,12.82,12.07,82255,155486379.00,5.94,-4.28,-0.54,6.04
2021-03-09,12.00,11.18,12.15,10.92,103263,179088453.00,10.18,-7.45,-0.90,7.58
2021-03-10,11.36,11.04,11.46,10.99,51440,87302775.00,4.20,-1.25,-0.14,3.77
2021-03-11,11.04,11.39,11.52,10.91,55431,95011834.00,5.53,3.17,0.35,4.07
2021-03-12,11.36,11.74,11.88,11.28,81861,145062747.00,5.27,3.07,0.35,6.01
2021-03-15,11.58,11.65,11.91,11.48,60064,106590251.00,3.66,-0.77,-0.09,4.41
2021-03-16,11.70,12.11,12.17,11.61,85849,156392100.00,4.81,3.95,0.46,6.30
2021-03-17,12.18,12.18,12.25,11.98,65873,121369475.00,2.23,0.58,0.07,4.83
2021-03-18,12.18,12.24,12.51,12.12,74644,139478708.00,3.20,0.49,0.06,5.48
2021-03-19,12.01,12.02,12.30,11.96,60811,111757581.00,2.78,-1.80,-0.22,4.46
2021-03-22,12.20,12.56,12.57,11.92,91001,171343321.00,5.41,4.49,0.54,6.68
2021-03-23,12.44,12.48,12.76,12.36,95874,182690109.00,3.18,-0.64,-0.08,7.04
2021-03-24,12.31,12.48,12.75,12.31,71853,136850090.00,3.53,0.00,0.00,5.27
2021-03-25,12.34,12.44,12.53,12.04,64765,121251860.00,3.93,-0.32,-0.04,4.75
2021-03-26,12.44,12.62,12.81,12.43,72723,139446553.00,3.05,1.45,0.18,5.34
2021-03-29,12.78,12.64,13.08,12.58,97630,189822240.00,3.96,0.16,0.02,7.16
2021-03-30,12.64,12.48,12.76,12.32,68186,129409004.00,3.48,-1.27,-0.16,5.00
2021-03-31,12.83,12.56,13.10,12.38,105063,202560400.00,5.77,0.64,0.08,7.71
2021-04-01,12.46,12.32,12.81,12.32,88255,168123067.00,3.90,-1.91,-0.24,6.48
2021-04-02,12.36,13.22,13.58,12.26,171544,337350496.00,10.71,7.31,0.90,12.59
2021-04-06,13.30,13.78,13.96,13.09,168030,346909504.00,6.58,4.24,0.56,12.33
2021-04-07,13.71,13.57,13.80,13.34,102155,209463867.00,3.34,-1.52,-0.21,7.50
2021-04-08,13.54,13.11,13.54,13.11,91621,184461318.00,3.17,-3.39,-0.46,6.72
2021-04-09,13.18,13.13,13.50,13.06,74888,150926356.00,3.36,0.15,0.02,5.50
2021-04-12,13.06,12.52,13.13,12.42,77688,149712150.00,5.41,-4.65,-0.61,5.70
2021-04-13,12.57,12.39,12.67,12.28,54893,103806588.00,3.12,-1.04,-0.13,4.03
2021-04-14,12.44,12.79,12.82,12.40,57177,109726024.00,3.39,3.23,0.40,4.20
2021-04-15,13.10,13.32,13.42,12.76,124374,247923317.00,5.16,4.14,0.53,9.13
2021-04-16,13.18,13.12,13.34,13.01,96567,193157074.00,2.48,-1.50,-0.20,7.09
2021-04-19,13.18,13.42,13.51,13.05,77821,157618619.00,3.51,2.29,0.30,5.71
2021-04-20,13.34,13.21,13.39,13.05,73969,148339794.00,2.53,-1.56,-0.21,5.43
2021-04-21,13.08,12.90,13.16,12.64,63568,123896359.00,3.94,-2.35,-0.31,4.66
2021-04-22,12.99,12.73,13.10,12.69,61776,120963658.00,3.18,-1.32,-0.17,4.53
2021-04-23,12.76,12.79,12.87,12.46,53639,103571914.00,3.22,0.47,0.06,3.94
2021-04-26,12.74,12.38,12.80,12.38,66090,125936555.00,3.28,-3.21,-0.41,4.85
2021-04-27,12.23,11.79,12.31,11.72,71125,128594785.00,4.77,-4.77,-0.59,5.22
2021-04-28,11.70,11.92,12.08,11.70,38610,70014569.00,3.22,1.10,0.13,2.83
2021-04-29,11.84,11.76,12.04,11.71,39678,71781778.00,2.77,-1.34,-0.16,2.91
2021-04-30,11.54,11.51,11.73,11.31,50423,88150279.00,3.57,-2.13,-0.25,3.70
2021-05-06,11.42,11.60,11.69,11.38,26856,47365973.00,2.69,0.78,0.09,1.97
2021-05-07,11.57,11.60,11.86,11.45,44225,78373947.00,3.53,0.00,0.00,3.25
2021-05-10,11.52,11.32,11.58,11.01,68284,116202547.00,4.91,-2.41,-0.28,5.01
2021-05-11,11.37,11.77,11.78,11.32,53732,95215858.00,4.06,3.98,0.45,3.94
2021-05-12,11.64,11.88,11.88,11.54,37598,66980378.00,2.89,0.93,0.11,2.76
2021-05-13,11.76,11.72,11.95,11.68,34742,62257907.00,2.27,-1.35,-0.16,2.55
2021-05-14,11.69,11.82,11.83,11.46,47609,84536776.00,3.16,0.85,0.10,3.49
2021-05-17,11.87,11.69,12.00,11.57,59687,70406229.00,3.64,-1.10,-0.13,2.92
2021-05-18,11.62,11.72,11.73,11.30,60776,70436525.00,3.68,0.26,0.03,2.98
2021-05-19,11.92,12.37,12.75,11.85,174140,217058381.00,7.68,5.55,0.65,8.53
2021-05-20,12.20,14.86,14.86,12.12,455835,640164880.00,22.15,20.13,2.49,22.32
2021-05-21,15.95,14.85,16.70,14.62,646568,1022252448.00,14.00,-0.07,-0.01,31.66
2021-05-24,14.86,14.41,15.42,14.10,487298,715475664.00,8.89,-2.96,-0.44,23.86
2021-05-25,14.22,13.92,14.50,13.87,350811,497236768.00,4.37,-3.40,-0.49,17.18
2021-05-26,13.93,14.97,15.14,13.66,408272,589418608.00,10.63,7.54,1.05,19.99
2021-05-27,14.67,14.78,15.80,14.38,413744,627028352.00,9.49,-1.27,-0.19,20.26
2021-05-28,15.21,16.70,17.10,15.20,515106,838582912.00,12.86,12.99,1.92,25.23
2021-05-31,16.92,17.54,17.92,16.34,485452,833866800.00,9.46,5.03,0.84,23.77
2021-06-01,17.09,16.85,17.37,16.53,280548,476317296.00,4.79,-3.93,-0.69,13.74
2021-06-02,16.62,19.54,20.20,16.62,463841,877510976.00,21.25,15.96,2.69,22.71
2021-06-03,20.42,19.62,20.72,18.87,368248,737163712.00,9.47,0.41,0.08,18.03
2021-06-04,19.57,20.24,21.17,18.78,353463,699483184.00,12.18,3.16,0.62,17.31
2021-06-07,20.93,20.50,21.30,19.33,334319,683647120.00,9.73,1.28,0.26,16.37
2021-06-08,21.20,19.92,22.42,19.71,451434,964124816.00,13.22,-2.83,-0.58,22.11
2021-06-09,19.55,19.92,20.92,19.51,305854,618903072.00,7.08,0.00,0.00,14.98
2021-06-10,19.53,20.93,21.27,19.15,280594,575365008.00,10.64,5.07,1.01,13.74
2021-06-11,20.43,18.95,20.72,18.90,282133,556355744.00,8.70,-9.46,-1.98,13.82
2021-06-15,18.44,19.90,20.57,18.44,279635,553018880.00,11.24,5.01,0.95,13.69
2021-06-16,19.66,18.21,19.80,18.07,213004,399968992.00,8.69,-8.49,-1.69,10.43
2021-06-17,18.38,19.04,19.36,18.38,200837,381209184.00,5.38,4.56,0.83,9.84
2021-06-18,19.43,20.30,20.90,18.83,257059,519274256.00,10.87,6.62,1.26,12.59
2021-06-21,20.21,20.02,20.92,19.73,192612,388112976.00,5.86,-1.38,-0.28,9.43
2021-06-22,20.03,24.04,24.04,19.52,276345,610457744.00,22.58,20.08,4.02,13.53
2021-06-23,23.89,24.52,25.42,22.72,338194,810368720.00,11.23,2.00,0.48,16.56
2021-06-24,23.06,22.32,23.82,21.13,277731,621516480.00,10.97,-8.97,-2.20,13.60
2021-06-25,22.32,21.58,22.37,20.99,167696,363408224.00,6.18,-3.32,-0.74,8.21
2021-06-28,21.72,23.06,23.65,21.43,226616,517476464.00,10.29,6.86,1.48,12.01
2021-06-29,23.85,23.03,24.82,22.98,200561,478840880.00,7.98,-0.13,-0.03,10.63
2021-06-30,23.18,23.26,24.13,22.74,153328,358771632.00,6.04,1.00,0.23,7.51
2021-07-01,22.94,21.76,23.31,21.72,138801,310605168.00,6.84,-6.45,-1.50,6.80
2021-07-02,22.03,25.87,26.02,21.52,302215,730582416.00,20.68,18.89,4.11,14.80
2021-07-05,25.93,29.52,30.12,25.35,270250,744813296.00,18.44,14.11,3.65,13.23
2021-07-06,28.73,28.77,31.24,27.92,243170,710099824.00,11.25,-2.54,-0.75,11.91
2021-07-07,28.88,29.72,30.60,28.03,211477,621869504.00,8.93,3.30,0.95,10.36
2021-07-08,29.17,29.12,30.58,28.54,192135,564284080.00,6.86,-2.02,-0.60,9.41
2021-07-09,28.60,28.70,29.72,27.57,170433,488054608.00,7.38,-1.44,-0.42,8.35
2021-07-12,29.81,29.60,30.80,28.13,193694,576324304.00,9.30,3.14,0.90,9.49
2021-07-13,29.76,30.72,32.16,28.79,201135,611238544.00,11.39,3.78,1.12,9.85
2021-07-14,30.40,28.99,30.72,28.72,138088,406760528.00,6.51,-5.63,-1.73,6.76
2021-07-15,28.28,27.22,28.28,26.02,275106,750454544.00,7.80,-6.11,-1.77,13.47
2021-07-16,27.29,30.04,31.92,26.58,311590,933779824.00,19.62,10.36,2.82,15.26
2021-07-19,29.75,30.83,34.60,29.54,311504,991196032.00,16.84,2.63,0.79,15.25
2021-07-20,30.92,31.83,33.22,30.31,225280,721679280.00,9.44,3.24,1.00,11.05
2021-07-21,32.92,31.37,33.12,31.13,218211,697534208.00,6.25,-1.45,-0.46,10.71
2021-07-22,32.03,33.12,33.66,30.82,217869,707901776.00,9.05,5.58,1.75,10.69
2021-07-23,33.42,36.43,38.42,33.42,278268,1007118256.00,15.10,9.99,3.31,13.65
2021-07-26,36.24,38.63,39.92,34.20,268075,979898720.00,15.70,6.04,2.20,13.15
2021-07-27,38.09,36.32,40.11,36.02,231229,890448544.00,10.59,-5.98,-2.31,11.35
2021-07-28,34.92,35.50,37.12,32.92,198224,695110448.00,11.56,-2.26,-0.82,9.73
2021-07-29,36.20,38.35,38.57,36.17,193483,730122784.00,6.76,8.03,2.85,9.49
2021-07-30,37.28,36.92,37.70,35.99,177401,655413712.00,4.46,-3.73,-1.43,8.62
2021-08-02,36.30,35.20,37.42,33.79,202598,712041680.00,9.83,-4.66,-1.72,9.84
2021-08-03,35.18,34.01,36.91,33.62,173569,613017152.00,9.35,-3.38,-1.19,8.43
2021-08-04,34.94,35.85,35.88,33.57,152470,529915648.00,6.79,5.41,1.84,7.41
2021-08-05,35.71,33.71,35.77,33.65,131452,452253024.00,5.91,-5.97,-2.14,6.39
2021-08-06,34.22,32.07,34.64,31.50,195167,638589760.00,9.31,-4.87,-1.64,9.48
2021-08-09,32.87,32.27,33.60,31.70,127716,415755872.00,5.92,0.62,0.20,6.20
2021-08-10,31.85,31.24,33.12,30.00,181414,572886704.00,9.67,-3.19,-1.03,8.81
2021-08-11,32.24,35.62,36.35,31.93,291283,989195808.00,14.15,14.02,4.38,14.15
2021-08-12,34.72,34.18,35.38,33.74,157907,543973808.00,4.60,-4.04,-1.44,7.67
2021-08-13,33.91,33.74,34.92,33.59,112011,383478480.00,3.89,-1.29,-0.44,5.44
2021-08-16,34.12,31.16,34.34,31.13,150332,484101648.00,9.51,-7.65,-2.58,7.30
2021-08-17,31.01,29.68,31.36,29.37,122002,369774016.00,6.39,-4.75,-1.48,5.93
2021-08-18,29.60,28.54,30.12,27.86,182107,526041200.00,7.61,-3.84,-1.14,8.85
2021-08-19,29.66,30.24,31.11,28.22,205266,616200304.00,10.13,5.96,1.70,9.97
2021-08-20,29.52,30.69,31.02,28.79,134055,405957472.00,7.37,1.49,0.45,6.51
2021-08-23,31.42,31.08,32.63,31.04,137717,439929008.00,5.18,1.27,0.39,6.69
2021-08-24,30.92,31.06,32.04,30.43,112902,351744304.00,5.18,-0.06,-0.02,5.48
2021-08-25,31.13,30.26,31.47,29.49,138822,418088576.00,6.37,-2.58,-0.80,6.74
2021-08-26,29.88,29.52,31.10,29.52,105463,318037808.00,5.22,-2.45,-0.74,5.12
2021-08-27,29.97,29.80,30.21,28.75,93893,278121184.00,4.95,0.95,0.28,4.56
2021-08-30,28.72,28.93,29.72,28.66,107136,311879152.00,3.56,-2.92,-0.87,5.20
2021-08-31,28.62,28.12,28.72,27.42,112431,316959328.00,4.49,-2.80,-0.81,5.46
2021-09-01,28.04,27.55,28.99,27.12,99126,279589632.00,6.65,-2.03,-0.57,4.82
2021-09-02,27.13,27.56,27.97,26.83,80378,221173426.00,4.14,0.04,0.01,3.90
2021-09-03,27.53,26.80,28.25,26.41,106347,290801040.00,6.68,-2.76,-0.76,5.17
2021-09-06,26.47,27.30,27.53,26.32,87631,237407804.00,4.51,1.87,0.50,4.26
2021-09-07,27.41,27.06,27.91,26.89,86830,237915960.00,3.74,-0.88,-0.24,4.22
2021-09-08,27.21,26.62,27.51,26.44,78332,210623219.00,3.95,-1.63,-0.44,3.81
2021-09-09,26.62,25.97,26.68,25.42,112828,292262896.00,4.73,-2.44,-0.65,5.48
2021-09-10,25.99,27.15,27.83,25.99,148091,401616640.00,7.09,4.54,1.18,7.19
2021-09-13,26.71,25.24,26.71,24.97,125963,323035776.00,6.41,-7.03,-1.91,6.12
2021-09-14,25.48,25.30,26.21,25.12,100608,258898580.00,4.32,0.24,0.06,4.89
2021-09-15,25.26,25.65,25.70,24.28,113556,285879664.00,5.61,1.38,0.35,5.52
2021-09-16,25.65,23.93,25.80,23.92,112861,279538480.00,7.33,-6.71,-1.72,5.48
2021-09-17,24.09,23.65,24.67,23.30,78450,187550009.00,5.73,-1.17,-0.28,3.81
2021-09-22,23.39,23.73,24.10,23.20,51557,122704396.00,3.81,0.34,0.08,2.50
2021-09-23,23.96,25.19,25.77,23.72,145403,365826928.00,8.64,6.15,1.46,7.06
2021-09-24,24.80,24.66,25.84,24.29,94166,235082139.00,6.15,-2.10,-0.53,4.57
2021-09-27,24.30,23.77,24.89,23.12,85099,204166443.00,7.18,-3.61,-0.89,4.13
2021-09-28,23.93,24.19,24.40,23.53,53713,129369450.00,3.66,1.77,0.42,2.61
2021-09-29,23.70,22.24,23.96,22.22,84603,194184804.00,7.19,-8.06,-1.95,4.11
2021-09-30,22.47,23.82,24.40,22.30,110140,262422753.00,9.44,7.10,1.58,5.35
2021-10-08,24.52,23.97,24.80,23.53,68939,165818704.00,5.33,0.63,0.15,3.35
2021-10-11,23.59,23.48,23.91,23.12,56855,134302188.00,3.30,-2.04,-0.49,2.76
2021-10-12,23.50,23.15,24.62,22.50,80364,187174617.00,9.03,-1.41,-0.33,3.90
2021-10-13,23.15,23.71,23.84,22.75,58216,136790756.00,4.71,2.42,0.56,2.83
2021-10-14,23.59,24.61,25.03,23.32,104384,254834716.00,7.21,3.80,0.90,5.07
2021-10-15,24.42,26.30,26.31,23.67,200177,508905296.00,10.73,6.87,1.69,9.72
2021-10-18,25.92,26.51,26.77,25.54,138340,363992272.00,4.68,0.80,0.21,6.72
2021-10-19,26.43,26.09,26.61,25.43,95596,248767230.00,4.45,-1.58,-0.42,4.64
2021-10-20,26.22,27.79,28.02,26.02,163534,448307328.00,7.67,6.52,1.70,7.94
2021-10-21,26.95,26.16,27.40,26.00,150251,401592448.00,5.04,-5.87,-1.63,7.30
2021-10-22,26.12,25.36,26.18,25.32,91604,235210922.00,3.29,-3.06,-0.80,4.45
2021-10-25,25.52,25.87,26.12,24.90,92059,237011727.00,4.81,2.01,0.51,4.47
2021-10-26,25.78,25.22,26.12,25.10,85818,218726876.00,3.94,-2.51,-0.65,4.17
2021-10-27,25.47,25.08,25.47,24.83,65482,165056862.00,2.54,-0.56,-0.14,3.18
2021-10-28,24.63,23.40,24.76,23.12,122591,291719888.00,6.54,-6.70,-1.68,5.96
2021-10-29,23.87,24.06,24.70,23.61,76147,184755231.00,4.66,2.82,0.66,3.70
2021-11-01,24.00,26.19,26.29,23.77,141663,358821264.00,10.47,8.85,2.13,6.88
2021-11-02,26.15,26.43,27.11,25.77,155900,412961936.00,5.12,0.92,0.24,7.57
2021-11-03,26.22,26.27,26.66,25.62,82198,215147745.00,3.93,-0.61,-0.16,3.99
2021-11-04,26.40,26.62,26.96,26.13,106130,283112448.00,3.16,1.33,0.35,5.16
2021-11-05,26.78,25.92,27.26,25.92,97352,257929281.00,5.03,-2.63,-0.70,4.73
2021-11-08,25.51,25.90,26.48,25.32,89430,232161975.00,4.48,-0.08,-0.02,4.34
2021-11-09,26.20,28.14,29.20,25.72,247401,688796800.00,13.44,8.65,2.24,12.02
2021-11-10,28.57,28.37,29.62,28.25,258526,747387776.00,4.87,0.82,0.23,12.56
2021-11-11,27.92,27.82,28.36,27.66,147651,413913120.00,2.47,-1.94,-0.55,7.17
2021-11-12,27.78,28.92,29.50,27.66,169510,489931456.00,6.61,3.95,1.10,8.23
2021-11-15,28.80,29.09,29.98,28.56,159603,468120656.00,4.91,0.59,0.17,7.75
2021-11-16,28.92,27.82,29.19,27.82,115062,326610560.00,4.71,-4.37,-1.27,5.59
2021-11-17,27.72,27.66,28.22,27.34,87118,241510978.00,3.16,-0.58,-0.16,4.23
2021-11-18,27.53,26.75,27.79,26.70,98025,266167236.00,3.94,-3.29,-0.91,4.76
2021-11-19,26.63,27.18,27.48,26.63,75890,206349212.00,3.18,1.61,0.43,3.69
2021-11-22,27.32,28.82,29.27,27.06,156299,446056352.00,8.13,6.03,1.64,7.59
2021-11-23,28.48,28.46,28.85,28.18,90847,259349838.00,2.32,-1.25,-0.36,4.41
2021-11-24,28.47,27.39,28.61,27.22,113912,315582832.00,4.88,-3.76,-1.07,5.53
2021-11-25,27.48,27.06,27.81,26.92,84417,230505114.00,3.25,-1.20,-0.33,4.10
2021-11-26,26.92,27.23,27.50,26.51,73459,199569607.00,3.66,0.63,0.17,3.57
2021-11-29,26.62,25.64,27.05,25.38,157166,410279488.00,6.13,-5.84,-1.59,7.63
2021-11-30,25.61,25.94,26.50,25.52,86902,227026596.00,3.82,1.17,0.30,4.22
2021-12-01,25.94,25.46,26.01,24.93,84660,215699110.00,4.16,-1.85,-0.48,4.11
2021-12-02,25.32,24.59,25.53,24.56,81042,202325010.00,3.81,-3.42,-0.87,3.94
2021-12-03,24.64,24.66,25.04,24.28,68260,168898960.00,3.09,0.28,0.07,3.32
2021-12-06,24.67,23.68,24.80,23.48,85919,206635197.00,5.35,-3.97,-0.98,4.17
2021-12-07,23.79,23.20,23.92,23.04,57382,134463291.00,3.72,-2.03,-0.48,2.79
2021-12-08,23.21,23.84,24.12,23.21,67360,160990269.00,3.92,2.76,0.64,3.27
2021-12-09,23.74,24.04,24.37,23.72,76231,184004331.00,2.73,0.84,0.20,3.70
2021-12-10,23.92,24.45,24.80,23.81,72084,176405056.00,4.12,1.71,0.41,3.50
2021-12-13,24.45,24.37,24.62,24.02,51730,125822571.00,2.45,-0.33,-0.08,2.51
2021-12-14,24.37,24.09,24.37,23.84,52534,126606275.00,2.17,-1.15,-0.28,2.55
2021-12-15,23.94,23.91,24.15,23.84,32551,78287846.00,1.29,-0.75,-0.18,1.58
2021-12-16,23.90,23.67,24.07,23.46,58683,139194070.00,2.55,-1.00,-0.24,2.85
2021-12-17,23.22,22.66,23.42,22.47,121676,278936016.00,4.01,-4.27,-1.01,5.91
2021-12-20,22.39,21.56,22.62,21.53,89854,198268659.00,4.81,-4.85,-1.10,4.36
2021-12-21,21.42,21.73,21.98,21.38,49655,107876981.00,2.78,0.79,0.17,2.41
2021-12-22,21.78,21.81,21.97,21.68,39477,86494620.00,1.33,0.37,0.08,1.92
2021-12-23,21.77,22.34,22.52,21.42,78561,174473812.00,5.04,2.43,0.53,3.82
2021-12-24,22.31,21.33,22.41,21.27,62911,136645875.00,5.10,-4.52,-1.01,3.06
2021-12-27,21.07,21.34,21.64,20.89,33611,71662299.00,3.52,0.05,0.01,1.63
2021-12-28,21.42,21.53,21.62,21.18,32513,69806191.00,2.06,0.89,0.19,1.58
2021-12-29,21.32,21.32,21.61,21.02,37960,80935895.00,2.74,-0.98,-0.21,1.84
2021-12-30,21.30,21.56,21.99,21.22,62497,135978315.00,3.61,1.13,0.24,3.04
2021-12-31,21.64,21.55,22.05,21.47,57694,125670989.00,2.69,-0.05,-0.01,2.81