2013-01-04,3.57,3.59,3.62,3.54,52007,41911923.00,2.25,1.13,0.04,1.84
2013-01-07,3.58,3.73,3.77,3.52,100422,82745260.00,6.96,3.90,0.14,3.55
2013-01-08,3.69,3.69,3.70,3.62,68542,56193575.00,2.14,-1.07,-0.04,2.42
2013-01-09,3.67,3.75,3.81,3.64,82696,68794167.00,4.61,1.63,0.06,2.92
2013-01-10,3.74,3.85,3.89,3.69,104179,87957389.00,5.33,2.67,0.10,3.68
2013-01-11,3.83,3.62,3.87,3.56,86160,71364076.00,8.05,-5.97,-0.23,3.05
2013-01-14,3.58,3.72,3.74,3.52,65251,53598658.00,6.08,2.76,0.10,2.31
2013-01-15,3.69,3.87,3.91,3.68,108894,92622692.00,6.18,4.03,0.15,3.85
2013-01-16,3.86,4.11,4.15,3.80,185802,164489328.00,9.04,6.20,0.24,6.57
2013-01-17,4.05,3.88,4.13,3.85,110967,97203302.00,6.81,-5.60,-0.23,3.92
2013-01-18,3.85,3.93,3.95,3.82,54914,47347294.00,3.35,1.29,0.05,1.94
2013-01-21,3.94,3.96,4.05,3.88,69369,60843042.00,4.33,0.76,0.03,2.45
2013-01-22,3.94,3.77,3.94,3.74,67481,57496268.00,5.05,-4.80,-0.19,2.39
2013-01-23,3.74,3.73,3.85,3.65,42028,35073542.00,5.31,-1.06,-0.04,1.49
2013-01-24,3.76,3.92,3.97,3.61,112602,95471327.00,9.65,5.09,0.19,3.98
2013-01-25,3.93,4.02,4.04,3.78,126400,110327374.00,6.63,2.55,0.10,4.47
2013-01-28,4.04,4.05,4.09,3.90,104317,92097695.00,4.73,0.75,0.03,3.69
2013-01-29,4.04,4.21,4.37,3.97,169829,155860564.00,9.88,3.95,0.16,6.00
2013-01-30,4.24,4.51,4.65,4.24,226035,216965818.00,9.74,7.13,0.30,7.99
2013-01-31,4.41,4.29,4.45,4.27,122225,115655025.00,3.99,-4.88,-0.22,4.32
2013-02-01,4.29,4.19,4.51,4.15,92143,85659977.00,8.39,-2.33,-0.10,3.26
2013-02-04,4.20,4.26,4.27,4.12,67309,61773494.00,3.58,1.67,0.07,2.38
2013-02-05,4.19,4.21,4.28,4.17,44862,41335417.00,2.58,-1.17,-0.05,1.59
2013-02-06,4.22,4.12,4.23,4.09,49087,44631254.00,3.33,-2.14,-0.09,1.74
2013-02-07,4.10,4.08,4.18,4.08,40407,36517529.00,2.43,-0.97,-0.04,1.43
2013-02-08,4.09,4.17,4.17,4.08,35480,32120538.00,2.21,2.21,0.09,1.25
2013-02-18,4.18,4.22,4.27,4.14,52666,48548015.00,3.12,1.20,0.05,1.86
2013-02-19,4.22,4.10,4.28,4.09,48321,44081813.00,4.50,-2.84,-0.12,1.71
2013-02-20,4.09,4.18,4.22,4.01,46303,41836959.00,5.12,1.95,0.08,1.64
2013-02-21,4.12,4.33,4.44,3.95,111434,102378052.00,11.72,3.59,0.15,3.94
2013-02-22,4.40,4.25,4.53,4.24,128276,122383547.00,6.70,-1.85,-0.08,4.53
2013-02-25,4.20,4.20,4.37,4.02,79257,72575738.00,8.24,-1.18,-0.05,2.80
2013-02-26,4.05,4.07,4.19,4.05,55810,50267868.00,3.33,-3.10,-0.13,1.97
2013-02-27,4.05,3.95,4.15,3.92,52015,45960515.00,5.65,-2.95,-0.12,1.84
2013-02-28,3.96,4.02,4.05,3.89,49471,43349350.00,4.05,1.77,0.07,1.75
2013-03-01,3.99,4.15,4.19,3.95,66558,59967121.00,5.97,3.23,0.13,2.35
2013-03-04,4.05,4.05,4.24,4.00,71329,64312125.00,5.78,-2.41,-0.10,2.52
2013-03-05,4.07,4.33,4.46,4.07,143128,134138315.00,9.63,6.91,0.28,5.06
2013-03-06,4.28,4.40,4.49,4.22,132060,125069568.00,6.24,1.62,0.07,4.67
2013-03-07,4.37,4.54,4.71,4.33,182893,178969527.00,8.64,3.18,0.14,6.46
2013-03-08,4.59,4.27,4.62,4.22,111748,106994132.00,8.81,-5.95,-0.27,3.95
2013-03-11,4.32,4.24,4.33,4.21,52305,48585548.00,2.81,-0.70,-0.03,1.85
2013-03-12,4.26,4.33,4.49,4.22,89075,84138943.00,6.37,2.12,0.09,3.15
2013-03-13,4.28,4.03,4.30,3.81,65079,58182429.00,11.32,-6.93,-0.30,2.30
2013-03-14,3.93,4.08,4.10,3.93,34936,30913286.00,4.22,1.24,0.05,1.23
2013-03-15,4.08,4.01,4.16,4.00,41179,36909818.00,3.92,-1.72,-0.07,1.46
2013-03-18,3.97,3.82,4.00,3.80,38430,33085533.00,4.99,-4.74,-0.19,1.36
2013-03-19,3.96,4.29,4.29,3.96,64980,60209574.00,8.64,12.30,0.47,2.30
2013-03-20,4.53,4.72,4.77,4.37,287858,281703616.00,9.32,10.02,0.43,10.18
2013-03-21,4.56,4.61,4.70,4.52,207438,205559835.00,3.81,-2.33,-0.11,7.33
2013-03-22,4.58,4.73,4.93,4.58,248603,255105024.00,7.59,2.60,0.12,8.79
2013-03-25,4.72,4.68,4.73,4.48,147781,145935274.00,5.29,-1.06,-0.05,5.22
2013-03-26,4.56,4.51,4.66,4.50,91378,89798515.00,3.42,-3.63,-0.17,3.23
2013-03-27,4.50,4.57,4.65,4.48,98266,96369016.00,3.77,1.33,0.06,3.47
2013-03-28,4.48,4.23,4.48,4.22,94758,88941803.00,5.69,-7.44,-0.34,3.35
2013-03-29,4.24,4.18,4.28,4.12,52602,48136923.00,3.78,-1.18,-0.05,1.86
2013-04-01,4.17,4.20,4.25,4.12,35738,32768261.00,3.11,0.48,0.02,1.26
2013-04-02,4.15,4.22,4.36,4.15,57149,53012912.00,5.00,0.48,0.02,2.02
2013-04-03,4.23,4.01,4.25,3.96,61704,54946340.00,6.87,-4.98,-0.21,2.18
2013-04-08,3.90,3.82,3.90,3.53,49414,41029490.00,9.23,-4.74,-0.19,1.75
2013-04-09,3.80,3.89,3.93,3.76,37623,32318028.00,4.45,1.83,0.07,1.33
2013-04-10,3.90,3.79,3.92,3.77,38235,32349624.00,3.86,-2.57,-0.10,1.35
2013-04-11,3.82,3.83,3.91,3.77,38699,33013852.00,3.69,1.06,0.04,1.37
2013-04-12,3.58,3.79,3.94,3.57,66124,55181919.00,9.66,-1.04,-0.04,2.34
2013-04-15,3.70,3.63,3.70,3.62,29395,24070325.00,2.11,-4.22,-0.16,1.04
2013-04-16,3.58,3.69,3.70,3.55,24803,20150148.00,4.13,1.65,0.06,0.88
2013-04-17,3.69,3.79,3.85,3.65,44866,37748352.00,5.42,2.71,0.10,1.59
2013-04-18,3.78,3.84,3.92,3.72,38939,33271697.00,5.28,1.32,0.05,1.38
2013-04-19,3.85,3.89,3.95,3.83,46286,40000037.00,3.13,1.30,0.05,1.64
2013-04-22,3.85,3.94,3.94,3.83,36833,31752109.00,2.83,1.29,0.05,1.30
2013-04-23,3.94,3.79,3.99,3.79,31639,27083342.00,5.08,-3.81,-0.15,1.12
2013-04-24,3.82,3.83,3.90,3.80,19464,16611597.00,2.64,1.06,0.04,0.69
2013-04-25,3.88,3.74,3.89,3.69,28103,23598040.00,5.22,-2.35,-0.09,0.99
2013-04-26,3.92,3.86,4.04,3.84,60105,52285164.00,5.35,3.21,0.12,2.12
2013-05-02,3.81,3.96,4.00,3.67,42187,36282783.00,8.55,2.59,0.10,1.49
2013-05-03,3.99,4.04,4.10,3.96,55880,49704947.00,3.54,2.02,0.08,1.98
2013-05-06,4.03,4.09,4.13,4.00,40463,36313893.00,3.22,1.24,0.05,1.43
2013-05-07,4.09,4.25,4.26,4.04,66369,60538349.00,5.38,3.91,0.16,2.35
2013-05-08,4.27,4.24,4.28,4.15,52663,48428694.00,3.06,-0.24,-0.01,1.86
2013-05-09,4.21,4.19,4.37,4.19,57400,53298632.00,4.25,-1.18,-0.05,2.03
2013-05-10,4.16,4.14,4.23,4.13,34128,31065734.00,2.39,-1.19,-0.05,1.21
2013-05-13,4.10,4.47,4.49,4.09,98884,93305638.00,9.66,7.97,0.33,3.50
2013-08-14,5.01,5.01,5.01,5.01,8360,8886924.00,0.00,12.08,0.54,0.30
2013-08-15,5.60,5.42,5.60,5.24,300965,343282416.00,7.19,8.18,0.41,10.64
2013-08-16,5.26,4.85,5.43,4.82,198956,216727997.00,11.25,-10.52,-0.57,7.03
2013-08-19,4.66,5.03,5.09,4.61,122183,126572695.00,9.90,3.71,0.18,4.32
2013-08-20,4.95,4.82,5.13,4.77,81766,84942124.00,7.16,-4.17,-0.21,2.89
2013-08-21,4.81,4.84,4.94,4.74,71296,73571853.00,4.15,0.41,0.02,2.52
2013-08-22,4.84,4.70,4.85,4.68,65362,66740131.00,3.51,-2.89,-0.14,2.31
2013-08-23,4.72,4.58,4.81,4.49,70730,70478362.00,6.81,-2.55,-0.12,2.50
2013-08-26,4.63,4.68,4.74,4.62,52502,52860469.00,2.62,2.18,0.10,1.86
2013-08-27,4.65,4.75,4.80,4.63,67505,68329317.00,3.63,1.50,0.07,2.39
2013-08-28,4.70,4.60,4.74,4.59,64242,64201147.00,3.16,-3.16,-0.15,2.27
2013-08-29,4.74,4.67,4.92,4.65,97936,100174759.00,5.87,1.52,0.07,3.46
2013-08-30,4.57,4.42,4.64,4.35,78533,76082796.00,6.21,-5.35,-0.25,2.78
2013-09-02,4.40,4.43,4.47,4.32,36979,35282287.00,3.39,0.23,0.01,1.31
2013-09-03,4.43,4.54,4.59,4.37,43798,42606706.00,4.97,2.48,0.11,1.55
2013-09-04,4.51,4.48,4.55,4.41,33231,32073455.00,3.08,-1.32,-0.06,1.17
2013-09-05,4.48,4.43,4.50,4.43,27387,26369312.00,1.56,-1.12,-0.05,0.97
2013-09-06,4.41,4.52,4.57,4.41,35439,34481118.00,3.61,2.03,0.09,1.25
2013-09-09,4.52,4.64,4.69,4.52,59525,58968514.00,3.76,2.65,0.12,2.10
2013-09-10,4.64,4.65,4.71,4.59,42606,42507820.00,2.59,0.22,0.01,1.51
2013-09-11,4.69,4.66,4.72,4.60,37825,37789462.00,2.58,0.22,0.01,1.34
2013-09-12,4.70,4.73,4.76,4.55,52093,52485119.00,4.51,1.50,0.07,1.84
2013-09-13,4.74,4.60,4.77,4.58,38642,38535674.00,4.02,-2.75,-0.13,1.37
2013-09-16,4.63,4.51,4.63,4.48,27812,27305594.00,3.26,-1.96,-0.09,0.98
2013-09-17,4.50,4.38,4.50,4.38,30687,29393093.00,2.66,-2.88,-0.13,1.08
2013-09-18,4.35,4.46,4.51,4.35,15971,15367652.00,3.65,1.83,0.08,0.56
2013-09-23,4.49,4.47,4.50,4.43,21735,20965731.00,1.57,0.22,0.01,0.77
2013-09-24,4.50,4.47,4.55,4.45,22912,22206090.00,2.24,0.00,0.00,0.81
2013-09-25,4.65,4.74,5.00,4.65,121921,125807822.00,7.83,6.04,0.27,4.31
2013-09-26,4.74,4.55,4.74,4.53,54720,54117046.00,4.43,-4.01,-0.19,1.93
2013-09-27,4.54,4.54,4.69,4.45,46335,45723526.00,5.27,-0.22,-0.01,1.64
2013-09-30,4.55,4.49,4.57,4.46,30687,29749279.00,2.42,-1.10,-0.05,1.08
2013-10-08,4.41,4.53,4.57,4.40,34326,33326349.00,3.79,0.89,0.04,1.21
2013-10-09,4.52,4.60,4.65,4.49,34111,33706188.00,3.53,1.55,0.07,1.21
2013-10-10,4.75,4.68,4.90,4.64,76423,77598596.00,5.65,1.74,0.08,2.70
2013-10-11,4.69,4.66,4.73,4.62,38403,38325555.00,2.35,-0.43,-0.02,1.36
2013-10-14,4.66,4.73,4.73,4.59,45342,45342735.00,3.00,1.50,0.07,1.60
2013-10-15,4.73,4.65,4.75,4.62,31380,31504160.00,2.75,-1.69,-0.08,1.11
2013-10-16,4.68,4.45,4.70,4.43,36214,35307747.00,5.81,-4.30,-0.20,1.28
2013-10-17,4.48,4.47,4.52,4.43,24657,23832840.00,2.02,0.45,0.02,0.87
2013-10-18,4.43,4.52,4.54,4.43,23768,22985510.00,2.46,1.12,0.05,0.84
2013-10-21,4.53,4.59,4.62,4.48,41643,40922982.00,3.10,1.55,0.07,1.47
2013-10-22,4.59,4.53,4.59,4.49,30817,30175054.00,2.18,-1.31,-0.06,1.09
2013-10-23,4.50,4.38,4.59,4.37,30709,29651856.00,4.86,-3.31,-0.15,1.09
2013-10-24,4.39,4.20,4.39,4.19,26265,24419957.00,4.57,-4.11,-0.18,0.93
2013-10-25,4.20,4.24,4.33,4.17,17607,16217345.00,3.81,0.95,0.04,0.62
2013-10-28,4.27,4.08,4.29,4.07,22434,20415029.00,5.19,-3.77,-0.16,0.79
2013-10-29,4.13,3.94,4.17,3.81,24979,22036421.00,8.82,-3.43,-0.14,0.88
2013-10-30,3.94,3.93,3.97,3.88,23665,20501838.00,2.28,-0.25,-0.01,0.84
2013-10-31,3.93,3.94,3.94,3.82,21397,18394705.00,3.05,0.25,0.01,0.76
2013-11-01,3.93,3.89,3.93,3.83,12815,11008293.00,2.54,-1.27,-0.05,0.45
2013-11-04,3.90,3.94,3.95,3.86,12575,10887205.00,2.31,1.29,0.05,0.44
2013-11-05,3.92,3.95,3.98,3.88,13278,11516126.00,2.54,0.25,0.01,0.47
2013-11-06,3.95,4.30,4.39,3.95,61289,56700590.00,11.14,8.86,0.35,2.17
2013-11-07,4.27,4.43,4.45,4.14,65219,61450365.00,7.21,3.02,0.13,2.31
2013-11-08,4.37,4.28,4.47,4.26,37958,35879483.00,4.74,-3.39,-0.15,1.34
2013-11-11,3.76,3.76,3.83,3.76,21076,17668157.00,1.64,-12.15,-0.52,0.74
2013-11-12,3.34,3.54,3.62,3.34,71516,56161961.00,7.45,-5.85,-0.22,2.53
2013-11-13,3.44,3.40,3.55,3.39,31549,24866456.00,4.52,-3.95,-0.14,1.12
2013-11-14,3.38,3.45,3.50,3.38,24933,19488652.00,3.53,1.47,0.05,0.88
2013-11-15,3.45,3.49,3.54,3.41,33387,26379391.00,3.77,1.16,0.04,1.18
2013-11-18,3.50,3.57,3.57,3.45,31938,25384441.00,3.44,2.29,0.08,1.13
2013-11-19,3.57,3.68,3.73,3.53,45151,36790329.00,5.60,3.08,0.11,1.60
2013-11-20,3.68,3.65,3.70,3.59,21840,17818010.00,2.99,-0.82,-0.03,0.77
2013-11-21,3.66,3.64,3.71,3.59,27591,22572400.00,3.29,-0.27,-0.01,0.98
2013-11-22,3.66,3.62,3.70,3.60,25450,20814165.00,2.75,-0.55,-0.02,0.90
2013-11-25,3.65,3.59,3.65,3.55,25636,20687239.00,2.76,-0.83,-0.03,0.91
2013-11-26,3.59,3.57,3.61,3.49,20824,16619844.00,3.34,-0.56,-0.02,0.74
2013-11-27,3.54,3.55,3.58,3.49,23495,18757206.00,2.52,-0.56,-0.02,0.83
2013-11-28,3.55,3.68,3.69,3.55,41906,34152508.00,3.94,3.66,0.13,1.48
2013-11-29,3.64,3.67,3.68,3.62,29589,24171607.00,1.63,-0.27,-0.01,1.05
2013-12-02,3.55,3.38,3.55,3.37,46941,36683116.00,4.90,-7.90,-0.29,1.66
2013-12-03,3.34,3.43,3.49,3.30,30932,23795497.00,5.62,1.48,0.05,1.09
2013-12-04,3.41,3.43,3.47,3.38,35062,27381052.00,2.62,0.00,0.00,1.24
2013-12-05,3.43,3.42,3.44,3.38,26141,20289038.00,1.75,-0.29,-0.01,0.92
2013-12-06,3.42,3.47,3.50,3.39,26629,20880682.00,3.22,1.46,0.05,0.94
2013-12-09,3.47,3.54,3.67,3.45,56109,45095357.00,6.34,2.02,0.07,1.98
2013-12-10,3.55,3.57,3.64,3.50,32111,25898463.00,3.95,0.85,0.03,1.14
2013-12-11,3.57,3.44,3.59,3.44,24946,19658560.00,4.20,-3.64,-0.13,0.88
2013-12-12,3.43,3.47,3.53,3.43,18660,14662523.00,2.91,0.87,0.03,0.66
2013-12-13,3.44,3.64,3.65,3.44,42552,34068285.00,6.05,4.90,0.17,1.50
2013-12-16,3.60,3.52,3.63,3.51,30350,24302175.00,3.30,-3.30,-0.12,1.07
2013-12-17,3.52,3.45,3.55,3.43,19099,14989736.00,3.41,-1.99,-0.07,0.68
2013-12-18,3.46,3.70,3.87,3.43,67534,55622207.00,12.75,7.25,0.25,2.39
2013-12-19,3.69,3.84,3.93,3.66,80658,68621263.00,7.30,3.78,0.14,2.85
2013-12-20,3.78,3.80,3.90,3.69,46404,39088728.00,5.47,-1.04,-0.04,1.64
2013-12-23,3.75,3.64,3.79,3.57,25835,21103713.00,5.79,-4.21,-0.16,0.91
2013-12-24,3.64,3.66,3.69,3.59,20712,16911360.00,2.75,0.55,0.02,0.73
2013-12-25,3.65,3.67,3.69,3.57,20795,16902823.00,3.28,0.27,0.01,0.74
2013-12-26,3.66,3.69,3.78,3.63,35995,29887436.00,4.09,0.54,0.02,1.27
2013-12-27,3.69,3.75,3.75,3.62,28306,23428155.00,3.52,1.63,0.06,1.00
2013-12-30,3.75,3.70,3.78,3.65,30401,25128154.00,3.47,-1.33,-0.05,1.07
2013-12-31,3.70,3.68,3.70,3.61,17639,14455155.00,2.43,-0.54,-0.02,0.62