2014-01-02,5.58,5.68,5.72,5.42,68224,81675713.00,5.34,1.07,0.06,1.33
2014-01-03,5.61,5.52,5.68,5.45,81278,97084509.00,4.05,-2.82,-0.16,1.58
2014-01-06,5.41,5.34,5.45,5.11,75576,87115227.00,6.16,-3.26,-0.18,1.47
2014-01-07,5.35,5.56,5.64,5.12,82718,96935028.00,9.74,4.12,0.22,1.61
2014-01-08,5.54,5.40,5.68,5.38,108087,129087555.00,5.40,-2.88,-0.16,2.10
2014-01-09,5.38,4.98,5.39,4.97,91958,105611089.00,7.78,-7.78,-0.42,1.79
2014-01-10,4.98,4.84,4.98,4.66,66993,73063120.00,6.43,-2.81,-0.14,1.30
2014-01-13,4.86,4.82,4.91,4.71,43078,47026046.00,4.13,-0.41,-0.02,0.84
2014-01-14,4.81,5.05,5.07,4.78,48581,53955142.00,6.02,4.77,0.23,0.95
2014-01-15,5.04,5.18,5.20,4.97,84597,95881829.00,4.55,2.57,0.13,1.65
2014-01-16,5.18,5.07,5.28,5.06,58725,67307806.00,4.25,-2.12,-0.11,1.14
2014-01-17,5.07,4.94,5.14,4.88,58560,65569147.00,5.13,-2.56,-0.13,1.14
2014-01-20,4.93,4.82,4.98,4.71,33602,36792988.00,5.47,-2.43,-0.12,0.65
2014-01-21,4.86,5.01,5.02,4.82,59108,65706687.00,4.15,3.94,0.19,1.15
2014-01-22,5.01,5.25,5.29,5.01,116612,133975489.00,5.59,4.79,0.24,2.27
2014-01-23,5.22,5.11,5.22,5.09,81283,92581906.00,2.48,-2.67,-0.14,1.58
2014-01-24,5.12,5.15,5.26,4.95,138382,156688195.00,6.07,0.78,0.04,2.69
2014-01-27,5.00,5.00,5.15,4.93,60720,68099066.00,4.27,-2.91,-0.15,1.18
2014-01-28,5.07,5.28,5.34,4.98,109703,125944242.00,7.20,5.60,0.28,2.13
2014-01-29,5.28,5.31,5.41,5.25,83297,97402740.00,3.03,0.57,0.03,1.62
2014-01-30,5.31,5.26,5.35,5.21,31634,36647292.00,2.64,-0.94,-0.05,0.62
2014-02-07,5.17,5.25,5.29,5.00,45032,51447468.00,5.51,-0.19,-0.01,0.88
2014-02-10,5.21,5.79,5.80,5.18,118433,141715702.00,11.81,10.29,0.54,2.30
2014-02-11,5.79,5.94,6.13,5.61,127812,159564460.00,8.98,2.59,0.15,2.49
2014-02-12,5.99,5.98,6.02,5.77,52251,65253314.00,4.21,0.67,0.04,1.02
2014-02-13,6.02,5.82,6.07,5.79,53988,67512539.00,4.68,-2.68,-0.16,1.05
2014-02-14,5.77,5.84,5.87,5.64,60975,74935460.00,3.95,0.34,0.02,1.19
2014-02-17,5.84,5.77,5.89,5.68,108181,132764318.00,3.60,-1.20,-0.07,2.10
2014-02-18,5.77,5.59,5.80,5.56,82742,100146038.00,4.16,-3.12,-0.18,1.61
2014-02-19,5.59,5.89,5.91,5.59,96639,119169623.00,5.72,5.37,0.30,1.88
2014-02-20,6.25,6.27,6.74,6.09,248724,327966576.00,11.04,6.45,0.38,4.84
2014-02-21,6.16,6.06,6.38,5.94,111607,142145936.00,7.02,-3.35,-0.21,2.17
2014-02-24,6.06,5.74,6.06,5.63,84102,103291673.00,7.10,-5.28,-0.32,1.64
2014-02-25,5.79,5.45,5.86,5.36,90326,109453964.00,8.71,-5.05,-0.29,1.76
2014-02-26,5.45,5.52,5.52,5.21,49773,58250267.00,5.69,1.28,0.07,0.97
2014-02-27,5.52,5.23,5.59,5.14,66957,78524164.00,8.15,-5.25,-0.29,1.30
2014-02-28,5.21,5.32,5.37,5.04,41285,47324220.00,6.31,1.72,0.09,0.80
2014-03-03,5.32,5.49,5.60,5.25,48909,58097646.00,6.58,3.20,0.17,0.95
2014-03-04,5.45,5.34,5.51,5.32,49820,58516236.00,3.46,-2.73,-0.15,0.97
2014-03-05,5.38,5.27,5.48,5.21,46737,54545165.00,5.06,-1.31,-0.07,0.91
2014-03-06,5.28,5.29,5.33,5.08,43925,50438241.00,4.74,0.38,0.02,0.85
2014-03-07,5.28,5.24,5.41,5.20,40001,46521367.00,3.97,-0.95,-0.05,0.78
2014-03-10,5.13,4.84,5.20,4.82,58289,65480293.00,7.25,-7.63,-0.40,1.13
2014-03-11,4.79,4.91,4.97,4.73,34622,38059240.00,4.96,1.45,0.07,0.67
2014-03-12,4.88,4.93,4.96,4.82,37425,41294627.00,2.85,0.41,0.02,0.73
2014-03-13,4.91,4.90,5.13,4.86,43631,48711378.00,5.48,-0.61,-0.03,0.85
2014-03-14,4.90,4.91,5.08,4.72,74805,82467486.00,7.35,0.20,0.01,1.46
2014-03-17,4.92,5.31,5.32,4.91,72670,82376108.00,8.35,8.15,0.40,1.41
2014-03-18,5.38,5.43,5.61,5.36,128613,153143838.00,4.71,2.26,0.12,2.50
2014-03-19,5.54,5.63,5.69,5.41,117335,141276054.00,5.16,3.68,0.20,2.28
2014-03-20,5.70,5.43,5.74,5.42,66658,80331268.00,5.68,-3.55,-0.20,1.30
2014-03-21,5.35,5.75,5.77,5.35,76115,91930481.00,7.73,5.89,0.32,1.48
2014-03-24,5.82,5.69,5.87,5.61,51750,63244981.00,4.52,-1.04,-0.06,1.01
2014-03-25,5.70,5.59,5.73,5.54,37932,45964237.00,3.34,-1.76,-0.10,0.74
2014-03-26,5.68,5.73,5.79,5.54,44273,53659080.00,4.47,2.50,0.14,0.86
2014-03-27,5.70,5.60,5.79,5.58,49421,60087437.00,3.66,-2.27,-0.13,0.96
2014-03-28,5.59,5.72,6.02,5.48,80667,99379783.00,9.64,2.14,0.12,1.57
2014-03-31,5.68,5.61,5.75,5.50,40583,48904759.00,4.37,-1.92,-0.11,0.79
2014-04-01,5.61,5.93,5.94,5.50,73789,90585067.00,7.84,5.70,0.32,1.44
2014-04-02,5.91,5.81,5.97,5.70,50260,62324942.00,4.55,-2.02,-0.12,0.98
2014-04-03,5.82,5.78,6.04,5.70,55213,68735770.00,5.85,-0.52,-0.03,1.07
2014-04-04,5.95,6.00,6.08,5.88,100471,126857147.00,3.46,3.81,0.22,1.95
2014-04-08,6.01,6.53,6.66,5.96,169277,222396886.00,11.67,8.83,0.53,3.29
2014-04-09,6.47,6.49,6.59,6.33,124047,164669676.00,3.98,-0.61,-0.04,2.41
2014-04-10,6.46,6.36,6.75,6.27,119788,160754371.00,7.40,-2.00,-0.13,2.33
2014-04-11,6.32,6.39,6.57,6.25,76627,101511216.00,5.03,0.47,0.03,1.49
2014-04-14,6.36,6.29,6.56,6.24,69224,90863685.00,5.01,-1.56,-0.10,1.35
2014-04-15,6.26,6.29,6.44,6.23,65383,85662841.00,3.34,0.00,0.00,1.27
2014-04-16,6.32,6.32,6.46,6.25,47663,62665618.00,3.34,0.48,0.03,0.93
2014-04-17,6.34,6.09,6.41,6.08,68534,88657517.00,5.22,-3.64,-0.23,1.33
2014-04-18,6.07,5.93,6.08,5.83,73943,92758536.00,4.11,-2.63,-0.16,1.44
2014-04-21,5.84,5.93,6.03,5.80,45011,56388737.00,3.88,0.00,0.00,0.88
2014-04-22,5.85,5.81,5.94,5.65,51333,63142996.00,4.89,-2.02,-0.12,1.00
2014-04-23,5.80,6.11,6.15,5.71,68156,85797012.00,7.57,5.16,0.30,1.33
2014-04-24,6.07,6.02,6.14,5.98,45577,58015907.00,2.62,-1.47,-0.09,0.89
2014-04-25,6.02,5.99,6.23,5.87,56436,71971209.00,5.98,-0.50,-0.03,1.10
2014-04-28,6.02,5.59,6.02,5.57,52838,64415618.00,7.51,-6.68,-0.40,1.03
2014-04-29,5.58,5.66,5.68,5.57,38197,46184157.00,1.97,1.25,0.07,0.74
2014-04-30,5.66,5.83,5.85,5.66,39260,48335606.00,3.36,3.00,0.17,0.76
2014-05-05,5.78,5.91,5.96,5.78,42593,53251490.00,3.09,1.37,0.08,0.83
2014-05-06,5.89,5.91,6.01,5.87,28142,35348298.00,2.37,0.00,0.00,0.55
2014-05-07,5.88,5.68,5.88,5.66,28480,34955080.00,3.72,-3.89,-0.23,0.55
2014-05-08,5.65,5.68,5.91,5.63,32456,39870105.00,4.93,0.00,0.00,0.63
2014-05-09,5.74,5.72,5.79,5.58,30823,37530192.00,3.70,0.70,0.04,0.60
2014-05-12,5.78,5.91,5.92,5.70,38488,47737390.00,3.85,3.32,0.19,0.75
2014-05-13,5.89,5.77,5.93,5.75,33162,41045433.00,3.05,-2.37,-0.14,0.65
2014-05-14,5.78,5.82,5.87,5.77,21248,26323432.00,1.73,0.87,0.05,0.41
2014-05-15,5.84,5.86,5.94,5.77,45507,56550680.00,2.92,0.69,0.04,0.89
2014-05-16,5.88,5.70,5.88,5.64,32056,39198907.00,4.10,-2.73,-0.16,0.62
2014-05-19,5.70,5.49,5.70,5.38,38317,45614736.00,5.61,-3.68,-0.21,0.75
2014-05-20,5.51,5.48,5.60,5.38,32099,38254532.00,4.01,-0.18,-0.01,0.62
2014-05-21,5.51,5.52,5.53,5.38,30872,36666104.00,2.74,0.73,0.04,0.60
2014-05-22,5.52,5.43,5.59,5.42,28257,33722803.00,3.08,-1.63,-0.09,0.55
2014-05-23,5.43,5.53,5.53,5.37,18262,21635808.00,2.95,1.84,0.10,0.36
2014-05-26,5.54,5.64,5.67,5.54,30087,36418759.00,2.35,1.99,0.11,0.59
2014-05-27,5.68,5.69,5.76,5.62,28870,35219983.00,2.48,0.89,0.05,0.56
2014-05-28,5.66,5.75,5.77,5.65,23142,28317303.00,2.11,1.05,0.06,0.45
2014-05-29,5.74,5.58,5.82,5.42,35908,43674299.00,6.96,-2.96,-0.17,0.70
2014-05-30,5.61,5.57,5.62,5.47,17775,21311498.00,2.69,-0.18,-0.01,0.35
2014-06-03,5.61,5.48,5.66,5.48,21982,26355695.00,3.23,-1.62,-0.09,0.43
2014-06-04,5.45,5.52,5.52,5.35,22805,26890117.00,3.10,0.73,0.04,0.44
2014-06-05,5.48,5.53,5.54,5.42,14329,17062769.00,2.17,0.18,0.01,0.28
2014-06-06,5.53,5.45,5.56,5.41,17593,20907386.00,2.71,-1.45,-0.08,0.34
2014-06-09,5.43,5.36,5.49,5.36,20537,24225083.00,2.39,-1.65,-0.09,0.40
2014-06-10,5.36,5.51,5.52,5.36,21474,25464354.00,2.99,2.80,0.15,0.42
2014-06-11,5.51,5.67,5.68,5.41,47438,56866033.00,4.90,2.90,0.16,0.92
2014-06-12,5.65,5.53,5.74,5.53,39459,47878863.00,3.70,-2.47,-0.14,0.77
2014-06-13,5.51,5.67,5.73,5.51,28604,34791294.00,3.98,2.53,0.14,0.56
2014-06-16,5.66,5.77,5.78,5.63,47962,58721944.00,2.65,1.76,0.10,0.93
2014-06-17,5.75,5.66,5.75,5.63,26697,32514753.00,2.08,-1.91,-0.11,0.52
2014-06-18,5.66,5.66,5.75,5.61,23380,28418296.00,2.47,0.00,0.00,0.45
2014-06-19,5.66,5.51,5.76,5.50,35161,42700484.00,4.59,-2.65,-0.15,0.68
2014-06-20,5.48,5.61,5.62,5.47,17631,21129887.00,2.72,1.81,0.10,0.34
2014-06-23,5.61,5.66,5.77,5.61,39319,47999459.00,2.85,0.89,0.05,0.76
2014-06-24,5.66,5.67,5.73,5.62,21517,21265791.00,1.94,0.18,0.01,0.35
2014-06-25,5.67,5.51,5.69,5.48,33270,32312879.00,3.70,-2.82,-0.16,0.54
2014-06-26,5.51,5.59,5.61,5.45,33362,32535651.00,2.90,1.45,0.08,0.54
2014-06-27,5.65,5.64,5.66,5.52,23719,23267038.00,2.50,0.89,0.05,0.38
2014-06-30,5.62,5.63,5.71,5.58,36819,36219872.00,2.30,-0.18,-0.01,0.60
2014-07-01,5.63,5.72,5.73,5.62,45118,44687943.00,1.95,1.60,0.09,0.73
2014-07-02,5.73,6.27,6.32,5.71,145689,150503114.00,10.66,9.62,0.55,2.36
2014-07-03,6.18,6.23,6.31,6.10,73285,77066044.00,3.35,-0.64,-0.04,1.19
2014-07-04,6.26,6.10,6.26,6.02,60670,63068327.00,3.85,-2.09,-0.13,0.98
2014-07-07,6.10,6.19,6.21,6.06,43463,45332867.00,2.46,1.48,0.09,0.70
2014-07-08,6.23,5.93,6.28,5.89,157496,161487188.00,6.30,-4.20,-0.26,2.55
2014-07-09,5.94,5.79,6.00,5.78,78975,80462106.00,3.71,-2.36,-0.14,1.28
2014-07-10,5.77,5.78,5.88,5.76,29731,29906121.00,2.07,-0.17,-0.01,0.48
2014-07-11,5.93,5.98,6.22,5.93,104204,108162492.00,5.02,3.46,0.20,1.69
2014-07-14,5.99,6.42,6.48,5.98,152448,162332566.00,8.36,7.36,0.44,2.47
2014-07-15,6.43,6.52,6.58,6.28,106559,115173601.00,4.67,1.56,0.10,1.73
2014-07-16,6.52,6.29,6.59,6.27,88752,96072670.00,4.91,-3.53,-0.23,1.44
2014-07-17,6.33,6.58,6.96,6.33,168720,187192111.00,10.02,4.61,0.29,2.74
2014-07-18,6.76,6.62,6.76,6.46,107582,118934510.00,4.56,0.61,0.04,1.74
2014-07-21,6.62,6.58,6.84,6.52,82548,91545239.00,4.83,-0.60,-0.04,1.34
2014-07-22,6.53,6.80,6.94,6.43,129629,144969442.00,7.75,3.34,0.22,2.10
2014-07-23,6.81,6.73,6.88,6.57,64211,71431291.00,4.56,-1.03,-0.07,1.04
2014-07-24,6.73,6.73,6.82,6.61,83486,92896263.00,3.12,0.00,0.00,1.35
2014-07-25,6.73,6.64,6.77,6.53,71133,78366916.00,3.57,-1.34,-0.09,1.15
2014-07-28,6.68,6.78,6.82,6.61,75735,84410103.00,3.16,2.11,0.14,1.23
2014-07-29,6.81,6.73,6.83,6.66,93445,103957557.00,2.51,-0.74,-0.05,1.51
2014-07-30,6.74,6.61,6.75,6.48,116100,127536700.00,4.01,-1.78,-0.12,1.88
2014-07-31,6.60,6.62,6.67,6.52,87554,95930871.00,2.27,0.15,0.01,1.42
2014-08-01,6.64,6.62,6.79,6.59,123162,136853980.00,3.02,0.00,0.00,2.00
2014-08-04,6.64,6.74,6.75,6.53,148609,163617023.00,3.32,1.81,0.12,2.41
2014-08-05,6.73,6.91,7.07,6.73,186772,212533068.00,5.04,2.52,0.17,3.03
2014-08-06,6.87,6.83,6.89,6.73,76260,85734717.00,2.32,-1.16,-0.08,1.24
2014-08-07,6.83,6.69,6.90,6.65,85297,95434227.00,3.66,-2.05,-0.14,1.38
2014-08-08,6.69,6.75,6.78,6.68,55241,61696917.00,1.49,0.90,0.06,0.90
2014-08-11,6.77,6.91,6.93,6.73,113406,127690428.00,2.96,2.37,0.16,1.84
2014-08-12,6.92,6.85,6.92,6.78,58345,65765760.00,2.03,-0.87,-0.06,0.95
2014-08-13,6.85,7.04,7.05,6.78,131084,149279958.00,3.94,2.77,0.19,2.13
2014-08-14,7.05,6.80,7.08,6.73,115137,130769740.00,4.97,-3.41,-0.24,1.87
2014-08-15,6.79,6.78,6.83,6.67,96219,107452358.00,2.35,-0.29,-0.02,1.56
2014-08-18,6.77,6.82,6.83,6.72,88580,99273331.00,1.62,0.59,0.04,1.44
2014-08-19,6.93,6.87,6.97,6.82,109811,124614111.00,2.20,0.73,0.05,1.78
2014-08-20,6.88,6.78,6.89,6.73,89647,100742266.00,2.33,-1.31,-0.09,1.45
2014-08-21,6.78,6.74,6.81,6.63,74517,82974247.00,2.65,-0.59,-0.04,1.21
2014-08-22,6.73,6.73,6.75,6.63,59152,65733654.00,1.78,-0.15,-0.01,0.96
2014-08-25,6.74,6.52,6.74,6.48,91228,100145735.00,3.86,-3.12,-0.21,1.48
2014-08-26,6.52,6.38,6.57,6.35,73358,79250190.00,3.37,-2.15,-0.14,1.19
2014-08-27,6.38,6.45,6.53,6.38,40328,43690123.00,2.35,1.10,0.07,0.65
2014-08-28,6.48,6.30,6.48,6.25,46306,49506943.00,3.57,-2.33,-0.15,0.75
2014-08-29,6.31,6.41,6.43,6.28,43066,46067984.00,2.38,1.75,0.11,0.70
2014-09-01,6.43,6.60,6.63,6.38,52746,57788223.00,3.90,2.96,0.19,0.86
2014-09-02,6.61,6.67,6.68,6.53,66136,72784576.00,2.27,1.06,0.07,1.07
2014-09-03,6.68,6.65,6.72,6.61,112193,124153150.00,1.65,-0.30,-0.02,1.82
2014-09-04,6.66,6.70,6.73,6.62,97345,107732816.00,1.65,0.75,0.05,1.58
2014-09-05,6.73,6.79,6.89,6.71,127699,143508724.00,2.69,1.34,0.09,2.07
2014-09-09,6.80,6.85,6.88,6.76,95079,107003310.00,1.77,0.88,0.06,1.54
2014-09-10,6.78,6.76,6.83,6.71,70982,79393454.00,1.75,-1.31,-0.09,1.15
2014-09-11,6.76,6.77,6.83,6.69,95452,106882766.00,2.07,0.15,0.01,1.55
2014-09-12,6.77,6.80,6.82,6.69,76810,85822804.00,1.92,0.44,0.03,1.25
2014-09-15,6.83,6.83,6.85,6.72,96816,108721239.00,1.91,0.44,0.03,1.57
2014-09-16,6.83,6.98,7.29,6.79,319800,368310528.00,7.32,2.20,0.15,5.18
2014-09-17,6.95,7.40,7.43,6.83,332245,390629520.00,8.60,6.02,0.42,5.39
2014-09-18,7.43,7.30,7.43,7.19,163211,192581576.00,3.24,-1.35,-0.10,2.65
2014-09-19,7.30,7.40,7.48,7.23,138881,165092593.00,3.42,1.37,0.10,2.25
2014-09-22,7.40,7.66,7.90,7.36,275161,338080224.00,7.30,3.51,0.26,4.46
2014-09-23,7.64,7.72,7.79,7.50,131424,160843503.00,3.79,0.78,0.06,2.13
2014-09-24,7.61,7.63,7.77,7.58,156068,191375864.00,2.46,-1.17,-0.09,2.53
2014-09-25,7.63,7.43,7.83,7.38,153639,187576083.00,5.90,-2.62,-0.20,2.49
2014-09-26,7.39,7.73,7.76,7.35,129368,157786586.00,5.52,4.04,0.30,2.10
2014-09-29,7.75,7.76,7.81,7.63,110691,136717148.00,2.33,0.39,0.03,1.79
2014-09-30,7.73,7.68,7.81,7.58,89401,109739134.00,2.96,-1.03,-0.08,1.45
2014-10-08,7.72,7.62,7.73,7.48,114903,139837293.00,3.26,-0.78,-0.06,1.86
2014-10-09,7.60,7.54,7.65,7.38,140046,169236152.00,3.54,-1.05,-0.08,2.27
2014-10-10,7.49,7.48,7.52,7.41,95236,114537288.00,1.46,-0.80,-0.06,1.54
2014-10-13,7.52,7.43,7.53,7.35,105832,126681832.00,2.41,-0.67,-0.05,1.72
2014-10-14,7.45,7.56,7.63,7.43,114529,138949223.00,2.69,1.75,0.13,1.86
2014-10-15,7.48,7.57,7.64,7.43,94448,114697176.00,2.78,0.13,0.01,1.53
2014-10-16,7.53,7.23,7.53,7.22,129581,154878906.00,4.10,-4.49,-0.34,2.10
2014-10-17,7.25,7.17,7.35,6.99,101576,118432932.00,4.98,-0.83,-0.06,1.65
2014-10-20,7.19,7.23,7.26,7.11,54624,64020516.00,2.09,0.84,0.06,0.89
2014-10-21,7.25,7.09,7.31,7.08,47787,55984622.00,3.18,-1.94,-0.14,0.77
2014-10-22,7.10,7.11,7.23,7.07,47759,55663455.00,2.26,0.28,0.02,0.77
2014-10-23,7.10,7.15,7.20,7.03,56124,65365589.00,2.39,0.56,0.04,0.91
2014-10-24,7.13,7.18,7.28,7.12,52105,61052788.00,2.24,0.42,0.03,0.84
2014-10-27,7.13,7.20,7.23,7.01,57897,67594751.00,3.06,0.28,0.02,0.94
2014-10-28,7.22,7.47,7.47,7.22,92685,110648742.00,3.47,3.75,0.27,1.50
2014-10-29,7.43,7.42,7.51,7.32,149036,178387790.00,2.54,-0.67,-0.05,2.42
2014-10-30,7.43,7.28,7.47,7.24,130673,154961288.00,3.10,-1.89,-0.14,2.12
2014-10-31,7.28,7.30,7.38,7.23,91551,108236622.00,2.06,0.27,0.02,1.48
2014-11-03,7.30,7.43,7.43,7.25,119743,142546355.00,2.47,1.78,0.13,1.94
2014-11-04,7.46,7.89,8.10,7.45,382387,478332752.00,8.75,6.19,0.46,6.20
2014-11-05,7.89,7.69,8.01,7.64,193639,240103966.00,4.69,-2.53,-0.20,3.14
2014-11-06,7.69,7.63,7.71,7.48,108510,132210551.00,2.99,-0.78,-0.06,1.76
2014-11-07,7.65,7.40,7.72,7.38,138871,168334490.00,4.46,-3.01,-0.23,2.25
2014-11-10,7.43,7.54,7.61,7.40,107771,130392606.00,2.84,1.89,0.14,1.75
2014-11-11,7.58,7.19,7.64,7.12,166726,197626343.00,6.90,-4.64,-0.35,2.70
2014-11-12,7.18,7.30,7.31,7.14,83907,98619631.00,2.36,1.53,0.11,1.36
2014-11-13,7.30,7.21,7.30,7.12,81007,94799094.00,2.47,-1.23,-0.09,1.31
2014-11-14,7.18,7.21,7.25,7.12,42944,50249243.00,1.80,0.00,0.00,0.70
2014-11-17,7.27,7.31,7.42,7.19,84733,100639179.00,3.19,1.39,0.10,1.37
2014-11-18,7.28,7.33,7.33,7.20,73771,87023653.00,1.78,0.27,0.02,1.20
2014-11-19,7.32,7.33,7.37,7.27,55298,65554525.00,1.36,0.00,0.00,0.90
2014-11-20,7.32,7.21,7.32,7.18,53677,63077676.00,1.91,-1.64,-0.12,0.87
2014-11-21,7.22,7.31,7.31,7.15,77870,91671761.00,2.22,1.39,0.10,1.26
2014-11-24,7.46,7.59,7.63,7.33,195790,236107405.00,4.10,3.83,0.28,3.17
2014-11-25,7.58,7.70,7.77,7.53,225672,277290496.00,3.16,1.45,0.11,3.66
2014-11-26,7.69,7.57,7.84,7.52,171559,211069077.00,4.16,-1.69,-0.13,2.78
2014-11-27,7.57,7.60,7.77,7.51,138807,169629167.00,3.43,0.40,0.03,2.25
2014-11-28,7.60,7.48,7.67,7.37,126937,153043260.00,3.95,-1.58,-0.12,2.06
2014-12-01,7.48,7.48,7.63,7.40,105105,127079866.00,3.07,0.00,0.00,1.70
2014-12-02,7.47,7.68,7.71,7.43,193065,236048996.00,3.74,2.67,0.20,3.13
2014-12-03,7.71,7.93,8.07,7.63,228586,285570848.00,5.73,3.26,0.25,3.71
2014-12-04,7.98,7.95,8.02,7.75,203004,255333027.00,3.40,0.25,0.02,3.29
2014-12-05,7.98,7.58,8.09,7.44,234402,290294624.00,8.18,-4.65,-0.37,3.80
2014-12-08,7.56,8.30,8.49,7.46,295346,377531712.00,13.59,9.50,0.72,4.79
2014-12-09,8.25,7.93,9.01,7.92,437654,579724672.00,13.13,-4.46,-0.37,7.10
2014-12-10,7.93,8.62,8.73,7.86,274486,359759152.00,10.97,8.70,0.69,4.45
2014-12-11,8.66,8.56,8.98,8.40,206673,277266224.00,6.73,-0.70,-0.06,3.35
2014-12-12,8.61,8.80,8.85,8.44,152090,204316936.00,4.79,2.80,0.24,2.47
2014-12-15,8.85,9.04,9.10,8.61,220612,301826016.00,5.57,2.73,0.24,3.58
2014-12-16,9.06,8.88,9.14,8.77,202714,279686736.00,4.09,-1.77,-0.16,3.29
2014-12-17,8.91,8.64,8.98,8.50,176792,238619300.00,5.41,-2.70,-0.24,2.87
2014-12-18,8.68,9.02,9.18,8.68,256010,355795232.00,5.79,4.40,0.38,4.15
2014-12-19,9.00,9.91,10.10,8.85,469993,684909728.00,13.86,9.87,0.89,7.62
2014-12-22,9.83,9.67,10.35,9.42,328412,490034784.00,9.38,-2.42,-0.24,5.32
2014-12-23,9.48,9.36,9.69,8.87,148976,212593797.00,8.48,-3.21,-0.31,2.42
2014-12-24,9.38,9.29,9.50,9.12,117885,167756394.00,4.06,-0.75,-0.07,1.91
2014-12-25,9.39,10.48,10.48,9.39,182381,280581360.00,11.73,12.81,1.19,2.96