2023-01-03,5.90,6.02,6.03,5.82,195949,116689102.00,3.57,2.38,0.14,2.76
2023-01-04,5.98,5.99,6.06,5.95,159789,95976730.00,1.83,-0.50,-0.03,2.25
2023-01-05,6.00,5.94,6.07,5.90,122489,73161939.00,2.84,-0.83,-0.05,1.72
2023-01-06,5.99,5.74,5.99,5.72,154584,89692245.00,4.55,-3.37,-0.20,2.18
2023-01-09,5.77,5.74,5.85,5.73,82190,47524158.00,2.09,0.00,0.00,1.16
2023-01-10,5.75,6.03,6.28,5.68,359528,215640245.00,10.45,5.05,0.29,5.06
2023-01-11,6.03,5.84,6.07,5.82,243405,144652602.00,4.15,-3.15,-0.19,3.43
2023-01-12,5.87,5.98,6.25,5.71,289697,173966028.00,9.25,2.40,0.14,4.08
2023-01-13,6.05,6.27,6.34,5.85,570149,352489656.00,8.19,4.85,0.29,8.02
2023-01-16,6.18,6.00,6.22,5.98,467301,282456364.00,3.83,-4.31,-0.27,6.58
2023-01-17,6.02,6.01,6.04,5.88,240636,143517019.00,2.67,0.17,0.01,3.39
2023-01-18,5.95,5.98,6.15,5.95,236012,142828767.00,3.33,-0.50,-0.03,3.32
2023-01-19,5.99,5.93,6.00,5.88,169678,100327106.00,2.01,-0.84,-0.05,2.39
2023-01-20,5.91,5.93,5.96,5.90,135467,80243168.00,1.01,0.00,0.00,1.91
2023-01-30,5.97,5.97,6.03,5.93,156154,93414115.00,1.69,0.67,0.04,2.20
2023-01-31,5.97,6.07,6.15,5.94,180079,109068435.00,3.52,1.68,0.10,2.53