2016-02-25,11.51,11.33,12.45,10.16,476434,795581696.00,20.25,0.18,0.02,19.40
2016-02-26,10.76,10.19,10.98,10.19,266565,391052928.00,6.97,-10.06,-1.14,10.85
2016-02-29,9.86,9.16,9.98,9.16,132106,173283834.00,8.05,-10.11,-1.03,5.38
2016-03-01,8.86,8.90,9.23,8.30,160409,201348427.00,10.15,-2.84,-0.26,6.53
2016-03-02,8.75,9.80,9.80,8.75,54967,74074968.00,11.80,10.11,0.90,2.24
2016-03-03,10.79,10.79,10.79,10.79,50265,76855597.00,0.00,10.10,0.99,2.05
2016-03-04,11.21,11.66,11.88,10.53,439934,708764016.00,12.51,8.06,0.87,17.91
2016-03-07,11.69,11.63,12.36,11.41,318795,532745888.00,8.15,-0.26,-0.03,12.98
2016-03-08,11.63,11.46,11.70,11.06,209480,337417248.00,5.50,-1.46,-0.17,8.53
2016-03-09,10.66,10.30,10.94,10.30,199204,295495920.00,5.58,-10.12,-1.16,8.11
2016-03-10,10.33,9.66,10.39,9.66,136898,193795900.00,7.09,-6.21,-0.64,5.57
2016-03-11,9.58,9.46,9.83,9.40,122986,166248398.00,4.45,-2.07,-0.20,5.01
2016-03-14,9.63,9.79,10.07,9.54,133033,185124621.00,5.60,3.49,0.33,5.42
2016-03-15,9.71,9.46,9.78,9.37,96920,131061632.00,4.19,-3.37,-0.33,3.95
2016-03-16,9.56,9.23,9.62,9.08,83966,111373599.00,5.71,-2.43,-0.23,3.42
2016-03-17,9.43,9.60,9.61,9.26,110326,148768317.00,3.79,4.01,0.37,4.49
2016-03-18,9.79,10.01,10.21,9.68,153335,217300766.00,5.52,4.27,0.41,6.24
2016-03-21,10.12,10.64,10.64,9.88,187231,271644976.00,7.59,6.29,0.63,7.62
2016-03-22,10.48,10.33,10.57,10.25,145599,214504367.00,3.01,-2.91,-0.31,5.93
2016-03-23,10.29,10.73,10.76,10.16,186090,277708288.00,5.81,3.87,0.40,7.58
2016-03-24,10.41,10.11,10.50,10.10,165497,241492763.00,3.73,-5.78,-0.62,6.74
2016-03-25,10.00,10.06,10.20,9.83,92551,131303784.00,3.66,-0.49,-0.05,3.77
2016-03-28,10.02,10.45,10.54,10.02,165651,241441463.00,5.17,3.88,0.39,6.75
2016-03-29,10.44,11.51,11.51,10.44,490588,778437472.00,10.24,10.14,1.06,19.98
2016-03-30,11.50,11.73,12.11,11.33,498289,824098448.00,6.78,1.91,0.22,20.29
2016-03-31,11.58,11.49,11.67,11.25,291077,471311488.00,3.58,-2.05,-0.24,11.85
2016-04-01,11.58,12.66,12.66,11.53,539396,942564000.00,9.83,10.18,1.17,21.97
2016-04-05,12.91,13.10,13.35,12.60,484364,889198864.00,5.92,3.48,0.44,19.72
2016-04-06,12.98,13.10,13.10,12.66,274933,499177936.00,3.36,0.00,0.00,11.20
2016-04-07,13.78,12.63,14.01,12.55,380671,715251648.00,11.15,-3.59,-0.47,15.50
2016-04-08,12.19,12.09,12.58,11.81,232673,397454432.00,6.10,-4.28,-0.54,9.47
2016-04-11,12.26,12.69,13.08,12.16,256889,461325040.00,7.61,4.96,0.60,10.46
2016-04-12,12.44,12.21,12.55,12.08,149581,259562835.00,3.70,-3.78,-0.48,6.09
2016-04-13,12.47,12.62,13.14,12.47,310649,564528304.00,5.49,3.36,0.41,12.65
2016-04-14,12.63,12.50,12.64,12.30,172879,304142848.00,2.69,-0.95,-0.12,7.04
2016-04-15,12.31,12.30,12.39,12.16,138692,240270312.00,1.84,-1.60,-0.20,5.65
2016-04-18,12.28,11.91,12.28,11.80,109528,185091954.00,3.90,-3.17,-0.39,4.46
2016-04-19,12.14,12.16,12.71,12.02,182296,318884816.00,5.79,2.10,0.25,7.42
2016-04-20,12.33,12.44,12.56,10.96,262543,449460368.00,13.16,2.30,0.28,10.69
2016-04-21,12.73,13.10,13.51,12.43,477106,879663088.00,8.68,5.31,0.66,19.43
2016-04-22,12.51,12.37,12.57,11.94,218073,379246960.00,4.81,-5.57,-0.73,8.88
2016-04-25,12.01,12.38,12.93,11.94,205497,363167440.00,8.00,0.08,0.01,8.37
2016-04-26,12.23,12.23,12.39,12.01,141857,244497211.00,3.07,-1.21,-0.15,5.78
2016-04-27,12.18,11.74,12.19,11.71,183933,308920512.00,3.92,-4.01,-0.49,7.49
2016-04-28,11.62,11.37,11.65,11.16,129330,208668500.00,4.17,-3.15,-0.37,5.27
2016-04-29,11.37,11.45,11.66,11.29,87567,142635600.00,3.25,0.70,0.08,3.57
2016-05-03,11.51,11.73,11.77,11.33,108878,178848789.00,3.84,2.45,0.28,4.43
2016-05-04,11.66,11.51,11.70,11.40,114295,186497216.00,2.56,-1.88,-0.22,4.65
2016-05-05,11.43,11.64,11.72,11.43,104790,171630793.00,2.52,1.13,0.13,4.27
2016-05-06,11.58,11.51,11.86,11.33,167486,275173008.00,4.55,-1.12,-0.13,6.82
2016-05-09,11.48,10.35,11.48,10.35,144559,218425720.00,9.82,-10.08,-1.16,5.89
2016-05-10,10.05,10.04,10.37,9.63,109505,155272068.00,7.15,-3.00,-0.31,4.46
2016-05-11,10.08,9.83,10.23,9.81,77857,111251306.00,4.18,-2.09,-0.21,3.17
2016-05-12,9.66,10.26,10.34,9.28,115478,162082706.00,10.78,4.37,0.43,4.70
2016-05-13,10.19,9.94,10.28,9.88,91285,130391082.00,3.90,-3.12,-0.32,3.72
2016-05-16,9.78,10.18,10.22,9.66,91998,131172036.00,5.63,2.41,0.24,3.75
2016-05-17,10.18,10.56,11.06,10.14,190485,288222224.00,9.04,3.73,0.38,7.76
2016-05-18,10.28,9.98,10.36,9.83,122392,175106987.00,5.02,-5.49,-0.58,4.98
2016-05-19,9.88,10.07,10.43,9.88,104606,150895769.00,5.51,0.90,0.09,4.26
2016-05-20,9.88,10.16,10.29,9.81,83754,119880498.00,4.77,0.89,0.09,3.41
2016-05-23,10.16,10.23,10.28,10.08,75267,108706677.00,1.97,0.69,0.07,3.06
2016-05-24,10.14,10.00,10.26,9.87,73013,104288912.00,3.81,-2.25,-0.23,2.97
2016-05-25,10.13,9.91,10.20,9.83,62316,88249075.00,3.70,-0.90,-0.09,2.54
2016-05-26,9.98,10.11,10.14,9.44,87275,122087554.00,7.06,2.02,0.20,3.55
2016-05-27,10.12,10.04,10.23,9.98,78609,112898171.00,2.47,-0.69,-0.07,3.20
2016-05-30,10.06,9.92,10.15,9.86,49385,69729219.00,2.89,-1.20,-0.12,2.01
2016-05-31,9.98,10.78,10.89,9.98,186908,279179808.00,9.17,8.67,0.86,7.61
2016-06-01,10.73,10.88,11.29,10.61,203968,316107824.00,6.31,0.93,0.10,8.31
2016-06-02,10.73,10.93,11.12,10.67,136800,211598794.00,4.14,0.46,0.05,5.57
2016-06-03,11.33,11.13,11.48,11.01,166509,264308678.00,4.30,1.83,0.20,6.78
2016-06-06,11.14,11.16,11.44,11.05,123460,196422374.00,3.50,0.27,0.03,5.03
2016-06-07,11.07,10.86,11.19,10.85,105211,163411891.00,3.05,-2.69,-0.30,4.28
2016-06-08,10.85,10.76,11.01,10.66,74105,113182185.00,3.22,-0.92,-0.10,3.02
2016-06-13,10.58,10.10,10.90,10.08,86703,130561648.00,7.62,-6.13,-0.66,3.53
2016-06-14,10.05,10.23,10.33,10.05,63773,92066817.00,2.77,1.29,0.13,2.60
2016-06-15,10.13,10.61,10.68,10.02,86438,128195301.00,6.45,3.71,0.38,3.52
2016-06-16,10.62,10.85,11.05,10.61,133350,205822418.00,4.15,2.26,0.24,5.43
2016-06-17,10.80,11.12,11.42,10.73,166994,262215817.00,6.36,2.49,0.27,6.80
2016-06-20,11.05,10.90,11.21,10.68,85459,131534629.00,4.77,-1.98,-0.22,3.48
2016-06-21,11.01,10.69,11.26,10.51,99818,154982425.00,6.88,-1.93,-0.21,4.06
2016-06-22,10.70,10.83,10.91,10.63,63021,96253399.00,2.62,1.31,0.14,2.57
2016-06-23,10.86,10.57,10.88,10.35,95143,142872470.00,4.89,-2.40,-0.26,3.87
2016-06-24,10.44,10.34,10.63,9.91,86196,126651387.00,6.81,-2.18,-0.23,3.51
2016-06-27,10.22,10.51,10.53,10.17,52113,77114300.00,3.48,1.64,0.17,2.12
2016-06-28,10.48,10.71,10.72,10.44,78237,117231841.00,2.66,1.90,0.20,3.19
2016-06-29,10.80,10.88,11.19,10.61,152581,235743141.00,5.42,1.59,0.17,6.21
2016-06-30,10.89,10.69,10.98,10.63,88384,134434647.00,3.22,-1.75,-0.19,3.60
2016-07-01,10.70,10.74,10.89,10.66,78639,119985198.00,2.15,0.47,0.05,3.20
2016-07-04,10.66,11.30,11.48,10.66,219797,349336896.00,7.64,5.21,0.56,8.95
2016-07-05,11.41,11.61,11.87,11.38,218802,357801824.00,4.34,2.74,0.31,8.91
2016-07-06,11.44,12.14,12.49,11.23,282357,471982816.00,10.85,4.57,0.53,11.50
2016-07-07,12.01,12.25,12.72,11.96,334253,584262608.00,6.26,0.91,0.11,13.61
2016-07-08,12.00,11.86,12.16,11.81,156820,265702430.00,2.86,-3.18,-0.39,6.39
2016-07-11,11.93,11.88,12.49,11.79,187875,323275792.00,5.90,0.17,0.02,7.65
2016-07-12,11.71,12.43,12.63,11.69,278075,483704864.00,7.91,4.63,0.55,11.32
2016-07-13,12.58,12.48,12.63,12.20,212951,373866576.00,3.46,0.40,0.05,8.67
2016-07-14,12.33,12.20,12.39,12.01,123558,212683617.00,3.04,-2.24,-0.28,5.03
2016-07-15,12.42,12.39,13.01,12.29,193076,344176160.00,5.90,1.56,0.19,7.86
2016-07-18,12.14,12.74,13.01,12.13,235084,421618784.00,7.10,2.82,0.35,9.57
2016-07-19,12.79,12.61,12.83,12.46,145274,258780044.00,2.90,-1.02,-0.13,5.92
2016-07-20,12.54,12.29,12.68,12.23,116630,205115129.00,3.57,-2.54,-0.32,4.75
2016-07-21,12.33,12.24,12.37,12.08,79550,137345053.00,2.36,-0.41,-0.05,3.24
2016-07-22,12.26,12.07,12.33,12.06,67262,116002134.00,2.21,-1.39,-0.17,2.74
2016-07-25,12.08,12.13,12.36,11.95,74900,128858512.00,3.40,0.50,0.06,3.05
2016-07-26,12.12,12.36,12.36,12.08,80548,139760887.00,2.31,1.90,0.23,3.28
2016-07-27,12.67,12.11,12.98,11.84,250231,442334752.00,9.22,-2.02,-0.25,10.19
2016-07-28,11.85,13.33,13.33,11.85,469820,860247680.00,12.22,10.07,1.22,19.13
2016-07-29,13.33,13.38,13.66,12.93,431183,812957680.00,5.48,0.38,0.05,17.56
2016-08-01,13.26,12.03,13.36,12.03,351959,622385616.00,9.94,-10.09,-1.35,14.33
2016-08-02,11.73,11.91,11.94,11.48,201093,333551376.00,3.82,-1.00,-0.12,8.19
2016-08-03,12.05,12.31,12.55,12.05,252305,439804864.00,4.20,3.36,0.40,10.27
2016-08-04,12.14,12.41,12.71,11.91,250902,437871200.00,6.50,0.81,0.10,10.22
2016-08-05,12.30,12.62,12.92,12.22,240018,428024048.00,5.64,1.69,0.21,9.77
2016-08-08,12.51,13.15,13.36,12.27,317464,578132048.00,8.64,4.20,0.53,12.93
2016-08-09,13.17,13.19,13.56,12.91,282994,526862800.00,4.94,0.30,0.04,11.52
2016-08-10,12.98,13.64,13.87,12.98,425169,812986384.00,6.75,3.41,0.45,17.31
2016-08-11,13.43,13.03,13.50,12.83,285009,531668560.00,4.91,-4.47,-0.61,11.61
2016-08-12,13.01,13.15,13.22,12.78,171251,314285008.00,3.38,0.92,0.12,6.97
2016-08-15,13.08,13.28,13.42,12.80,234391,435930992.00,4.71,0.99,0.13,9.54
2016-08-16,13.24,13.86,14.00,13.16,339821,654663920.00,6.33,4.37,0.58,13.84
2016-08-17,13.73,13.58,13.81,13.36,245585,469601744.00,3.25,-2.02,-0.28,10.00
2016-08-18,13.58,13.53,13.71,13.31,198814,379702240.00,2.95,-0.37,-0.05,8.10
2016-08-19,13.43,13.23,13.76,13.10,219151,418387792.00,4.88,-2.22,-0.30,8.92
2016-08-22,13.04,12.51,13.04,12.51,234478,422208432.00,4.01,-5.44,-0.72,9.55
2016-08-23,12.51,12.59,12.63,12.32,109241,192943189.00,2.48,0.64,0.08,4.45
2016-08-24,12.52,12.30,12.61,12.24,97119,170581799.00,2.94,-2.30,-0.29,3.95
2016-08-25,12.13,12.11,12.15,11.88,135398,230146308.00,2.20,-1.54,-0.19,5.51
2016-08-26,12.11,12.10,12.32,12.09,94676,163574554.00,1.90,-0.08,-0.01,3.86
2016-08-29,12.09,12.10,12.21,12.03,59366,101836451.00,1.49,0.00,0.00,2.42
2016-08-30,12.16,12.16,12.19,12.03,62144,106484409.00,1.32,0.50,0.06,2.53
2016-08-31,12.16,12.18,12.33,11.94,89143,153336722.00,3.21,0.16,0.02,3.63
2016-09-01,12.17,12.04,12.23,12.03,68056,116927155.00,1.64,-1.15,-0.14,2.77
2016-09-02,11.98,11.66,12.14,11.64,100121,168449001.00,4.15,-3.16,-0.38,4.08
2016-09-05,11.66,11.87,11.99,11.66,79775,133985050.00,2.83,1.80,0.21,3.25
2016-09-06,11.88,11.96,11.98,11.68,62153,104119606.00,2.53,0.76,0.09,2.53
2016-09-07,12.01,11.83,12.03,11.82,64069,108177018.00,1.76,-1.09,-0.13,2.61
2016-09-08,11.90,11.76,11.90,11.69,57229,95192447.00,1.78,-0.59,-0.07,2.33
2016-09-09,11.71,11.65,11.83,11.64,51385,85279249.00,1.62,-0.94,-0.11,2.09
2016-09-12,11.31,11.11,11.37,10.94,89548,142301832.00,3.69,-4.64,-0.54,3.65
2016-09-13,11.11,11.26,11.46,11.11,39863,63503908.00,3.15,1.35,0.15,1.62
2016-09-14,11.16,11.23,11.37,11.11,44380,70674308.00,2.31,-0.27,-0.03,1.81
2016-09-19,11.30,12.10,12.37,11.30,197495,337613088.00,9.53,7.75,0.87,8.04
2016-09-20,11.80,11.80,11.98,11.73,91326,153315130.00,2.07,-2.48,-0.30,3.72
2016-09-21,11.80,11.83,12.08,11.74,60059,101286057.00,2.88,0.25,0.03,2.45
2016-09-22,11.91,11.85,11.99,11.73,56853,95215103.00,2.20,0.17,0.02,2.32
2016-09-23,11.80,11.85,11.94,11.76,52483,88089441.00,1.52,0.00,0.00,2.14
2016-09-26,11.78,11.28,11.78,11.26,69671,112827590.00,4.39,-4.81,-0.57,2.84
2016-09-27,11.16,11.41,11.41,11.14,39144,62663822.00,2.39,1.15,0.13,1.59
2016-09-28,11.48,11.28,11.51,11.26,36392,58404192.00,2.19,-1.14,-0.13,1.48
2016-09-29,11.31,11.23,11.44,11.23,39512,63491149.00,1.86,-0.44,-0.05,1.61
2016-09-30,11.28,11.36,11.42,11.21,29950,47974234.00,1.87,1.16,0.13,1.22
2016-10-10,11.42,11.57,11.61,11.33,66805,108559733.00,2.46,1.85,0.21,2.72
2016-10-11,11.61,11.70,11.76,11.57,71512,117914954.00,1.64,1.12,0.13,2.91
2016-10-12,11.64,11.53,11.64,11.51,56004,91561077.00,1.11,-1.45,-0.17,2.28
2016-10-13,11.49,11.57,11.69,11.48,48272,79135476.00,1.82,0.35,0.04,1.97
2016-10-14,11.64,11.58,11.69,11.52,53495,87932818.00,1.47,0.09,0.01,2.18
2016-10-17,11.53,11.43,11.74,11.41,56294,92510596.00,2.85,-1.30,-0.15,2.29
2016-10-18,11.44,11.53,11.56,11.30,62776,101578644.00,2.27,0.87,0.10,2.56
2016-10-19,11.81,11.66,11.91,11.61,93988,156683240.00,2.60,1.13,0.13,3.83
2016-10-20,11.61,11.66,11.71,11.56,45971,75638766.00,1.29,0.00,0.00,1.87
2016-10-21,11.68,11.55,11.75,11.43,59507,97734925.00,2.74,-0.94,-0.11,2.42
2016-10-24,11.49,11.65,11.78,11.43,82398,135804560.00,3.03,0.87,0.10,3.36
2016-10-25,11.73,11.83,11.87,11.66,95769,159513286.00,1.80,1.55,0.18,3.90
2016-10-26,11.84,11.73,11.87,11.64,75936,126344614.00,1.94,-0.85,-0.10,3.09
2016-10-27,11.69,11.61,11.80,11.59,52932,87427798.00,1.79,-1.02,-0.12,2.16
2016-10-28,11.61,11.45,11.67,11.44,55705,90883507.00,1.98,-1.38,-0.16,2.27
2016-10-31,11.46,11.47,11.54,11.36,40526,65746735.00,1.57,0.17,0.02,1.65
2016-11-01,11.48,11.51,11.55,11.41,53960,87679565.00,1.22,0.35,0.04,2.20
2016-11-02,11.48,11.38,11.52,11.32,66642,107762575.00,1.74,-1.13,-0.13,2.71
2016-11-03,11.37,11.36,11.48,11.35,60861,98366655.00,1.14,-0.18,-0.02,2.48
2016-11-04,11.38,11.58,11.85,11.34,115687,189797111.00,4.49,1.94,0.22,4.71
2016-11-07,11.58,11.67,11.75,11.38,117611,193268629.00,3.20,0.78,0.09,4.79
2016-11-08,11.71,11.58,11.76,11.55,63532,104398338.00,1.80,-0.77,-0.09,2.59
2016-11-09,11.64,11.45,11.68,11.31,82661,134366724.00,3.20,-1.12,-0.13,3.37
2016-11-10,11.58,11.69,11.84,11.58,127264,211284436.00,2.27,2.10,0.24,5.18
2016-11-11,11.63,12.14,12.29,11.58,259803,441929744.00,6.07,3.85,0.45,10.58
2016-11-14,11.74,11.90,12.07,11.73,168701,284201536.00,2.80,-1.98,-0.24,6.87
2016-11-15,11.92,11.87,12.13,11.84,105136,178227229.00,2.44,-0.25,-0.03,4.28
2016-11-16,11.86,11.76,11.88,11.66,76410,127118332.00,1.85,-0.93,-0.11,3.11
2016-11-17,11.78,12.06,12.07,11.66,119691,201525706.00,3.49,2.55,0.30,4.87
2016-11-18,11.99,11.78,11.99,11.73,67783,113815304.00,2.16,-2.32,-0.28,2.76
2016-11-21,11.80,11.80,11.89,11.72,65025,108503474.00,1.44,0.17,0.02,2.65
2016-11-22,11.79,12.01,12.07,11.76,98820,166659646.00,2.63,1.78,0.21,4.02
2016-11-23,11.96,11.88,12.10,11.88,86020,145711523.00,1.83,-1.08,-0.13,3.50
2016-11-24,11.88,12.01,12.26,11.88,141568,242509314.00,3.20,1.09,0.13,5.76
2016-11-25,12.11,11.93,12.11,11.67,75011,125668269.00,3.66,-0.67,-0.08,3.05
2016-11-28,11.96,12.15,12.23,11.92,136564,233767386.00,2.60,1.84,0.22,5.56
2016-11-29,12.08,11.82,12.08,11.81,87284,147117724.00,2.22,-2.72,-0.33,3.55
2016-11-30,11.73,11.47,11.76,11.40,106642,174050341.00,3.05,-2.96,-0.35,4.34
2016-12-01,11.44,11.48,11.54,11.42,46082,74891324.00,1.05,0.09,0.01,1.88
2016-12-02,11.44,11.11,11.48,11.11,71175,113357316.00,3.22,-3.22,-0.37,2.90
2016-12-05,11.00,10.92,11.11,10.89,40545,63131627.00,1.98,-1.71,-0.19,1.65
2016-12-06,10.98,10.96,11.06,10.91,39503,61357671.00,1.37,0.37,0.04,1.61
2016-12-07,10.98,11.05,11.06,10.81,39448,61252140.00,2.28,0.82,0.09,1.61
2016-12-08,11.11,11.08,11.33,11.06,58771,93162376.00,2.44,0.27,0.03,2.39
2016-12-09,10.98,10.93,11.06,10.89,38462,59748045.00,1.53,-1.35,-0.15,1.57
2016-12-12,10.83,10.17,10.98,10.14,74520,110641893.00,7.69,-6.95,-0.76,3.03
2016-12-13,10.21,10.23,10.35,9.91,47454,68242359.00,4.33,0.59,0.06,1.93
2016-12-14,10.22,10.08,10.28,10.03,33217,47779837.00,2.44,-1.47,-0.15,1.35
2016-12-15,9.98,10.17,10.33,9.96,41983,60798887.00,3.67,0.89,0.09,1.71
2016-12-16,10.21,10.23,10.24,10.11,26967,38930202.00,1.28,0.59,0.06,1.10
2016-12-19,10.25,10.31,10.39,10.20,26322,38441871.00,1.86,0.78,0.08,1.07
2016-12-20,10.28,10.71,11.28,10.23,101204,154679655.00,10.18,3.88,0.40,4.12
2016-12-21,10.71,10.75,10.83,10.62,44346,67296869.00,1.96,0.37,0.04,1.81
2016-12-22,10.76,10.75,10.82,10.61,26874,40795530.00,1.95,0.00,0.00,1.09
2016-12-23,10.74,10.44,10.79,10.43,32809,49046060.00,3.35,-2.88,-0.31,1.34
2016-12-26,10.44,10.39,10.47,10.13,25544,37230333.00,3.26,-0.48,-0.05,1.04
2016-12-27,10.37,10.29,10.47,10.27,25214,37097077.00,1.92,-0.96,-0.10,1.03
2016-12-28,10.30,10.23,10.34,10.22,24179,35219759.00,1.17,-0.58,-0.06,0.98
2016-12-29,10.25,10.13,10.30,10.08,22897,33135809.00,2.15,-0.98,-0.10,0.93
2016-12-30,10.15,10.25,10.26,10.13,18239,26391956.00,1.28,1.18,0.12,0.74