2007-01-04,4.20,4.10,4.20,4.07,22427,41241432.00,3.13,-1.20,-0.05,3.63
2007-01-05,4.08,4.14,4.18,4.06,11185,20642956.00,2.93,0.98,0.04,1.81
2007-01-08,4.13,4.50,4.53,4.13,52102,102259053.00,9.66,8.70,0.36,8.43
2007-01-09,4.53,4.65,4.75,4.42,36679,75270674.00,7.33,3.33,0.15,5.94
2007-01-10,4.66,4.89,5.08,4.64,44134,97290404.00,9.46,5.16,0.24,7.14
2007-01-11,4.90,4.81,4.96,4.79,30864,67732423.00,3.48,-1.64,-0.08,4.99
2007-01-12,4.79,4.87,5.03,4.73,33018,72738630.00,6.24,1.25,0.06,5.34
2007-01-15,4.88,5.19,5.23,4.88,31848,73940020.00,7.19,6.57,0.32,5.15
2007-01-16,5.22,5.51,5.62,5.20,36528,89299389.00,8.09,6.17,0.32,5.91
2007-01-17,5.53,5.55,5.77,5.40,33829,85190196.00,6.72,0.73,0.04,5.47
2007-01-18,5.51,5.63,5.64,5.30,25932,64366641.00,6.13,1.44,0.08,4.20
2007-01-19,5.63,5.63,5.72,5.49,17896,45383654.00,4.09,0.00,0.00,2.90
2007-01-22,5.72,5.96,6.00,5.72,20644,55603277.00,4.97,5.86,0.33,3.34
2007-01-23,5.95,5.78,5.96,5.51,26271,67847869.00,7.55,-3.02,-0.18,4.25
2007-01-24,5.70,5.52,5.70,5.45,23908,59793675.00,4.33,-4.50,-0.26,3.87
2007-01-25,5.46,5.14,5.46,5.13,21783,52394378.00,5.98,-6.88,-0.38,3.53
2007-01-26,5.09,5.27,5.33,4.88,23083,53715516.00,8.75,2.53,0.13,3.74
2007-01-29,5.25,5.44,5.48,5.19,24558,59211247.00,5.50,3.23,0.17,3.97
2007-01-30,5.46,5.27,5.50,5.26,14687,35533775.00,4.41,-3.13,-0.17,2.38
2007-01-31,5.23,4.91,5.30,4.84,15696,36144003.00,8.73,-6.83,-0.36,2.54
2007-02-01,4.89,4.93,5.04,4.68,15580,34117728.00,7.33,0.41,0.02,2.52
2007-02-02,4.93,4.60,4.93,4.58,12012,25893317.00,7.10,-6.69,-0.33,1.94
2007-02-05,4.57,4.68,4.78,4.56,10614,22292874.00,4.78,1.74,0.08,1.72
2007-02-06,4.75,4.88,4.88,4.60,26775,56581702.00,5.98,4.27,0.20,4.33
2007-02-07,4.88,4.88,5.04,4.81,16255,35985847.00,4.71,0.00,0.00,2.63
2007-02-08,4.88,4.93,4.94,4.79,16333,35828361.00,3.07,1.02,0.05,2.64
2007-02-09,4.93,4.87,4.93,4.79,8682,19081446.00,2.84,-1.22,-0.06,1.40
2007-02-12,4.88,4.95,5.09,4.87,19273,43440026.00,4.52,1.64,0.08,3.12
2007-02-13,5.02,5.13,5.13,4.98,29330,67244352.00,3.03,3.64,0.18,4.75
2007-02-14,5.21,5.15,5.27,5.13,23040,54049859.00,2.73,0.39,0.02,3.73
2007-02-15,5.21,5.39,5.40,5.17,40264,95706618.00,4.47,4.66,0.24,6.52
2007-02-16,5.46,5.24,5.53,5.24,63569,152974032.00,5.38,-2.78,-0.15,10.29
2007-02-26,5.30,5.74,5.74,5.30,46397,117235679.00,8.40,9.54,0.50,7.51
2007-02-27,5.76,5.19,6.05,5.19,58430,149743153.00,14.98,-9.58,-0.55,9.46
2007-02-28,5.09,5.45,5.47,5.03,31461,75353587.00,8.48,5.01,0.26,5.09
2007-03-01,5.36,4.99,5.45,4.96,40086,92545661.00,8.99,-8.44,-0.46,6.49
2007-03-02,4.96,4.93,5.04,4.84,29792,66030466.00,4.01,-1.20,-0.06,4.82
2007-03-05,4.93,5.07,5.13,4.88,27595,62674228.00,5.07,2.84,0.14,4.47
2007-03-06,5.06,5.19,5.28,5.06,23671,55723894.00,4.34,2.37,0.12,3.83
2007-03-07,5.23,5.23,5.29,5.09,22815,53696512.00,3.85,0.77,0.04,3.69
2007-03-08,5.24,5.42,5.48,5.20,22937,55699884.00,5.35,3.63,0.19,3.71
2007-03-09,5.43,5.33,5.44,5.09,21166,51202079.00,6.46,-1.66,-0.09,3.43
2007-03-12,5.33,5.50,5.51,5.22,27498,67081882.00,5.44,3.19,0.17,4.45
2007-03-13,5.49,5.45,5.51,5.40,18492,45656337.00,2.00,-0.91,-0.05,2.99
2007-03-14,5.39,5.33,5.39,5.24,24269,58028295.00,2.75,-2.20,-0.12,3.93
2007-03-15,5.32,5.84,5.84,5.30,64041,163903134.00,10.13,9.57,0.51,10.36
2007-03-27,6.40,6.40,6.40,6.40,1451,4239335.00,0.00,9.59,0.56,0.23
2007-03-28,7.01,6.80,7.01,6.42,84857,262777616.00,9.22,6.25,0.40,13.73
2007-03-29,6.77,6.89,7.13,6.57,44982,143145829.00,8.24,1.32,0.09,7.28
2007-03-30,6.80,6.80,7.05,6.61,22572,70232279.00,6.39,-1.31,-0.09,3.65
2007-04-02,6.77,6.80,6.96,6.63,19121,58920796.00,4.85,0.00,0.00,3.09
2007-04-03,6.80,6.86,6.96,6.80,21526,67893642.00,2.35,0.88,0.06,3.48
2007-04-04,6.85,6.65,6.85,6.61,27272,83383383.00,3.50,-3.06,-0.21,4.41
2007-04-05,6.63,6.64,6.68,6.49,28917,86501996.00,2.86,-0.15,-0.01,4.68
2007-04-06,6.56,6.67,6.82,6.52,19593,60028342.00,4.52,0.45,0.03,3.17
2007-04-10,6.73,6.59,6.73,6.33,43660,129438557.00,6.00,-1.20,-0.08,7.07
2007-04-11,6.58,6.90,6.96,6.58,39844,124338456.00,5.77,4.70,0.31,6.45
2007-04-12,6.98,6.82,7.03,6.80,19092,59964042.00,3.33,-1.16,-0.08,3.09
2007-04-13,6.82,6.53,6.86,6.50,25409,76254530.00,5.28,-4.25,-0.29,4.11
2007-04-16,6.54,6.56,6.67,6.42,21702,64838779.00,3.83,0.46,0.03,3.51
2007-04-17,6.57,6.50,6.62,6.43,20658,61682567.00,2.90,-0.91,-0.06,3.34
2007-04-18,6.49,6.78,6.84,6.29,43800,130119820.00,8.46,4.31,0.28,7.09
2007-04-19,6.71,6.21,6.71,6.13,26849,78750736.00,8.55,-8.41,-0.57,4.34
2007-04-20,6.23,6.44,6.56,6.23,21664,63841773.00,5.31,3.70,0.23,3.51
2007-04-23,6.46,6.64,6.67,6.35,34003,101652420.00,4.97,3.11,0.20,5.50
2007-04-24,6.74,6.78,6.96,6.65,34937,108877639.00,4.67,2.11,0.14,5.65
2007-04-25,6.76,6.87,6.88,6.56,27834,86710449.00,4.72,1.33,0.09,4.50
2007-04-26,6.86,6.70,6.86,6.56,11849,36395197.00,4.37,-2.47,-0.17,1.92
2007-04-27,6.70,6.54,6.73,6.48,13414,40540894.00,3.73,-2.39,-0.16,2.17
2007-04-30,6.54,6.41,6.54,6.28,21902,63483329.00,3.98,-1.99,-0.13,3.54
2007-05-08,6.48,6.56,6.62,6.33,22642,67054903.00,4.52,2.34,0.15,3.66
2007-05-09,6.66,6.51,6.67,6.35,18881,56329802.00,4.88,-0.76,-0.05,3.06
2007-05-10,6.48,6.44,6.48,6.27,22250,64557975.00,3.23,-1.08,-0.07,3.60
2007-05-11,6.42,6.45,6.64,6.25,20377,60619004.00,6.06,0.16,0.01,3.30
2007-05-14,6.43,6.35,6.46,6.26,15294,44434794.00,3.10,-1.55,-0.10,2.47
2007-05-15,6.34,5.93,6.34,5.91,32282,90215521.00,6.77,-6.61,-0.42,5.22
2007-05-16,6.06,6.04,6.14,5.93,21849,59980319.00,3.54,1.85,0.11,3.54
2007-05-17,6.12,6.39,6.41,6.04,28213,80348044.00,6.13,5.79,0.35,4.57
2007-05-18,6.42,6.26,6.42,6.20,19782,56543838.00,3.44,-2.03,-0.13,3.20
2007-05-21,5.93,6.20,6.26,5.91,24699,68916611.00,5.59,-0.96,-0.06,4.00
2007-05-22,6.21,6.12,6.25,6.09,30927,86551982.00,2.58,-1.29,-0.08,5.00
2007-05-23,6.15,6.30,6.39,6.05,29405,84311601.00,5.56,2.94,0.18,4.76
2007-05-24,6.30,6.60,6.73,6.24,61043,180578538.00,7.78,4.76,0.30,8.11
2007-05-25,6.59,6.54,6.59,6.40,30201,89807519.00,2.88,-0.91,-0.06,4.01
2007-05-28,6.57,6.69,6.91,6.57,32767,100515971.00,5.20,2.29,0.15,4.35
2007-05-29,6.69,6.64,6.77,6.58,26519,81005296.00,2.84,-0.75,-0.05,3.52
2007-05-30,6.05,6.00,6.49,6.00,44649,126755570.00,7.38,-9.64,-0.64,5.93
2007-05-31,5.99,6.51,6.58,5.68,44158,125063037.00,15.00,8.50,0.51,5.87
2007-06-01,6.46,6.50,7.07,6.46,58870,182031272.00,9.37,-0.15,-0.01,7.82
2007-06-04,6.67,5.88,6.77,5.87,27784,76800351.00,13.85,-9.54,-0.62,3.69
2007-06-05,5.72,6.06,6.15,5.47,14441,38266172.00,11.56,3.06,0.18,1.92
2007-06-06,6.04,6.21,6.27,5.96,16241,45707337.00,5.12,2.48,0.15,2.16
2007-06-07,6.21,6.29,6.41,6.16,18632,53278475.00,4.03,1.29,0.08,2.47
2007-06-08,6.34,6.78,6.90,6.34,48335,147511262.00,8.90,7.79,0.49,6.42
2007-06-11,6.95,6.98,7.28,6.82,61550,198731594.00,6.78,2.95,0.20,8.18
2007-06-12,7.01,7.66,7.66,7.01,55243,186935965.00,9.31,9.74,0.68,7.34
2007-06-13,7.77,7.59,7.81,7.45,42309,148209166.00,4.70,-0.91,-0.07,5.62
2007-06-14,7.58,7.87,8.04,7.41,31546,112331208.00,8.30,3.69,0.28,4.19
2007-06-15,7.79,8.12,8.44,7.64,32479,122081899.00,10.17,3.18,0.25,4.31
2007-06-18,8.15,8.04,8.44,7.98,25762,96345549.00,5.67,-0.99,-0.08,3.42
2007-06-19,8.04,7.85,8.08,7.77,29109,105389030.00,3.86,-2.36,-0.19,3.87
2007-06-20,7.94,8.36,8.37,7.81,42138,158676545.00,7.13,6.50,0.51,5.60
2007-06-21,8.07,8.04,8.34,8.00,23746,88900130.00,4.07,-3.83,-0.32,3.15
2007-06-22,7.98,8.25,8.51,7.83,24890,94154926.00,8.46,2.61,0.21,3.31
2007-06-25,8.17,7.83,8.25,7.62,19515,71711995.00,7.64,-5.09,-0.42,2.59
2007-06-26,7.54,8.00,8.11,7.17,15853,56008789.00,12.01,2.17,0.17,2.11
2007-06-27,7.98,7.97,8.08,7.84,8584,31249586.00,3.00,-0.38,-0.03,1.14
2007-06-28,7.86,7.47,8.24,7.47,8035,28887546.00,9.66,-6.27,-0.50,1.07
2007-06-29,7.28,7.01,7.56,6.99,8529,28023754.00,7.63,-6.16,-0.46,1.13
2007-07-02,6.99,7.20,7.34,6.80,8269,27173352.00,7.70,2.71,0.19,1.10
2007-07-03,7.21,7.45,7.47,7.12,11358,38089062.00,4.86,3.47,0.25,1.51
2007-07-04,7.44,7.05,7.56,6.88,9835,33210084.00,9.13,-5.37,-0.40,1.31
2007-07-05,6.90,6.62,7.09,6.61,10662,33207104.00,6.81,-6.10,-0.43,1.42
2007-07-06,6.62,6.86,6.90,6.48,6826,20893845.00,6.34,3.63,0.24,0.91
2007-07-09,6.86,6.91,6.99,6.80,16589,52454243.00,2.77,0.73,0.05,2.20
2007-07-10,6.97,6.62,6.97,6.61,8598,26438808.00,5.21,-4.20,-0.29,1.14
2007-07-11,6.57,6.61,6.74,6.50,7447,22362362.00,3.63,-0.15,-0.01,0.99
2007-07-12,6.61,6.78,6.85,6.61,8331,25745697.00,3.63,2.57,0.17,1.11
2007-07-13,6.78,6.65,6.78,6.57,3686,11177566.00,3.10,-1.92,-0.13,0.49
2007-07-16,6.68,6.42,6.68,6.40,5857,17388039.00,4.21,-3.46,-0.23,0.78
2007-07-17,6.42,6.67,6.77,6.34,6460,19528205.00,6.70,3.89,0.25,0.86
2007-07-18,6.65,6.80,6.85,6.57,9507,29385062.00,4.20,1.95,0.13,1.26
2007-07-19,6.80,6.70,6.80,6.64,10659,32657123.00,2.35,-1.47,-0.10,1.42
2007-07-20,6.73,7.03,7.12,6.59,10679,33533325.00,7.91,4.93,0.33,1.42
2007-07-23,6.99,7.26,7.30,6.99,14856,48499046.00,4.41,3.27,0.23,1.97
2007-07-24,7.26,7.17,7.39,7.11,12217,40335946.00,3.86,-1.24,-0.09,1.62
2007-07-25,7.09,7.24,7.26,7.01,15962,52024734.00,3.49,0.98,0.07,2.12
2007-07-26,7.24,7.41,7.65,7.13,16473,56737758.00,7.18,2.35,0.17,2.19
2007-07-27,7.37,8.12,8.12,7.33,36606,131000492.00,10.66,9.58,0.71,4.86
2007-07-30,8.57,8.57,8.63,8.13,43063,166888171.00,6.16,5.54,0.45,5.72
2007-07-31,8.78,9.41,9.41,8.78,67252,287216169.00,7.35,9.80,0.84,8.93
2007-08-01,9.52,10.13,10.32,9.41,90370,409412889.00,9.67,7.65,0.72,12.00
2007-08-02,10.15,10.98,10.99,9.52,73729,355615415.00,14.51,8.39,0.85,9.79
2007-08-03,10.98,10.58,11.16,10.32,65180,321442713.00,7.65,-3.64,-0.40,8.66
2007-08-06,10.74,10.76,11.08,10.32,47148,231484948.00,7.18,1.70,0.18,6.26
2007-08-07,10.71,10.69,11.28,10.37,45044,226166463.00,8.46,-0.65,-0.07,5.98
2007-08-08,10.36,10.39,10.63,10.05,29500,141414752.00,5.43,-2.81,-0.30,3.92
2007-08-09,10.34,10.30,10.57,10.23,22555,108327588.00,3.27,-0.87,-0.09,3.00
2007-08-10,10.36,9.90,10.36,9.52,34191,156158959.00,8.16,-3.88,-0.40,4.54
2007-08-13,9.73,9.56,9.83,9.45,23501,103963763.00,3.84,-3.43,-0.34,3.12
2007-08-14,9.51,9.95,10.27,9.39,22907,104861707.00,9.21,4.08,0.39,3.04
2007-08-15,9.95,9.90,10.08,9.52,13891,62973791.00,5.63,-0.50,-0.05,1.85
2007-08-17,9.94,9.74,10.15,9.73,13478,61975636.00,4.24,-1.62,-0.16,1.79
2007-08-20,9.94,10.13,10.17,9.90,17454,81333513.00,2.77,4.00,0.39,2.32
2007-08-21,10.15,11.12,11.12,10.15,34176,170688902.00,9.58,9.77,0.99,4.54
2007-08-22,11.08,10.87,11.50,10.78,35225,181013037.00,6.47,-2.25,-0.25,4.68
2007-08-23,10.78,10.61,10.89,10.38,29432,143665238.00,4.69,-2.39,-0.26,3.91
2007-08-24,10.51,10.65,10.88,10.36,20947,103154283.00,4.90,0.38,0.04,2.78
2007-08-27,10.75,10.61,10.95,10.36,27502,135444314.00,5.54,-0.38,-0.04,3.65
2007-08-28,10.47,10.94,11.30,10.34,47693,241261059.00,9.05,3.11,0.33,6.34
2007-08-29,10.74,10.24,10.78,10.11,31015,150200798.00,6.12,-6.40,-0.70,4.12
2007-08-30,10.26,10.04,10.46,9.87,26682,124209463.00,5.76,-1.95,-0.20,3.54
2007-08-31,10.06,10.35,10.45,10.06,16235,77631384.00,3.88,3.09,0.31,2.16
2007-09-03,10.47,10.31,10.47,10.12,18430,87495195.00,3.38,-0.39,-0.04,2.45
2007-09-04,10.53,11.01,11.29,10.53,63667,324774255.00,7.37,6.79,0.70,8.46
2007-09-05,10.99,11.01,11.26,10.74,38307,196057490.00,4.72,0.00,0.00,5.09
2007-09-06,11.11,12.09,12.09,11.11,77208,423739481.00,8.90,9.81,1.08,10.26
2007-09-07,12.26,11.36,12.27,11.33,50774,274898720.00,7.78,-6.04,-0.73,6.74
2007-09-10,11.37,12.47,12.47,11.34,56109,175472264.00,9.95,9.77,1.11,4.14
2007-09-11,12.47,11.28,12.77,11.26,84597,264620995.00,12.11,-9.54,-1.19,6.24
2007-09-12,11.31,11.52,11.71,11.18,44992,131829761.00,4.70,2.13,0.24,3.32
2007-09-13,11.64,12.52,12.63,11.64,81357,257842469.00,8.59,8.68,1.00,6.00
2007-09-14,12.55,13.52,13.74,12.17,97766,328436020.00,12.54,7.99,1.00,7.22
2007-09-17,13.54,13.57,14.25,13.16,98433,348178035.00,8.06,0.37,0.05,7.26
2007-09-18,13.80,13.80,14.21,13.16,69294,244317940.00,7.74,1.69,0.23,5.11
2007-09-19,13.57,12.99,13.80,12.83,61596,209683314.00,7.03,-5.87,-0.81,4.55
2007-09-20,12.97,12.92,13.33,12.72,31771,106240989.00,4.70,-0.54,-0.07,2.34
2007-09-24,12.92,13.87,14.14,12.92,58201,207065715.00,9.44,7.35,0.95,4.30
2007-09-25,13.91,13.36,14.07,13.11,34152,118567487.00,6.92,-3.68,-0.51,2.52
2007-09-26,13.36,12.88,13.48,12.87,23551,79583790.00,4.57,-3.59,-0.48,1.74
2007-09-27,12.87,13.09,13.11,12.43,27560,89984121.00,5.28,1.63,0.21,2.03
2007-09-28,13.08,13.07,13.35,13.00,25814,87946549.00,2.67,-0.15,-0.02,1.91
2007-10-08,13.21,12.56,13.30,12.44,34152,112286973.00,6.58,-3.90,-0.51,2.52
2007-10-09,12.59,12.38,12.70,11.83,36865,115703802.00,6.93,-1.43,-0.18,2.72
2007-10-10,12.44,12.48,12.74,12.09,33141,106931931.00,5.25,0.81,0.10,2.45
2007-10-11,12.47,12.35,12.77,12.12,37394,119321573.00,5.21,-1.04,-0.13,2.76
2007-10-12,12.32,13.07,13.27,11.94,64646,207982554.00,10.77,5.83,0.72,4.77
2007-10-15,13.31,13.49,13.91,13.19,85496,301417848.00,5.51,3.21,0.42,6.31
2007-10-16,13.60,13.00,13.60,12.89,49653,168300719.00,5.26,-3.63,-0.49,3.66
2007-10-17,13.00,12.56,13.12,12.44,43805,143938902.00,5.23,-3.38,-0.44,3.23
2007-10-18,12.57,11.90,12.72,11.79,46077,143128034.00,7.40,-5.25,-0.66,3.40
2007-10-19,11.90,11.99,12.21,11.87,20031,62006898.00,2.86,0.76,0.09,1.48
2007-10-22,11.83,11.27,11.87,11.26,19748,58818420.00,5.09,-6.01,-0.72,1.46
2007-10-23,11.28,11.23,11.59,10.50,35425,99364859.00,9.67,-0.35,-0.04,2.61
2007-10-24,11.33,10.97,11.33,10.88,18270,51716985.00,4.01,-2.32,-0.26,1.35
2007-10-25,10.88,9.90,10.88,9.90,29304,76472703.00,8.93,-9.75,-1.07,2.16
2007-10-26,9.86,9.38,9.86,8.98,30078,72420128.00,8.89,-5.25,-0.52,2.22
2007-10-29,9.40,10.22,10.22,9.02,24087,59055966.00,12.79,8.96,0.84,1.78
2007-10-30,10.31,10.36,10.69,10.06,24773,66316443.00,6.16,1.37,0.14,1.83
2007-10-31,10.36,10.52,10.73,10.32,22253,59902077.00,3.96,1.54,0.16,1.64
2007-11-01,10.54,9.94,10.62,9.93,20590,53551779.00,6.56,-5.51,-0.58,1.52
2007-11-02,9.78,9.38,9.78,9.17,20976,50450480.00,6.14,-5.63,-0.56,1.55
2007-11-05,9.25,9.44,9.66,9.11,11755,28329259.00,5.86,0.64,0.06,0.87
2007-11-06,9.53,9.32,9.62,9.23,9561,23133872.00,4.13,-1.27,-0.12,0.71
2007-11-07,9.38,9.08,9.51,8.86,19292,44959790.00,6.97,-2.58,-0.24,1.42
2007-11-08,9.10,8.45,9.15,8.45,21131,46845618.00,7.71,-6.94,-0.63,1.56
2007-11-12,8.19,7.76,8.19,7.65,20651,41171682.00,6.39,-8.17,-0.69,1.52
2007-11-13,7.74,7.82,8.04,7.64,16290,32628757.00,5.15,0.77,0.06,1.20
2007-11-14,7.96,8.34,8.44,7.85,29721,62320713.00,7.54,6.65,0.52,2.19
2007-11-15,8.47,8.46,8.94,8.23,31806,69741548.00,8.51,1.44,0.12,2.35
2007-11-16,8.34,8.43,8.57,8.06,11844,25216253.00,6.03,-0.35,-0.03,0.87
2007-11-19,8.43,8.56,8.59,8.23,14957,32258159.00,4.27,1.54,0.13,1.10
2007-11-20,8.59,8.73,8.81,8.42,19559,43188753.00,4.56,1.99,0.17,1.44
2007-11-21,8.89,8.49,8.98,8.48,15468,34610293.00,5.73,-2.75,-0.24,1.14
2007-11-22,8.37,7.83,8.37,7.73,15387,31523798.00,7.54,-7.77,-0.66,1.14
2007-11-23,7.66,8.06,8.10,7.58,10595,21071160.00,6.64,2.94,0.23,0.78
2007-11-26,8.18,7.88,8.33,7.85,12061,24915263.00,5.96,-2.23,-0.18,0.89
2007-11-27,7.86,7.97,8.18,7.75,10516,21240538.00,5.46,1.14,0.09,0.78
2007-11-28,7.92,7.76,8.11,7.69,13688,27311458.00,5.27,-2.63,-0.21,1.01
2007-11-29,7.77,7.96,8.02,7.65,12761,25593823.00,4.77,2.58,0.20,0.94
2007-11-30,7.96,7.84,8.07,7.70,9660,19289574.00,4.65,-1.51,-0.12,0.71
2007-12-03,7.84,7.81,7.96,7.73,5523,11024914.00,2.93,-0.38,-0.03,0.41
2007-12-04,7.82,8.10,8.15,7.81,17828,36365828.00,4.35,3.71,0.29,1.32
2007-12-05,8.11,8.61,8.81,8.04,32985,71030079.00,9.51,6.30,0.51,2.43
2007-12-06,8.69,8.53,8.72,8.40,20126,43778932.00,3.72,-0.93,-0.08,1.49
2007-12-07,8.53,8.79,8.85,8.43,21252,47561134.00,4.92,3.05,0.26,1.57
2007-12-10,8.60,9.38,9.39,8.49,44002,102984551.00,10.24,6.71,0.59,3.25
2007-12-11,9.33,9.36,9.66,9.22,38258,92356155.00,4.69,-0.21,-0.02,2.82
2007-12-12,9.35,9.19,9.36,9.08,19401,45864148.00,2.99,-1.82,-0.17,1.43
2007-12-13,9.17,8.57,9.24,8.54,24452,55457606.00,7.62,-6.75,-0.62,1.80
2007-12-14,8.54,8.81,8.90,8.30,15762,34973397.00,7.00,2.80,0.24,1.16
2007-12-17,8.98,8.81,9.02,8.70,15817,35850936.00,3.63,0.00,0.00,1.17
2007-12-19,9.17,8.88,9.17,8.72,17907,41006499.00,5.11,0.79,0.07,1.32
2007-12-20,8.90,9.12,9.20,8.68,24624,56857310.00,5.86,2.70,0.24,1.82
2007-12-21,8.98,9.37,9.53,8.94,34899,83745548.00,6.47,2.74,0.25,2.58
2007-12-24,9.36,9.54,9.74,9.32,44700,109060019.00,4.48,1.81,0.17,3.30
2007-12-25,9.55,9.73,9.78,9.50,34579,86054309.00,2.94,1.99,0.19,2.55
2007-12-26,9.75,10.45,10.49,9.75,48142,126292691.00,7.61,7.40,0.72,3.55
2007-12-27,10.57,10.82,11.32,10.57,73661,206945669.00,7.18,3.54,0.37,5.44
2007-12-28,10.91,10.50,10.92,10.46,46168,125640718.00,4.25,-2.96,-0.32,3.41