2023-01-03,5.17,5.22,5.24,5.13,131621,68482029.69,2.12,0.38,0.02,1.35
2023-01-04,5.23,5.33,5.40,5.20,178310,94929939.05,3.83,2.11,0.11,1.83
2023-01-05,5.32,5.25,5.35,5.19,144475,75670199.00,3.00,-1.50,-0.08,1.48
2023-01-06,5.28,5.29,5.30,5.22,88781,46697921.94,1.52,0.76,0.04,0.91
2023-01-09,5.28,5.30,5.34,5.25,76146,40309770.65,1.70,0.19,0.01,0.78
2023-01-10,5.29,5.23,5.33,5.21,70401,36923728.25,2.26,-1.32,-0.07,0.72
2023-01-11,5.25,5.23,5.29,5.21,61375,32224457.60,1.53,0.00,0.00,0.63
2023-01-12,5.25,5.18,5.26,5.16,71610,37236566.90,1.91,-0.96,-0.05,0.73
2023-01-13,5.18,5.30,5.31,5.15,90081,47376798.80,3.09,2.32,0.12,0.92
2023-01-16,5.32,5.32,5.36,5.23,83972,44438854.01,2.45,0.38,0.02,0.86
2023-01-17,5.35,5.38,5.47,5.30,115602,62015336.70,3.20,1.13,0.06,1.19
2023-01-18,5.35,5.43,5.45,5.32,100226,54124481.90,2.42,0.93,0.05,1.03
2023-01-19,5.49,5.34,5.49,5.33,83480,44800056.20,2.95,-1.66,-0.09,0.86
2023-01-20,5.32,5.44,5.46,5.30,89393,48409231.20,3.00,1.87,0.10,0.92
2023-01-30,5.45,5.58,5.63,5.45,139897,77651533.15,3.31,2.57,0.14,1.43
2023-01-31,5.56,5.66,5.71,5.53,144404,81580235.20,3.23,1.43,0.08,1.48
2023-02-01,5.67,5.69,5.70,5.59,139721,78734491.65,1.94,0.53,0.03,1.43
2023-02-02,5.69,5.68,5.73,5.64,91688,52089848.00,1.58,-0.18,-0.01,0.94
2023-02-03,5.64,5.61,5.72,5.55,104548,58586322.00,2.99,-1.23,-0.07,1.07