2005-01-04,-1.70,-1.71,-1.70,-1.73,986,232204.36,-1.75,0.00,0.00,0.09
2005-01-05,-1.71,-1.71,-1.70,-1.76,2655,620919.75,-3.51,0.00,0.00,0.23
2005-01-06,-1.73,-1.71,-1.71,-1.73,1258,295412.94,-1.17,0.00,0.00,0.11
2005-01-07,-1.72,-1.67,-1.64,-1.73,2770,668070.56,-5.26,2.34,0.04,0.24
2005-01-10,-1.69,-1.65,-1.65,-1.71,2669,646604.50,-3.59,1.20,0.02,0.23
2005-01-11,-1.67,-1.64,-1.63,-1.68,2316,567011.06,-3.03,0.61,0.01,0.20
2005-01-12,-1.64,-1.64,-1.63,-1.68,1815,443731.09,-3.05,0.00,0.00,0.16
2005-01-13,-1.66,-1.67,-1.64,-1.68,1045,254613.00,-2.44,-1.83,-0.03,0.09
2005-01-14,-1.68,-1.66,-1.62,-1.69,2176,537585.50,-4.19,0.60,0.01,0.19
2005-01-17,-1.67,-1.70,-1.64,-1.71,2785,672328.69,-4.22,-2.41,-0.04,0.24
2005-01-18,-1.71,-1.66,-1.66,-1.71,1766,425760.38,-2.94,2.35,0.04,0.15
2005-01-19,-1.66,-1.64,-1.63,-1.67,2477,613235.69,-2.41,1.20,0.02,0.22
2005-01-20,-1.66,-1.63,-1.63,-1.67,2053,505824.09,-2.44,0.61,0.01,0.18
2005-01-21,-1.64,-1.64,-1.63,-1.68,2516,617110.00,-3.07,-0.61,-0.01,0.22
2005-01-24,-1.62,-1.63,-1.58,-1.63,5731,1441059.38,-3.05,0.61,0.01,0.50
2005-01-25,-1.65,-1.63,-1.62,-1.65,1655,411099.50,-1.84,0.00,0.00,0.15
2005-01-26,-1.64,-1.59,-1.58,-1.66,5159,1302788.75,-4.91,2.45,0.04,0.45
2005-01-27,-1.60,-1.60,-1.58,-1.62,5072,1292969.50,-2.52,-0.63,-0.01,0.44
2005-01-28,-1.62,-1.66,-1.60,-1.67,3907,963490.88,-4.38,-3.75,-0.06,0.34
2005-01-31,-1.67,-1.69,-1.67,-1.73,3553,837272.44,-3.61,-1.81,-0.03,0.31
2005-02-01,-1.69,-1.69,-1.67,-1.72,1571,372645.56,-2.96,0.00,0.00,0.14
2005-02-02,-1.71,-1.65,-1.64,-1.72,2207,535479.19,-4.73,2.37,0.04,0.19
2005-02-03,-1.65,-1.68,-1.63,-1.68,1731,423053.00,-3.03,-1.82,-0.03,0.15
2005-02-04,-1.67,-1.65,-1.64,-1.68,1806,440128.34,-2.38,1.79,0.03,0.16
2005-02-16,-1.63,-1.60,-1.59,-1.64,3523,887056.00,-3.03,3.03,0.05,0.31
2005-02-17,-1.60,-1.62,-1.60,-1.64,1699,427866.50,-2.50,-1.25,-0.02,0.15
2005-02-18,-1.62,-1.63,-1.60,-1.63,1122,281624.88,-1.85,-0.62,-0.01,0.10
2005-02-21,-1.64,-1.61,-1.60,-1.64,1369,345992.12,-2.45,1.23,0.02,0.12
2005-02-22,-1.61,-1.58,-1.57,-1.61,6293,1625605.50,-2.48,1.86,0.03,0.55
2005-02-23,-1.57,-1.57,-1.57,-1.59,4054,1050682.75,-1.27,0.63,0.01,0.36
2005-02-24,-1.57,-1.57,-1.54,-1.59,5565,1440562.88,-3.18,0.00,0.00,0.49
2005-02-25,-1.57,-1.55,-1.55,-1.57,5598,1463098.00,-1.27,1.27,0.02,0.49
2005-02-28,-1.54,-1.59,-1.54,-1.59,3933,1031418.00,-3.23,-2.58,-0.04,0.34
2005-03-01,-1.58,-1.57,-1.56,-1.60,3688,952846.56,-2.52,1.26,0.02,0.32
2005-03-02,-1.55,-1.59,-1.54,-1.60,2945,763881.75,-3.82,-1.27,-0.02,0.26
2005-03-03,-1.59,-1.59,-1.59,-1.62,1859,473031.03,-1.89,0.00,0.00,0.16
2005-03-04,-1.59,-1.59,-1.59,-1.61,1520,387558.56,-1.26,0.00,0.00,0.13
2005-03-07,-1.60,-1.60,-1.57,-1.62,4419,1121633.25,-3.14,-0.63,-0.01,0.39
2005-03-08,-1.62,-1.60,-1.59,-1.62,4727,1197802.12,-1.88,0.00,0.00,0.41
2005-03-09,-1.60,-1.62,-1.58,-1.63,10024,2534355.25,-3.13,-1.25,-0.02,0.88
2005-03-10,-1.62,-1.64,-1.60,-1.64,5353,1338668.00,-2.47,-1.23,-0.02,0.47
2005-03-11,-1.63,-1.64,-1.63,-1.66,4291,1060563.00,-1.83,0.00,0.00,0.38
2005-03-14,-1.64,-1.68,-1.64,-1.68,4567,1112508.38,-2.44,-2.44,-0.04,0.40
2005-03-15,-1.67,-1.68,-1.67,-1.71,4613,1096300.75,-2.38,0.00,0.00,0.40
2005-03-16,-1.68,-1.66,-1.65,-1.70,4658,1120854.62,-2.98,1.19,0.02,0.41
2005-03-17,-1.68,-1.71,-1.66,-1.71,2980,714951.62,-3.01,-3.01,-0.05,0.26
2005-03-18,-1.67,-1.72,-1.67,-1.72,1603,378204.00,-2.92,-0.58,-0.01,0.14
2005-03-21,-1.72,-1.75,-1.71,-1.75,2202,509302.00,-2.33,-1.74,-0.03,0.19
2005-03-22,-1.76,-1.81,-1.74,-1.81,5093,1117187.12,-4.00,-3.43,-0.06,0.45
2005-03-23,-1.85,-1.84,-1.81,-1.85,4719,1002774.50,-2.21,-1.66,-0.03,0.41
2005-03-24,-1.86,-1.82,-1.82,-1.87,3343,710877.25,-2.72,1.09,0.02,0.29
2005-03-25,-1.82,-1.81,-1.81,-1.85,2136,461093.00,-2.20,0.55,0.01,0.19
2005-03-28,-1.82,-1.80,-1.80,-1.83,5091,1104262.00,-1.66,0.55,0.01,0.45
2005-03-29,-1.77,-1.76,-1.74,-1.77,17895,4066320.25,-1.67,2.22,0.04,1.57
2005-03-30,-1.78,-1.80,-1.77,-1.82,5195,1137854.00,-2.84,-2.27,-0.04,0.46
2005-03-31,-1.81,-1.81,-1.80,-1.83,3749,813161.62,-1.67,-0.56,-0.01,0.33
2005-04-01,-1.81,-1.80,-1.76,-1.83,6280,1369022.62,-3.87,0.55,0.01,0.55
2005-04-04,-1.80,-1.82,-1.80,-1.82,3026,657654.12,-1.11,-1.11,-0.02,0.27
2005-04-05,-1.80,-1.82,-1.80,-1.82,2097,455294.00,-1.10,0.00,0.00,0.18
2005-04-06,-1.83,-1.81,-1.81,-1.83,3211,692071.50,-1.10,0.55,0.01,0.28
2005-04-07,-1.81,-1.79,-1.78,-1.81,4193,926381.88,-1.66,1.10,0.02,0.37
2005-04-08,-1.80,-1.77,-1.76,-1.80,5579,1253963.88,-2.23,1.12,0.02,0.49
2005-04-11,-1.76,-1.73,-1.73,-1.76,7403,1697196.00,-1.69,2.26,0.04,0.65
2005-04-12,-1.73,-1.74,-1.72,-1.76,5767,1328222.50,-2.31,-0.58,-0.01,0.51
2005-04-13,-1.74,-1.73,-1.72,-1.76,5229,1197660.88,-2.30,0.57,0.01,0.46
2005-04-14,-1.73,-1.76,-1.73,-1.78,4569,1032344.38,-2.89,-1.73,-0.03,0.40
2005-04-15,-1.77,-1.82,-1.77,-1.82,3978,864051.00,-2.84,-3.41,-0.06,0.35
2005-04-18,-1.83,-1.85,-1.83,-1.87,4875,1021304.81,-2.20,-1.65,-0.03,0.43
2005-04-19,-1.86,-1.85,-1.84,-1.86,2563,539780.19,-1.08,0.00,0.00,0.22
2005-04-20,-1.86,-1.87,-1.85,-1.89,2640,548022.06,-2.16,-1.08,-0.02,0.23
2005-04-21,-1.89,-1.86,-1.85,-1.89,6620,1368914.25,-2.14,0.53,0.01,0.58
2005-04-22,-1.87,-1.86,-1.85,-1.89,3753,775619.81,-2.15,0.00,0.00,0.33
2005-04-25,-1.89,-1.92,-1.89,-1.92,2640,525349.00,-1.61,-3.23,-0.06,0.23
2005-04-26,-1.94,-1.95,-1.94,-1.98,8575,1628963.62,-2.08,-1.56,-0.03,0.75
2005-04-27,-1.96,-1.99,-1.95,-2.00,5667,1047105.31,-2.56,-2.05,-0.04,0.50
2005-04-28,-1.99,-1.96,-1.95,-1.99,4556,864085.94,-2.01,1.51,0.03,0.40
2005-04-29,-1.96,-1.96,-1.95,-1.97,2029,386002.22,-1.02,0.00,0.00,0.18
2005-05-09,-1.96,-2.01,-1.96,-2.01,3899,714247.62,-2.55,-2.55,-0.05,0.34
2005-05-10,-2.03,-2.04,-2.03,-2.06,5156,895911.62,-1.49,-1.49,-0.03,0.45
2005-05-11,-2.05,-1.99,-1.99,-2.06,5747,1032557.88,-3.43,2.45,0.05,0.50
2005-05-13,-1.88,-1.88,-1.88,-1.88,6679,1369180.62,0.00,5.53,0.11,0.59
2005-05-16,-1.79,-1.76,-1.76,-1.83,32920,7290228.00,-3.72,6.38,0.12,2.89
2005-05-17,-1.74,-1.78,-1.72,-1.82,31739,7149528.50,-5.68,-1.14,-0.02,2.78
2005-05-18,-1.78,-1.75,-1.73,-1.81,21844,4918272.50,-4.49,1.69,0.03,1.92
2005-05-19,-1.76,-1.76,-1.73,-1.78,13054,2958732.75,-2.86,-0.57,-0.01,1.14
2005-05-20,-1.77,-1.80,-1.74,-1.80,13839,3070593.50,-3.41,-2.27,-0.04,1.21
2005-05-23,-1.82,-1.77,-1.74,-1.82,17435,3894818.75,-4.44,1.67,0.03,1.53
2005-05-24,-1.78,-1.72,-1.69,-1.80,19192,4382047.50,-6.21,2.82,0.05,1.68
2005-05-25,-1.74,-1.74,-1.71,-1.76,12691,2935748.25,-2.91,-1.16,-0.02,1.11
2005-05-26,-1.69,-1.69,-1.62,-1.73,32507,7857622.00,-6.32,2.87,0.05,2.85
2005-05-27,-1.72,-1.73,-1.69,-1.75,13949,3245708.50,-3.55,-2.37,-0.04,1.22
2005-05-30,-1.74,-1.74,-1.73,-1.78,9608,2183547.25,-2.89,-0.58,-0.01,0.84
2005-05-31,-1.77,-1.73,-1.72,-1.78,6733,1541146.00,-3.45,0.57,0.01,0.59
2005-06-01,-1.73,-1.77,-1.73,-1.78,5117,1153252.75,-2.89,-2.31,-0.04,0.45
2005-06-02,-1.79,-1.78,-1.75,-1.79,6176,1384131.62,-2.26,-0.56,-0.01,0.54
2005-06-03,-1.78,-1.77,-1.75,-1.80,6338,1420048.00,-2.81,0.56,0.01,0.56
2005-06-06,-1.80,-1.78,-1.77,-1.80,7661,1697960.75,-1.69,-0.56,-0.01,0.67
2005-06-07,-1.77,-1.71,-1.69,-1.79,23071,5330344.50,-5.62,3.93,0.07,2.02
2005-06-08,-1.72,-1.62,-1.60,-1.74,33474,8199926.00,-8.19,5.26,0.09,2.93
2005-06-09,-1.62,-1.63,-1.60,-1.68,30377,7507310.00,-4.94,-0.62,-0.01,2.66
2005-06-10,-1.64,-1.68,-1.64,-1.69,14167,3440111.50,-3.07,-3.07,-0.05,1.24
2005-06-13,-1.69,-1.67,-1.65,-1.71,8054,1939883.38,-3.57,0.60,0.01,0.71
2005-06-14,-1.66,-1.73,-1.65,-1.73,8098,1922974.38,-4.79,-3.59,-0.06,0.71
2005-06-15,-1.74,-1.78,-1.71,-1.79,8235,1861437.25,-4.62,-2.89,-0.05,0.72
2005-06-16,-1.79,-1.76,-1.76,-1.80,4791,1070755.12,-2.25,1.12,0.02,0.42
2005-06-17,-1.76,-1.77,-1.75,-1.80,5742,1273169.12,-2.84,-0.57,-0.01,0.50
2005-06-20,-1.77,-1.75,-1.75,-1.81,8684,1936528.25,-3.39,1.13,0.02,0.76
2005-06-21,-1.75,-1.77,-1.75,-1.78,4004,902053.50,-1.71,-1.14,-0.02,0.35
2005-06-22,-1.77,-1.77,-1.75,-1.78,3352,751668.88,-1.69,0.00,0.00,0.29
2005-06-23,-1.77,-1.78,-1.76,-1.79,5401,1210745.25,-1.69,-0.56,-0.01,0.47
2005-06-24,-1.79,-1.81,-1.78,-1.82,6195,1350847.62,-2.25,-1.69,-0.03,0.54
2005-06-27,-1.80,-1.77,-1.77,-1.80,7291,1625869.00,-1.66,2.21,0.04,0.64
2005-06-29,-1.81,-1.85,-1.78,-1.85,12286,2647967.50,-3.95,-4.52,-0.08,1.08
2005-06-30,-1.86,-1.90,-1.83,-1.90,6238,1289253.50,-3.78,-2.70,-0.05,0.55
2005-07-01,-1.91,-1.95,-1.91,-1.96,8569,1676072.50,-2.63,-2.63,-0.05,0.75
2005-07-04,-1.96,-1.96,-1.96,-1.99,5688,1068583.75,-1.54,-0.51,-0.01,0.50
2005-07-05,-1.96,-1.95,-1.93,-1.98,4370,841933.94,-2.55,0.51,0.01,0.38
2005-07-06,-1.95,-1.94,-1.92,-1.96,4358,844507.38,-2.05,0.51,0.01,0.38
2005-07-07,-1.92,-1.92,-1.91,-1.94,3485,684446.62,-1.55,1.03,0.02,0.31
2005-07-08,-1.94,-1.98,-1.94,-1.98,4481,850480.12,-2.08,-3.13,-0.06,0.39
2005-07-11,-1.99,-1.99,-1.94,-1.99,3175,601926.00,-2.53,-0.51,-0.01,0.28
2005-07-12,-1.99,-1.97,-1.96,-2.03,4171,775715.75,-3.52,1.01,0.02,0.37
2005-07-13,-1.96,-1.94,-1.94,-1.97,5974,1151483.75,-1.52,1.52,0.03,0.52
2005-07-14,-1.95,-1.94,-1.93,-1.98,4589,878687.06,-2.58,0.00,0.00,0.40
2005-07-15,-1.91,-1.99,-1.91,-1.99,3833,730308.00,-4.12,-2.58,-0.05,0.34
2005-07-18,-2.01,-2.04,-1.99,-2.04,5301,956038.00,-2.51,-2.51,-0.05,0.46
2005-07-19,-2.02,-1.99,-1.99,-2.04,3660,665935.00,-2.45,2.45,0.05,0.32
2005-07-20,-1.99,-2.00,-1.98,-2.01,2959,546644.00,-1.51,-0.50,-0.01,0.26
2005-07-21,-2.00,-2.00,-2.00,-2.03,2234,403818.00,-1.50,0.00,0.00,0.20
2005-07-22,-2.01,-1.97,-1.95,-2.01,6107,1154507.12,-3.00,1.50,0.03,0.54
2005-07-25,-1.99,-1.98,-1.96,-1.99,1950,365476.72,-1.52,-0.51,-0.01,0.17
2005-07-26,-1.98,-1.95,-1.95,-1.99,9235,1760995.00,-2.02,1.52,0.03,0.81
2005-07-27,-1.95,-1.94,-1.94,-1.97,6734,1291607.75,-1.54,0.51,0.01,0.59
2005-07-28,-1.95,-1.95,-1.92,-1.96,8990,1743888.38,-2.06,-0.52,-0.01,0.79
2005-07-29,-1.95,-1.94,-1.92,-1.97,5276,1012495.88,-2.56,0.51,0.01,0.46
2005-08-01,-1.95,-1.96,-1.94,-1.98,4428,843770.00,-2.06,-1.03,-0.02,0.39
2005-08-02,-1.96,-1.94,-1.93,-1.97,12020,2327780.00,-2.04,1.02,0.02,1.05
2005-08-03,-1.94,-1.91,-1.88,-1.94,17569,3524233.25,-3.09,1.55,0.03,1.54
2005-08-04,-1.91,-1.92,-1.90,-1.94,7083,1399612.50,-2.09,-0.52,-0.01,0.62
2005-08-05,-1.92,-1.88,-1.83,-1.92,17901,3704029.50,-4.69,2.08,0.04,1.57
2005-08-08,-1.89,-1.86,-1.86,-1.90,11988,2464559.25,-2.13,1.06,0.02,1.05
2005-08-09,-1.87,-1.83,-1.79,-1.89,15711,3323166.00,-5.38,1.61,0.03,1.38
2005-08-10,-1.83,-1.83,-1.81,-1.87,13040,2758547.75,-3.28,0.00,0.00,1.14
2005-08-11,-1.82,-1.82,-1.81,-1.85,11772,2519871.00,-2.19,0.55,0.01,1.03
2005-08-12,-1.82,-1.80,-1.75,-1.83,23910,5247103.00,-4.40,1.10,0.02,2.10
2005-08-15,-1.74,-1.67,-1.67,-1.75,74392,17864926.00,-4.44,7.22,0.13,6.52
2005-08-16,-1.69,-1.65,-1.64,-1.73,43177,10317265.00,-5.39,1.20,0.02,3.79
2005-08-17,-1.67,-1.62,-1.59,-1.72,51169,12750307.00,-7.88,1.82,0.03,4.49
2005-08-18,-1.63,-1.70,-1.54,-1.71,56904,14511931.00,-10.49,-4.94,-0.08,4.99
2005-08-19,-1.71,-1.76,-1.69,-1.78,22481,5178857.00,-5.29,-3.53,-0.06,1.97
2005-08-22,-1.77,-1.73,-1.71,-1.77,15528,3567147.75,-3.41,1.70,0.03,1.36
2005-08-23,-1.72,-1.77,-1.71,-1.80,9856,2221553.00,-5.20,-2.31,-0.04,0.86
2005-08-24,-1.77,-1.76,-1.72,-1.79,10750,2450330.25,-3.95,0.56,0.01,0.94
2005-08-25,-1.75,-1.73,-1.72,-1.77,13069,3005424.50,-2.84,1.70,0.03,1.15
2005-08-26,-1.73,-1.72,-1.71,-1.74,13627,3156005.00,-1.73,0.58,0.01,1.19
2005-08-29,-1.72,-1.71,-1.70,-1.74,15205,3552029.50,-2.33,0.58,0.01,1.33
2005-08-30,-1.71,-1.76,-1.71,-1.77,11517,2635606.75,-3.51,-2.92,-0.05,1.01
2005-08-31,-1.76,-1.74,-1.74,-1.80,10795,2437630.25,-3.41,1.14,0.02,0.95
2005-09-01,-1.73,-1.71,-1.70,-1.76,14454,3368160.75,-3.45,1.72,0.03,1.27
2005-09-02,-1.70,-1.67,-1.67,-1.72,19025,4515648.00,-2.92,2.34,0.04,1.67
2005-09-05,-1.66,-1.63,-1.63,-1.66,27399,6750900.50,-1.80,2.40,0.04,2.40
2005-09-06,-1.63,-1.71,-1.60,-1.71,23275,5734482.50,-6.75,-4.91,-0.08,2.04
2005-09-07,-1.72,-1.65,-1.65,-1.73,19335,4629506.00,-4.68,3.51,0.06,1.70
2005-09-08,-1.66,-1.66,-1.64,-1.69,12170,2963575.50,-3.03,-0.61,-0.01,1.07
2005-09-09,-1.68,-1.69,-1.66,-1.70,8284,1985296.88,-2.41,-1.81,-0.03,0.73
2005-09-12,-1.69,-1.69,-1.67,-1.71,5989,1430024.25,-2.37,0.00,0.00,0.53
2005-09-13,-1.68,-1.64,-1.63,-1.68,11766,2887466.00,-2.96,2.96,0.05,1.03
2005-09-14,-1.64,-1.61,-1.58,-1.64,24354,6152769.50,-3.66,1.83,0.03,2.14
2005-09-15,-1.61,-1.62,-1.61,-1.64,12920,3230274.25,-1.86,-0.62,-0.01,1.13
2005-09-16,-1.63,-1.60,-1.59,-1.65,13992,3528272.50,-3.70,1.23,0.02,1.23
2005-09-19,-1.60,-1.57,-1.56,-1.63,23192,5991734.00,-4.38,1.88,0.03,2.03
2005-09-20,-1.58,-1.59,-1.57,-1.63,20567,5222100.00,-3.82,-1.27,-0.02,1.80
2005-09-21,-1.59,-1.63,-1.59,-1.64,19869,4997415.50,-3.14,-2.52,-0.04,1.74
2005-09-22,-1.64,-1.70,-1.61,-1.76,18698,4545729.00,-9.20,-4.29,-0.07,1.64
2005-09-23,-1.72,-1.73,-1.68,-1.73,11256,2637701.00,-2.94,-1.76,-0.03,0.99
2005-09-26,-1.72,-1.73,-1.71,-1.76,6119,1400037.50,-2.89,0.00,0.00,0.54
2005-09-27,-1.73,-1.77,-1.73,-1.78,7837,1776016.25,-2.89,-2.31,-0.04,0.69
2005-09-28,-1.77,-1.77,-1.74,-1.80,5608,1264385.75,-3.39,0.00,0.00,0.49
2005-09-29,-1.76,-1.73,-1.72,-1.77,8381,1922845.50,-2.82,2.26,0.04,0.73
2005-09-30,-1.72,-1.76,-1.72,-1.77,5730,1308843.00,-2.89,-1.73,-0.03,0.50
2005-10-10,-1.75,-1.76,-1.72,-1.76,6772,1558126.00,-2.27,0.00,0.00,0.59
2005-10-11,-1.76,-1.74,-1.73,-1.77,6721,1535631.75,-2.27,1.14,0.02,0.59
2005-10-12,-1.74,-1.73,-1.72,-1.75,6156,1423611.75,-1.72,0.57,0.01,0.54
2005-10-13,-1.72,-1.71,-1.68,-1.72,17082,4055722.00,-2.31,1.16,0.02,1.50
2005-10-14,-1.73,-1.72,-1.70,-1.74,6954,1610376.50,-2.34,-0.58,-0.01,0.61
2005-10-17,-1.71,-1.66,-1.66,-1.72,17119,4085566.25,-3.49,3.49,0.06,1.50
2005-10-18,-1.66,-1.66,-1.65,-1.69,11172,2711821.75,-2.41,0.00,0.00,0.98
2005-10-19,-1.66,-1.70,-1.66,-1.71,9966,2396959.00,-3.01,-2.41,-0.04,0.87
2005-10-20,-1.71,-1.67,-1.67,-1.73,7925,1880145.25,-3.53,1.76,0.03,0.69
2005-10-21,-1.67,-1.64,-1.60,-1.70,18267,4505380.00,-5.99,1.80,0.03,1.60
2005-10-24,-1.64,-1.66,-1.64,-1.68,5507,1339323.62,-2.44,-1.22,-0.02,0.48
2005-10-25,-1.68,-1.65,-1.63,-1.68,13499,3309678.50,-3.01,0.60,0.01,1.18
2005-10-26,-1.67,-1.72,-1.67,-1.72,7296,1727907.38,-3.03,-4.24,-0.07,0.64
2005-10-27,-1.72,-1.77,-1.70,-1.80,7275,1636415.88,-5.81,-2.91,-0.05,0.64
2005-10-28,-1.77,-1.83,-1.75,-1.86,8153,1781512.50,-6.21,-3.39,-0.06,0.71
2005-10-31,-1.83,-1.81,-1.81,-1.84,3890,838037.56,-1.64,1.09,0.02,0.34
2005-11-01,-1.81,-1.82,-1.81,-1.85,3381,719701.12,-2.21,-0.55,-0.01,0.30
2005-11-02,-1.82,-1.78,-1.78,-1.82,7762,1703180.50,-2.20,2.20,0.04,0.68
2005-11-03,-1.80,-1.82,-1.78,-1.83,4934,1068131.00,-2.81,-2.25,-0.04,0.43
2005-11-04,-1.82,-1.80,-1.80,-1.83,2597,564051.31,-1.65,1.10,0.02,0.23
2005-11-07,-1.80,-1.79,-1.78,-1.82,3173,697058.50,-2.22,0.56,0.01,0.28
2005-11-08,-1.80,-1.77,-1.76,-1.81,6437,1436535.38,-2.79,1.12,0.02,0.56
2005-11-09,-1.75,-1.77,-1.71,-1.77,14219,3275477.50,-3.39,0.00,0.00,1.25
2005-11-10,-1.78,-1.81,-1.77,-1.81,9023,1980644.62,-2.26,-2.26,-0.04,0.79
2005-11-11,-1.82,-1.80,-1.78,-1.82,2919,640097.00,-2.21,0.55,0.01,0.26
2005-11-14,-1.81,-1.80,-1.80,-1.82,2660,578783.81,-1.11,0.00,0.00,0.23
2005-11-15,-1.80,-1.82,-1.78,-1.82,3661,800752.00,-2.22,-1.11,-0.02,0.32
2005-11-16,-1.82,-1.80,-1.80,-1.83,4053,875444.56,-1.65,1.10,0.02,0.36
2005-11-17,-1.80,-1.81,-1.79,-1.82,6549,1430420.75,-1.67,-0.56,-0.01,0.57
2005-11-18,-1.81,-1.78,-1.77,-1.81,7393,1639762.00,-2.21,1.66,0.03,0.65
2005-11-21,-1.77,-1.77,-1.75,-1.78,7318,1645880.62,-1.69,0.56,0.01,0.64
2005-11-22,-1.78,-1.81,-1.77,-1.81,3630,803489.00,-2.26,-2.26,-0.04,0.32
2005-11-23,-1.81,-1.80,-1.79,-1.82,3154,692306.88,-1.66,0.55,0.01,0.28
2005-11-24,-1.80,-1.80,-1.78,-1.81,2795,612585.19,-1.67,0.00,0.00,0.24
2005-11-25,-1.81,-1.80,-1.80,-1.82,3086,673891.19,-1.11,0.00,0.00,0.27
2005-11-28,-1.80,-1.80,-1.80,-1.81,3550,774322.31,-0.56,0.00,0.00,0.31
2005-11-29,-1.80,-1.82,-1.80,-1.82,2429,526095.06,-1.11,-1.11,-0.02,0.21
2005-11-30,-1.83,-1.82,-1.81,-1.83,2853,613679.69,-1.10,0.00,0.00,0.25
2005-12-01,-1.82,-1.83,-1.82,-1.83,3205,687219.00,-0.55,-0.55,-0.01,0.28
2005-12-02,-1.83,-1.90,-1.83,-1.91,5593,1147893.00,-4.37,-3.83,-0.07,0.49
2005-12-05,-1.90,-1.90,-1.87,-1.92,4418,888634.06,-2.63,0.00,0.00,0.39
2005-12-06,-1.92,-1.88,-1.87,-1.92,5438,1102289.00,-2.63,1.05,0.02,0.48
2005-12-07,-1.90,-1.87,-1.87,-1.90,2162,440883.00,-1.60,0.53,0.01,0.19
2005-12-08,-1.88,-1.88,-1.87,-1.89,1881,385749.31,-1.07,-0.53,-0.01,0.16
2005-12-09,-1.89,-1.86,-1.85,-1.90,4169,859180.44,-2.66,1.06,0.02,0.37
2005-12-12,-1.86,-1.86,-1.85,-1.88,6013,1257789.62,-1.61,0.00,0.00,0.53
2005-12-13,-1.85,-1.85,-1.84,-1.88,4183,871558.75,-2.15,0.54,0.01,0.37
2005-12-14,-1.86,-1.80,-1.79,-1.86,10189,2210056.00,-3.78,2.70,0.05,0.89
2005-12-15,-1.81,-1.82,-1.78,-1.82,9535,2088791.62,-2.22,-1.11,-0.02,0.84
2005-12-16,-1.80,-1.78,-1.77,-1.81,10825,2393633.75,-2.20,2.20,0.04,0.95
2005-12-29,-1.67,-1.72,-1.67,-1.76,30558,7212428.50,-5.06,3.37,0.06,2.68
2005-12-30,-1.72,-1.72,-1.71,-1.75,11947,2780204.50,-2.33,0.00,0.00,1.05