2014-01-02,5.27,5.28,5.42,5.25,14298,16007605.00,3.23,0.19,0.01,0.38
2014-01-03,5.27,5.30,5.38,5.24,14426,16102192.00,2.65,0.38,0.02,0.38
2014-01-06,5.27,5.03,5.27,5.01,18310,19937511.00,4.91,-5.09,-0.27,0.48
2014-01-07,5.03,5.12,5.16,4.98,11008,12008970.00,3.58,1.79,0.09,0.29
2014-01-08,5.06,5.80,5.82,5.05,46753,53645602.00,15.04,13.28,0.68,1.23
2014-01-09,5.77,5.87,6.08,5.71,57063,68678436.00,6.38,1.21,0.07,1.50
2014-01-10,5.84,5.83,5.86,5.69,19679,23132533.00,2.90,-0.68,-0.04,0.52
2014-01-13,5.83,6.38,6.53,5.83,56367,70334361.00,12.01,9.43,0.55,1.48
2014-01-14,6.42,6.48,6.56,6.23,34433,43711046.00,5.17,1.57,0.10,0.91
2014-01-15,6.48,6.53,6.60,6.38,23039,29356369.00,3.40,0.77,0.05,0.61
2014-01-16,6.53,6.48,6.99,6.45,33942,44225328.00,8.27,-0.77,-0.05,0.89
2014-01-17,6.53,6.34,6.78,6.27,26660,33734407.00,7.87,-2.16,-0.14,0.70
2014-01-20,6.34,6.17,6.45,6.14,16840,20869533.00,4.89,-2.68,-0.17,0.44
2014-01-21,6.17,6.24,6.36,6.07,14028,17406975.00,4.70,1.13,0.07,0.37
2014-01-22,6.29,6.69,6.82,6.29,24959,32265869.00,8.49,7.21,0.45,0.66
2014-01-23,6.69,6.66,6.82,6.51,18377,23739513.00,4.63,-0.45,-0.03,0.48
2014-01-24,6.75,6.63,6.81,6.45,16144,20796197.00,5.41,-0.45,-0.03,0.43
2014-01-27,6.60,6.68,6.72,6.53,12169,15758073.00,2.87,0.75,0.05,0.32
2014-01-28,6.65,6.35,6.67,6.32,21927,27788064.00,5.24,-4.94,-0.33,0.58
2014-01-29,6.21,6.39,6.43,6.21,11927,14995920.00,3.46,0.63,0.04,0.31
2014-01-30,6.45,6.30,6.45,6.23,9991,12457160.00,3.44,-1.41,-0.09,0.26
2014-02-07,6.31,6.12,6.38,5.98,18425,22576893.00,6.35,-2.86,-0.18,0.49
2014-02-10,6.12,6.66,6.67,6.12,28388,35671230.00,8.99,8.82,0.54,0.75
2014-02-11,6.66,6.51,6.96,6.40,25585,33387795.00,8.41,-2.25,-0.15,0.67
2014-02-12,6.48,6.45,6.48,6.20,15039,18881018.00,4.30,-0.92,-0.06,0.40
2014-02-13,6.38,6.25,6.53,6.12,31707,39310243.00,6.36,-3.10,-0.20,0.83
2014-02-14,6.27,6.30,6.34,6.18,11635,14486734.00,2.56,0.80,0.05,0.31
2014-02-17,6.30,6.42,6.43,6.30,14595,18365053.00,2.06,1.90,0.12,0.38
2014-02-18,6.44,6.26,6.50,6.21,15719,19631681.00,4.52,-2.49,-0.16,0.41
2014-02-19,6.22,5.96,6.29,5.91,26435,32152672.00,6.07,-4.79,-0.30,0.70
2014-02-20,5.93,6.03,6.22,5.90,19477,23684283.00,5.37,1.17,0.07,0.51
2014-02-21,5.95,5.98,6.12,5.93,16701,20152798.00,3.15,-0.83,-0.05,0.44
2014-02-24,6.01,5.73,6.01,5.67,16274,19203590.00,5.69,-4.18,-0.25,0.43
2014-02-25,5.71,4.98,5.80,4.95,38910,43807916.00,14.83,-13.09,-0.75,1.02
2014-02-26,4.81,5.36,5.38,4.68,19212,21161940.00,14.06,7.63,0.38,0.51
2014-02-27,5.45,5.10,5.47,5.10,12634,13981719.00,6.90,-4.85,-0.26,0.33
2014-02-28,5.07,5.25,5.30,4.77,16224,17490376.00,10.39,2.94,0.15,0.43
2014-03-03,5.11,5.30,5.47,5.01,18170,20367461.00,8.76,0.95,0.05,0.48
2014-03-04,5.30,5.20,5.44,5.18,17371,19308380.00,4.91,-1.89,-0.10,0.46
2014-03-05,5.27,5.69,5.71,5.21,32409,37508333.00,9.62,9.42,0.49,0.85
2014-03-06,5.71,5.76,5.92,5.63,20296,23950483.00,5.10,1.23,0.07,0.53
2014-03-07,5.69,5.92,6.13,5.68,25280,30474256.00,7.81,2.78,0.16,0.67
2014-03-10,5.92,5.89,6.06,5.72,42019,50361020.00,5.74,-0.51,-0.03,1.11
2014-03-11,5.86,5.89,6.01,5.82,36043,43185945.00,3.23,0.00,0.00,0.95
2014-03-12,5.92,6.04,6.08,5.82,37531,45227247.00,4.41,2.55,0.15,0.99
2014-03-13,6.05,5.92,6.15,5.86,16815,20381260.00,4.80,-1.99,-0.12,0.44
2014-03-14,5.97,5.92,5.97,5.66,19184,22650586.00,5.24,0.00,0.00,0.51
2014-03-17,5.92,5.77,5.92,5.69,13986,16538528.00,3.89,-2.53,-0.15,0.37
2014-03-18,5.77,5.45,5.77,5.26,20103,22886173.00,8.84,-5.55,-0.32,0.53
2014-03-19,5.33,5.22,5.41,5.15,17105,18932825.00,4.77,-4.22,-0.23,0.45
2014-03-20,5.22,5.17,5.39,5.11,14043,15608053.00,5.36,-0.96,-0.05,0.37
2014-03-21,5.18,5.26,5.30,5.10,9183,10159899.00,3.87,1.74,0.09,0.24
2014-03-24,5.27,5.33,5.41,5.18,13352,14839962.00,4.37,1.33,0.07,0.35
2014-03-25,5.33,5.18,5.39,5.15,16405,18127324.00,4.50,-2.81,-0.15,0.43
2014-03-26,5.25,4.99,5.25,4.85,27783,29759411.00,7.72,-3.67,-0.19,0.73
2014-03-27,4.99,4.59,4.99,4.44,35623,36497398.00,11.02,-8.02,-0.40,0.94
2014-03-28,4.52,4.67,4.81,4.44,25306,25962780.00,8.06,1.74,0.08,0.67
2014-03-31,4.67,4.53,4.74,4.48,9052,9263910.00,5.57,-3.00,-0.14,0.24
2014-04-01,4.58,4.81,4.83,4.51,8647,8989343.00,7.06,6.18,0.28,0.23
2014-04-02,4.81,5.06,5.15,4.81,18693,20117568.00,7.07,5.20,0.25,0.49
2014-04-03,5.06,5.12,5.29,5.06,17009,18660906.00,4.55,1.19,0.06,0.45
2014-04-04,5.09,5.12,5.18,5.09,4890,5338613.00,1.76,0.00,0.00,0.13
2014-04-08,5.15,4.97,5.24,4.89,10821,11676740.00,6.84,-2.93,-0.15,0.28
2014-04-09,4.98,5.06,5.06,4.89,8829,9500826.00,3.42,1.81,0.09,0.23
2014-04-10,5.02,4.99,5.18,4.98,5095,5506835.00,3.95,-1.38,-0.07,0.13
2014-04-11,4.92,4.81,5.03,4.77,8117,8571474.00,5.21,-3.61,-0.18,0.21
2014-04-14,4.81,4.63,4.81,4.62,14739,15234360.00,3.95,-3.74,-0.18,0.39
2014-04-15,4.63,4.70,4.74,4.61,11871,12242588.00,2.81,1.51,0.07,0.31
2014-04-16,4.66,4.66,4.70,4.59,9991,10254009.00,2.34,-0.85,-0.04,0.26
2014-04-17,4.77,4.68,4.77,4.62,9893,10210678.00,3.22,0.43,0.02,0.26
2014-04-18,4.59,4.52,4.67,4.48,8828,8962376.00,4.06,-3.42,-0.16,0.23
2014-04-21,4.51,4.46,4.63,4.40,10185,10277828.00,5.09,-1.33,-0.06,0.27
2014-04-22,4.44,4.07,4.51,4.02,33225,32163969.00,10.99,-8.74,-0.39,0.87
2014-04-23,4.14,4.18,4.35,4.10,12671,12277171.00,6.14,2.70,0.11,0.33
2014-04-24,4.06,4.10,4.18,4.03,17214,16449506.00,3.59,-1.91,-0.08,0.45
2014-04-25,4.05,4.11,4.19,4.05,11760,11310280.00,3.41,0.24,0.01,0.31
2014-04-28,4.10,3.72,4.10,3.69,14807,13498743.00,9.98,-9.49,-0.39,0.39
2014-04-29,3.72,3.91,3.97,3.70,12001,11026077.00,7.26,5.11,0.19,0.32
2014-04-30,3.97,4.01,4.14,3.96,8646,8160598.00,4.60,2.56,0.10,0.23
2014-05-05,4.00,4.05,4.19,3.85,7341,6952985.00,8.48,1.00,0.04,0.19
2014-05-06,4.15,4.21,4.29,4.12,6656,6461274.00,4.20,3.95,0.16,0.18
2014-05-07,4.18,3.96,4.25,3.93,6644,6326562.00,7.60,-5.94,-0.25,0.17
2014-05-08,3.96,4.13,4.25,3.96,9619,9202938.00,7.32,4.29,0.17,0.25
2014-05-09,4.10,4.03,4.13,4.00,3886,3680505.00,3.15,-2.42,-0.10,0.10
2014-05-12,4.10,4.33,4.43,4.10,12139,11914701.00,8.19,7.44,0.30,0.32
2014-05-13,4.30,4.14,4.41,4.09,11270,10904151.00,7.39,-4.39,-0.19,0.30
2014-05-14,4.09,4.06,4.21,4.03,10012,9565480.00,4.35,-1.93,-0.08,0.26
2014-05-15,4.06,4.15,4.24,4.03,13237,12724291.00,5.17,2.22,0.09,0.35
2014-05-16,4.16,4.11,4.21,4.07,4591,4391490.00,3.37,-0.96,-0.04,0.12
2014-05-19,4.15,4.13,4.15,4.03,6683,6370509.00,2.92,0.49,0.02,0.18
2014-05-20,4.18,4.19,4.21,4.08,4631,4444927.00,3.15,1.45,0.06,0.12
2014-05-21,4.15,4.18,4.20,4.12,5858,5635471.00,1.91,-0.24,-0.01,0.15
2014-05-22,4.16,4.14,4.23,4.12,6916,6664759.00,2.63,-0.96,-0.04,0.18
2014-05-23,4.13,4.13,4.18,4.09,4321,4136113.00,2.17,-0.24,-0.01,0.11
2014-05-26,4.12,4.16,4.18,4.10,3806,3659732.00,1.94,0.73,0.03,0.10
2014-05-27,4.18,4.06,4.19,4.06,6669,6365373.00,3.13,-2.40,-0.10,0.18
2014-05-28,4.10,3.99,4.14,3.91,10859,10207994.00,5.67,-1.72,-0.07,0.29
2014-05-29,3.99,3.93,4.01,3.91,6172,5780519.00,2.51,-1.50,-0.06,0.16
2014-05-30,3.93,3.95,4.03,3.91,3623,3404158.00,3.05,0.51,0.02,0.10
2014-06-03,4.04,4.06,4.06,3.90,8188,7721952.00,4.05,2.78,0.11,0.22
2014-06-04,4.06,4.06,4.09,3.94,7728,7313791.00,3.69,0.00,0.00,0.20
2014-06-05,4.07,4.07,4.10,4.00,3583,3393019.00,2.46,0.25,0.01,0.09
2014-06-06,4.03,4.08,4.10,4.00,3691,3493057.00,2.46,0.25,0.01,0.10
2014-06-09,4.08,3.97,4.12,3.96,5729,5417269.00,3.92,-2.70,-0.11,0.15
2014-06-10,3.99,3.91,4.00,3.83,11702,10869026.00,4.28,-1.51,-0.06,0.31
2014-06-11,3.91,3.83,3.92,3.78,9876,9067127.00,3.58,-2.05,-0.08,0.26
2014-06-12,3.83,3.72,3.83,3.69,10594,9611497.00,3.66,-2.87,-0.11,0.28
2014-06-13,3.72,3.69,3.76,3.52,19566,17413932.00,6.45,-0.81,-0.03,0.52
2014-06-16,3.68,3.75,3.77,3.62,9933,8965519.00,4.07,1.63,0.06,0.26
2014-06-17,3.72,3.63,3.75,3.63,6185,5567442.00,3.20,-3.20,-0.12,0.16
2014-06-18,3.63,3.62,3.65,3.57,7906,7034391.00,2.20,-0.28,-0.01,0.21
2014-06-19,3.64,3.39,3.64,3.32,13062,11297479.00,8.84,-6.35,-0.23,0.34
2014-06-20,3.39,3.33,3.43,3.26,9784,8303083.00,5.01,-1.77,-0.06,0.26
2014-06-23,3.32,3.39,3.43,3.29,7179,6160208.00,4.20,1.80,0.06,0.19
2014-06-24,3.44,3.63,3.65,3.39,9972,8777743.00,7.67,7.08,0.24,0.26
2014-06-25,3.65,3.51,3.65,3.49,7720,6774933.00,4.41,-3.31,-0.12,0.20
2014-06-26,3.53,3.57,3.60,3.48,6728,5923276.00,3.42,1.71,0.06,0.18
2014-06-27,3.60,3.59,3.66,3.47,7148,6336383.00,5.32,0.56,0.02,0.19
2014-06-30,3.59,3.83,3.88,3.59,21869,19975601.00,8.08,6.69,0.24,0.58
2014-07-01,3.83,4.15,4.16,3.83,25417,24212978.00,8.62,8.36,0.32,0.67
2014-07-02,4.15,4.11,4.18,4.01,13672,13043189.00,4.10,-0.96,-0.04,0.36
2014-07-03,4.05,4.04,4.06,3.96,8453,7949741.00,2.43,-1.70,-0.07,0.22
2014-07-04,4.03,3.97,4.04,3.93,5189,4869652.00,2.72,-1.73,-0.07,0.14
2014-07-07,3.97,4.00,4.03,3.93,5910,5555204.00,2.52,0.76,0.03,0.16
2014-07-08,4.03,4.18,4.18,3.96,12986,12447899.00,5.50,4.50,0.18,0.34
2014-07-09,4.18,3.97,4.27,3.93,12056,11481199.00,8.13,-5.02,-0.21,0.32
2014-07-10,3.95,3.92,4.03,3.90,7787,7288112.00,3.27,-1.26,-0.05,0.20
2014-07-11,3.92,4.03,4.09,3.91,9370,8878612.00,4.59,2.81,0.11,0.25
2014-07-14,3.97,4.07,4.10,3.94,6704,6347539.00,3.97,0.99,0.04,0.18
2014-07-15,4.06,4.13,4.15,3.97,10390,9861102.00,4.42,1.47,0.06,0.27
2014-07-16,4.13,4.00,4.13,3.99,5837,5528492.00,3.39,-3.15,-0.13,0.15
2014-07-17,3.97,3.74,3.98,3.69,14607,13339619.00,7.25,-6.50,-0.26,0.38
2014-07-18,3.74,3.80,3.82,3.74,7187,6543284.00,2.14,1.60,0.06,0.19
2014-07-21,3.82,3.72,3.83,3.63,7610,6862521.00,5.26,-2.11,-0.08,0.20
2014-07-22,3.66,3.74,3.77,3.66,7593,6862123.00,2.96,0.54,0.02,0.20
2014-07-23,3.71,3.85,3.91,3.69,12288,11288126.00,5.88,2.94,0.11,0.32
2014-07-24,3.85,3.95,3.95,3.77,12965,11918727.00,4.68,2.60,0.10,0.34
2014-07-25,3.91,4.12,4.60,3.91,17807,17018318.00,17.47,4.30,0.17,0.47
2014-07-28,4.09,4.21,4.27,4.07,25429,24535050.00,4.85,2.18,0.09,0.67
2014-07-29,4.21,4.15,4.30,4.13,17928,17329846.00,4.04,-1.43,-0.06,0.47
2014-07-30,4.14,4.41,4.43,4.14,37148,36426984.00,6.99,6.27,0.26,0.98
2014-07-31,4.42,4.43,4.48,4.33,17108,17038632.00,3.40,0.45,0.02,0.45
2014-08-01,4.44,4.44,4.56,4.31,22748,22751137.00,5.64,0.23,0.01,0.60
2014-08-04,4.43,4.40,4.50,4.36,15836,15784953.00,3.15,-0.90,-0.04,0.42
2014-08-05,4.37,4.85,4.98,4.37,47960,49570961.00,13.86,10.23,0.45,1.26
2014-08-06,4.70,4.62,4.74,4.46,35126,35957251.00,5.77,-4.74,-0.23,0.92
2014-08-07,4.62,4.56,4.83,4.54,19509,20156704.00,6.28,-1.30,-0.06,0.51
2014-08-08,4.65,4.54,4.65,4.47,11862,11981899.00,3.95,-0.44,-0.02,0.31
2014-08-11,4.52,4.68,4.68,4.47,18023,18474283.00,4.63,3.08,0.14,0.47
2014-08-12,4.81,4.89,4.95,4.81,37773,39936267.00,2.99,4.49,0.21,0.99
2014-08-13,4.88,4.91,4.96,4.70,29488,31087561.00,5.32,0.41,0.02,0.78
2014-08-14,4.84,4.72,4.89,4.71,21471,22513597.00,3.67,-3.87,-0.19,0.57
2014-08-15,4.70,4.81,4.83,4.70,16052,16754997.00,2.75,1.91,0.09,0.42
2014-08-18,4.81,4.66,4.88,4.64,25850,26806088.00,4.99,-3.12,-0.15,0.68
2014-08-19,4.66,4.66,4.69,4.48,22659,23096535.00,4.51,0.00,0.00,0.60
2014-08-20,4.63,4.56,4.65,4.53,23269,23710177.00,2.58,-2.15,-0.10,0.61
2014-08-21,4.59,4.42,4.59,4.36,23280,23320006.00,5.04,-3.07,-0.14,0.61
2014-08-22,4.47,4.45,4.51,4.40,21053,21062294.00,2.49,0.68,0.03,0.55
2014-08-25,4.45,4.47,4.55,4.42,23765,23942189.00,2.92,0.45,0.02,0.63
2014-08-26,4.47,4.58,4.59,4.32,30525,30650630.00,6.04,2.46,0.11,0.80
2014-08-27,4.77,4.87,4.99,4.62,64261,67447176.00,8.08,6.33,0.29,1.69
2014-08-28,4.85,4.63,4.86,4.59,28949,29943468.00,5.54,-4.93,-0.24,0.76
2014-08-29,4.56,4.53,4.63,4.47,13924,14117727.00,3.46,-2.16,-0.10,0.37
2014-09-01,4.55,4.60,4.63,4.47,21105,21379954.00,3.53,1.55,0.07,0.56
2014-09-02,4.61,4.68,4.69,4.54,19948,20494456.00,3.26,1.74,0.08,0.53
2014-09-03,4.68,4.79,4.95,4.65,47506,50007889.00,6.41,2.35,0.11,1.25
2014-09-04,4.87,4.78,4.87,4.71,19239,20100940.00,3.34,-0.21,-0.01,0.51
2014-09-05,4.81,4.77,4.81,4.71,20825,21701286.00,2.09,-0.21,-0.01,0.55
2014-09-09,4.83,4.79,4.83,4.71,21134,22006839.00,2.52,0.42,0.02,0.56
2014-09-10,4.78,4.98,4.99,4.74,46663,49465778.00,5.22,3.97,0.19,1.23
2014-09-11,4.99,4.80,5.04,4.73,43520,46103298.00,6.22,-3.61,-0.18,1.15
2014-09-12,4.81,4.82,4.84,4.74,18868,19768294.00,2.08,0.42,0.02,0.50
2014-09-15,4.81,4.73,4.83,4.71,43931,45736287.00,2.49,-1.87,-0.09,1.16
2014-09-16,4.77,4.40,4.79,4.39,42223,43248943.00,8.46,-6.98,-0.33,1.11
2014-09-17,4.39,4.51,4.53,4.32,27712,27656972.00,4.77,2.50,0.11,0.73
2014-09-18,4.53,4.52,4.59,4.41,18501,18665779.00,3.99,0.22,0.01,0.49
2014-09-19,4.50,4.68,4.72,4.48,28003,28699404.00,5.31,3.54,0.16,0.74
2014-09-22,4.68,4.54,4.68,4.48,23308,23649297.00,4.27,-2.99,-0.14,0.61
2014-09-23,4.57,4.53,4.66,4.48,21469,21848098.00,3.96,-0.22,-0.01,0.57
2014-09-24,4.53,4.73,4.75,4.50,41027,42195259.00,5.52,4.42,0.20,1.08
2014-09-25,4.73,5.51,5.51,4.69,188611,209753318.00,17.34,16.49,0.78,4.97
2014-09-26,5.58,5.36,5.58,5.18,124652,141095377.00,7.26,-2.72,-0.15,3.28
2014-09-29,5.32,5.34,5.44,5.24,69719,77812750.00,3.73,-0.37,-0.02,1.84
2014-09-30,5.36,5.29,5.40,5.27,45159,50466769.00,2.43,-0.94,-0.05,1.19
2014-10-08,5.33,5.29,5.33,5.09,41991,46505655.00,4.54,0.00,0.00,1.11
2014-10-09,5.32,5.30,5.33,5.13,43795,48520751.00,3.78,0.19,0.01,1.15
2014-10-10,5.30,5.36,5.51,5.23,68182,76971989.00,5.28,1.13,0.06,1.79
2014-10-13,5.30,5.17,5.33,5.15,53019,58452890.00,3.36,-3.54,-0.19,1.40
2014-10-14,5.21,5.04,5.24,4.96,55726,60690572.00,5.42,-2.51,-0.13,1.47
2014-10-15,5.03,5.07,5.15,4.95,32161,34713570.00,3.97,0.60,0.03,0.85
2014-10-16,5.06,5.01,5.16,4.98,32062,34878079.00,3.55,-1.18,-0.06,0.84
2014-10-17,4.97,4.89,5.06,4.67,29751,31471631.00,7.78,-2.40,-0.12,0.78
2014-10-20,4.93,4.91,4.98,4.83,18385,19525833.00,3.07,0.41,0.02,0.48
2014-10-21,4.89,4.86,4.95,4.85,20620,21886557.00,2.04,-1.02,-0.05,0.54
2014-10-22,4.84,4.79,4.92,4.74,20224,21322145.00,3.70,-1.44,-0.07,0.53
2014-10-23,4.77,4.47,4.93,4.46,36204,37515364.00,9.81,-6.68,-0.32,0.95
2014-10-24,4.44,4.37,4.54,4.30,39875,39617231.00,5.37,-2.24,-0.10,1.05
2014-10-27,4.36,4.41,4.41,4.30,15685,15495763.00,2.52,0.92,0.04,0.41
2014-10-28,4.39,4.56,4.57,4.39,29326,29480881.00,4.08,3.40,0.15,0.77
2014-10-29,4.59,4.59,4.62,4.44,40868,41511991.00,3.95,0.66,0.03,1.08
2014-10-30,4.59,4.51,4.64,4.51,28081,28535219.00,2.83,-1.74,-0.08,0.74
2014-10-31,4.55,4.63,4.64,4.50,40133,40792183.00,3.10,2.66,0.12,1.06
2014-11-03,4.62,4.60,4.68,4.54,29657,30342671.00,3.02,-0.65,-0.03,0.78
2014-11-04,4.62,4.61,4.70,4.55,32186,32947834.00,3.26,0.22,0.01,0.85
2014-11-05,4.61,4.53,4.65,4.40,41810,42140498.00,5.42,-1.74,-0.08,1.10
2014-11-06,4.55,4.52,4.58,4.44,28720,28989538.00,3.09,-0.22,-0.01,0.76
2014-11-07,4.52,4.55,4.63,4.52,35084,35833892.00,2.43,0.66,0.03,0.92
2014-11-10,4.55,4.82,4.84,4.51,88151,91794978.00,7.25,5.93,0.27,2.32
2014-11-11,4.81,4.41,4.81,4.41,65556,66855448.00,8.30,-8.51,-0.41,1.73
2014-11-12,4.31,4.44,4.50,4.19,40832,40363105.00,7.03,0.68,0.03,1.07
2014-11-13,4.42,4.35,4.49,4.29,28071,27821523.00,4.50,-2.03,-0.09,0.74
2014-11-14,4.36,4.38,4.44,4.21,23545,23183892.00,5.29,0.69,0.03,0.62
2014-11-17,4.38,4.46,4.48,4.26,15260,15185254.00,5.02,1.83,0.08,0.40
2014-11-18,4.46,4.77,4.87,4.46,118344,123025449.00,9.19,6.95,0.31,3.12
2014-11-19,4.89,4.80,5.09,4.74,132938,141304653.00,7.34,0.63,0.03,3.50
2014-11-20,4.79,4.72,4.79,4.62,49336,51115582.00,3.54,-1.67,-0.08,1.30
2014-11-21,4.77,4.71,4.80,4.58,54969,56601875.00,4.66,-0.21,-0.01,1.45
2014-11-24,4.72,4.83,4.86,4.65,45643,47697269.00,4.46,2.55,0.12,1.20
2014-11-25,4.77,4.88,5.05,4.72,52150,55485126.00,6.83,1.04,0.05,1.37
2014-11-26,4.88,4.80,5.00,4.77,45150,47992800.00,4.71,-1.64,-0.08,1.19
2014-11-27,4.78,4.92,5.03,4.74,71412,76275728.00,6.04,2.50,0.12,1.88
2014-11-28,4.86,5.24,5.39,4.86,138362,151689335.00,10.77,6.50,0.32,3.64
2014-12-01,5.29,5.04,5.29,4.98,82033,89193467.00,5.92,-3.82,-0.20,2.16
2014-12-02,5.08,5.12,5.33,5.03,93538,102983032.00,5.95,1.59,0.08,2.46
2014-12-03,5.12,5.15,5.23,4.93,94202,102191164.00,5.86,0.59,0.03,2.48
2014-12-04,5.28,5.06,5.33,4.98,119809,131561396.00,6.80,-1.75,-0.09,3.15
2014-12-05,5.04,4.77,5.06,4.44,122350,127735723.00,12.25,-5.73,-0.29,3.22
2014-12-08,4.70,4.55,4.77,4.44,123834,125147458.00,6.92,-4.61,-0.22,3.26
2014-12-09,4.55,4.06,4.55,4.05,109426,106628367.00,10.99,-10.77,-0.49,2.88
2014-12-10,3.99,4.17,4.22,3.88,68693,64878371.00,8.37,2.71,0.11,1.81
2014-12-11,4.21,4.33,4.38,4.12,46083,45083399.00,6.24,3.84,0.16,1.21
2014-12-12,4.33,4.30,4.39,4.21,41710,40864149.00,4.16,-0.69,-0.03,1.10
2014-12-15,3.91,4.05,4.09,3.57,187909,171673002.00,12.09,-5.81,-0.25,4.95
2014-12-16,3.97,3.91,3.99,3.84,88533,82156544.00,3.70,-3.46,-0.14,2.33
2014-12-17,3.91,4.00,4.08,3.79,90219,84550021.00,7.42,2.30,0.09,2.38
2014-12-18,4.00,4.34,4.56,3.93,135167,132626085.00,15.75,8.50,0.34,3.56
2014-12-19,4.34,4.34,4.50,4.22,80719,79785648.00,6.45,0.00,0.00,2.12
2014-12-22,4.35,4.45,4.56,4.01,93417,91970239.00,12.67,2.53,0.11,2.46
2014-12-23,4.40,4.81,5.01,4.30,130202,135802870.00,15.96,8.09,0.36,3.43
2014-12-24,5.02,4.89,5.13,4.81,85594,91926116.00,6.65,1.66,0.08,2.25
2014-12-25,4.77,4.88,4.92,4.68,43595,45889925.00,4.91,-0.20,-0.01,1.15
2014-12-26,4.88,4.90,5.10,4.72,59939,63753695.00,7.79,0.41,0.02,1.58
2014-12-29,4.95,4.98,5.00,4.61,60563,63301537.00,7.96,1.63,0.08,1.59
2014-12-30,4.94,4.73,4.98,4.73,31235,32967402.00,5.02,-5.02,-0.25,0.82
2014-12-31,4.71,4.86,4.89,4.52,51807,53728878.00,7.82,2.75,0.13,1.36