2022-01-04,16.00,16.45,16.48,15.94,46554,81823161.00,3.37,2.75,0.44,0.89
2022-01-05,16.45,16.43,16.56,16.22,28556,50554716.00,2.07,-0.12,-0.02,0.55
2022-01-06,16.36,16.28,16.55,16.27,18352,32412524.00,1.70,-0.91,-0.15,0.35
2022-01-07,16.20,16.18,16.43,16.16,15861,27959722.00,1.66,-0.61,-0.10,0.30
2022-01-10,16.17,16.77,16.95,16.13,44299,79290453.00,5.07,3.65,0.59,0.85
2022-01-11,16.82,16.47,16.82,16.40,26350,47015252.00,2.50,-1.79,-0.30,0.50
2022-01-12,16.47,16.59,16.62,16.32,13890,24673900.00,1.82,0.73,0.12,0.27
2022-01-13,16.59,16.24,16.64,16.23,19548,34590990.00,2.47,-2.11,-0.35,0.37
2022-01-14,16.24,16.06,16.53,15.96,21172,37105075.00,3.51,-1.11,-0.18,0.40
2022-01-17,15.98,16.12,16.15,15.90,16559,28689174.00,1.56,0.37,0.06,0.32
2022-01-18,16.05,16.16,16.20,15.95,14154,24604989.00,1.55,0.25,0.04,0.27
2022-01-19,16.16,16.06,16.29,15.97,13216,23032051.00,1.98,-0.62,-0.10,0.25
2022-01-20,16.06,16.53,16.61,15.99,38043,67221608.00,3.86,2.93,0.47,0.73
2022-01-21,16.53,16.64,17.02,16.33,40731,73237407.00,4.17,0.67,0.11,0.78
2022-01-24,16.70,18.43,18.43,16.61,86561,166640036.00,10.94,10.76,1.79,1.65
2022-01-25,18.43,18.71,20.20,17.92,129984,261955007.00,12.37,1.52,0.28,2.48
2022-01-26,18.65,18.55,18.99,17.65,79551,155314047.00,7.16,-0.86,-0.16,1.52
2022-01-27,18.29,17.67,18.86,17.52,59707,116663762.00,7.22,-4.74,-0.88,1.14
2022-01-28,17.70,18.32,18.63,17.63,54346,106056879.00,5.66,3.68,0.65,1.04
2022-02-07,18.18,19.35,19.36,17.75,74208,149004327.00,8.79,5.62,1.03,1.42
2022-02-08,18.96,19.70,20.12,18.81,57380,119057246.00,6.77,1.81,0.35,1.10
2022-02-09,19.95,19.76,20.21,19.17,62347,132031513.00,5.28,0.30,0.06,1.19
2022-02-10,19.67,21.53,21.87,19.35,111227,252397521.00,12.75,8.96,1.77,2.13
2022-02-11,20.76,21.03,21.71,20.58,59564,132895422.00,5.25,-2.32,-0.50,1.14
2022-02-14,20.61,20.92,21.50,20.23,56993,125844718.00,6.04,-0.52,-0.11,1.09
2022-02-15,21.14,21.15,21.38,20.69,37818,84722022.00,3.30,1.10,0.23,0.72
2022-02-16,21.20,20.86,21.28,20.23,43975,97104859.00,4.96,-1.37,-0.29,0.84
2022-02-17,20.87,20.90,21.38,20.47,40569,89934566.00,4.36,0.19,0.04,0.78
2022-02-18,20.91,20.73,21.29,20.51,39426,87198013.00,3.73,-0.81,-0.17,0.75
2022-02-21,20.70,20.50,20.88,20.27,44450,96824682.00,2.94,-1.11,-0.23,0.85
2022-02-22,20.50,20.29,20.56,19.74,39458,84567504.00,4.00,-1.02,-0.21,0.75
2022-02-23,20.55,19.99,21.20,19.79,29823,64523312.00,6.95,-1.48,-0.30,0.57
2022-02-24,19.97,20.02,20.98,19.50,50116,107231582.00,7.40,0.15,0.03,0.96
2022-02-25,19.97,19.97,20.35,19.62,26887,57187839.00,3.65,-0.25,-0.05,0.51
2022-02-28,20.02,20.40,20.87,19.81,34555,74636927.00,5.31,2.15,0.43,0.66
2022-03-01,20.70,20.46,20.75,19.97,28334,61501520.00,3.82,0.29,0.06,0.54
2022-03-02,20.39,19.89,20.52,19.73,27260,57975814.00,3.86,-2.79,-0.57,0.52
2022-03-03,19.86,20.00,20.03,19.73,16417,34818584.00,1.51,0.55,0.11,0.31
2022-03-04,19.94,19.83,20.24,19.65,19708,41736038.00,2.95,-0.85,-0.17,0.38
2022-03-07,19.88,19.49,20.00,19.33,16812,35043709.00,3.38,-1.71,-0.34,0.32
2022-03-08,19.33,19.06,19.75,18.80,21295,43831137.00,4.87,-2.21,-0.43,0.41
2022-03-09,18.94,18.45,19.25,17.77,30216,59718718.00,7.76,-3.20,-0.61,0.58
2022-03-10,18.85,19.03,19.35,18.55,21364,43476896.00,4.34,3.14,0.58,0.41
2022-03-11,19.01,19.08,19.60,18.51,24880,50557811.00,5.73,0.26,0.05,0.48
2022-03-14,19.31,18.99,19.60,18.90,26558,54349210.00,3.67,-0.47,-0.09,0.51
2022-03-15,18.96,19.17,19.97,18.66,49979,103297697.00,6.90,0.95,0.18,0.96
2022-03-16,19.41,18.52,19.56,17.71,47624,94334670.00,9.65,-3.39,-0.65,0.91
2022-03-17,18.90,18.35,19.09,17.92,37618,74419575.00,6.32,-0.92,-0.17,0.72
2022-03-18,18.24,18.52,18.59,18.00,21270,41737581.00,3.22,0.93,0.17,0.41
2022-03-21,18.40,19.15,19.38,18.40,25609,52109615.00,5.29,3.40,0.63,0.49
2022-03-22,19.15,21.18,21.20,18.81,100604,222523874.00,12.48,10.60,2.03,1.92
2022-03-23,20.20,20.13,20.90,19.84,89142,192212612.00,5.00,-4.96,-1.05,1.70
2022-03-24,20.14,21.00,21.45,20.14,54866,122797032.00,6.51,4.32,0.87,1.05
2022-03-25,21.07,21.54,21.88,20.59,55337,125263285.00,6.14,2.57,0.54,1.06
2022-03-28,21.35,21.77,22.21,20.50,57648,130025806.00,7.94,1.07,0.23,1.10
2022-03-29,21.50,21.70,22.48,21.10,52561,121921839.00,6.34,-0.32,-0.07,1.00
2022-03-30,21.92,21.22,22.00,21.01,38912,88191378.00,4.56,-2.21,-0.48,0.74
2022-03-31,21.16,20.92,21.38,20.61,36421,80826497.00,3.63,-1.41,-0.30,0.70
2022-04-01,20.92,21.83,22.34,20.84,49987,115128377.00,7.17,4.35,0.91,0.96
2022-04-06,22.13,22.53,22.98,21.80,55495,131759694.00,5.41,3.21,0.70,1.06
2022-04-07,22.54,21.90,23.01,21.76,30061,70630437.00,5.55,-2.80,-0.63,0.57
2022-04-08,21.89,22.09,22.43,21.10,35973,83049516.00,6.07,0.87,0.19,0.69
2022-04-11,21.88,22.16,22.87,21.63,43730,103682809.00,5.61,0.32,0.07,0.84
2022-04-12,22.02,22.69,22.72,21.58,40043,94662880.00,5.14,2.39,0.53,0.77
2022-04-13,22.68,22.21,22.90,21.87,33843,79978235.00,4.54,-2.12,-0.48,0.65
2022-04-14,22.35,22.85,23.14,22.11,31272,75086132.00,4.64,2.88,0.64,0.60
2022-04-15,23.27,23.97,25.00,22.87,62847,159181856.00,9.32,4.90,1.12,1.20
2022-04-18,23.75,24.61,24.69,23.28,47358,120973721.00,5.88,2.67,0.64,0.91
2022-04-19,24.63,24.02,25.41,23.81,56052,145451089.00,6.50,-2.40,-0.59,1.07
2022-04-20,23.83,24.03,24.40,23.52,36107,91351510.00,3.66,0.04,0.01,0.69
2022-04-21,23.77,22.93,23.96,22.60,44413,103455478.00,5.66,-4.58,-1.10,0.85
2022-04-22,22.70,21.50,22.90,21.40,44318,97274391.00,6.54,-6.24,-1.43,0.85
2022-04-25,21.23,19.70,21.29,19.35,42366,85816335.00,9.02,-8.37,-1.80,0.81
2022-04-26,19.64,18.65,20.09,18.55,37045,70527590.00,7.82,-5.33,-1.05,0.71
2022-04-27,17.69,19.15,19.25,17.62,37613,69730937.00,8.74,2.68,0.50,0.72
2022-04-28,18.97,18.40,19.27,18.10,20563,38228936.00,6.11,-3.92,-0.75,0.39
2022-04-29,18.55,18.45,18.66,18.04,26759,49148563.00,3.37,0.27,0.05,0.51
2022-05-05,18.44,19.50,19.75,18.25,32419,62405920.00,8.13,5.69,1.05,0.62
2022-05-06,19.22,19.06,19.30,18.76,25046,47443493.00,2.77,-2.26,-0.44,0.48
2022-05-09,18.85,19.44,19.75,18.85,23755,46158496.00,4.72,1.99,0.38,0.45
2022-05-10,19.28,19.30,19.44,18.98,21062,40403659.00,2.37,-0.72,-0.14,0.40
2022-05-11,19.30,19.09,19.68,19.01,27719,53549157.00,3.47,-1.09,-0.21,0.53
2022-05-12,19.00,19.19,19.50,18.50,12878,24663084.00,5.24,0.52,0.10,0.25
2022-05-13,19.37,19.60,19.86,19.02,19562,38100583.00,4.38,2.14,0.41,0.37
2022-05-16,19.84,20.33,20.76,19.30,45091,90554126.00,7.45,3.72,0.73,0.86
2022-05-17,20.33,19.10,20.80,18.55,71078,138481605.00,11.07,-6.05,-1.23,1.36
2022-05-18,18.90,18.65,19.18,18.54,28966,54387449.00,3.35,-2.36,-0.45,0.55
2022-05-19,18.45,18.44,18.49,18.00,24874,45393076.00,2.63,-1.13,-0.21,0.48
2022-05-20,18.47,18.45,18.80,18.30,24108,44496434.00,2.71,0.05,0.01,0.46
2022-05-23,18.43,18.63,18.90,18.30,28566,53006534.00,3.25,0.98,0.18,0.55
2022-05-24,18.63,17.66,18.66,17.64,29543,53382487.00,5.48,-5.21,-0.97,0.56
2022-05-25,17.65,18.19,18.19,17.51,23888,43035991.00,3.85,3.00,0.53,0.46
2022-05-26,18.19,18.06,18.28,17.74,15966,28761588.00,2.97,-0.71,-0.13,0.31
2022-05-27,18.07,17.94,18.15,17.85,13957,25109581.00,1.66,-0.66,-0.12,0.27
2022-05-30,17.93,17.72,18.45,17.55,27063,48398135.00,5.02,-1.23,-0.22,0.52
2022-05-31,17.73,17.78,18.11,17.61,30074,53461971.00,2.82,0.34,0.06,0.57
2022-06-01,17.67,17.90,18.08,17.60,22500,40239691.00,2.70,0.67,0.12,0.43
2022-06-02,17.90,17.70,17.90,17.44,13503,23919143.00,2.57,-1.12,-0.20,0.26
2022-06-06,17.74,17.52,17.77,17.47,32101,56349002.00,1.69,-1.02,-0.18,0.61
2022-06-07,17.60,17.60,17.75,17.48,25561,45001453.00,1.54,0.46,0.08,0.49
2022-06-08,17.60,17.71,17.73,17.00,35274,61474125.00,4.15,0.63,0.11,0.67
2022-06-09,17.67,17.39,17.96,17.27,43214,75931324.00,3.90,-1.81,-0.32,0.83
2022-06-10,17.36,17.23,17.42,17.12,26248,45193970.00,1.73,-0.92,-0.16,0.50
2022-06-13,17.22,17.86,18.38,17.12,56650,101258468.00,7.31,3.66,0.63,1.08
2022-06-14,17.74,18.02,18.28,17.62,45750,82216262.00,3.70,0.90,0.16,0.87
2022-06-15,17.90,18.22,18.93,17.89,48505,89542960.00,5.77,1.11,0.20,0.93
2022-06-16,18.17,18.79,19.20,18.06,62012,115867955.00,6.26,3.13,0.57,1.19
2022-06-17,18.67,18.96,19.52,18.50,53031,99915758.00,5.43,0.90,0.17,1.01
2022-06-20,18.96,18.83,19.14,18.58,34316,64521764.00,2.95,-0.69,-0.13,0.66
2022-06-21,18.90,18.62,19.10,18.41,34690,65053275.00,3.66,-1.12,-0.21,0.66
2022-06-22,18.85,18.75,19.25,18.38,70072,132147471.00,4.67,0.70,0.13,1.34
2022-06-23,18.70,19.02,19.25,18.62,34173,64795903.00,3.36,1.44,0.27,0.65
2022-06-24,19.00,18.95,19.29,18.85,28170,53709573.00,2.31,-0.37,-0.07,0.54
2022-06-27,19.00,19.30,19.35,18.75,31427,60214806.00,3.17,1.85,0.35,0.60
2022-06-28,19.24,19.19,19.70,18.96,39374,75844323.00,3.83,-0.57,-0.11,0.75
2022-06-29,19.16,18.53,19.29,18.45,35484,66317057.00,4.38,-3.44,-0.66,0.68
2022-06-30,18.70,18.57,18.75,18.38,24167,44944891.00,2.00,0.22,0.04,0.46
2022-07-01,18.60,18.47,18.88,18.40,18919,35115661.00,2.58,-0.54,-0.10,0.36
2022-07-04,18.59,19.92,19.93,18.59,69288,134475992.00,7.26,7.85,1.45,1.32
2022-07-05,19.84,17.94,19.84,17.93,190613,350029808.00,9.59,-9.94,-1.98,3.64
2022-07-06,17.69,16.95,17.69,16.50,118746,201535335.00,6.63,-5.52,-0.99,2.27
2022-07-07,16.95,17.63,18.06,16.90,72326,126654609.00,6.84,4.01,0.68,1.38
2022-07-08,17.56,17.29,17.75,17.15,44622,77642409.00,3.40,-1.93,-0.34,0.85
2022-07-11,17.46,17.95,18.07,17.34,57993,103173550.00,4.22,3.82,0.66,1.11
2022-07-12,17.96,19.39,19.75,17.96,178693,347770348.05,9.97,8.02,1.44,3.42
2022-07-13,18.96,19.67,20.35,18.80,156321,306084917.02,7.99,1.44,0.28,2.99
2022-07-14,19.75,19.65,20.05,19.21,77383,152324048.14,4.27,-0.10,-0.02,1.48
2022-07-15,19.64,19.01,19.64,18.89,56941,109263774.12,3.82,-3.26,-0.64,1.09
2022-07-18,19.01,18.95,19.20,18.40,47309,88859668.94,4.21,-0.32,-0.06,0.90
2022-07-19,18.91,19.43,19.66,18.67,60202,115426575.20,5.22,2.53,0.48,1.15
2022-07-20,19.48,19.66,20.23,19.31,86390,171212528.32,4.73,1.18,0.23,1.65
2022-07-21,19.69,20.36,21.24,19.50,94417,192855251.82,8.85,3.56,0.70,1.80
2022-07-22,20.46,20.06,20.70,19.83,46878,94428094.08,4.27,-1.47,-0.30,0.90
2022-07-25,20.10,20.30,20.68,19.89,47370,96380384.02,3.94,1.20,0.24,0.91
2022-07-26,20.33,20.36,20.65,20.15,32110,65480027.81,2.46,0.30,0.06,0.61
2022-07-27,20.26,20.79,20.92,20.14,51472,106416336.35,3.83,2.11,0.43,0.98
2022-07-28,20.87,20.54,21.70,20.39,62626,131539112.23,6.30,-1.20,-0.25,1.20
2022-07-29,20.54,20.50,20.88,20.16,39781,81761208.60,3.51,-0.19,-0.04,0.76
2022-08-01,20.92,20.34,20.99,20.21,44989,92135509.34,3.80,-0.78,-0.16,0.86
2022-08-02,20.00,19.35,20.00,19.00,67643,131862301.49,4.92,-4.87,-0.99,1.29
2022-08-03,19.24,19.39,20.19,19.00,54020,105326864.95,6.15,0.21,0.04,1.03
2022-08-04,19.66,19.36,19.66,19.03,33990,65651616.50,3.25,-0.15,-0.03,0.65
2022-08-05,19.16,19.19,19.50,18.96,29173,55908783.40,2.79,-0.88,-0.17,0.56
2022-08-08,19.21,18.93,19.40,18.30,68701,129050382.36,5.73,-1.35,-0.26,1.31
2022-08-09,18.99,18.30,18.99,18.21,34323,63356067.60,4.12,-3.33,-0.63,0.66
2022-08-10,18.30,18.35,18.48,17.96,36185,65940997.49,2.84,0.27,0.05,0.69
2022-08-11,18.45,18.38,18.51,18.00,22418,41184987.90,2.78,0.16,0.03,0.43
2022-08-12,18.37,18.10,18.39,18.08,21647,39429496.80,1.69,-1.52,-0.28,0.41
2022-08-15,18.25,18.16,18.44,17.80,33000,59574496.30,3.54,0.33,0.06,0.63
2022-08-16,18.24,18.96,19.06,18.17,59680,111490131.70,4.90,4.41,0.80,1.14
2022-08-17,18.97,19.35,19.74,18.90,57638,111664813.60,4.43,2.06,0.39,1.10
2022-08-18,19.38,19.14,19.49,19.10,26208,50438196.48,2.02,-1.09,-0.21,0.50
2022-08-19,19.14,19.55,20.05,19.10,48641,95643945.67,4.96,2.14,0.41,0.93
2022-08-22,19.56,18.90,19.89,18.83,66202,127239473.90,5.42,-3.32,-0.65,1.27
2022-08-23,18.90,19.19,19.31,18.67,33490,64001165.58,3.39,1.53,0.29,0.64
2022-08-24,19.26,18.82,19.48,18.73,44217,84206953.26,3.91,-1.93,-0.37,0.85
2022-08-25,18.88,18.42,19.03,18.21,45060,83483959.68,4.36,-2.13,-0.40,0.86
2022-08-26,18.56,18.86,19.10,18.47,39694,74566998.52,3.42,2.39,0.44,0.76
2022-08-29,18.93,18.70,19.40,18.37,51745,97297667.34,5.46,-0.85,-0.16,0.99
2022-08-30,18.60,18.50,18.78,18.36,33135,61501464.90,2.25,-1.07,-0.20,0.63
2022-08-31,18.40,18.04,18.63,18.00,33361,60830276.99,3.41,-2.49,-0.46,0.64
2022-09-01,18.05,17.96,18.48,17.83,30754,55751446.88,3.60,-0.44,-0.08,0.59
2022-09-02,18.09,17.97,18.17,17.69,24363,43623323.63,2.67,0.06,0.01,0.47
2022-09-05,17.90,18.10,18.19,17.80,25208,45380965.35,2.17,0.72,0.13,0.48
2022-09-06,18.21,18.45,18.50,18.02,31508,57660431.37,2.65,1.93,0.35,0.60
2022-09-07,18.42,18.20,18.47,18.15,21220,38823492.80,1.73,-1.36,-0.25,0.41
2022-09-08,18.29,17.60,18.31,17.58,27848,49684449.09,4.01,-3.30,-0.60,0.53
2022-09-09,17.63,17.60,17.72,17.00,31578,54640981.50,4.09,0.00,0.00,0.60
2022-09-13,17.80,18.03,18.35,17.77,42792,77446284.30,3.30,2.44,0.43,0.82
2022-09-14,17.75,18.23,18.45,17.60,32914,59745263.83,4.71,1.11,0.20,0.63
2022-09-15,18.25,17.64,18.26,17.51,35285,63034209.90,4.11,-3.24,-0.59,0.67
2022-09-16,17.80,16.80,17.85,16.80,50397,86633178.82,5.95,-4.76,-0.84,0.96
2022-09-19,16.79,16.90,16.98,16.55,27258,45761966.83,2.56,0.60,0.10,0.52
2022-09-20,17.02,17.02,17.35,16.81,27849,47620449.47,3.20,0.71,0.12,0.53
2022-09-21,17.01,16.86,17.01,16.61,20434,34338965.47,2.35,-0.94,-0.16,0.39
2022-09-22,16.68,16.82,17.10,16.68,15948,26940870.40,2.49,-0.24,-0.04,0.30
2022-09-23,16.85,16.38,17.00,16.20,21273,35149469.92,4.76,-2.62,-0.44,0.41
2022-09-26,16.22,15.74,16.44,15.69,32665,52197883.35,4.58,-3.91,-0.64,0.62
2022-09-27,15.74,16.06,16.12,15.52,22936,36230757.59,3.81,2.03,0.32,0.44
2022-09-28,15.96,16.00,16.71,15.80,36031,58827560.60,5.67,-0.37,-0.06,0.69
2022-09-29,16.15,15.55,16.26,15.47,29372,46308450.91,4.94,-2.81,-0.45,0.56
2022-09-30,15.52,15.79,15.87,15.48,20656,32464149.76,2.51,1.54,0.24,0.39
2022-10-10,16.13,16.10,16.58,16.01,43807,71132172.81,3.61,1.96,0.31,0.84
2022-10-11,16.15,16.45,16.85,15.92,47497,78105549.22,5.78,2.17,0.35,0.91
2022-10-12,16.53,16.79,16.80,16.13,40452,67052065.72,4.07,2.07,0.34,0.77
2022-10-13,16.68,17.06,17.35,16.50,47101,80250438.66,5.06,1.61,0.27,0.90
2022-10-14,17.20,17.13,17.39,17.00,38904,66644583.90,2.29,0.41,0.07,0.74
2022-10-17,17.19,17.55,17.66,16.91,42145,72988524.62,4.38,2.45,0.42,0.81
2022-10-18,17.69,17.48,17.89,17.41,35058,61736756.90,2.74,-0.40,-0.07,0.67
2022-10-19,17.48,17.25,17.67,17.18,31404,54412161.79,2.80,-1.32,-0.23,0.60
2022-10-20,17.03,17.03,17.36,16.87,39976,68251409.64,2.84,-1.28,-0.22,0.76
2022-10-21,17.46,16.95,17.46,16.94,20929,35789965.34,3.05,-0.47,-0.08,0.40
2022-10-24,17.01,16.45,17.18,16.44,40430,68012922.32,4.37,-2.95,-0.50,0.77
2022-10-25,16.55,16.15,16.69,15.84,36288,58523096.34,5.17,-1.82,-0.30,0.69
2022-10-26,16.25,16.23,16.38,15.95,35718,57852647.53,2.66,0.50,0.08,0.68
2022-10-27,16.12,16.50,16.74,16.09,39539,64689206.88,4.00,1.66,0.27,0.76
2022-10-28,16.47,16.04,16.47,15.99,27032,43556176.74,2.91,-2.79,-0.46,0.52
2022-10-31,15.90,16.71,16.84,15.90,47670,79217159.50,5.86,4.18,0.67,0.91
2022-11-01,16.74,17.23,17.30,16.74,42628,73291328.77,3.35,3.11,0.52,0.81
2022-11-02,17.23,17.06,17.28,16.68,37600,64135924.88,3.48,-0.99,-0.17,0.72
2022-11-03,16.94,17.16,17.23,16.83,23601,40162316.38,2.34,0.59,0.10,0.45
2022-11-04,17.15,17.28,17.60,17.02,34850,60310668.92,3.38,0.70,0.12,0.67
2022-11-07,17.22,17.29,17.43,17.07,32284,55840548.32,2.08,0.06,0.01,0.62
2022-11-08,17.50,17.20,17.50,17.05,27209,46794326.00,2.60,-0.52,-0.09,0.52
2022-11-09,17.33,17.25,17.35,17.09,23796,41067754.50,1.51,0.29,0.05,0.45
2022-11-10,17.14,17.94,17.98,17.09,45900,81090012.86,5.16,4.00,0.69,0.88
2022-11-11,18.05,18.29,18.55,17.99,51515,94462552.80,3.12,1.95,0.35,0.98
2022-11-14,18.37,18.38,18.54,18.07,36622,67134284.15,2.57,0.49,0.09,0.70
2022-11-15,18.54,18.29,18.60,18.20,31416,57487430.52,2.18,-0.49,-0.09,0.60
2022-11-16,18.31,18.30,18.55,18.16,20453,37557321.16,2.13,0.05,0.01,0.39
2022-11-17,18.20,18.57,18.76,18.08,23629,43708523.31,3.72,1.48,0.27,0.45
2022-11-18,18.80,18.46,18.85,18.36,22922,42432869.43,2.64,-0.59,-0.11,0.44
2022-11-21,18.43,18.41,18.55,18.03,24182,44429113.24,2.82,-0.27,-0.05,0.46
2022-11-22,18.33,18.19,18.55,18.19,20094,36770908.55,1.96,-1.20,-0.22,0.38
2022-11-23,18.38,18.16,18.38,18.00,17153,31179426.86,2.09,-0.16,-0.03,0.33
2022-11-24,18.10,18.28,18.45,18.10,15064,27547740.84,1.93,0.66,0.12,0.29
2022-11-25,18.20,18.47,18.59,18.17,19474,35886043.06,2.30,1.04,0.19,0.37
2022-11-28,18.20,18.27,18.38,17.80,26759,48468497.12,3.14,-1.08,-0.20,0.51
2022-11-29,18.50,18.49,18.76,18.30,29399,54392323.37,2.52,1.20,0.22,0.56
2022-11-30,18.46,18.36,18.68,18.25,29584,54526324.52,2.33,-0.70,-0.13,0.57
2022-12-01,18.44,18.48,18.67,18.31,27027,50154503.23,1.96,0.65,0.12,0.52
2022-12-02,18.50,18.54,18.68,18.34,18960,35106155.68,1.84,0.32,0.06,0.36
2022-12-05,18.54,18.70,19.08,18.52,31100,58330036.36,3.02,0.86,0.16,0.59
2022-12-06,18.70,18.58,18.77,18.56,20712,38582942.96,1.12,-0.64,-0.12,0.40
2022-12-07,18.70,18.55,18.92,18.33,24172,44929201.90,3.18,-0.16,-0.03,0.46
2022-12-08,18.54,18.15,18.54,18.05,24873,45463697.70,2.64,-2.16,-0.40,0.48
2022-12-09,18.13,18.52,18.64,17.90,31601,58003979.88,4.08,2.04,0.37,0.60
2022-12-12,18.40,18.06,18.60,18.01,18324,33312076.40,3.19,-2.48,-0.46,0.35
2022-12-13,18.00,18.40,18.50,17.98,16644,30452039.00,2.88,1.88,0.34,0.32
2022-12-14,18.49,18.38,18.63,18.10,18654,34202794.65,2.88,-0.11,-0.02,0.36
2022-12-15,18.42,18.27,18.49,18.02,16788,30655060.38,2.56,-0.60,-0.11,0.32
2022-12-16,18.27,18.37,18.40,18.11,18153,33161804.87,1.59,0.55,0.10,0.35
2022-12-19,18.35,17.77,18.39,17.71,22291,39992131.32,3.70,-3.27,-0.60,0.43
2022-12-20,17.77,17.56,17.85,17.46,19370,34078060.10,2.19,-1.18,-0.21,0.37
2022-12-21,17.39,17.55,17.79,17.20,19269,33731390.74,3.36,-0.06,-0.01,0.37
2022-12-22,17.75,17.36,17.89,17.31,14068,24771810.86,3.30,-1.08,-0.19,0.27
2022-12-23,17.50,17.48,17.50,17.10,12367,21462701.83,2.30,0.69,0.12,0.24
2022-12-26,17.49,17.42,17.74,17.26,15951,27955014.68,2.75,-0.34,-0.06,0.30
2022-12-27,17.29,17.60,17.65,17.22,14668,25655068.72,2.47,1.03,0.18,0.28
2022-12-28,17.85,17.16,17.85,17.13,17917,30967531.39,4.09,-2.50,-0.44,0.34
2022-12-29,17.10,17.14,17.30,16.99,12658,21682685.78,1.81,-0.12,-0.02,0.24
2022-12-30,17.09,17.85,17.95,17.05,25333,44800003.78,5.25,4.14,0.71,0.48